DHL	0	0	35	85	6	20	67	83	35	0	26	19068500	1810	2357	1241	2216	9263	7013	7501	5032	
DHL	-20	-20	34	81	4	19	58	78	33	0	19	17769387	1810	2357	1241	2216	9263	7013	7501	5032	
DHL	-40	-40	34	81	4	19	56	75	34	0	17	17684181	1810	2357	1241	2216	9263	7013	7501	5032	
DHL	-60	-60	32	81	4	19	55	77	36	0	16	17608214	1810	2357	1241	2216	9263	7013	7501	5032	
DHL	-80	-80	33	81	4	18	55	70	36	0	18	17541151	1810	2357	1241	2216	9263	7013	7501	5032	
DHL	-100	-100	34	73	4	19	54	71	36	0	22	17482201	1810	2357	1241	2216	9263	7013	7501	5032	
DHL	-120	-120	34	71	4	17	56	68	38	0	23	17431785	1810	2357	1241	2216	9263	7013	7501	5032	
DHL	-140	-140	35	64	4	17	59	67	41	0	23	17389548	1810	2357	1241	2216	9263	7013	7501	5032	
DHL	-160	-160	33	61	5	16	57	63	42	0	25	17354772	1810	2357	1241	2216	9263	7013	7501	5032	
DHL	-180	-180	34	63	5	15	57	61	41	0	24	17324855	1810	2357	1241	2216	9263	7013	7501	5032	
DHL	-200	-200	31	69	5	17	58	62	46	0	23	17299388	1810	2357	1241	2216	9263	7013	7501	5032	
DHL	-220	-220	30	71	5	17	54	64	47	0	22	17277390	1810	2357	1241	2216	9263	7013	7501	5032	
DHL	-240	-240	27	74	7	18	54	64	49	0	24	17258807	1810	2357	1241	2216	9263	7013	7501	5032	
DHL	-260	-260	27	71	7	21	52	63	52	0	23	17243780	1810	2357	1241	2216	9263	7013	7501	5032	
DHL	-280	-280	26	68	8	21	50	62	52	0	23	17237292	1810	2357	1241	2216	9263	7013	7501	5032	
DHL	-300	-300	24	69	7	21	51	64	52	0	24	17244664	1810	2357	1241	2216	9263	7013	7501	5032	
DHL	-320	-320	23	66	7	20	53	66	53	0	23	17267106	1810	2357	1241	2216	9263	7013	7501	5032	
DHL	-340	-340	25	68	7	23	57	66	50	0	22	17301554	1810	2357	1241	2216	9263	7013	7501	5032	
DHL	-360	-360	25	65	7	21	60	68	53	0	22	17344028	1810	2357	1241	2216	9263	7013	7501	5032	
DHL	-380	-380	24	72	7	23	64	70	54	0	22	17392058	1810	2357	1241	2216	9263	7013	7501	5032	
DHL	-400	-400	24	73	6	25	66	71	56	0	22	17444208	1810	2357	1241	2216	9263	7013	7501	5032	
DHL	-420	-420	27	72	6	26	67	70	57	0	22	17499929	1810	2357	1241	2216	9263	7013	7501	5032	
DHL	-440	-440	27	72	7	26	68	69	56	0	22	17558054	1810	2357	1241	2216	9263	7013	7501	5032	
DHL	-460	-460	29	71	8	25	71	67	56	0	22	17617970	1810	2357	1241	2216	9263	7013	7501	5032	
DHL	-480	-480	29	75	8	27	73	68	58	0	22	17678873	1810	2357	1241	2216	9263	7013	7501	5032	
DHL	-500	-500	30	76	8	26	74	68	57	0	22	17739817	1810	2357	1241	2216	9263	7013	7501	5032	
DHL	-520	-520	30	77	8	25	77	65	60	0	20	17799323	1810	2357	1241	2216	9263	7013	7501	5032	
DHL	-540	-540	30	75	8	26	77	61	58	0	24	17855369	1810	2357	1241	2216	9263	7013	7501	5032	
DHL	-560	-560	31	73	9	27	75	61	56	0	24	17905883	1810	2357	1241	2216	9263	7013	7501	5032	
DHL	-580	-580	30	72	10	31	73	62	55	0	22	17950280	1810	2357	1241	2216	9263	7013	7501	5032	
DHL	-600	-600	28	70	10	29	74	62	55	0	20	17988499	1810	2357	1241	2216	9263	7013	7501	5032	
DHL	-620	-620	27	71	10	29	69	63	55	0	20	18019678	1810	2357	1241	2216	9263	7013	7501	5032	
DHL	-640	-640	27	69	10	30	64	65	53	0	19	18045019	1810	2357	1241	2216	9263	7013	7501	5032	
DHL	-660	-660	29	69	9	29	68	68	50	0	17	18064771	1810	2357	1241	2216	9263	7013	7501	5032	
DHL	-680	-680	29	69	9	29	71	71	55	0	19	18080630	1810	2357	1241	2216	9263	7013	7501	5032	
DHL	-700	-700	30	66	10	28	67	70	50	0	18	18093191	1810	2357	1241	2216	9263	7013	7501	5032	
DHL	-720	-720	31	65	12	26	69	69	51	0	20	18103339	1810	2357	1241	2216	9263	7013	7501	5032	
DHL	-740	-740	31	62	12	24	69	74	50	0	19	18111068	1810	2357	1241	2216	9263	7013	7501	5032	
DHL	-760	-760	30	57	12	21	70	75	49	0	18	18116860	1810	2357	1241	2216	9263	7013	7501	5032	
DHL	-780	-780	29	56	11	23	67	73	48	0	20	18120989	1810	2357	1241	2216	9263	7013	7501	5032	
DHL	-800	-800	29	56	10	23	65	72	49	0	20	18123388	1810	2357	1241	2216	9263	7013	7501	5032	
DHL	-820	-820	28	55	10	24	65	71	52	0	19	18124336	1810	2357	1241	2216	9263	7013	7501	5032	
DHL	-840	-840	27	53	11	21	61	74	52	0	19	18123868	1810	2357	1241	2216	9263	7013	7501	5032	
DHL	-860	-860	28	54	11	21	59	71	49	0	19	18122179	1810	2357	1241	2216	9263	7013	7501	5032	
DHL	-880	-880	31	47	10	20	58	71	50	0	19	18119936	1810	2357	1241	2216	9263	7013	7501	5032	
DHL	-900	-900	31	46	10	19	58	69	49	0	19	18117447	1810	2357	1241	2216	9263	7013	7501	5032	
DHL	-920	-920	30	47	10	18	60	70	48	0	19	18114438	1810	2357	1241	2216	9263	7013	7501	5032	
DHL	-940	-940	28	45	10	18	64	69	51	0	19	18111035	1810	2357	1241	2216	9263	7013	7501	5032	
DHL	-960	-960	27	45	9	19	59	71	50	0	18	18106826	1810	2357	1241	2216	9263	7013	7501	5032	
DHL	-980	-980	26	42	9	17	56	67	50	0	18	18102315	1810	2357	1241	2216	9263	7013	7501	5032	
DHL	-1000	-1000	25	41	9	16	58	71	51	0	17	18098030	1810	2357	1241	2216	9263	7013	7501	5032	
DHL	-1020	-1020	25	47	9	17	55	76	47	0	18	18093878	1810	2357	1241	2216	9263	7013	7501	5032	
DHL	-1040	-1040	26	50	9	16	54	80	47	0	17	18089649	1810	2357	1241	2216	9263	7013	7501	5032	
DHL	-1060	-1060	24	52	9	16	53	80	47	0	18	18085635	1810	2357	1241	2216	9263	7013	7501	5032	
DHL	-1080	-1080	25	50	8	13	54	79	51	0	19	18081643	1810	2357	1241	2216	9263	7013	7501	5032	
DHL	-1100	-1100	25	51	8	13	53	78	52	0	20	18077558	1810	2357	1241	2216	9263	7013	7501	5032	
DHL	-1120	-1120	26	50	8	15	53	83	52	0	20	18073304	1810	2357	1241	2216	9263	7013	7501	5032	
DHL	-1140	-1140	28	50	8	17	53	79	51	0	20	18069213	1810	2357	1241	2216	9263	7013	7501	5032	
DHL	-1160	-1160	28	50	9	18	51	78	53	0	20	18065258	1810	2357	1241	2216	9263	7013	7501	5032	
DHL	-1180	-1180	30	54	9	21	48	77	54	0	19	18061227	1810	2357	1241	2216	9263	7013	7501	5032	
DHL	-1200	-1200	30	50	9	19	50	75	58	0	20	18056899	1810	2357	1241	2216	9263	7013	7501	5032	
DHL	-1220	-1220	29	49	8	22	48	74	61	0	20	18052453	1810	2357	1241	2216	9263	7013	7501	5032	
DHL	-1240	-1240	29	50	8	23	47	70	61	0	19	18047958	1810	2357	1241	2216	9263	7013	7501	5032	
DHL	-1260	-1260	30	51	7	23	44	68	63	0	19	18043436	1810	2357	1241	2216	9263	7013	7501	5032	
DHL	-1280	-1280	34	50	7	22	46	69	63	0	16	18038998	1810	2357	1241	2216	9263	7013	7501	5032	
DHL	-1300	-1300	36	51	9	21	47	67	61	0	15	18034814	1810	2357	1241	2216	9263	7013	7501	5032	
DHL	-1320	-1320	38	51	9	20	48	70	59	0	16	18030532	1810	2357	1241	2216	9263	7013	7501	5032	
DHL	-1340	-1340	41	48	9	20	50	69	60	0	18	18026463	1810	2357	1241	2216	9263	7013	7501	5032	
DHL	-1360	-1360	40	49	9	21	51	67	60	0	18	18022630	1810	2357	1241	2216	9263	7013	7501	5032	
DHL	-1380	-1380	40	49	9	20	49	62	58	0	18	18018723	1810	2357	1241	2216	9263	7013	7501	5032	
DHL	-1400	-1400	42	50	9	19	50	63	60	0	20	18014411	1810	2357	1241	2216	9263	7013	7501	5032	
DHL	-1420	-1420	40	49	9	19	47	62	61	0	20	18009861	1810	2357	1241	2216	9263	7013	7501	5032	
DHL	-1440	-1440	40	49	8	21	45	63	58	0	21	18005218	1810	2357	1241	2216	9263	7013	7501	5032	
DHL	-1460	-1460	39	50	8	20	45	61	57	0	23	18000379	1810	2357	1241	2216	9263	7013	7501	5032	
DHL	-1480	-1480	38	48	8	20	45	62	54	0	25	17995390	1810	2357	1241	2216	9263	7013	7501	5032	
DHL	-1500	-1500	39	48	9	20	42	59	53	0	25	17990101	1810	2357	1241	2216	9263	7013	7501	5032	
DHL	-1520	-1520	39	42	9	19	45	55	55	0	25	17984732	1810	2357	1241	2216	9263	7013	7501	5032	
DHL	-1540	-1540	37	37	9	21	45	54	61	0	22	17979364	1810	2357	1241	2216	9263	7013	7501	5032	
DHL	-1560	-1560	37	34	8	20	48	52	59	0	22	17973377	1810	2357	1241	2216	9263	7013	7501	5032	
DHL	-1580	-1580	38	34	8	19	49	51	58	0	22	17967591	1810	2357	1241	2216	9263	7013	7501	5032	
DHL	-1600	-1600	38	33	8	19	48	55	56	0	19	17962023	1810	2357	1241	2216	9263	7013	7501	5032	
DHL	-1620	-1620	37	36	8	17	48	51	56	0	19	17956390	1810	2357	1241	2216	9263	7013	7501	5032	
DHL	-1640	-1640	34	37	8	14	49	55	53	0	19	17950519	1810	2357	1241	2216	9263	7013	7501	5032	
DHL	-1660	-1660	34	36	8	13	47	59	51	0	21	17944596	1810	2357	1241	2216	9263	7013	7501	5032	
DHL	-1680	-1680	34	29	8	10	47	58	45	0	22	17938430	1810	2357	1241	2216	9263	7013	7501	5032	
DHL	-1700	-1700	36	29	7	10	50	59	42	0	21	17932503	1810	2357	1241	2216	9263	7013	7501	5032	
DHL	-1720	-1720	37	28	6	8	51	58	38	0	19	17926458	1810	2357	1241	2216	9263	7013	7501	5032	
DHL	-1740	-1740	37	27	5	8	50	60	38	0	19	17920183	1810	2357	1241	2216	9263	7013	7501	5032	
DHL	-1760	-1760	36	27	6	8	50	63	35	0	21	17913823	1810	2357	1241	2216	9263	7013	7501	5032	
DHL	-1780	-1780	34	28	6	7	48	59	36	0	21	17907312	1810	2357	1241	2216	9263	7013	7501	5032	
DHL	-1800	-1800	32	27	4	7	48	59	35	0	23	17900373	1810	2357	1241	2216	9263	7013	7501	5032	
DHL	-1820	-1820	30	31	4	8	47	57	36	0	24	17893526	1810	2357	1241	2216	9263	7013	7501	5032	
DHL	-1840	-1840	28	30	4	9	48	54	37	0	23	17886708	1810	2357	1241	2216	9263	7013	7501	5032	
DHL	-1860	-1860	27	31	5	10	48	58	37	0	23	17879707	1810	2357	1241	2216	9263	7013	7501	5032	
DHL	-1880	-1880	25	30	5	10	52	62	37	0	24	17872662	1810	2357	1241	2216	9263	7013	7501	5032	
DHL	-1900	-1900	21	28	5	11	49	60	34	0	22	17865749	1810	2357	1241	2216	9263	7013	7501	5032	
DHL	-1920	-1920	22	30	5	11	47	59	33	0	23	17858944	1810	2357	1241	2216	9263	7013	7501	5032	
DHL	-1940	-1940	22	29	5	10	46	60	34	0	24	17852266	1810	2357	1241	2216	9263	7013	7501	5032	
DHL	-1960	-1960	22	30	5	10	47	60	35	0	22	17845695	1810	2357	1241	2216	9263	7013	7501	5032	
DHL	-1980	-1980	22	31	5	11	48	58	34	0	20	17839087	1810	2357	1241	2216	9263	7013	7501	5032	
DHL	-2000	-2000	21	32	4	11	52	60	34	0	21	17832199	1810	2357	1241	2216	9263	7013	7501	5032	
DHL	-2020	-2020	21	31	4	11	51	61	32	0	22	17825062	1810	2357	1241	2216	9263	7013	7501	5032	
DHL	-2040	-2040	21	34	4	10	51	62	25	0	26	17817758	1810	2357	1241	2216	9263	7013	7501	5032	
DHL	-2060	-2060	21	39	4	10	49	66	27	0	26	17810777	1810	2357	1241	2216	9263	7013	7501	5032	
DHL	-2080	-2080	19	39	4	10	46	69	24	0	29	17803570	1810	2357	1241	2216	9263	7013	7501	5032	
DHL	-2100	-2100	20	42	5	11	45	65	24	0	29	17796129	1810	2357	1241	2216	9263	7013	7501	5032	
DHL	-2120	-2120	19	41	5	12	43	65	25	0	28	17788802	1810	2357	1241	2216	9263	7013	7501	5032	
DHL	-2140	-2140	21	40	5	13	43	64	25	0	28	17781510	1810	2357	1241	2216	9263	7013	7501	5032	
DHL	-2160	-2160	19	40	4	13	44	60	26	0	26	17773913	1810	2357	1241	2216	9263	7013	7501	5032	
DHL	-2180	-2180	16	40	4	13	44	60	27	0	24	17766251	1810	2357	1241	2216	9263	7013	7501	5032	
DHL	-2200	-2200	14	39	5	13	41	58	26	0	24	17758568	1810	2357	1241	2216	9263	7013	7501	5032	
DHL	-2220	-2220	12	40	5	14	38	63	26	0	26	17750937	1810	2357	1241	2216	9263	7013	7501	5032	
DHL	-2240	-2240	12	42	5	14	39	59	26	0	27	17743689	1810	2357	1241	2216	9263	7013	7501	5032	
DHL	-2260	-2260	11	41	4	14	40	57	27	0	26	17736573	1810	2357	1241	2216	9263	7013	7501	5032	
DHL	-2280	-2280	11	41	4	15	40	58	27	0	26	17729413	1810	2357	1241	2216	9263	7013	7501	5032	
DHL	-2300	-2300	11	42	4	16	42	58	28	0	26	17722589	1810	2357	1241	2216	9263	7013	7501	5032	
DHL	-2320	-2320	11	38	4	15	41	59	25	0	25	17715698	1810	2357	1241	2216	9263	7013	7501	5032	
DHL	-2340	-2340	11	39	3	15	38	58	23	0	25	17708660	1810	2357	1241	2216	9263	7013	7501	5032	
DHL	-2360	-2360	12	37	2	13	36	55	25	0	28	17701849	1810	2357	1241	2216	9263	7013	7501	5032	
DHL	-2380	-2380	11	40	2	14	36	51	24	0	29	17695171	1810	2357	1241	2216	9263	7013	7501	5032	
DHL	-2400	-2400	12	42	2	16	36	54	26	0	31	17688415	1810	2357	1241	2216	9263	7013	7501	5032	
DHL	-2420	-2420	11	42	2	16	37	52	26	0	30	17681706	1810	2357	1241	2216	9263	7013	7501	5032	
DHL	-2440	-2440	11	42	2	15	35	50	26	0	28	17675092	1810	2357	1241	2216	9263	7013	7501	5032	
DHL	-2460	-2460	12	42	2	16	36	50	27	0	30	17668508	1810	2357	1241	2216	9263	7013	7501	5032	
DHL	-2480	-2480	13	41	2	15	39	51	27	0	31	17662118	1810	2357	1241	2216	9263	7013	7501	5032	
DHL	-2500	-2500	13	41	2	15	35	51	28	0	32	17655957	1810	2357	1241	2216	9263	7013	7501	5032	
DHL	-2520	-2520	13	42	3	17	34	51	28	0	35	17650138	1810	2357	1241	2216	9263	7013	7501	5032	
DHL	-2540	-2540	14	44	3	17	34	48	30	0	31	17644494	1810	2357	1241	2216	9263	7013	7501	5032	
DHL	-2560	-2560	14	43	3	17	33	43	29	0	31	17638847	1810	2357	1241	2216	9263	7013	7501	5032	
DHL	-2580	-2580	15	44	3	18	34	47	30	0	27	17633210	1810	2357	1241	2216	9263	7013	7501	5032	
DHL	-2600	-2600	18	44	4	18	34	50	31	0	27	17627755	1810	2357	1241	2216	9263	7013	7501	5032	
DHL	-2620	-2620	18	43	5	18	35	52	28	0	29	17622229	1810	2357	1241	2216	9263	7013	7501	5032	
DHL	-2640	-2640	16	42	5	17	34	53	29	0	29	17616603	1810	2357	1241	2216	9263	7013	7501	5032	
DHL	-2660	-2660	19	42	5	18	32	54	28	0	31	17611055	1810	2357	1241	2216	9263	7013	7501	5032	
DHL	-2680	-2680	19	44	5	18	32	53	27	0	31	17605608	1810	2357	1241	2216	9263	7013	7501	5032	
DHL	-2700	-2700	19	44	4	19	32	56	27	0	33	17600140	1810	2357	1241	2216	9263	7013	7501	5032	
DHL	-2720	-2720	18	43	4	18	34	52	27	0	32	17594667	1810	2357	1241	2216	9263	7013	7501	5032	
DHL	-2740	-2740	18	41	4	17	34	54	27	0	32	17588977	1810	2357	1241	2216	9263	7013	7501	5032	
DHL	-2760	-2760	18	43	4	17	37	53	27	0	32	17583285	1810	2357	1241	2216	9263	7013	7501	5032	
DHL	-2780	-2780	16	43	5	17	37	53	27	0	35	17577496	1810	2357	1241	2216	9263	7013	7501	5032	
DHL	-2800	-2800	16	40	5	19	35	53	28	0	33	17571492	1810	2357	1241	2216	9263	7013	7501	5032	
DHL	-2820	-2820	17	42	5	20	36	52	28	0	34	17565454	1810	2357	1241	2216	9263	7013	7501	5032	
DHL	-2840	-2840	15	41	5	19	35	53	32	0	33	17559541	1810	2357	1241	2216	9263	7013	7501	5032	
DHL	-2860	-2860	14	41	5	19	37	53	31	0	30	17553560	1810	2357	1241	2216	9263	7013	7501	5032	
DHL	-2880	-2880	15	39	5	18	36	54	32	0	29	17547580	1810	2357	1241	2216	9263	7013	7501	5032	
DHL	-2900	-2900	16	40	5	15	39	53	32	0	29	17541819	1810	2357	1241	2216	9263	7013	7501	5032	
DHL	-2920	-2920	17	39	6	15	38	55	32	0	32	17536089	1810	2357	1241	2216	9263	7013	7501	5032	
DHL	-2940	-2940	17	39	6	15	39	55	32	0	31	17530181	1810	2357	1241	2216	9263	7013	7501	5032	
DHL	-2960	-2960	16	39	7	15	40	57	32	0	31	17523979	1810	2357	1241	2216	9263	7013	7501	5032	
DHL	-2980	-2980	16	41	8	15	38	57	32	0	33	17517678	1810	2357	1241	2216	9263	7013	7501	5032	
DHL	-3000	-3000	17	40	8	16	42	54	33	0	32	17511433	1810	2357	1241	2216	9263	7013	7501	5032	
DHL	-3020	-3020	16	39	7	15	44	53	33	0	28	17505009	1810	2357	1241	2216	9263	7013	7501	5032	
DHL	-3040	-3040	15	35	7	14	43	53	31	0	27	17498499	1810	2357	1241	2216	9263	7013	7501	5032	
DHL	-3060	-3060	15	33	8	14	47	56	30	0	27	17492052	1810	2357	1241	2216	9263	7013	7501	5032	
DHL	-3080	-3080	15	32	8	13	48	52	33	0	26	17485438	1810	2357	1241	2216	9263	7013	7501	5032	
DHL	-3100	-3100	11	29	6	12	51	48	33	0	28	17478670	1810	2357	1241	2216	9263	7013	7501	5032	
DHL	-3120	-3120	11	30	5	11	50	45	33	0	26	17471822	1810	2357	1241	2216	9263	7013	7501	5032	
DHL	-3140	-3140	11	30	5	12	50	43	33	0	26	17464806	1810	2357	1241	2216	9263	7013	7501	5032	
DHL	-3160	-3160	8	30	5	12	53	41	33	0	25	17457776	1810	2357	1241	2216	9263	7013	7501	5032	
DHL	-3180	-3180	8	28	7	12	55	41	34	0	25	17450671	1810	2357	1241	2216	9263	7013	7501	5032	
DHL	-3200	-3200	8	28	7	13	56	40	34	0	24	17443519	1810	2357	1241	2216	9263	7013	7501	5032	
DHL	-3220	-3220	8	28	7	12	55	38	33	0	23	17436496	1810	2357	1241	2216	9263	7013	7501	5032	
DHL	-3240	-3240	8	27	7	12	54	36	35	0	23	17429315	1810	2357	1241	2216	9263	7013	7501	5032	
DHL	-3260	-3260	8	24	7	12	51	36	37	0	22	17421673	1810	2357	1241	2216	9263	7013	7501	5032	
DHL	-3280	-3280	9	24	6	15	50	37	35	0	19	17414262	1810	2357	1241	2216	9263	7013	7501	5032	
DHL	-3300	-3300	10	24	6	12	49	37	35	0	20	17407096	1810	2357	1241	2216	9263	7013	7501	5032	
DHL	-3320	-3320	10	22	6	13	47	38	38	0	19	17399855	1810	2357	1241	2216	9263	7013	7501	5032	
DHL	-3340	-3340	10	23	6	14	47	37	34	0	21	17392559	1810	2357	1241	2216	9263	7013	7501	5032	
DHL	-3360	-3360	10	23	7	14	46	35	35	0	24	17385013	1810	2357	1241	2216	9263	7013	7501	5032	
DHL	-3380	-3380	9	26	7	14	44	34	35	0	24	17377313	1810	2357	1241	2216	9263	7013	7501	5032	
DHL	-3400	-3400	7	26	7	15	41	32	34	0	22	17369466	1810	2357	1241	2216	9263	7013	7501	5032	
DHL	-3420	-3420	9	25	6	15	42	31	34	0	22	17361611	1810	2357	1241	2216	9263	7013	7501	5032	
DHL	-3440	-3440	10	25	6	16	42	30	33	0	22	17353715	1810	2357	1241	2216	9263	7013	7501	5032	
DHL	-3460	-3460	10	23	5	15	40	31	34	0	20	17345730	1810	2357	1241	2216	9263	7013	7501	5032	
DHL	-3480	-3480	9	24	4	15	37	31	34	0	17	17337641	1810	2357	1241	2216	9263	7013	7501	5032	
DHL	-3500	-3500	8	24	4	16	35	31	35	0	18	17329385	1810	2357	1241	2216	9263	7013	7501	5032	
DHL	-3520	-3520	9	26	5	15	34	31	36	0	20	17321198	1810	2357	1241	2216	9263	7013	7501	5032	
DHL	-3540	-3540	10	27	6	15	34	35	36	0	22	17312878	1810	2357	1241	2216	9263	7013	7501	5032	
DHL	-3560	-3560	10	28	5	15	31	33	37	0	22	17304648	1810	2357	1241	2216	9263	7013	7501	5032	
DHL	-3580	-3580	9	28	6	16	29	30	35	0	22	17296719	1810	2357	1241	2216	9263	7013	7501	5032	
DHL	-3600	-3600	12	29	6	16	25	30	38	0	21	17288995	1810	2357	1241	2216	9263	7013	7501	5032	
DHL	-3620	-3620	12	28	8	16	28	28	39	0	22	17281538	1810	2357	1241	2216	9263	7013	7501	5032	
DHL	-3640	-3640	12	29	9	15	27	28	39	0	22	17274291	1810	2357	1241	2216	9263	7013	7501	5032	
DHL	-3660	-3660	12	30	9	15	25	28	40	0	25	17267164	1810	2357	1241	2216	9263	7013	7501	5032	
DHL	-3680	-3680	12	31	7	15	22	27	40	0	26	17260192	1810	2357	1241	2216	9263	7013	7501	5032	
DHL	-3700	-3700	12	32	8	13	20	25	41	0	25	17253384	1810	2357	1241	2216	9263	7013	7501	5032	
DHL	-3720	-3720	12	33	9	13	23	27	42	0	25	17246596	1810	2357	1241	2216	9263	7013	7501	5032	
DHL	-3740	-3740	12	34	10	13	24	28	40	0	24	17240058	1810	2357	1241	2216	9263	7013	7501	5032	
DHL	-3760	-3760	14	36	10	13	25	30	37	0	25	17234050	1810	2357	1241	2216	9263	7013	7501	5032	
DHL	-3780	-3780	14	36	10	9	26	31	37	0	25	17227940	1810	2357	1241	2216	9263	7013	7501	5032	
DHL	-3800	-3800	14	38	11	9	26	32	40	0	26	17221779	1810	2357	1241	2216	9263	7013	7501	5032	
DHL	-3820	-3820	14	39	12	7	28	31	37	0	25	17215659	1810	2357	1241	2216	9263	7013	7501	5032	
DHL	-3840	-3840	15	38	12	7	31	32	39	0	23	17209517	1810	2357	1241	2216	9263	7013	7501	5032	
DHL	-3860	-3860	15	38	11	8	31	33	38	0	20	17203518	1810	2357	1241	2216	9263	7013	7501	5032	
DHL	-3880	-3880	15	36	11	8	31	36	36	0	22	17197442	1810	2357	1241	2216	9263	7013	7501	5032	
DHL	-3900	-3900	15	36	11	7	33	38	37	0	22	17191483	1810	2357	1241	2216	9263	7013	7501	5032	
DHL	-3920	-3920	13	36	11	7	34	38	38	0	19	17185544	1810	2357	1241	2216	9263	7013	7501	5032	
DHL	-3940	-3940	12	36	11	6	37	41	37	0	21	17179933	1810	2357	1241	2216	9263	7013	7501	5032	
DHL	-3960	-3960	12	35	11	7	40	38	34	0	21	17174669	1810	2357	1241	2216	9263	7013	7501	5032	
DHL	-3980	-3980	13	32	11	7	42	38	34	0	23	17169673	1810	2357	1241	2216	9263	7013	7501	5032	
DHL	-4000	-4000	13	33	12	6	43	39	31	0	21	17164758	1810	2357	1241	2216	9263	7013	7501	5032	
DHL	-4020	-4020	13	31	11	8	42	38	31	0	19	17159950	1810	2357	1241	2216	9263	7013	7501	5032	
DHL	-4040	-4040	12	33	10	10	44	37	32	0	17	17155391	1810	2357	1241	2216	9263	7013	7501	5032	
DHL	-4060	-4060	12	30	10	10	44	36	31	0	18	17150732	1810	2357	1241	2216	9263	7013	7501	5032	
DHL	-4080	-4080	12	31	10	10	48	37	30	0	19	17146032	1810	2357	1241	2216	9263	7013	7501	5032	
DHL	-4100	-4100	10	31	11	11	48	38	26	0	19	17141215	1810	2357	1241	2216	9263	7013	7501	5032	
DHL	-4120	-4120	11	33	10	11	47	38	26	0	19	17136329	1810	2357	1241	2216	9263	7013	7501	5032	
DHL	-4140	-4140	11	32	9	11	47	39	29	0	19	17131332	1810	2357	1241	2216	9263	7013	7501	5032	
DHL	-4160	-4160	12	34	9	10	48	39	32	0	16	17126221	1810	2357	1241	2216	9263	7013	7501	5032	
DHL	-4180	-4180	12	33	10	10	48	41	32	0	17	17121071	1810	2357	1241	2216	9263	7013	7501	5032	
DHL	-4200	-4200	14	34	10	10	50	43	32	0	17	17115691	1810	2357	1241	2216	9263	7013	7501	5032	
DHL	-4220	-4220	15	32	9	10	47	42	32	0	17	17109945	1810	2357	1241	2216	9263	7013	7501	5032	
DHL	-4240	-4240	15	31	8	10	46	42	35	0	17	17103829	1810	2357	1241	2216	9263	7013	7501	5032	
DHL	-4260	-4260	13	30	8	11	45	41	37	0	17	17097288	1810	2357	1241	2216	9263	7013	7501	5032	
DHL	-4280	-4280	13	29	9	12	45	40	39	0	18	17090696	1810	2357	1241	2216	9263	7013	7501	5032	
DHL	-4300	-4300	12	28	8	12	44	38	37	0	17	17084077	1810	2357	1241	2216	9263	7013	7501	5032	
DHL	-4320	-4320	11	29	8	12	42	38	35	0	18	17077257	1810	2357	1241	2216	9263	7013	7501	5032	
DHL	-4340	-4340	10	30	8	12	44	40	34	0	18	17070342	1810	2357	1241	2216	9263	7013	7501	5032	
DHL	-4360	-4360	10	29	8	11	46	40	34	0	19	17063431	1810	2357	1241	2216	9263	7013	7501	5032	
DHL	-4380	-4380	11	27	8	11	46	37	35	0	16	17056496	1810	2357	1241	2216	9263	7013	7501	5032	
DHL	-4400	-4400	12	24	8	13	48	38	34	0	17	17049434	1810	2357	1241	2216	9263	7013	7501	5032	
DHL	-4420	-4420	11	26	8	14	49	41	34	0	18	17042306	1810	2357	1241	2216	9263	7013	7501	5032	
DHL	-4440	-4440	11	25	8	15	48	39	34	0	17	17034844	1810	2357	1241	2216	9263	7013	7501	5032	
DHL	-4460	-4460	11	28	8	15	46	40	36	0	18	17027521	1810	2357	1241	2216	9263	7013	7501	5032	
DHL	-4480	-4480	12	29	9	16	44	41	39	0	17	17020115	1810	2357	1241	2216	9263	7013	7501	5032	
DHL	-4500	-4500	13	30	8	16	42	43	42	0	17	17012607	1810	2357	1241	2216	9263	7013	7501	5032	
DHL	-4520	-4520	12	31	8	16	43	44	42	0	17	17004929	1810	2357	1241	2216	9263	7013	7501	5032	
DHL	-4540	-4540	12	30	8	14	42	41	42	0	18	16997111	1810	2357	1241	2216	9263	7013	7501	5032	
DHL	-4560	-4560	12	31	9	16	42	42	44	0	17	16989159	1810	2357	1241	2216	9263	7013	7501	5032	
DHL	-4580	-4580	14	30	8	17	39	42	43	0	17	16981185	1810	2357	1241	2216	9263	7013	7501	5032	
DHL	-4600	-4600	13	28	7	19	42	46	44	0	18	16973133	1810	2357	1241	2216	9263	7013	7501	5032	
DHL	-4620	-4620	12	25	6	21	43	46	43	0	18	16964968	1810	2357	1241	2216	9263	7013	7501	5032	
DHL	-4640	-4640	12	25	6	21	43	45	41	0	18	16956775	1810	2357	1241	2216	9263	7013	7501	5032	
DHL	-4660	-4660	12	22	7	22	42	46	39	0	17	16948569	1810	2357	1241	2216	9263	7013	7501	5032	
DHL	-4680	-4680	12	22	6	24	43	46	38	0	16	16940022	1810	2357	1241	2216	9263	7013	7501	5032	
DHL	-4700	-4700	10	23	5	25	43	46	38	0	18	16931451	1810	2357	1241	2216	9263	7013	7501	5032	
DHL	-4720	-4720	9	24	5	25	44	45	39	0	18	16922996	1810	2357	1241	2216	9263	7013	7501	5032	
DHL	-4740	-4740	10	25	5	26	43	45	39	0	19	16914616	1810	2357	1241	2216	9263	7013	7501	5032	
DHL	-4760	-4760	13	25	5	25	45	45	36	0	20	16906558	1810	2357	1241	2216	9263	7013	7501	5032	
DHL	-4780	-4780	12	26	4	25	47	43	35	0	21	16898424	1810	2357	1241	2216	9263	7013	7501	5032	
DHL	-4800	-4800	12	26	5	27	48	45	34	0	21	16890324	1810	2357	1241	2216	9263	7013	7501	5032	
DHL	-4820	-4820	13	24	4	29	51	46	35	0	21	16882441	1810	2357	1241	2216	9263	7013	7501	5032	
DHL	-4840	-4840	13	23	4	29	47	44	35	0	21	16874527	1810	2357	1241	2216	9263	7013	7501	5032	
DHL	-4860	-4860	14	25	4	29	46	43	35	0	20	16866486	1810	2357	1241	2216	9263	7013	7501	5032	
DHL	-4880	-4880	14	25	5	29	44	46	36	0	20	16858275	1810	2357	1241	2216	9263	7013	7501	5032	
DHL	-4900	-4900	13	26	5	28	41	46	38	0	23	16850201	1810	2357	1241	2216	9263	7013	7501	5032	
DHL	-4920	-4920	14	25	5	28	41	43	38	0	23	16842157	1810	2357	1241	2216	9263	7013	7501	5032	
DHL	-4940	-4940	16	25	5	28	40	43	38	0	23	16834354	1810	2357	1241	2216	9263	7013	7501	5032	
DHL	-4960	-4960	16	22	5	28	40	42	36	0	25	16826329	1810	2357	1241	2216	9263	7013	7501	5032	
DHL	-4980	-4980	14	22	4	28	45	40	34	0	24	16818134	1810	2357	1241	2216	9263	7013	7501	5032	
DHL	-5000	-5000	13	19	4	27	44	39	33	0	24	16809795	1810	2357	1241	2216	9263	7013	7501	5032	
DHL	-5020	-5020	14	20	4	25	42	39	34	0	25	16801327	1810	2357	1241	2216	9263	7013	7501	5032	
DHL	-5040	-5040	14	16	4	26	43	40	34	0	25	16792866	1810	2357	1241	2216	9263	7013	7501	5032	
DHL	-5060	-5060	14	16	3	26	43	39	32	0	25	16784518	1810	2357	1241	2216	9263	7013	7501	5032	
DHL	-5080	-5080	14	16	3	25	43	39	34	0	29	16776018	1810	2357	1241	2216	9263	7013	7501	5032	
DHL	-5100	-5100	16	18	3	22	43	34	34	0	30	16767459	1810	2357	1241	2216	9263	7013	7501	5032	
DHL	-5120	-5120	17	19	3	20	42	34	35	0	30	16758811	1810	2357	1241	2216	9263	7013	7501	5032	
DHL	-5140	-5140	17	19	3	21	41	32	35	0	32	16750413	1810	2357	1241	2216	9263	7013	7501	5032	
DHL	-5160	-5160	17	19	3	22	40	31	34	0	33	16742071	1810	2357	1241	2216	9263	7013	7501	5032	
DHL	-5180	-5180	19	19	3	22	40	29	39	0	33	16734202	1810	2357	1241	2216	9263	7013	7501	5032	
DHL	-5200	-5200	20	19	3	22	40	33	40	0	31	16726285	1810	2357	1241	2216	9263	7013	7501	5032	
DHL	-5220	-5220	22	18	4	22	39	33	39	0	33	16718245	1810	2357	1241	2216	9263	7013	7501	5032	
DHL	-5240	-5240	23	18	4	22	43	34	37	0	32	16710328	1810	2357	1241	2216	9263	7013	7501	5032	
DHL	-5260	-5260	22	19	4	23	42	33	37	0	32	16702439	1810	2357	1241	2216	9263	7013	7501	5032	
DHL	-5280	-5280	23	19	4	23	44	35	39	0	30	16694795	1810	2357	1241	2216	9263	7013	7501	5032	
DHL	-5300	-5300	23	20	4	22	46	37	39	0	32	16687152	1810	2357	1241	2216	9263	7013	7501	5032	
DHL	-5320	-5320	22	21	4	21	44	37	39	0	32	16679616	1810	2357	1241	2216	9263	7013	7501	5032	
DHL	-5340	-5340	22	22	5	20	44	35	39	0	34	16672296	1810	2357	1241	2216	9263	7013	7501	5032	
DHL	-5360	-5360	22	22	5	21	44	37	42	0	37	16664991	1810	2357	1241	2216	9263	7013	7501	5032	
DHL	-5380	-5380	21	22	4	22	43	36	41	0	38	16657947	1810	2357	1241	2216	9263	7013	7501	5032	
DHL	-5400	-5400	22	23	4	21	43	34	40	0	35	16650859	1810	2357	1241	2216	9263	7013	7501	5032	
DHL	-5420	-5420	21	22	4	21	41	33	40	0	34	16643833	1810	2357	1241	2216	9263	7013	7501	5032	
DHL	-5440	-5440	19	24	4	21	38	34	41	0	33	16636632	1810	2357	1241	2216	9263	7013	7501	5032	
DHL	-5460	-5460	20	27	4	21	39	37	41	0	30	16629364	1810	2357	1241	2216	9263	7013	7501	5032	
DHL	-5480	-5480	20	27	5	21	35	37	42	0	30	16622157	1810	2357	1241	2216	9263	7013	7501	5032	
DHL	-5500	-5500	20	27	6	22	36	35	42	0	30	16615094	1810	2357	1241	2216	9263	7013	7501	5032	
DHL	-5520	-5520	20	26	7	22	37	37	41	0	30	16608121	1810	2357	1241	2216	9263	7013	7501	5032	
DHL	-5540	-5540	22	26	8	21	36	37	43	0	29	16601061	1810	2357	1241	2216	9263	7013	7501	5032	
DHL	-5560	-5560	23	25	8	20	35	40	44	0	29	16593849	1810	2357	1241	2216	9263	7013	7501	5032	
DHL	-5580	-5580	22	24	8	19	36	41	45	0	26	16586740	1810	2357	1241	2216	9263	7013	7501	5032	
DHL	-5600	-5600	20	22	8	19	34	43	45	0	24	16579714	1810	2357	1241	2216	9263	7013	7501	5032	
DHL	-5620	-5620	19	21	8	21	34	43	46	0	22	16573017	1810	2357	1241	2216	9263	7013	7501	5032	
DHL	-5640	-5640	20	21	8	20	34	46	44	0	20	16566277	1810	2357	1241	2216	9263	7013	7501	5032	
DHL	-5660	-5660	19	21	7	18	37	46	44	0	19	16559298	1810	2357	1241	2216	9263	7013	7501	5032	
DHL	-5680	-5680	17	21	7	16	37	48	40	0	18	16552081	1810	2357	1241	2216	9263	7013	7501	5032	
DHL	-5700	-5700	16	20	7	15	36	44	38	0	19	16544939	1810	2357	1241	2216	9263	7013	7501	5032	
DHL	-5720	-5720	14	21	6	15	36	43	37	0	19	16538094	1810	2357	1241	2216	9263	7013	7501	5032	
DHL	-5740	-5740	12	22	7	14	33	43	35	0	20	16531347	1810	2357	1241	2216	9263	7013	7501	5032	
DHL	-5760	-5760	10	21	8	13	32	42	38	0	19	16524607	1810	2357	1241	2216	9263	7013	7501	5032	
DHL	-5780	-5780	9	21	8	12	27	42	35	0	21	16517691	1810	2357	1241	2216	9263	7013	7501	5032	
DHL	-5800	-5800	10	19	7	11	27	41	37	0	21	16510666	1810	2357	1241	2216	9263	7013	7501	5032	
DHL	-5820	-5820	10	19	7	10	27	40	37	0	21	16503499	1810	2357	1241	2216	9263	7013	7501	5032	
DHL	-5840	-5840	10	20	7	10	28	41	40	0	19	16496397	1810	2357	1241	2216	9263	7013	7501	5032	
DHL	-5860	-5860	9	19	7	10	28	40	38	0	17	16489328	1810	2357	1241	2216	9263	7013	7501	5032	
DHL	-5880	-5880	10	22	7	10	32	41	39	0	16	16482211	1810	2357	1241	2216	9263	7013	7501	5032	
DHL	-5900	-5900	10	20	9	11	33	44	40	0	17	16475108	1810	2357	1241	2216	9263	7013	7501	5032	
DHL	-5920	-5920	10	20	9	10	34	46	39	0	17	16467800	1810	2357	1241	2216	9263	7013	7501	5032	
DHL	-5940	-5940	11	19	9	10	35	45	38	0	17	16460540	1810	2357	1241	2216	9263	7013	7501	5032	
DHL	-5960	-5960	11	16	9	11	35	44	39	0	19	16453223	1810	2357	1241	2216	9263	7013	7501	5032	
DHL	-5980	-5980	11	16	8	10	34	42	38	0	21	16445895	1810	2357	1241	2216	9263	7013	7501	5032	
DHL	-6000	-6000	12	18	7	10	33	43	37	0	23	16438780	1810	2357	1241	2216	9263	7013	7501	5032	
DHL	-6020	-6020	11	18	7	14	32	41	36	0	23	16431791	1810	2357	1241	2216	9263	7013	7501	5032	
DHL	-6040	-6040	9	20	6	15	32	42	35	0	23	16424835	1810	2357	1241	2216	9263	7013	7501	5032	
DHL	-6060	-6060	8	21	7	15	32	39	37	0	24	16417928	1810	2357	1241	2216	9263	7013	7501	5032	
DHL	-6080	-6080	8	24	7	16	31	39	35	0	22	16410992	1810	2357	1241	2216	9263	7013	7501	5032	
DHL	-6100	-6100	8	26	7	16	31	37	36	0	23	16404150	1810	2357	1241	2216	9263	7013	7501	5032	
DHL	-6120	-6120	8	27	7	14	31	38	34	0	24	16397035	1810	2357	1241	2216	9263	7013	7501	5032	
DHL	-6140	-6140	8	28	7	16	33	38	35	0	24	16389691	1810	2357	1241	2216	9263	7013	7501	5032	
DHL	-6160	-6160	9	28	7	16	30	39	35	0	24	16382565	1810	2357	1241	2216	9263	7013	7501	5032	
DHL	-6180	-6180	9	28	7	16	32	37	36	0	25	16375590	1810	2357	1241	2216	9263	7013	7501	5032	
DHL	-6200	-6200	9	27	7	17	32	36	35	0	24	16368694	1810	2357	1241	2216	9263	7013	7501	5032	
DHL	-6220	-6220	9	27	7	17	32	41	35	0	22	16361843	1810	2357	1241	2216	9263	7013	7501	5032	
DHL	-6240	-6240	9	25	6	17	33	42	36	0	21	16354893	1810	2357	1241	2216	9263	7013	7501	5032	
DHL	-6260	-6260	9	25	5	18	31	45	34	0	21	16347813	1810	2357	1241	2216	9263	7013	7501	5032	
DHL	-6280	-6280	9	25	6	19	31	44	38	0	20	16340958	1810	2357	1241	2216	9263	7013	7501	5032	
DHL	-6300	-6300	8	28	6	21	28	42	36	0	17	16334234	1810	2357	1241	2216	9263	7013	7501	5032	
DHL	-6320	-6320	9	28	8	21	28	43	37	0	17	16327459	1810	2357	1241	2216	9263	7013	7501	5032	
DHL	-6340	-6340	9	26	7	21	29	43	34	0	18	16320537	1810	2357	1241	2216	9263	7013	7501	5032	
DHL	-6360	-6360	9	25	7	20	29	44	34	0	18	16313685	1810	2357	1241	2216	9263	7013	7501	5032	
DHL	-6380	-6380	9	23	7	19	27	42	35	0	20	16306800	1810	2357	1241	2216	9263	7013	7501	5032	
DHL	-6400	-6400	9	24	5	19	27	39	35	0	18	16300033	1810	2357	1241	2216	9263	7013	7501	5032	
DHL	-6420	-6420	10	24	6	19	30	40	36	0	18	16293612	1810	2357	1241	2216	9263	7013	7501	5032	
DHL	-6440	-6440	9	24	6	18	33	39	38	0	19	16287256	1810	2357	1241	2216	9263	7013	7501	5032	
DHL	-6460	-6460	9	26	7	17	32	39	38	0	19	16281014	1810	2357	1241	2216	9263	7013	7501	5032	
DHL	-6480	-6480	9	25	7	17	34	40	38	0	18	16274675	1810	2357	1241	2216	9263	7013	7501	5032	
DHL	-6500	-6500	8	24	7	16	34	42	38	0	17	16268100	1810	2357	1241	2216	9263	7013	7501	5032	
DHL	-6520	-6520	10	25	6	12	35	43	39	0	16	16261460	1810	2357	1241	2216	9263	7013	7501	5032	
DHL	-6540	-6540	11	23	7	12	35	42	38	0	17	16255048	1810	2357	1241	2216	9263	7013	7501	5032	
DHL	-6560	-6560	11	22	6	12	36	42	35	0	16	16248700	1810	2357	1241	2216	9263	7013	7501	5032	
DHL	-6580	-6580	10	20	6	11	36	40	34	0	17	16242165	1810	2357	1241	2216	9263	7013	7501	5032	
DHL	-6600	-6600	12	18	6	12	35	41	32	0	18	16235444	1810	2357	1241	2216	9263	7013	7501	5032	
DHL	-6620	-6620	12	18	6	13	36	41	31	0	17	16228782	1810	2357	1241	2216	9263	7013	7501	5032	
DHL	-6640	-6640	12	17	6	11	35	39	30	0	17	16222250	1810	2357	1241	2216	9263	7013	7501	5032	
DHL	-6660	-6660	11	17	6	12	37	42	31	0	17	16215862	1810	2357	1241	2216	9263	7013	7501	5032	
DHL	-6680	-6680	11	18	6	12	36	42	31	0	17	16209479	1810	2357	1241	2216	9263	7013	7501	5032	
DHL	-6700	-6700	12	18	6	12	35	43	31	0	18	16202860	1810	2357	1241	2216	9263	7013	7501	5032	
DHL	-6720	-6720	13	18	6	12	37	37	35	0	19	16196084	1810	2357	1241	2216	9263	7013	7501	5032	
DHL	-6740	-6740	13	18	6	13	35	36	35	0	20	16189316	1810	2357	1241	2216	9263	7013	7501	5032	
DHL	-6760	-6760	14	17	6	12	38	34	34	0	19	16182628	1810	2357	1241	2216	9263	7013	7501	5032	
DHL	-6780	-6780	14	16	5	11	39	33	34	0	22	16175755	1810	2357	1241	2216	9263	7013	7501	5032	
DHL	-6800	-6800	14	14	5	9	39	34	34	0	22	16168816	1810	2357	1241	2216	9263	7013	7501	5032	
DHL	-6820	-6820	13	13	3	9	39	37	33	0	21	16162004	1810	2357	1241	2216	9263	7013	7501	5032	
DHL	-6840	-6840	13	14	3	9	36	37	33	0	21	16155273	1810	2357	1241	2216	9263	7013	7501	5032	
DHL	-6860	-6860	13	14	4	9	35	36	31	0	22	16148394	1810	2357	1241	2216	9263	7013	7501	5032	
DHL	-6880	-6880	13	13	4	9	34	37	30	0	21	16141589	1810	2357	1241	2216	9263	7013	7501	5032	
DHL	-6900	-6900	13	13	4	8	33	37	28	0	22	16134669	1810	2357	1241	2216	9263	7013	7501	5032	
DHL	-6920	-6920	12	15	3	8	31	37	29	0	23	16127484	1810	2357	1241	2216	9263	7013	7501	5032	
DHL	-6940	-6940	12	14	4	8	28	39	31	0	22	16120271	1810	2357	1241	2216	9263	7013	7501	5032	
DHL	-6960	-6960	11	13	3	7	30	38	29	0	22	16113102	1810	2357	1241	2216	9263	7013	7501	5032	
DHL	-6980	-6980	12	13	4	10	28	41	30	0	21	16106184	1810	2357	1241	2216	9263	7013	7501	5032	
DHL	-7000	-7000	13	12	4	10	29	40	29	0	21	16099562	1810	2357	1241	2216	9263	7013	7501	5032	
DHL	-7020	-7020	11	12	4	10	29	40	30	0	23	16092983	1810	2357	1241	2216	9263	7013	7501	5032	
DHL	-7040	-7040	11	13	5	10	30	39	30	0	25	16086343	1810	2357	1241	2216	9263	7013	7501	5032	
DHL	-7060	-7060	12	13	5	9	32	42	30	0	25	16079691	1810	2357	1241	2216	9263	7013	7501	5032	
DHL	-7080	-7080	14	15	7	9	32	43	31	0	26	16073382	1810	2357	1241	2216	9263	7013	7501	5032	
DHL	-7100	-7100	13	15	7	9	32	42	33	0	27	16067306	1810	2357	1241	2216	9263	7013	7501	5032	
DHL	-7120	-7120	13	14	8	9	31	43	36	0	27	16061366	1810	2357	1241	2216	9263	7013	7501	5032	
DHL	-7140	-7140	12	14	8	9	30	43	37	0	28	16055582	1810	2357	1241	2216	9263	7013	7501	5032	
DHL	-7160	-7160	12	14	8	9	31	39	36	0	28	16049620	1810	2357	1241	2216	9263	7013	7501	5032	
DHL	-7180	-7180	14	12	8	10	30	40	34	0	27	16043703	1810	2357	1241	2216	9263	7013	7501	5032	
DHL	-7200	-7200	13	13	8	9	32	41	36	0	27	16038110	1810	2357	1241	2216	9263	7013	7501	5032	
DHL	-7220	-7220	12	13	9	10	31	41	34	0	27	16032480	1810	2357	1241	2216	9263	7013	7501	5032	
DHL	-7240	-7240	13	13	9	9	32	41	34	0	27	16026797	1810	2357	1241	2216	9263	7013	7501	5032	
DHL	-7260	-7260	12	14	9	9	29	42	37	0	28	16021075	1810	2357	1241	2216	9263	7013	7501	5032	
DHL	-7280	-7280	12	14	9	10	33	45	33	0	24	16015551	1810	2357	1241	2216	9263	7013	7501	5032	
DHL	-7300	-7300	12	14	9	10	34	44	33	0	24	16010298	1810	2357	1241	2216	9263	7013	7501	5032	
DHL	-7320	-7320	12	13	9	11	37	40	34	0	24	16004943	1810	2357	1241	2216	9263	7013	7501	5032	
DHL	-7340	-7340	14	13	9	12	37	42	35	0	23	15999351	1810	2357	1241	2216	9263	7013	7501	5032	
DHL	-7360	-7360	14	13	8	13	39	42	36	0	24	15993929	1810	2357	1241	2216	9263	7013	7501	5032	
DHL	-7380	-7380	14	13	8	14	38	40	37	0	23	15988468	1810	2357	1241	2216	9263	7013	7501	5032	
DHL	-7400	-7400	13	13	8	14	37	40	36	0	22	15982995	1810	2357	1241	2216	9263	7013	7501	5032	
DHL	-7420	-7420	13	11	9	15	37	37	34	0	21	15977616	1810	2357	1241	2216	9263	7013	7501	5032	
DHL	-7440	-7440	13	12	8	15	37	36	33	0	22	15972136	1810	2357	1241	2216	9263	7013	7501	5032	
DHL	-7460	-7460	14	11	8	17	35	37	34	0	21	15966618	1810	2357	1241	2216	9263	7013	7501	5032	
DHL	-7480	-7480	13	11	7	14	35	34	33	0	24	15961108	1810	2357	1241	2216	9263	7013	7501	5032	
DHL	-7500	-7500	12	11	8	14	35	34	35	0	24	15955452	1810	2357	1241	2216	9263	7013	7501	5032	
DHL	-7520	-7520	12	10	8	14	34	32	36	0	22	15949893	1810	2357	1241	2216	9263	7013	7501	5032	
DHL	-7540	-7540	11	10	6	14	34	32	36	0	20	15944267	1810	2357	1241	2216	9263	7013	7501	5032	
DHL	-7560	-7560	10	10	6	16	33	29	37	0	24	15938696	1810	2357	1241	2216	9263	7013	7501	5032	
DHL	-7580	-7580	8	7	4	16	33	31	36	0	24	15932846	1810	2357	1241	2216	9263	7013	7501	5032	
DHL	-7600	-7600	7	8	6	15	33	32	34	0	24	15926843	1810	2357	1241	2216	9263	7013	7501	5032	
DHL	-7620	-7620	7	8	6	15	35	31	33	0	25	15920640	1810	2357	1241	2216	9263	7013	7501	5032	
DHL	-7640	-7640	7	8	6	15	36	31	33	0	25	15914407	1810	2357	1241	2216	9263	7013	7501	5032	
DHL	-7660	-7660	7	8	6	14	36	33	32	0	27	15908030	1810	2357	1241	2216	9263	7013	7501	5032	
DHL	-7680	-7680	6	10	7	14	36	34	32	0	28	15901534	1810	2357	1241	2216	9263	7013	7501	5032	
DHL	-7700	-7700	7	9	9	15	37	34	31	0	27	15894744	1810	2357	1241	2216	9263	7013	7501	5032	
DHL	-7720	-7720	8	8	9	15	36	36	30	0	26	15888039	1810	2357	1241	2216	9263	7013	7501	5032	
DHL	-7740	-7740	7	8	9	16	35	37	30	0	25	15881544	1810	2357	1241	2216	9263	7013	7501	5032	
DHL	-7760	-7760	8	8	9	16	36	36	27	0	24	15875075	1810	2357	1241	2216	9263	7013	7501	5032	
DHL	-7780	-7780	8	9	9	15	32	34	28	0	25	15868315	1810	2357	1241	2216	9263	7013	7501	5032	
DHL	-7800	-7800	9	9	9	15	34	34	27	0	25	15861212	1810	2357	1241	2216	9263	7013	7501	5032	
DHL	-7820	-7820	10	10	10	15	30	36	25	0	26	15854349	1810	2357	1241	2216	9263	7013	7501	5032	
DHL	-7840	-7840	8	9	10	14	30	35	25	0	26	15847729	1810	2357	1241	2216	9263	7013	7501	5032	
DHL	-7860	-7860	8	9	10	14	29	34	26	0	25	15840998	1810	2357	1241	2216	9263	7013	7501	5032	
DHL	-7880	-7880	9	9	12	13	32	35	25	0	26	15834135	1810	2357	1241	2216	9263	7013	7501	5032	
DHL	-7900	-7900	9	10	12	13	36	36	25	0	26	15827484	1810	2357	1241	2216	9263	7013	7501	5032	
DHL	-7920	-7920	9	10	11	13	37	40	24	0	28	15820841	1810	2357	1241	2216	9263	7013	7501	5032	
DHL	-7940	-7940	9	9	11	13	39	39	23	0	28	15814272	1810	2357	1241	2216	9263	7013	7501	5032	
DHL	-7960	-7960	8	9	11	11	39	41	23	0	27	15807675	1810	2357	1241	2216	9263	7013	7501	5032	
DHL	-7980	-7980	9	10	11	11	41	40	24	0	27	15800967	1810	2357	1241	2216	9263	7013	7501	5032	
DHL	-8000	-8000	9	11	10	12	41	39	24	0	26	15794189	1810	2357	1241	2216	9263	7013	7501	5032	
DHL	-8020	-8020	9	12	10	12	41	41	22	0	27	15787076	1810	2357	1241	2216	9263	7013	7501	5032	
DHL	-8040	-8040	10	11	10	12	44	40	23	0	27	15780130	1810	2357	1241	2216	9263	7013	7501	5032	
DHL	-8060	-8060	10	11	10	11	44	42	22	0	23	15773117	1810	2357	1241	2216	9263	7013	7501	5032	
DHL	-8080	-8080	10	12	10	11	46	40	23	0	21	15766292	1810	2357	1241	2216	9263	7013	7501	5032	
DHL	-8100	-8100	12	11	8	12	47	40	24	0	18	15759473	1810	2357	1241	2216	9263	7013	7501	5032	
DHL	-8120	-8120	13	11	7	11	46	42	22	0	17	15752820	1810	2357	1241	2216	9263	7013	7501	5032	
DHL	-8140	-8140	15	13	7	12	45	44	21	0	16	15746139	1810	2357	1241	2216	9263	7013	7501	5032	
DHL	-8160	-8160	16	13	7	12	43	41	21	0	14	15739551	1810	2357	1241	2216	9263	7013	7501	5032	
DHL	-8180	-8180	16	11	6	12	43	39	22	0	14	15732778	1810	2357	1241	2216	9263	7013	7501	5032	
DHL	-8200	-8200	15	11	4	13	42	37	24	0	14	15726158	1810	2357	1241	2216	9263	7013	7501	5032	
DHL	-8220	-8220	14	14	4	12	42	38	23	0	15	15719638	1810	2357	1241	2216	9263	7013	7501	5032	
DHL	-8240	-8240	14	14	5	13	43	37	22	0	16	15712796	1810	2357	1241	2216	9263	7013	7501	5032	
DHL	-8260	-8260	13	15	5	14	43	38	22	0	16	15706044	1810	2357	1241	2216	9263	7013	7501	5032	
DHL	-8280	-8280	13	14	5	14	43	37	21	0	16	15699535	1810	2357	1241	2216	9263	7013	7501	5032	
DHL	-8300	-8300	12	14	5	14	40	39	22	0	16	15692984	1810	2357	1241	2216	9263	7013	7501	5032	
DHL	-8320	-8320	12	13	4	13	41	36	24	0	15	15686140	1810	2357	1241	2216	9263	7013	7501	5032	
DHL	-8340	-8340	13	14	5	14	42	35	24	0	15	15679086	1810	2357	1241	2216	9263	7013	7501	5032	
DHL	-8360	-8360	13	14	6	14	44	35	24	0	13	15671998	1810	2357	1241	2216	9263	7013	7501	5032	
DHL	-8380	-8380	12	14	4	14	41	36	24	0	12	15665067	1810	2357	1241	2216	9263	7013	7501	5032	
DHL	-8400	-8400	12	13	4	14	38	36	25	0	13	15657903	1810	2357	1241	2216	9263	7013	7501	5032	
DHL	-8420	-8420	12	13	5	13	37	32	25	0	11	15650685	1810	2357	1241	2216	9263	7013	7501	5032	
DHL	-8440	-8440	12	13	5	13	34	34	25	0	10	15643510	1810	2357	1241	2216	9263	7013	7501	5032	
DHL	-8460	-8460	12	14	5	13	34	30	24	0	10	15636348	1810	2357	1241	2216	9263	7013	7501	5032	
DHL	-8480	-8480	12	13	5	14	35	30	22	0	7	15629002	1810	2357	1241	2216	9263	7013	7501	5032	
DHL	-8500	-8500	12	13	5	13	35	29	20	0	7	15621626	1810	2357	1241	2216	9263	7013	7501	5032	
DHL	-8520	-8520	12	12	5	14	37	29	19	0	7	15614357	1810	2357	1241	2216	9263	7013	7501	5032	
DHL	-8540	-8540	11	12	5	14	32	29	18	0	6	15606963	1810	2357	1241	2216	9263	7013	7501	5032	
DHL	-8560	-8560	11	12	5	13	32	27	18	0	7	15599624	1810	2357	1241	2216	9263	7013	7501	5032	
DHL	-8580	-8580	11	11	5	13	30	27	18	0	9	15592268	1810	2357	1241	2216	9263	7013	7501	5032	
DHL	-8600	-8600	10	12	5	12	32	28	19	0	9	15584689	1810	2357	1241	2216	9263	7013	7501	5032	
DHL	-8620	-8620	9	12	5	12	30	25	21	0	10	15577029	1810	2357	1241	2216	9263	7013	7501	5032	
DHL	-8640	-8640	7	11	8	11	32	23	21	0	10	15569396	1810	2357	1241	2216	9263	7013	7501	5032	
DHL	-8660	-8660	7	11	8	11	31	26	22	0	10	15561913	1810	2357	1241	2216	9263	7013	7501	5032	
DHL	-8680	-8680	6	11	8	10	30	27	22	0	10	15554528	1810	2357	1241	2216	9263	7013	7501	5032	
DHL	-8700	-8700	7	11	8	9	31	29	20	0	10	15547127	1810	2357	1241	2216	9263	7013	7501	5032	
DHL	-8720	-8720	7	8	7	9	31	27	20	0	11	15539685	1810	2357	1241	2216	9263	7013	7501	5032	
DHL	-8740	-8740	7	9	6	7	32	26	20	0	11	15532504	1810	2357	1241	2216	9263	7013	7501	5032	
DHL	-8760	-8760	8	9	6	8	32	25	21	0	11	15525291	1810	2357	1241	2216	9263	7013	7501	5032	
DHL	-8780	-8780	8	9	7	7	33	28	22	0	10	15517846	1810	2357	1241	2216	9263	7013	7501	5032	
DHL	-8800	-8800	8	10	7	7	36	27	24	0	11	15510379	1810	2357	1241	2216	9263	7013	7501	5032	
DHL	-8820	-8820	7	11	7	8	36	27	22	0	13	15503201	1810	2357	1241	2216	9263	7013	7501	5032	
DHL	-8840	-8840	6	10	7	9	37	27	20	0	16	15496001	1810	2357	1241	2216	9263	7013	7501	5032	
DHL	-8860	-8860	6	11	7	8	35	29	19	0	17	15488919	1810	2357	1241	2216	9263	7013	7501	5032	
DHL	-8880	-8880	6	11	7	9	36	31	20	0	18	15481818	1810	2357	1241	2216	9263	7013	7501	5032	
DHL	-8900	-8900	5	10	7	10	35	30	18	0	17	15474830	1810	2357	1241	2216	9263	7013	7501	5032	
DHL	-8920	-8920	5	10	6	10	33	30	19	0	17	15468051	1810	2357	1241	2216	9263	7013	7501	5032	
DHL	-8940	-8940	5	10	6	10	34	28	19	0	19	15461379	1810	2357	1241	2216	9263	7013	7501	5032	
DHL	-8960	-8960	7	9	7	11	35	28	20	0	19	15454889	1810	2357	1241	2216	9263	7013	7501	5032	
DHL	-8980	-8980	6	10	8	11	33	29	24	0	20	15448617	1810	2357	1241	2216	9263	7013	7501	5032	
DHL	-9000	-9000	7	9	8	11	32	34	25	0	20	15442454	1810	2357	1241	2216	9263	7013	7501	5032	
DHL	-9020	-9020	7	10	8	10	31	32	26	0	19	15436551	1810	2357	1241	2216	9263	7013	7501	5032	
DHL	-9040	-9040	7	10	8	9	32	36	25	0	19	15430775	1810	2357	1241	2216	9263	7013	7501	5032	
DHL	-9060	-9060	7	10	9	10	32	37	26	0	20	15424794	1810	2357	1241	2216	9263	7013	7501	5032	
DHL	-9080	-9080	8	11	10	10	32	36	26	0	18	15418797	1810	2357	1241	2216	9263	7013	7501	5032	
DHL	-9100	-9100	8	10	10	10	29	34	24	0	19	15413082	1810	2357	1241	2216	9263	7013	7501	5032	
DHL	-9120	-9120	7	12	10	10	29	36	25	0	21	15407477	1810	2357	1241	2216	9263	7013	7501	5032	
DHL	-9140	-9140	8	12	7	11	27	38	27	0	21	15401702	1810	2357	1241	2216	9263	7013	7501	5032	
DHL	-9160	-9160	7	13	8	11	29	35	28	0	23	15396141	1810	2357	1241	2216	9263	7013	7501	5032	
DHL	-9180	-9180	7	13	8	11	30	34	27	0	22	15390732	1810	2357	1241	2216	9263	7013	7501	5032	
DHL	-9200	-9200	6	13	9	11	27	34	28	0	22	15385351	1810	2357	1241	2216	9263	7013	7501	5032	
DHL	-9220	-9220	6	13	9	12	26	35	29	0	20	15379876	1810	2357	1241	2216	9263	7013	7501	5032	
DHL	-9240	-9240	6	12	9	12	24	35	29	0	20	15374303	1810	2357	1241	2216	9263	7013	7501	5032	
DHL	-9260	-9260	6	13	9	12	24	35	29	0	20	15368627	1810	2357	1241	2216	9263	7013	7501	5032	
DHL	-9280	-9280	7	14	8	14	22	33	28	0	23	15362881	1810	2357	1241	2216	9263	7013	7501	5032	
DHL	-9300	-9300	8	13	10	14	22	31	29	0	23	15357142	1810	2357	1241	2216	9263	7013	7501	5032	
DHL	-9320	-9320	8	14	10	14	21	33	30	0	23	15351180	1810	2357	1241	2216	9263	7013	7501	5032	
DHL	-9340	-9340	8	15	9	13	21	32	30	0	20	15344963	1810	2357	1241	2216	9263	7013	7501	5032	
DHL	-9360	-9360	9	15	9	13	21	30	30	0	20	15338611	1810	2357	1241	2216	9263	7013	7501	5032	
DHL	-9380	-9380	9	15	10	12	20	28	31	0	20	15332215	1810	2357	1241	2216	9263	7013	7501	5032	
DHL	-9400	-9400	9	16	10	11	21	31	31	0	21	15325790	1810	2357	1241	2216	9263	7013	7501	5032	
DHL	-9420	-9420	9	18	10	11	22	32	31	0	21	15319159	1810	2357	1241	2216	9263	7013	7501	5032	
DHL	-9440	-9440	9	19	10	12	22	35	34	0	22	15312374	1810	2357	1241	2216	9263	7013	7501	5032	
DHL	-9460	-9460	7	20	9	13	20	35	34	0	23	15305456	1810	2357	1241	2216	9263	7013	7501	5032	
DHL	-9480	-9480	8	19	9	13	19	35	32	0	23	15298457	1810	2357	1241	2216	9263	7013	7501	5032	
DHL	-9500	-9500	8	19	9	13	20	31	32	0	23	15291285	1810	2357	1241	2216	9263	7013	7501	5032	
DHL	-9520	-9520	8	19	9	13	21	32	32	0	24	15284016	1810	2357	1241	2216	9263	7013	7501	5032	
DHL	-9540	-9540	8	20	9	13	20	30	33	0	24	15276679	1810	2357	1241	2216	9263	7013	7501	5032	
DHL	-9560	-9560	9	21	8	13	18	31	33	0	24	15269601	1810	2357	1241	2216	9263	7013	7501	5032	
DHL	-9580	-9580	8	20	9	14	20	32	35	0	24	15262628	1810	2357	1241	2216	9263	7013	7501	5032	
DHL	-9600	-9600	8	20	9	14	24	35	36	0	23	15255469	1810	2357	1241	2216	9263	7013	7501	5032	
DHL	-9620	-9620	8	19	9	15	26	34	35	0	21	15248098	1810	2357	1241	2216	9263	7013	7501	5032	
DHL	-9640	-9640	7	18	9	16	26	32	35	0	21	15240678	1810	2357	1241	2216	9263	7013	7501	5032	
DHL	-9660	-9660	8	17	8	17	24	32	36	0	20	15232917	1810	2357	1241	2216	9263	7013	7501	5032	
DHL	-9680	-9680	9	18	8	17	25	33	36	0	22	15225285	1810	2357	1241	2216	9263	7013	7501	5032	
DHL	-9700	-9700	9	19	7	17	28	32	34	0	24	15217681	1810	2357	1241	2216	9263	7013	7501	5032	
DHL	-9720	-9720	9	20	7	16	28	31	36	0	24	15210238	1810	2357	1241	2216	9263	7013	7501	5032	
DHL	-9740	-9740	9	21	8	16	31	30	37	0	23	15202997	1810	2357	1241	2216	9263	7013	7501	5032	
DHL	-9760	-9760	8	18	8	16	30	31	38	0	24	15195968	1810	2357	1241	2216	9263	7013	7501	5032	
DHL	-9780	-9780	7	17	8	15	31	31	39	0	21	15189168	1810	2357	1241	2216	9263	7013	7501	5032	
DHL	-9800	-9800	7	17	6	15	30	33	38	0	20	15182453	1810	2357	1241	2216	9263	7013	7501	5032	
DHL	-9820	-9820	7	15	6	14	34	33	39	0	20	15175640	1810	2357	1241	2216	9263	7013	7501	5032	
DHL	-9840	-9840	7	14	6	13	33	33	39	0	20	15169497	1810	2357	1241	2216	9263	7013	7501	5032	
DHL	-9860	-9860	7	14	5	14	33	35	38	0	19	15163597	1810	2357	1241	2216	9263	7013	7501	5032	
DHL	-9880	-9880	8	14	4	14	35	33	36	0	19	15157817	1810	2357	1241	2216	9263	7013	7501	5032	
DHL	-9900	-9900	8	13	4	14	38	31	37	0	18	15152017	1810	2357	1241	2216	9263	7013	7501	5032	
DHL	-9920	-9920	9	11	4	15	38	30	36	0	19	15146450	1810	2357	1241	2216	9263	7013	7501	5032	
DHL	-9940	-9940	10	10	4	14	39	28	33	0	17	15140889	1810	2357	1241	2216	9263	7013	7501	5032	
DHL	-9960	-9960	10	9	4	12	40	32	32	0	16	15135267	1810	2357	1241	2216	9263	7013	7501	5032	
DHL	-9980	-9980	9	10	3	13	41	31	31	0	15	15129677	1810	2357	1241	2216	9263	7013	7501	5032	
DHL	-10000	-10000	8	10	4	13	40	31	32	0	16	15123913	1810	2357	1241	2216	9263	7013	7501	5032	
