FL	0	0	20	37	0	26	31	4	6	95	0	19068500	6075	4775	148	1925	4244	4632	2536	13292	512	
FL	20	20	21	33	0	26	28	4	6	94	0	17814355	6075	4775	148	1925	4244	4632	2536	13292	512	
FL	40	40	23	35	0	29	28	4	6	92	0	17769620	6075	4775	148	1925	4244	4632	2536	13292	512	
FL	60	60	26	34	0	32	28	4	5	90	0	17726394	6075	4775	148	1925	4244	4632	2536	13292	512	
FL	80	80	24	33	0	30	27	4	4	93	0	17684031	6075	4775	148	1925	4244	4632	2536	13292	512	
FL	100	100	25	35	0	33	26	4	5	92	0	17644110	6075	4775	148	1925	4244	4632	2536	13292	512	
FL	120	120	22	36	0	32	28	3	6	94	1	17606624	6075	4775	148	1925	4244	4632	2536	13292	512	
FL	140	140	21	34	0	34	28	3	6	95	1	17571905	6075	4775	148	1925	4244	4632	2536	13292	512	
FL	160	160	20	34	0	33	29	4	7	97	1	17541738	6075	4775	148	1925	4244	4632	2536	13292	512	
FL	180	180	21	36	0	30	28	4	7	99	1	17516856	6075	4775	148	1925	4244	4632	2536	13292	512	
FL	200	200	21	34	0	32	27	5	6	104	1	17501959	6075	4775	148	1925	4244	4632	2536	13292	512	
FL	220	220	23	30	0	32	26	6	9	110	1	17499945	6075	4775	148	1925	4244	4632	2536	13292	512	
FL	240	240	26	28	0	34	25	7	9	118	1	17509398	6075	4775	148	1925	4244	4632	2536	13292	512	
FL	260	260	27	27	0	34	24	9	9	121	1	17525408	6075	4775	148	1925	4244	4632	2536	13292	512	
FL	280	280	26	28	0	36	26	11	10	124	1	17542386	6075	4775	148	1925	4244	4632	2536	13292	512	
FL	300	300	25	28	0	38	27	11	11	126	1	17558438	6075	4775	148	1925	4244	4632	2536	13292	512	
FL	320	320	26	29	0	42	25	11	11	127	2	17573149	6075	4775	148	1925	4244	4632	2536	13292	512	
FL	340	340	28	30	0	44	27	13	11	128	2	17586078	6075	4775	148	1925	4244	4632	2536	13292	512	
FL	360	360	29	33	0	44	30	13	11	127	2	17597046	6075	4775	148	1925	4244	4632	2536	13292	512	
FL	380	380	28	32	0	46	30	13	11	130	2	17605677	6075	4775	148	1925	4244	4632	2536	13292	512	
FL	400	400	28	33	0	44	33	13	11	131	2	17611576	6075	4775	148	1925	4244	4632	2536	13292	512	
FL	420	420	28	32	1	44	31	12	11	131	2	17612825	6075	4775	148	1925	4244	4632	2536	13292	512	
FL	440	440	28	31	1	44	30	12	11	131	2	17611389	6075	4775	148	1925	4244	4632	2536	13292	512	
FL	460	460	29	30	1	47	31	13	12	127	2	17607030	6075	4775	148	1925	4244	4632	2536	13292	512	
FL	480	480	29	29	1	51	32	13	12	123	2	17600573	6075	4775	148	1925	4244	4632	2536	13292	512	
FL	500	500	28	28	1	56	30	12	12	124	2	17593155	6075	4775	148	1925	4244	4632	2536	13292	512	
FL	520	520	27	28	1	57	31	12	13	117	2	17585759	6075	4775	148	1925	4244	4632	2536	13292	512	
FL	540	540	25	28	1	58	31	12	13	112	2	17578988	6075	4775	148	1925	4244	4632	2536	13292	512	
FL	560	560	22	28	1	61	29	12	14	111	2	17573904	6075	4775	148	1925	4244	4632	2536	13292	512	
FL	580	580	22	28	1	63	29	12	14	108	3	17570443	6075	4775	148	1925	4244	4632	2536	13292	512	
FL	600	600	21	27	1	65	28	13	13	111	3	17568477	6075	4775	148	1925	4244	4632	2536	13292	512	
FL	620	620	22	27	1	66	27	16	13	111	2	17567636	6075	4775	148	1925	4244	4632	2536	13292	512	
FL	640	640	23	27	1	65	28	17	14	113	2	17568536	6075	4775	148	1925	4244	4632	2536	13292	512	
FL	660	660	23	25	1	67	27	16	14	110	2	17570555	6075	4775	148	1925	4244	4632	2536	13292	512	
FL	680	680	23	24	1	68	30	16	14	107	2	17574494	6075	4775	148	1925	4244	4632	2536	13292	512	
FL	700	700	22	26	1	68	32	15	16	106	2	17578954	6075	4775	148	1925	4244	4632	2536	13292	512	
FL	720	720	22	28	1	66	34	14	15	102	3	17584338	6075	4775	148	1925	4244	4632	2536	13292	512	
FL	740	740	19	26	1	64	38	12	14	95	3	17590828	6075	4775	148	1925	4244	4632	2536	13292	512	
FL	760	760	18	27	1	65	39	11	15	94	3	17597564	6075	4775	148	1925	4244	4632	2536	13292	512	
FL	780	780	18	27	1	64	37	9	14	91	3	17604514	6075	4775	148	1925	4244	4632	2536	13292	512	
FL	800	800	16	27	1	62	37	10	14	90	3	17611833	6075	4775	148	1925	4244	4632	2536	13292	512	
FL	820	820	16	31	1	61	38	10	13	87	2	17619967	6075	4775	148	1925	4244	4632	2536	13292	512	
FL	840	840	14	31	1	61	36	8	14	85	2	17628903	6075	4775	148	1925	4244	4632	2536	13292	512	
FL	860	860	14	29	1	62	33	8	16	86	2	17638018	6075	4775	148	1925	4244	4632	2536	13292	512	
FL	880	880	15	30	1	60	33	9	16	82	2	17646678	6075	4775	148	1925	4244	4632	2536	13292	512	
FL	900	900	16	30	1	61	30	9	16	86	2	17655214	6075	4775	148	1925	4244	4632	2536	13292	512	
FL	920	920	21	29	0	61	31	9	16	85	2	17663152	6075	4775	148	1925	4244	4632	2536	13292	512	
FL	940	940	21	29	0	60	32	9	16	84	2	17670418	6075	4775	148	1925	4244	4632	2536	13292	512	
FL	960	960	20	29	0	56	32	8	15	83	2	17677816	6075	4775	148	1925	4244	4632	2536	13292	512	
FL	980	980	22	28	0	50	34	9	16	83	2	17684943	6075	4775	148	1925	4244	4632	2536	13292	512	
FL	1000	1000	22	29	0	46	34	9	18	80	2	17692185	6075	4775	148	1925	4244	4632	2536	13292	512	
FL	1020	1020	23	30	0	46	31	9	17	83	2	17699467	6075	4775	148	1925	4244	4632	2536	13292	512	
FL	1040	1040	24	28	0	43	31	9	16	89	4	17707222	6075	4775	148	1925	4244	4632	2536	13292	512	
FL	1060	1060	23	26	0	38	33	9	15	87	5	17714899	6075	4775	148	1925	4244	4632	2536	13292	512	
FL	1080	1080	23	27	0	35	34	9	15	87	5	17722303	6075	4775	148	1925	4244	4632	2536	13292	512	
FL	1100	1100	23	27	0	33	33	8	15	83	5	17729858	6075	4775	148	1925	4244	4632	2536	13292	512	
FL	1120	1120	23	28	0	35	31	6	15	82	5	17737889	6075	4775	148	1925	4244	4632	2536	13292	512	
FL	1140	1140	23	30	0	34	31	6	14	80	5	17745492	6075	4775	148	1925	4244	4632	2536	13292	512	
FL	1160	1160	23	32	0	35	31	7	13	76	5	17752779	6075	4775	148	1925	4244	4632	2536	13292	512	
FL	1180	1180	25	31	0	35	30	8	13	76	5	17759673	6075	4775	148	1925	4244	4632	2536	13292	512	
FL	1200	1200	25	31	0	34	28	9	13	73	5	17766532	6075	4775	148	1925	4244	4632	2536	13292	512	
FL	1220	1220	21	31	0	35	27	9	11	74	4	17773344	6075	4775	148	1925	4244	4632	2536	13292	512	
FL	1240	1240	23	31	0	36	25	9	12	73	5	17779731	6075	4775	148	1925	4244	4632	2536	13292	512	
FL	1260	1260	25	32	0	37	23	9	12	74	5	17786006	6075	4775	148	1925	4244	4632	2536	13292	512	
FL	1280	1280	28	32	1	37	24	11	13	74	5	17791752	6075	4775	148	1925	4244	4632	2536	13292	512	
FL	1300	1300	28	35	1	39	24	10	12	75	6	17797647	6075	4775	148	1925	4244	4632	2536	13292	512	
FL	1320	1320	28	30	1	36	23	10	12	79	7	17803150	6075	4775	148	1925	4244	4632	2536	13292	512	
FL	1340	1340	29	30	1	33	24	11	12	76	7	17807661	6075	4775	148	1925	4244	4632	2536	13292	512	
FL	1360	1360	28	29	1	32	26	11	11	73	8	17811624	6075	4775	148	1925	4244	4632	2536	13292	512	
FL	1380	1380	27	29	1	32	27	10	11	76	8	17815372	6075	4775	148	1925	4244	4632	2536	13292	512	
FL	1400	1400	27	28	1	30	27	11	11	71	8	17819019	6075	4775	148	1925	4244	4632	2536	13292	512	
FL	1420	1420	22	28	1	29	26	11	11	70	9	17822559	6075	4775	148	1925	4244	4632	2536	13292	512	
FL	1440	1440	21	27	1	29	24	12	11	75	9	17825412	6075	4775	148	1925	4244	4632	2536	13292	512	
FL	1460	1460	21	28	3	29	23	12	11	80	9	17827447	6075	4775	148	1925	4244	4632	2536	13292	512	
FL	1480	1480	20	28	4	29	22	11	11	81	9	17829128	6075	4775	148	1925	4244	4632	2536	13292	512	
FL	1500	1500	21	26	5	28	22	11	10	82	9	17830578	6075	4775	148	1925	4244	4632	2536	13292	512	
FL	1520	1520	20	25	5	27	25	12	10	79	10	17832054	6075	4775	148	1925	4244	4632	2536	13292	512	
FL	1540	1540	19	24	6	28	25	13	10	72	8	17833312	6075	4775	148	1925	4244	4632	2536	13292	512	
FL	1560	1560	24	24	6	28	26	14	10	74	7	17834384	6075	4775	148	1925	4244	4632	2536	13292	512	
FL	1580	1580	25	25	6	31	24	15	10	71	6	17835263	6075	4775	148	1925	4244	4632	2536	13292	512	
FL	1600	1600	27	24	6	29	24	15	11	70	6	17835437	6075	4775	148	1925	4244	4632	2536	13292	512	
FL	1620	1620	26	23	6	27	25	14	10	68	6	17835443	6075	4775	148	1925	4244	4632	2536	13292	512	
FL	1640	1640	26	22	6	26	24	14	10	67	7	17835594	6075	4775	148	1925	4244	4632	2536	13292	512	
FL	1660	1660	28	23	6	23	24	16	10	68	7	17835360	6075	4775	148	1925	4244	4632	2536	13292	512	
FL	1680	1680	30	24	6	24	22	15	10	69	7	17834817	6075	4775	148	1925	4244	4632	2536	13292	512	
FL	1700	1700	29	22	6	26	22	14	8	68	7	17834256	6075	4775	148	1925	4244	4632	2536	13292	512	
FL	1720	1720	31	21	6	24	21	14	8	70	7	17833723	6075	4775	148	1925	4244	4632	2536	13292	512	
FL	1740	1740	32	23	6	23	20	14	7	73	6	17833267	6075	4775	148	1925	4244	4632	2536	13292	512	
FL	1760	1760	30	21	6	21	21	14	6	72	7	17832602	6075	4775	148	1925	4244	4632	2536	13292	512	
FL	1780	1780	28	20	5	21	20	13	6	71	7	17831914	6075	4775	148	1925	4244	4632	2536	13292	512	
FL	1800	1800	29	19	5	21	19	14	6	69	7	17830610	6075	4775	148	1925	4244	4632	2536	13292	512	
FL	1820	1820	28	21	5	21	22	15	6	64	6	17828594	6075	4775	148	1925	4244	4632	2536	13292	512	
FL	1840	1840	27	20	5	24	22	14	5	65	6	17826620	6075	4775	148	1925	4244	4632	2536	13292	512	
FL	1860	1860	28	21	5	25	21	15	5	65	5	17824631	6075	4775	148	1925	4244	4632	2536	13292	512	
FL	1880	1880	27	20	6	25	21	15	5	58	5	17822661	6075	4775	148	1925	4244	4632	2536	13292	512	
FL	1900	1900	26	21	6	25	23	14	6	58	5	17820921	6075	4775	148	1925	4244	4632	2536	13292	512	
FL	1920	1920	26	22	6	27	25	14	7	56	4	17818877	6075	4775	148	1925	4244	4632	2536	13292	512	
FL	1940	1940	26	23	6	29	27	13	7	53	4	17816668	6075	4775	148	1925	4244	4632	2536	13292	512	
FL	1960	1960	29	25	4	30	28	13	7	54	4	17814497	6075	4775	148	1925	4244	4632	2536	13292	512	
FL	1980	1980	28	28	3	32	27	13	7	58	5	17812548	6075	4775	148	1925	4244	4632	2536	13292	512	
FL	2000	2000	28	29	2	36	27	14	6	57	5	17810308	6075	4775	148	1925	4244	4632	2536	13292	512	
FL	2020	2020	29	31	2	38	24	13	7	61	4	17807857	6075	4775	148	1925	4244	4632	2536	13292	512	
FL	2040	2040	31	33	1	36	24	13	9	66	4	17805162	6075	4775	148	1925	4244	4632	2536	13292	512	
FL	2060	2060	26	38	1	37	23	13	9	65	4	17802270	6075	4775	148	1925	4244	4632	2536	13292	512	
FL	2080	2080	27	36	1	36	23	13	9	67	4	17799260	6075	4775	148	1925	4244	4632	2536	13292	512	
FL	2100	2100	29	38	1	35	24	13	8	66	4	17796204	6075	4775	148	1925	4244	4632	2536	13292	512	
FL	2120	2120	31	38	1	34	24	13	9	68	4	17792989	6075	4775	148	1925	4244	4632	2536	13292	512	
FL	2140	2140	31	39	1	35	25	13	11	68	3	17789540	6075	4775	148	1925	4244	4632	2536	13292	512	
FL	2160	2160	30	37	1	37	25	12	12	73	3	17786352	6075	4775	148	1925	4244	4632	2536	13292	512	
FL	2180	2180	27	36	1	35	27	13	13	75	3	17783171	6075	4775	148	1925	4244	4632	2536	13292	512	
FL	2200	2200	28	36	1	33	27	13	13	76	3	17779538	6075	4775	148	1925	4244	4632	2536	13292	512	
FL	2220	2220	26	35	1	34	28	14	14	71	3	17775322	6075	4775	148	1925	4244	4632	2536	13292	512	
FL	2240	2240	23	33	1	33	28	16	14	70	3	17770955	6075	4775	148	1925	4244	4632	2536	13292	512	
FL	2260	2260	23	34	1	32	29	19	14	71	2	17766422	6075	4775	148	1925	4244	4632	2536	13292	512	
FL	2280	2280	22	34	1	32	30	18	14	76	2	17761703	6075	4775	148	1925	4244	4632	2536	13292	512	
FL	2300	2300	21	34	1	33	30	18	14	79	1	17757065	6075	4775	148	1925	4244	4632	2536	13292	512	
FL	2320	2320	24	32	1	32	27	18	16	82	1	17752893	6075	4775	148	1925	4244	4632	2536	13292	512	
FL	2340	2340	24	33	1	29	26	20	17	81	1	17748898	6075	4775	148	1925	4244	4632	2536	13292	512	
FL	2360	2360	23	32	1	28	27	20	16	80	1	17744859	6075	4775	148	1925	4244	4632	2536	13292	512	
FL	2380	2380	24	33	0	29	27	21	17	84	1	17740740	6075	4775	148	1925	4244	4632	2536	13292	512	
FL	2400	2400	25	35	0	29	25	23	17	86	2	17736246	6075	4775	148	1925	4244	4632	2536	13292	512	
FL	2420	2420	26	34	0	30	23	24	16	87	2	17731919	6075	4775	148	1925	4244	4632	2536	13292	512	
FL	2440	2440	28	32	0	30	21	25	17	84	2	17727664	6075	4775	148	1925	4244	4632	2536	13292	512	
FL	2460	2460	26	32	0	30	21	27	17	77	2	17723602	6075	4775	148	1925	4244	4632	2536	13292	512	
FL	2480	2480	26	29	0	29	19	28	16	72	2	17719346	6075	4775	148	1925	4244	4632	2536	13292	512	
FL	2500	2500	26	29	0	26	18	28	16	72	3	17715151	6075	4775	148	1925	4244	4632	2536	13292	512	
FL	2520	2520	25	28	0	23	18	29	15	73	3	17710994	6075	4775	148	1925	4244	4632	2536	13292	512	
FL	2540	2540	24	26	0	23	18	28	13	73	3	17706849	6075	4775	148	1925	4244	4632	2536	13292	512	
FL	2560	2560	25	21	0	21	16	30	13	74	3	17702501	6075	4775	148	1925	4244	4632	2536	13292	512	
FL	2580	2580	23	22	0	20	17	29	13	72	3	17698017	6075	4775	148	1925	4244	4632	2536	13292	512	
FL	2600	2600	20	21	0	22	17	30	14	73	3	17693585	6075	4775	148	1925	4244	4632	2536	13292	512	
FL	2620	2620	20	20	0	22	16	32	13	74	3	17688992	6075	4775	148	1925	4244	4632	2536	13292	512	
FL	2640	2640	20	19	0	21	15	31	13	76	3	17684563	6075	4775	148	1925	4244	4632	2536	13292	512	
FL	2660	2660	20	20	0	19	17	31	12	71	3	17679946	6075	4775	148	1925	4244	4632	2536	13292	512	
FL	2680	2680	19	20	0	19	16	31	12	71	3	17675133	6075	4775	148	1925	4244	4632	2536	13292	512	
FL	2700	2700	18	23	0	18	17	32	14	69	3	17670261	6075	4775	148	1925	4244	4632	2536	13292	512	
FL	2720	2720	20	26	0	18	18	31	15	69	3	17665389	6075	4775	148	1925	4244	4632	2536	13292	512	
FL	2740	2740	22	27	1	18	17	32	16	68	3	17660272	6075	4775	148	1925	4244	4632	2536	13292	512	
FL	2760	2760	23	26	2	18	15	30	16	66	3	17655275	6075	4775	148	1925	4244	4632	2536	13292	512	
FL	2780	2780	22	26	2	17	14	31	15	61	3	17650576	6075	4775	148	1925	4244	4632	2536	13292	512	
FL	2800	2800	24	24	2	15	15	31	15	60	3	17645989	6075	4775	148	1925	4244	4632	2536	13292	512	
FL	2820	2820	22	25	2	14	15	30	13	57	3	17641248	6075	4775	148	1925	4244	4632	2536	13292	512	
FL	2840	2840	22	26	2	14	16	29	12	56	3	17636396	6075	4775	148	1925	4244	4632	2536	13292	512	
FL	2860	2860	23	27	2	14	15	28	13	57	4	17631595	6075	4775	148	1925	4244	4632	2536	13292	512	
FL	2880	2880	25	28	4	13	14	27	12	54	4	17626769	6075	4775	148	1925	4244	4632	2536	13292	512	
FL	2900	2900	25	26	4	13	15	26	12	52	4	17621984	6075	4775	148	1925	4244	4632	2536	13292	512	
FL	2920	2920	26	29	4	12	16	27	12	52	3	17617271	6075	4775	148	1925	4244	4632	2536	13292	512	
FL	2940	2940	25	29	4	10	16	31	11	53	3	17612619	6075	4775	148	1925	4244	4632	2536	13292	512	
FL	2960	2960	27	28	4	10	15	30	11	57	3	17607553	6075	4775	148	1925	4244	4632	2536	13292	512	
FL	2980	2980	27	29	4	9	16	29	13	58	2	17602272	6075	4775	148	1925	4244	4632	2536	13292	512	
FL	3000	3000	27	30	4	10	16	29	13	59	1	17596685	6075	4775	148	1925	4244	4632	2536	13292	512	
FL	3020	3020	29	30	4	10	17	30	15	57	1	17590858	6075	4775	148	1925	4244	4632	2536	13292	512	
FL	3040	3040	28	30	4	10	17	32	15	54	1	17585074	6075	4775	148	1925	4244	4632	2536	13292	512	
FL	3060	3060	28	31	4	10	18	29	16	58	1	17579412	6075	4775	148	1925	4244	4632	2536	13292	512	
FL	3080	3080	28	32	4	10	19	29	17	60	2	17573587	6075	4775	148	1925	4244	4632	2536	13292	512	
FL	3100	3100	28	33	4	8	18	28	16	60	2	17567581	6075	4775	148	1925	4244	4632	2536	13292	512	
FL	3120	3120	26	35	5	7	19	28	17	57	3	17561396	6075	4775	148	1925	4244	4632	2536	13292	512	
FL	3140	3140	27	35	5	7	19	29	15	57	3	17554701	6075	4775	148	1925	4244	4632	2536	13292	512	
FL	3160	3160	26	34	5	8	18	28	15	59	3	17548064	6075	4775	148	1925	4244	4632	2536	13292	512	
FL	3180	3180	29	35	5	8	19	28	14	58	3	17541906	6075	4775	148	1925	4244	4632	2536	13292	512	
FL	3200	3200	30	32	5	9	19	27	12	60	3	17535985	6075	4775	148	1925	4244	4632	2536	13292	512	
FL	3220	3220	28	31	5	8	18	27	11	61	3	17530153	6075	4775	148	1925	4244	4632	2536	13292	512	
FL	3240	3240	31	31	4	8	18	24	10	61	3	17524297	6075	4775	148	1925	4244	4632	2536	13292	512	
FL	3260	3260	31	33	3	8	20	22	10	60	3	17517880	6075	4775	148	1925	4244	4632	2536	13292	512	
FL	3280	3280	31	34	3	8	20	21	11	59	3	17511087	6075	4775	148	1925	4244	4632	2536	13292	512	
FL	3300	3300	29	34	3	9	20	21	11	58	3	17504216	6075	4775	148	1925	4244	4632	2536	13292	512	
FL	3320	3320	28	34	3	10	20	21	12	59	3	17497209	6075	4775	148	1925	4244	4632	2536	13292	512	
FL	3340	3340	31	33	3	11	19	20	13	60	3	17490186	6075	4775	148	1925	4244	4632	2536	13292	512	
FL	3360	3360	31	34	3	13	18	21	13	62	2	17483033	6075	4775	148	1925	4244	4632	2536	13292	512	
FL	3380	3380	30	33	1	13	19	22	12	64	2	17476183	6075	4775	148	1925	4244	4632	2536	13292	512	
FL	3400	3400	29	33	1	17	18	22	12	62	2	17469263	6075	4775	148	1925	4244	4632	2536	13292	512	
FL	3420	3420	28	31	1	15	19	20	13	62	2	17462366	6075	4775	148	1925	4244	4632	2536	13292	512	
FL	3440	3440	27	33	1	15	20	15	13	63	2	17455391	6075	4775	148	1925	4244	4632	2536	13292	512	
FL	3460	3460	25	32	1	15	20	15	14	63	2	17448395	6075	4775	148	1925	4244	4632	2536	13292	512	
FL	3480	3480	25	34	1	16	22	16	12	64	2	17441423	6075	4775	148	1925	4244	4632	2536	13292	512	
FL	3500	3500	26	32	1	14	23	15	13	64	2	17434509	6075	4775	148	1925	4244	4632	2536	13292	512	
FL	3520	3520	26	31	1	14	22	13	11	62	2	17427659	6075	4775	148	1925	4244	4632	2536	13292	512	
FL	3540	3540	26	31	1	15	24	11	12	65	2	17420674	6075	4775	148	1925	4244	4632	2536	13292	512	
FL	3560	3560	26	32	1	17	24	12	11	60	2	17413598	6075	4775	148	1925	4244	4632	2536	13292	512	
FL	3580	3580	27	31	1	17	22	12	10	60	1	17406437	6075	4775	148	1925	4244	4632	2536	13292	512	
FL	3600	3600	26	29	1	18	23	14	10	61	1	17399402	6075	4775	148	1925	4244	4632	2536	13292	512	
FL	3620	3620	26	28	0	19	23	13	9	61	0	17392513	6075	4775	148	1925	4244	4632	2536	13292	512	
FL	3640	3640	25	27	0	19	23	13	10	60	0	17385932	6075	4775	148	1925	4244	4632	2536	13292	512	
FL	3660	3660	27	28	0	19	23	14	10	58	0	17379265	6075	4775	148	1925	4244	4632	2536	13292	512	
FL	3680	3680	25	28	0	19	22	16	10	58	0	17372396	6075	4775	148	1925	4244	4632	2536	13292	512	
FL	3700	3700	27	30	0	18	21	17	10	57	0	17365498	6075	4775	148	1925	4244	4632	2536	13292	512	
FL	3720	3720	27	30	0	19	20	19	10	55	0	17358673	6075	4775	148	1925	4244	4632	2536	13292	512	
FL	3740	3740	22	30	0	20	20	20	10	55	0	17351920	6075	4775	148	1925	4244	4632	2536	13292	512	
FL	3760	3760	22	30	0	21	18	21	10	60	0	17345575	6075	4775	148	1925	4244	4632	2536	13292	512	
FL	3780	3780	25	28	0	22	18	21	12	62	0	17339473	6075	4775	148	1925	4244	4632	2536	13292	512	
FL	3800	3800	25	29	0	21	18	21	12	62	0	17333379	6075	4775	148	1925	4244	4632	2536	13292	512	
FL	3820	3820	26	29	0	20	18	23	11	60	0	17327337	6075	4775	148	1925	4244	4632	2536	13292	512	
FL	3840	3840	24	32	0	20	17	24	11	60	0	17321107	6075	4775	148	1925	4244	4632	2536	13292	512	
FL	3860	3860	24	31	0	19	17	23	11	59	0	17314704	6075	4775	148	1925	4244	4632	2536	13292	512	
FL	3880	3880	23	31	0	19	16	24	11	57	0	17308277	6075	4775	148	1925	4244	4632	2536	13292	512	
FL	3900	3900	23	31	0	15	15	24	11	57	0	17301831	6075	4775	148	1925	4244	4632	2536	13292	512	
FL	3920	3920	25	34	0	18	13	24	10	59	0	17295425	6075	4775	148	1925	4244	4632	2536	13292	512	
FL	3940	3940	26	32	0	18	12	26	10	59	0	17289009	6075	4775	148	1925	4244	4632	2536	13292	512	
FL	3960	3960	26	31	0	17	13	25	9	60	0	17282529	6075	4775	148	1925	4244	4632	2536	13292	512	
FL	3980	3980	28	28	0	16	10	27	11	62	0	17276048	6075	4775	148	1925	4244	4632	2536	13292	512	
FL	4000	4000	28	29	0	17	11	29	10	62	0	17269562	6075	4775	148	1925	4244	4632	2536	13292	512	
FL	4020	4020	27	30	0	17	11	30	13	64	0	17262985	6075	4775	148	1925	4244	4632	2536	13292	512	
FL	4040	4040	27	31	0	16	10	30	12	59	0	17256325	6075	4775	148	1925	4244	4632	2536	13292	512	
FL	4060	4060	30	31	0	15	10	29	12	59	0	17249764	6075	4775	148	1925	4244	4632	2536	13292	512	
FL	4080	4080	30	30	0	14	12	29	12	58	0	17243405	6075	4775	148	1925	4244	4632	2536	13292	512	
FL	4100	4100	32	30	0	13	14	27	13	58	0	17237179	6075	4775	148	1925	4244	4632	2536	13292	512	
FL	4120	4120	33	30	0	13	13	26	13	59	0	17230984	6075	4775	148	1925	4244	4632	2536	13292	512	
FL	4140	4140	33	32	0	15	13	27	12	59	0	17224805	6075	4775	148	1925	4244	4632	2536	13292	512	
FL	4160	4160	31	31	0	15	12	27	15	64	0	17218793	6075	4775	148	1925	4244	4632	2536	13292	512	
FL	4180	4180	31	31	0	15	11	24	15	67	0	17212558	6075	4775	148	1925	4244	4632	2536	13292	512	
FL	4200	4200	29	30	0	16	12	25	18	73	0	17206449	6075	4775	148	1925	4244	4632	2536	13292	512	
FL	4220	4220	29	28	0	15	16	25	18	75	0	17200156	6075	4775	148	1925	4244	4632	2536	13292	512	
FL	4240	4240	32	29	0	14	17	28	19	74	1	17193911	6075	4775	148	1925	4244	4632	2536	13292	512	
FL	4260	4260	31	28	0	13	18	30	19	69	1	17187374	6075	4775	148	1925	4244	4632	2536	13292	512	
FL	4280	4280	30	29	0	13	19	32	16	66	1	17180659	6075	4775	148	1925	4244	4632	2536	13292	512	
FL	4300	4300	31	29	0	13	19	35	17	67	1	17173835	6075	4775	148	1925	4244	4632	2536	13292	512	
FL	4320	4320	33	29	0	13	21	34	18	67	1	17166910	6075	4775	148	1925	4244	4632	2536	13292	512	
FL	4340	4340	33	27	0	14	21	33	17	69	2	17160145	6075	4775	148	1925	4244	4632	2536	13292	512	
FL	4360	4360	34	27	0	13	21	33	17	69	2	17153733	6075	4775	148	1925	4244	4632	2536	13292	512	
FL	4380	4380	35	29	0	13	22	33	17	69	2	17147144	6075	4775	148	1925	4244	4632	2536	13292	512	
FL	4400	4400	37	30	0	13	22	33	16	71	2	17140615	6075	4775	148	1925	4244	4632	2536	13292	512	
FL	4420	4420	37	27	0	10	23	33	16	67	2	17133942	6075	4775	148	1925	4244	4632	2536	13292	512	
FL	4440	4440	37	26	1	12	23	32	17	67	2	17127188	6075	4775	148	1925	4244	4632	2536	13292	512	
FL	4460	4460	38	26	1	12	22	33	19	65	3	17120520	6075	4775	148	1925	4244	4632	2536	13292	512	
FL	4480	4480	36	29	1	12	22	31	17	61	3	17113968	6075	4775	148	1925	4244	4632	2536	13292	512	
FL	4500	4500	37	31	1	12	22	29	17	61	3	17107399	6075	4775	148	1925	4244	4632	2536	13292	512	
FL	4520	4520	37	30	1	13	22	30	14	60	3	17100811	6075	4775	148	1925	4244	4632	2536	13292	512	
FL	4540	4540	39	29	2	13	21	30	15	62	3	17094332	6075	4775	148	1925	4244	4632	2536	13292	512	
FL	4560	4560	36	27	2	12	20	32	15	65	3	17087753	6075	4775	148	1925	4244	4632	2536	13292	512	
FL	4580	4580	35	28	2	12	18	32	15	66	3	17081068	6075	4775	148	1925	4244	4632	2536	13292	512	
FL	4600	4600	33	28	2	13	15	33	14	67	4	17074238	6075	4775	148	1925	4244	4632	2536	13292	512	
FL	4620	4620	32	31	2	12	15	36	14	66	4	17067336	6075	4775	148	1925	4244	4632	2536	13292	512	
FL	4640	4640	32	31	2	11	17	35	15	65	4	17060430	6075	4775	148	1925	4244	4632	2536	13292	512	
FL	4660	4660	33	31	2	11	18	35	12	59	4	17053290	6075	4775	148	1925	4244	4632	2536	13292	512	
FL	4680	4680	33	30	2	11	19	35	14	55	4	17046187	6075	4775	148	1925	4244	4632	2536	13292	512	
FL	4700	4700	32	30	2	10	18	34	12	49	4	17039133	6075	4775	148	1925	4244	4632	2536	13292	512	
FL	4720	4720	32	31	2	10	16	34	11	50	4	17032120	6075	4775	148	1925	4244	4632	2536	13292	512	
FL	4740	4740	29	29	2	10	15	32	11	51	3	17025128	6075	4775	148	1925	4244	4632	2536	13292	512	
FL	4760	4760	30	30	2	10	14	29	11	52	3	17018282	6075	4775	148	1925	4244	4632	2536	13292	512	
FL	4780	4780	30	31	2	9	14	27	11	54	3	17011485	6075	4775	148	1925	4244	4632	2536	13292	512	
FL	4800	4800	30	31	2	9	15	24	10	53	3	17004878	6075	4775	148	1925	4244	4632	2536	13292	512	
FL	4820	4820	29	30	2	9	13	23	9	54	3	16998319	6075	4775	148	1925	4244	4632	2536	13292	512	
FL	4840	4840	30	29	2	7	14	24	9	56	2	16991699	6075	4775	148	1925	4244	4632	2536	13292	512	
FL	4860	4860	31	32	2	7	15	25	9	60	2	16984929	6075	4775	148	1925	4244	4632	2536	13292	512	
FL	4880	4880	30	30	2	7	14	25	9	60	2	16978207	6075	4775	148	1925	4244	4632	2536	13292	512	
FL	4900	4900	29	30	2	7	14	24	10	59	2	16971522	6075	4775	148	1925	4244	4632	2536	13292	512	
FL	4920	4920	27	32	2	7	13	25	10	60	2	16964904	6075	4775	148	1925	4244	4632	2536	13292	512	
FL	4940	4940	28	32	1	5	13	24	9	59	2	16958238	6075	4775	148	1925	4244	4632	2536	13292	512	
FL	4960	4960	28	33	1	5	14	25	8	59	1	16951638	6075	4775	148	1925	4244	4632	2536	13292	512	
FL	4980	4980	28	32	1	5	15	24	8	59	1	16944952	6075	4775	148	1925	4244	4632	2536	13292	512	
FL	5000	5000	26	33	1	5	13	25	9	61	1	16938421	6075	4775	148	1925	4244	4632	2536	13292	512	
FL	5020	5020	26	34	1	5	14	23	10	60	1	16932057	6075	4775	148	1925	4244	4632	2536	13292	512	
FL	5040	5040	25	36	0	7	14	24	9	60	1	16925778	6075	4775	148	1925	4244	4632	2536	13292	512	
FL	5060	5060	25	37	0	7	15	25	9	61	1	16919519	6075	4775	148	1925	4244	4632	2536	13292	512	
FL	5080	5080	27	38	0	8	15	25	9	61	1	16913251	6075	4775	148	1925	4244	4632	2536	13292	512	
FL	5100	5100	29	38	0	7	17	26	10	64	0	16906938	6075	4775	148	1925	4244	4632	2536	13292	512	
FL	5120	5120	31	34	0	7	17	23	12	63	0	16900620	6075	4775	148	1925	4244	4632	2536	13292	512	
FL	5140	5140	31	33	1	6	15	25	12	67	0	16894329	6075	4775	148	1925	4244	4632	2536	13292	512	
FL	5160	5160	31	33	1	5	14	23	14	71	0	16888027	6075	4775	148	1925	4244	4632	2536	13292	512	
FL	5180	5180	32	35	1	5	13	24	12	71	0	16881941	6075	4775	148	1925	4244	4632	2536	13292	512	
FL	5200	5200	32	35	1	5	13	23	11	73	0	16875639	6075	4775	148	1925	4244	4632	2536	13292	512	
FL	5220	5220	33	37	3	5	12	21	11	69	0	16869311	6075	4775	148	1925	4244	4632	2536	13292	512	
FL	5240	5240	34	37	3	5	12	20	11	68	0	16863084	6075	4775	148	1925	4244	4632	2536	13292	512	
FL	5260	5260	34	35	3	5	13	20	11	66	0	16856946	6075	4775	148	1925	4244	4632	2536	13292	512	
FL	5280	5280	35	37	3	5	12	21	11	68	0	16850946	6075	4775	148	1925	4244	4632	2536	13292	512	
FL	5300	5300	38	36	3	5	12	22	11	67	0	16844840	6075	4775	148	1925	4244	4632	2536	13292	512	
FL	5320	5320	37	37	3	6	13	24	11	66	1	16838842	6075	4775	148	1925	4244	4632	2536	13292	512	
FL	5340	5340	37	37	3	6	12	23	13	60	1	16832899	6075	4775	148	1925	4244	4632	2536	13292	512	
FL	5360	5360	34	33	3	6	12	22	13	58	1	16826964	6075	4775	148	1925	4244	4632	2536	13292	512	
FL	5380	5380	36	36	3	6	12	23	13	59	1	16820848	6075	4775	148	1925	4244	4632	2536	13292	512	
FL	5400	5400	37	35	3	6	13	24	12	58	2	16814619	6075	4775	148	1925	4244	4632	2536	13292	512	
FL	5420	5420	36	35	3	6	13	24	15	57	2	16808312	6075	4775	148	1925	4244	4632	2536	13292	512	
FL	5440	5440	35	34	3	6	13	24	15	56	2	16802174	6075	4775	148	1925	4244	4632	2536	13292	512	
FL	5460	5460	33	34	3	6	12	22	14	54	2	16795933	6075	4775	148	1925	4244	4632	2536	13292	512	
FL	5480	5480	36	33	3	6	12	23	14	53	2	16789573	6075	4775	148	1925	4244	4632	2536	13292	512	
FL	5500	5500	36	30	3	6	13	22	13	49	2	16783191	6075	4775	148	1925	4244	4632	2536	13292	512	
FL	5520	5520	37	29	3	5	14	24	12	50	2	16776805	6075	4775	148	1925	4244	4632	2536	13292	512	
FL	5540	5540	37	27	3	3	16	24	12	50	2	16770201	6075	4775	148	1925	4244	4632	2536	13292	512	
FL	5560	5560	37	27	3	3	16	22	14	48	2	16763456	6075	4775	148	1925	4244	4632	2536	13292	512	
FL	5580	5580	35	27	3	4	16	22	15	48	2	16756980	6075	4775	148	1925	4244	4632	2536	13292	512	
FL	5600	5600	35	27	3	5	14	22	14	43	3	16750659	6075	4775	148	1925	4244	4632	2536	13292	512	
FL	5620	5620	35	27	3	5	14	23	12	45	4	16744523	6075	4775	148	1925	4244	4632	2536	13292	512	
FL	5640	5640	35	27	2	5	14	20	11	44	4	16738516	6075	4775	148	1925	4244	4632	2536	13292	512	
FL	5660	5660	36	28	2	6	14	20	9	41	4	16732623	6075	4775	148	1925	4244	4632	2536	13292	512	
FL	5680	5680	37	27	2	7	14	21	9	39	4	16726577	6075	4775	148	1925	4244	4632	2536	13292	512	
FL	5700	5700	40	26	2	8	15	22	9	36	4	16720604	6075	4775	148	1925	4244	4632	2536	13292	512	
FL	5720	5720	40	23	0	8	14	23	10	38	4	16714468	6075	4775	148	1925	4244	4632	2536	13292	512	
FL	5740	5740	40	24	0	8	16	24	9	39	4	16708134	6075	4775	148	1925	4244	4632	2536	13292	512	
FL	5760	5760	40	26	0	8	16	24	9	43	4	16701655	6075	4775	148	1925	4244	4632	2536	13292	512	
FL	5780	5780	38	23	0	8	17	24	9	40	4	16694928	6075	4775	148	1925	4244	4632	2536	13292	512	
FL	5800	5800	35	25	0	8	16	25	9	40	4	16687976	6075	4775	148	1925	4244	4632	2536	13292	512	
FL	5820	5820	35	25	0	8	15	27	11	43	3	16680866	6075	4775	148	1925	4244	4632	2536	13292	512	
FL	5840	5840	37	24	0	8	18	31	9	47	3	16673642	6075	4775	148	1925	4244	4632	2536	13292	512	
FL	5860	5860	37	24	0	9	17	31	10	49	3	16666495	6075	4775	148	1925	4244	4632	2536	13292	512	
FL	5880	5880	35	21	0	10	17	28	10	51	4	16659700	6075	4775	148	1925	4244	4632	2536	13292	512	
FL	5900	5900	36	22	0	10	18	28	10	52	3	16652861	6075	4775	148	1925	4244	4632	2536	13292	512	
FL	5920	5920	37	22	0	11	19	29	8	53	3	16645907	6075	4775	148	1925	4244	4632	2536	13292	512	
FL	5940	5940	38	23	0	11	19	30	8	56	3	16638988	6075	4775	148	1925	4244	4632	2536	13292	512	
FL	5960	5960	39	22	0	11	19	30	8	58	3	16632070	6075	4775	148	1925	4244	4632	2536	13292	512	
FL	5980	5980	39	22	0	12	18	31	8	62	3	16625189	6075	4775	148	1925	4244	4632	2536	13292	512	
FL	6000	6000	39	24	0	11	17	32	9	63	3	16618197	6075	4775	148	1925	4244	4632	2536	13292	512	
FL	6020	6020	37	25	0	11	15	31	10	64	4	16611064	6075	4775	148	1925	4244	4632	2536	13292	512	
FL	6040	6040	39	25	0	11	13	30	10	63	4	16604016	6075	4775	148	1925	4244	4632	2536	13292	512	
FL	6060	6060	39	25	0	11	13	30	8	61	4	16597140	6075	4775	148	1925	4244	4632	2536	13292	512	
FL	6080	6080	40	26	0	9	13	33	7	61	4	16590004	6075	4775	148	1925	4244	4632	2536	13292	512	
FL	6100	6100	39	28	0	8	15	33	8	62	3	16582940	6075	4775	148	1925	4244	4632	2536	13292	512	
FL	6120	6120	37	28	0	8	17	33	8	62	2	16575684	6075	4775	148	1925	4244	4632	2536	13292	512	
FL	6140	6140	37	29	0	9	17	34	10	61	2	16568219	6075	4775	148	1925	4244	4632	2536	13292	512	
FL	6160	6160	36	27	0	8	18	37	11	62	3	16560773	6075	4775	148	1925	4244	4632	2536	13292	512	
FL	6180	6180	36	28	0	9	19	35	12	63	3	16553326	6075	4775	148	1925	4244	4632	2536	13292	512	
FL	6200	6200	33	30	0	7	18	34	13	66	3	16545948	6075	4775	148	1925	4244	4632	2536	13292	512	
FL	6220	6220	33	32	0	7	18	34	12	64	4	16538987	6075	4775	148	1925	4244	4632	2536	13292	512	
FL	6240	6240	34	34	0	7	16	32	12	62	4	16532171	6075	4775	148	1925	4244	4632	2536	13292	512	
FL	6260	6260	34	34	0	9	17	33	12	61	4	16525534	6075	4775	148	1925	4244	4632	2536	13292	512	
FL	6280	6280	33	34	0	10	18	33	14	64	4	16519056	6075	4775	148	1925	4244	4632	2536	13292	512	
FL	6300	6300	33	34	0	10	17	33	15	65	4	16512661	6075	4775	148	1925	4244	4632	2536	13292	512	
FL	6320	6320	34	35	0	9	18	31	14	63	4	16506270	6075	4775	148	1925	4244	4632	2536	13292	512	
FL	6340	6340	30	35	0	9	16	27	13	62	4	16499928	6075	4775	148	1925	4244	4632	2536	13292	512	
FL	6360	6360	31	36	0	9	16	29	13	58	4	16493358	6075	4775	148	1925	4244	4632	2536	13292	512	
FL	6380	6380	33	35	0	8	16	32	14	61	3	16486580	6075	4775	148	1925	4244	4632	2536	13292	512	
FL	6400	6400	33	35	0	8	15	32	14	61	3	16479839	6075	4775	148	1925	4244	4632	2536	13292	512	
FL	6420	6420	33	33	0	7	14	31	13	61	3	16473343	6075	4775	148	1925	4244	4632	2536	13292	512	
FL	6440	6440	31	35	0	8	14	31	14	57	3	16466744	6075	4775	148	1925	4244	4632	2536	13292	512	
FL	6460	6460	33	37	0	8	14	31	15	55	3	16459829	6075	4775	148	1925	4244	4632	2536	13292	512	
FL	6480	6480	32	36	0	8	15	29	15	51	3	16452746	6075	4775	148	1925	4244	4632	2536	13292	512	
FL	6500	6500	34	33	0	8	15	28	14	51	3	16445683	6075	4775	148	1925	4244	4632	2536	13292	512	
FL	6520	6520	34	34	0	9	16	29	13	50	2	16438513	6075	4775	148	1925	4244	4632	2536	13292	512	
FL	6540	6540	32	36	0	9	18	30	13	54	2	16431407	6075	4775	148	1925	4244	4632	2536	13292	512	
FL	6560	6560	32	35	0	9	17	29	13	59	2	16424392	6075	4775	148	1925	4244	4632	2536	13292	512	
FL	6580	6580	35	33	0	10	17	27	14	59	2	16417496	6075	4775	148	1925	4244	4632	2536	13292	512	
FL	6600	6600	34	31	0	10	15	25	13	61	2	16410593	6075	4775	148	1925	4244	4632	2536	13292	512	
FL	6620	6620	36	31	0	10	15	26	14	62	2	16403821	6075	4775	148	1925	4244	4632	2536	13292	512	
FL	6640	6640	36	31	0	9	15	27	13	61	2	16397030	6075	4775	148	1925	4244	4632	2536	13292	512	
FL	6660	6660	36	32	1	10	15	24	12	61	1	16390334	6075	4775	148	1925	4244	4632	2536	13292	512	
FL	6680	6680	34	31	1	10	14	25	11	60	1	16383706	6075	4775	148	1925	4244	4632	2536	13292	512	
FL	6700	6700	36	29	1	10	14	26	10	60	1	16377074	6075	4775	148	1925	4244	4632	2536	13292	512	
FL	6720	6720	38	27	1	11	14	28	10	63	0	16370355	6075	4775	148	1925	4244	4632	2536	13292	512	
FL	6740	6740	36	27	1	11	16	30	10	65	0	16363384	6075	4775	148	1925	4244	4632	2536	13292	512	
FL	6760	6760	36	27	1	9	15	31	11	63	0	16356168	6075	4775	148	1925	4244	4632	2536	13292	512	
FL	6780	6780	36	26	1	8	14	31	10	60	1	16348887	6075	4775	148	1925	4244	4632	2536	13292	512	
FL	6800	6800	35	26	1	8	14	29	9	63	1	16341692	6075	4775	148	1925	4244	4632	2536	13292	512	
FL	6820	6820	36	29	1	9	13	28	9	62	1	16334541	6075	4775	148	1925	4244	4632	2536	13292	512	
FL	6840	6840	38	29	1	10	14	29	9	60	1	16327427	6075	4775	148	1925	4244	4632	2536	13292	512	
FL	6860	6860	37	29	1	10	14	27	8	62	1	16320396	6075	4775	148	1925	4244	4632	2536	13292	512	
FL	6880	6880	34	31	1	10	14	24	7	61	1	16313321	6075	4775	148	1925	4244	4632	2536	13292	512	
FL	6900	6900	33	34	1	10	13	24	7	61	1	16306470	6075	4775	148	1925	4244	4632	2536	13292	512	
FL	6920	6920	34	35	1	10	13	23	10	62	1	16299544	6075	4775	148	1925	4244	4632	2536	13292	512	
FL	6940	6940	35	33	1	9	14	22	10	65	1	16292743	6075	4775	148	1925	4244	4632	2536	13292	512	
FL	6960	6960	32	33	1	9	14	24	9	69	1	16286427	6075	4775	148	1925	4244	4632	2536	13292	512	
FL	6980	6980	30	33	1	8	14	24	9	67	1	16280437	6075	4775	148	1925	4244	4632	2536	13292	512	
FL	7000	7000	30	35	1	9	14	27	9	69	1	16274382	6075	4775	148	1925	4244	4632	2536	13292	512	
FL	7020	7020	30	34	1	8	13	26	9	68	1	16268524	6075	4775	148	1925	4244	4632	2536	13292	512	
FL	7040	7040	32	33	1	8	15	27	9	64	1	16262754	6075	4775	148	1925	4244	4632	2536	13292	512	
FL	7060	7060	35	35	1	8	15	27	9	64	1	16256970	6075	4775	148	1925	4244	4632	2536	13292	512	
FL	7080	7080	33	37	1	7	16	26	12	64	1	16251249	6075	4775	148	1925	4244	4632	2536	13292	512	
FL	7100	7100	35	39	1	7	16	27	12	65	1	16245450	6075	4775	148	1925	4244	4632	2536	13292	512	
FL	7120	7120	33	40	1	7	14	25	11	68	1	16239704	6075	4775	148	1925	4244	4632	2536	13292	512	
FL	7140	7140	33	38	1	8	16	24	10	74	1	16234065	6075	4775	148	1925	4244	4632	2536	13292	512	
FL	7160	7160	32	37	0	7	16	27	10	73	1	16228153	6075	4775	148	1925	4244	4632	2536	13292	512	
FL	7180	7180	33	38	0	6	18	27	10	75	1	16222253	6075	4775	148	1925	4244	4632	2536	13292	512	
FL	7200	7200	31	38	0	6	19	26	12	75	1	16216443	6075	4775	148	1925	4244	4632	2536	13292	512	
FL	7220	7220	29	40	0	6	19	23	12	74	1	16210556	6075	4775	148	1925	4244	4632	2536	13292	512	
FL	7240	7240	33	38	0	7	19	21	12	75	1	16204906	6075	4775	148	1925	4244	4632	2536	13292	512	
FL	7260	7260	33	36	0	7	18	19	12	76	1	16199558	6075	4775	148	1925	4244	4632	2536	13292	512	
FL	7280	7280	34	37	0	9	17	18	11	77	0	16194146	6075	4775	148	1925	4244	4632	2536	13292	512	
FL	7300	7300	34	35	0	9	18	18	11	77	0	16188811	6075	4775	148	1925	4244	4632	2536	13292	512	
FL	7320	7320	32	31	0	8	20	19	11	77	1	16183431	6075	4775	148	1925	4244	4632	2536	13292	512	
FL	7340	7340	32	31	0	7	18	18	13	80	1	16178152	6075	4775	148	1925	4244	4632	2536	13292	512	
FL	7360	7360	33	30	0	6	18	18	14	82	1	16173038	6075	4775	148	1925	4244	4632	2536	13292	512	
FL	7380	7380	35	29	0	6	18	18	14	76	1	16167881	6075	4775	148	1925	4244	4632	2536	13292	512	
FL	7400	7400	35	25	0	8	18	18	14	80	1	16162479	6075	4775	148	1925	4244	4632	2536	13292	512	
FL	7420	7420	36	24	0	9	18	18	11	79	1	16157032	6075	4775	148	1925	4244	4632	2536	13292	512	
FL	7440	7440	35	24	0	9	19	20	10	80	2	16151500	6075	4775	148	1925	4244	4632	2536	13292	512	
FL	7460	7460	38	25	0	10	19	20	10	77	2	16145707	6075	4775	148	1925	4244	4632	2536	13292	512	
FL	7480	7480	38	27	0	10	18	20	10	78	2	16139809	6075	4775	148	1925	4244	4632	2536	13292	512	
FL	7500	7500	35	26	0	9	18	20	10	77	2	16134098	6075	4775	148	1925	4244	4632	2536	13292	512	
FL	7520	7520	37	25	0	9	18	20	10	76	2	16128471	6075	4775	148	1925	4244	4632	2536	13292	512	
FL	7540	7540	37	25	0	9	15	20	10	77	2	16122713	6075	4775	148	1925	4244	4632	2536	13292	512	
FL	7560	7560	34	23	0	9	16	21	10	74	2	16116769	6075	4775	148	1925	4244	4632	2536	13292	512	
FL	7580	7580	32	20	0	10	16	22	7	73	2	16110740	6075	4775	148	1925	4244	4632	2536	13292	512	
FL	7600	7600	31	19	0	10	16	21	7	70	2	16104764	6075	4775	148	1925	4244	4632	2536	13292	512	
FL	7620	7620	31	20	0	10	16	21	7	65	2	16098752	6075	4775	148	1925	4244	4632	2536	13292	512	
FL	7640	7640	31	21	0	10	15	20	7	59	2	16092806	6075	4775	148	1925	4244	4632	2536	13292	512	
FL	7660	7660	32	21	0	12	14	17	7	60	2	16086973	6075	4775	148	1925	4244	4632	2536	13292	512	
FL	7680	7680	31	22	0	12	14	19	7	60	2	16081139	6075	4775	148	1925	4244	4632	2536	13292	512	
FL	7700	7700	31	26	0	12	15	20	5	58	2	16074952	6075	4775	148	1925	4244	4632	2536	13292	512	
FL	7720	7720	34	25	0	11	16	20	6	61	2	16068771	6075	4775	148	1925	4244	4632	2536	13292	512	
FL	7740	7740	30	25	0	15	15	21	6	62	2	16062612	6075	4775	148	1925	4244	4632	2536	13292	512	
FL	7760	7760	30	26	0	15	19	22	5	63	2	16056262	6075	4775	148	1925	4244	4632	2536	13292	512	
FL	7780	7780	31	26	0	14	20	22	6	63	2	16049849	6075	4775	148	1925	4244	4632	2536	13292	512	
FL	7800	7800	34	29	0	15	20	21	6	59	2	16043303	6075	4775	148	1925	4244	4632	2536	13292	512	
FL	7820	7820	34	29	0	15	18	20	6	59	1	16036759	6075	4775	148	1925	4244	4632	2536	13292	512	
FL	7840	7840	37	29	0	15	19	20	5	58	1	16030140	6075	4775	148	1925	4244	4632	2536	13292	512	
FL	7860	7860	37	30	0	15	19	21	4	56	1	16023433	6075	4775	148	1925	4244	4632	2536	13292	512	
FL	7880	7880	35	29	1	16	20	21	4	59	1	16016813	6075	4775	148	1925	4244	4632	2536	13292	512	
FL	7900	7900	35	31	1	15	20	21	4	54	1	16010155	6075	4775	148	1925	4244	4632	2536	13292	512	
FL	7920	7920	32	30	1	14	21	21	4	52	1	16003582	6075	4775	148	1925	4244	4632	2536	13292	512	
FL	7940	7940	34	30	1	15	21	20	4	50	0	15997032	6075	4775	148	1925	4244	4632	2536	13292	512	
FL	7960	7960	32	27	1	15	22	19	4	48	0	15990715	6075	4775	148	1925	4244	4632	2536	13292	512	
FL	7980	7980	32	25	1	16	24	19	5	48	0	15984419	6075	4775	148	1925	4244	4632	2536	13292	512	
FL	8000	8000	32	24	1	16	25	16	5	46	0	15977948	6075	4775	148	1925	4244	4632	2536	13292	512	
FL	8020	8020	31	24	1	16	26	15	5	49	0	15971313	6075	4775	148	1925	4244	4632	2536	13292	512	
FL	8040	8040	28	26	1	16	26	13	5	49	0	15964669	6075	4775	148	1925	4244	4632	2536	13292	512	
FL	8060	8060	27	26	1	16	25	14	5	47	0	15958203	6075	4775	148	1925	4244	4632	2536	13292	512	
FL	8080	8080	28	27	1	16	24	14	4	47	0	15951735	6075	4775	148	1925	4244	4632	2536	13292	512	
FL	8100	8100	28	28	1	16	24	14	5	50	0	15944965	6075	4775	148	1925	4244	4632	2536	13292	512	
FL	8120	8120	31	26	1	16	25	14	7	52	0	15938075	6075	4775	148	1925	4244	4632	2536	13292	512	
FL	8140	8140	30	27	1	15	24	15	7	53	1	15931286	6075	4775	148	1925	4244	4632	2536	13292	512	
FL	8160	8160	30	29	1	13	24	15	7	51	1	15924533	6075	4775	148	1925	4244	4632	2536	13292	512	
FL	8180	8180	30	29	1	13	23	13	7	51	1	15917957	6075	4775	148	1925	4244	4632	2536	13292	512	
FL	8200	8200	32	25	1	13	22	12	8	50	1	15911647	6075	4775	148	1925	4244	4632	2536	13292	512	
FL	8220	8220	29	26	1	13	21	14	8	50	1	15905144	6075	4775	148	1925	4244	4632	2536	13292	512	
FL	8240	8240	29	25	1	8	20	14	10	48	1	15898502	6075	4775	148	1925	4244	4632	2536	13292	512	
FL	8260	8260	29	25	1	9	16	15	11	45	1	15891845	6075	4775	148	1925	4244	4632	2536	13292	512	
FL	8280	8280	27	26	1	9	15	16	11	47	1	15885302	6075	4775	148	1925	4244	4632	2536	13292	512	
FL	8300	8300	26	24	1	10	14	16	12	46	1	15878864	6075	4775	148	1925	4244	4632	2536	13292	512	
FL	8320	8320	27	25	1	10	15	17	12	46	1	15872473	6075	4775	148	1925	4244	4632	2536	13292	512	
FL	8340	8340	23	25	1	10	14	18	12	47	1	15866231	6075	4775	148	1925	4244	4632	2536	13292	512	
FL	8360	8360	23	25	1	10	15	19	13	46	1	15860001	6075	4775	148	1925	4244	4632	2536	13292	512	
FL	8380	8380	26	28	0	9	18	20	13	44	2	15853686	6075	4775	148	1925	4244	4632	2536	13292	512	
FL	8400	8400	24	28	0	10	20	20	13	43	3	15847475	6075	4775	148	1925	4244	4632	2536	13292	512	
FL	8420	8420	27	30	0	10	20	20	13	45	3	15841203	6075	4775	148	1925	4244	4632	2536	13292	512	
FL	8440	8440	26	29	0	9	19	22	13	44	3	15834870	6075	4775	148	1925	4244	4632	2536	13292	512	
FL	8460	8460	28	30	0	8	18	23	13	48	3	15828467	6075	4775	148	1925	4244	4632	2536	13292	512	
FL	8480	8480	30	30	1	9	17	24	12	49	3	15822066	6075	4775	148	1925	4244	4632	2536	13292	512	
FL	8500	8500	30	31	1	9	17	27	12	49	3	15815793	6075	4775	148	1925	4244	4632	2536	13292	512	
FL	8520	8520	31	31	1	10	17	27	14	49	3	15809712	6075	4775	148	1925	4244	4632	2536	13292	512	
FL	8540	8540	34	30	1	11	16	27	14	50	3	15803707	6075	4775	148	1925	4244	4632	2536	13292	512	
FL	8560	8560	34	30	1	11	16	26	15	51	3	15797693	6075	4775	148	1925	4244	4632	2536	13292	512	
FL	8580	8580	37	31	1	10	16	25	17	55	3	15791562	6075	4775	148	1925	4244	4632	2536	13292	512	
FL	8600	8600	37	30	1	10	17	25	16	52	3	15785465	6075	4775	148	1925	4244	4632	2536	13292	512	
FL	8620	8620	34	30	1	10	18	28	15	52	3	15779298	6075	4775	148	1925	4244	4632	2536	13292	512	
FL	8640	8640	36	29	1	10	18	27	16	52	2	15773082	6075	4775	148	1925	4244	4632	2536	13292	512	
FL	8660	8660	35	28	1	10	18	31	16	53	2	15766838	6075	4775	148	1925	4244	4632	2536	13292	512	
FL	8680	8680	36	26	1	11	18	32	16	52	2	15760357	6075	4775	148	1925	4244	4632	2536	13292	512	
FL	8700	8700	35	29	1	12	18	32	16	54	2	15753891	6075	4775	148	1925	4244	4632	2536	13292	512	
FL	8720	8720	36	29	1	12	20	31	16	51	2	15747660	6075	4775	148	1925	4244	4632	2536	13292	512	
FL	8740	8740	36	29	1	12	21	31	14	52	2	15741671	6075	4775	148	1925	4244	4632	2536	13292	512	
FL	8760	8760	36	31	1	11	21	30	13	54	2	15735638	6075	4775	148	1925	4244	4632	2536	13292	512	
FL	8780	8780	37	33	1	11	21	31	12	53	2	15729479	6075	4775	148	1925	4244	4632	2536	13292	512	
FL	8800	8800	35	32	1	9	23	32	11	55	2	15723223	6075	4775	148	1925	4244	4632	2536	13292	512	
FL	8820	8820	37	30	1	9	25	31	11	55	2	15716907	6075	4775	148	1925	4244	4632	2536	13292	512	
FL	8840	8840	36	30	1	9	25	31	10	53	2	15710523	6075	4775	148	1925	4244	4632	2536	13292	512	
FL	8860	8860	39	29	1	11	26	30	9	54	2	15704184	6075	4775	148	1925	4244	4632	2536	13292	512	
FL	8880	8880	36	26	1	11	22	29	11	56	1	15697828	6075	4775	148	1925	4244	4632	2536	13292	512	
FL	8900	8900	37	24	1	9	20	28	11	58	0	15691479	6075	4775	148	1925	4244	4632	2536	13292	512	
FL	8920	8920	37	23	1	9	20	28	11	63	0	15685048	6075	4775	148	1925	4244	4632	2536	13292	512	
FL	8940	8940	36	25	1	9	20	29	12	66	0	15678466	6075	4775	148	1925	4244	4632	2536	13292	512	
FL	8960	8960	34	25	1	9	20	28	12	66	0	15671865	6075	4775	148	1925	4244	4632	2536	13292	512	
FL	8980	8980	32	27	0	7	19	30	12	65	1	15665199	6075	4775	148	1925	4244	4632	2536	13292	512	
FL	9000	9000	33	28	0	7	19	28	12	66	1	15658461	6075	4775	148	1925	4244	4632	2536	13292	512	
FL	9020	9020	33	29	0	8	18	30	10	64	1	15651723	6075	4775	148	1925	4244	4632	2536	13292	512	
FL	9040	9040	30	28	0	9	18	31	10	61	1	15644909	6075	4775	148	1925	4244	4632	2536	13292	512	
FL	9060	9060	32	30	0	9	19	30	9	62	1	15637851	6075	4775	148	1925	4244	4632	2536	13292	512	
FL	9080	9080	34	30	0	9	22	30	8	57	1	15630792	6075	4775	148	1925	4244	4632	2536	13292	512	
FL	9100	9100	37	30	0	10	21	30	8	58	1	15623809	6075	4775	148	1925	4244	4632	2536	13292	512	
FL	9120	9120	38	30	0	10	20	28	8	56	1	15616964	6075	4775	148	1925	4244	4632	2536	13292	512	
FL	9140	9140	39	29	0	10	20	28	7	58	1	15609759	6075	4775	148	1925	4244	4632	2536	13292	512	
FL	9160	9160	39	28	0	10	20	24	7	57	1	15602552	6075	4775	148	1925	4244	4632	2536	13292	512	
FL	9180	9180	39	27	0	10	21	24	8	58	1	15595434	6075	4775	148	1925	4244	4632	2536	13292	512	
FL	9200	9200	39	24	0	9	20	26	8	57	1	15588248	6075	4775	148	1925	4244	4632	2536	13292	512	
FL	9220	9220	39	23	0	9	18	26	7	56	1	15580979	6075	4775	148	1925	4244	4632	2536	13292	512	
FL	9240	9240	39	24	0	9	17	24	9	58	1	15573635	6075	4775	148	1925	4244	4632	2536	13292	512	
FL	9260	9260	39	21	0	9	17	23	10	57	1	15566190	6075	4775	148	1925	4244	4632	2536	13292	512	
FL	9280	9280	40	17	0	8	18	22	10	56	1	15558776	6075	4775	148	1925	4244	4632	2536	13292	512	
FL	9300	9300	41	17	0	9	18	22	12	55	1	15551260	6075	4775	148	1925	4244	4632	2536	13292	512	
FL	9320	9320	38	18	0	11	15	22	12	56	1	15543927	6075	4775	148	1925	4244	4632	2536	13292	512	
FL	9340	9340	39	19	0	12	15	21	12	58	1	15536453	6075	4775	148	1925	4244	4632	2536	13292	512	
FL	9360	9360	37	20	0	10	14	21	12	55	1	15529028	6075	4775	148	1925	4244	4632	2536	13292	512	
FL	9380	9380	39	21	0	12	16	21	10	52	1	15521820	6075	4775	148	1925	4244	4632	2536	13292	512	
FL	9400	9400	38	21	0	13	16	21	11	56	1	15514536	6075	4775	148	1925	4244	4632	2536	13292	512	
FL	9420	9420	38	20	0	13	16	21	12	51	1	15507291	6075	4775	148	1925	4244	4632	2536	13292	512	
FL	9440	9440	40	19	0	13	15	18	11	50	1	15500222	6075	4775	148	1925	4244	4632	2536	13292	512	
FL	9460	9460	41	18	0	15	15	19	11	50	1	15492932	6075	4775	148	1925	4244	4632	2536	13292	512	
FL	9480	9480	42	17	0	16	16	17	11	50	0	15485502	6075	4775	148	1925	4244	4632	2536	13292	512	
FL	9500	9500	42	15	0	16	15	18	11	52	0	15478091	6075	4775	148	1925	4244	4632	2536	13292	512	
FL	9520	9520	42	15	0	14	16	18	11	52	0	15470629	6075	4775	148	1925	4244	4632	2536	13292	512	
FL	9540	9540	43	15	0	13	16	18	11	55	0	15463009	6075	4775	148	1925	4244	4632	2536	13292	512	
FL	9560	9560	44	14	0	12	15	19	11	53	0	15455400	6075	4775	148	1925	4244	4632	2536	13292	512	
FL	9580	9580	39	15	0	12	12	21	11	55	1	15447944	6075	4775	148	1925	4244	4632	2536	13292	512	
FL	9600	9600	37	15	0	11	13	21	11	55	1	15440435	6075	4775	148	1925	4244	4632	2536	13292	512	
FL	9620	9620	37	16	0	11	13	20	10	56	1	15432814	6075	4775	148	1925	4244	4632	2536	13292	512	
FL	9640	9640	35	16	0	11	12	21	10	57	1	15425475	6075	4775	148	1925	4244	4632	2536	13292	512	
FL	9660	9660	36	20	0	11	13	22	10	56	1	15418474	6075	4775	148	1925	4244	4632	2536	13292	512	
FL	9680	9680	34	20	0	10	11	22	9	56	1	15411431	6075	4775	148	1925	4244	4632	2536	13292	512	
FL	9700	9700	35	20	0	10	12	20	8	57	1	15404363	6075	4775	148	1925	4244	4632	2536	13292	512	
FL	9720	9720	36	19	0	10	12	21	9	60	1	15397332	6075	4775	148	1925	4244	4632	2536	13292	512	
FL	9740	9740	37	19	0	10	12	21	7	59	1	15390178	6075	4775	148	1925	4244	4632	2536	13292	512	
FL	9760	9760	36	21	0	11	12	22	7	59	1	15383222	6075	4775	148	1925	4244	4632	2536	13292	512	
FL	9780	9780	38	22	0	11	11	22	7	60	1	15376320	6075	4775	148	1925	4244	4632	2536	13292	512	
FL	9800	9800	39	22	0	11	11	22	5	61	1	15369518	6075	4775	148	1925	4244	4632	2536	13292	512	
FL	9820	9820	39	21	0	9	12	20	5	62	2	15362724	6075	4775	148	1925	4244	4632	2536	13292	512	
FL	9840	9840	39	23	0	8	12	20	5	60	2	15356146	6075	4775	148	1925	4244	4632	2536	13292	512	
FL	9860	9860	37	23	0	8	11	20	6	65	2	15349659	6075	4775	148	1925	4244	4632	2536	13292	512	
FL	9880	9880	37	22	1	6	9	21	7	67	2	15343194	6075	4775	148	1925	4244	4632	2536	13292	512	
FL	9900	9900	41	23	1	5	10	22	7	67	3	15336807	6075	4775	148	1925	4244	4632	2536	13292	512	
FL	9920	9920	40	24	1	5	9	23	6	67	3	15330529	6075	4775	148	1925	4244	4632	2536	13292	512	
FL	9940	9940	40	25	1	5	10	23	6	64	3	15324343	6075	4775	148	1925	4244	4632	2536	13292	512	
FL	9960	9960	38	25	1	3	11	23	6	62	4	15318354	6075	4775	148	1925	4244	4632	2536	13292	512	
FL	9980	9980	38	24	1	2	10	26	6	65	4	15312467	6075	4775	148	1925	4244	4632	2536	13292	512	
FL	10000	10000	38	24	1	2	10	24	7	64	4	15306564	6075	4775	148	1925	4244	4632	2536	13292	512	
