FL	0	0	151	223	4	246	137	62	84	585	15	104797627	6075	4775	148	1925	4244	4632	2536	13292	512	
FL	200	200	144	218	3	245	125	70	79	585	14	104343962	6075	4775	148	1925	4244	4632	2536	13292	512	
FL	400	400	149	210	5	236	122	78	86	552	11	103120802	6075	4775	148	1925	4244	4632	2536	13292	512	
FL	600	600	157	190	6	238	116	87	85	539	9	101559482	6075	4775	148	1925	4244	4632	2536	13292	512	
FL	800	800	170	182	7	235	112	94	82	521	8	99719856	6075	4775	148	1925	4244	4632	2536	13292	512	
FL	1000	1000	175	180	7	228	107	95	81	506	10	97588860	6075	4775	148	1925	4244	4632	2536	13292	512	
FL	1200	1200	182	175	7	226	106	96	82	492	9	95223580	6075	4775	148	1925	4244	4632	2536	13292	512	
FL	1400	1400	185	173	7	220	97	103	79	488	10	92716000	6075	4775	148	1925	4244	4632	2536	13292	512	
FL	1600	1600	196	174	6	219	99	104	76	486	14	90166016	6075	4775	148	1925	4244	4632	2536	13292	512	
FL	1800	1800	199	165	6	217	99	105	73	468	13	87653059	6075	4775	148	1925	4244	4632	2536	13292	512	
FL	2000	2000	202	160	6	208	92	107	65	453	13	85201708	6075	4775	148	1925	4244	4632	2536	13292	512	
FL	2200	2200	202	162	6	200	90	103	61	439	14	82840385	6075	4775	148	1925	4244	4632	2536	13292	512	
FL	2400	2400	206	158	7	201	83	100	63	434	13	80598234	6075	4775	148	1925	4244	4632	2536	13292	512	
FL	2600	2600	206	151	6	199	82	102	61	446	11	78472484	6075	4775	148	1925	4244	4632	2536	13292	512	
FL	2800	2800	213	146	5	190	78	108	58	435	9	76467188	6075	4775	148	1925	4244	4632	2536	13292	512	
FL	3000	3000	203	151	8	190	77	104	60	428	9	74559359	6075	4775	148	1925	4244	4632	2536	13292	512	
FL	3200	3200	198	144	8	185	79	108	63	409	8	72746462	6075	4775	148	1925	4244	4632	2536	13292	512	
FL	3400	3400	196	136	7	181	84	108	63	398	8	71024118	6075	4775	148	1925	4244	4632	2536	13292	512	
FL	3600	3600	189	136	7	180	89	107	63	396	8	69376113	6075	4775	148	1925	4244	4632	2536	13292	512	
FL	3800	3800	187	132	6	174	84	107	62	383	10	67804616	6075	4775	148	1925	4244	4632	2536	13292	512	
FL	4000	4000	185	134	6	181	83	105	56	368	8	66306273	6075	4775	148	1925	4244	4632	2536	13292	512	
FL	4200	4200	183	135	3	183	85	104	55	358	8	64882089	6075	4775	148	1925	4244	4632	2536	13292	512	
FL	4400	4400	185	128	3	189	84	106	55	363	7	63523969	6075	4775	148	1925	4244	4632	2536	13292	512	
FL	4600	4600	188	127	3	186	85	103	51	352	7	62215192	6075	4775	148	1925	4244	4632	2536	13292	512	
FL	4800	4800	179	122	3	178	80	104	51	348	6	60969206	6075	4775	148	1925	4244	4632	2536	13292	512	
FL	5000	5000	178	114	4	171	77	98	52	354	6	59769918	6075	4775	148	1925	4244	4632	2536	13292	512	
FL	5200	5200	168	104	4	173	71	105	47	323	5	58615152	6075	4775	148	1925	4244	4632	2536	13292	512	
FL	5400	5400	152	100	6	173	70	103	48	307	5	57512111	6075	4775	148	1925	4244	4632	2536	13292	512	
FL	5600	5600	148	98	6	170	65	86	50	309	6	56455481	6075	4775	148	1925	4244	4632	2536	13292	512	
FL	5800	5800	145	90	5	180	66	91	52	317	7	55439591	6075	4775	148	1925	4244	4632	2536	13292	512	
FL	6000	6000	146	82	4	184	66	87	56	315	6	54463357	6075	4775	148	1925	4244	4632	2536	13292	512	
FL	6200	6200	143	85	2	180	67	85	51	322	7	53526466	6075	4775	148	1925	4244	4632	2536	13292	512	
FL	6400	6400	137	85	3	184	68	88	49	319	10	52624747	6075	4775	148	1925	4244	4632	2536	13292	512	
FL	6600	6600	134	91	3	178	62	90	43	291	8	51759805	6075	4775	148	1925	4244	4632	2536	13292	512	
FL	6800	6800	136	87	3	181	63	91	41	293	8	50922555	6075	4775	148	1925	4244	4632	2536	13292	512	
FL	7000	7000	128	88	3	176	60	88	40	293	10	50108770	6075	4775	148	1925	4244	4632	2536	13292	512	
FL	7200	7200	129	83	3	165	61	91	37	287	9	49325091	6075	4775	148	1925	4244	4632	2536	13292	512	
FL	7400	7400	123	76	3	164	61	89	34	286	9	48567578	6075	4775	148	1925	4244	4632	2536	13292	512	
FL	7600	7600	122	83	3	156	61	83	30	282	8	47834355	6075	4775	148	1925	4244	4632	2536	13292	512	
FL	7800	7800	125	83	4	154	57	85	29	278	8	47121736	6075	4775	148	1925	4244	4632	2536	13292	512	
FL	8000	8000	123	80	6	153	60	84	28	277	6	46426511	6075	4775	148	1925	4244	4632	2536	13292	512	
FL	8200	8200	122	77	7	151	60	85	28	269	7	45751958	6075	4775	148	1925	4244	4632	2536	13292	512	
FL	8400	8400	125	79	8	152	57	83	29	258	7	45101888	6075	4775	148	1925	4244	4632	2536	13292	512	
FL	8600	8600	118	86	8	152	56	87	29	249	8	44467200	6075	4775	148	1925	4244	4632	2536	13292	512	
FL	8800	8800	118	85	9	149	55	88	28	234	7	43852247	6075	4775	148	1925	4244	4632	2536	13292	512	
FL	9000	9000	110	82	8	144	53	86	27	223	7	43254893	6075	4775	148	1925	4244	4632	2536	13292	512	
FL	9200	9200	118	87	7	138	48	89	28	219	8	42682214	6075	4775	148	1925	4244	4632	2536	13292	512	
FL	9400	9400	114	83	6	131	49	86	33	219	9	42124232	6075	4775	148	1925	4244	4632	2536	13292	512	
FL	9600	9600	114	79	2	123	45	83	32	211	9	41580155	6075	4775	148	1925	4244	4632	2536	13292	512	
FL	9800	9800	110	85	2	124	41	85	33	205	7	41050398	6075	4775	148	1925	4244	4632	2536	13292	512	
FL	10000	10000	109	82	3	119	39	84	35	191	7	40533035	6075	4775	148	1925	4244	4632	2536	13292	512	
FL	10200	10200	112	84	3	118	41	84	32	185	7	40029713	6075	4775	148	1925	4244	4632	2536	13292	512	
FL	10400	10400	115	78	3	116	35	85	40	191	6	39535854	6075	4775	148	1925	4244	4632	2536	13292	512	
FL	10600	10600	118	71	3	111	34	81	39	192	6	39053811	6075	4775	148	1925	4244	4632	2536	13292	512	
FL	10800	10800	117	71	3	113	33	82	37	191	6	38581045	6075	4775	148	1925	4244	4632	2536	13292	512	
FL	11000	11000	109	58	4	113	32	85	38	190	5	38118797	6075	4775	148	1925	4244	4632	2536	13292	512	
FL	11200	11200	107	61	4	113	36	88	34	191	6	37668766	6075	4775	148	1925	4244	4632	2536	13292	512	
FL	11400	11400	103	61	4	111	34	87	29	182	7	37231877	6075	4775	148	1925	4244	4632	2536	13292	512	
FL	11600	11600	107	54	6	113	36	85	32	187	7	36803654	6075	4775	148	1925	4244	4632	2536	13292	512	
FL	11800	11800	113	49	7	113	37	73	33	195	7	36382141	6075	4775	148	1925	4244	4632	2536	13292	512	
FL	12000	12000	115	56	6	108	37	71	31	183	6	35962383	6075	4775	148	1925	4244	4632	2536	13292	512	
FL	12200	12200	111	58	7	102	37	79	29	181	6	35555651	6075	4775	148	1925	4244	4632	2536	13292	512	
FL	12400	12400	111	60	7	101	39	77	30	188	5	35154877	6075	4775	148	1925	4244	4632	2536	13292	512	
FL	12600	12600	100	57	7	98	38	74	29	189	6	34767991	6075	4775	148	1925	4244	4632	2536	13292	512	
FL	12800	12800	95	54	7	95	38	72	28	187	7	34391942	6075	4775	148	1925	4244	4632	2536	13292	512	
FL	13000	13000	96	59	5	89	35	73	31	188	7	34021522	6075	4775	148	1925	4244	4632	2536	13292	512	
FL	13200	13200	92	57	4	88	34	76	38	181	7	33662359	6075	4775	148	1925	4244	4632	2536	13292	512	
FL	13400	13400	86	59	5	85	32	79	39	179	6	33315151	6075	4775	148	1925	4244	4632	2536	13292	512	
FL	13600	13600	89	56	5	80	33	78	35	168	6	32977850	6075	4775	148	1925	4244	4632	2536	13292	512	
FL	13800	13800	84	52	5	78	31	78	36	158	5	32654243	6075	4775	148	1925	4244	4632	2536	13292	512	
FL	14000	14000	94	48	5	80	31	72	36	155	4	32337912	6075	4775	148	1925	4244	4632	2536	13292	512	
FL	14200	14200	95	45	3	82	29	70	33	154	5	32023322	6075	4775	148	1925	4244	4632	2536	13292	512	
FL	14400	14400	92	47	3	83	32	59	31	162	5	31716006	6075	4775	148	1925	4244	4632	2536	13292	512	
FL	14600	14600	99	48	3	81	35	63	31	163	4	31414608	6075	4775	148	1925	4244	4632	2536	13292	512	
FL	14800	14800	105	47	3	83	35	62	28	162	5	31117447	6075	4775	148	1925	4244	4632	2536	13292	512	
FL	15000	15000	111	47	2	83	34	64	29	164	4	30827911	6075	4775	148	1925	4244	4632	2536	13292	512	
FL	15200	15200	107	49	2	84	37	58	31	165	4	30544297	6075	4775	148	1925	4244	4632	2536	13292	512	
FL	15400	15400	103	51	2	80	34	56	31	155	3	30267043	6075	4775	148	1925	4244	4632	2536	13292	512	
FL	15600	15600	102	49	2	79	29	52	32	157	3	29996664	6075	4775	148	1925	4244	4632	2536	13292	512	
FL	15800	15800	97	44	2	80	29	51	35	151	3	29736318	6075	4775	148	1925	4244	4632	2536	13292	512	
FL	16000	16000	92	42	2	81	28	52	39	144	3	29483055	6075	4775	148	1925	4244	4632	2536	13292	512	
FL	16200	16200	87	51	2	80	27	56	40	142	3	29239020	6075	4775	148	1925	4244	4632	2536	13292	512	
FL	16400	16400	87	55	3	78	28	55	40	136	5	29003730	6075	4775	148	1925	4244	4632	2536	13292	512	
FL	16600	16600	87	53	3	70	25	63	41	141	5	28769752	6075	4775	148	1925	4244	4632	2536	13292	512	
FL	16800	16800	89	46	4	67	23	55	34	140	5	28535371	6075	4775	148	1925	4244	4632	2536	13292	512	
FL	17000	17000	89	42	5	63	26	60	30	145	5	28303126	6075	4775	148	1925	4244	4632	2536	13292	512	
FL	17200	17200	85	40	3	64	23	57	26	140	4	28067701	6075	4775	148	1925	4244	4632	2536	13292	512	
FL	17400	17400	75	40	3	60	22	61	27	143	3	27836103	6075	4775	148	1925	4244	4632	2536	13292	512	
FL	17600	17600	66	43	3	58	20	54	26	143	3	27607562	6075	4775	148	1925	4244	4632	2536	13292	512	
FL	17800	17800	65	44	3	51	19	51	22	143	3	27383758	6075	4775	148	1925	4244	4632	2536	13292	512	
FL	18000	18000	65	39	4	47	19	53	21	130	3	27160453	6075	4775	148	1925	4244	4632	2536	13292	512	
FL	18200	18200	64	40	3	45	18	59	20	130	3	26939771	6075	4775	148	1925	4244	4632	2536	13292	512	
FL	18400	18400	64	46	3	44	19	59	21	127	3	26723098	6075	4775	148	1925	4244	4632	2536	13292	512	
FL	18600	18600	63	51	3	41	19	52	21	126	2	26513519	6075	4775	148	1925	4244	4632	2536	13292	512	
FL	18800	18800	61	56	3	38	20	52	20	118	2	26311886	6075	4775	148	1925	4244	4632	2536	13292	512	
FL	19000	19000	63	56	3	36	20	52	21	112	2	26113563	6075	4775	148	1925	4244	4632	2536	13292	512	
FL	19200	19200	67	48	2	34	20	50	18	103	3	25918200	6075	4775	148	1925	4244	4632	2536	13292	512	
FL	19400	19400	71	43	2	30	24	49	22	102	1	25723147	6075	4775	148	1925	4244	4632	2536	13292	512	
FL	19600	19600	67	50	4	30	25	49	22	97	1	25529902	6075	4775	148	1925	4244	4632	2536	13292	512	
FL	19800	19800	67	50	4	18	22	53	19	94	4	25337303	6075	4775	148	1925	4244	4632	2536	13292	512	
FL	20000	20000	66	48	2	15	19	51	18	90	4	25146245	6075	4775	148	1925	4244	4632	2536	13292	512	
FL	20200	20200	65	44	1	12	19	47	17	89	3	24955567	6075	4775	148	1925	4244	4632	2536	13292	512	
FL	20400	20400	65	39	1	13	18	51	17	94	4	24770367	6075	4775	148	1925	4244	4632	2536	13292	512	
FL	20600	20600	67	41	1	11	21	52	16	91	3	24591026	6075	4775	148	1925	4244	4632	2536	13292	512	
FL	20800	20800	68	43	2	13	20	47	19	94	3	24419071	6075	4775	148	1925	4244	4632	2536	13292	512	
FL	21000	21000	67	44	2	13	18	52	17	85	3	24250456	6075	4775	148	1925	4244	4632	2536	13292	512	
FL	21200	21200	65	49	2	15	15	55	16	85	4	24085857	6075	4775	148	1925	4244	4632	2536	13292	512	
FL	21400	21400	63	53	3	16	14	62	13	78	3	23923019	6075	4775	148	1925	4244	4632	2536	13292	512	
FL	21600	21600	64	49	3	16	15	59	14	78	3	23763693	6075	4775	148	1925	4244	4632	2536	13292	512	
FL	21800	21800	59	48	2	16	15	62	18	71	3	23608935	6075	4775	148	1925	4244	4632	2536	13292	512	
FL	22000	22000	59	47	1	17	14	56	18	72	2	23458276	6075	4775	148	1925	4244	4632	2536	13292	512	
FL	22200	22200	57	48	2	18	15	51	17	69	3	23310091	6075	4775	148	1925	4244	4632	2536	13292	512	
FL	22400	22400	59	47	3	18	12	55	18	74	4	23163749	6075	4775	148	1925	4244	4632	2536	13292	512	
FL	22600	22600	61	43	4	18	12	57	17	74	4	23015905	6075	4775	148	1925	4244	4632	2536	13292	512	
FL	22800	22800	61	38	4	16	14	55	16	79	4	22869614	6075	4775	148	1925	4244	4632	2536	13292	512	
FL	23000	23000	58	38	5	15	15	51	22	86	4	22725906	6075	4775	148	1925	4244	4632	2536	13292	512	
FL	23200	23200	51	33	5	16	18	47	24	93	5	22583838	6075	4775	148	1925	4244	4632	2536	13292	512	
FL	23400	23400	55	35	5	15	17	45	26	95	4	22442561	6075	4775	148	1925	4244	4632	2536	13292	512	
FL	23600	23600	54	41	5	14	13	45	25	88	3	22305727	6075	4775	148	1925	4244	4632	2536	13292	512	
FL	23800	23800	54	40	4	14	12	38	23	88	3	22172817	6075	4775	148	1925	4244	4632	2536	13292	512	
FL	24000	24000	51	43	3	13	13	35	25	97	2	22037318	6075	4775	148	1925	4244	4632	2536	13292	512	
FL	24200	24200	49	41	2	12	15	37	24	88	2	21901313	6075	4775	148	1925	4244	4632	2536	13292	512	
FL	24400	24400	51	38	3	13	17	39	21	92	2	21767483	6075	4775	148	1925	4244	4632	2536	13292	512	
FL	24600	24600	51	30	3	13	19	43	20	84	3	21634351	6075	4775	148	1925	4244	4632	2536	13292	512	
FL	24800	24800	47	31	3	12	19	44	16	81	4	21503380	6075	4775	148	1925	4244	4632	2536	13292	512	
FL	25000	25000	45	31	3	12	23	44	15	83	5	21374613	6075	4775	148	1925	4244	4632	2536	13292	512	
FL	25200	25200	46	27	2	11	18	44	16	80	8	21250335	6075	4775	148	1925	4244	4632	2536	13292	512	
FL	25400	25400	47	25	2	11	16	41	15	78	7	21126906	6075	4775	148	1925	4244	4632	2536	13292	512	
FL	25600	25600	52	28	1	8	17	40	16	78	8	21005440	6075	4775	148	1925	4244	4632	2536	13292	512	
FL	25800	25800	53	31	1	8	17	44	14	80	8	20885107	6075	4775	148	1925	4244	4632	2536	13292	512	
FL	26000	26000	50	32	2	8	22	45	19	75	8	20764580	6075	4775	148	1925	4244	4632	2536	13292	512	
FL	26200	26200	51	35	3	8	22	41	19	76	7	20648044	6075	4775	148	1925	4244	4632	2536	13292	512	
FL	26400	26400	56	34	3	8	24	44	21	80	5	20534609	6075	4775	148	1925	4244	4632	2536	13292	512	
FL	26600	26600	55	36	3	8	25	46	20	78	5	20421521	6075	4775	148	1925	4244	4632	2536	13292	512	
FL	26800	26800	52	37	3	10	25	46	19	70	5	20305253	6075	4775	148	1925	4244	4632	2536	13292	512	
FL	27000	27000	51	37	3	10	22	43	21	69	5	20187837	6075	4775	148	1925	4244	4632	2536	13292	512	
FL	27200	27200	56	37	3	12	23	33	25	65	5	20068814	6075	4775	148	1925	4244	4632	2536	13292	512	
FL	27400	27400	61	34	2	13	23	35	25	71	4	19951003	6075	4775	148	1925	4244	4632	2536	13292	512	
FL	27600	27600	63	33	2	11	22	39	24	68	3	19832789	6075	4775	148	1925	4244	4632	2536	13292	512	
FL	27800	27800	69	34	1	10	17	52	24	67	3	19715185	6075	4775	148	1925	4244	4632	2536	13292	512	
FL	28000	28000	66	33	1	12	17	51	24	72	1	19598830	6075	4775	148	1925	4244	4632	2536	13292	512	
FL	28200	28200	65	34	1	12	18	51	24	71	1	19482825	6075	4775	148	1925	4244	4632	2536	13292	512	
FL	28400	28400	65	33	1	13	17	54	24	70	1	19367580	6075	4775	148	1925	4244	4632	2536	13292	512	
FL	28600	28600	60	31	1	11	17	52	23	63	0	19252506	6075	4775	148	1925	4244	4632	2536	13292	512	
FL	28800	28800	63	26	2	12	21	54	26	70	0	19138792	6075	4775	148	1925	4244	4632	2536	13292	512	
FL	29000	29000	56	32	2	11	19	47	25	77	0	19027951	6075	4775	148	1925	4244	4632	2536	13292	512	
FL	29200	29200	53	33	2	9	20	50	21	71	1	18918881	6075	4775	148	1925	4244	4632	2536	13292	512	
FL	29400	29400	52	38	2	8	19	43	19	63	1	18810930	6075	4775	148	1925	4244	4632	2536	13292	512	
FL	29600	29600	56	38	1	7	18	42	18	61	1	18703439	6075	4775	148	1925	4244	4632	2536	13292	512	
FL	29800	29800	60	45	1	8	17	41	20	67	2	18595447	6075	4775	148	1925	4244	4632	2536	13292	512	
FL	30000	30000	63	44	1	8	15	40	19	69	3	18489126	6075	4775	148	1925	4244	4632	2536	13292	512	
FL	30200	30200	62	40	0	8	12	43	14	77	3	18385996	6075	4775	148	1925	4244	4632	2536	13292	512	
FL	30400	30400	50	40	0	10	13	44	13	76	2	18286843	6075	4775	148	1925	4244	4632	2536	13292	512	
FL	30600	30600	48	37	0	7	12	43	15	74	3	18188975	6075	4775	148	1925	4244	4632	2536	13292	512	
FL	30800	30800	43	37	0	7	12	42	14	78	4	18092398	6075	4775	148	1925	4244	4632	2536	13292	512	
FL	31000	31000	40	36	0	5	14	43	17	76	4	17997268	6075	4775	148	1925	4244	4632	2536	13292	512	
FL	31200	31200	37	35	0	6	17	45	18	75	3	17903614	6075	4775	148	1925	4244	4632	2536	13292	512	
FL	31400	31400	34	36	0	5	14	45	18	80	3	17809935	6075	4775	148	1925	4244	4632	2536	13292	512	
FL	31600	31600	35	35	0	5	16	42	19	80	3	17715662	6075	4775	148	1925	4244	4632	2536	13292	512	
FL	31800	31800	42	33	0	5	18	39	17	82	3	17622212	6075	4775	148	1925	4244	4632	2536	13292	512	
FL	32000	32000	39	35	0	7	17	42	19	75	1	17529220	6075	4775	148	1925	4244	4632	2536	13292	512	
FL	32200	32200	39	33	0	6	15	40	12	70	0	17434017	6075	4775	148	1925	4244	4632	2536	13292	512	
FL	32400	32400	41	33	1	7	13	37	10	63	0	17339939	6075	4775	148	1925	4244	4632	2536	13292	512	
FL	32600	32600	42	36	1	7	16	41	12	69	0	17248672	6075	4775	148	1925	4244	4632	2536	13292	512	
FL	32800	32800	35	37	1	7	20	38	10	65	0	17155997	6075	4775	148	1925	4244	4632	2536	13292	512	
FL	33000	33000	32	38	1	7	22	37	10	61	1	17063535	6075	4775	148	1925	4244	4632	2536	13292	512	
FL	33200	33200	32	33	1	6	21	34	11	59	1	16973571	6075	4775	148	1925	4244	4632	2536	13292	512	
FL	33400	33400	35	35	0	5	19	38	13	59	1	16885367	6075	4775	148	1925	4244	4632	2536	13292	512	
FL	33600	33600	34	33	0	5	19	37	11	53	1	16797988	6075	4775	148	1925	4244	4632	2536	13292	512	
FL	33800	33800	38	30	0	8	18	33	15	58	1	16712652	6075	4775	148	1925	4244	4632	2536	13292	512	
FL	34000	34000	39	30	0	8	21	30	13	63	1	16629170	6075	4775	148	1925	4244	4632	2536	13292	512	
FL	34200	34200	41	24	0	10	18	33	14	65	0	16547703	6075	4775	148	1925	4244	4632	2536	13292	512	
FL	34400	34400	40	20	0	13	20	32	14	67	0	16469351	6075	4775	148	1925	4244	4632	2536	13292	512	
FL	34600	34600	49	22	0	12	16	32	13	67	0	16394872	6075	4775	148	1925	4244	4632	2536	13292	512	
FL	34800	34800	55	19	0	11	18	26	12	65	0	16322380	6075	4775	148	1925	4244	4632	2536	13292	512	
FL	35000	35000	53	21	0	12	14	28	11	67	1	16251799	6075	4775	148	1925	4244	4632	2536	13292	512	
FL	35200	35200	51	21	0	11	14	30	11	61	2	16181639	6075	4775	148	1925	4244	4632	2536	13292	512	
FL	35400	35400	52	19	1	9	14	33	13	62	2	16109482	6075	4775	148	1925	4244	4632	2536	13292	512	
FL	35600	35600	50	19	1	10	16	36	15	56	2	16034386	6075	4775	148	1925	4244	4632	2536	13292	512	
FL	35800	35800	48	25	1	8	19	36	16	62	2	15957472	6075	4775	148	1925	4244	4632	2536	13292	512	
FL	36000	36000	48	26	1	8	20	35	14	57	1	15881185	6075	4775	148	1925	4244	4632	2536	13292	512	
FL	36200	36200	46	27	1	5	20	32	16	56	1	15805945	6075	4775	148	1925	4244	4632	2536	13292	512	
FL	36400	36400	46	27	2	7	22	29	14	58	1	15732995	6075	4775	148	1925	4244	4632	2536	13292	512	
FL	36600	36600	45	26	2	12	23	24	15	54	1	15662076	6075	4775	148	1925	4244	4632	2536	13292	512	
FL	36800	36800	44	20	1	13	22	20	12	48	2	15590387	6075	4775	148	1925	4244	4632	2536	13292	512	
FL	37000	37000	43	18	1	12	19	21	12	53	2	15519237	6075	4775	148	1925	4244	4632	2536	13292	512	
FL	37200	37200	44	20	1	12	17	23	11	56	3	15446989	6075	4775	148	1925	4244	4632	2536	13292	512	
FL	37400	37400	40	19	1	12	15	23	11	60	2	15377113	6075	4775	148	1925	4244	4632	2536	13292	512	
FL	37600	37600	41	19	2	11	15	23	10	58	3	15309937	6075	4775	148	1925	4244	4632	2536	13292	512	
FL	37800	37800	42	17	2	11	16	21	13	58	4	15242861	6075	4775	148	1925	4244	4632	2536	13292	512	
FL	38000	38000	44	19	2	11	12	25	15	62	4	15173866	6075	4775	148	1925	4244	4632	2536	13292	512	
FL	38200	38200	49	21	2	9	15	24	12	63	3	15105435	6075	4775	148	1925	4244	4632	2536	13292	512	
FL	38400	38400	45	16	1	7	18	24	14	64	2	15039409	6075	4775	148	1925	4244	4632	2536	13292	512	
FL	38600	38600	41	16	0	7	15	27	14	59	1	14974519	6075	4775	148	1925	4244	4632	2536	13292	512	
FL	38800	38800	36	17	0	6	16	28	13	59	1	14909517	6075	4775	148	1925	4244	4632	2536	13292	512	
FL	39000	39000	35	19	0	6	15	27	12	55	0	14844360	6075	4775	148	1925	4244	4632	2536	13292	512	
FL	39200	39200	37	20	0	7	13	29	12	56	0	14778383	6075	4775	148	1925	4244	4632	2536	13292	512	
FL	39400	39400	38	18	0	6	14	31	9	58	0	14712668	6075	4775	148	1925	4244	4632	2536	13292	512	
FL	39600	39600	37	17	0	6	14	33	8	54	0	14651071	6075	4775	148	1925	4244	4632	2536	13292	512	
FL	39800	39800	39	22	0	6	14	31	7	58	0	14589256	6075	4775	148	1925	4244	4632	2536	13292	512	
FL	40000	40000	36	20	0	7	14	32	4	55	0	14525576	6075	4775	148	1925	4244	4632	2536	13292	512	
FL	40200	40200	33	19	0	9	17	24	6	56	0	14461029	6075	4775	148	1925	4244	4632	2536	13292	512	
FL	40400	40400	33	22	0	9	17	26	8	60	0	14396395	6075	4775	148	1925	4244	4632	2536	13292	512	
FL	40600	40600	33	22	0	7	15	23	8	55	0	14334030	6075	4775	148	1925	4244	4632	2536	13292	512	
FL	40800	40800	35	28	0	8	13	24	11	55	1	14272493	6075	4775	148	1925	4244	4632	2536	13292	512	
FL	41000	41000	33	28	0	7	15	29	13	55	0	14210654	6075	4775	148	1925	4244	4632	2536	13292	512	
FL	41200	41200	35	28	0	6	15	32	12	60	0	14150082	6075	4775	148	1925	4244	4632	2536	13292	512	
FL	41400	41400	28	31	0	7	16	31	12	53	0	14089270	6075	4775	148	1925	4244	4632	2536	13292	512	
FL	41600	41600	26	32	0	6	12	29	10	50	1	14032134	6075	4775	148	1925	4244	4632	2536	13292	512	
FL	41800	41800	29	34	0	4	13	25	10	50	1	13977362	6075	4775	148	1925	4244	4632	2536	13292	512	
FL	42000	42000	26	33	0	8	13	27	12	53	1	13925034	6075	4775	148	1925	4244	4632	2536	13292	512	
FL	42200	42200	28	33	0	8	11	30	13	55	1	13873754	6075	4775	148	1925	4244	4632	2536	13292	512	
FL	42400	42400	30	27	0	7	13	31	10	58	2	13827114	6075	4775	148	1925	4244	4632	2536	13292	512	
FL	42600	42600	25	24	0	5	10	30	13	65	1	13780938	6075	4775	148	1925	4244	4632	2536	13292	512	
FL	42800	42800	27	26	0	3	9	33	13	56	1	13733441	6075	4775	148	1925	4244	4632	2536	13292	512	
FL	43000	43000	30	21	1	5	12	31	14	52	2	13683488	6075	4775	148	1925	4244	4632	2536	13292	512	
FL	43200	43200	31	24	1	5	12	34	12	51	2	13631461	6075	4775	148	1925	4244	4632	2536	13292	512	
FL	43400	43400	30	22	1	5	15	39	10	51	2	13578047	6075	4775	148	1925	4244	4632	2536	13292	512	
FL	43600	43600	31	22	0	3	12	38	8	49	2	13523766	6075	4775	148	1925	4244	4632	2536	13292	512	
FL	43800	43800	30	24	1	3	11	34	8	42	2	13468209	6075	4775	148	1925	4244	4632	2536	13292	512	
FL	44000	44000	27	26	2	3	11	30	8	40	1	13413295	6075	4775	148	1925	4244	4632	2536	13292	512	
FL	44200	44200	29	23	2	3	10	28	9	38	1	13359201	6075	4775	148	1925	4244	4632	2536	13292	512	
FL	44400	44400	25	25	1	3	10	26	9	36	0	13306721	6075	4775	148	1925	4244	4632	2536	13292	512	
FL	44600	44600	28	24	1	4	9	24	9	39	0	13256392	6075	4775	148	1925	4244	4632	2536	13292	512	
FL	44800	44800	34	26	1	3	11	19	10	41	0	13209851	6075	4775	148	1925	4244	4632	2536	13292	512	
FL	45000	45000	35	28	0	3	13	21	9	40	0	13164753	6075	4775	148	1925	4244	4632	2536	13292	512	
FL	45200	45200	39	29	0	1	13	20	11	47	0	13118743	6075	4775	148	1925	4244	4632	2536	13292	512	
FL	45400	45400	35	24	0	2	14	22	11	43	0	13070916	6075	4775	148	1925	4244	4632	2536	13292	512	
FL	45600	45600	31	23	0	2	13	24	9	43	0	13021886	6075	4775	148	1925	4244	4632	2536	13292	512	
FL	45800	45800	34	21	0	2	12	23	9	43	1	12972777	6075	4775	148	1925	4244	4632	2536	13292	512	
FL	46000	46000	31	17	0	2	12	18	9	41	2	12923853	6075	4775	148	1925	4244	4632	2536	13292	512	
FL	46200	46200	29	14	0	3	13	19	8	40	2	12876935	6075	4775	148	1925	4244	4632	2536	13292	512	
FL	46400	46400	27	10	0	3	10	21	7	42	2	12831235	6075	4775	148	1925	4244	4632	2536	13292	512	
FL	46600	46600	28	13	1	2	10	19	9	42	4	12785219	6075	4775	148	1925	4244	4632	2536	13292	512	
FL	46800	46800	27	14	1	2	8	20	9	47	4	12737824	6075	4775	148	1925	4244	4632	2536	13292	512	
FL	47000	47000	22	14	1	2	8	18	10	50	3	12688886	6075	4775	148	1925	4244	4632	2536	13292	512	
FL	47200	47200	21	19	1	2	8	21	12	48	3	12641034	6075	4775	148	1925	4244	4632	2536	13292	512	
FL	47400	47400	25	18	1	2	7	21	9	45	5	12596356	6075	4775	148	1925	4244	4632	2536	13292	512	
FL	47600	47600	25	20	1	3	11	17	8	46	5	12553764	6075	4775	148	1925	4244	4632	2536	13292	512	
FL	47800	47800	22	20	1	4	11	24	8	47	5	12510564	6075	4775	148	1925	4244	4632	2536	13292	512	
FL	48000	48000	29	21	1	5	12	21	8	45	4	12466736	6075	4775	148	1925	4244	4632	2536	13292	512	
FL	48200	48200	30	22	1	5	15	23	9	42	4	12422750	6075	4775	148	1925	4244	4632	2536	13292	512	
FL	48400	48400	28	21	0	4	16	21	14	40	5	12377204	6075	4775	148	1925	4244	4632	2536	13292	512	
FL	48600	48600	30	21	0	4	14	22	14	40	4	12332571	6075	4775	148	1925	4244	4632	2536	13292	512	
FL	48800	48800	31	18	0	4	16	25	14	39	4	12287833	6075	4775	148	1925	4244	4632	2536	13292	512	
FL	49000	49000	27	20	0	5	17	27	13	41	2	12242154	6075	4775	148	1925	4244	4632	2536	13292	512	
FL	49200	49200	27	19	0	5	12	28	10	45	2	12197619	6075	4775	148	1925	4244	4632	2536	13292	512	
FL	49400	49400	33	21	0	5	14	23	10	39	2	12154880	6075	4775	148	1925	4244	4632	2536	13292	512	
FL	49600	49600	31	20	0	5	12	24	9	40	2	12112465	6075	4775	148	1925	4244	4632	2536	13292	512	
FL	49800	49800	31	19	0	4	16	25	11	32	1	12069275	6075	4775	148	1925	4244	4632	2536	13292	512	
FL	50000	50000	33	21	0	4	14	24	9	32	1	12026431	6075	4775	148	1925	4244	4632	2536	13292	512	
FL	50200	50200	29	19	0	2	16	21	9	35	1	11982220	6075	4775	148	1925	4244	4632	2536	13292	512	
FL	50400	50400	32	19	0	5	16	20	9	38	0	11939939	6075	4775	148	1925	4244	4632	2536	13292	512	
FL	50600	50600	31	16	0	5	16	19	9	37	0	11897900	6075	4775	148	1925	4244	4632	2536	13292	512	
FL	50800	50800	26	14	0	3	17	16	7	42	1	11857223	6075	4775	148	1925	4244	4632	2536	13292	512	
FL	51000	51000	26	16	0	3	19	17	7	48	1	11818836	6075	4775	148	1925	4244	4632	2536	13292	512	
FL	51200	51200	28	14	0	5	20	17	8	42	1	11779563	6075	4775	148	1925	4244	4632	2536	13292	512	
FL	51400	51400	28	14	0	6	18	19	6	44	0	11738042	6075	4775	148	1925	4244	4632	2536	13292	512	
FL	51600	51600	28	15	0	7	14	18	9	45	0	11694977	6075	4775	148	1925	4244	4632	2536	13292	512	
FL	51800	51800	29	14	0	9	13	20	7	50	0	11653291	6075	4775	148	1925	4244	4632	2536	13292	512	
FL	52000	52000	33	16	0	7	14	24	5	52	0	11612061	6075	4775	148	1925	4244	4632	2536	13292	512	
FL	52200	52200	30	17	1	10	11	22	11	54	0	11572338	6075	4775	148	1925	4244	4632	2536	13292	512	
FL	52400	52400	29	21	1	13	10	21	15	55	0	11532895	6075	4775	148	1925	4244	4632	2536	13292	512	
FL	52600	52600	27	20	2	13	10	24	15	50	0	11494680	6075	4775	148	1925	4244	4632	2536	13292	512	
FL	52800	52800	24	21	2	10	10	26	14	48	0	11458458	6075	4775	148	1925	4244	4632	2536	13292	512	
FL	53000	53000	22	18	2	8	11	25	12	46	1	11423337	6075	4775	148	1925	4244	4632	2536	13292	512	
FL	53200	53200	24	19	2	9	12	25	10	47	1	11388911	6075	4775	148	1925	4244	4632	2536	13292	512	
FL	53400	53400	24	19	2	9	13	25	12	46	0	11354279	6075	4775	148	1925	4244	4632	2536	13292	512	
FL	53600	53600	24	22	1	7	16	26	14	44	0	11318563	6075	4775	148	1925	4244	4632	2536	13292	512	
FL	53800	53800	24	19	1	4	13	24	12	48	0	11281834	6075	4775	148	1925	4244	4632	2536	13292	512	
FL	54000	54000	23	24	1	5	14	23	11	47	0	11245578	6075	4775	148	1925	4244	4632	2536	13292	512	
FL	54200	54200	23	22	0	5	13	18	10	43	1	11208604	6075	4775	148	1925	4244	4632	2536	13292	512	
FL	54400	54400	21	20	0	5	12	14	10	38	1	11169090	6075	4775	148	1925	4244	4632	2536	13292	512	
FL	54600	54600	24	20	0	5	13	14	10	40	2	11129114	6075	4775	148	1925	4244	4632	2536	13292	512	
FL	54800	54800	23	19	0	5	12	13	10	36	2	11090467	6075	4775	148	1925	4244	4632	2536	13292	512	
FL	55000	55000	21	17	0	5	11	14	10	27	1	11052397	6075	4775	148	1925	4244	4632	2536	13292	512	
FL	55200	55200	18	18	0	6	12	8	10	29	1	11014432	6075	4775	148	1925	4244	4632	2536	13292	512	
FL	55400	55400	21	19	0	6	10	7	10	30	0	10976922	6075	4775	148	1925	4244	4632	2536	13292	512	
FL	55600	55600	24	16	0	5	10	8	8	32	0	10937630	6075	4775	148	1925	4244	4632	2536	13292	512	
FL	55800	55800	24	17	0	5	13	16	7	38	0	10895896	6075	4775	148	1925	4244	4632	2536	13292	512	
FL	56000	56000	27	16	0	5	14	17	5	39	1	10853505	6075	4775	148	1925	4244	4632	2536	13292	512	
FL	56200	56200	30	14	0	5	15	16	4	34	2	10811979	6075	4775	148	1925	4244	4632	2536	13292	512	
FL	56400	56400	31	14	0	4	11	15	7	36	2	10771594	6075	4775	148	1925	4244	4632	2536	13292	512	
FL	56600	56600	29	15	0	4	14	15	6	39	3	10732706	6075	4775	148	1925	4244	4632	2536	13292	512	
FL	56800	56800	27	17	0	5	13	17	4	33	3	10695698	6075	4775	148	1925	4244	4632	2536	13292	512	
FL	57000	57000	24	17	0	5	11	19	4	36	3	10658701	6075	4775	148	1925	4244	4632	2536	13292	512	
FL	57200	57200	24	16	0	4	11	21	6	39	4	10621784	6075	4775	148	1925	4244	4632	2536	13292	512	
FL	57400	57400	23	16	0	5	8	21	7	42	4	10584202	6075	4775	148	1925	4244	4632	2536	13292	512	
FL	57600	57600	17	20	1	5	8	23	9	34	4	10547917	6075	4775	148	1925	4244	4632	2536	13292	512	
FL	57800	57800	21	20	1	5	7	22	10	37	4	10514252	6075	4775	148	1925	4244	4632	2536	13292	512	
FL	58000	58000	24	18	1	4	9	17	10	32	4	10481958	6075	4775	148	1925	4244	4632	2536	13292	512	
FL	58200	58200	23	17	1	4	8	17	11	30	4	10451168	6075	4775	148	1925	4244	4632	2536	13292	512	
FL	58400	58400	20	17	1	3	9	22	10	30	4	10419151	6075	4775	148	1925	4244	4632	2536	13292	512	
FL	58600	58600	21	17	0	3	13	20	12	33	2	10386249	6075	4775	148	1925	4244	4632	2536	13292	512	
FL	58800	58800	22	18	1	2	15	19	14	42	0	10354475	6075	4775	148	1925	4244	4632	2536	13292	512	
FL	59000	59000	25	18	1	2	15	15	12	43	0	10321963	6075	4775	148	1925	4244	4632	2536	13292	512	
FL	59200	59200	23	20	1	2	15	18	13	46	0	10288529	6075	4775	148	1925	4244	4632	2536	13292	512	
FL	59400	59400	20	19	0	3	13	21	12	41	0	10254896	6075	4775	148	1925	4244	4632	2536	13292	512	
FL	59600	59600	22	17	0	2	9	24	11	39	0	10220230	6075	4775	148	1925	4244	4632	2536	13292	512	
FL	59800	59800	21	14	0	2	9	25	8	36	0	10186666	6075	4775	148	1925	4244	4632	2536	13292	512	
FL	60000	60000	22	15	0	2	11	22	8	30	0	10153600	6075	4775	148	1925	4244	4632	2536	13292	512	
FL	60200	60200	20	12	0	1	12	24	8	28	0	10120813	6075	4775	148	1925	4244	4632	2536	13292	512	
FL	60400	60400	21	13	0	1	10	23	6	29	0	10088289	6075	4775	148	1925	4244	4632	2536	13292	512	
FL	60600	60600	21	11	0	1	13	26	7	32	2	10055738	6075	4775	148	1925	4244	4632	2536	13292	512	
FL	60800	60800	22	14	0	1	15	28	9	31	2	10023054	6075	4775	148	1925	4244	4632	2536	13292	512	
FL	61000	61000	21	18	0	1	14	28	8	35	2	9989843	6075	4775	148	1925	4244	4632	2536	13292	512	
FL	61200	61200	23	16	0	0	13	22	7	35	2	9957554	6075	4775	148	1925	4244	4632	2536	13292	512	
FL	61400	61400	24	15	0	0	14	21	9	35	2	9926731	6075	4775	148	1925	4244	4632	2536	13292	512	
FL	61600	61600	22	15	0	0	10	19	10	36	2	9897153	6075	4775	148	1925	4244	4632	2536	13292	512	
FL	61800	61800	21	13	0	0	14	21	10	34	2	9867580	6075	4775	148	1925	4244	4632	2536	13292	512	
FL	62000	62000	20	10	0	0	17	19	9	31	2	9838549	6075	4775	148	1925	4244	4632	2536	13292	512	
FL	62200	62200	15	10	0	1	19	16	9	27	2	9809300	6075	4775	148	1925	4244	4632	2536	13292	512	
FL	62400	62400	18	8	0	1	16	15	9	22	1	9780271	6075	4775	148	1925	4244	4632	2536	13292	512	
FL	62600	62600	23	8	0	2	19	15	7	23	1	9751241	6075	4775	148	1925	4244	4632	2536	13292	512	
FL	62800	62800	22	10	0	3	17	16	10	27	1	9724051	6075	4775	148	1925	4244	4632	2536	13292	512	
FL	63000	63000	20	9	0	3	17	17	11	30	1	9696930	6075	4775	148	1925	4244	4632	2536	13292	512	
FL	63200	63200	15	10	0	3	15	15	11	35	0	9670712	6075	4775	148	1925	4244	4632	2536	13292	512	
FL	63400	63400	17	10	0	1	16	14	13	33	0	9644120	6075	4775	148	1925	4244	4632	2536	13292	512	
FL	63600	63600	18	12	0	2	14	14	13	34	0	9616257	6075	4775	148	1925	4244	4632	2536	13292	512	
FL	63800	63800	18	12	0	1	11	14	14	37	0	9587981	6075	4775	148	1925	4244	4632	2536	13292	512	
FL	64000	64000	15	9	0	2	10	15	13	37	0	9559640	6075	4775	148	1925	4244	4632	2536	13292	512	
FL	64200	64200	13	9	0	2	14	15	11	42	1	9531609	6075	4775	148	1925	4244	4632	2536	13292	512	
FL	64400	64400	12	12	0	2	11	19	7	42	1	9502289	6075	4775	148	1925	4244	4632	2536	13292	512	
FL	64600	64600	12	11	0	1	13	19	9	40	3	9472572	6075	4775	148	1925	4244	4632	2536	13292	512	
FL	64800	64800	12	11	0	2	15	21	9	43	3	9443500	6075	4775	148	1925	4244	4632	2536	13292	512	
FL	65000	65000	13	11	0	1	11	18	9	38	4	9414789	6075	4775	148	1925	4244	4632	2536	13292	512	
FL	65200	65200	17	9	0	2	11	16	9	33	5	9387106	6075	4775	148	1925	4244	4632	2536	13292	512	
FL	65400	65400	20	7	0	5	12	15	7	32	5	9361612	6075	4775	148	1925	4244	4632	2536	13292	512	
FL	65600	65600	24	7	0	5	11	14	10	36	5	9337074	6075	4775	148	1925	4244	4632	2536	13292	512	
FL	65800	65800	21	7	0	4	14	13	10	34	6	9312028	6075	4775	148	1925	4244	4632	2536	13292	512	
FL	66000	66000	20	10	0	6	15	15	8	30	5	9286767	6075	4775	148	1925	4244	4632	2536	13292	512	
FL	66200	66200	20	12	0	7	13	13	10	28	5	9261489	6075	4775	148	1925	4244	4632	2536	13292	512	
FL	66400	66400	22	11	0	7	12	14	9	21	5	9236492	6075	4775	148	1925	4244	4632	2536	13292	512	
FL	66600	66600	24	15	0	8	9	15	7	23	4	9212037	6075	4775	148	1925	4244	4632	2536	13292	512	
FL	66800	66800	28	17	0	8	10	15	7	26	3	9187185	6075	4775	148	1925	4244	4632	2536	13292	512	
FL	67000	67000	32	17	0	7	11	17	5	26	2	9162598	6075	4775	148	1925	4244	4632	2536	13292	512	
FL	67200	67200	32	16	0	6	10	19	4	23	2	9138060	6075	4775	148	1925	4244	4632	2536	13292	512	
FL	67400	67400	27	17	0	6	11	18	4	23	2	9113580	6075	4775	148	1925	4244	4632	2536	13292	512	
FL	67600	67600	26	16	0	5	10	16	4	24	3	9089642	6075	4775	148	1925	4244	4632	2536	13292	512	
FL	67800	67800	26	15	0	5	8	17	6	23	2	9067138	6075	4775	148	1925	4244	4632	2536	13292	512	
FL	68000	68000	28	13	0	5	6	17	7	24	2	9045141	6075	4775	148	1925	4244	4632	2536	13292	512	
FL	68200	68200	17	13	0	2	8	17	8	28	2	9023718	6075	4775	148	1925	4244	4632	2536	13292	512	
FL	68400	68400	14	17	0	2	7	20	5	25	2	9003232	6075	4775	148	1925	4244	4632	2536	13292	512	
FL	68600	68600	14	18	0	2	8	19	3	26	2	8981545	6075	4775	148	1925	4244	4632	2536	13292	512	
FL	68800	68800	14	18	0	2	9	20	4	26	2	8959297	6075	4775	148	1925	4244	4632	2536	13292	512	
FL	69000	69000	15	20	0	2	8	23	5	23	2	8937950	6075	4775	148	1925	4244	4632	2536	13292	512	
FL	69200	69200	15	18	0	2	7	20	5	27	2	8915181	6075	4775	148	1925	4244	4632	2536	13292	512	
FL	69400	69400	14	21	0	3	7	17	6	28	1	8892557	6075	4775	148	1925	4244	4632	2536	13292	512	
FL	69600	69600	15	23	0	2	7	19	5	26	1	8870616	6075	4775	148	1925	4244	4632	2536	13292	512	
FL	69800	69800	14	21	0	3	6	17	6	27	1	8848428	6075	4775	148	1925	4244	4632	2536	13292	512	
FL	70000	70000	16	20	0	3	5	15	7	30	1	8827512	6075	4775	148	1925	4244	4632	2536	13292	512	
FL	70200	70200	15	22	0	3	8	11	7	30	1	8806210	6075	4775	148	1925	4244	4632	2536	13292	512	
FL	70400	70400	15	19	0	2	8	8	5	30	1	8785135	6075	4775	148	1925	4244	4632	2536	13292	512	
FL	70600	70600	15	19	0	0	8	8	7	31	0	8763596	6075	4775	148	1925	4244	4632	2536	13292	512	
FL	70800	70800	17	18	1	0	7	9	7	37	0	8743159	6075	4775	148	1925	4244	4632	2536	13292	512	
FL	71000	71000	15	18	1	1	9	11	6	36	0	8723996	6075	4775	148	1925	4244	4632	2536	13292	512	
FL	71200	71200	16	18	1	1	10	14	6	36	0	8704388	6075	4775	148	1925	4244	4632	2536	13292	512	
FL	71400	71400	14	18	0	1	12	18	7	36	0	8683445	6075	4775	148	1925	4244	4632	2536	13292	512	
FL	71600	71600	13	16	1	1	11	17	6	36	0	8662006	6075	4775	148	1925	4244	4632	2536	13292	512	
FL	71800	71800	13	11	1	2	9	15	6	33	0	8641554	6075	4775	148	1925	4244	4632	2536	13292	512	
FL	72000	72000	15	11	1	2	9	10	10	31	0	8620406	6075	4775	148	1925	4244	4632	2536	13292	512	
FL	72200	72200	16	13	1	2	9	11	10	31	0	8600212	6075	4775	148	1925	4244	4632	2536	13292	512	
FL	72400	72400	13	12	1	2	6	12	13	32	0	8581073	6075	4775	148	1925	4244	4632	2536	13292	512	
FL	72600	72600	13	14	1	3	10	11	12	30	0	8560545	6075	4775	148	1925	4244	4632	2536	13292	512	
FL	72800	72800	15	14	1	3	9	12	11	33	0	8539035	6075	4775	148	1925	4244	4632	2536	13292	512	
FL	73000	73000	13	12	1	4	8	12	12	35	1	8517253	6075	4775	148	1925	4244	4632	2536	13292	512	
FL	73200	73200	13	14	1	4	9	12	12	34	1	8496271	6075	4775	148	1925	4244	4632	2536	13292	512	
FL	73400	73400	15	15	1	3	12	7	11	32	2	8475658	6075	4775	148	1925	4244	4632	2536	13292	512	
FL	73600	73600	14	17	1	4	11	9	10	36	2	8455731	6075	4775	148	1925	4244	4632	2536	13292	512	
FL	73800	73800	16	17	1	5	11	9	8	36	2	8436800	6075	4775	148	1925	4244	4632	2536	13292	512	
FL	74000	74000	20	14	1	4	10	10	6	30	2	8417653	6075	4775	148	1925	4244	4632	2536	13292	512	
FL	74200	74200	23	15	0	7	14	11	7	29	1	8398550	6075	4775	148	1925	4244	4632	2536	13292	512	
FL	74400	74400	23	14	0	7	12	11	8	31	1	8379691	6075	4775	148	1925	4244	4632	2536	13292	512	
FL	74600	74600	23	15	0	7	11	11	7	31	0	8361006	6075	4775	148	1925	4244	4632	2536	13292	512	
FL	74800	74800	28	17	0	6	10	15	6	28	0	8341848	6075	4775	148	1925	4244	4632	2536	13292	512	
FL	75000	75000	31	16	0	5	13	16	6	31	1	8322424	6075	4775	148	1925	4244	4632	2536	13292	512	
FL	75200	75200	25	14	0	4	14	14	4	30	1	8302213	6075	4775	148	1925	4244	4632	2536	13292	512	
FL	75400	75400	23	16	0	4	14	12	4	31	1	8282109	6075	4775	148	1925	4244	4632	2536	13292	512	
FL	75600	75600	17	13	0	3	14	12	3	34	1	8263325	6075	4775	148	1925	4244	4632	2536	13292	512	
FL	75800	75800	18	17	0	3	6	15	6	35	1	8244045	6075	4775	148	1925	4244	4632	2536	13292	512	
FL	76000	76000	19	17	0	3	5	16	5	34	1	8225022	6075	4775	148	1925	4244	4632	2536	13292	512	
FL	76200	76200	18	15	0	3	4	16	5	37	1	8207446	6075	4775	148	1925	4244	4632	2536	13292	512	
FL	76400	76400	15	15	0	2	4	13	5	34	1	8190125	6075	4775	148	1925	4244	4632	2536	13292	512	
FL	76600	76600	17	16	0	2	4	12	3	34	1	8172210	6075	4775	148	1925	4244	4632	2536	13292	512	
FL	76800	76800	14	11	0	2	4	10	5	32	1	8154318	6075	4775	148	1925	4244	4632	2536	13292	512	
FL	77000	77000	15	11	0	3	3	9	4	32	1	8136126	6075	4775	148	1925	4244	4632	2536	13292	512	
FL	77200	77200	16	12	1	5	3	9	4	28	1	8117842	6075	4775	148	1925	4244	4632	2536	13292	512	
FL	77400	77400	17	13	1	4	4	8	3	30	1	8100180	6075	4775	148	1925	4244	4632	2536	13292	512	
FL	77600	77600	18	15	1	3	5	11	4	33	1	8082921	6075	4775	148	1925	4244	4632	2536	13292	512	
FL	77800	77800	16	15	1	3	5	11	5	32	0	8065266	6075	4775	148	1925	4244	4632	2536	13292	512	
FL	78000	78000	17	14	1	4	4	11	4	34	0	8047224	6075	4775	148	1925	4244	4632	2536	13292	512	
FL	78200	78200	14	18	1	4	4	10	6	37	0	8029708	6075	4775	148	1925	4244	4632	2536	13292	512	
FL	78400	78400	14	14	1	5	4	14	6	28	1	8010897	6075	4775	148	1925	4244	4632	2536	13292	512	
FL	78600	78600	11	11	1	5	7	11	8	27	1	7991636	6075	4775	148	1925	4244	4632	2536	13292	512	
FL	78800	78800	11	10	1	4	8	17	9	27	1	7972873	6075	4775	148	1925	4244	4632	2536	13292	512	
FL	79000	79000	13	14	1	5	9	18	9	29	1	7955000	6075	4775	148	1925	4244	4632	2536	13292	512	
FL	79200	79200	12	14	1	3	9	16	8	28	0	7937443	6075	4775	148	1925	4244	4632	2536	13292	512	
FL	79400	79400	15	16	1	4	11	17	8	31	0	7920913	6075	4775	148	1925	4244	4632	2536	13292	512	
FL	79600	79600	17	13	0	3	10	16	9	27	0	7904592	6075	4775	148	1925	4244	4632	2536	13292	512	
FL	79800	79800	15	10	0	3	9	13	8	26	0	7887988	6075	4775	148	1925	4244	4632	2536	13292	512	
FL	80000	80000	16	8	0	1	12	15	8	27	1	7871756	6075	4775	148	1925	4244	4632	2536	13292	512	
FL	80200	80200	20	7	0	1	11	14	9	22	2	7855256	6075	4775	148	1925	4244	4632	2536	13292	512	
FL	80400	80400	20	9	0	5	10	12	8	17	2	7838605	6075	4775	148	1925	4244	4632	2536	13292	512	
FL	80600	80600	17	13	0	5	9	9	7	19	1	7820319	6075	4775	148	1925	4244	4632	2536	13292	512	
FL	80800	80800	13	14	0	5	9	12	7	21	1	7800769	6075	4775	148	1925	4244	4632	2536	13292	512	
FL	81000	81000	14	11	0	7	8	15	6	22	1	7781010	6075	4775	148	1925	4244	4632	2536	13292	512	
FL	81200	81200	12	13	0	7	8	16	6	23	0	7761214	6075	4775	148	1925	4244	4632	2536	13292	512	
FL	81400	81400	11	11	0	6	8	16	8	24	1	7740767	6075	4775	148	1925	4244	4632	2536	13292	512	
FL	81600	81600	11	16	0	7	6	14	7	27	1	7719997	6075	4775	148	1925	4244	4632	2536	13292	512	
FL	81800	81800	8	14	0	6	5	11	7	23	1	7699698	6075	4775	148	1925	4244	4632	2536	13292	512	
FL	82000	82000	10	14	0	4	3	5	7	18	0	7679796	6075	4775	148	1925	4244	4632	2536	13292	512	
FL	82200	82200	12	15	0	5	2	6	10	23	1	7661435	6075	4775	148	1925	4244	4632	2536	13292	512	
FL	82400	82400	12	13	0	5	4	6	11	22	1	7644373	6075	4775	148	1925	4244	4632	2536	13292	512	
FL	82600	82600	13	12	0	5	7	9	10	22	1	7627298	6075	4775	148	1925	4244	4632	2536	13292	512	
FL	82800	82800	17	11	0	5	7	11	11	27	1	7610298	6075	4775	148	1925	4244	4632	2536	13292	512	
FL	83000	83000	19	12	0	4	8	12	12	29	1	7592836	6075	4775	148	1925	4244	4632	2536	13292	512	
FL	83200	83200	20	15	0	4	8	14	12	32	1	7576466	6075	4775	148	1925	4244	4632	2536	13292	512	
FL	83400	83400	19	13	0	5	9	16	9	29	1	7561414	6075	4775	148	1925	4244	4632	2536	13292	512	
FL	83600	83600	20	15	0	5	9	16	8	26	3	7545344	6075	4775	148	1925	4244	4632	2536	13292	512	
FL	83800	83800	20	13	0	6	8	14	7	25	3	7528194	6075	4775	148	1925	4244	4632	2536	13292	512	
FL	84000	84000	25	12	0	6	8	12	8	27	4	7511669	6075	4775	148	1925	4244	4632	2536	13292	512	
FL	84200	84200	27	9	0	5	7	14	9	28	3	7495689	6075	4775	148	1925	4244	4632	2536	13292	512	
FL	84400	84400	22	9	0	6	6	13	9	30	4	7479902	6075	4775	148	1925	4244	4632	2536	13292	512	
FL	84600	84600	18	10	0	5	9	14	8	35	3	7465220	6075	4775	148	1925	4244	4632	2536	13292	512	
FL	84800	84800	17	8	0	4	9	17	8	33	3	7450926	6075	4775	148	1925	4244	4632	2536	13292	512	
FL	85000	85000	17	5	0	4	9	19	6	30	1	7437023	6075	4775	148	1925	4244	4632	2536	13292	512	
FL	85200	85200	16	9	0	4	9	17	4	26	1	7422927	6075	4775	148	1925	4244	4632	2536	13292	512	
FL	85400	85400	15	10	0	5	8	18	5	24	1	7407703	6075	4775	148	1925	4244	4632	2536	13292	512	
FL	85600	85600	17	12	0	5	5	18	5	26	1	7392648	6075	4775	148	1925	4244	4632	2536	13292	512	
FL	85800	85800	14	12	0	4	7	16	4	27	1	7378138	6075	4775	148	1925	4244	4632	2536	13292	512	
FL	86000	86000	17	12	0	4	6	16	6	26	1	7364040	6075	4775	148	1925	4244	4632	2536	13292	512	
FL	86200	86200	16	11	0	3	6	17	7	25	2	7349923	6075	4775	148	1925	4244	4632	2536	13292	512	
FL	86400	86400	17	10	0	4	6	16	6	25	2	7335012	6075	4775	148	1925	4244	4632	2536	13292	512	
FL	86600	86600	17	10	0	3	2	17	6	31	2	7320181	6075	4775	148	1925	4244	4632	2536	13292	512	
FL	86800	86800	16	7	0	4	2	16	6	36	2	7304189	6075	4775	148	1925	4244	4632	2536	13292	512	
FL	87000	87000	13	11	0	6	4	15	5	35	2	7288357	6075	4775	148	1925	4244	4632	2536	13292	512	
FL	87200	87200	17	11	0	5	4	14	5	31	3	7272994	6075	4775	148	1925	4244	4632	2536	13292	512	
FL	87400	87400	16	13	0	5	6	11	4	31	4	7258952	6075	4775	148	1925	4244	4632	2536	13292	512	
FL	87600	87600	16	14	0	4	6	11	2	31	3	7244804	6075	4775	148	1925	4244	4632	2536	13292	512	
FL	87800	87800	17	16	0	5	5	9	4	32	3	7230814	6075	4775	148	1925	4244	4632	2536	13292	512	
FL	88000	88000	17	14	0	4	4	10	6	33	3	7217470	6075	4775	148	1925	4244	4632	2536	13292	512	
FL	88200	88200	19	14	0	1	5	9	6	35	2	7203122	6075	4775	148	1925	4244	4632	2536	13292	512	
FL	88400	88400	20	14	0	2	5	11	6	40	2	7188969	6075	4775	148	1925	4244	4632	2536	13292	512	
FL	88600	88600	18	12	0	2	7	8	5	36	1	7174045	6075	4775	148	1925	4244	4632	2536	13292	512	
FL	88800	88800	16	13	0	3	9	8	3	32	1	7158072	6075	4775	148	1925	4244	4632	2536	13292	512	
FL	89000	89000	17	14	0	4	12	10	3	29	1	7142618	6075	4775	148	1925	4244	4632	2536	13292	512	
FL	89200	89200	16	15	0	4	14	11	2	28	2	7127838	6075	4775	148	1925	4244	4632	2536	13292	512	
FL	89400	89400	15	11	0	4	13	13	1	28	2	7114692	6075	4775	148	1925	4244	4632	2536	13292	512	
FL	89600	89600	13	9	0	3	11	11	0	25	2	7102349	6075	4775	148	1925	4244	4632	2536	13292	512	
FL	89800	89800	13	8	0	2	10	11	3	28	1	7090133	6075	4775	148	1925	4244	4632	2536	13292	512	
FL	90000	90000	13	6	0	2	8	10	3	31	1	7077542	6075	4775	148	1925	4244	4632	2536	13292	512	
FL	90200	90200	21	10	0	2	9	9	3	35	1	7064898	6075	4775	148	1925	4244	4632	2536	13292	512	
FL	90400	90400	20	14	0	2	8	11	3	32	2	7052366	6075	4775	148	1925	4244	4632	2536	13292	512	
FL	90600	90600	21	14	0	1	9	9	4	31	1	7040633	6075	4775	148	1925	4244	4632	2536	13292	512	
FL	90800	90800	20	15	0	1	7	11	3	26	1	7029301	6075	4775	148	1925	4244	4632	2536	13292	512	
FL	91000	91000	23	16	0	2	7	11	4	25	1	7017502	6075	4775	148	1925	4244	4632	2536	13292	512	
FL	91200	91200	21	12	0	3	7	12	4	24	1	7004713	6075	4775	148	1925	4244	4632	2536	13292	512	
FL	91400	91400	17	12	0	3	9	11	5	28	1	6991611	6075	4775	148	1925	4244	4632	2536	13292	512	
FL	91600	91600	17	10	0	3	8	12	4	27	0	6978460	6075	4775	148	1925	4244	4632	2536	13292	512	
FL	91800	91800	17	11	0	3	8	13	2	27	0	6965628	6075	4775	148	1925	4244	4632	2536	13292	512	
FL	92000	92000	14	14	0	4	10	12	2	27	0	6952790	6075	4775	148	1925	4244	4632	2536	13292	512	
FL	92200	92200	16	14	0	4	11	12	3	27	0	6940763	6075	4775	148	1925	4244	4632	2536	13292	512	
FL	92400	92400	21	13	0	5	13	11	3	27	0	6928269	6075	4775	148	1925	4244	4632	2536	13292	512	
FL	92600	92600	19	12	0	7	14	10	3	29	0	6916559	6075	4775	148	1925	4244	4632	2536	13292	512	
FL	92800	92800	24	13	0	7	19	8	5	28	0	6905276	6075	4775	148	1925	4244	4632	2536	13292	512	
FL	93000	93000	23	13	0	8	17	8	5	24	0	6893205	6075	4775	148	1925	4244	4632	2536	13292	512	
FL	93200	93200	21	11	0	7	14	9	4	23	0	6880912	6075	4775	148	1925	4244	4632	2536	13292	512	
FL	93400	93400	17	11	0	10	13	11	4	27	0	6867841	6075	4775	148	1925	4244	4632	2536	13292	512	
FL	93600	93600	17	10	0	10	13	7	5	27	0	6853052	6075	4775	148	1925	4244	4632	2536	13292	512	
FL	93800	93800	18	11	0	10	15	7	5	27	0	6837534	6075	4775	148	1925	4244	4632	2536	13292	512	
FL	94000	94000	19	11	1	10	12	8	5	32	0	6822440	6075	4775	148	1925	4244	4632	2536	13292	512	
FL	94200	94200	13	11	1	11	10	7	6	35	0	6807071	6075	4775	148	1925	4244	4632	2536	13292	512	
FL	94400	94400	12	12	1	11	6	6	7	36	0	6792321	6075	4775	148	1925	4244	4632	2536	13292	512	
FL	94600	94600	11	9	1	11	5	5	9	35	0	6777315	6075	4775	148	1925	4244	4632	2536	13292	512	
FL	94800	94800	13	10	1	11	7	6	12	32	0	6762894	6075	4775	148	1925	4244	4632	2536	13292	512	
FL	95000	95000	16	10	1	10	7	7	11	30	0	6750165	6075	4775	148	1925	4244	4632	2536	13292	512	
FL	95200	95200	19	13	1	9	7	9	10	31	0	6738829	6075	4775	148	1925	4244	4632	2536	13292	512	
FL	95400	95400	17	16	1	9	10	12	9	32	0	6728200	6075	4775	148	1925	4244	4632	2536	13292	512	
FL	95600	95600	17	11	0	8	11	11	9	29	1	6717600	6075	4775	148	1925	4244	4632	2536	13292	512	
FL	95800	95800	18	12	0	7	10	8	7	26	1	6705856	6075	4775	148	1925	4244	4632	2536	13292	512	
FL	96000	96000	17	16	0	5	8	7	6	24	1	6691949	6075	4775	148	1925	4244	4632	2536	13292	512	
FL	96200	96200	21	16	0	5	7	8	4	26	2	6676942	6075	4775	148	1925	4244	4632	2536	13292	512	
FL	96400	96400	18	15	0	5	7	7	5	29	2	6661807	6075	4775	148	1925	4244	4632	2536	13292	512	
FL	96600	96600	16	12	0	5	7	11	5	34	2	6646830	6075	4775	148	1925	4244	4632	2536	13292	512	
FL	96800	96800	16	14	0	5	7	11	4	33	1	6631933	6075	4775	148	1925	4244	4632	2536	13292	512	
FL	97000	97000	15	13	1	5	5	13	3	31	0	6616694	6075	4775	148	1925	4244	4632	2536	13292	512	
FL	97200	97200	20	17	1	5	3	15	5	28	0	6601042	6075	4775	148	1925	4244	4632	2536	13292	512	
FL	97400	97400	17	16	1	3	3	16	4	27	0	6585106	6075	4775	148	1925	4244	4632	2536	13292	512	
FL	97600	97600	19	15	0	3	4	17	4	26	0	6568933	6075	4775	148	1925	4244	4632	2536	13292	512	
FL	97800	97800	21	15	0	3	5	16	4	27	0	6552537	6075	4775	148	1925	4244	4632	2536	13292	512	
FL	98000	98000	19	16	0	3	6	16	5	28	0	6535009	6075	4775	148	1925	4244	4632	2536	13292	512	
FL	98200	98200	16	12	0	1	7	12	5	28	0	6517439	6075	4775	148	1925	4244	4632	2536	13292	512	
FL	98400	98400	16	9	0	2	6	9	3	24	0	6500858	6075	4775	148	1925	4244	4632	2536	13292	512	
FL	98600	98600	19	9	0	3	6	9	2	25	0	6484705	6075	4775	148	1925	4244	4632	2536	13292	512	
FL	98800	98800	20	8	0	3	4	10	1	24	0	6469448	6075	4775	148	1925	4244	4632	2536	13292	512	
FL	99000	99000	20	9	0	3	5	11	1	25	0	6455945	6075	4775	148	1925	4244	4632	2536	13292	512	
FL	99200	99200	20	10	0	2	4	9	1	25	0	6443374	6075	4775	148	1925	4244	4632	2536	13292	512	
FL	99400	99400	18	10	0	2	4	12	1	22	1	6431061	6075	4775	148	1925	4244	4632	2536	13292	512	
FL	99600	99600	17	12	0	4	3	13	2	22	2	6419889	6075	4775	148	1925	4244	4632	2536	13292	512	
FL	99800	99800	14	12	0	3	5	14	4	23	2	6409736	6075	4775	148	1925	4244	4632	2536	13292	512	
FL	100000	100000	12	12	0	4	5	12	4	25	3	6400088	6075	4775	148	1925	4244	4632	2536	13292	512	
