DHL	0	0	233	603	38	239	436	429	369	0	150	104797627	1810	2357	1241	2216	9263	7013	7501	5032	
DHL	200	200	234	592	38	232	434	428	351	0	147	104343962	1810	2357	1241	2216	9263	7013	7501	5032	
DHL	400	400	235	571	39	212	424	421	333	0	150	103120802	1810	2357	1241	2216	9263	7013	7501	5032	
DHL	600	600	235	569	41	201	432	432	323	0	144	101559482	1810	2357	1241	2216	9263	7013	7501	5032	
DHL	800	800	241	574	37	192	417	443	316	0	137	99719856	1810	2357	1241	2216	9263	7013	7501	5032	
DHL	1000	1000	256	576	38	195	416	449	299	0	135	97588860	1810	2357	1241	2216	9263	7013	7501	5032	
DHL	1200	1200	257	562	34	195	408	444	299	0	130	95223580	1810	2357	1241	2216	9263	7013	7501	5032	
DHL	1400	1400	260	567	37	191	400	449	304	0	128	92716000	1810	2357	1241	2216	9263	7013	7501	5032	
DHL	1600	1600	259	557	39	176	390	447	303	0	130	90166016	1810	2357	1241	2216	9263	7013	7501	5032	
DHL	1800	1800	263	546	44	168	381	433	288	0	125	87653059	1810	2357	1241	2216	9263	7013	7501	5032	
DHL	2000	2000	259	528	43	158	368	426	273	0	123	85201708	1810	2357	1241	2216	9263	7013	7501	5032	
DHL	2200	2200	248	503	47	152	363	402	262	0	120	82840385	1810	2357	1241	2216	9263	7013	7501	5032	
DHL	2400	2400	240	486	44	147	365	397	257	0	116	80598234	1810	2357	1241	2216	9263	7013	7501	5032	
DHL	2600	2600	239	451	40	141	355	391	255	0	120	78472484	1810	2357	1241	2216	9263	7013	7501	5032	
DHL	2800	2800	226	423	37	138	341	381	250	0	121	76467188	1810	2357	1241	2216	9263	7013	7501	5032	
DHL	3000	3000	224	406	39	134	324	374	253	0	114	74559359	1810	2357	1241	2216	9263	7013	7501	5032	
DHL	3200	3200	227	398	43	130	316	365	248	0	112	72746462	1810	2357	1241	2216	9263	7013	7501	5032	
DHL	3400	3400	226	379	40	131	307	358	240	0	111	71024118	1810	2357	1241	2216	9263	7013	7501	5032	
DHL	3600	3600	231	356	36	131	297	350	237	0	108	69376113	1810	2357	1241	2216	9263	7013	7501	5032	
DHL	3800	3800	227	338	35	130	284	335	231	0	98	67804616	1810	2357	1241	2216	9263	7013	7501	5032	
DHL	4000	4000	220	327	33	129	274	322	222	0	100	66306273	1810	2357	1241	2216	9263	7013	7501	5032	
DHL	4200	4200	205	321	35	132	268	301	221	0	100	64882089	1810	2357	1241	2216	9263	7013	7501	5032	
DHL	4400	4400	198	302	33	141	249	301	222	0	103	63523969	1810	2357	1241	2216	9263	7013	7501	5032	
DHL	4600	4600	194	301	35	138	241	288	205	0	107	62215192	1810	2357	1241	2216	9263	7013	7501	5032	
DHL	4800	4800	185	285	34	137	240	273	196	0	103	60969206	1810	2357	1241	2216	9263	7013	7501	5032	
DHL	5000	5000	182	268	30	136	230	259	186	0	96	59769918	1810	2357	1241	2216	9263	7013	7501	5032	
DHL	5200	5200	183	267	32	138	228	252	168	0	95	58615152	1810	2357	1241	2216	9263	7013	7501	5032	
DHL	5400	5400	177	258	33	134	225	249	168	0	96	57512111	1810	2357	1241	2216	9263	7013	7501	5032	
DHL	5600	5600	171	249	32	130	213	251	168	0	100	56455481	1810	2357	1241	2216	9263	7013	7501	5032	
DHL	5800	5800	173	237	33	127	204	249	175	0	102	55439591	1810	2357	1241	2216	9263	7013	7501	5032	
DHL	6000	6000	166	225	35	123	201	240	176	0	103	54463357	1810	2357	1241	2216	9263	7013	7501	5032	
DHL	6200	6200	166	221	33	123	199	232	184	0	103	53526466	1810	2357	1241	2216	9263	7013	7501	5032	
DHL	6400	6400	162	215	35	129	190	221	179	0	112	52624747	1810	2357	1241	2216	9263	7013	7501	5032	
DHL	6600	6600	159	206	36	135	196	201	175	0	116	51759805	1810	2357	1241	2216	9263	7013	7501	5032	
DHL	6800	6800	154	204	36	137	194	201	169	0	118	50922555	1810	2357	1241	2216	9263	7013	7501	5032	
DHL	7000	7000	152	201	33	135	194	197	167	0	116	50108770	1810	2357	1241	2216	9263	7013	7501	5032	
DHL	7200	7200	151	203	31	134	190	195	165	0	115	49325091	1810	2357	1241	2216	9263	7013	7501	5032	
DHL	7400	7400	148	198	26	125	179	190	162	0	115	48567578	1810	2357	1241	2216	9263	7013	7501	5032	
DHL	7600	7600	145	193	24	125	176	190	158	0	113	47834355	1810	2357	1241	2216	9263	7013	7501	5032	
DHL	7800	7800	142	186	25	123	180	191	154	0	116	47121736	1810	2357	1241	2216	9263	7013	7501	5032	
DHL	8000	8000	139	181	24	125	182	196	152	0	119	46426511	1810	2357	1241	2216	9263	7013	7501	5032	
DHL	8200	8200	138	171	24	122	174	193	143	0	121	45751958	1810	2357	1241	2216	9263	7013	7501	5032	
DHL	8400	8400	133	165	26	116	167	191	143	0	126	45101888	1810	2357	1241	2216	9263	7013	7501	5032	
DHL	8600	8600	133	154	25	113	157	174	146	0	126	44467200	1810	2357	1241	2216	9263	7013	7501	5032	
DHL	8800	8800	135	149	25	108	153	178	140	0	120	43852247	1810	2357	1241	2216	9263	7013	7501	5032	
DHL	9000	9000	133	143	23	98	152	187	135	0	114	43254893	1810	2357	1241	2216	9263	7013	7501	5032	
DHL	9200	9200	135	143	24	89	144	181	133	0	104	42682214	1810	2357	1241	2216	9263	7013	7501	5032	
DHL	9400	9400	133	135	23	85	154	179	130	0	100	42124232	1810	2357	1241	2216	9263	7013	7501	5032	
DHL	9600	9600	134	133	20	82	156	170	131	0	101	41580155	1810	2357	1241	2216	9263	7013	7501	5032	
DHL	9800	9800	136	138	20	76	152	169	125	0	93	41050398	1810	2357	1241	2216	9263	7013	7501	5032	
DHL	10000	10000	137	137	20	76	148	167	121	0	88	40533035	1810	2357	1241	2216	9263	7013	7501	5032	
DHL	10200	10200	133	131	18	73	147	163	113	0	91	40029713	1810	2357	1241	2216	9263	7013	7501	5032	
DHL	10400	10400	133	132	17	75	141	157	118	0	90	39535854	1810	2357	1241	2216	9263	7013	7501	5032	
DHL	10600	10600	131	132	17	73	137	161	119	0	87	39053811	1810	2357	1241	2216	9263	7013	7501	5032	
DHL	10800	10800	129	129	17	73	127	163	111	0	88	38581045	1810	2357	1241	2216	9263	7013	7501	5032	
DHL	11000	11000	125	133	14	73	124	160	115	0	87	38118797	1810	2357	1241	2216	9263	7013	7501	5032	
DHL	11200	11200	125	128	12	70	129	160	114	0	82	37668766	1810	2357	1241	2216	9263	7013	7501	5032	
DHL	11400	11400	122	124	10	66	123	161	111	0	87	37231877	1810	2357	1241	2216	9263	7013	7501	5032	
DHL	11600	11600	121	123	9	61	113	164	111	0	83	36803654	1810	2357	1241	2216	9263	7013	7501	5032	
DHL	11800	11800	120	120	8	59	114	167	116	0	85	36382141	1810	2357	1241	2216	9263	7013	7501	5032	
DHL	12000	12000	116	117	9	55	112	169	105	0	81	35962383	1810	2357	1241	2216	9263	7013	7501	5032	
DHL	12200	12200	108	113	10	53	109	160	95	0	81	35555651	1810	2357	1241	2216	9263	7013	7501	5032	
DHL	12400	12400	101	110	11	55	103	158	101	0	83	35154877	1810	2357	1241	2216	9263	7013	7501	5032	
DHL	12600	12600	99	104	13	52	94	157	99	0	79	34767991	1810	2357	1241	2216	9263	7013	7501	5032	
DHL	12800	12800	99	99	12	56	93	159	92	0	81	34391942	1810	2357	1241	2216	9263	7013	7501	5032	
DHL	13000	13000	96	100	10	57	88	152	93	0	77	34021522	1810	2357	1241	2216	9263	7013	7501	5032	
DHL	13200	13200	92	94	9	56	85	150	94	0	72	33662359	1810	2357	1241	2216	9263	7013	7501	5032	
DHL	13400	13400	92	96	7	62	81	149	95	0	76	33315151	1810	2357	1241	2216	9263	7013	7501	5032	
DHL	13600	13600	86	92	7	62	79	148	93	0	80	32977850	1810	2357	1241	2216	9263	7013	7501	5032	
DHL	13800	13800	85	95	9	59	78	144	89	0	79	32654243	1810	2357	1241	2216	9263	7013	7501	5032	
DHL	14000	14000	85	94	9	59	79	144	86	0	73	32337912	1810	2357	1241	2216	9263	7013	7501	5032	
DHL	14200	14200	86	96	9	54	90	150	82	0	75	32023322	1810	2357	1241	2216	9263	7013	7501	5032	
DHL	14400	14400	86	91	11	53	92	142	87	0	74	31716006	1810	2357	1241	2216	9263	7013	7501	5032	
DHL	14600	14600	86	87	12	52	96	145	89	0	63	31414608	1810	2357	1241	2216	9263	7013	7501	5032	
DHL	14800	14800	88	83	13	51	96	150	91	0	58	31117447	1810	2357	1241	2216	9263	7013	7501	5032	
DHL	15000	15000	77	81	13	48	100	153	92	0	52	30827911	1810	2357	1241	2216	9263	7013	7501	5032	
DHL	15200	15200	76	79	12	44	103	153	94	0	48	30544297	1810	2357	1241	2216	9263	7013	7501	5032	
DHL	15400	15400	77	74	12	43	99	152	96	0	48	30267043	1810	2357	1241	2216	9263	7013	7501	5032	
DHL	15600	15600	69	74	13	41	102	146	102	0	53	29996664	1810	2357	1241	2216	9263	7013	7501	5032	
DHL	15800	15800	72	78	14	39	103	133	98	0	56	29736318	1810	2357	1241	2216	9263	7013	7501	5032	
DHL	16000	16000	71	79	15	36	102	128	91	0	53	29483055	1810	2357	1241	2216	9263	7013	7501	5032	
DHL	16200	16200	69	82	15	33	98	130	85	0	53	29239020	1810	2357	1241	2216	9263	7013	7501	5032	
DHL	16400	16400	63	79	13	33	93	121	87	0	56	29003730	1810	2357	1241	2216	9263	7013	7501	5032	
DHL	16600	16600	57	74	15	32	92	104	92	0	50	28769752	1810	2357	1241	2216	9263	7013	7501	5032	
DHL	16800	16800	56	74	13	30	85	102	91	0	48	28535371	1810	2357	1241	2216	9263	7013	7501	5032	
DHL	17000	17000	56	67	15	28	85	101	89	0	46	28303126	1810	2357	1241	2216	9263	7013	7501	5032	
DHL	17200	17200	50	63	12	29	78	98	88	0	45	28067701	1810	2357	1241	2216	9263	7013	7501	5032	
DHL	17400	17400	44	62	10	30	81	92	87	0	45	27836103	1810	2357	1241	2216	9263	7013	7501	5032	
DHL	17600	17600	38	63	9	31	76	90	89	0	45	27607562	1810	2357	1241	2216	9263	7013	7501	5032	
DHL	17800	17800	32	56	8	31	72	88	86	0	41	27383758	1810	2357	1241	2216	9263	7013	7501	5032	
DHL	18000	18000	25	58	7	30	78	80	77	0	39	27160453	1810	2357	1241	2216	9263	7013	7501	5032	
DHL	18200	18200	26	47	8	30	74	76	79	0	40	26939771	1810	2357	1241	2216	9263	7013	7501	5032	
DHL	18400	18400	23	41	10	26	70	75	78	0	39	26723098	1810	2357	1241	2216	9263	7013	7501	5032	
DHL	18600	18600	17	37	11	23	68	74	77	0	41	26513519	1810	2357	1241	2216	9263	7013	7501	5032	
DHL	18800	18800	16	35	8	20	61	72	77	0	41	26311886	1810	2357	1241	2216	9263	7013	7501	5032	
DHL	19000	19000	16	34	9	19	62	66	79	0	40	26113563	1810	2357	1241	2216	9263	7013	7501	5032	
DHL	19200	19200	17	29	9	16	60	70	69	0	38	25918200	1810	2357	1241	2216	9263	7013	7501	5032	
DHL	19400	19400	18	30	9	19	59	74	69	0	34	25723147	1810	2357	1241	2216	9263	7013	7501	5032	
DHL	19600	19600	20	27	5	21	62	69	65	0	31	25529902	1810	2357	1241	2216	9263	7013	7501	5032	
DHL	19800	19800	19	26	7	24	63	53	60	0	30	25337303	1810	2357	1241	2216	9263	7013	7501	5032	
DHL	20000	20000	15	27	8	23	66	59	58	0	32	25146245	1810	2357	1241	2216	9263	7013	7501	5032	
DHL	20200	20200	14	23	7	23	71	50	55	0	33	24955567	1810	2357	1241	2216	9263	7013	7501	5032	
DHL	20400	20400	13	23	7	18	73	55	54	0	34	24770367	1810	2357	1241	2216	9263	7013	7501	5032	
DHL	20600	20600	13	28	7	16	69	54	51	0	34	24591026	1810	2357	1241	2216	9263	7013	7501	5032	
DHL	20800	20800	16	30	8	15	64	58	51	0	33	24419071	1810	2357	1241	2216	9263	7013	7501	5032	
DHL	21000	21000	16	30	10	14	64	56	47	0	38	24250456	1810	2357	1241	2216	9263	7013	7501	5032	
DHL	21200	21200	17	28	9	15	64	54	51	0	33	24085857	1810	2357	1241	2216	9263	7013	7501	5032	
DHL	21400	21400	17	25	7	15	62	50	47	0	31	23923019	1810	2357	1241	2216	9263	7013	7501	5032	
DHL	21600	21600	15	20	8	17	56	49	45	0	31	23763693	1810	2357	1241	2216	9263	7013	7501	5032	
DHL	21800	21800	13	20	6	20	52	49	45	0	32	23608935	1810	2357	1241	2216	9263	7013	7501	5032	
DHL	22000	22000	14	19	8	20	48	47	45	0	30	23458276	1810	2357	1241	2216	9263	7013	7501	5032	
DHL	22200	22200	14	18	8	22	43	51	40	0	29	23310091	1810	2357	1241	2216	9263	7013	7501	5032	
DHL	22400	22400	16	23	12	22	35	56	37	0	29	23163749	1810	2357	1241	2216	9263	7013	7501	5032	
DHL	22600	22600	16	22	10	20	38	53	37	0	25	23015905	1810	2357	1241	2216	9263	7013	7501	5032	
DHL	22800	22800	16	20	10	18	38	58	38	0	25	22869614	1810	2357	1241	2216	9263	7013	7501	5032	
DHL	23000	23000	14	18	11	16	45	64	45	0	26	22725906	1810	2357	1241	2216	9263	7013	7501	5032	
DHL	23200	23200	11	20	10	13	44	62	41	0	29	22583838	1810	2357	1241	2216	9263	7013	7501	5032	
DHL	23400	23400	11	21	12	9	42	59	42	0	28	22442561	1810	2357	1241	2216	9263	7013	7501	5032	
DHL	23600	23600	10	21	12	11	49	53	43	0	23	22305727	1810	2357	1241	2216	9263	7013	7501	5032	
DHL	23800	23800	8	20	12	12	48	49	50	0	24	22172817	1810	2357	1241	2216	9263	7013	7501	5032	
DHL	24000	24000	10	23	14	13	46	49	51	0	26	22037318	1810	2357	1241	2216	9263	7013	7501	5032	
DHL	24200	24200	9	22	10	13	51	44	49	0	29	21901313	1810	2357	1241	2216	9263	7013	7501	5032	
DHL	24400	24400	15	21	10	12	49	45	46	0	27	21767483	1810	2357	1241	2216	9263	7013	7501	5032	
DHL	24600	24600	16	20	7	12	48	42	41	0	24	21634351	1810	2357	1241	2216	9263	7013	7501	5032	
DHL	24800	24800	16	19	4	13	50	40	38	0	28	21503380	1810	2357	1241	2216	9263	7013	7501	5032	
DHL	25000	25000	16	19	5	14	55	43	36	0	27	21374613	1810	2357	1241	2216	9263	7013	7501	5032	
DHL	25200	25200	17	17	5	13	54	40	36	0	25	21250335	1810	2357	1241	2216	9263	7013	7501	5032	
DHL	25400	25400	14	19	8	14	53	40	35	0	27	21126906	1810	2357	1241	2216	9263	7013	7501	5032	
DHL	25600	25600	13	19	7	16	47	41	36	0	27	21005440	1810	2357	1241	2216	9263	7013	7501	5032	
DHL	25800	25800	14	19	6	16	49	46	33	0	23	20885107	1810	2357	1241	2216	9263	7013	7501	5032	
DHL	26000	26000	11	21	4	16	42	46	37	0	23	20764580	1810	2357	1241	2216	9263	7013	7501	5032	
DHL	26200	26200	7	23	3	20	37	47	41	0	22	20648044	1810	2357	1241	2216	9263	7013	7501	5032	
DHL	26400	26400	5	24	4	19	36	49	39	0	23	20534609	1810	2357	1241	2216	9263	7013	7501	5032	
DHL	26600	26600	5	21	4	18	37	55	41	0	23	20421521	1810	2357	1241	2216	9263	7013	7501	5032	
DHL	26800	26800	5	20	5	16	32	51	40	0	23	20305253	1810	2357	1241	2216	9263	7013	7501	5032	
DHL	27000	27000	4	20	5	17	40	51	37	0	23	20187837	1810	2357	1241	2216	9263	7013	7501	5032	
DHL	27200	27200	5	17	6	18	42	49	37	0	23	20068814	1810	2357	1241	2216	9263	7013	7501	5032	
DHL	27400	27400	9	17	6	16	42	44	39	0	26	19951003	1810	2357	1241	2216	9263	7013	7501	5032	
DHL	27600	27600	9	13	4	16	46	41	39	0	24	19832789	1810	2357	1241	2216	9263	7013	7501	5032	
DHL	27800	27800	12	15	3	17	44	38	41	0	24	19715185	1810	2357	1241	2216	9263	7013	7501	5032	
DHL	28000	28000	11	17	3	16	54	38	42	0	28	19598830	1810	2357	1241	2216	9263	7013	7501	5032	
DHL	28200	28200	12	16	4	15	50	39	41	0	28	19482825	1810	2357	1241	2216	9263	7013	7501	5032	
DHL	28400	28400	12	13	2	16	52	37	39	0	27	19367580	1810	2357	1241	2216	9263	7013	7501	5032	
DHL	28600	28600	12	14	3	18	50	39	36	0	29	19252506	1810	2357	1241	2216	9263	7013	7501	5032	
DHL	28800	28800	9	15	3	19	42	39	41	0	30	19138792	1810	2357	1241	2216	9263	7013	7501	5032	
DHL	29000	29000	9	14	3	17	40	40	45	0	27	19027951	1810	2357	1241	2216	9263	7013	7501	5032	
DHL	29200	29200	9	12	6	14	40	42	37	0	25	18918881	1810	2357	1241	2216	9263	7013	7501	5032	
DHL	29400	29400	9	13	6	14	39	37	39	0	18	18810930	1810	2357	1241	2216	9263	7013	7501	5032	
DHL	29600	29600	8	14	7	12	39	43	38	0	19	18703439	1810	2357	1241	2216	9263	7013	7501	5032	
DHL	29800	29800	8	12	7	12	44	38	44	0	20	18595447	1810	2357	1241	2216	9263	7013	7501	5032	
DHL	30000	30000	8	12	5	13	50	32	47	0	21	18489126	1810	2357	1241	2216	9263	7013	7501	5032	
DHL	30200	30200	6	13	7	15	47	35	48	0	20	18385996	1810	2357	1241	2216	9263	7013	7501	5032	
DHL	30400	30400	8	16	6	15	48	30	52	0	15	18286843	1810	2357	1241	2216	9263	7013	7501	5032	
DHL	30600	30600	9	19	6	14	44	35	49	0	14	18188975	1810	2357	1241	2216	9263	7013	7501	5032	
DHL	30800	30800	10	19	5	12	46	39	54	0	13	18092398	1810	2357	1241	2216	9263	7013	7501	5032	
DHL	31000	31000	10	26	8	11	44	36	59	0	16	17997268	1810	2357	1241	2216	9263	7013	7501	5032	
DHL	31200	31200	11	23	11	11	38	35	60	0	15	17903614	1810	2357	1241	2216	9263	7013	7501	5032	
DHL	31400	31400	11	21	11	11	41	36	59	0	18	17809935	1810	2357	1241	2216	9263	7013	7501	5032	
DHL	31600	31600	11	19	12	12	36	32	56	0	23	17715662	1810	2357	1241	2216	9263	7013	7501	5032	
DHL	31800	31800	10	19	12	14	34	33	56	0	26	17622212	1810	2357	1241	2216	9263	7013	7501	5032	
DHL	32000	32000	8	19	10	13	33	32	47	0	23	17529220	1810	2357	1241	2216	9263	7013	7501	5032	
DHL	32200	32200	9	17	10	12	32	32	46	0	23	17434017	1810	2357	1241	2216	9263	7013	7501	5032	
DHL	32400	32400	8	17	9	12	30	35	41	0	24	17339939	1810	2357	1241	2216	9263	7013	7501	5032	
DHL	32600	32600	6	14	8	15	33	36	41	0	18	17248672	1810	2357	1241	2216	9263	7013	7501	5032	
DHL	32800	32800	7	14	3	19	37	33	40	0	18	17155997	1810	2357	1241	2216	9263	7013	7501	5032	
DHL	33000	33000	7	13	2	18	35	31	37	0	17	17063535	1810	2357	1241	2216	9263	7013	7501	5032	
DHL	33200	33200	7	16	2	18	36	34	34	0	18	16973571	1810	2357	1241	2216	9263	7013	7501	5032	
DHL	33400	33400	7	16	2	19	39	34	30	0	14	16885367	1810	2357	1241	2216	9263	7013	7501	5032	
DHL	33600	33600	7	10	2	20	40	34	28	0	17	16797988	1810	2357	1241	2216	9263	7013	7501	5032	
DHL	33800	33800	8	11	3	20	38	35	28	0	17	16712652	1810	2357	1241	2216	9263	7013	7501	5032	
DHL	34000	34000	6	11	2	21	39	32	26	0	21	16629170	1810	2357	1241	2216	9263	7013	7501	5032	
DHL	34200	34200	9	12	4	15	41	29	29	0	27	16547703	1810	2357	1241	2216	9263	7013	7501	5032	
DHL	34400	34400	13	14	4	15	38	30	28	0	25	16469351	1810	2357	1241	2216	9263	7013	7501	5032	
DHL	34600	34600	12	15	5	12	40	31	32	0	23	16394872	1810	2357	1241	2216	9263	7013	7501	5032	
DHL	34800	34800	13	13	6	10	35	30	29	0	24	16322380	1810	2357	1241	2216	9263	7013	7501	5032	
DHL	35000	35000	13	11	6	10	41	30	32	0	24	16251799	1810	2357	1241	2216	9263	7013	7501	5032	
DHL	35200	35200	13	15	6	12	41	26	30	0	19	16181639	1810	2357	1241	2216	9263	7013	7501	5032	
DHL	35400	35400	13	15	6	8	37	28	29	0	21	16109482	1810	2357	1241	2216	9263	7013	7501	5032	
DHL	35600	35600	12	14	7	12	36	30	26	0	20	16034386	1810	2357	1241	2216	9263	7013	7501	5032	
DHL	35800	35800	13	14	9	12	37	30	28	0	18	15957472	1810	2357	1241	2216	9263	7013	7501	5032	
DHL	36000	36000	11	13	11	13	40	32	29	0	17	15881185	1810	2357	1241	2216	9263	7013	7501	5032	
DHL	36200	36200	11	10	10	16	40	34	30	0	19	15805945	1810	2357	1241	2216	9263	7013	7501	5032	
DHL	36400	36400	9	11	9	15	45	35	31	0	21	15732995	1810	2357	1241	2216	9263	7013	7501	5032	
DHL	36600	36600	7	9	7	16	46	34	27	0	20	15662076	1810	2357	1241	2216	9263	7013	7501	5032	
DHL	36800	36800	7	10	7	15	48	31	26	0	22	15590387	1810	2357	1241	2216	9263	7013	7501	5032	
DHL	37000	37000	6	10	7	13	48	29	28	0	20	15519237	1810	2357	1241	2216	9263	7013	7501	5032	
DHL	37200	37200	5	10	8	14	48	31	28	0	22	15446989	1810	2357	1241	2216	9263	7013	7501	5032	
DHL	37400	37400	6	11	9	13	52	28	25	0	21	15377113	1810	2357	1241	2216	9263	7013	7501	5032	
DHL	37600	37600	6	11	8	11	45	24	25	0	20	15309937	1810	2357	1241	2216	9263	7013	7501	5032	
DHL	37800	37800	6	10	7	10	42	25	24	0	19	15242861	1810	2357	1241	2216	9263	7013	7501	5032	
DHL	38000	38000	6	10	5	8	42	23	27	0	20	15173866	1810	2357	1241	2216	9263	7013	7501	5032	
DHL	38200	38200	4	9	3	9	46	22	27	0	24	15105435	1810	2357	1241	2216	9263	7013	7501	5032	
DHL	38400	38400	5	9	3	11	43	27	28	0	26	15039409	1810	2357	1241	2216	9263	7013	7501	5032	
DHL	38600	38600	5	10	2	12	38	24	24	0	22	14974519	1810	2357	1241	2216	9263	7013	7501	5032	
DHL	38800	38800	5	11	3	12	38	28	28	0	17	14909517	1810	2357	1241	2216	9263	7013	7501	5032	
DHL	39000	39000	4	9	3	13	36	28	29	0	14	14844360	1810	2357	1241	2216	9263	7013	7501	5032	
DHL	39200	39200	4	9	2	11	38	27	30	0	13	14778383	1810	2357	1241	2216	9263	7013	7501	5032	
DHL	39400	39400	7	8	3	13	36	29	32	0	10	14712668	1810	2357	1241	2216	9263	7013	7501	5032	
DHL	39600	39600	9	7	3	13	36	29	28	0	9	14651071	1810	2357	1241	2216	9263	7013	7501	5032	
DHL	39800	39800	9	8	2	13	34	30	28	0	8	14589256	1810	2357	1241	2216	9263	7013	7501	5032	
DHL	40000	40000	9	6	2	10	37	32	28	0	9	14525576	1810	2357	1241	2216	9263	7013	7501	5032	
DHL	40200	40200	11	7	4	11	39	34	31	0	12	14461029	1810	2357	1241	2216	9263	7013	7501	5032	
DHL	40400	40400	8	8	4	10	37	37	35	0	16	14396395	1810	2357	1241	2216	9263	7013	7501	5032	
DHL	40600	40600	8	8	3	10	42	30	35	0	17	14334030	1810	2357	1241	2216	9263	7013	7501	5032	
DHL	40800	40800	8	10	3	11	43	32	33	0	19	14272493	1810	2357	1241	2216	9263	7013	7501	5032	
DHL	41000	41000	9	11	3	10	46	35	36	0	19	14210654	1810	2357	1241	2216	9263	7013	7501	5032	
DHL	41200	41200	8	10	4	9	49	38	40	0	17	14150082	1810	2357	1241	2216	9263	7013	7501	5032	
DHL	41400	41400	11	10	5	8	43	39	38	0	17	14089270	1810	2357	1241	2216	9263	7013	7501	5032	
DHL	41600	41600	12	7	5	9	34	37	33	0	15	14032134	1810	2357	1241	2216	9263	7013	7501	5032	
DHL	41800	41800	12	7	4	11	24	34	40	0	14	13977362	1810	2357	1241	2216	9263	7013	7501	5032	
DHL	42000	42000	9	5	5	11	20	33	40	0	17	13925034	1810	2357	1241	2216	9263	7013	7501	5032	
DHL	42200	42200	9	7	5	11	16	31	42	0	19	13873754	1810	2357	1241	2216	9263	7013	7501	5032	
DHL	42400	42400	9	6	6	10	17	33	40	0	20	13827114	1810	2357	1241	2216	9263	7013	7501	5032	
DHL	42600	42600	8	7	8	11	18	31	44	0	19	13780938	1810	2357	1241	2216	9263	7013	7501	5032	
DHL	42800	42800	7	7	7	8	21	32	36	0	23	13733441	1810	2357	1241	2216	9263	7013	7501	5032	
DHL	43000	43000	6	7	7	9	20	33	31	0	26	13683488	1810	2357	1241	2216	9263	7013	7501	5032	
DHL	43200	43200	7	6	7	8	25	29	30	0	27	13631461	1810	2357	1241	2216	9263	7013	7501	5032	
DHL	43400	43400	9	5	7	11	24	31	30	0	27	13578047	1810	2357	1241	2216	9263	7013	7501	5032	
DHL	43600	43600	7	5	7	10	25	31	26	0	24	13523766	1810	2357	1241	2216	9263	7013	7501	5032	
DHL	43800	43800	8	6	5	9	27	32	25	0	25	13468209	1810	2357	1241	2216	9263	7013	7501	5032	
DHL	44000	44000	7	4	5	9	23	34	23	0	23	13413295	1810	2357	1241	2216	9263	7013	7501	5032	
DHL	44200	44200	6	4	4	9	18	30	22	0	24	13359201	1810	2357	1241	2216	9263	7013	7501	5032	
DHL	44400	44400	6	7	6	7	19	29	25	0	20	13306721	1810	2357	1241	2216	9263	7013	7501	5032	
DHL	44600	44600	6	6	6	5	20	31	27	0	20	13256392	1810	2357	1241	2216	9263	7013	7501	5032	
DHL	44800	44800	8	6	6	7	22	28	25	0	22	13209851	1810	2357	1241	2216	9263	7013	7501	5032	
DHL	45000	45000	8	5	4	9	28	24	23	0	16	13164753	1810	2357	1241	2216	9263	7013	7501	5032	
DHL	45200	45200	8	4	4	12	30	25	27	0	17	13118743	1810	2357	1241	2216	9263	7013	7501	5032	
DHL	45400	45400	9	4	3	13	29	21	25	0	11	13070916	1810	2357	1241	2216	9263	7013	7501	5032	
DHL	45600	45600	9	3	3	13	31	24	25	0	11	13021886	1810	2357	1241	2216	9263	7013	7501	5032	
DHL	45800	45800	7	3	2	14	31	28	20	0	13	12972777	1810	2357	1241	2216	9263	7013	7501	5032	
DHL	46000	46000	7	5	3	13	32	26	18	0	16	12923853	1810	2357	1241	2216	9263	7013	7501	5032	
DHL	46200	46200	7	5	3	13	29	25	17	0	17	12876935	1810	2357	1241	2216	9263	7013	7501	5032	
DHL	46400	46400	6	6	3	11	29	23	14	0	15	12831235	1810	2357	1241	2216	9263	7013	7501	5032	
DHL	46600	46600	6	6	4	10	29	23	15	0	16	12785219	1810	2357	1241	2216	9263	7013	7501	5032	
DHL	46800	46800	5	8	4	11	29	23	21	0	15	12737824	1810	2357	1241	2216	9263	7013	7501	5032	
DHL	47000	47000	3	7	5	11	28	22	24	0	15	12688886	1810	2357	1241	2216	9263	7013	7501	5032	
DHL	47200	47200	5	8	5	12	26	22	24	0	14	12641034	1810	2357	1241	2216	9263	7013	7501	5032	
DHL	47400	47400	5	9	4	12	31	20	25	0	16	12596356	1810	2357	1241	2216	9263	7013	7501	5032	
DHL	47600	47600	5	10	2	12	32	21	24	0	17	12553764	1810	2357	1241	2216	9263	7013	7501	5032	
DHL	47800	47800	4	8	1	11	31	23	25	0	18	12510564	1810	2357	1241	2216	9263	7013	7501	5032	
DHL	48000	48000	6	7	1	9	30	23	27	0	16	12466736	1810	2357	1241	2216	9263	7013	7501	5032	
DHL	48200	48200	6	7	3	10	31	25	24	0	15	12422750	1810	2357	1241	2216	9263	7013	7501	5032	
DHL	48400	48400	5	6	3	13	31	24	22	0	18	12377204	1810	2357	1241	2216	9263	7013	7501	5032	
DHL	48600	48600	5	4	4	13	26	24	22	0	18	12332571	1810	2357	1241	2216	9263	7013	7501	5032	
DHL	48800	48800	3	3	5	13	25	26	22	0	22	12287833	1810	2357	1241	2216	9263	7013	7501	5032	
DHL	49000	49000	4	7	6	13	24	24	22	0	19	12242154	1810	2357	1241	2216	9263	7013	7501	5032	
DHL	49200	49200	4	8	6	12	27	23	22	0	19	12197619	1810	2357	1241	2216	9263	7013	7501	5032	
DHL	49400	49400	5	6	4	10	23	23	21	0	22	12154880	1810	2357	1241	2216	9263	7013	7501	5032	
DHL	49600	49600	4	9	3	10	23	22	24	0	21	12112465	1810	2357	1241	2216	9263	7013	7501	5032	
DHL	49800	49800	5	8	3	12	25	27	21	0	18	12069275	1810	2357	1241	2216	9263	7013	7501	5032	
DHL	50000	50000	6	10	3	10	22	22	22	0	15	12026431	1810	2357	1241	2216	9263	7013	7501	5032	
DHL	50200	50200	6	11	3	7	21	18	23	0	22	11982220	1810	2357	1241	2216	9263	7013	7501	5032	
DHL	50400	50400	7	12	1	7	19	13	24	0	21	11939939	1810	2357	1241	2216	9263	7013	7501	5032	
DHL	50600	50600	6	9	2	5	19	12	20	0	19	11897900	1810	2357	1241	2216	9263	7013	7501	5032	
DHL	50800	50800	7	10	3	4	18	12	22	0	19	11857223	1810	2357	1241	2216	9263	7013	7501	5032	
DHL	51000	51000	10	8	3	5	23	13	21	0	17	11818836	1810	2357	1241	2216	9263	7013	7501	5032	
DHL	51200	51200	10	8	3	7	26	13	20	0	18	11779563	1810	2357	1241	2216	9263	7013	7501	5032	
DHL	51400	51400	11	9	2	10	28	13	21	0	14	11738042	1810	2357	1241	2216	9263	7013	7501	5032	
DHL	51600	51600	12	10	3	8	26	15	23	0	12	11694977	1810	2357	1241	2216	9263	7013	7501	5032	
DHL	51800	51800	10	8	3	8	27	17	25	0	10	11653291	1810	2357	1241	2216	9263	7013	7501	5032	
DHL	52000	52000	10	6	4	10	20	19	26	0	10	11612061	1810	2357	1241	2216	9263	7013	7501	5032	
DHL	52200	52200	10	6	5	14	17	17	31	0	8	11572338	1810	2357	1241	2216	9263	7013	7501	5032	
DHL	52400	52400	8	5	4	14	19	17	29	0	12	11532895	1810	2357	1241	2216	9263	7013	7501	5032	
DHL	52600	52600	7	3	6	14	18	19	28	0	15	11494680	1810	2357	1241	2216	9263	7013	7501	5032	
DHL	52800	52800	6	5	5	14	18	19	28	0	16	11458458	1810	2357	1241	2216	9263	7013	7501	5032	
DHL	53000	53000	6	5	5	15	21	21	26	0	15	11423337	1810	2357	1241	2216	9263	7013	7501	5032	
DHL	53200	53200	5	5	2	16	26	19	26	0	13	11388911	1810	2357	1241	2216	9263	7013	7501	5032	
DHL	53400	53400	5	5	2	15	30	19	27	0	15	11354279	1810	2357	1241	2216	9263	7013	7501	5032	
DHL	53600	53600	3	3	3	14	31	23	30	0	15	11318563	1810	2357	1241	2216	9263	7013	7501	5032	
DHL	53800	53800	2	2	3	11	33	19	31	0	16	11281834	1810	2357	1241	2216	9263	7013	7501	5032	
DHL	54000	54000	2	3	3	8	31	21	28	0	16	11245578	1810	2357	1241	2216	9263	7013	7501	5032	
DHL	54200	54200	2	3	3	5	25	20	25	0	14	11208604	1810	2357	1241	2216	9263	7013	7501	5032	
DHL	54400	54400	3	1	3	5	27	19	23	0	18	11169090	1810	2357	1241	2216	9263	7013	7501	5032	
DHL	54600	54600	2	1	3	6	27	17	23	0	19	11129114	1810	2357	1241	2216	9263	7013	7501	5032	
DHL	54800	54800	2	3	2	7	25	14	23	0	23	11090467	1810	2357	1241	2216	9263	7013	7501	5032	
DHL	55000	55000	2	3	3	7	24	18	19	0	21	11052397	1810	2357	1241	2216	9263	7013	7501	5032	
DHL	55200	55200	3	4	5	7	22	16	19	0	20	11014432	1810	2357	1241	2216	9263	7013	7501	5032	
DHL	55400	55400	3	6	4	6	23	19	19	0	15	10976922	1810	2357	1241	2216	9263	7013	7501	5032	
DHL	55600	55600	3	7	5	8	20	18	19	0	12	10937630	1810	2357	1241	2216	9263	7013	7501	5032	
DHL	55800	55800	2	6	4	7	20	17	21	0	15	10895896	1810	2357	1241	2216	9263	7013	7501	5032	
DHL	56000	56000	2	8	2	6	15	19	22	0	15	10853505	1810	2357	1241	2216	9263	7013	7501	5032	
DHL	56200	56200	2	7	2	6	19	16	18	0	17	10811979	1810	2357	1241	2216	9263	7013	7501	5032	
DHL	56400	56400	2	9	2	5	17	16	18	0	19	10771594	1810	2357	1241	2216	9263	7013	7501	5032	
DHL	56600	56600	2	7	3	3	16	18	19	0	20	10732706	1810	2357	1241	2216	9263	7013	7501	5032	
DHL	56800	56800	2	8	3	4	13	14	18	0	17	10695698	1810	2357	1241	2216	9263	7013	7501	5032	
DHL	57000	57000	3	8	3	6	15	16	22	0	17	10658701	1810	2357	1241	2216	9263	7013	7501	5032	
DHL	57200	57200	1	5	2	6	20	17	24	0	18	10621784	1810	2357	1241	2216	9263	7013	7501	5032	
DHL	57400	57400	1	5	2	5	25	17	28	0	18	10584202	1810	2357	1241	2216	9263	7013	7501	5032	
DHL	57600	57600	0	7	2	5	23	21	25	0	19	10547917	1810	2357	1241	2216	9263	7013	7501	5032	
DHL	57800	57800	1	7	2	4	21	19	24	0	19	10514252	1810	2357	1241	2216	9263	7013	7501	5032	
DHL	58000	58000	1	8	2	7	21	19	20	0	18	10481958	1810	2357	1241	2216	9263	7013	7501	5032	
DHL	58200	58200	2	9	2	7	21	22	21	0	18	10451168	1810	2357	1241	2216	9263	7013	7501	5032	
DHL	58400	58400	2	8	1	7	20	26	22	0	18	10419151	1810	2357	1241	2216	9263	7013	7501	5032	
DHL	58600	58600	3	8	1	8	18	22	22	0	16	10386249	1810	2357	1241	2216	9263	7013	7501	5032	
DHL	58800	58800	3	11	1	8	14	25	31	0	13	10354475	1810	2357	1241	2216	9263	7013	7501	5032	
DHL	59000	59000	2	10	1	5	16	24	30	0	11	10321963	1810	2357	1241	2216	9263	7013	7501	5032	
DHL	59200	59200	2	8	1	4	17	27	33	0	11	10288529	1810	2357	1241	2216	9263	7013	7501	5032	
DHL	59400	59400	1	5	1	4	15	24	30	0	9	10254896	1810	2357	1241	2216	9263	7013	7501	5032	
DHL	59600	59600	0	7	2	7	22	27	30	0	10	10220230	1810	2357	1241	2216	9263	7013	7501	5032	
DHL	59800	59800	1	8	3	7	24	22	24	0	9	10186666	1810	2357	1241	2216	9263	7013	7501	5032	
DHL	60000	60000	1	8	4	7	26	19	19	0	11	10153600	1810	2357	1241	2216	9263	7013	7501	5032	
DHL	60200	60200	1	9	4	8	28	18	18	0	12	10120813	1810	2357	1241	2216	9263	7013	7501	5032	
DHL	60400	60400	2	9	4	9	30	13	13	0	11	10088289	1810	2357	1241	2216	9263	7013	7501	5032	
DHL	60600	60600	2	10	2	8	31	12	14	0	12	10055738	1810	2357	1241	2216	9263	7013	7501	5032	
DHL	60800	60800	3	9	1	6	26	15	12	0	11	10023054	1810	2357	1241	2216	9263	7013	7501	5032	
DHL	61000	61000	4	8	2	4	27	15	14	0	12	9989843	1810	2357	1241	2216	9263	7013	7501	5032	
DHL	61200	61200	6	5	3	4	30	17	12	0	12	9957554	1810	2357	1241	2216	9263	7013	7501	5032	
DHL	61400	61400	5	6	3	2	30	15	13	0	13	9926731	1810	2357	1241	2216	9263	7013	7501	5032	
DHL	61600	61600	5	6	3	3	29	18	18	0	10	9897153	1810	2357	1241	2216	9263	7013	7501	5032	
DHL	61800	61800	4	7	3	2	30	17	21	0	8	9867580	1810	2357	1241	2216	9263	7013	7501	5032	
DHL	62000	62000	3	6	3	2	30	18	19	0	11	9838549	1810	2357	1241	2216	9263	7013	7501	5032	
DHL	62200	62200	5	5	3	2	23	18	19	0	10	9809300	1810	2357	1241	2216	9263	7013	7501	5032	
DHL	62400	62400	5	4	4	2	25	16	17	0	10	9780271	1810	2357	1241	2216	9263	7013	7501	5032	
DHL	62600	62600	4	5	4	2	28	12	19	0	10	9751241	1810	2357	1241	2216	9263	7013	7501	5032	
DHL	62800	62800	4	6	4	1	28	16	20	0	9	9724051	1810	2357	1241	2216	9263	7013	7501	5032	
DHL	63000	63000	6	7	3	2	22	17	20	0	10	9696930	1810	2357	1241	2216	9263	7013	7501	5032	
DHL	63200	63200	6	8	1	3	23	20	23	0	11	9670712	1810	2357	1241	2216	9263	7013	7501	5032	
DHL	63400	63400	6	7	1	2	18	20	23	0	13	9644120	1810	2357	1241	2216	9263	7013	7501	5032	
DHL	63600	63600	9	5	2	3	13	18	23	0	12	9616257	1810	2357	1241	2216	9263	7013	7501	5032	
DHL	63800	63800	8	6	2	8	15	18	25	0	9	9587981	1810	2357	1241	2216	9263	7013	7501	5032	
DHL	64000	64000	6	5	2	9	12	14	24	0	10	9559640	1810	2357	1241	2216	9263	7013	7501	5032	
DHL	64200	64200	5	6	3	9	13	13	27	0	11	9531609	1810	2357	1241	2216	9263	7013	7501	5032	
DHL	64400	64400	5	7	3	9	14	11	24	0	9	9502289	1810	2357	1241	2216	9263	7013	7501	5032	
DHL	64600	64600	4	5	3	11	16	11	22	0	10	9472572	1810	2357	1241	2216	9263	7013	7501	5032	
DHL	64800	64800	3	5	1	10	23	14	26	0	9	9443500	1810	2357	1241	2216	9263	7013	7501	5032	
DHL	65000	65000	6	5	2	10	22	18	24	0	6	9414789	1810	2357	1241	2216	9263	7013	7501	5032	
DHL	65200	65200	5	5	1	8	27	22	20	0	6	9387106	1810	2357	1241	2216	9263	7013	7501	5032	
DHL	65400	65400	5	5	3	7	27	20	18	0	6	9361612	1810	2357	1241	2216	9263	7013	7501	5032	
DHL	65600	65600	5	5	4	6	27	16	19	0	6	9337074	1810	2357	1241	2216	9263	7013	7501	5032	
DHL	65800	65800	4	5	5	4	21	12	20	0	6	9312028	1810	2357	1241	2216	9263	7013	7501	5032	
DHL	66000	66000	6	3	5	4	22	12	21	0	8	9286767	1810	2357	1241	2216	9263	7013	7501	5032	
DHL	66200	66200	6	6	5	3	22	13	21	0	10	9261489	1810	2357	1241	2216	9263	7013	7501	5032	
DHL	66400	66400	7	5	5	2	23	12	16	0	11	9236492	1810	2357	1241	2216	9263	7013	7501	5032	
DHL	66600	66600	9	4	5	2	23	16	15	0	11	9212037	1810	2357	1241	2216	9263	7013	7501	5032	
DHL	66800	66800	9	3	6	3	18	16	12	0	11	9187185	1810	2357	1241	2216	9263	7013	7501	5032	
DHL	67000	67000	7	3	7	3	15	14	11	0	10	9162598	1810	2357	1241	2216	9263	7013	7501	5032	
DHL	67200	67200	8	3	7	4	15	11	9	0	11	9138060	1810	2357	1241	2216	9263	7013	7501	5032	
DHL	67400	67400	7	3	7	8	15	9	8	0	6	9113580	1810	2357	1241	2216	9263	7013	7501	5032	
DHL	67600	67600	9	2	8	9	13	9	10	0	4	9089642	1810	2357	1241	2216	9263	7013	7501	5032	
DHL	67800	67800	5	2	8	10	17	7	10	0	3	9067138	1810	2357	1241	2216	9263	7013	7501	5032	
DHL	68000	68000	5	3	7	10	15	7	9	0	4	9045141	1810	2357	1241	2216	9263	7013	7501	5032	
DHL	68200	68200	5	3	7	9	17	8	12	0	4	9023718	1810	2357	1241	2216	9263	7013	7501	5032	
DHL	68400	68400	5	3	6	8	19	11	8	0	4	9003232	1810	2357	1241	2216	9263	7013	7501	5032	
DHL	68600	68600	5	3	5	8	20	14	9	0	5	8981545	1810	2357	1241	2216	9263	7013	7501	5032	
DHL	68800	68800	3	4	5	7	22	14	10	0	6	8959297	1810	2357	1241	2216	9263	7013	7501	5032	
DHL	69000	69000	2	4	5	8	22	11	11	0	9	8937950	1810	2357	1241	2216	9263	7013	7501	5032	
DHL	69200	69200	4	4	4	7	23	13	11	0	11	8915181	1810	2357	1241	2216	9263	7013	7501	5032	
DHL	69400	69400	4	5	3	6	25	11	13	0	13	8892557	1810	2357	1241	2216	9263	7013	7501	5032	
DHL	69600	69600	4	4	2	3	18	14	12	0	12	8870616	1810	2357	1241	2216	9263	7013	7501	5032	
DHL	69800	69800	4	4	3	3	18	12	14	0	10	8848428	1810	2357	1241	2216	9263	7013	7501	5032	
DHL	70000	70000	4	5	3	3	15	12	15	0	8	8827512	1810	2357	1241	2216	9263	7013	7501	5032	
DHL	70200	70200	4	3	3	4	15	10	14	0	7	8806210	1810	2357	1241	2216	9263	7013	7501	5032	
DHL	70400	70400	5	3	4	4	14	10	16	0	6	8785135	1810	2357	1241	2216	9263	7013	7501	5032	
DHL	70600	70600	4	3	4	4	16	11	19	0	6	8763596	1810	2357	1241	2216	9263	7013	7501	5032	
DHL	70800	70800	3	2	5	3	14	11	23	0	5	8743159	1810	2357	1241	2216	9263	7013	7501	5032	
DHL	71000	71000	3	2	4	4	15	12	21	0	5	8723996	1810	2357	1241	2216	9263	7013	7501	5032	
DHL	71200	71200	4	2	4	2	13	11	22	0	6	8704388	1810	2357	1241	2216	9263	7013	7501	5032	
DHL	71400	71400	3	2	3	3	14	14	24	0	6	8683445	1810	2357	1241	2216	9263	7013	7501	5032	
DHL	71600	71600	4	2	3	4	12	15	25	0	8	8662006	1810	2357	1241	2216	9263	7013	7501	5032	
DHL	71800	71800	2	2	2	4	12	15	28	0	6	8641554	1810	2357	1241	2216	9263	7013	7501	5032	
DHL	72000	72000	2	2	3	4	16	18	24	0	8	8620406	1810	2357	1241	2216	9263	7013	7501	5032	
DHL	72200	72200	2	4	3	5	14	18	21	0	7	8600212	1810	2357	1241	2216	9263	7013	7501	5032	
DHL	72400	72400	1	4	2	8	19	23	19	0	8	8581073	1810	2357	1241	2216	9263	7013	7501	5032	
DHL	72600	72600	4	4	1	10	22	21	18	0	8	8560545	1810	2357	1241	2216	9263	7013	7501	5032	
DHL	72800	72800	4	2	2	9	22	19	20	0	8	8539035	1810	2357	1241	2216	9263	7013	7501	5032	
DHL	73000	73000	4	2	2	10	23	18	22	0	10	8517253	1810	2357	1241	2216	9263	7013	7501	5032	
DHL	73200	73200	6	2	2	8	22	16	20	0	10	8496271	1810	2357	1241	2216	9263	7013	7501	5032	
DHL	73400	73400	6	4	2	9	17	15	19	0	9	8475658	1810	2357	1241	2216	9263	7013	7501	5032	
DHL	73600	73600	8	3	2	8	15	16	17	0	9	8455731	1810	2357	1241	2216	9263	7013	7501	5032	
DHL	73800	73800	6	2	2	9	12	12	20	0	9	8436800	1810	2357	1241	2216	9263	7013	7501	5032	
DHL	74000	74000	6	3	3	9	10	13	20	0	8	8417653	1810	2357	1241	2216	9263	7013	7501	5032	
DHL	74200	74200	5	3	5	8	6	15	20	0	7	8398550	1810	2357	1241	2216	9263	7013	7501	5032	
DHL	74400	74400	5	2	5	8	6	16	18	0	8	8379691	1810	2357	1241	2216	9263	7013	7501	5032	
DHL	74600	74600	7	2	6	7	7	16	19	0	9	8361006	1810	2357	1241	2216	9263	7013	7501	5032	
DHL	74800	74800	7	5	5	6	8	15	18	0	8	8341848	1810	2357	1241	2216	9263	7013	7501	5032	
DHL	75000	75000	7	5	5	6	10	15	21	0	8	8322424	1810	2357	1241	2216	9263	7013	7501	5032	
DHL	75200	75200	7	4	6	3	10	14	19	0	5	8302213	1810	2357	1241	2216	9263	7013	7501	5032	
DHL	75400	75400	6	3	6	4	11	12	18	0	6	8282109	1810	2357	1241	2216	9263	7013	7501	5032	
DHL	75600	75600	8	3	7	5	10	13	19	0	6	8263325	1810	2357	1241	2216	9263	7013	7501	5032	
DHL	75800	75800	8	3	7	6	8	21	18	0	5	8244045	1810	2357	1241	2216	9263	7013	7501	5032	
DHL	76000	76000	8	3	8	6	12	17	15	0	6	8225022	1810	2357	1241	2216	9263	7013	7501	5032	
DHL	76200	76200	10	3	8	6	13	17	16	0	6	8207446	1810	2357	1241	2216	9263	7013	7501	5032	
DHL	76400	76400	10	3	6	5	13	19	18	0	6	8190125	1810	2357	1241	2216	9263	7013	7501	5032	
DHL	76600	76600	10	3	4	7	14	22	18	0	4	8172210	1810	2357	1241	2216	9263	7013	7501	5032	
DHL	76800	76800	8	3	3	8	13	25	20	0	7	8154318	1810	2357	1241	2216	9263	7013	7501	5032	
DHL	77000	77000	6	3	1	6	12	26	18	0	6	8136126	1810	2357	1241	2216	9263	7013	7501	5032	
DHL	77200	77200	5	2	2	7	14	26	17	0	6	8117842	1810	2357	1241	2216	9263	7013	7501	5032	
DHL	77400	77400	6	2	3	7	11	27	17	0	4	8100180	1810	2357	1241	2216	9263	7013	7501	5032	
DHL	77600	77600	6	2	5	6	11	24	20	0	5	8082921	1810	2357	1241	2216	9263	7013	7501	5032	
DHL	77800	77800	6	2	5	6	12	21	24	0	3	8065266	1810	2357	1241	2216	9263	7013	7501	5032	
DHL	78000	78000	5	2	5	7	11	19	25	0	5	8047224	1810	2357	1241	2216	9263	7013	7501	5032	
DHL	78200	78200	5	2	5	6	13	19	24	0	6	8029708	1810	2357	1241	2216	9263	7013	7501	5032	
DHL	78400	78400	1	2	5	4	14	19	17	0	7	8010897	1810	2357	1241	2216	9263	7013	7501	5032	
DHL	78600	78600	1	3	5	4	16	22	18	0	9	7991636	1810	2357	1241	2216	9263	7013	7501	5032	
DHL	78800	78800	4	2	4	5	16	20	15	0	8	7972873	1810	2357	1241	2216	9263	7013	7501	5032	
DHL	79000	79000	4	3	3	5	19	22	16	0	7	7955000	1810	2357	1241	2216	9263	7013	7501	5032	
DHL	79200	79200	6	4	2	5	21	24	15	0	8	7937443	1810	2357	1241	2216	9263	7013	7501	5032	
DHL	79400	79400	6	3	1	5	22	22	15	0	9	7920913	1810	2357	1241	2216	9263	7013	7501	5032	
DHL	79600	79600	5	3	1	5	20	20	13	0	13	7904592	1810	2357	1241	2216	9263	7013	7501	5032	
DHL	79800	79800	6	3	0	7	19	17	16	0	12	7887988	1810	2357	1241	2216	9263	7013	7501	5032	
DHL	80000	80000	6	3	0	7	20	16	16	0	10	7871756	1810	2357	1241	2216	9263	7013	7501	5032	
DHL	80200	80200	8	2	0	8	19	16	17	0	9	7855256	1810	2357	1241	2216	9263	7013	7501	5032	
DHL	80400	80400	9	2	1	6	18	15	15	0	9	7838605	1810	2357	1241	2216	9263	7013	7501	5032	
DHL	80600	80600	8	2	1	5	20	19	11	0	9	7820319	1810	2357	1241	2216	9263	7013	7501	5032	
DHL	80800	80800	7	1	1	5	22	18	16	0	11	7800769	1810	2357	1241	2216	9263	7013	7501	5032	
DHL	81000	81000	8	1	0	7	19	15	15	0	12	7781010	1810	2357	1241	2216	9263	7013	7501	5032	
DHL	81200	81200	8	1	0	6	20	14	16	0	11	7761214	1810	2357	1241	2216	9263	7013	7501	5032	
DHL	81400	81400	8	1	0	6	18	15	18	0	12	7740767	1810	2357	1241	2216	9263	7013	7501	5032	
DHL	81600	81600	9	1	1	6	17	12	18	0	12	7719997	1810	2357	1241	2216	9263	7013	7501	5032	
DHL	81800	81800	8	0	1	8	16	8	17	0	10	7699698	1810	2357	1241	2216	9263	7013	7501	5032	
DHL	82000	82000	8	0	1	7	15	11	16	0	9	7679796	1810	2357	1241	2216	9263	7013	7501	5032	
DHL	82200	82200	7	0	1	6	16	11	18	0	8	7661435	1810	2357	1241	2216	9263	7013	7501	5032	
DHL	82400	82400	6	1	1	6	17	13	17	0	12	7644373	1810	2357	1241	2216	9263	7013	7501	5032	
DHL	82600	82600	6	1	3	5	17	13	16	0	13	7627298	1810	2357	1241	2216	9263	7013	7501	5032	
DHL	82800	82800	5	0	3	6	16	18	17	0	13	7610298	1810	2357	1241	2216	9263	7013	7501	5032	
DHL	83000	83000	3	0	5	7	18	20	17	0	11	7592836	1810	2357	1241	2216	9263	7013	7501	5032	
DHL	83200	83200	3	0	5	7	21	19	15	0	12	7576466	1810	2357	1241	2216	9263	7013	7501	5032	
DHL	83400	83400	3	0	5	7	21	19	16	0	10	7561414	1810	2357	1241	2216	9263	7013	7501	5032	
DHL	83600	83600	3	0	5	8	23	17	17	0	7	7545344	1810	2357	1241	2216	9263	7013	7501	5032	
DHL	83800	83800	2	0	6	7	20	14	18	0	11	7528194	1810	2357	1241	2216	9263	7013	7501	5032	
DHL	84000	84000	2	0	4	7	18	12	21	0	11	7511669	1810	2357	1241	2216	9263	7013	7501	5032	
DHL	84200	84200	4	2	4	6	19	12	21	0	9	7495689	1810	2357	1241	2216	9263	7013	7501	5032	
DHL	84400	84400	6	2	4	4	16	9	19	0	8	7479902	1810	2357	1241	2216	9263	7013	7501	5032	
DHL	84600	84600	7	2	5	4	12	12	24	0	8	7465220	1810	2357	1241	2216	9263	7013	7501	5032	
DHL	84800	84800	6	1	6	4	13	12	20	0	7	7450926	1810	2357	1241	2216	9263	7013	7501	5032	
DHL	85000	85000	6	1	6	4	15	18	20	0	10	7437023	1810	2357	1241	2216	9263	7013	7501	5032	
DHL	85200	85200	7	1	5	3	16	17	20	0	9	7422927	1810	2357	1241	2216	9263	7013	7501	5032	
DHL	85400	85400	7	1	4	4	17	19	21	0	10	7407703	1810	2357	1241	2216	9263	7013	7501	5032	
DHL	85600	85600	6	2	3	2	17	20	21	0	6	7392648	1810	2357	1241	2216	9263	7013	7501	5032	
DHL	85800	85800	4	3	3	3	14	18	20	0	8	7378138	1810	2357	1241	2216	9263	7013	7501	5032	
DHL	86000	86000	4	3	2	2	15	18	18	0	8	7364040	1810	2357	1241	2216	9263	7013	7501	5032	
DHL	86200	86200	4	3	2	5	16	14	15	0	7	7349923	1810	2357	1241	2216	9263	7013	7501	5032	
DHL	86400	86400	4	4	2	5	12	15	16	0	9	7335012	1810	2357	1241	2216	9263	7013	7501	5032	
DHL	86600	86600	4	4	2	6	11	14	18	0	12	7320181	1810	2357	1241	2216	9263	7013	7501	5032	
DHL	86800	86800	5	4	2	7	11	13	18	0	14	7304189	1810	2357	1241	2216	9263	7013	7501	5032	
DHL	87000	87000	6	4	3	8	10	13	18	0	16	7288357	1810	2357	1241	2216	9263	7013	7501	5032	
DHL	87200	87200	4	2	3	8	9	14	17	0	19	7272994	1810	2357	1241	2216	9263	7013	7501	5032	
DHL	87400	87400	4	2	3	6	8	16	16	0	19	7258952	1810	2357	1241	2216	9263	7013	7501	5032	
DHL	87600	87600	3	2	3	7	9	13	17	0	17	7244804	1810	2357	1241	2216	9263	7013	7501	5032	
DHL	87800	87800	3	3	4	6	11	14	20	0	18	7230814	1810	2357	1241	2216	9263	7013	7501	5032	
DHL	88000	88000	3	2	4	7	14	13	26	0	15	7217470	1810	2357	1241	2216	9263	7013	7501	5032	
DHL	88200	88200	3	2	4	8	14	10	25	0	14	7203122	1810	2357	1241	2216	9263	7013	7501	5032	
DHL	88400	88400	3	3	3	5	12	11	28	0	15	7188969	1810	2357	1241	2216	9263	7013	7501	5032	
DHL	88600	88600	5	2	3	4	17	12	29	0	13	7174045	1810	2357	1241	2216	9263	7013	7501	5032	
DHL	88800	88800	5	2	6	4	17	16	26	0	17	7158072	1810	2357	1241	2216	9263	7013	7501	5032	
DHL	89000	89000	5	1	7	2	20	15	21	0	19	7142618	1810	2357	1241	2216	9263	7013	7501	5032	
DHL	89200	89200	3	3	7	0	21	16	19	0	16	7127838	1810	2357	1241	2216	9263	7013	7501	5032	
DHL	89400	89400	3	4	7	0	22	13	19	0	16	7114692	1810	2357	1241	2216	9263	7013	7501	5032	
DHL	89600	89600	4	3	7	2	22	13	20	0	14	7102349	1810	2357	1241	2216	9263	7013	7501	5032	
DHL	89800	89800	5	3	8	2	23	9	21	0	14	7090133	1810	2357	1241	2216	9263	7013	7501	5032	
DHL	90000	90000	5	3	8	2	22	12	20	0	16	7077542	1810	2357	1241	2216	9263	7013	7501	5032	
DHL	90200	90200	5	2	8	3	19	11	21	0	14	7064898	1810	2357	1241	2216	9263	7013	7501	5032	
DHL	90400	90400	5	2	8	3	18	11	20	0	15	7052366	1810	2357	1241	2216	9263	7013	7501	5032	
DHL	90600	90600	4	3	9	3	18	11	19	0	12	7040633	1810	2357	1241	2216	9263	7013	7501	5032	
DHL	90800	90800	3	3	8	2	15	12	14	0	13	7029301	1810	2357	1241	2216	9263	7013	7501	5032	
DHL	91000	91000	3	3	10	1	17	12	11	0	12	7017502	1810	2357	1241	2216	9263	7013	7501	5032	
DHL	91200	91200	2	3	8	2	18	11	12	0	12	7004713	1810	2357	1241	2216	9263	7013	7501	5032	
DHL	91400	91400	2	1	5	3	20	12	10	0	12	6991611	1810	2357	1241	2216	9263	7013	7501	5032	
DHL	91600	91600	2	1	5	3	21	10	10	0	9	6978460	1810	2357	1241	2216	9263	7013	7501	5032	
DHL	91800	91800	2	1	3	4	19	10	12	0	10	6965628	1810	2357	1241	2216	9263	7013	7501	5032	
DHL	92000	92000	2	1	3	3	18	9	15	0	7	6952790	1810	2357	1241	2216	9263	7013	7501	5032	
DHL	92200	92200	2	1	3	3	16	10	18	0	7	6940763	1810	2357	1241	2216	9263	7013	7501	5032	
DHL	92400	92400	3	1	2	4	18	12	19	0	6	6928269	1810	2357	1241	2216	9263	7013	7501	5032	
DHL	92600	92600	3	1	4	5	17	10	19	0	6	6916559	1810	2357	1241	2216	9263	7013	7501	5032	
DHL	92800	92800	4	2	4	5	16	13	16	0	7	6905276	1810	2357	1241	2216	9263	7013	7501	5032	
DHL	93000	93000	2	2	5	6	15	13	12	0	5	6893205	1810	2357	1241	2216	9263	7013	7501	5032	
DHL	93200	93200	3	0	3	5	15	14	12	0	4	6880912	1810	2357	1241	2216	9263	7013	7501	5032	
DHL	93400	93400	3	0	4	6	18	17	13	0	3	6867841	1810	2357	1241	2216	9263	7013	7501	5032	
DHL	93600	93600	2	1	4	4	18	15	13	0	4	6853052	1810	2357	1241	2216	9263	7013	7501	5032	
DHL	93800	93800	3	1	4	6	23	12	13	0	5	6837534	1810	2357	1241	2216	9263	7013	7501	5032	
DHL	94000	94000	3	1	4	6	23	13	16	0	6	6822440	1810	2357	1241	2216	9263	7013	7501	5032	
DHL	94200	94200	3	1	4	6	17	11	17	0	6	6807071	1810	2357	1241	2216	9263	7013	7501	5032	
DHL	94400	94400	3	2	5	5	18	11	18	0	7	6792321	1810	2357	1241	2216	9263	7013	7501	5032	
DHL	94600	94600	3	2	3	4	18	12	16	0	6	6777315	1810	2357	1241	2216	9263	7013	7501	5032	
DHL	94800	94800	3	1	5	4	17	11	13	0	6	6762894	1810	2357	1241	2216	9263	7013	7501	5032	
DHL	95000	95000	4	1	5	4	16	11	15	0	5	6750165	1810	2357	1241	2216	9263	7013	7501	5032	
DHL	95200	95200	4	1	4	7	14	12	18	0	5	6738829	1810	2357	1241	2216	9263	7013	7501	5032	
DHL	95400	95400	4	1	5	8	15	12	20	0	5	6728200	1810	2357	1241	2216	9263	7013	7501	5032	
DHL	95600	95600	2	1	4	8	18	17	18	0	6	6717600	1810	2357	1241	2216	9263	7013	7501	5032	
DHL	95800	95800	1	1	2	8	15	15	17	0	6	6705856	1810	2357	1241	2216	9263	7013	7501	5032	
DHL	96000	96000	2	1	2	6	17	11	18	0	6	6691949	1810	2357	1241	2216	9263	7013	7501	5032	
DHL	96200	96200	4	1	3	5	18	9	19	0	6	6676942	1810	2357	1241	2216	9263	7013	7501	5032	
DHL	96400	96400	4	1	2	5	15	10	21	0	7	6661807	1810	2357	1241	2216	9263	7013	7501	5032	
DHL	96600	96600	5	1	2	4	13	10	24	0	5	6646830	1810	2357	1241	2216	9263	7013	7501	5032	
DHL	96800	96800	4	1	2	3	13	10	23	0	4	6631933	1810	2357	1241	2216	9263	7013	7501	5032	
DHL	97000	97000	4	1	3	3	11	10	19	0	6	6616694	1810	2357	1241	2216	9263	7013	7501	5032	
DHL	97200	97200	4	2	3	3	9	9	20	0	5	6601042	1810	2357	1241	2216	9263	7013	7501	5032	
DHL	97400	97400	4	2	3	3	10	12	18	0	5	6585106	1810	2357	1241	2216	9263	7013	7501	5032	
DHL	97600	97600	4	2	3	3	12	12	16	0	7	6568933	1810	2357	1241	2216	9263	7013	7501	5032	
DHL	97800	97800	4	3	3	3	12	15	18	0	11	6552537	1810	2357	1241	2216	9263	7013	7501	5032	
DHL	98000	98000	4	3	3	4	10	14	15	0	13	6535009	1810	2357	1241	2216	9263	7013	7501	5032	
DHL	98200	98200	4	3	3	3	11	18	16	0	14	6517439	1810	2357	1241	2216	9263	7013	7501	5032	
DHL	98400	98400	4	3	2	3	12	17	15	0	13	6500858	1810	2357	1241	2216	9263	7013	7501	5032	
DHL	98600	98600	3	3	2	3	15	19	13	0	11	6484705	1810	2357	1241	2216	9263	7013	7501	5032	
DHL	98800	98800	4	3	1	1	16	21	13	0	11	6469448	1810	2357	1241	2216	9263	7013	7501	5032	
DHL	99000	99000	4	4	0	2	15	20	12	0	13	6455945	1810	2357	1241	2216	9263	7013	7501	5032	
DHL	99200	99200	4	5	0	2	18	20	13	0	12	6443374	1810	2357	1241	2216	9263	7013	7501	5032	
DHL	99400	99400	5	3	1	2	16	16	11	0	10	6431061	1810	2357	1241	2216	9263	7013	7501	5032	
DHL	99600	99600	4	3	1	2	13	15	13	0	8	6419889	1810	2357	1241	2216	9263	7013	7501	5032	
DHL	99800	99800	5	3	1	2	10	14	16	0	7	6409736	1810	2357	1241	2216	9263	7013	7501	5032	
DHL	100000	100000	5	2	2	3	13	11	16	0	6	6400088	1810	2357	1241	2216	9263	7013	7501	5032	
