FL	0	0	151	223	4	246	137	62	84	585	15	104797627	6075	4775	148	1925	4244	4632	2536	13292	512	
FL	-200	-200	156	239	5	246	149	68	81	562	10	104343962	6075	4775	148	1925	4244	4632	2536	13292	512	
FL	-400	-400	160	230	6	244	155	77	81	551	9	103120518	6075	4775	148	1925	4244	4632	2536	13292	512	
FL	-600	-600	171	221	8	244	149	81	83	553	9	101559664	6075	4775	148	1925	4244	4632	2536	13292	512	
FL	-800	-800	178	213	7	237	152	93	84	546	9	99727806	6075	4775	148	1925	4244	4632	2536	13292	512	
FL	-1000	-1000	178	215	8	228	145	96	79	517	10	97616822	6075	4775	148	1925	4244	4632	2536	13292	512	
FL	-1200	-1200	182	215	9	223	143	110	79	496	10	95282060	6075	4775	148	1925	4244	4632	2536	13292	512	
FL	-1400	-1400	190	215	6	223	128	115	76	482	11	92801966	6075	4775	148	1925	4244	4632	2536	13292	512	
FL	-1600	-1600	189	208	5	220	118	119	73	462	11	90260200	6075	4775	148	1925	4244	4632	2536	13292	512	
FL	-1800	-1800	201	201	3	208	106	125	71	452	11	87732785	6075	4775	148	1925	4244	4632	2536	13292	512	
FL	-2000	-2000	206	190	3	201	98	121	71	450	12	85269646	6075	4775	148	1925	4244	4632	2536	13292	512	
FL	-2200	-2200	219	181	4	205	96	125	68	450	13	82895310	6075	4775	148	1925	4244	4632	2536	13292	512	
FL	-2400	-2400	221	168	4	203	91	127	70	438	12	80633464	6075	4775	148	1925	4244	4632	2536	13292	512	
FL	-2600	-2600	222	165	3	211	88	125	72	425	12	78480697	6075	4775	148	1925	4244	4632	2536	13292	512	
FL	-2800	-2800	216	159	3	202	87	122	72	415	9	76443783	6075	4775	148	1925	4244	4632	2536	13292	512	
FL	-3000	-3000	213	155	3	191	86	123	76	405	8	74520292	6075	4775	148	1925	4244	4632	2536	13292	512	
FL	-3200	-3200	209	144	3	179	90	120	77	383	6	72692404	6075	4775	148	1925	4244	4632	2536	13292	512	
FL	-3400	-3400	212	126	3	175	82	113	73	376	5	70955711	6075	4775	148	1925	4244	4632	2536	13292	512	
FL	-3600	-3600	208	123	5	171	78	113	73	382	4	69296236	6075	4775	148	1925	4244	4632	2536	13292	512	
FL	-3800	-3800	203	116	4	175	77	107	75	376	4	67718016	6075	4775	148	1925	4244	4632	2536	13292	512	
FL	-4000	-4000	198	114	3	172	71	109	67	376	4	66208944	6075	4775	148	1925	4244	4632	2536	13292	512	
FL	-4200	-4200	195	118	2	176	73	112	67	365	8	64772166	6075	4775	148	1925	4244	4632	2536	13292	512	
FL	-4400	-4400	180	116	4	171	74	114	69	361	7	63395003	6075	4775	148	1925	4244	4632	2536	13292	512	
FL	-4600	-4600	171	123	4	164	74	99	62	353	8	62075314	6075	4775	148	1925	4244	4632	2536	13292	512	
FL	-4800	-4800	163	129	4	153	73	95	61	337	9	60807951	6075	4775	148	1925	4244	4632	2536	13292	512	
FL	-5000	-5000	156	123	4	150	68	88	60	330	8	59588993	6075	4775	148	1925	4244	4632	2536	13292	512	
FL	-5200	-5200	157	120	3	143	67	84	54	317	8	58412324	6075	4775	148	1925	4244	4632	2536	13292	512	
FL	-5400	-5400	148	114	3	136	66	85	51	304	9	57288242	6075	4775	148	1925	4244	4632	2536	13292	512	
FL	-5600	-5600	144	116	4	130	65	89	50	288	8	56211919	6075	4775	148	1925	4244	4632	2536	13292	512	
FL	-5800	-5800	140	113	4	122	60	95	46	293	9	55176414	6075	4775	148	1925	4244	4632	2536	13292	512	
FL	-6000	-6000	131	106	3	122	56	94	47	293	7	54176724	6075	4775	148	1925	4244	4632	2536	13292	512	
FL	-6200	-6200	124	102	3	112	56	103	48	294	6	53217729	6075	4775	148	1925	4244	4632	2536	13292	512	
FL	-6400	-6400	119	97	2	106	59	108	51	284	7	52297945	6075	4775	148	1925	4244	4632	2536	13292	512	
FL	-6600	-6600	124	86	2	96	55	106	46	268	5	51409631	6075	4775	148	1925	4244	4632	2536	13292	512	
FL	-6800	-6800	131	85	2	95	55	98	41	254	5	50552177	6075	4775	148	1925	4244	4632	2536	13292	512	
FL	-7000	-7000	134	88	2	90	53	100	48	244	4	49721301	6075	4775	148	1925	4244	4632	2536	13292	512	
FL	-7200	-7200	130	90	0	90	49	96	43	238	3	48913075	6075	4775	148	1925	4244	4632	2536	13292	512	
FL	-7400	-7400	130	81	0	88	50	92	41	243	1	48140576	6075	4775	148	1925	4244	4632	2536	13292	512	
FL	-7600	-7600	123	76	1	86	44	87	39	239	1	47395342	6075	4775	148	1925	4244	4632	2536	13292	512	
FL	-7800	-7800	117	71	1	89	47	91	38	240	1	46678876	6075	4775	148	1925	4244	4632	2536	13292	512	
FL	-8000	-8000	115	73	1	94	45	95	35	229	1	45979708	6075	4775	148	1925	4244	4632	2536	13292	512	
FL	-8200	-8200	116	70	1	92	41	85	32	233	4	45301287	6075	4775	148	1925	4244	4632	2536	13292	512	
FL	-8400	-8400	104	74	1	89	44	85	35	228	4	44646189	6075	4775	148	1925	4244	4632	2536	13292	512	
FL	-8600	-8600	110	69	1	89	41	80	38	225	3	44012514	6075	4775	148	1925	4244	4632	2536	13292	512	
FL	-8800	-8800	112	70	1	86	38	81	38	219	3	43393610	6075	4775	148	1925	4244	4632	2536	13292	512	
FL	-9000	-9000	107	71	0	85	41	87	35	215	2	42791558	6075	4775	148	1925	4244	4632	2536	13292	512	
FL	-9200	-9200	114	69	0	87	41	90	34	204	2	42217630	6075	4775	148	1925	4244	4632	2536	13292	512	
FL	-9400	-9400	109	75	0	82	42	90	32	196	2	41662358	6075	4775	148	1925	4244	4632	2536	13292	512	
FL	-9600	-9600	112	74	0	80	41	94	31	186	2	41124566	6075	4775	148	1925	4244	4632	2536	13292	512	
FL	-9800	-9800	110	74	0	79	39	87	36	180	1	40597162	6075	4775	148	1925	4244	4632	2536	13292	512	
FL	-10000	-10000	101	70	1	76	36	83	35	173	2	40084420	6075	4775	148	1925	4244	4632	2536	13292	512	
FL	-10200	-10200	96	68	1	76	34	74	38	174	2	39581920	6075	4775	148	1925	4244	4632	2536	13292	512	
FL	-10400	-10400	87	73	1	73	32	71	41	172	2	39092581	6075	4775	148	1925	4244	4632	2536	13292	512	
FL	-10600	-10600	84	67	1	76	33	74	46	167	3	38613153	6075	4775	148	1925	4244	4632	2536	13292	512	
FL	-10800	-10800	81	75	2	75	32	65	44	170	4	38144118	6075	4775	148	1925	4244	4632	2536	13292	512	
FL	-11000	-11000	82	77	3	74	35	66	45	161	5	37687117	6075	4775	148	1925	4244	4632	2536	13292	512	
FL	-11200	-11200	80	77	5	72	35	73	42	161	4	37246345	6075	4775	148	1925	4244	4632	2536	13292	512	
FL	-11400	-11400	81	76	5	74	34	75	37	157	4	36819409	6075	4775	148	1925	4244	4632	2536	13292	512	
FL	-11600	-11600	80	78	3	70	36	79	34	146	4	36403301	6075	4775	148	1925	4244	4632	2536	13292	512	
FL	-11800	-11800	78	74	5	68	40	80	31	147	4	35994027	6075	4775	148	1925	4244	4632	2536	13292	512	
FL	-12000	-12000	83	77	5	60	41	80	33	153	3	35587126	6075	4775	148	1925	4244	4632	2536	13292	512	
FL	-12200	-12200	82	70	4	61	42	82	28	162	2	35189911	6075	4775	148	1925	4244	4632	2536	13292	512	
FL	-12400	-12400	79	74	4	54	39	75	27	171	1	34796078	6075	4775	148	1925	4244	4632	2536	13292	512	
FL	-12600	-12600	80	79	2	52	40	74	30	176	1	34415755	6075	4775	148	1925	4244	4632	2536	13292	512	
FL	-12800	-12800	83	79	2	50	38	79	33	166	0	34050147	6075	4775	148	1925	4244	4632	2536	13292	512	
FL	-13000	-13000	84	73	2	48	38	69	32	167	0	33694763	6075	4775	148	1925	4244	4632	2536	13292	512	
FL	-13200	-13200	81	67	3	42	37	72	29	162	0	33351223	6075	4775	148	1925	4244	4632	2536	13292	512	
FL	-13400	-13400	82	64	3	40	37	71	27	166	0	33018260	6075	4775	148	1925	4244	4632	2536	13292	512	
FL	-13600	-13600	80	68	3	39	33	67	29	167	0	32691535	6075	4775	148	1925	4244	4632	2536	13292	512	
FL	-13800	-13800	72	66	3	36	28	59	34	153	0	32372683	6075	4775	148	1925	4244	4632	2536	13292	512	
FL	-14000	-14000	65	63	3	34	28	55	27	147	0	32061596	6075	4775	148	1925	4244	4632	2536	13292	512	
FL	-14200	-14200	67	62	2	33	27	60	28	145	0	31751783	6075	4775	148	1925	4244	4632	2536	13292	512	
FL	-14400	-14400	68	62	2	34	28	56	27	142	0	31448653	6075	4775	148	1925	4244	4632	2536	13292	512	
FL	-14600	-14600	67	61	2	35	29	57	26	141	1	31153811	6075	4775	148	1925	4244	4632	2536	13292	512	
FL	-14800	-14800	67	63	2	34	25	56	23	141	1	30863480	6075	4775	148	1925	4244	4632	2536	13292	512	
FL	-15000	-15000	76	57	1	34	28	56	24	133	2	30580419	6075	4775	148	1925	4244	4632	2536	13292	512	
FL	-15200	-15200	72	55	1	33	27	57	23	139	2	30302913	6075	4775	148	1925	4244	4632	2536	13292	512	
FL	-15400	-15400	73	51	1	34	21	60	25	133	2	30033503	6075	4775	148	1925	4244	4632	2536	13292	512	
FL	-15600	-15600	68	50	2	32	22	60	29	130	0	29771429	6075	4775	148	1925	4244	4632	2536	13292	512	
FL	-15800	-15800	70	47	2	32	24	58	31	120	2	29516573	6075	4775	148	1925	4244	4632	2536	13292	512	
FL	-16000	-16000	65	48	1	28	24	57	29	124	3	29267353	6075	4775	148	1925	4244	4632	2536	13292	512	
FL	-16200	-16200	68	40	1	27	20	60	31	115	4	29024012	6075	4775	148	1925	4244	4632	2536	13292	512	
FL	-16400	-16400	76	42	0	27	24	59	33	108	4	28787466	6075	4775	148	1925	4244	4632	2536	13292	512	
FL	-16600	-16600	72	39	1	25	26	56	31	111	5	28555904	6075	4775	148	1925	4244	4632	2536	13292	512	
FL	-16800	-16800	77	36	1	27	29	55	33	104	4	28328457	6075	4775	148	1925	4244	4632	2536	13292	512	
FL	-17000	-17000	71	40	1	26	25	53	30	98	5	28099377	6075	4775	148	1925	4244	4632	2536	13292	512	
FL	-17200	-17200	67	39	2	25	28	51	32	105	5	27868716	6075	4775	148	1925	4244	4632	2536	13292	512	
FL	-17400	-17400	63	39	2	28	27	49	33	98	6	27642519	6075	4775	148	1925	4244	4632	2536	13292	512	
FL	-17600	-17600	65	43	1	27	25	47	31	102	7	27420883	6075	4775	148	1925	4244	4632	2536	13292	512	
FL	-17800	-17800	71	44	1	25	26	47	24	105	8	27209059	6075	4775	148	1925	4244	4632	2536	13292	512	
FL	-18000	-18000	70	49	0	22	26	44	31	111	8	26999537	6075	4775	148	1925	4244	4632	2536	13292	512	
FL	-18200	-18200	66	56	0	22	27	38	29	109	8	26791653	6075	4775	148	1925	4244	4632	2536	13292	512	
FL	-18400	-18400	64	53	0	21	24	39	28	116	8	26584538	6075	4775	148	1925	4244	4632	2536	13292	512	
FL	-18600	-18600	63	47	1	23	22	37	25	108	9	26383209	6075	4775	148	1925	4244	4632	2536	13292	512	
FL	-18800	-18800	57	48	1	20	18	34	25	105	6	26187800	6075	4775	148	1925	4244	4632	2536	13292	512	
FL	-19000	-19000	54	46	1	19	18	35	23	100	6	25994814	6075	4775	148	1925	4244	4632	2536	13292	512	
FL	-19200	-19200	57	45	1	16	20	38	22	105	6	25802197	6075	4775	148	1925	4244	4632	2536	13292	512	
FL	-19400	-19400	55	46	1	16	22	36	23	100	6	25606735	6075	4775	148	1925	4244	4632	2536	13292	512	
FL	-19600	-19600	53	43	1	14	21	35	20	103	6	25412044	6075	4775	148	1925	4244	4632	2536	13292	512	
FL	-19800	-19800	61	47	0	16	17	40	16	108	5	25220595	6075	4775	148	1925	4244	4632	2536	13292	512	
FL	-20000	-20000	55	46	0	16	20	42	18	102	6	25029800	6075	4775	148	1925	4244	4632	2536	13292	512	
FL	-20200	-20200	54	44	1	13	21	46	16	95	5	24837508	6075	4775	148	1925	4244	4632	2536	13292	512	
FL	-20400	-20400	58	40	1	12	21	46	15	88	6	24651030	6075	4775	148	1925	4244	4632	2536	13292	512	
FL	-20600	-20600	61	45	4	14	21	51	16	84	7	24473116	6075	4775	148	1925	4244	4632	2536	13292	512	
FL	-20800	-20800	65	45	5	15	20	50	19	85	7	24300866	6075	4775	148	1925	4244	4632	2536	13292	512	
FL	-21000	-21000	62	45	4	11	22	54	18	86	6	24131362	6075	4775	148	1925	4244	4632	2536	13292	512	
FL	-21200	-21200	64	48	2	9	23	58	16	93	6	23964104	6075	4775	148	1925	4244	4632	2536	13292	512	
FL	-21400	-21400	65	49	2	10	22	52	15	88	4	23801089	6075	4775	148	1925	4244	4632	2536	13292	512	
FL	-21600	-21600	68	49	2	11	22	47	15	85	3	23644190	6075	4775	148	1925	4244	4632	2536	13292	512	
FL	-21800	-21800	66	44	3	10	23	52	18	87	3	23491838	6075	4775	148	1925	4244	4632	2536	13292	512	
FL	-22000	-22000	65	44	3	8	23	47	20	82	3	23340940	6075	4775	148	1925	4244	4632	2536	13292	512	
FL	-22200	-22200	62	48	2	7	24	45	20	83	2	23192052	6075	4775	148	1925	4244	4632	2536	13292	512	
FL	-22400	-22400	65	42	2	7	20	48	21	87	3	23042201	6075	4775	148	1925	4244	4632	2536	13292	512	
FL	-22600	-22600	65	38	2	9	20	45	21	82	3	22895199	6075	4775	148	1925	4244	4632	2536	13292	512	
FL	-22800	-22800	54	43	1	10	23	44	19	88	3	22746988	6075	4775	148	1925	4244	4632	2536	13292	512	
FL	-23000	-23000	52	42	1	11	21	43	18	82	3	22602371	6075	4775	148	1925	4244	4632	2536	13292	512	
FL	-23200	-23200	51	42	1	10	19	44	19	81	3	22460055	6075	4775	148	1925	4244	4632	2536	13292	512	
FL	-23400	-23400	53	44	1	7	21	40	20	85	3	22319530	6075	4775	148	1925	4244	4632	2536	13292	512	
FL	-23600	-23600	57	38	1	5	17	38	16	85	3	22181574	6075	4775	148	1925	4244	4632	2536	13292	512	
FL	-23800	-23800	60	32	3	9	15	37	15	80	3	22047762	6075	4775	148	1925	4244	4632	2536	13292	512	
FL	-24000	-24000	67	29	4	9	14	39	15	80	2	21915182	6075	4775	148	1925	4244	4632	2536	13292	512	
FL	-24200	-24200	65	30	4	10	13	38	15	75	3	21784265	6075	4775	148	1925	4244	4632	2536	13292	512	
FL	-24400	-24400	59	30	4	9	13	38	13	64	2	21657752	6075	4775	148	1925	4244	4632	2536	13292	512	
FL	-24600	-24600	59	35	4	7	14	36	10	62	2	21533105	6075	4775	148	1925	4244	4632	2536	13292	512	
FL	-24800	-24800	52	32	4	5	17	35	8	51	1	21408209	6075	4775	148	1925	4244	4632	2536	13292	512	
FL	-25000	-25000	52	28	4	4	18	35	7	55	1	21280174	6075	4775	148	1925	4244	4632	2536	13292	512	
FL	-25200	-25200	46	28	4	5	17	40	7	54	1	21154859	6075	4775	148	1925	4244	4632	2536	13292	512	
FL	-25400	-25400	50	32	4	4	18	45	7	54	1	21030625	6075	4775	148	1925	4244	4632	2536	13292	512	
FL	-25600	-25600	49	29	3	5	22	48	9	56	1	20907794	6075	4775	148	1925	4244	4632	2536	13292	512	
FL	-25800	-25800	48	33	3	5	17	54	10	65	1	20786212	6075	4775	148	1925	4244	4632	2536	13292	512	
FL	-26000	-26000	49	36	4	6	15	57	12	65	1	20667282	6075	4775	148	1925	4244	4632	2536	13292	512	
FL	-26200	-26200	45	39	4	6	15	59	11	67	2	20552485	6075	4775	148	1925	4244	4632	2536	13292	512	
FL	-26400	-26400	47	47	4	8	16	55	11	77	3	20439594	6075	4775	148	1925	4244	4632	2536	13292	512	
FL	-26600	-26600	49	44	5	7	17	46	12	74	3	20328492	6075	4775	148	1925	4244	4632	2536	13292	512	
FL	-26800	-26800	49	40	4	9	20	53	13	79	1	20216386	6075	4775	148	1925	4244	4632	2536	13292	512	
FL	-27000	-27000	44	40	4	11	19	51	12	81	0	20104912	6075	4775	148	1925	4244	4632	2536	13292	512	
FL	-27200	-27200	43	33	4	12	18	45	13	76	0	19992737	6075	4775	148	1925	4244	4632	2536	13292	512	
FL	-27400	-27400	44	37	3	12	18	44	17	79	1	19879585	6075	4775	148	1925	4244	4632	2536	13292	512	
FL	-27600	-27600	41	32	1	11	19	45	19	82	1	19765456	6075	4775	148	1925	4244	4632	2536	13292	512	
FL	-27800	-27800	32	32	1	10	12	44	20	76	1	19652607	6075	4775	148	1925	4244	4632	2536	13292	512	
FL	-28000	-28000	38	35	1	9	15	48	19	84	0	19542526	6075	4775	148	1925	4244	4632	2536	13292	512	
FL	-28200	-28200	39	33	1	9	13	45	19	80	0	19430813	6075	4775	148	1925	4244	4632	2536	13292	512	
FL	-28400	-28400	43	31	1	8	16	37	18	72	0	19318044	6075	4775	148	1925	4244	4632	2536	13292	512	
FL	-28600	-28600	48	29	1	7	17	36	14	71	0	19204177	6075	4775	148	1925	4244	4632	2536	13292	512	
FL	-28800	-28800	50	28	1	7	13	35	13	64	0	19090706	6075	4775	148	1925	4244	4632	2536	13292	512	
FL	-29000	-29000	48	26	0	9	9	37	12	60	1	18980297	6075	4775	148	1925	4244	4632	2536	13292	512	
FL	-29200	-29200	51	26	0	10	12	37	12	67	2	18870641	6075	4775	148	1925	4244	4632	2536	13292	512	
FL	-29400	-29400	49	26	0	8	16	35	12	65	3	18763951	6075	4775	148	1925	4244	4632	2536	13292	512	
FL	-29600	-29600	51	27	0	9	21	31	17	62	3	18659922	6075	4775	148	1925	4244	4632	2536	13292	512	
FL	-29800	-29800	53	30	0	9	22	32	16	60	3	18556474	6075	4775	148	1925	4244	4632	2536	13292	512	
FL	-30000	-30000	50	27	0	10	18	37	16	63	1	18453766	6075	4775	148	1925	4244	4632	2536	13292	512	
FL	-30200	-30200	45	29	0	12	16	33	17	64	1	18353730	6075	4775	148	1925	4244	4632	2536	13292	512	
FL	-30400	-30400	42	29	0	13	16	39	15	64	1	18256745	6075	4775	148	1925	4244	4632	2536	13292	512	
FL	-30600	-30600	49	26	0	12	17	37	15	64	1	18160869	6075	4775	148	1925	4244	4632	2536	13292	512	
FL	-30800	-30800	47	26	0	11	18	40	17	62	1	18065974	6075	4775	148	1925	4244	4632	2536	13292	512	
FL	-31000	-31000	48	25	0	10	17	36	18	67	2	17974983	6075	4775	148	1925	4244	4632	2536	13292	512	
FL	-31200	-31200	45	26	0	11	14	28	16	74	4	17888082	6075	4775	148	1925	4244	4632	2536	13292	512	
FL	-31400	-31400	46	24	0	12	16	27	13	71	4	17797778	6075	4775	148	1925	4244	4632	2536	13292	512	
FL	-31600	-31600	45	26	0	15	16	28	12	71	3	17707236	6075	4775	148	1925	4244	4632	2536	13292	512	
FL	-31800	-31800	44	29	0	15	15	31	12	71	3	17618586	6075	4775	148	1925	4244	4632	2536	13292	512	
FL	-32000	-32000	46	34	0	13	16	32	9	65	4	17530525	6075	4775	148	1925	4244	4632	2536	13292	512	
FL	-32200	-32200	49	30	0	13	14	33	10	64	4	17440051	6075	4775	148	1925	4244	4632	2536	13292	512	
FL	-32400	-32400	51	30	0	11	12	34	9	61	5	17348414	6075	4775	148	1925	4244	4632	2536	13292	512	
FL	-32600	-32600	47	32	0	14	15	34	8	60	5	17256522	6075	4775	148	1925	4244	4632	2536	13292	512	
FL	-32800	-32800	43	28	0	15	13	30	11	61	5	17162560	6075	4775	148	1925	4244	4632	2536	13292	512	
FL	-33000	-33000	46	27	1	16	10	31	14	63	4	17068591	6075	4775	148	1925	4244	4632	2536	13292	512	
FL	-33200	-33200	55	25	1	16	10	36	13	56	3	16975472	6075	4775	148	1925	4244	4632	2536	13292	512	
FL	-33400	-33400	51	24	1	18	9	36	9	53	4	16883340	6075	4775	148	1925	4244	4632	2536	13292	512	
FL	-33600	-33600	51	26	1	17	9	37	11	54	5	16791314	6075	4775	148	1925	4244	4632	2536	13292	512	
FL	-33800	-33800	51	24	1	19	10	38	10	57	6	16700797	6075	4775	148	1925	4244	4632	2536	13292	512	
FL	-34000	-34000	52	21	1	15	12	38	13	65	5	16612658	6075	4775	148	1925	4244	4632	2536	13292	512	
FL	-34200	-34200	49	21	0	10	13	37	15	67	5	16527579	6075	4775	148	1925	4244	4632	2536	13292	512	
FL	-34400	-34400	54	25	0	11	15	35	15	64	5	16446812	6075	4775	148	1925	4244	4632	2536	13292	512	
FL	-34600	-34600	45	28	1	11	17	33	15	55	4	16368394	6075	4775	148	1925	4244	4632	2536	13292	512	
FL	-34800	-34800	43	33	1	13	20	37	16	50	4	16289768	6075	4775	148	1925	4244	4632	2536	13292	512	
FL	-35000	-35000	45	29	1	11	21	33	15	50	2	16213048	6075	4775	148	1925	4244	4632	2536	13292	512	
FL	-35200	-35200	43	32	0	12	20	29	16	48	2	16137571	6075	4775	148	1925	4244	4632	2536	13292	512	
FL	-35400	-35400	42	28	0	12	17	28	17	44	2	16063729	6075	4775	148	1925	4244	4632	2536	13292	512	
FL	-35600	-35600	40	27	0	13	16	26	14	40	1	15987140	6075	4775	148	1925	4244	4632	2536	13292	512	
FL	-35800	-35800	37	28	0	12	18	24	12	39	1	15911283	6075	4775	148	1925	4244	4632	2536	13292	512	
FL	-36000	-36000	39	28	1	9	20	24	12	41	1	15831349	6075	4775	148	1925	4244	4632	2536	13292	512	
FL	-36200	-36200	33	23	1	9	24	26	14	46	0	15753465	6075	4775	148	1925	4244	4632	2536	13292	512	
FL	-36400	-36400	30	26	1	10	24	27	16	42	0	15678884	6075	4775	148	1925	4244	4632	2536	13292	512	
FL	-36600	-36600	32	26	1	15	23	28	13	45	0	15607126	6075	4775	148	1925	4244	4632	2536	13292	512	
FL	-36800	-36800	29	23	0	15	22	31	14	47	0	15535667	6075	4775	148	1925	4244	4632	2536	13292	512	
FL	-37000	-37000	32	22	1	13	24	32	15	53	0	15465782	6075	4775	148	1925	4244	4632	2536	13292	512	
FL	-37200	-37200	34	26	1	11	21	33	14	52	0	15393993	6075	4775	148	1925	4244	4632	2536	13292	512	
FL	-37400	-37400	34	27	1	12	21	32	13	56	2	15322977	6075	4775	148	1925	4244	4632	2536	13292	512	
FL	-37600	-37600	35	26	1	11	19	33	15	58	2	15252929	6075	4775	148	1925	4244	4632	2536	13292	512	
FL	-37800	-37800	29	28	1	12	17	30	15	53	2	15184325	6075	4775	148	1925	4244	4632	2536	13292	512	
FL	-38000	-38000	27	29	1	9	18	31	17	58	1	15114503	6075	4775	148	1925	4244	4632	2536	13292	512	
FL	-38200	-38200	30	28	1	10	15	32	16	58	0	15042335	6075	4775	148	1925	4244	4632	2536	13292	512	
FL	-38400	-38400	28	26	1	8	18	35	15	55	1	14972273	6075	4775	148	1925	4244	4632	2536	13292	512	
FL	-38600	-38600	32	23	2	5	18	31	14	58	1	14901415	6075	4775	148	1925	4244	4632	2536	13292	512	
FL	-38800	-38800	34	22	3	6	18	28	13	57	2	14830439	6075	4775	148	1925	4244	4632	2536	13292	512	
FL	-39000	-39000	29	24	3	6	15	21	13	57	2	14761174	6075	4775	148	1925	4244	4632	2536	13292	512	
FL	-39200	-39200	32	23	3	6	17	23	13	64	2	14693256	6075	4775	148	1925	4244	4632	2536	13292	512	
FL	-39400	-39400	31	25	3	8	15	22	17	65	2	14625174	6075	4775	148	1925	4244	4632	2536	13292	512	
FL	-39600	-39600	34	26	3	8	12	26	18	53	2	14561927	6075	4775	148	1925	4244	4632	2536	13292	512	
FL	-39800	-39800	39	22	3	8	10	21	15	56	2	14501670	6075	4775	148	1925	4244	4632	2536	13292	512	
FL	-40000	-40000	37	22	3	8	12	19	12	56	2	14442303	6075	4775	148	1925	4244	4632	2536	13292	512	
FL	-40200	-40200	40	22	4	8	11	19	10	55	4	14382120	6075	4775	148	1925	4244	4632	2536	13292	512	
FL	-40400	-40400	38	22	3	9	11	21	8	59	5	14322960	6075	4775	148	1925	4244	4632	2536	13292	512	
FL	-40600	-40600	40	19	3	10	11	21	9	63	4	14263472	6075	4775	148	1925	4244	4632	2536	13292	512	
FL	-40800	-40800	38	19	3	9	9	18	8	66	4	14204028	6075	4775	148	1925	4244	4632	2536	13292	512	
FL	-41000	-41000	31	20	4	10	10	20	9	65	4	14144943	6075	4775	148	1925	4244	4632	2536	13292	512	
FL	-41200	-41200	27	19	4	8	11	19	9	61	4	14086707	6075	4775	148	1925	4244	4632	2536	13292	512	
FL	-41400	-41400	29	19	4	9	15	23	9	52	3	14026891	6075	4775	148	1925	4244	4632	2536	13292	512	
FL	-41600	-41600	35	18	4	10	14	25	10	46	4	13969911	6075	4775	148	1925	4244	4632	2536	13292	512	
FL	-41800	-41800	34	16	3	8	13	25	9	48	4	13914922	6075	4775	148	1925	4244	4632	2536	13292	512	
FL	-42000	-42000	31	16	2	8	13	27	11	44	4	13861702	6075	4775	148	1925	4244	4632	2536	13292	512	
FL	-42200	-42200	28	16	1	9	12	26	12	42	3	13810985	6075	4775	148	1925	4244	4632	2536	13292	512	
FL	-42400	-42400	30	16	1	11	13	28	12	42	2	13764133	6075	4775	148	1925	4244	4632	2536	13292	512	
FL	-42600	-42600	29	19	0	12	13	29	12	42	2	13716025	6075	4775	148	1925	4244	4632	2536	13292	512	
FL	-42800	-42800	24	20	0	6	11	21	12	45	2	13665657	6075	4775	148	1925	4244	4632	2536	13292	512	
FL	-43000	-43000	23	19	0	8	9	20	15	45	2	13611990	6075	4775	148	1925	4244	4632	2536	13292	512	
FL	-43200	-43200	20	22	0	11	9	21	18	54	1	13557531	6075	4775	148	1925	4244	4632	2536	13292	512	
FL	-43400	-43400	19	25	0	12	10	22	20	54	1	13502263	6075	4775	148	1925	4244	4632	2536	13292	512	
FL	-43600	-43600	19	24	0	9	8	23	17	49	1	13445187	6075	4775	148	1925	4244	4632	2536	13292	512	
FL	-43800	-43800	22	26	0	10	8	27	18	49	2	13386350	6075	4775	148	1925	4244	4632	2536	13292	512	
FL	-44000	-44000	23	26	0	10	8	25	17	50	1	13330329	6075	4775	148	1925	4244	4632	2536	13292	512	
FL	-44200	-44200	21	27	0	10	7	27	16	46	1	13275655	6075	4775	148	1925	4244	4632	2536	13292	512	
FL	-44400	-44400	25	24	0	8	7	30	14	47	1	13223026	6075	4775	148	1925	4244	4632	2536	13292	512	
FL	-44600	-44600	28	24	0	9	7	28	17	45	2	13172998	6075	4775	148	1925	4244	4632	2536	13292	512	
FL	-44800	-44800	30	26	0	9	6	29	15	49	2	13125221	6075	4775	148	1925	4244	4632	2536	13292	512	
FL	-45000	-45000	32	26	0	8	9	31	16	42	2	13078684	6075	4775	148	1925	4244	4632	2536	13292	512	
FL	-45200	-45200	28	30	0	7	9	29	18	44	1	13031381	6075	4775	148	1925	4244	4632	2536	13292	512	
FL	-45400	-45400	35	29	0	7	11	28	15	45	1	12984125	6075	4775	148	1925	4244	4632	2536	13292	512	
FL	-45600	-45600	31	28	1	8	11	26	15	42	1	12940017	6075	4775	148	1925	4244	4632	2536	13292	512	
FL	-45800	-45800	30	28	1	6	12	20	14	45	0	12895852	6075	4775	148	1925	4244	4632	2536	13292	512	
FL	-46000	-46000	26	31	1	6	13	22	11	45	0	12851964	6075	4775	148	1925	4244	4632	2536	13292	512	
FL	-46200	-46200	26	25	1	7	13	19	12	46	0	12808533	6075	4775	148	1925	4244	4632	2536	13292	512	
FL	-46400	-46400	28	23	1	6	12	18	11	47	0	12764219	6075	4775	148	1925	4244	4632	2536	13292	512	
FL	-46600	-46600	27	22	0	5	10	18	10	49	0	12720715	6075	4775	148	1925	4244	4632	2536	13292	512	
FL	-46800	-46800	27	18	0	6	12	25	6	48	0	12676111	6075	4775	148	1925	4244	4632	2536	13292	512	
FL	-47000	-47000	27	16	0	5	12	22	7	47	0	12630695	6075	4775	148	1925	4244	4632	2536	13292	512	
FL	-47200	-47200	21	14	0	4	10	24	5	43	0	12585855	6075	4775	148	1925	4244	4632	2536	13292	512	
FL	-47400	-47400	17	14	0	5	9	24	4	46	1	12541401	6075	4775	148	1925	4244	4632	2536	13292	512	
FL	-47600	-47600	21	14	0	7	9	25	5	45	1	12497342	6075	4775	148	1925	4244	4632	2536	13292	512	
FL	-47800	-47800	21	13	1	7	10	25	7	43	1	12452608	6075	4775	148	1925	4244	4632	2536	13292	512	
FL	-48000	-48000	20	12	1	8	10	27	9	39	1	12407566	6075	4775	148	1925	4244	4632	2536	13292	512	
FL	-48200	-48200	21	15	2	8	11	27	10	44	1	12363315	6075	4775	148	1925	4244	4632	2536	13292	512	
FL	-48400	-48400	23	16	1	7	11	27	12	46	1	12318103	6075	4775	148	1925	4244	4632	2536	13292	512	
FL	-48600	-48600	26	19	2	7	14	26	14	43	1	12272468	6075	4775	148	1925	4244	4632	2536	13292	512	
FL	-48800	-48800	31	19	2	4	15	23	17	46	1	12227192	6075	4775	148	1925	4244	4632	2536	13292	512	
FL	-49000	-49000	25	19	2	6	17	25	17	40	2	12181699	6075	4775	148	1925	4244	4632	2536	13292	512	
FL	-49200	-49200	31	16	2	7	19	26	20	42	1	12137642	6075	4775	148	1925	4244	4632	2536	13292	512	
FL	-49400	-49400	32	16	2	8	20	24	23	44	1	12095666	6075	4775	148	1925	4244	4632	2536	13292	512	
FL	-49600	-49600	31	20	1	8	20	23	22	46	1	12055431	6075	4775	148	1925	4244	4632	2536	13292	512	
FL	-49800	-49800	29	20	1	8	20	24	18	40	1	12015632	6075	4775	148	1925	4244	4632	2536	13292	512	
FL	-50000	-50000	25	18	1	9	14	23	20	45	0	11975983	6075	4775	148	1925	4244	4632	2536	13292	512	
FL	-50200	-50200	24	17	1	6	13	21	20	42	0	11936055	6075	4775	148	1925	4244	4632	2536	13292	512	
FL	-50400	-50400	25	16	1	5	11	20	18	45	0	11898089	6075	4775	148	1925	4244	4632	2536	13292	512	
FL	-50600	-50600	26	17	1	4	12	19	17	48	0	11859580	6075	4775	148	1925	4244	4632	2536	13292	512	
FL	-50800	-50800	21	18	1	4	11	19	18	51	0	11821066	6075	4775	148	1925	4244	4632	2536	13292	512	
FL	-51000	-51000	20	18	1	3	11	18	17	48	0	11781401	6075	4775	148	1925	4244	4632	2536	13292	512	
FL	-51200	-51200	19	20	0	5	11	15	11	47	1	11739551	6075	4775	148	1925	4244	4632	2536	13292	512	
FL	-51400	-51400	19	20	0	7	10	14	11	44	1	11697792	6075	4775	148	1925	4244	4632	2536	13292	512	
FL	-51600	-51600	18	23	0	7	9	11	11	41	2	11654382	6075	4775	148	1925	4244	4632	2536	13292	512	
FL	-51800	-51800	16	21	0	8	9	15	11	40	2	11611603	6075	4775	148	1925	4244	4632	2536	13292	512	
FL	-52000	-52000	14	16	0	6	11	18	10	37	2	11568124	6075	4775	148	1925	4244	4632	2536	13292	512	
FL	-52200	-52200	18	13	0	7	13	21	9	32	2	11525368	6075	4775	148	1925	4244	4632	2536	13292	512	
FL	-52400	-52400	22	16	0	5	13	23	9	38	3	11483507	6075	4775	148	1925	4244	4632	2536	13292	512	
FL	-52600	-52600	22	20	0	5	9	22	9	44	2	11443842	6075	4775	148	1925	4244	4632	2536	13292	512	
FL	-52800	-52800	25	17	0	5	8	20	13	45	2	11404837	6075	4775	148	1925	4244	4632	2536	13292	512	
FL	-53000	-53000	27	18	0	5	6	20	13	45	2	11366913	6075	4775	148	1925	4244	4632	2536	13292	512	
FL	-53200	-53200	22	17	0	2	6	20	11	50	1	11329329	6075	4775	148	1925	4244	4632	2536	13292	512	
FL	-53400	-53400	19	17	0	1	10	18	10	49	1	11291576	6075	4775	148	1925	4244	4632	2536	13292	512	
FL	-53600	-53600	19	16	1	2	10	23	9	56	0	11253280	6075	4775	148	1925	4244	4632	2536	13292	512	
FL	-53800	-53800	20	12	1	2	9	23	9	57	0	11215713	6075	4775	148	1925	4244	4632	2536	13292	512	
FL	-54000	-54000	21	14	1	3	10	22	9	55	0	11178002	6075	4775	148	1925	4244	4632	2536	13292	512	
FL	-54200	-54200	20	14	1	2	10	19	8	53	0	11138718	6075	4775	148	1925	4244	4632	2536	13292	512	
FL	-54400	-54400	19	12	1	2	12	18	9	61	0	11096338	6075	4775	148	1925	4244	4632	2536	13292	512	
FL	-54600	-54600	16	12	1	2	15	19	10	61	0	11055243	6075	4775	148	1925	4244	4632	2536	13292	512	
FL	-54800	-54800	16	13	1	3	16	19	10	59	0	11014201	6075	4775	148	1925	4244	4632	2536	13292	512	
FL	-55000	-55000	17	14	1	2	12	17	10	54	0	10974219	6075	4775	148	1925	4244	4632	2536	13292	512	
FL	-55200	-55200	17	14	0	1	11	18	11	46	0	10935087	6075	4775	148	1925	4244	4632	2536	13292	512	
FL	-55400	-55400	23	18	0	1	13	20	12	44	0	10898435	6075	4775	148	1925	4244	4632	2536	13292	512	
FL	-55600	-55600	24	17	0	1	13	16	11	43	0	10860063	6075	4775	148	1925	4244	4632	2536	13292	512	
FL	-55800	-55800	24	17	0	1	11	16	10	41	0	10819699	6075	4775	148	1925	4244	4632	2536	13292	512	
FL	-56000	-56000	23	15	0	1	11	15	12	44	0	10778814	6075	4775	148	1925	4244	4632	2536	13292	512	
FL	-56200	-56200	28	18	0	4	10	13	11	42	0	10739086	6075	4775	148	1925	4244	4632	2536	13292	512	
FL	-56400	-56400	25	19	0	3	11	15	9	41	0	10701015	6075	4775	148	1925	4244	4632	2536	13292	512	
FL	-56600	-56600	26	18	0	4	10	14	13	42	0	10663611	6075	4775	148	1925	4244	4632	2536	13292	512	
FL	-56800	-56800	25	18	0	4	10	16	11	46	0	10627076	6075	4775	148	1925	4244	4632	2536	13292	512	
FL	-57000	-57000	28	18	0	5	9	20	10	42	0	10589901	6075	4775	148	1925	4244	4632	2536	13292	512	
FL	-57200	-57200	27	19	0	6	8	21	13	42	0	10554148	6075	4775	148	1925	4244	4632	2536	13292	512	
FL	-57400	-57400	25	21	0	8	9	23	12	44	0	10517316	6075	4775	148	1925	4244	4632	2536	13292	512	
FL	-57600	-57600	28	21	0	8	8	24	15	42	0	10481370	6075	4775	148	1925	4244	4632	2536	13292	512	
FL	-57800	-57800	24	19	0	7	8	22	13	48	1	10445723	6075	4775	148	1925	4244	4632	2536	13292	512	
FL	-58000	-58000	25	19	1	5	9	23	15	50	1	10410418	6075	4775	148	1925	4244	4632	2536	13292	512	
FL	-58200	-58200	27	20	1	3	10	23	17	42	1	10376042	6075	4775	148	1925	4244	4632	2536	13292	512	
FL	-58400	-58400	29	19	1	2	10	19	13	44	1	10340822	6075	4775	148	1925	4244	4632	2536	13292	512	
FL	-58600	-58600	27	16	0	4	11	16	14	36	1	10306355	6075	4775	148	1925	4244	4632	2536	13292	512	
FL	-58800	-58800	27	16	0	4	11	18	12	31	1	10272927	6075	4775	148	1925	4244	4632	2536	13292	512	
FL	-59000	-59000	23	16	0	5	12	18	10	35	1	10238929	6075	4775	148	1925	4244	4632	2536	13292	512	
FL	-59200	-59200	19	18	0	5	14	20	9	36	0	10202300	6075	4775	148	1925	4244	4632	2536	13292	512	
FL	-59400	-59400	20	17	0	5	16	20	8	41	0	10166076	6075	4775	148	1925	4244	4632	2536	13292	512	
FL	-59600	-59600	14	14	0	4	15	18	8	43	0	10129717	6075	4775	148	1925	4244	4632	2536	13292	512	
FL	-59800	-59800	16	14	0	6	17	17	7	41	0	10095130	6075	4775	148	1925	4244	4632	2536	13292	512	
FL	-60000	-60000	21	14	0	7	18	17	5	46	0	10061735	6075	4775	148	1925	4244	4632	2536	13292	512	
FL	-60200	-60200	24	14	0	8	19	20	7	43	0	10030609	6075	4775	148	1925	4244	4632	2536	13292	512	
FL	-60400	-60400	18	14	0	8	19	21	12	43	1	10001609	6075	4775	148	1925	4244	4632	2536	13292	512	
FL	-60600	-60600	18	10	0	6	14	21	12	40	1	9972727	6075	4775	148	1925	4244	4632	2536	13292	512	
FL	-60800	-60800	18	9	0	6	12	23	13	36	1	9943267	6075	4775	148	1925	4244	4632	2536	13292	512	
FL	-61000	-61000	19	10	0	6	15	22	13	34	2	9911728	6075	4775	148	1925	4244	4632	2536	13292	512	
FL	-61200	-61200	17	8	1	5	14	22	12	32	2	9880451	6075	4775	148	1925	4244	4632	2536	13292	512	
FL	-61400	-61400	17	10	1	11	13	19	10	35	0	9849886	6075	4775	148	1925	4244	4632	2536	13292	512	
FL	-61600	-61600	16	8	2	11	13	17	8	36	0	9820425	6075	4775	148	1925	4244	4632	2536	13292	512	
FL	-61800	-61800	18	10	1	9	14	20	8	37	0	9790656	6075	4775	148	1925	4244	4632	2536	13292	512	
FL	-62000	-62000	25	13	1	7	13	20	7	38	0	9761512	6075	4775	148	1925	4244	4632	2536	13292	512	
FL	-62200	-62200	25	14	1	5	17	21	9	35	0	9732013	6075	4775	148	1925	4244	4632	2536	13292	512	
FL	-62400	-62400	25	15	1	5	19	18	10	34	0	9702768	6075	4775	148	1925	4244	4632	2536	13292	512	
FL	-62600	-62600	26	14	1	5	22	17	11	40	0	9674028	6075	4775	148	1925	4244	4632	2536	13292	512	
FL	-62800	-62800	25	15	1	5	19	17	13	48	1	9646878	6075	4775	148	1925	4244	4632	2536	13292	512	
FL	-63000	-63000	26	13	0	6	19	15	11	48	1	9620231	6075	4775	148	1925	4244	4632	2536	13292	512	
FL	-63200	-63200	25	16	0	6	18	16	7	46	0	9594944	6075	4775	148	1925	4244	4632	2536	13292	512	
FL	-63400	-63400	24	19	0	8	13	15	8	44	0	9569800	6075	4775	148	1925	4244	4632	2536	13292	512	
FL	-63600	-63600	21	19	0	4	11	14	6	42	0	9545300	6075	4775	148	1925	4244	4632	2536	13292	512	
FL	-63800	-63800	23	20	0	4	12	13	7	43	0	9518563	6075	4775	148	1925	4244	4632	2536	13292	512	
FL	-64000	-64000	23	21	0	4	11	10	10	40	0	9491515	6075	4775	148	1925	4244	4632	2536	13292	512	
FL	-64200	-64200	20	19	0	7	10	11	9	37	0	9466190	6075	4775	148	1925	4244	4632	2536	13292	512	
FL	-64400	-64400	17	20	0	7	7	14	11	43	0	9439802	6075	4775	148	1925	4244	4632	2536	13292	512	
FL	-64600	-64600	16	15	0	7	9	14	13	44	1	9413720	6075	4775	148	1925	4244	4632	2536	13292	512	
FL	-64800	-64800	20	13	0	7	9	14	11	39	1	9388393	6075	4775	148	1925	4244	4632	2536	13292	512	
FL	-65000	-65000	21	14	0	7	10	17	11	41	1	9362943	6075	4775	148	1925	4244	4632	2536	13292	512	
FL	-65200	-65200	24	12	0	2	11	18	8	41	2	9337630	6075	4775	148	1925	4244	4632	2536	13292	512	
FL	-65400	-65400	24	13	0	1	12	19	9	40	3	9314268	6075	4775	148	1925	4244	4632	2536	13292	512	
FL	-65600	-65600	22	16	0	2	10	23	10	43	3	9291635	6075	4775	148	1925	4244	4632	2536	13292	512	
FL	-65800	-65800	22	16	0	3	8	24	9	42	3	9269122	6075	4775	148	1925	4244	4632	2536	13292	512	
FL	-66000	-66000	24	14	0	3	8	20	9	41	2	9245824	6075	4775	148	1925	4244	4632	2536	13292	512	
FL	-66200	-66200	24	13	0	3	7	15	6	41	2	9222291	6075	4775	148	1925	4244	4632	2536	13292	512	
FL	-66400	-66400	26	10	0	2	8	18	9	40	2	9198353	6075	4775	148	1925	4244	4632	2536	13292	512	
FL	-66600	-66600	22	10	0	2	7	21	10	41	2	9175889	6075	4775	148	1925	4244	4632	2536	13292	512	
FL	-66800	-66800	20	10	0	3	6	21	9	42	2	9152776	6075	4775	148	1925	4244	4632	2536	13292	512	
FL	-67000	-67000	20	8	0	3	6	20	9	37	2	9128884	6075	4775	148	1925	4244	4632	2536	13292	512	
FL	-67200	-67200	20	8	0	3	6	19	8	39	1	9103653	6075	4775	148	1925	4244	4632	2536	13292	512	
FL	-67400	-67400	17	11	0	4	6	17	8	40	1	9077923	6075	4775	148	1925	4244	4632	2536	13292	512	
FL	-67600	-67600	22	11	0	4	7	13	9	37	1	9052319	6075	4775	148	1925	4244	4632	2536	13292	512	
FL	-67800	-67800	17	9	0	4	10	16	6	40	1	9028256	6075	4775	148	1925	4244	4632	2536	13292	512	
FL	-68000	-68000	19	10	0	2	8	15	6	41	1	9004913	6075	4775	148	1925	4244	4632	2536	13292	512	
FL	-68200	-68200	18	11	0	3	8	14	6	40	1	8981358	6075	4775	148	1925	4244	4632	2536	13292	512	
FL	-68400	-68400	19	11	0	3	7	13	8	39	1	8958058	6075	4775	148	1925	4244	4632	2536	13292	512	
FL	-68600	-68600	20	11	0	4	8	15	7	37	1	8935198	6075	4775	148	1925	4244	4632	2536	13292	512	
FL	-68800	-68800	22	10	0	4	8	15	8	38	2	8913403	6075	4775	148	1925	4244	4632	2536	13292	512	
FL	-69000	-69000	22	10	0	7	9	13	9	30	2	8893022	6075	4775	148	1925	4244	4632	2536	13292	512	
FL	-69200	-69200	25	10	0	8	10	14	8	30	2	8871054	6075	4775	148	1925	4244	4632	2536	13292	512	
FL	-69400	-69400	21	11	0	7	9	13	10	29	2	8849500	6075	4775	148	1925	4244	4632	2536	13292	512	
FL	-69600	-69600	22	10	0	4	10	12	10	29	3	8828764	6075	4775	148	1925	4244	4632	2536	13292	512	
FL	-69800	-69800	21	11	0	3	8	13	6	31	4	8807607	6075	4775	148	1925	4244	4632	2536	13292	512	
FL	-70000	-70000	22	11	0	3	9	13	4	30	4	8786619	6075	4775	148	1925	4244	4632	2536	13292	512	
FL	-70200	-70200	18	10	0	2	8	11	3	26	3	8766121	6075	4775	148	1925	4244	4632	2536	13292	512	
FL	-70400	-70400	17	11	0	5	8	11	3	23	2	8745649	6075	4775	148	1925	4244	4632	2536	13292	512	
FL	-70600	-70600	16	15	0	4	7	12	3	20	2	8723585	6075	4775	148	1925	4244	4632	2536	13292	512	
FL	-70800	-70800	17	15	0	3	5	14	3	25	2	8701678	6075	4775	148	1925	4244	4632	2536	13292	512	
FL	-71000	-71000	16	16	0	2	6	14	2	24	1	8680770	6075	4775	148	1925	4244	4632	2536	13292	512	
FL	-71200	-71200	17	17	0	3	7	14	4	23	2	8659846	6075	4775	148	1925	4244	4632	2536	13292	512	
FL	-71400	-71400	21	17	0	3	11	16	4	22	1	8638252	6075	4775	148	1925	4244	4632	2536	13292	512	
FL	-71600	-71600	21	19	0	2	14	16	6	19	1	8617514	6075	4775	148	1925	4244	4632	2536	13292	512	
FL	-71800	-71800	20	16	0	0	12	18	6	24	2	8597151	6075	4775	148	1925	4244	4632	2536	13292	512	
FL	-72000	-72000	20	14	0	1	13	16	6	23	2	8576370	6075	4775	148	1925	4244	4632	2536	13292	512	
FL	-72200	-72200	21	13	0	2	11	15	6	23	3	8556462	6075	4775	148	1925	4244	4632	2536	13292	512	
FL	-72400	-72400	15	14	0	2	13	15	5	22	3	8536873	6075	4775	148	1925	4244	4632	2536	13292	512	
FL	-72600	-72600	14	14	0	2	14	14	5	25	3	8515560	6075	4775	148	1925	4244	4632	2536	13292	512	
FL	-72800	-72800	13	13	0	3	15	14	6	27	4	8493474	6075	4775	148	1925	4244	4632	2536	13292	512	
FL	-73000	-73000	15	13	0	2	14	14	7	28	3	8471915	6075	4775	148	1925	4244	4632	2536	13292	512	
FL	-73200	-73200	17	14	0	2	12	16	5	29	4	8450372	6075	4775	148	1925	4244	4632	2536	13292	512	
FL	-73400	-73400	15	15	0	2	10	15	5	35	3	8428096	6075	4775	148	1925	4244	4632	2536	13292	512	
FL	-73600	-73600	18	13	0	2	9	16	6	35	2	8407037	6075	4775	148	1925	4244	4632	2536	13292	512	
FL	-73800	-73800	21	12	0	2	12	17	4	34	2	8388124	6075	4775	148	1925	4244	4632	2536	13292	512	
FL	-74000	-74000	21	8	0	2	11	16	5	35	2	8369263	6075	4775	148	1925	4244	4632	2536	13292	512	
FL	-74200	-74200	25	6	0	2	12	17	4	31	2	8350443	6075	4775	148	1925	4244	4632	2536	13292	512	
FL	-74400	-74400	25	10	0	3	11	16	2	29	2	8331914	6075	4775	148	1925	4244	4632	2536	13292	512	
FL	-74600	-74600	24	10	0	5	8	18	2	23	2	8314144	6075	4775	148	1925	4244	4632	2536	13292	512	
FL	-74800	-74800	22	12	0	7	7	19	2	25	2	8297065	6075	4775	148	1925	4244	4632	2536	13292	512	
FL	-75000	-75000	16	12	0	9	7	26	2	23	2	8279275	6075	4775	148	1925	4244	4632	2536	13292	512	
FL	-75200	-75200	15	13	1	9	9	27	3	27	2	8260754	6075	4775	148	1925	4244	4632	2536	13292	512	
FL	-75400	-75400	17	13	1	9	8	24	4	29	2	8242294	6075	4775	148	1925	4244	4632	2536	13292	512	
FL	-75600	-75600	17	11	1	8	10	26	5	34	0	8223956	6075	4775	148	1925	4244	4632	2536	13292	512	
FL	-75800	-75800	15	15	1	8	8	26	3	33	2	8205061	6075	4775	148	1925	4244	4632	2536	13292	512	
FL	-76000	-76000	14	18	1	8	9	25	5	33	2	8185679	6075	4775	148	1925	4244	4632	2536	13292	512	
FL	-76200	-76200	11	18	1	7	10	27	5	30	2	8167553	6075	4775	148	1925	4244	4632	2536	13292	512	
FL	-76400	-76400	9	17	1	6	9	25	5	33	2	8150263	6075	4775	148	1925	4244	4632	2536	13292	512	
FL	-76600	-76600	7	16	1	4	9	26	7	35	1	8132695	6075	4775	148	1925	4244	4632	2536	13292	512	
FL	-76800	-76800	11	16	1	4	8	23	6	35	1	8114446	6075	4775	148	1925	4244	4632	2536	13292	512	
FL	-77000	-77000	14	16	1	4	9	21	5	37	1	8098906	6075	4775	148	1925	4244	4632	2536	13292	512	
FL	-77200	-77200	17	13	0	4	8	19	6	30	1	8083506	6075	4775	148	1925	4244	4632	2536	13292	512	
FL	-77400	-77400	15	12	0	3	5	16	7	27	1	8067867	6075	4775	148	1925	4244	4632	2536	13292	512	
FL	-77600	-77600	16	11	0	5	5	13	4	24	1	8052088	6075	4775	148	1925	4244	4632	2536	13292	512	
FL	-77800	-77800	16	10	1	5	5	16	5	23	0	8036260	6075	4775	148	1925	4244	4632	2536	13292	512	
FL	-78000	-78000	16	8	1	4	6	16	5	24	1	8020499	6075	4775	148	1925	4244	4632	2536	13292	512	
FL	-78200	-78200	20	6	1	2	5	18	6	25	1	8003711	6075	4775	148	1925	4244	4632	2536	13292	512	
FL	-78400	-78400	20	11	1	2	3	12	5	24	1	7985954	6075	4775	148	1925	4244	4632	2536	13292	512	
FL	-78600	-78600	22	15	1	2	3	13	5	25	2	7967731	6075	4775	148	1925	4244	4632	2536	13292	512	
FL	-78800	-78800	22	16	1	1	3	15	4	25	2	7949433	6075	4775	148	1925	4244	4632	2536	13292	512	
FL	-79000	-79000	24	17	1	0	5	15	4	26	2	7932706	6075	4775	148	1925	4244	4632	2536	13292	512	
FL	-79200	-79200	21	18	1	1	6	14	3	24	2	7916808	6075	4775	148	1925	4244	4632	2536	13292	512	
FL	-79400	-79400	22	17	1	1	7	14	3	29	2	7903336	6075	4775	148	1925	4244	4632	2536	13292	512	
FL	-79600	-79600	21	17	1	1	6	14	4	32	2	7888206	6075	4775	148	1925	4244	4632	2536	13292	512	
FL	-79800	-79800	20	15	0	2	6	15	5	35	2	7872788	6075	4775	148	1925	4244	4632	2536	13292	512	
FL	-80000	-80000	17	14	0	2	5	13	7	33	2	7857517	6075	4775	148	1925	4244	4632	2536	13292	512	
FL	-80200	-80200	15	13	0	2	4	10	8	34	2	7842218	6075	4775	148	1925	4244	4632	2536	13292	512	
FL	-80400	-80400	15	15	0	2	3	12	7	34	1	7826126	6075	4775	148	1925	4244	4632	2536	13292	512	
FL	-80600	-80600	14	12	0	2	3	13	8	34	1	7808407	6075	4775	148	1925	4244	4632	2536	13292	512	
FL	-80800	-80800	11	11	0	3	2	13	7	34	1	7789150	6075	4775	148	1925	4244	4632	2536	13292	512	
FL	-81000	-81000	13	9	0	3	2	13	6	37	1	7768973	6075	4775	148	1925	4244	4632	2536	13292	512	
FL	-81200	-81200	13	8	0	3	2	15	9	38	1	7749038	6075	4775	148	1925	4244	4632	2536	13292	512	
FL	-81400	-81400	19	8	0	2	3	15	11	38	1	7728711	6075	4775	148	1925	4244	4632	2536	13292	512	
FL	-81600	-81600	20	9	0	2	3	11	11	39	0	7707940	6075	4775	148	1925	4244	4632	2536	13292	512	
FL	-81800	-81800	22	9	0	2	2	11	11	46	0	7687814	6075	4775	148	1925	4244	4632	2536	13292	512	
FL	-82000	-82000	21	8	0	1	3	12	11	45	0	7668426	6075	4775	148	1925	4244	4632	2536	13292	512	
FL	-82200	-82200	13	12	0	0	4	13	9	44	1	7649808	6075	4775	148	1925	4244	4632	2536	13292	512	
FL	-82400	-82400	13	14	0	0	3	12	10	43	1	7633179	6075	4775	148	1925	4244	4632	2536	13292	512	
FL	-82600	-82600	19	16	0	0	3	11	9	40	1	7615925	6075	4775	148	1925	4244	4632	2536	13292	512	
FL	-82800	-82800	21	16	0	0	3	12	9	39	0	7598015	6075	4775	148	1925	4244	4632	2536	13292	512	
FL	-83000	-83000	22	14	0	0	4	13	9	41	0	7579813	6075	4775	148	1925	4244	4632	2536	13292	512	
FL	-83200	-83200	20	17	0	0	4	12	9	34	0	7563413	6075	4775	148	1925	4244	4632	2536	13292	512	
FL	-83400	-83400	21	14	0	0	4	13	9	31	0	7547269	6075	4775	148	1925	4244	4632	2536	13292	512	
FL	-83600	-83600	25	11	0	0	3	12	9	35	1	7530847	6075	4775	148	1925	4244	4632	2536	13292	512	
FL	-83800	-83800	21	10	0	1	3	13	7	36	2	7514080	6075	4775	148	1925	4244	4632	2536	13292	512	
FL	-84000	-84000	22	12	0	2	4	12	6	31	2	7496495	6075	4775	148	1925	4244	4632	2536	13292	512	
FL	-84200	-84200	22	10	0	2	6	10	8	29	2	7479913	6075	4775	148	1925	4244	4632	2536	13292	512	
FL	-84400	-84400	21	12	0	3	7	8	8	30	0	7463963	6075	4775	148	1925	4244	4632	2536	13292	512	
FL	-84600	-84600	18	12	1	3	8	8	7	26	0	7448937	6075	4775	148	1925	4244	4632	2536	13292	512	
FL	-84800	-84800	18	12	1	4	8	8	8	23	0	7433094	6075	4775	148	1925	4244	4632	2536	13292	512	
FL	-85000	-85000	20	10	1	3	7	6	9	25	0	7416386	6075	4775	148	1925	4244	4632	2536	13292	512	
FL	-85200	-85200	20	5	1	2	9	6	9	30	0	7399349	6075	4775	148	1925	4244	4632	2536	13292	512	
FL	-85400	-85400	16	5	0	1	9	7	9	32	1	7382555	6075	4775	148	1925	4244	4632	2536	13292	512	
FL	-85600	-85600	18	5	0	1	10	7	9	29	0	7366758	6075	4775	148	1925	4244	4632	2536	13292	512	
FL	-85800	-85800	17	5	0	1	12	10	9	35	0	7352105	6075	4775	148	1925	4244	4632	2536	13292	512	
FL	-86000	-86000	19	7	0	2	12	12	10	29	0	7338440	6075	4775	148	1925	4244	4632	2536	13292	512	
FL	-86200	-86200	20	9	0	1	12	9	9	23	0	7324542	6075	4775	148	1925	4244	4632	2536	13292	512	
FL	-86400	-86400	22	12	0	3	12	10	9	21	0	7310462	6075	4775	148	1925	4244	4632	2536	13292	512	
FL	-86600	-86600	18	14	0	3	10	13	9	21	0	7296412	6075	4775	148	1925	4244	4632	2536	13292	512	
FL	-86800	-86800	21	14	0	3	9	13	7	22	1	7280215	6075	4775	148	1925	4244	4632	2536	13292	512	
FL	-87000	-87000	25	13	0	2	6	14	5	19	1	7263814	6075	4775	148	1925	4244	4632	2536	13292	512	
FL	-87200	-87200	24	13	0	2	6	13	7	22	0	7246787	6075	4775	148	1925	4244	4632	2536	13292	512	
FL	-87400	-87400	21	13	0	2	6	11	9	22	0	7231448	6075	4775	148	1925	4244	4632	2536	13292	512	
FL	-87600	-87600	21	12	0	2	6	12	8	26	1	7216541	6075	4775	148	1925	4244	4632	2536	13292	512	
FL	-87800	-87800	21	8	0	2	7	11	9	25	1	7202230	6075	4775	148	1925	4244	4632	2536	13292	512	
FL	-88000	-88000	25	8	0	2	9	9	9	20	1	7188545	6075	4775	148	1925	4244	4632	2536	13292	512	
FL	-88200	-88200	24	7	0	2	9	8	12	24	2	7174205	6075	4775	148	1925	4244	4632	2536	13292	512	
FL	-88400	-88400	21	8	0	2	10	10	13	24	2	7159787	6075	4775	148	1925	4244	4632	2536	13292	512	
FL	-88600	-88600	21	10	0	1	11	9	13	24	2	7144635	6075	4775	148	1925	4244	4632	2536	13292	512	
FL	-88800	-88800	17	12	0	2	10	8	9	23	3	7128722	6075	4775	148	1925	4244	4632	2536	13292	512	
FL	-89000	-89000	15	12	0	3	9	6	10	23	3	7113842	6075	4775	148	1925	4244	4632	2536	13292	512	
FL	-89200	-89200	14	11	0	3	8	6	13	25	4	7100005	6075	4775	148	1925	4244	4632	2536	13292	512	
FL	-89400	-89400	15	10	0	4	6	4	16	29	4	7087147	6075	4775	148	1925	4244	4632	2536	13292	512	
FL	-89600	-89600	16	10	0	4	5	5	13	28	3	7075506	6075	4775	148	1925	4244	4632	2536	13292	512	
FL	-89800	-89800	15	11	0	4	6	6	12	26	3	7064157	6075	4775	148	1925	4244	4632	2536	13292	512	
FL	-90000	-90000	21	13	0	2	7	7	11	31	2	7051798	6075	4775	148	1925	4244	4632	2536	13292	512	
FL	-90200	-90200	23	16	0	3	7	9	9	33	2	7038848	6075	4775	148	1925	4244	4632	2536	13292	512	
FL	-90400	-90400	25	13	1	4	9	11	8	27	2	7026793	6075	4775	148	1925	4244	4632	2536	13292	512	
FL	-90600	-90600	21	17	1	5	9	15	3	28	2	7014408	6075	4775	148	1925	4244	4632	2536	13292	512	
FL	-90800	-90800	21	18	1	5	8	14	4	25	2	7001949	6075	4775	148	1925	4244	4632	2536	13292	512	
FL	-91000	-91000	20	17	1	4	8	19	6	34	1	6988385	6075	4775	148	1925	4244	4632	2536	13292	512	
FL	-91200	-91200	16	14	1	2	7	22	5	37	1	6973112	6075	4775	148	1925	4244	4632	2536	13292	512	
FL	-91400	-91400	13	13	1	2	8	18	4	33	1	6957507	6075	4775	148	1925	4244	4632	2536	13292	512	
FL	-91600	-91600	13	13	0	2	7	19	7	33	1	6941459	6075	4775	148	1925	4244	4632	2536	13292	512	
FL	-91800	-91800	13	10	0	2	7	17	5	34	1	6926611	6075	4775	148	1925	4244	4632	2536	13292	512	
FL	-92000	-92000	14	9	0	2	6	15	5	31	1	6912208	6075	4775	148	1925	4244	4632	2536	13292	512	
FL	-92200	-92200	15	9	0	2	4	15	5	26	1	6897754	6075	4775	148	1925	4244	4632	2536	13292	512	
FL	-92400	-92400	17	9	0	1	5	14	6	26	1	6882685	6075	4775	148	1925	4244	4632	2536	13292	512	
FL	-92600	-92600	18	10	0	2	7	8	7	22	1	6869181	6075	4775	148	1925	4244	4632	2536	13292	512	
FL	-92800	-92800	16	9	0	2	8	13	6	21	2	6855811	6075	4775	148	1925	4244	4632	2536	13292	512	
FL	-93000	-93000	14	9	0	1	8	13	6	21	2	6842265	6075	4775	148	1925	4244	4632	2536	13292	512	
FL	-93200	-93200	13	11	1	1	8	14	7	22	2	6828124	6075	4775	148	1925	4244	4632	2536	13292	512	
FL	-93400	-93400	13	11	1	1	7	11	8	26	2	6813846	6075	4775	148	1925	4244	4632	2536	13292	512	
FL	-93600	-93600	12	7	1	1	8	13	10	21	2	6799212	6075	4775	148	1925	4244	4632	2536	13292	512	
FL	-93800	-93800	11	6	0	1	6	13	9	20	2	6784674	6075	4775	148	1925	4244	4632	2536	13292	512	
FL	-94000	-94000	14	5	0	3	7	15	9	22	0	6770219	6075	4775	148	1925	4244	4632	2536	13292	512	
FL	-94200	-94200	15	6	0	4	7	13	8	19	0	6755418	6075	4775	148	1925	4244	4632	2536	13292	512	
FL	-94400	-94400	13	6	0	4	6	14	7	18	0	6741914	6075	4775	148	1925	4244	4632	2536	13292	512	
FL	-94600	-94600	13	4	0	5	6	14	8	19	0	6729203	6075	4775	148	1925	4244	4632	2536	13292	512	
FL	-94800	-94800	8	3	0	5	5	17	6	23	0	6716754	6075	4775	148	1925	4244	4632	2536	13292	512	
FL	-95000	-95000	9	6	0	3	5	15	4	24	0	6704035	6075	4775	148	1925	4244	4632	2536	13292	512	
FL	-95200	-95200	10	5	0	4	5	18	4	24	0	6691652	6075	4775	148	1925	4244	4632	2536	13292	512	
FL	-95400	-95400	10	6	0	4	5	17	4	27	0	6679424	6075	4775	148	1925	4244	4632	2536	13292	512	
FL	-95600	-95600	13	6	0	5	5	13	3	28	0	6667460	6075	4775	148	1925	4244	4632	2536	13292	512	
FL	-95800	-95800	13	10	0	3	6	15	5	29	0	6655369	6075	4775	148	1925	4244	4632	2536	13292	512	
FL	-96000	-96000	14	9	1	3	5	13	4	30	0	6641821	6075	4775	148	1925	4244	4632	2536	13292	512	
FL	-96200	-96200	15	12	1	2	6	12	3	28	0	6627434	6075	4775	148	1925	4244	4632	2536	13292	512	
FL	-96400	-96400	15	12	0	5	4	13	3	24	0	6613491	6075	4775	148	1925	4244	4632	2536	13292	512	
FL	-96600	-96600	17	12	0	4	3	12	3	20	0	6599650	6075	4775	148	1925	4244	4632	2536	13292	512	
FL	-96800	-96800	15	15	0	4	4	11	2	19	0	6585464	6075	4775	148	1925	4244	4632	2536	13292	512	
FL	-97000	-97000	11	16	0	5	4	10	4	21	0	6571395	6075	4775	148	1925	4244	4632	2536	13292	512	
FL	-97200	-97200	13	16	0	5	3	9	6	27	0	6557135	6075	4775	148	1925	4244	4632	2536	13292	512	
FL	-97400	-97400	11	17	0	5	5	9	8	28	0	6542318	6075	4775	148	1925	4244	4632	2536	13292	512	
FL	-97600	-97600	7	18	0	4	6	9	8	29	0	6527067	6075	4775	148	1925	4244	4632	2536	13292	512	
FL	-97800	-97800	10	21	0	2	8	10	8	25	0	6511165	6075	4775	148	1925	4244	4632	2536	13292	512	
FL	-98000	-98000	11	19	0	2	8	10	9	25	0	6494367	6075	4775	148	1925	4244	4632	2536	13292	512	
FL	-98200	-98200	14	17	0	2	8	10	7	30	0	6477476	6075	4775	148	1925	4244	4632	2536	13292	512	
FL	-98400	-98400	14	21	0	3	9	11	7	33	0	6460751	6075	4775	148	1925	4244	4632	2536	13292	512	
FL	-98600	-98600	14	19	0	2	7	14	6	32	0	6444674	6075	4775	148	1925	4244	4632	2536	13292	512	
FL	-98800	-98800	14	19	0	4	7	13	6	31	0	6428637	6075	4775	148	1925	4244	4632	2536	13292	512	
FL	-99000	-99000	13	15	0	4	6	13	5	32	0	6414350	6075	4775	148	1925	4244	4632	2536	13292	512	
FL	-99200	-99200	14	16	0	3	5	9	5	32	0	6402182	6075	4775	148	1925	4244	4632	2536	13292	512	
FL	-99400	-99400	13	16	0	3	5	8	6	34	0	6389902	6075	4775	148	1925	4244	4632	2536	13292	512	
FL	-99600	-99600	13	13	0	3	4	8	5	33	2	6378619	6075	4775	148	1925	4244	4632	2536	13292	512	
FL	-99800	-99800	14	13	0	3	5	8	3	25	2	6369115	6075	4775	148	1925	4244	4632	2536	13292	512	
FL	-100000	-100000	15	9	0	3	5	6	4	25	1	6359708	6075	4775	148	1925	4244	4632	2536	13292	512	
