DHL	0	0	8	19	6	27	63	38	30	0	23	12548924	1810	2357	1241	2216	9263	7013	7501	5032	
DHL	-200	-200	9	22	6	28	50	33	35	0	26	12493033	1810	2357	1241	2216	9263	7013	7501	5032	
DHL	-400	-400	10	18	8	24	51	32	39	0	31	12338695	1810	2357	1241	2216	9263	7013	7501	5032	
DHL	-600	-600	10	19	6	23	50	31	36	0	33	12115733	1810	2357	1241	2216	9263	7013	7501	5032	
DHL	-800	-800	10	20	4	21	52	34	33	0	32	11846400	1810	2357	1241	2216	9263	7013	7501	5032	
DHL	-1000	-1000	11	21	4	21	48	32	31	0	30	11544167	1810	2357	1241	2216	9263	7013	7501	5032	
DHL	-1200	-1200	11	20	2	19	42	32	28	0	31	11224814	1810	2357	1241	2216	9263	7013	7501	5032	
DHL	-1400	-1400	12	18	2	21	38	32	26	0	32	10898782	1810	2357	1241	2216	9263	7013	7501	5032	
DHL	-1600	-1600	10	17	1	21	39	29	31	0	31	10571540	1810	2357	1241	2216	9263	7013	7501	5032	
DHL	-1800	-1800	8	22	1	19	40	24	37	0	25	10252946	1810	2357	1241	2216	9263	7013	7501	5032	
DHL	-2000	-2000	8	17	1	18	38	23	41	0	27	9941853	1810	2357	1241	2216	9263	7013	7501	5032	
DHL	-2200	-2200	8	22	1	18	40	24	41	0	26	9645160	1810	2357	1241	2216	9263	7013	7501	5032	
DHL	-2400	-2400	8	20	1	15	35	26	33	0	27	9364025	1810	2357	1241	2216	9263	7013	7501	5032	
DHL	-2600	-2600	8	19	2	15	32	22	30	0	28	9103503	1810	2357	1241	2216	9263	7013	7501	5032	
DHL	-2800	-2800	10	20	2	17	30	23	25	0	29	8860531	1810	2357	1241	2216	9263	7013	7501	5032	
DHL	-3000	-3000	9	17	2	16	36	22	24	0	30	8631835	1810	2357	1241	2216	9263	7013	7501	5032	
DHL	-3200	-3200	9	19	2	17	35	25	17	0	31	8416733	1810	2357	1241	2216	9263	7013	7501	5032	
DHL	-3400	-3400	7	18	2	15	36	20	16	0	29	8215010	1810	2357	1241	2216	9263	7013	7501	5032	
DHL	-3600	-3600	7	13	1	15	33	19	22	0	29	8024180	1810	2357	1241	2216	9263	7013	7501	5032	
DHL	-3800	-3800	7	11	1	10	21	19	19	0	27	7843890	1810	2357	1241	2216	9263	7013	7501	5032	
DHL	-4000	-4000	6	12	1	11	27	29	18	0	29	7673172	1810	2357	1241	2216	9263	7013	7501	5032	
DHL	-4200	-4200	6	12	1	7	26	23	15	0	28	7510668	1810	2357	1241	2216	9263	7013	7501	5032	
DHL	-4400	-4400	6	12	0	11	23	26	16	0	23	7357948	1810	2357	1241	2216	9263	7013	7501	5032	
DHL	-4600	-4600	5	13	1	12	19	21	15	0	17	7214654	1810	2357	1241	2216	9263	7013	7501	5032	
DHL	-4800	-4800	4	13	1	10	14	19	14	0	15	7081186	1810	2357	1241	2216	9263	7013	7501	5032	
DHL	-5000	-5000	4	13	1	6	14	15	11	0	14	6954842	1810	2357	1241	2216	9263	7013	7501	5032	
DHL	-5200	-5200	4	10	1	9	13	14	12	0	12	6834179	1810	2357	1241	2216	9263	7013	7501	5032	
DHL	-5400	-5400	3	10	1	7	17	11	9	0	11	6720526	1810	2357	1241	2216	9263	7013	7501	5032	
DHL	-5600	-5600	5	8	0	5	18	7	10	0	10	6611081	1810	2357	1241	2216	9263	7013	7501	5032	
DHL	-5800	-5800	3	6	0	4	19	8	12	0	7	6505491	1810	2357	1241	2216	9263	7013	7501	5032	
DHL	-6000	-6000	2	6	1	4	16	8	15	0	5	6404621	1810	2357	1241	2216	9263	7013	7501	5032	
DHL	-6200	-6200	2	6	1	4	15	7	16	0	5	6308782	1810	2357	1241	2216	9263	7013	7501	5032	
DHL	-6400	-6400	3	7	2	4	13	8	22	0	4	6220070	1810	2357	1241	2216	9263	7013	7501	5032	
DHL	-6600	-6600	3	6	2	4	14	10	21	0	2	6134078	1810	2357	1241	2216	9263	7013	7501	5032	
DHL	-6800	-6800	3	5	1	4	17	12	20	0	3	6052051	1810	2357	1241	2216	9263	7013	7501	5032	
DHL	-7000	-7000	2	5	1	6	18	12	19	0	5	5975292	1810	2357	1241	2216	9263	7013	7501	5032	
DHL	-7200	-7200	2	5	1	6	21	10	17	0	5	5902137	1810	2357	1241	2216	9263	7013	7501	5032	
DHL	-7400	-7400	3	5	2	7	27	12	15	0	5	5832612	1810	2357	1241	2216	9263	7013	7501	5032	
DHL	-7600	-7600	5	4	2	6	27	12	15	0	5	5764991	1810	2357	1241	2216	9263	7013	7501	5032	
DHL	-7800	-7800	4	3	2	6	27	9	12	0	3	5700702	1810	2357	1241	2216	9263	7013	7501	5032	
DHL	-8000	-8000	4	3	2	6	28	9	12	0	5	5638819	1810	2357	1241	2216	9263	7013	7501	5032	
DHL	-8200	-8200	4	3	2	5	25	10	11	0	6	5580367	1810	2357	1241	2216	9263	7013	7501	5032	
DHL	-8400	-8400	6	1	1	3	26	13	11	0	6	5524233	1810	2357	1241	2216	9263	7013	7501	5032	
DHL	-8600	-8600	6	1	1	3	22	17	11	0	6	5472420	1810	2357	1241	2216	9263	7013	7501	5032	
DHL	-8800	-8800	6	4	2	3	21	18	9	0	5	5422185	1810	2357	1241	2216	9263	7013	7501	5032	
DHL	-9000	-9000	6	5	2	4	18	17	9	0	4	5375007	1810	2357	1241	2216	9263	7013	7501	5032	
DHL	-9200	-9200	5	6	2	3	22	19	10	0	4	5331162	1810	2357	1241	2216	9263	7013	7501	5032	
DHL	-9400	-9400	6	6	2	5	18	19	10	0	5	5288899	1810	2357	1241	2216	9263	7013	7501	5032	
DHL	-9600	-9600	8	5	2	6	19	20	10	0	4	5247361	1810	2357	1241	2216	9263	7013	7501	5032	
DHL	-9800	-9800	8	5	2	6	20	17	9	0	3	5206505	1810	2357	1241	2216	9263	7013	7501	5032	
DHL	-10000	-10000	8	4	2	5	17	17	7	0	4	5165769	1810	2357	1241	2216	9263	7013	7501	5032	
DHL	-10200	-10200	7	3	3	5	17	18	6	0	6	5127567	1810	2357	1241	2216	9263	7013	7501	5032	
DHL	-10400	-10400	4	3	3	5	19	21	7	0	10	5091224	1810	2357	1241	2216	9263	7013	7501	5032	
DHL	-10600	-10600	4	3	3	4	17	18	6	0	11	5055383	1810	2357	1241	2216	9263	7013	7501	5032	
DHL	-10800	-10800	5	4	2	5	16	17	6	0	9	5019179	1810	2357	1241	2216	9263	7013	7501	5032	
DHL	-11000	-11000	5	5	3	5	20	17	8	0	8	4984320	1810	2357	1241	2216	9263	7013	7501	5032	
DHL	-11200	-11200	4	5	1	4	19	13	7	0	8	4950204	1810	2357	1241	2216	9263	7013	7501	5032	
DHL	-11400	-11400	3	3	1	4	20	11	10	0	7	4918876	1810	2357	1241	2216	9263	7013	7501	5032	
DHL	-11600	-11600	3	3	0	3	19	11	11	0	8	4889400	1810	2357	1241	2216	9263	7013	7501	5032	
DHL	-11800	-11800	3	3	0	2	17	11	9	0	9	4860515	1810	2357	1241	2216	9263	7013	7501	5032	
DHL	-12000	-12000	2	3	0	1	19	14	10	0	9	4832234	1810	2357	1241	2216	9263	7013	7501	5032	
DHL	-12200	-12200	2	2	2	2	20	14	12	0	9	4804302	1810	2357	1241	2216	9263	7013	7501	5032	
DHL	-12400	-12400	3	2	2	3	19	12	13	0	7	4776852	1810	2357	1241	2216	9263	7013	7501	5032	
DHL	-12600	-12600	3	2	2	3	17	10	14	0	6	4751283	1810	2357	1241	2216	9263	7013	7501	5032	
DHL	-12800	-12800	3	2	2	4	16	10	12	0	5	4727078	1810	2357	1241	2216	9263	7013	7501	5032	
DHL	-13000	-13000	3	2	4	4	16	11	12	0	5	4702962	1810	2357	1241	2216	9263	7013	7501	5032	
DHL	-13200	-13200	4	2	4	5	17	13	11	0	6	4679267	1810	2357	1241	2216	9263	7013	7501	5032	
DHL	-13400	-13400	4	2	6	7	16	16	9	0	8	4656678	1810	2357	1241	2216	9263	7013	7501	5032	
DHL	-13600	-13600	4	2	5	7	19	18	7	0	6	4633197	1810	2357	1241	2216	9263	7013	7501	5032	
DHL	-13800	-13800	4	2	5	7	20	15	5	0	5	4610500	1810	2357	1241	2216	9263	7013	7501	5032	
DHL	-14000	-14000	4	3	4	7	18	18	6	0	5	4589186	1810	2357	1241	2216	9263	7013	7501	5032	
DHL	-14200	-14200	2	3	3	9	17	16	7	0	5	4569554	1810	2357	1241	2216	9263	7013	7501	5032	
DHL	-14400	-14400	2	3	2	10	17	14	9	0	4	4551410	1810	2357	1241	2216	9263	7013	7501	5032	
DHL	-14600	-14600	1	3	3	9	15	14	10	0	7	4533804	1810	2357	1241	2216	9263	7013	7501	5032	
DHL	-14800	-14800	1	3	3	8	15	13	9	0	8	4515813	1810	2357	1241	2216	9263	7013	7501	5032	
DHL	-15000	-15000	2	3	3	9	16	13	7	0	6	4498102	1810	2357	1241	2216	9263	7013	7501	5032	
DHL	-15200	-15200	2	5	3	8	18	16	7	0	6	4480020	1810	2357	1241	2216	9263	7013	7501	5032	
DHL	-15400	-15400	2	4	3	8	20	14	11	0	6	4461833	1810	2357	1241	2216	9263	7013	7501	5032	
DHL	-15600	-15600	3	4	2	11	18	13	12	0	7	4443574	1810	2357	1241	2216	9263	7013	7501	5032	
DHL	-15800	-15800	2	2	3	10	17	13	11	0	7	4425503	1810	2357	1241	2216	9263	7013	7501	5032	
DHL	-16000	-16000	3	2	3	9	16	13	12	0	7	4405628	1810	2357	1241	2216	9263	7013	7501	5032	
DHL	-16200	-16200	1	1	4	6	14	11	9	0	6	4384650	1810	2357	1241	2216	9263	7013	7501	5032	
DHL	-16400	-16400	1	2	4	4	13	8	9	0	7	4363416	1810	2357	1241	2216	9263	7013	7501	5032	
DHL	-16600	-16600	0	2	3	4	13	8	9	0	4	4342428	1810	2357	1241	2216	9263	7013	7501	5032	
DHL	-16800	-16800	0	2	4	5	16	11	7	0	4	4321178	1810	2357	1241	2216	9263	7013	7501	5032	
DHL	-17000	-17000	0	2	4	4	13	15	5	0	4	4299811	1810	2357	1241	2216	9263	7013	7501	5032	
DHL	-17200	-17200	1	1	4	4	16	15	6	0	4	4279947	1810	2357	1241	2216	9263	7013	7501	5032	
DHL	-17400	-17400	1	1	4	4	18	14	8	0	6	4259968	1810	2357	1241	2216	9263	7013	7501	5032	
DHL	-17600	-17600	2	2	4	4	20	15	10	0	6	4239518	1810	2357	1241	2216	9263	7013	7501	5032	
DHL	-17800	-17800	1	4	3	3	21	14	11	0	7	4218647	1810	2357	1241	2216	9263	7013	7501	5032	
DHL	-18000	-18000	2	3	3	4	18	13	10	0	7	4198769	1810	2357	1241	2216	9263	7013	7501	5032	
DHL	-18200	-18200	3	4	2	4	16	15	10	0	8	4179113	1810	2357	1241	2216	9263	7013	7501	5032	
DHL	-18400	-18400	3	4	1	4	16	15	12	0	11	4159314	1810	2357	1241	2216	9263	7013	7501	5032	
DHL	-18600	-18600	3	3	1	6	13	17	13	0	10	4139173	1810	2357	1241	2216	9263	7013	7501	5032	
DHL	-18800	-18800	4	2	1	4	14	16	10	0	11	4120511	1810	2357	1241	2216	9263	7013	7501	5032	
DHL	-19000	-19000	4	2	1	4	10	13	10	0	10	4102915	1810	2357	1241	2216	9263	7013	7501	5032	
DHL	-19200	-19200	5	2	1	5	9	14	10	0	9	4085852	1810	2357	1241	2216	9263	7013	7501	5032	
DHL	-19400	-19400	6	2	1	6	12	14	13	0	9	4070099	1810	2357	1241	2216	9263	7013	7501	5032	
DHL	-19600	-19600	5	2	1	6	15	10	13	0	10	4055086	1810	2357	1241	2216	9263	7013	7501	5032	
DHL	-19800	-19800	6	2	1	6	15	9	13	0	11	4040345	1810	2357	1241	2216	9263	7013	7501	5032	
DHL	-20000	-20000	6	2	0	6	14	7	11	0	9	4024668	1810	2357	1241	2216	9263	7013	7501	5032	
DHL	-20200	-20200	6	4	0	3	11	9	10	0	9	4009322	1810	2357	1241	2216	9263	7013	7501	5032	
DHL	-20400	-20400	6	3	0	3	11	12	11	0	10	3994891	1810	2357	1241	2216	9263	7013	7501	5032	
DHL	-20600	-20600	6	2	0	1	10	13	13	0	12	3980191	1810	2357	1241	2216	9263	7013	7501	5032	
DHL	-20800	-20800	5	2	0	3	13	12	13	0	14	3966327	1810	2357	1241	2216	9263	7013	7501	5032	
DHL	-21000	-21000	5	2	1	5	13	11	16	0	12	3952759	1810	2357	1241	2216	9263	7013	7501	5032	
DHL	-21200	-21200	5	2	1	4	14	9	17	0	10	3939040	1810	2357	1241	2216	9263	7013	7501	5032	
DHL	-21400	-21400	4	1	2	6	14	6	17	0	10	3924969	1810	2357	1241	2216	9263	7013	7501	5032	
DHL	-21600	-21600	4	1	1	7	15	7	16	0	11	3911788	1810	2357	1241	2216	9263	7013	7501	5032	
DHL	-21800	-21800	4	2	0	7	12	10	16	0	8	3898399	1810	2357	1241	2216	9263	7013	7501	5032	
DHL	-22000	-22000	4	2	1	7	14	9	17	0	7	3885915	1810	2357	1241	2216	9263	7013	7501	5032	
DHL	-22200	-22200	3	2	1	8	17	8	18	0	8	3873304	1810	2357	1241	2216	9263	7013	7501	5032	
DHL	-22400	-22400	3	3	1	8	15	8	19	0	9	3860893	1810	2357	1241	2216	9263	7013	7501	5032	
DHL	-22600	-22600	3	4	1	8	15	8	16	0	10	3848871	1810	2357	1241	2216	9263	7013	7501	5032	
DHL	-22800	-22800	3	4	2	8	15	8	17	0	9	3836625	1810	2357	1241	2216	9263	7013	7501	5032	
DHL	-23000	-23000	4	4	2	9	11	8	19	0	8	3825675	1810	2357	1241	2216	9263	7013	7501	5032	
DHL	-23200	-23200	4	4	2	8	12	8	15	0	5	3815367	1810	2357	1241	2216	9263	7013	7501	5032	
DHL	-23400	-23400	4	3	2	7	11	9	15	0	6	3805399	1810	2357	1241	2216	9263	7013	7501	5032	
DHL	-23600	-23600	4	3	1	5	12	7	13	0	6	3795904	1810	2357	1241	2216	9263	7013	7501	5032	
DHL	-23800	-23800	3	3	1	5	12	6	13	0	6	3785796	1810	2357	1241	2216	9263	7013	7501	5032	
DHL	-24000	-24000	3	3	1	4	13	8	14	0	5	3775198	1810	2357	1241	2216	9263	7013	7501	5032	
DHL	-24200	-24200	3	3	2	3	11	5	14	0	5	3764248	1810	2357	1241	2216	9263	7013	7501	5032	
DHL	-24400	-24400	3	3	2	2	10	5	12	0	5	3753197	1810	2357	1241	2216	9263	7013	7501	5032	
DHL	-24600	-24600	3	3	1	2	12	7	11	0	3	3743032	1810	2357	1241	2216	9263	7013	7501	5032	
DHL	-24800	-24800	2	5	1	2	11	8	12	0	2	3733456	1810	2357	1241	2216	9263	7013	7501	5032	
DHL	-25000	-25000	1	4	1	2	13	9	8	0	2	3723771	1810	2357	1241	2216	9263	7013	7501	5032	
DHL	-25200	-25200	2	4	2	2	11	9	9	0	2	3713746	1810	2357	1241	2216	9263	7013	7501	5032	
DHL	-25400	-25400	1	4	2	2	11	10	11	0	3	3703826	1810	2357	1241	2216	9263	7013	7501	5032	
DHL	-25600	-25600	1	6	2	2	11	15	11	0	4	3693875	1810	2357	1241	2216	9263	7013	7501	5032	
DHL	-25800	-25800	1	6	2	2	17	17	13	0	3	3684031	1810	2357	1241	2216	9263	7013	7501	5032	
DHL	-26000	-26000	1	6	2	2	15	17	13	0	5	3674016	1810	2357	1241	2216	9263	7013	7501	5032	
DHL	-26200	-26200	1	5	2	3	15	16	13	0	3	3664012	1810	2357	1241	2216	9263	7013	7501	5032	
DHL	-26400	-26400	2	5	1	2	14	14	14	0	3	3654009	1810	2357	1241	2216	9263	7013	7501	5032	
DHL	-26600	-26600	2	4	1	2	11	17	10	0	3	3644412	1810	2357	1241	2216	9263	7013	7501	5032	
DHL	-26800	-26800	2	4	1	2	15	19	12	0	3	3635474	1810	2357	1241	2216	9263	7013	7501	5032	
DHL	-27000	-27000	2	4	1	3	19	16	12	0	5	3626047	1810	2357	1241	2216	9263	7013	7501	5032	
DHL	-27200	-27200	3	4	1	3	20	14	13	0	3	3617356	1810	2357	1241	2216	9263	7013	7501	5032	
DHL	-27400	-27400	3	4	1	5	16	14	13	0	3	3609031	1810	2357	1241	2216	9263	7013	7501	5032	
DHL	-27600	-27600	3	4	0	5	16	14	13	0	3	3599922	1810	2357	1241	2216	9263	7013	7501	5032	
DHL	-27800	-27800	3	3	0	5	16	14	12	0	2	3590719	1810	2357	1241	2216	9263	7013	7501	5032	
DHL	-28000	-28000	3	3	0	5	17	15	14	0	3	3581323	1810	2357	1241	2216	9263	7013	7501	5032	
DHL	-28200	-28200	4	4	0	5	15	17	14	0	4	3572688	1810	2357	1241	2216	9263	7013	7501	5032	
DHL	-28400	-28400	4	3	1	2	14	16	13	0	2	3563779	1810	2357	1241	2216	9263	7013	7501	5032	
DHL	-28600	-28600	4	4	1	3	12	15	15	0	2	3554612	1810	2357	1241	2216	9263	7013	7501	5032	
DHL	-28800	-28800	4	4	1	4	12	14	15	0	2	3546206	1810	2357	1241	2216	9263	7013	7501	5032	
DHL	-29000	-29000	4	0	1	4	11	13	14	0	2	3538090	1810	2357	1241	2216	9263	7013	7501	5032	
DHL	-29200	-29200	4	0	0	4	11	15	12	0	3	3529999	1810	2357	1241	2216	9263	7013	7501	5032	
DHL	-29400	-29400	4	1	0	4	10	13	11	0	5	3522434	1810	2357	1241	2216	9263	7013	7501	5032	
DHL	-29600	-29600	3	1	0	4	9	15	8	0	7	3515770	1810	2357	1241	2216	9263	7013	7501	5032	
DHL	-29800	-29800	2	2	0	5	6	15	9	0	8	3509749	1810	2357	1241	2216	9263	7013	7501	5032	
DHL	-30000	-30000	2	3	0	3	8	15	10	0	7	3503117	1810	2357	1241	2216	9263	7013	7501	5032	
DHL	-30200	-30200	2	4	0	3	9	15	10	0	7	3495743	1810	2357	1241	2216	9263	7013	7501	5032	
DHL	-30400	-30400	2	4	0	3	9	14	11	0	9	3488366	1810	2357	1241	2216	9263	7013	7501	5032	
DHL	-30600	-30600	2	3	0	2	8	14	12	0	9	3481395	1810	2357	1241	2216	9263	7013	7501	5032	
DHL	-30800	-30800	2	2	0	2	11	11	8	0	5	3474098	1810	2357	1241	2216	9263	7013	7501	5032	
DHL	-31000	-31000	3	3	0	1	12	15	10	0	3	3465870	1810	2357	1241	2216	9263	7013	7501	5032	
DHL	-31200	-31200	3	2	0	2	13	13	11	0	4	3457083	1810	2357	1241	2216	9263	7013	7501	5032	
DHL	-31400	-31400	2	2	1	2	12	14	9	0	4	3448443	1810	2357	1241	2216	9263	7013	7501	5032	
DHL	-31600	-31600	2	3	2	3	11	13	8	0	5	3439404	1810	2357	1241	2216	9263	7013	7501	5032	
DHL	-31800	-31800	3	3	2	3	12	12	7	0	8	3430131	1810	2357	1241	2216	9263	7013	7501	5032	
DHL	-32000	-32000	2	3	2	3	11	12	6	0	8	3420667	1810	2357	1241	2216	9263	7013	7501	5032	
DHL	-32200	-32200	2	3	2	4	12	15	7	0	10	3412100	1810	2357	1241	2216	9263	7013	7501	5032	
DHL	-32400	-32400	3	3	2	4	12	17	5	0	9	3403600	1810	2357	1241	2216	9263	7013	7501	5032	
DHL	-32600	-32600	3	3	2	6	12	16	6	0	10	3395107	1810	2357	1241	2216	9263	7013	7501	5032	
DHL	-32800	-32800	4	2	2	6	10	16	6	0	9	3386718	1810	2357	1241	2216	9263	7013	7501	5032	
DHL	-33000	-33000	4	2	2	6	11	17	6	0	8	3378363	1810	2357	1241	2216	9263	7013	7501	5032	
DHL	-33200	-33200	4	2	1	6	11	15	5	0	7	3370380	1810	2357	1241	2216	9263	7013	7501	5032	
DHL	-33400	-33400	5	2	2	7	9	16	6	0	7	3362808	1810	2357	1241	2216	9263	7013	7501	5032	
DHL	-33600	-33600	3	1	2	5	11	17	6	0	6	3355762	1810	2357	1241	2216	9263	7013	7501	5032	
DHL	-33800	-33800	3	1	2	4	13	14	6	0	8	3348507	1810	2357	1241	2216	9263	7013	7501	5032	
DHL	-34000	-34000	3	2	2	4	14	11	4	0	8	3341476	1810	2357	1241	2216	9263	7013	7501	5032	
DHL	-34200	-34200	3	3	2	5	14	9	5	0	10	3334504	1810	2357	1241	2216	9263	7013	7501	5032	
DHL	-34400	-34400	2	3	1	5	12	9	5	0	7	3327992	1810	2357	1241	2216	9263	7013	7501	5032	
DHL	-34600	-34600	3	5	1	7	9	7	4	0	9	3322022	1810	2357	1241	2216	9263	7013	7501	5032	
DHL	-34800	-34800	4	5	1	7	9	8	4	0	9	3316144	1810	2357	1241	2216	9263	7013	7501	5032	
DHL	-35000	-35000	5	5	1	7	9	10	6	0	10	3310682	1810	2357	1241	2216	9263	7013	7501	5032	
DHL	-35200	-35200	5	5	1	6	8	9	7	0	12	3304540	1810	2357	1241	2216	9263	7013	7501	5032	
DHL	-35400	-35400	4	4	0	6	8	10	7	0	12	3298041	1810	2357	1241	2216	9263	7013	7501	5032	
DHL	-35600	-35600	2	4	0	4	11	11	8	0	12	3291631	1810	2357	1241	2216	9263	7013	7501	5032	
DHL	-35800	-35800	2	3	0	2	8	12	7	0	11	3284297	1810	2357	1241	2216	9263	7013	7501	5032	
DHL	-36000	-36000	1	1	0	1	11	13	7	0	12	3276431	1810	2357	1241	2216	9263	7013	7501	5032	
DHL	-36200	-36200	3	1	0	2	10	12	7	0	10	3268685	1810	2357	1241	2216	9263	7013	7501	5032	
DHL	-36400	-36400	2	1	2	2	12	12	8	0	9	3260948	1810	2357	1241	2216	9263	7013	7501	5032	
DHL	-36600	-36600	2	2	2	2	13	12	9	0	8	3253358	1810	2357	1241	2216	9263	7013	7501	5032	
DHL	-36800	-36800	2	2	2	2	8	11	9	0	9	3245601	1810	2357	1241	2216	9263	7013	7501	5032	
DHL	-37000	-37000	1	3	2	2	7	13	8	0	8	3237648	1810	2357	1241	2216	9263	7013	7501	5032	
DHL	-37200	-37200	1	3	3	4	11	8	8	0	6	3230233	1810	2357	1241	2216	9263	7013	7501	5032	
DHL	-37400	-37400	2	3	3	4	9	8	10	0	6	3223265	1810	2357	1241	2216	9263	7013	7501	5032	
DHL	-37600	-37600	2	3	4	5	9	10	9	0	7	3216439	1810	2357	1241	2216	9263	7013	7501	5032	
DHL	-37800	-37800	2	3	3	5	9	9	7	0	6	3209570	1810	2357	1241	2216	9263	7013	7501	5032	
DHL	-38000	-38000	2	2	3	4	9	8	6	0	7	3203034	1810	2357	1241	2216	9263	7013	7501	5032	
DHL	-38200	-38200	2	2	3	4	10	8	6	0	7	3196251	1810	2357	1241	2216	9263	7013	7501	5032	
DHL	-38400	-38400	2	2	3	3	11	10	5	0	7	3189586	1810	2357	1241	2216	9263	7013	7501	5032	
DHL	-38600	-38600	2	2	3	4	11	9	7	0	9	3182652	1810	2357	1241	2216	9263	7013	7501	5032	
DHL	-38800	-38800	2	1	2	4	11	9	9	0	9	3175200	1810	2357	1241	2216	9263	7013	7501	5032	
DHL	-39000	-39000	1	2	2	5	12	13	9	0	8	3167962	1810	2357	1241	2216	9263	7013	7501	5032	
DHL	-39200	-39200	1	3	1	3	12	14	8	0	5	3161496	1810	2357	1241	2216	9263	7013	7501	5032	
DHL	-39400	-39400	1	3	1	2	13	15	10	0	6	3155859	1810	2357	1241	2216	9263	7013	7501	5032	
DHL	-39600	-39600	1	3	1	2	10	12	13	0	7	3151259	1810	2357	1241	2216	9263	7013	7501	5032	
DHL	-39800	-39800	1	3	0	2	10	11	13	0	7	3146625	1810	2357	1241	2216	9263	7013	7501	5032	
DHL	-40000	-40000	2	5	0	3	8	12	13	0	8	3141909	1810	2357	1241	2216	9263	7013	7501	5032	
DHL	-40200	-40200	2	5	0	3	6	11	11	0	8	3137156	1810	2357	1241	2216	9263	7013	7501	5032	
DHL	-40400	-40400	2	3	0	3	5	12	12	0	7	3132335	1810	2357	1241	2216	9263	7013	7501	5032	
DHL	-40600	-40600	2	2	0	2	4	12	16	0	8	3127613	1810	2357	1241	2216	9263	7013	7501	5032	
DHL	-40800	-40800	3	0	0	2	4	9	16	0	8	3122868	1810	2357	1241	2216	9263	7013	7501	5032	
DHL	-41000	-41000	3	0	1	2	4	9	16	0	5	3118509	1810	2357	1241	2216	9263	7013	7501	5032	
DHL	-41200	-41200	2	0	0	2	7	9	15	0	8	3114045	1810	2357	1241	2216	9263	7013	7501	5032	
DHL	-41400	-41400	2	0	1	1	9	8	14	0	10	3109641	1810	2357	1241	2216	9263	7013	7501	5032	
DHL	-41600	-41600	2	1	1	1	8	7	15	0	9	3105299	1810	2357	1241	2216	9263	7013	7501	5032	
DHL	-41800	-41800	2	1	1	1	9	7	16	0	9	3101071	1810	2357	1241	2216	9263	7013	7501	5032	
DHL	-42000	-42000	2	2	1	0	10	7	16	0	9	3096371	1810	2357	1241	2216	9263	7013	7501	5032	
DHL	-42200	-42200	1	2	1	1	10	8	15	0	6	3091450	1810	2357	1241	2216	9263	7013	7501	5032	
DHL	-42400	-42400	2	3	1	1	10	7	14	0	6	3086241	1810	2357	1241	2216	9263	7013	7501	5032	
DHL	-42600	-42600	2	2	1	1	10	7	13	0	6	3081056	1810	2357	1241	2216	9263	7013	7501	5032	
DHL	-42800	-42800	2	2	0	0	13	4	14	0	6	3075709	1810	2357	1241	2216	9263	7013	7501	5032	
DHL	-43000	-43000	1	2	0	0	13	7	11	0	7	3070061	1810	2357	1241	2216	9263	7013	7501	5032	
DHL	-43200	-43200	0	1	0	2	14	4	12	0	7	3064554	1810	2357	1241	2216	9263	7013	7501	5032	
DHL	-43400	-43400	0	0	0	4	16	5	10	0	7	3059808	1810	2357	1241	2216	9263	7013	7501	5032	
DHL	-43600	-43600	1	0	0	4	14	5	9	0	8	3054758	1810	2357	1241	2216	9263	7013	7501	5032	
DHL	-43800	-43800	2	0	0	4	14	4	9	0	8	3049045	1810	2357	1241	2216	9263	7013	7501	5032	
DHL	-44000	-44000	2	0	0	4	12	6	9	0	7	3042728	1810	2357	1241	2216	9263	7013	7501	5032	
DHL	-44200	-44200	2	0	0	4	13	6	8	0	7	3036573	1810	2357	1241	2216	9263	7013	7501	5032	
DHL	-44400	-44400	1	0	0	4	14	5	6	0	7	3031128	1810	2357	1241	2216	9263	7013	7501	5032	
DHL	-44600	-44600	1	0	0	4	13	4	7	0	7	3024667	1810	2357	1241	2216	9263	7013	7501	5032	
DHL	-44800	-44800	1	1	0	5	12	6	7	0	6	3017672	1810	2357	1241	2216	9263	7013	7501	5032	
DHL	-45000	-45000	2	1	1	7	12	6	6	0	5	3011129	1810	2357	1241	2216	9263	7013	7501	5032	
DHL	-45200	-45200	2	2	1	6	10	7	6	0	5	3005716	1810	2357	1241	2216	9263	7013	7501	5032	
DHL	-45400	-45400	2	3	1	6	10	7	5	0	6	3001243	1810	2357	1241	2216	9263	7013	7501	5032	
DHL	-45600	-45600	2	3	1	5	10	6	6	0	6	2997239	1810	2357	1241	2216	9263	7013	7501	5032	
DHL	-45800	-45800	0	2	3	5	9	6	3	0	6	2992616	1810	2357	1241	2216	9263	7013	7501	5032	
DHL	-46000	-46000	0	2	1	6	11	12	3	0	9	2987870	1810	2357	1241	2216	9263	7013	7501	5032	
DHL	-46200	-46200	0	2	1	7	9	12	3	0	9	2982855	1810	2357	1241	2216	9263	7013	7501	5032	
DHL	-46400	-46400	1	3	1	6	11	14	5	0	11	2977998	1810	2357	1241	2216	9263	7013	7501	5032	
DHL	-46600	-46600	1	3	1	5	13	14	4	0	10	2973411	1810	2357	1241	2216	9263	7013	7501	5032	
DHL	-46800	-46800	1	2	1	5	13	13	4	0	10	2969551	1810	2357	1241	2216	9263	7013	7501	5032	
DHL	-47000	-47000	1	2	2	5	16	14	6	0	8	2965644	1810	2357	1241	2216	9263	7013	7501	5032	
DHL	-47200	-47200	1	2	2	7	15	11	6	0	7	2961452	1810	2357	1241	2216	9263	7013	7501	5032	
DHL	-47400	-47400	1	2	2	6	13	10	5	0	9	2956848	1810	2357	1241	2216	9263	7013	7501	5032	
DHL	-47600	-47600	1	2	2	6	12	9	4	0	6	2952132	1810	2357	1241	2216	9263	7013	7501	5032	
DHL	-47800	-47800	1	2	2	4	11	10	6	0	5	2947565	1810	2357	1241	2216	9263	7013	7501	5032	
DHL	-48000	-48000	1	1	0	3	11	11	6	0	6	2942834	1810	2357	1241	2216	9263	7013	7501	5032	
DHL	-48200	-48200	1	1	0	3	14	9	6	0	9	2938348	1810	2357	1241	2216	9263	7013	7501	5032	
DHL	-48400	-48400	1	1	0	2	15	10	4	0	7	2934199	1810	2357	1241	2216	9263	7013	7501	5032	
DHL	-48600	-48600	1	2	0	4	16	8	6	0	8	2930495	1810	2357	1241	2216	9263	7013	7501	5032	
DHL	-48800	-48800	1	2	0	5	16	9	5	0	8	2926895	1810	2357	1241	2216	9263	7013	7501	5032	
DHL	-49000	-49000	1	2	0	6	17	10	7	0	7	2923373	1810	2357	1241	2216	9263	7013	7501	5032	
DHL	-49200	-49200	1	2	0	4	16	7	7	0	8	2920231	1810	2357	1241	2216	9263	7013	7501	5032	
DHL	-49400	-49400	1	2	0	3	15	6	7	0	6	2917326	1810	2357	1241	2216	9263	7013	7501	5032	
DHL	-49600	-49600	1	1	0	2	15	7	8	0	6	2914284	1810	2357	1241	2216	9263	7013	7501	5032	
DHL	-49800	-49800	0	1	0	1	15	8	9	0	7	2910980	1810	2357	1241	2216	9263	7013	7501	5032	
DHL	-50000	-50000	0	1	0	1	15	7	7	0	5	2907726	1810	2357	1241	2216	9263	7013	7501	5032	
DHL	-50200	-50200	0	0	0	1	15	7	10	0	7	2904199	1810	2357	1241	2216	9263	7013	7501	5032	
DHL	-50400	-50400	1	0	0	1	14	8	7	0	6	2900594	1810	2357	1241	2216	9263	7013	7501	5032	
DHL	-50600	-50600	1	0	0	1	13	7	7	0	5	2896587	1810	2357	1241	2216	9263	7013	7501	5032	
DHL	-50800	-50800	1	0	0	2	13	7	5	0	5	2892566	1810	2357	1241	2216	9263	7013	7501	5032	
DHL	-51000	-51000	0	0	0	2	12	7	6	0	4	2888638	1810	2357	1241	2216	9263	7013	7501	5032	
DHL	-51200	-51200	0	0	0	4	9	7	6	0	4	2884274	1810	2357	1241	2216	9263	7013	7501	5032	
DHL	-51400	-51400	0	0	0	5	8	4	6	0	5	2879990	1810	2357	1241	2216	9263	7013	7501	5032	
DHL	-51600	-51600	0	1	0	4	8	4	5	0	7	2875690	1810	2357	1241	2216	9263	7013	7501	5032	
DHL	-51800	-51800	0	0	0	4	6	5	5	0	6	2871294	1810	2357	1241	2216	9263	7013	7501	5032	
DHL	-52000	-52000	0	1	0	2	8	7	6	0	7	2866347	1810	2357	1241	2216	9263	7013	7501	5032	
DHL	-52200	-52200	0	1	1	2	10	7	8	0	9	2861761	1810	2357	1241	2216	9263	7013	7501	5032	
DHL	-52400	-52400	0	1	1	2	12	8	8	0	8	2857366	1810	2357	1241	2216	9263	7013	7501	5032	
DHL	-52600	-52600	0	1	1	3	13	7	6	0	6	2852697	1810	2357	1241	2216	9263	7013	7501	5032	
DHL	-52800	-52800	1	1	1	3	14	6	6	0	5	2847622	1810	2357	1241	2216	9263	7013	7501	5032	
DHL	-53000	-53000	3	1	1	3	14	6	4	0	4	2841790	1810	2357	1241	2216	9263	7013	7501	5032	
DHL	-53200	-53200	3	1	1	4	13	4	4	0	3	2835986	1810	2357	1241	2216	9263	7013	7501	5032	
DHL	-53400	-53400	2	1	2	4	12	4	5	0	3	2830915	1810	2357	1241	2216	9263	7013	7501	5032	
DHL	-53600	-53600	0	1	2	4	14	5	2	0	2	2825949	1810	2357	1241	2216	9263	7013	7501	5032	
DHL	-53800	-53800	0	1	4	4	12	4	3	0	2	2820979	1810	2357	1241	2216	9263	7013	7501	5032	
DHL	-54000	-54000	0	1	3	4	16	5	3	0	2	2816354	1810	2357	1241	2216	9263	7013	7501	5032	
DHL	-54200	-54200	0	2	4	5	14	6	5	0	2	2811786	1810	2357	1241	2216	9263	7013	7501	5032	
DHL	-54400	-54400	0	1	3	5	14	8	6	0	6	2807319	1810	2357	1241	2216	9263	7013	7501	5032	
DHL	-54600	-54600	1	1	3	5	14	6	6	0	7	2802569	1810	2357	1241	2216	9263	7013	7501	5032	
DHL	-54800	-54800	1	2	2	6	12	8	7	0	9	2797606	1810	2357	1241	2216	9263	7013	7501	5032	
DHL	-55000	-55000	2	2	2	7	14	10	7	0	10	2792928	1810	2357	1241	2216	9263	7013	7501	5032	
DHL	-55200	-55200	3	3	2	6	11	11	5	0	12	2788605	1810	2357	1241	2216	9263	7013	7501	5032	
DHL	-55400	-55400	3	3	3	6	10	12	6	0	10	2785202	1810	2357	1241	2216	9263	7013	7501	5032	
DHL	-55600	-55600	3	1	3	4	9	13	8	0	8	2782178	1810	2357	1241	2216	9263	7013	7501	5032	
DHL	-55800	-55800	3	1	2	4	8	11	5	0	6	2779048	1810	2357	1241	2216	9263	7013	7501	5032	
DHL	-56000	-56000	2	1	2	4	8	10	6	0	6	2776509	1810	2357	1241	2216	9263	7013	7501	5032	
DHL	-56200	-56200	1	1	1	3	8	11	4	0	7	2773834	1810	2357	1241	2216	9263	7013	7501	5032	
DHL	-56400	-56400	3	1	1	3	7	8	3	0	5	2771470	1810	2357	1241	2216	9263	7013	7501	5032	
DHL	-56600	-56600	3	1	1	3	7	11	4	0	6	2768814	1810	2357	1241	2216	9263	7013	7501	5032	
DHL	-56800	-56800	2	2	0	1	6	10	7	0	8	2765248	1810	2357	1241	2216	9263	7013	7501	5032	
DHL	-57000	-57000	2	2	0	2	8	8	7	0	5	2761678	1810	2357	1241	2216	9263	7013	7501	5032	
DHL	-57200	-57200	2	2	0	1	6	8	8	0	6	2758115	1810	2357	1241	2216	9263	7013	7501	5032	
DHL	-57400	-57400	1	1	0	0	7	8	9	0	5	2754172	1810	2357	1241	2216	9263	7013	7501	5032	
DHL	-57600	-57600	1	1	0	1	8	9	8	0	5	2749548	1810	2357	1241	2216	9263	7013	7501	5032	
DHL	-57800	-57800	1	1	0	1	7	9	8	0	5	2744681	1810	2357	1241	2216	9263	7013	7501	5032	
DHL	-58000	-58000	2	1	1	1	5	12	7	0	5	2739804	1810	2357	1241	2216	9263	7013	7501	5032	
DHL	-58200	-58200	2	1	1	0	6	12	6	0	3	2735060	1810	2357	1241	2216	9263	7013	7501	5032	
DHL	-58400	-58400	2	1	0	0	8	11	7	0	4	2730335	1810	2357	1241	2216	9263	7013	7501	5032	
DHL	-58600	-58600	2	3	0	1	12	12	8	0	4	2726159	1810	2357	1241	2216	9263	7013	7501	5032	
DHL	-58800	-58800	2	4	1	1	13	12	9	0	4	2722230	1810	2357	1241	2216	9263	7013	7501	5032	
DHL	-59000	-59000	2	4	1	2	15	11	9	0	5	2718021	1810	2357	1241	2216	9263	7013	7501	5032	
DHL	-59200	-59200	2	4	2	3	15	8	6	0	7	2713587	1810	2357	1241	2216	9263	7013	7501	5032	
DHL	-59400	-59400	3	4	2	3	14	7	6	0	5	2708935	1810	2357	1241	2216	9263	7013	7501	5032	
DHL	-59600	-59600	2	4	2	3	10	9	6	0	4	2704483	1810	2357	1241	2216	9263	7013	7501	5032	
DHL	-59800	-59800	2	3	2	2	10	9	5	0	4	2700324	1810	2357	1241	2216	9263	7013	7501	5032	
DHL	-60000	-60000	3	2	2	2	13	10	6	0	3	2696521	1810	2357	1241	2216	9263	7013	7501	5032	
DHL	-60200	-60200	3	2	2	0	12	8	6	0	3	2692559	1810	2357	1241	2216	9263	7013	7501	5032	
DHL	-60400	-60400	2	2	1	0	11	9	7	0	5	2688521	1810	2357	1241	2216	9263	7013	7501	5032	
DHL	-60600	-60600	1	2	1	0	10	8	7	0	5	2684592	1810	2357	1241	2216	9263	7013	7501	5032	
DHL	-60800	-60800	2	2	1	0	12	8	8	0	6	2679958	1810	2357	1241	2216	9263	7013	7501	5032	
DHL	-61000	-61000	2	1	2	0	11	9	4	0	6	2675392	1810	2357	1241	2216	9263	7013	7501	5032	
DHL	-61200	-61200	2	1	2	0	11	9	5	0	4	2670993	1810	2357	1241	2216	9263	7013	7501	5032	
DHL	-61400	-61400	2	1	2	0	14	7	3	0	3	2666601	1810	2357	1241	2216	9263	7013	7501	5032	
DHL	-61600	-61600	2	1	2	2	14	7	3	0	4	2662358	1810	2357	1241	2216	9263	7013	7501	5032	
DHL	-61800	-61800	1	1	2	2	17	8	4	0	2	2658836	1810	2357	1241	2216	9263	7013	7501	5032	
DHL	-62000	-62000	1	0	2	2	15	9	5	0	4	2654896	1810	2357	1241	2216	9263	7013	7501	5032	
DHL	-62200	-62200	1	0	1	4	18	11	8	0	4	2650946	1810	2357	1241	2216	9263	7013	7501	5032	
DHL	-62400	-62400	0	0	1	3	17	14	8	0	7	2647587	1810	2357	1241	2216	9263	7013	7501	5032	
DHL	-62600	-62600	0	0	0	3	17	14	8	0	7	2644463	1810	2357	1241	2216	9263	7013	7501	5032	
DHL	-62800	-62800	0	1	0	4	13	16	11	0	8	2641505	1810	2357	1241	2216	9263	7013	7501	5032	
DHL	-63000	-63000	0	1	0	3	11	15	9	0	5	2638869	1810	2357	1241	2216	9263	7013	7501	5032	
DHL	-63200	-63200	0	1	0	3	9	15	8	0	5	2636023	1810	2357	1241	2216	9263	7013	7501	5032	
DHL	-63400	-63400	2	1	0	3	8	14	8	0	5	2632770	1810	2357	1241	2216	9263	7013	7501	5032	
DHL	-63600	-63600	2	2	0	3	8	15	9	0	3	2629622	1810	2357	1241	2216	9263	7013	7501	5032	
DHL	-63800	-63800	2	2	0	3	7	14	6	0	2	2626849	1810	2357	1241	2216	9263	7013	7501	5032	
DHL	-64000	-64000	2	2	0	3	9	10	6	0	2	2624051	1810	2357	1241	2216	9263	7013	7501	5032	
DHL	-64200	-64200	2	1	0	2	7	8	6	0	1	2620741	1810	2357	1241	2216	9263	7013	7501	5032	
DHL	-64400	-64400	3	0	0	3	9	7	8	0	1	2616894	1810	2357	1241	2216	9263	7013	7501	5032	
DHL	-64600	-64600	3	0	0	3	9	7	6	0	2	2613845	1810	2357	1241	2216	9263	7013	7501	5032	
DHL	-64800	-64800	3	0	0	4	7	6	6	0	2	2610638	1810	2357	1241	2216	9263	7013	7501	5032	
DHL	-65000	-65000	3	0	1	5	8	6	8	0	2	2607779	1810	2357	1241	2216	9263	7013	7501	5032	
DHL	-65200	-65200	4	1	1	4	8	5	8	0	3	2605277	1810	2357	1241	2216	9263	7013	7501	5032	
DHL	-65400	-65400	3	1	1	3	7	5	8	0	5	2602939	1810	2357	1241	2216	9263	7013	7501	5032	
DHL	-65600	-65600	3	1	1	2	7	5	10	0	4	2600992	1810	2357	1241	2216	9263	7013	7501	5032	
DHL	-65800	-65800	2	1	1	2	6	5	10	0	4	2598949	1810	2357	1241	2216	9263	7013	7501	5032	
DHL	-66000	-66000	1	1	0	2	8	4	10	0	5	2596822	1810	2357	1241	2216	9263	7013	7501	5032	
DHL	-66200	-66200	1	1	0	2	7	4	10	0	5	2594545	1810	2357	1241	2216	9263	7013	7501	5032	
DHL	-66400	-66400	2	1	0	3	6	4	9	0	6	2592344	1810	2357	1241	2216	9263	7013	7501	5032	
DHL	-66600	-66600	2	0	0	3	7	6	6	0	10	2590310	1810	2357	1241	2216	9263	7013	7501	5032	
DHL	-66800	-66800	3	0	0	3	7	5	5	0	12	2587975	1810	2357	1241	2216	9263	7013	7501	5032	
DHL	-67000	-67000	3	0	0	3	7	6	5	0	11	2585392	1810	2357	1241	2216	9263	7013	7501	5032	
DHL	-67200	-67200	3	0	0	3	7	5	7	0	7	2583524	1810	2357	1241	2216	9263	7013	7501	5032	
DHL	-67400	-67400	2	0	0	3	8	7	6	0	5	2581628	1810	2357	1241	2216	9263	7013	7501	5032	
DHL	-67600	-67600	2	0	0	3	8	8	7	0	6	2579885	1810	2357	1241	2216	9263	7013	7501	5032	
DHL	-67800	-67800	1	0	0	3	8	9	6	0	7	2577868	1810	2357	1241	2216	9263	7013	7501	5032	
DHL	-68000	-68000	1	0	1	2	9	9	5	0	6	2575383	1810	2357	1241	2216	9263	7013	7501	5032	
DHL	-68200	-68200	0	0	1	2	8	8	6	0	5	2572853	1810	2357	1241	2216	9263	7013	7501	5032	
DHL	-68400	-68400	0	0	1	2	8	9	3	0	6	2570723	1810	2357	1241	2216	9263	7013	7501	5032	
DHL	-68600	-68600	0	0	0	1	8	8	4	0	9	2568790	1810	2357	1241	2216	9263	7013	7501	5032	
DHL	-68800	-68800	1	0	0	2	7	10	4	0	8	2566890	1810	2357	1241	2216	9263	7013	7501	5032	
DHL	-69000	-69000	1	0	0	1	7	10	6	0	9	2564815	1810	2357	1241	2216	9263	7013	7501	5032	
DHL	-69200	-69200	1	0	0	1	6	10	6	0	8	2562884	1810	2357	1241	2216	9263	7013	7501	5032	
DHL	-69400	-69400	1	1	0	2	6	11	6	0	6	2561009	1810	2357	1241	2216	9263	7013	7501	5032	
DHL	-69600	-69600	1	1	0	2	9	10	6	0	6	2559341	1810	2357	1241	2216	9263	7013	7501	5032	
DHL	-69800	-69800	1	1	1	1	9	9	5	0	5	2557538	1810	2357	1241	2216	9263	7013	7501	5032	
DHL	-70000	-70000	1	1	1	1	7	11	6	0	5	2555859	1810	2357	1241	2216	9263	7013	7501	5032	
DHL	-70200	-70200	1	1	1	1	7	10	5	0	7	2553921	1810	2357	1241	2216	9263	7013	7501	5032	
DHL	-70400	-70400	0	1	1	2	7	10	2	0	8	2551691	1810	2357	1241	2216	9263	7013	7501	5032	
DHL	-70600	-70600	0	1	1	1	6	9	2	0	10	2549237	1810	2357	1241	2216	9263	7013	7501	5032	
DHL	-70800	-70800	0	1	1	2	6	8	3	0	9	2546945	1810	2357	1241	2216	9263	7013	7501	5032	
DHL	-71000	-71000	0	1	1	2	8	10	3	0	10	2544273	1810	2357	1241	2216	9263	7013	7501	5032	
DHL	-71200	-71200	0	1	1	2	10	9	3	0	9	2541098	1810	2357	1241	2216	9263	7013	7501	5032	
DHL	-71400	-71400	0	1	1	1	12	8	2	0	8	2537633	1810	2357	1241	2216	9263	7013	7501	5032	
DHL	-71600	-71600	1	2	1	1	12	8	2	0	5	2534307	1810	2357	1241	2216	9263	7013	7501	5032	
DHL	-71800	-71800	1	2	1	1	11	8	1	0	4	2531059	1810	2357	1241	2216	9263	7013	7501	5032	
DHL	-72000	-72000	0	2	1	1	10	8	0	0	4	2528370	1810	2357	1241	2216	9263	7013	7501	5032	
DHL	-72200	-72200	0	1	1	1	6	8	1	0	6	2526098	1810	2357	1241	2216	9263	7013	7501	5032	
DHL	-72400	-72400	0	0	1	0	10	5	3	0	7	2524268	1810	2357	1241	2216	9263	7013	7501	5032	
DHL	-72600	-72600	0	0	3	0	12	8	4	0	7	2522668	1810	2357	1241	2216	9263	7013	7501	5032	
DHL	-72800	-72800	0	0	3	0	11	9	5	0	8	2520918	1810	2357	1241	2216	9263	7013	7501	5032	
DHL	-73000	-73000	0	0	3	0	12	7	6	0	8	2519124	1810	2357	1241	2216	9263	7013	7501	5032	
DHL	-73200	-73200	0	2	2	0	11	8	9	0	7	2517874	1810	2357	1241	2216	9263	7013	7501	5032	
DHL	-73400	-73400	0	2	1	0	9	6	7	0	7	2516280	1810	2357	1241	2216	9263	7013	7501	5032	
DHL	-73600	-73600	0	2	0	0	9	5	8	0	7	2514354	1810	2357	1241	2216	9263	7013	7501	5032	
DHL	-73800	-73800	0	2	0	0	9	4	10	0	7	2512527	1810	2357	1241	2216	9263	7013	7501	5032	
DHL	-74000	-74000	0	1	0	0	12	3	13	0	7	2511321	1810	2357	1241	2216	9263	7013	7501	5032	
DHL	-74200	-74200	0	1	0	0	14	4	10	0	6	2509989	1810	2357	1241	2216	9263	7013	7501	5032	
DHL	-74400	-74400	0	1	0	0	17	5	10	0	5	2508391	1810	2357	1241	2216	9263	7013	7501	5032	
DHL	-74600	-74600	1	1	2	0	18	4	11	0	5	2506611	1810	2357	1241	2216	9263	7013	7501	5032	
DHL	-74800	-74800	1	0	2	0	16	4	12	0	5	2504583	1810	2357	1241	2216	9263	7013	7501	5032	
DHL	-75000	-75000	1	1	2	0	12	5	11	0	4	2502080	1810	2357	1241	2216	9263	7013	7501	5032	
DHL	-75200	-75200	0	1	2	0	14	7	10	0	4	2499409	1810	2357	1241	2216	9263	7013	7501	5032	
DHL	-75400	-75400	1	1	2	0	13	7	9	0	4	2496962	1810	2357	1241	2216	9263	7013	7501	5032	
DHL	-75600	-75600	1	2	2	1	12	6	6	0	4	2494743	1810	2357	1241	2216	9263	7013	7501	5032	
DHL	-75800	-75800	1	2	3	1	12	6	5	0	5	2492442	1810	2357	1241	2216	9263	7013	7501	5032	
DHL	-76000	-76000	1	2	3	1	12	7	6	0	5	2490615	1810	2357	1241	2216	9263	7013	7501	5032	
DHL	-76200	-76200	1	2	3	1	11	6	7	0	6	2488675	1810	2357	1241	2216	9263	7013	7501	5032	
DHL	-76400	-76400	1	2	3	0	12	5	7	0	6	2486761	1810	2357	1241	2216	9263	7013	7501	5032	
DHL	-76600	-76600	1	2	3	0	10	6	7	0	6	2484925	1810	2357	1241	2216	9263	7013	7501	5032	
DHL	-76800	-76800	0	2	3	0	10	6	8	0	5	2482948	1810	2357	1241	2216	9263	7013	7501	5032	
DHL	-77000	-77000	0	2	3	0	11	4	7	0	6	2481043	1810	2357	1241	2216	9263	7013	7501	5032	
DHL	-77200	-77200	0	1	3	0	12	5	9	0	4	2478767	1810	2357	1241	2216	9263	7013	7501	5032	
DHL	-77400	-77400	0	1	1	0	14	4	8	0	4	2475861	1810	2357	1241	2216	9263	7013	7501	5032	
DHL	-77600	-77600	0	1	1	0	13	5	10	0	4	2472589	1810	2357	1241	2216	9263	7013	7501	5032	
DHL	-77800	-77800	1	1	1	0	16	5	13	0	5	2469370	1810	2357	1241	2216	9263	7013	7501	5032	
DHL	-78000	-78000	1	0	1	0	16	8	14	0	5	2466539	1810	2357	1241	2216	9263	7013	7501	5032	
DHL	-78200	-78200	1	0	0	2	16	6	14	0	4	2463879	1810	2357	1241	2216	9263	7013	7501	5032	
DHL	-78400	-78400	1	0	0	2	16	6	11	0	1	2461400	1810	2357	1241	2216	9263	7013	7501	5032	
DHL	-78600	-78600	0	1	0	4	15	6	11	0	1	2458388	1810	2357	1241	2216	9263	7013	7501	5032	
DHL	-78800	-78800	0	1	1	4	16	8	11	0	3	2455276	1810	2357	1241	2216	9263	7013	7501	5032	
DHL	-79000	-79000	0	2	1	3	16	6	12	0	3	2451985	1810	2357	1241	2216	9263	7013	7501	5032	
DHL	-79200	-79200	0	1	2	2	16	8	9	0	2	2448728	1810	2357	1241	2216	9263	7013	7501	5032	
DHL	-79400	-79400	0	1	2	1	14	7	10	0	5	2445571	1810	2357	1241	2216	9263	7013	7501	5032	
DHL	-79600	-79600	0	1	2	1	13	6	11	0	6	2442646	1810	2357	1241	2216	9263	7013	7501	5032	
DHL	-79800	-79800	0	1	2	2	11	7	13	0	8	2440367	1810	2357	1241	2216	9263	7013	7501	5032	
DHL	-80000	-80000	0	1	2	2	11	8	14	0	7	2437833	1810	2357	1241	2216	9263	7013	7501	5032	
DHL	-80200	-80200	0	1	2	2	12	7	12	0	6	2435407	1810	2357	1241	2216	9263	7013	7501	5032	
DHL	-80400	-80400	0	1	2	2	12	7	13	0	7	2433212	1810	2357	1241	2216	9263	7013	7501	5032	
DHL	-80600	-80600	1	1	2	2	11	10	11	0	8	2431088	1810	2357	1241	2216	9263	7013	7501	5032	
DHL	-80800	-80800	0	2	2	3	9	9	9	0	7	2428944	1810	2357	1241	2216	9263	7013	7501	5032	
DHL	-81000	-81000	1	2	2	3	12	10	7	0	6	2427105	1810	2357	1241	2216	9263	7013	7501	5032	
DHL	-81200	-81200	1	2	2	3	13	9	11	0	6	2425414	1810	2357	1241	2216	9263	7013	7501	5032	
DHL	-81400	-81400	1	2	2	2	12	8	9	0	5	2423729	1810	2357	1241	2216	9263	7013	7501	5032	
DHL	-81600	-81600	1	2	1	3	14	5	10	0	5	2421838	1810	2357	1241	2216	9263	7013	7501	5032	
DHL	-81800	-81800	1	2	1	3	15	4	9	0	4	2419629	1810	2357	1241	2216	9263	7013	7501	5032	
DHL	-82000	-82000	1	2	1	3	17	5	8	0	2	2417332	1810	2357	1241	2216	9263	7013	7501	5032	
DHL	-82200	-82200	1	1	0	3	17	6	8	0	3	2415044	1810	2357	1241	2216	9263	7013	7501	5032	
DHL	-82400	-82400	2	1	0	5	14	7	7	0	3	2412874	1810	2357	1241	2216	9263	7013	7501	5032	
DHL	-82600	-82600	3	1	0	3	15	8	9	0	2	2410674	1810	2357	1241	2216	9263	7013	7501	5032	
DHL	-82800	-82800	2	1	1	3	15	10	9	0	2	2408169	1810	2357	1241	2216	9263	7013	7501	5032	
DHL	-83000	-83000	0	1	2	3	14	9	10	0	2	2405955	1810	2357	1241	2216	9263	7013	7501	5032	
DHL	-83200	-83200	0	1	2	2	12	8	10	0	3	2403957	1810	2357	1241	2216	9263	7013	7501	5032	
DHL	-83400	-83400	0	1	2	1	10	6	8	0	4	2402033	1810	2357	1241	2216	9263	7013	7501	5032	
DHL	-83600	-83600	0	2	1	1	9	6	9	0	4	2400270	1810	2357	1241	2216	9263	7013	7501	5032	
DHL	-83800	-83800	0	2	1	0	11	3	7	0	4	2398696	1810	2357	1241	2216	9263	7013	7501	5032	
DHL	-84000	-84000	0	2	1	0	10	3	6	0	4	2396936	1810	2357	1241	2216	9263	7013	7501	5032	
DHL	-84200	-84200	0	2	2	0	11	3	6	0	5	2395315	1810	2357	1241	2216	9263	7013	7501	5032	
DHL	-84400	-84400	0	2	2	0	11	4	6	0	5	2393326	1810	2357	1241	2216	9263	7013	7501	5032	
DHL	-84600	-84600	0	2	2	0	10	4	11	0	5	2391253	1810	2357	1241	2216	9263	7013	7501	5032	
DHL	-84800	-84800	0	2	2	0	8	4	12	0	5	2388911	1810	2357	1241	2216	9263	7013	7501	5032	
DHL	-85000	-85000	0	2	1	0	6	3	11	0	3	2386180	1810	2357	1241	2216	9263	7013	7501	5032	
DHL	-85200	-85200	0	2	1	1	6	4	9	0	3	2383310	1810	2357	1241	2216	9263	7013	7501	5032	
DHL	-85400	-85400	0	2	0	1	7	3	8	0	2	2380103	1810	2357	1241	2216	9263	7013	7501	5032	
DHL	-85600	-85600	0	2	0	1	6	3	7	0	2	2376448	1810	2357	1241	2216	9263	7013	7501	5032	
DHL	-85800	-85800	1	3	0	1	6	3	5	0	4	2372829	1810	2357	1241	2216	9263	7013	7501	5032	
DHL	-86000	-86000	1	4	0	0	6	2	5	0	4	2369592	1810	2357	1241	2216	9263	7013	7501	5032	
DHL	-86200	-86200	1	4	0	0	7	3	8	0	4	2366474	1810	2357	1241	2216	9263	7013	7501	5032	
DHL	-86400	-86400	1	5	0	0	8	3	7	0	5	2363474	1810	2357	1241	2216	9263	7013	7501	5032	
DHL	-86600	-86600	1	5	0	0	9	4	7	0	5	2360759	1810	2357	1241	2216	9263	7013	7501	5032	
DHL	-86800	-86800	1	4	0	2	9	4	7	0	5	2358032	1810	2357	1241	2216	9263	7013	7501	5032	
DHL	-87000	-87000	2	4	0	3	9	3	7	0	5	2355333	1810	2357	1241	2216	9263	7013	7501	5032	
DHL	-87200	-87200	1	3	0	1	5	5	9	0	6	2352994	1810	2357	1241	2216	9263	7013	7501	5032	
DHL	-87400	-87400	1	4	0	1	7	7	8	0	5	2351261	1810	2357	1241	2216	9263	7013	7501	5032	
DHL	-87600	-87600	2	3	0	1	8	7	8	0	4	2349468	1810	2357	1241	2216	9263	7013	7501	5032	
DHL	-87800	-87800	2	4	0	1	11	7	9	0	4	2347757	1810	2357	1241	2216	9263	7013	7501	5032	
DHL	-88000	-88000	2	3	0	1	9	7	9	0	4	2346072	1810	2357	1241	2216	9263	7013	7501	5032	
DHL	-88200	-88200	1	3	0	2	10	7	7	0	4	2343994	1810	2357	1241	2216	9263	7013	7501	5032	
DHL	-88400	-88400	1	5	0	2	9	7	6	0	3	2341828	1810	2357	1241	2216	9263	7013	7501	5032	
DHL	-88600	-88600	1	5	0	1	6	8	4	0	3	2339831	1810	2357	1241	2216	9263	7013	7501	5032	
DHL	-88800	-88800	1	6	0	2	6	10	5	0	2	2338134	1810	2357	1241	2216	9263	7013	7501	5032	
DHL	-89000	-89000	1	7	0	2	4	11	5	0	2	2336473	1810	2357	1241	2216	9263	7013	7501	5032	
DHL	-89200	-89200	1	7	0	2	3	10	4	0	2	2334350	1810	2357	1241	2216	9263	7013	7501	5032	
DHL	-89400	-89400	1	7	0	2	4	10	4	0	1	2332051	1810	2357	1241	2216	9263	7013	7501	5032	
DHL	-89600	-89600	1	7	0	2	3	9	4	0	2	2329777	1810	2357	1241	2216	9263	7013	7501	5032	
DHL	-89800	-89800	1	6	0	2	6	10	4	0	3	2327929	1810	2357	1241	2216	9263	7013	7501	5032	
DHL	-90000	-90000	1	5	0	1	5	8	4	0	3	2325901	1810	2357	1241	2216	9263	7013	7501	5032	
DHL	-90200	-90200	1	5	0	2	5	8	3	0	4	2323806	1810	2357	1241	2216	9263	7013	7501	5032	
DHL	-90400	-90400	2	4	2	2	4	7	5	0	4	2321468	1810	2357	1241	2216	9263	7013	7501	5032	
DHL	-90600	-90600	1	4	2	3	6	5	5	0	4	2319068	1810	2357	1241	2216	9263	7013	7501	5032	
DHL	-90800	-90800	1	2	1	4	6	5	4	0	4	2316477	1810	2357	1241	2216	9263	7013	7501	5032	
DHL	-91000	-91000	2	2	1	3	5	5	4	0	3	2314743	1810	2357	1241	2216	9263	7013	7501	5032	
DHL	-91200	-91200	3	2	1	4	8	4	6	0	2	2313496	1810	2357	1241	2216	9263	7013	7501	5032	
DHL	-91400	-91400	4	1	1	6	6	2	8	0	3	2312296	1810	2357	1241	2216	9263	7013	7501	5032	
DHL	-91600	-91600	4	1	1	6	8	2	13	0	1	2311333	1810	2357	1241	2216	9263	7013	7501	5032	
DHL	-91800	-91800	4	1	1	6	9	4	16	0	1	2310364	1810	2357	1241	2216	9263	7013	7501	5032	
DHL	-92000	-92000	3	1	1	5	9	3	14	0	2	2309289	1810	2357	1241	2216	9263	7013	7501	5032	
DHL	-92200	-92200	4	1	1	5	9	2	9	0	2	2308420	1810	2357	1241	2216	9263	7013	7501	5032	
DHL	-92400	-92400	4	1	1	5	7	1	6	0	3	2307533	1810	2357	1241	2216	9263	7013	7501	5032	
DHL	-92600	-92600	4	1	1	4	8	1	7	0	4	2306545	1810	2357	1241	2216	9263	7013	7501	5032	
DHL	-92800	-92800	5	1	1	5	8	0	9	0	3	2305545	1810	2357	1241	2216	9263	7013	7501	5032	
DHL	-93000	-93000	5	0	1	5	5	1	8	0	3	2304317	1810	2357	1241	2216	9263	7013	7501	5032	
DHL	-93200	-93200	4	0	1	4	5	1	10	0	4	2303015	1810	2357	1241	2216	9263	7013	7501	5032	
DHL	-93400	-93400	4	0	1	4	5	2	6	0	3	2301563	1810	2357	1241	2216	9263	7013	7501	5032	
DHL	-93600	-93600	3	1	1	2	5	2	5	0	7	2300390	1810	2357	1241	2216	9263	7013	7501	5032	
DHL	-93800	-93800	4	1	1	2	3	2	4	0	7	2299390	1810	2357	1241	2216	9263	7013	7501	5032	
DHL	-94000	-94000	4	1	1	2	1	3	3	0	6	2298483	1810	2357	1241	2216	9263	7013	7501	5032	
DHL	-94200	-94200	4	1	2	2	3	3	5	0	5	2297483	1810	2357	1241	2216	9263	7013	7501	5032	
DHL	-94400	-94400	1	1	3	1	4	4	4	0	8	2296349	1810	2357	1241	2216	9263	7013	7501	5032	
DHL	-94600	-94600	1	1	2	2	3	3	4	0	7	2295149	1810	2357	1241	2216	9263	7013	7501	5032	
DHL	-94800	-94800	1	1	2	2	5	2	4	0	6	2294022	1810	2357	1241	2216	9263	7013	7501	5032	
DHL	-95000	-95000	1	1	2	1	5	2	4	0	4	2292878	1810	2357	1241	2216	9263	7013	7501	5032	
DHL	-95200	-95200	1	1	2	2	6	2	2	0	3	2291092	1810	2357	1241	2216	9263	7013	7501	5032	
DHL	-95400	-95400	1	0	1	2	6	2	3	0	3	2289013	1810	2357	1241	2216	9263	7013	7501	5032	
DHL	-95600	-95600	1	0	1	2	6	3	4	0	5	2286428	1810	2357	1241	2216	9263	7013	7501	5032	
DHL	-95800	-95800	1	0	1	3	9	4	4	0	7	2283834	1810	2357	1241	2216	9263	7013	7501	5032	
DHL	-96000	-96000	2	0	1	3	9	7	4	0	7	2281311	1810	2357	1241	2216	9263	7013	7501	5032	
DHL	-96200	-96200	1	0	1	3	10	7	4	0	8	2278843	1810	2357	1241	2216	9263	7013	7501	5032	
DHL	-96400	-96400	1	0	1	3	7	6	4	0	8	2276146	1810	2357	1241	2216	9263	7013	7501	5032	
DHL	-96600	-96600	0	0	1	4	6	4	4	0	7	2273471	1810	2357	1241	2216	9263	7013	7501	5032	
DHL	-96800	-96800	0	1	1	3	9	5	4	0	6	2271049	1810	2357	1241	2216	9263	7013	7501	5032	
DHL	-97000	-97000	0	1	1	3	11	5	4	0	5	2268831	1810	2357	1241	2216	9263	7013	7501	5032	
DHL	-97200	-97200	1	2	1	4	10	6	6	0	5	2266551	1810	2357	1241	2216	9263	7013	7501	5032	
DHL	-97400	-97400	0	2	1	3	9	7	10	0	5	2264739	1810	2357	1241	2216	9263	7013	7501	5032	
DHL	-97600	-97600	0	2	1	2	9	6	10	0	5	2263063	1810	2357	1241	2216	9263	7013	7501	5032	
DHL	-97800	-97800	0	2	0	2	9	5	8	0	5	2261466	1810	2357	1241	2216	9263	7013	7501	5032	
DHL	-98000	-98000	1	2	0	2	9	4	10	0	7	2259635	1810	2357	1241	2216	9263	7013	7501	5032	
DHL	-98200	-98200	1	2	0	2	10	5	10	0	8	2258167	1810	2357	1241	2216	9263	7013	7501	5032	
DHL	-98400	-98400	1	2	1	5	12	7	10	0	7	2256976	1810	2357	1241	2216	9263	7013	7501	5032	
DHL	-98600	-98600	1	0	2	6	10	7	7	0	5	2255817	1810	2357	1241	2216	9263	7013	7501	5032	
DHL	-98800	-98800	1	0	2	6	9	7	8	0	7	2254617	1810	2357	1241	2216	9263	7013	7501	5032	
DHL	-99000	-99000	1	0	3	5	7	6	7	0	6	2253500	1810	2357	1241	2216	9263	7013	7501	5032	
DHL	-99200	-99200	1	0	4	5	6	7	6	0	3	2252565	1810	2357	1241	2216	9263	7013	7501	5032	
DHL	-99400	-99400	1	0	4	5	6	6	6	0	3	2251795	1810	2357	1241	2216	9263	7013	7501	5032	
DHL	-99600	-99600	1	0	2	4	6	6	7	0	8	2250847	1810	2357	1241	2216	9263	7013	7501	5032	
DHL	-99800	-99800	2	0	3	3	5	7	8	0	8	2249480	1810	2357	1241	2216	9263	7013	7501	5032	
DHL	-100000	-100000	4	0	3	3	11	8	7	0	8	2248143	1810	2357	1241	2216	9263	7013	7501	5032	
