FL	0	0	13	16	0	13	21	10	9	61	1	12548924	6075	4775	148	1925	4244	4632	2536	13292	512	
FL	-200	-200	14	18	0	13	21	9	7	66	1	12493033	6075	4775	148	1925	4244	4632	2536	13292	512	
FL	-400	-400	18	16	1	13	24	9	4	68	1	12338695	6075	4775	148	1925	4244	4632	2536	13292	512	
FL	-600	-600	19	19	1	12	22	9	2	64	2	12115733	6075	4775	148	1925	4244	4632	2536	13292	512	
FL	-800	-800	18	19	1	12	21	11	3	63	2	11846400	6075	4775	148	1925	4244	4632	2536	13292	512	
FL	-1000	-1000	17	18	1	14	22	11	7	53	2	11544167	6075	4775	148	1925	4244	4632	2536	13292	512	
FL	-1200	-1200	18	18	1	14	20	10	7	49	2	11224814	6075	4775	148	1925	4244	4632	2536	13292	512	
FL	-1400	-1400	20	15	1	15	17	7	7	47	2	10898782	6075	4775	148	1925	4244	4632	2536	13292	512	
FL	-1600	-1600	20	16	1	17	16	7	4	52	1	10571540	6075	4775	148	1925	4244	4632	2536	13292	512	
FL	-1800	-1800	23	17	1	17	16	7	5	54	1	10252946	6075	4775	148	1925	4244	4632	2536	13292	512	
FL	-2000	-2000	25	15	0	16	13	8	4	54	2	9941853	6075	4775	148	1925	4244	4632	2536	13292	512	
FL	-2200	-2200	24	14	0	17	17	10	4	56	3	9645160	6075	4775	148	1925	4244	4632	2536	13292	512	
FL	-2400	-2400	23	20	0	17	15	6	6	47	3	9364025	6075	4775	148	1925	4244	4632	2536	13292	512	
FL	-2600	-2600	24	20	0	16	13	4	6	45	3	9103503	6075	4775	148	1925	4244	4632	2536	13292	512	
FL	-2800	-2800	22	18	0	15	15	4	5	39	2	8860531	6075	4775	148	1925	4244	4632	2536	13292	512	
FL	-3000	-3000	22	18	0	12	15	4	4	37	2	8631835	6075	4775	148	1925	4244	4632	2536	13292	512	
FL	-3200	-3200	22	18	0	12	14	8	3	26	2	8416733	6075	4775	148	1925	4244	4632	2536	13292	512	
FL	-3400	-3400	20	17	0	16	9	5	3	24	2	8215010	6075	4775	148	1925	4244	4632	2536	13292	512	
FL	-3600	-3600	17	17	0	13	9	6	5	35	2	8024180	6075	4775	148	1925	4244	4632	2536	13292	512	
FL	-3800	-3800	17	19	0	11	10	7	5	33	1	7843890	6075	4775	148	1925	4244	4632	2536	13292	512	
FL	-4000	-4000	17	19	0	10	10	7	3	37	1	7673172	6075	4775	148	1925	4244	4632	2536	13292	512	
FL	-4200	-4200	14	17	0	7	10	6	5	33	1	7510668	6075	4775	148	1925	4244	4632	2536	13292	512	
FL	-4400	-4400	15	15	0	7	10	7	6	39	2	7357948	6075	4775	148	1925	4244	4632	2536	13292	512	
FL	-4600	-4600	14	14	0	3	9	8	6	36	1	7214654	6075	4775	148	1925	4244	4632	2536	13292	512	
FL	-4800	-4800	16	11	0	3	8	8	7	40	1	7081186	6075	4775	148	1925	4244	4632	2536	13292	512	
FL	-5000	-5000	15	9	0	5	6	7	6	37	2	6954842	6075	4775	148	1925	4244	4632	2536	13292	512	
FL	-5200	-5200	16	11	0	5	5	10	7	39	2	6834179	6075	4775	148	1925	4244	4632	2536	13292	512	
FL	-5400	-5400	16	11	0	4	4	8	8	30	3	6720526	6075	4775	148	1925	4244	4632	2536	13292	512	
FL	-5600	-5600	16	15	0	3	3	7	8	32	2	6611081	6075	4775	148	1925	4244	4632	2536	13292	512	
FL	-5800	-5800	18	16	0	3	4	6	7	34	2	6505491	6075	4775	148	1925	4244	4632	2536	13292	512	
FL	-6000	-6000	15	16	0	2	4	6	7	40	0	6404621	6075	4775	148	1925	4244	4632	2536	13292	512	
FL	-6200	-6200	16	15	0	2	4	6	8	39	0	6308782	6075	4775	148	1925	4244	4632	2536	13292	512	
FL	-6400	-6400	8	13	0	4	7	7	7	43	0	6220070	6075	4775	148	1925	4244	4632	2536	13292	512	
FL	-6600	-6600	7	11	0	5	8	7	7	47	0	6134078	6075	4775	148	1925	4244	4632	2536	13292	512	
FL	-6800	-6800	6	12	0	5	8	6	7	47	0	6052051	6075	4775	148	1925	4244	4632	2536	13292	512	
FL	-7000	-7000	8	12	0	5	9	4	6	40	0	5975292	6075	4775	148	1925	4244	4632	2536	13292	512	
FL	-7200	-7200	8	11	0	3	10	3	7	42	0	5902137	6075	4775	148	1925	4244	4632	2536	13292	512	
FL	-7400	-7400	6	12	0	3	12	4	6	39	0	5832612	6075	4775	148	1925	4244	4632	2536	13292	512	
FL	-7600	-7600	10	8	0	4	13	7	5	41	0	5764991	6075	4775	148	1925	4244	4632	2536	13292	512	
FL	-7800	-7800	14	8	0	4	10	9	5	35	0	5700702	6075	4775	148	1925	4244	4632	2536	13292	512	
FL	-8000	-8000	11	6	0	4	8	9	5	35	0	5638819	6075	4775	148	1925	4244	4632	2536	13292	512	
FL	-8200	-8200	12	6	0	6	9	8	4	30	0	5580367	6075	4775	148	1925	4244	4632	2536	13292	512	
FL	-8400	-8400	11	7	0	6	9	5	2	31	0	5524233	6075	4775	148	1925	4244	4632	2536	13292	512	
FL	-8600	-8600	10	6	0	6	10	5	4	27	0	5472420	6075	4775	148	1925	4244	4632	2536	13292	512	
FL	-8800	-8800	9	8	0	7	11	4	4	21	0	5422185	6075	4775	148	1925	4244	4632	2536	13292	512	
FL	-9000	-9000	12	9	0	6	10	3	4	19	0	5375007	6075	4775	148	1925	4244	4632	2536	13292	512	
FL	-9200	-9200	11	8	0	6	9	2	4	19	0	5331162	6075	4775	148	1925	4244	4632	2536	13292	512	
FL	-9400	-9400	10	6	0	6	8	3	4	20	0	5288899	6075	4775	148	1925	4244	4632	2536	13292	512	
FL	-9600	-9600	11	5	0	5	7	2	3	18	0	5247361	6075	4775	148	1925	4244	4632	2536	13292	512	
FL	-9800	-9800	12	5	0	5	8	2	2	17	1	5206505	6075	4775	148	1925	4244	4632	2536	13292	512	
FL	-10000	-10000	14	6	0	5	7	3	2	19	1	5165769	6075	4775	148	1925	4244	4632	2536	13292	512	
FL	-10200	-10200	14	6	0	4	9	4	3	19	1	5127567	6075	4775	148	1925	4244	4632	2536	13292	512	
FL	-10400	-10400	11	8	0	3	8	5	4	20	1	5091224	6075	4775	148	1925	4244	4632	2536	13292	512	
FL	-10600	-10600	12	6	0	4	9	2	3	17	1	5055383	6075	4775	148	1925	4244	4632	2536	13292	512	
FL	-10800	-10800	12	5	0	4	10	2	3	19	2	5019179	6075	4775	148	1925	4244	4632	2536	13292	512	
FL	-11000	-11000	14	4	0	4	9	3	3	19	1	4984320	6075	4775	148	1925	4244	4632	2536	13292	512	
FL	-11200	-11200	13	5	0	2	10	3	2	18	1	4950204	6075	4775	148	1925	4244	4632	2536	13292	512	
FL	-11400	-11400	12	6	0	1	8	3	3	22	1	4918876	6075	4775	148	1925	4244	4632	2536	13292	512	
FL	-11600	-11600	13	6	0	1	7	3	3	21	1	4889400	6075	4775	148	1925	4244	4632	2536	13292	512	
FL	-11800	-11800	15	6	0	1	6	3	3	18	1	4860515	6075	4775	148	1925	4244	4632	2536	13292	512	
FL	-12000	-12000	13	6	0	1	6	3	3	16	1	4832234	6075	4775	148	1925	4244	4632	2536	13292	512	
FL	-12200	-12200	9	8	0	0	6	4	3	20	1	4804302	6075	4775	148	1925	4244	4632	2536	13292	512	
FL	-12400	-12400	8	8	0	0	6	5	2	21	1	4776852	6075	4775	148	1925	4244	4632	2536	13292	512	
FL	-12600	-12600	10	9	0	0	7	5	1	23	0	4751283	6075	4775	148	1925	4244	4632	2536	13292	512	
FL	-12800	-12800	9	8	0	1	6	5	2	25	1	4727078	6075	4775	148	1925	4244	4632	2536	13292	512	
FL	-13000	-13000	10	8	0	2	5	4	3	23	1	4702962	6075	4775	148	1925	4244	4632	2536	13292	512	
FL	-13200	-13200	9	11	0	2	5	9	3	22	1	4679267	6075	4775	148	1925	4244	4632	2536	13292	512	
FL	-13400	-13400	12	12	0	2	5	7	2	22	1	4656678	6075	4775	148	1925	4244	4632	2536	13292	512	
FL	-13600	-13600	12	10	0	2	4	7	2	20	0	4633197	6075	4775	148	1925	4244	4632	2536	13292	512	
FL	-13800	-13800	15	14	0	3	4	7	2	16	0	4610500	6075	4775	148	1925	4244	4632	2536	13292	512	
FL	-14000	-14000	16	13	0	3	4	5	3	19	0	4589186	6075	4775	148	1925	4244	4632	2536	13292	512	
FL	-14200	-14200	16	13	0	3	5	6	2	20	0	4569554	6075	4775	148	1925	4244	4632	2536	13292	512	
FL	-14400	-14400	21	14	0	4	5	7	2	20	0	4551410	6075	4775	148	1925	4244	4632	2536	13292	512	
FL	-14600	-14600	17	14	0	4	5	6	2	18	0	4533804	6075	4775	148	1925	4244	4632	2536	13292	512	
FL	-14800	-14800	14	16	0	5	4	6	2	17	0	4515813	6075	4775	148	1925	4244	4632	2536	13292	512	
FL	-15000	-15000	14	15	0	4	3	7	2	17	0	4498102	6075	4775	148	1925	4244	4632	2536	13292	512	
FL	-15200	-15200	15	14	0	3	5	10	3	19	0	4480020	6075	4775	148	1925	4244	4632	2536	13292	512	
FL	-15400	-15400	14	12	0	3	4	12	3	20	0	4461833	6075	4775	148	1925	4244	4632	2536	13292	512	
FL	-15600	-15600	15	12	0	3	6	12	3	23	0	4443574	6075	4775	148	1925	4244	4632	2536	13292	512	
FL	-15800	-15800	14	10	0	2	4	13	4	19	0	4425503	6075	4775	148	1925	4244	4632	2536	13292	512	
FL	-16000	-16000	17	9	0	3	4	11	3	18	0	4405628	6075	4775	148	1925	4244	4632	2536	13292	512	
FL	-16200	-16200	16	7	0	3	3	12	5	16	1	4384650	6075	4775	148	1925	4244	4632	2536	13292	512	
FL	-16400	-16400	16	6	0	4	2	10	5	15	1	4363416	6075	4775	148	1925	4244	4632	2536	13292	512	
FL	-16600	-16600	12	6	0	4	2	9	5	15	1	4342428	6075	4775	148	1925	4244	4632	2536	13292	512	
FL	-16800	-16800	14	7	0	4	3	11	5	14	1	4321178	6075	4775	148	1925	4244	4632	2536	13292	512	
FL	-17000	-17000	11	7	0	4	5	10	4	14	1	4299811	6075	4775	148	1925	4244	4632	2536	13292	512	
FL	-17200	-17200	12	5	0	3	4	8	5	16	1	4279947	6075	4775	148	1925	4244	4632	2536	13292	512	
FL	-17400	-17400	11	5	0	3	5	5	6	16	1	4259968	6075	4775	148	1925	4244	4632	2536	13292	512	
FL	-17600	-17600	11	5	0	3	7	5	6	22	1	4239518	6075	4775	148	1925	4244	4632	2536	13292	512	
FL	-17800	-17800	9	6	0	3	7	6	7	24	1	4218647	6075	4775	148	1925	4244	4632	2536	13292	512	
FL	-18000	-18000	11	7	0	3	7	6	6	25	1	4198769	6075	4775	148	1925	4244	4632	2536	13292	512	
FL	-18200	-18200	11	8	0	3	8	4	5	24	1	4179113	6075	4775	148	1925	4244	4632	2536	13292	512	
FL	-18400	-18400	12	7	0	3	7	5	5	25	1	4159314	6075	4775	148	1925	4244	4632	2536	13292	512	
FL	-18600	-18600	10	6	0	3	7	3	1	24	1	4139173	6075	4775	148	1925	4244	4632	2536	13292	512	
FL	-18800	-18800	9	6	0	3	8	4	1	20	1	4120511	6075	4775	148	1925	4244	4632	2536	13292	512	
FL	-19000	-19000	11	6	0	2	6	5	1	21	1	4102915	6075	4775	148	1925	4244	4632	2536	13292	512	
FL	-19200	-19200	12	6	0	3	6	3	2	20	1	4085852	6075	4775	148	1925	4244	4632	2536	13292	512	
FL	-19400	-19400	9	6	0	4	6	7	2	21	1	4070099	6075	4775	148	1925	4244	4632	2536	13292	512	
FL	-19600	-19600	8	6	2	4	5	7	2	25	2	4055086	6075	4775	148	1925	4244	4632	2536	13292	512	
FL	-19800	-19800	8	8	2	3	3	7	2	24	2	4040345	6075	4775	148	1925	4244	4632	2536	13292	512	
FL	-20000	-20000	8	8	2	3	4	6	2	23	2	4024668	6075	4775	148	1925	4244	4632	2536	13292	512	
FL	-20200	-20200	11	10	2	3	4	4	2	21	2	4009322	6075	4775	148	1925	4244	4632	2536	13292	512	
FL	-20400	-20400	12	10	0	1	4	4	2	20	2	3994891	6075	4775	148	1925	4244	4632	2536	13292	512	
FL	-20600	-20600	11	8	0	1	6	7	3	19	1	3980191	6075	4775	148	1925	4244	4632	2536	13292	512	
FL	-20800	-20800	10	6	0	1	7	10	2	19	1	3966327	6075	4775	148	1925	4244	4632	2536	13292	512	
FL	-21000	-21000	9	6	0	3	6	9	3	23	0	3952759	6075	4775	148	1925	4244	4632	2536	13292	512	
FL	-21200	-21200	9	6	1	2	6	12	3	22	1	3939040	6075	4775	148	1925	4244	4632	2536	13292	512	
FL	-21400	-21400	8	6	1	2	8	14	2	23	1	3924969	6075	4775	148	1925	4244	4632	2536	13292	512	
FL	-21600	-21600	8	5	0	2	11	17	2	22	1	3911788	6075	4775	148	1925	4244	4632	2536	13292	512	
FL	-21800	-21800	6	6	0	2	12	13	4	21	1	3898399	6075	4775	148	1925	4244	4632	2536	13292	512	
FL	-22000	-22000	7	5	0	3	15	14	7	22	1	3885915	6075	4775	148	1925	4244	4632	2536	13292	512	
FL	-22200	-22200	7	5	0	2	15	14	6	23	1	3873304	6075	4775	148	1925	4244	4632	2536	13292	512	
FL	-22400	-22400	8	8	0	2	12	14	7	29	0	3860893	6075	4775	148	1925	4244	4632	2536	13292	512	
FL	-22600	-22600	8	11	0	2	11	13	8	29	0	3848871	6075	4775	148	1925	4244	4632	2536	13292	512	
FL	-22800	-22800	8	11	0	1	11	14	7	28	0	3836625	6075	4775	148	1925	4244	4632	2536	13292	512	
FL	-23000	-23000	8	9	0	1	12	12	8	32	1	3825675	6075	4775	148	1925	4244	4632	2536	13292	512	
FL	-23200	-23200	6	8	0	1	10	12	8	29	1	3815367	6075	4775	148	1925	4244	4632	2536	13292	512	
FL	-23400	-23400	5	7	0	1	11	13	6	29	1	3805399	6075	4775	148	1925	4244	4632	2536	13292	512	
FL	-23600	-23600	8	5	0	0	7	12	6	24	0	3795904	6075	4775	148	1925	4244	4632	2536	13292	512	
FL	-23800	-23800	7	5	0	0	6	11	6	27	0	3785796	6075	4775	148	1925	4244	4632	2536	13292	512	
FL	-24000	-24000	5	4	0	0	7	10	8	27	0	3775198	6075	4775	148	1925	4244	4632	2536	13292	512	
FL	-24200	-24200	4	3	0	0	6	8	7	24	1	3764248	6075	4775	148	1925	4244	4632	2536	13292	512	
FL	-24400	-24400	4	4	0	0	6	6	6	23	1	3753197	6075	4775	148	1925	4244	4632	2536	13292	512	
FL	-24600	-24600	6	5	0	0	5	4	5	27	1	3743032	6075	4775	148	1925	4244	4632	2536	13292	512	
FL	-24800	-24800	6	7	0	0	6	6	5	27	1	3733456	6075	4775	148	1925	4244	4632	2536	13292	512	
FL	-25000	-25000	7	6	0	0	8	8	4	18	1	3723771	6075	4775	148	1925	4244	4632	2536	13292	512	
FL	-25200	-25200	6	6	0	0	8	4	4	21	0	3713746	6075	4775	148	1925	4244	4632	2536	13292	512	
FL	-25400	-25400	5	8	0	0	6	4	4	20	0	3703826	6075	4775	148	1925	4244	4632	2536	13292	512	
FL	-25600	-25600	3	6	0	0	5	2	5	20	0	3693875	6075	4775	148	1925	4244	4632	2536	13292	512	
FL	-25800	-25800	3	6	0	1	5	3	7	20	0	3684031	6075	4775	148	1925	4244	4632	2536	13292	512	
FL	-26000	-26000	6	7	0	2	5	4	7	22	0	3674016	6075	4775	148	1925	4244	4632	2536	13292	512	
FL	-26200	-26200	7	7	0	1	5	4	6	23	0	3664012	6075	4775	148	1925	4244	4632	2536	13292	512	
FL	-26400	-26400	9	8	0	1	4	3	5	22	0	3654009	6075	4775	148	1925	4244	4632	2536	13292	512	
FL	-26600	-26600	11	7	0	1	4	4	5	21	0	3644412	6075	4775	148	1925	4244	4632	2536	13292	512	
FL	-26800	-26800	9	9	0	1	3	3	2	23	0	3635474	6075	4775	148	1925	4244	4632	2536	13292	512	
FL	-27000	-27000	6	14	0	2	3	3	2	24	0	3626047	6075	4775	148	1925	4244	4632	2536	13292	512	
FL	-27200	-27200	5	12	0	2	3	3	2	22	0	3617356	6075	4775	148	1925	4244	4632	2536	13292	512	
FL	-27400	-27400	4	12	0	4	2	5	3	21	0	3609031	6075	4775	148	1925	4244	4632	2536	13292	512	
FL	-27600	-27600	5	11	0	4	2	7	3	25	0	3599922	6075	4775	148	1925	4244	4632	2536	13292	512	
FL	-27800	-27800	5	12	0	4	2	9	3	24	0	3590719	6075	4775	148	1925	4244	4632	2536	13292	512	
FL	-28000	-28000	6	12	0	3	3	6	6	26	0	3581323	6075	4775	148	1925	4244	4632	2536	13292	512	
FL	-28200	-28200	8	12	0	3	3	6	7	24	0	3572688	6075	4775	148	1925	4244	4632	2536	13292	512	
FL	-28400	-28400	7	7	0	3	2	7	6	21	0	3563779	6075	4775	148	1925	4244	4632	2536	13292	512	
FL	-28600	-28600	7	7	0	2	1	8	6	23	1	3554612	6075	4775	148	1925	4244	4632	2536	13292	512	
FL	-28800	-28800	7	5	0	3	0	8	4	21	1	3546206	6075	4775	148	1925	4244	4632	2536	13292	512	
FL	-29000	-29000	6	5	0	3	0	9	5	21	1	3538090	6075	4775	148	1925	4244	4632	2536	13292	512	
FL	-29200	-29200	6	4	0	2	0	9	4	17	1	3529999	6075	4775	148	1925	4244	4632	2536	13292	512	
FL	-29400	-29400	7	6	0	1	0	9	5	18	1	3522434	6075	4775	148	1925	4244	4632	2536	13292	512	
FL	-29600	-29600	7	7	0	1	0	9	5	18	1	3515770	6075	4775	148	1925	4244	4632	2536	13292	512	
FL	-29800	-29800	9	8	0	1	0	7	5	22	1	3509749	6075	4775	148	1925	4244	4632	2536	13292	512	
FL	-30000	-30000	10	8	0	2	1	7	6	18	1	3503117	6075	4775	148	1925	4244	4632	2536	13292	512	
FL	-30200	-30200	10	9	0	2	1	5	6	17	0	3495743	6075	4775	148	1925	4244	4632	2536	13292	512	
FL	-30400	-30400	13	7	0	2	3	6	6	18	0	3488366	6075	4775	148	1925	4244	4632	2536	13292	512	
FL	-30600	-30600	12	6	0	2	3	8	6	17	0	3481395	6075	4775	148	1925	4244	4632	2536	13292	512	
FL	-30800	-30800	14	4	0	1	3	6	5	14	0	3474098	6075	4775	148	1925	4244	4632	2536	13292	512	
FL	-31000	-31000	10	2	0	1	3	6	4	14	0	3465870	6075	4775	148	1925	4244	4632	2536	13292	512	
FL	-31200	-31200	9	4	0	2	5	5	4	15	0	3457083	6075	4775	148	1925	4244	4632	2536	13292	512	
FL	-31400	-31400	7	5	0	2	7	4	2	14	0	3448443	6075	4775	148	1925	4244	4632	2536	13292	512	
FL	-31600	-31600	5	7	0	2	8	4	2	13	0	3439404	6075	4775	148	1925	4244	4632	2536	13292	512	
FL	-31800	-31800	2	6	0	2	9	4	2	14	1	3430131	6075	4775	148	1925	4244	4632	2536	13292	512	
FL	-32000	-32000	1	6	0	2	8	3	2	14	1	3420667	6075	4775	148	1925	4244	4632	2536	13292	512	
FL	-32200	-32200	2	5	0	1	9	5	2	13	1	3412100	6075	4775	148	1925	4244	4632	2536	13292	512	
FL	-32400	-32400	3	6	0	3	9	6	2	13	1	3403600	6075	4775	148	1925	4244	4632	2536	13292	512	
FL	-32600	-32600	5	7	0	3	10	6	2	13	0	3395107	6075	4775	148	1925	4244	4632	2536	13292	512	
FL	-32800	-32800	5	6	0	3	10	6	2	14	0	3386718	6075	4775	148	1925	4244	4632	2536	13292	512	
FL	-33000	-33000	8	5	0	2	10	10	1	13	0	3378363	6075	4775	148	1925	4244	4632	2536	13292	512	
FL	-33200	-33200	8	6	0	2	9	9	1	14	0	3370380	6075	4775	148	1925	4244	4632	2536	13292	512	
FL	-33400	-33400	7	5	0	2	9	9	2	15	0	3362808	6075	4775	148	1925	4244	4632	2536	13292	512	
FL	-33600	-33600	7	5	0	2	8	9	2	15	1	3355762	6075	4775	148	1925	4244	4632	2536	13292	512	
FL	-33800	-33800	9	7	0	3	7	7	3	18	1	3348507	6075	4775	148	1925	4244	4632	2536	13292	512	
FL	-34000	-34000	10	7	0	3	6	8	3	15	0	3341476	6075	4775	148	1925	4244	4632	2536	13292	512	
FL	-34200	-34200	8	6	0	2	5	8	3	17	0	3334504	6075	4775	148	1925	4244	4632	2536	13292	512	
FL	-34400	-34400	7	5	0	1	6	7	3	14	0	3327992	6075	4775	148	1925	4244	4632	2536	13292	512	
FL	-34600	-34600	7	5	0	1	5	8	3	11	0	3322022	6075	4775	148	1925	4244	4632	2536	13292	512	
FL	-34800	-34800	6	8	0	1	5	6	3	10	0	3316144	6075	4775	148	1925	4244	4632	2536	13292	512	
FL	-35000	-35000	6	8	0	1	6	5	4	12	0	3310682	6075	4775	148	1925	4244	4632	2536	13292	512	
FL	-35200	-35200	6	6	0	1	6	5	4	13	1	3304540	6075	4775	148	1925	4244	4632	2536	13292	512	
FL	-35400	-35400	7	6	0	0	8	9	5	11	1	3298041	6075	4775	148	1925	4244	4632	2536	13292	512	
FL	-35600	-35600	6	6	0	0	8	8	4	11	1	3291631	6075	4775	148	1925	4244	4632	2536	13292	512	
FL	-35800	-35800	3	7	0	1	6	8	4	10	1	3284297	6075	4775	148	1925	4244	4632	2536	13292	512	
FL	-36000	-36000	3	6	0	2	8	6	5	9	1	3276431	6075	4775	148	1925	4244	4632	2536	13292	512	
FL	-36200	-36200	3	9	0	2	6	5	5	8	1	3268685	6075	4775	148	1925	4244	4632	2536	13292	512	
FL	-36400	-36400	7	9	0	2	6	5	4	8	1	3260948	6075	4775	148	1925	4244	4632	2536	13292	512	
FL	-36600	-36600	7	7	0	2	7	4	2	9	0	3253358	6075	4775	148	1925	4244	4632	2536	13292	512	
FL	-36800	-36800	9	8	0	2	6	4	2	7	0	3245601	6075	4775	148	1925	4244	4632	2536	13292	512	
FL	-37000	-37000	12	8	0	2	7	4	2	11	0	3237648	6075	4775	148	1925	4244	4632	2536	13292	512	
FL	-37200	-37200	11	6	0	1	7	6	1	11	0	3230233	6075	4775	148	1925	4244	4632	2536	13292	512	
FL	-37400	-37400	12	5	0	1	5	8	1	12	0	3223265	6075	4775	148	1925	4244	4632	2536	13292	512	
FL	-37600	-37600	10	5	0	1	7	9	1	12	0	3216439	6075	4775	148	1925	4244	4632	2536	13292	512	
FL	-37800	-37800	13	6	0	1	5	10	3	11	0	3209570	6075	4775	148	1925	4244	4632	2536	13292	512	
FL	-38000	-38000	11	5	0	2	4	7	3	11	0	3203034	6075	4775	148	1925	4244	4632	2536	13292	512	
FL	-38200	-38200	14	6	0	2	4	10	3	10	0	3196251	6075	4775	148	1925	4244	4632	2536	13292	512	
FL	-38400	-38400	13	5	0	2	5	11	3	7	0	3189586	6075	4775	148	1925	4244	4632	2536	13292	512	
FL	-38600	-38600	10	6	0	1	5	11	3	10	0	3182652	6075	4775	148	1925	4244	4632	2536	13292	512	
FL	-38800	-38800	10	9	0	0	3	9	4	11	1	3175200	6075	4775	148	1925	4244	4632	2536	13292	512	
FL	-39000	-39000	8	10	1	1	3	8	6	10	1	3167962	6075	4775	148	1925	4244	4632	2536	13292	512	
FL	-39200	-39200	10	10	1	1	3	7	4	9	1	3161496	6075	4775	148	1925	4244	4632	2536	13292	512	
FL	-39400	-39400	10	8	1	1	2	7	3	11	1	3155859	6075	4775	148	1925	4244	4632	2536	13292	512	
FL	-39600	-39600	8	8	0	1	2	7	3	18	1	3151259	6075	4775	148	1925	4244	4632	2536	13292	512	
FL	-39800	-39800	8	7	0	2	5	8	3	18	2	3146625	6075	4775	148	1925	4244	4632	2536	13292	512	
FL	-40000	-40000	5	6	1	2	3	7	2	19	1	3141909	6075	4775	148	1925	4244	4632	2536	13292	512	
FL	-40200	-40200	4	6	1	2	3	7	2	16	2	3137156	6075	4775	148	1925	4244	4632	2536	13292	512	
FL	-40400	-40400	5	6	1	2	7	9	4	17	2	3132335	6075	4775	148	1925	4244	4632	2536	13292	512	
FL	-40600	-40600	7	5	1	2	6	7	4	19	2	3127613	6075	4775	148	1925	4244	4632	2536	13292	512	
FL	-40800	-40800	7	3	1	2	5	7	4	19	1	3122868	6075	4775	148	1925	4244	4632	2536	13292	512	
FL	-41000	-41000	9	3	1	3	7	9	4	19	1	3118509	6075	4775	148	1925	4244	4632	2536	13292	512	
FL	-41200	-41200	8	3	1	2	9	9	3	17	1	3114045	6075	4775	148	1925	4244	4632	2536	13292	512	
FL	-41400	-41400	9	4	1	2	8	10	3	12	0	3109641	6075	4775	148	1925	4244	4632	2536	13292	512	
FL	-41600	-41600	9	5	1	1	8	8	4	12	0	3105299	6075	4775	148	1925	4244	4632	2536	13292	512	
FL	-41800	-41800	8	5	1	1	9	8	5	14	0	3101071	6075	4775	148	1925	4244	4632	2536	13292	512	
FL	-42000	-42000	7	5	1	1	11	9	4	16	0	3096371	6075	4775	148	1925	4244	4632	2536	13292	512	
FL	-42200	-42200	4	5	1	0	11	7	4	16	0	3091450	6075	4775	148	1925	4244	4632	2536	13292	512	
FL	-42400	-42400	3	5	1	0	11	6	5	18	0	3086241	6075	4775	148	1925	4244	4632	2536	13292	512	
FL	-42600	-42600	2	5	0	0	8	7	6	18	0	3081056	6075	4775	148	1925	4244	4632	2536	13292	512	
FL	-42800	-42800	3	4	0	0	6	8	5	17	0	3075709	6075	4775	148	1925	4244	4632	2536	13292	512	
FL	-43000	-43000	4	5	0	0	5	10	6	16	0	3070061	6075	4775	148	1925	4244	4632	2536	13292	512	
FL	-43200	-43200	4	3	0	0	5	12	5	15	0	3064554	6075	4775	148	1925	4244	4632	2536	13292	512	
FL	-43400	-43400	5	3	0	0	5	12	6	14	0	3059808	6075	4775	148	1925	4244	4632	2536	13292	512	
FL	-43600	-43600	3	3	0	0	6	13	4	12	0	3054758	6075	4775	148	1925	4244	4632	2536	13292	512	
FL	-43800	-43800	6	4	0	1	6	7	5	10	0	3049045	6075	4775	148	1925	4244	4632	2536	13292	512	
FL	-44000	-44000	6	3	0	1	7	6	5	11	0	3042728	6075	4775	148	1925	4244	4632	2536	13292	512	
FL	-44200	-44200	4	3	0	1	8	7	6	9	0	3036573	6075	4775	148	1925	4244	4632	2536	13292	512	
FL	-44400	-44400	4	3	0	2	8	7	4	6	0	3031128	6075	4775	148	1925	4244	4632	2536	13292	512	
FL	-44600	-44600	5	4	0	2	7	6	3	7	0	3024667	6075	4775	148	1925	4244	4632	2536	13292	512	
FL	-44800	-44800	4	5	0	2	8	4	4	7	0	3017672	6075	4775	148	1925	4244	4632	2536	13292	512	
FL	-45000	-45000	5	6	0	2	9	4	4	9	0	3011129	6075	4775	148	1925	4244	4632	2536	13292	512	
FL	-45200	-45200	4	5	0	4	10	5	4	9	0	3005716	6075	4775	148	1925	4244	4632	2536	13292	512	
FL	-45400	-45400	6	4	0	4	9	6	3	9	0	3001243	6075	4775	148	1925	4244	4632	2536	13292	512	
FL	-45600	-45600	5	3	0	4	9	6	5	11	0	2997239	6075	4775	148	1925	4244	4632	2536	13292	512	
FL	-45800	-45800	6	5	0	3	9	5	6	13	0	2992616	6075	4775	148	1925	4244	4632	2536	13292	512	
FL	-46000	-46000	7	6	0	3	10	5	5	12	1	2987870	6075	4775	148	1925	4244	4632	2536	13292	512	
FL	-46200	-46200	5	5	0	2	7	4	5	14	1	2982855	6075	4775	148	1925	4244	4632	2536	13292	512	
FL	-46400	-46400	6	5	0	2	4	4	4	18	1	2977998	6075	4775	148	1925	4244	4632	2536	13292	512	
FL	-46600	-46600	7	6	0	2	4	3	4	18	0	2973411	6075	4775	148	1925	4244	4632	2536	13292	512	
FL	-46800	-46800	7	7	0	2	4	3	5	17	0	2969551	6075	4775	148	1925	4244	4632	2536	13292	512	
FL	-47000	-47000	8	7	0	1	4	3	5	17	0	2965644	6075	4775	148	1925	4244	4632	2536	13292	512	
FL	-47200	-47200	8	6	0	1	4	3	5	17	0	2961452	6075	4775	148	1925	4244	4632	2536	13292	512	
FL	-47400	-47400	7	6	0	1	3	3	5	14	0	2956848	6075	4775	148	1925	4244	4632	2536	13292	512	
FL	-47600	-47600	5	7	0	2	3	4	4	13	0	2952132	6075	4775	148	1925	4244	4632	2536	13292	512	
FL	-47800	-47800	5	4	0	2	3	4	4	13	0	2947565	6075	4775	148	1925	4244	4632	2536	13292	512	
FL	-48000	-48000	4	5	0	2	6	1	5	15	0	2942834	6075	4775	148	1925	4244	4632	2536	13292	512	
FL	-48200	-48200	5	4	0	2	5	1	6	13	0	2938348	6075	4775	148	1925	4244	4632	2536	13292	512	
FL	-48400	-48400	4	5	0	2	6	2	6	11	0	2934199	6075	4775	148	1925	4244	4632	2536	13292	512	
FL	-48600	-48600	5	4	0	3	6	2	7	13	0	2930495	6075	4775	148	1925	4244	4632	2536	13292	512	
FL	-48800	-48800	3	3	1	3	6	3	5	13	0	2926895	6075	4775	148	1925	4244	4632	2536	13292	512	
FL	-49000	-49000	4	3	1	4	5	3	7	13	0	2923373	6075	4775	148	1925	4244	4632	2536	13292	512	
FL	-49200	-49200	1	4	1	4	5	4	8	12	0	2920231	6075	4775	148	1925	4244	4632	2536	13292	512	
FL	-49400	-49400	1	3	1	3	6	7	8	12	0	2917326	6075	4775	148	1925	4244	4632	2536	13292	512	
FL	-49600	-49600	2	3	1	2	4	8	11	13	1	2914284	6075	4775	148	1925	4244	4632	2536	13292	512	
FL	-49800	-49800	4	3	1	2	4	6	14	14	1	2910980	6075	4775	148	1925	4244	4632	2536	13292	512	
FL	-50000	-50000	4	4	1	1	5	6	12	11	1	2907726	6075	4775	148	1925	4244	4632	2536	13292	512	
FL	-50200	-50200	9	4	0	3	4	6	10	12	1	2904199	6075	4775	148	1925	4244	4632	2536	13292	512	
FL	-50400	-50400	12	2	0	3	5	7	10	9	1	2900594	6075	4775	148	1925	4244	4632	2536	13292	512	
FL	-50600	-50600	13	2	0	3	4	6	10	11	1	2896587	6075	4775	148	1925	4244	4632	2536	13292	512	
FL	-50800	-50800	13	2	0	2	4	6	9	9	1	2892566	6075	4775	148	1925	4244	4632	2536	13292	512	
FL	-51000	-51000	8	3	0	2	4	5	5	11	1	2888638	6075	4775	148	1925	4244	4632	2536	13292	512	
FL	-51200	-51200	7	2	0	3	3	5	5	12	1	2884274	6075	4775	148	1925	4244	4632	2536	13292	512	
FL	-51400	-51400	5	3	0	5	5	6	5	11	0	2879990	6075	4775	148	1925	4244	4632	2536	13292	512	
FL	-51600	-51600	5	3	0	5	6	7	5	10	0	2875690	6075	4775	148	1925	4244	4632	2536	13292	512	
FL	-51800	-51800	6	4	0	4	6	7	4	10	0	2871294	6075	4775	148	1925	4244	4632	2536	13292	512	
FL	-52000	-52000	5	3	0	4	7	8	4	11	0	2866347	6075	4775	148	1925	4244	4632	2536	13292	512	
FL	-52200	-52200	4	4	0	2	8	8	4	12	0	2861761	6075	4775	148	1925	4244	4632	2536	13292	512	
FL	-52400	-52400	5	2	0	2	8	4	4	12	0	2857366	6075	4775	148	1925	4244	4632	2536	13292	512	
FL	-52600	-52600	6	2	0	2	8	4	3	9	0	2852697	6075	4775	148	1925	4244	4632	2536	13292	512	
FL	-52800	-52800	7	2	0	1	7	4	3	8	1	2847622	6075	4775	148	1925	4244	4632	2536	13292	512	
FL	-53000	-53000	7	3	0	1	5	4	3	6	2	2841790	6075	4775	148	1925	4244	4632	2536	13292	512	
FL	-53200	-53200	6	3	0	1	7	4	2	6	2	2835986	6075	4775	148	1925	4244	4632	2536	13292	512	
FL	-53400	-53400	5	2	0	2	8	5	2	6	2	2830915	6075	4775	148	1925	4244	4632	2536	13292	512	
FL	-53600	-53600	6	2	0	2	5	4	2	7	3	2825949	6075	4775	148	1925	4244	4632	2536	13292	512	
FL	-53800	-53800	5	5	0	2	5	3	3	8	3	2820979	6075	4775	148	1925	4244	4632	2536	13292	512	
FL	-54000	-54000	5	4	0	2	5	2	3	8	1	2816354	6075	4775	148	1925	4244	4632	2536	13292	512	
FL	-54200	-54200	3	5	0	1	3	1	5	9	1	2811786	6075	4775	148	1925	4244	4632	2536	13292	512	
FL	-54400	-54400	2	4	0	1	3	2	6	12	0	2807319	6075	4775	148	1925	4244	4632	2536	13292	512	
FL	-54600	-54600	2	3	0	1	4	2	6	13	0	2802569	6075	4775	148	1925	4244	4632	2536	13292	512	
FL	-54800	-54800	3	4	0	1	4	1	4	14	0	2797606	6075	4775	148	1925	4244	4632	2536	13292	512	
FL	-55000	-55000	3	4	0	1	4	1	3	12	0	2792928	6075	4775	148	1925	4244	4632	2536	13292	512	
FL	-55200	-55200	4	5	0	2	3	1	3	11	0	2788605	6075	4775	148	1925	4244	4632	2536	13292	512	
FL	-55400	-55400	2	5	0	2	2	2	2	13	0	2785202	6075	4775	148	1925	4244	4632	2536	13292	512	
FL	-55600	-55600	1	4	0	1	2	3	2	13	0	2782178	6075	4775	148	1925	4244	4632	2536	13292	512	
FL	-55800	-55800	1	3	0	2	2	3	2	13	0	2779048	6075	4775	148	1925	4244	4632	2536	13292	512	
FL	-56000	-56000	2	4	0	2	3	4	3	14	0	2776509	6075	4775	148	1925	4244	4632	2536	13292	512	
FL	-56200	-56200	1	4	0	3	2	4	3	11	0	2773834	6075	4775	148	1925	4244	4632	2536	13292	512	
FL	-56400	-56400	1	4	0	3	3	4	4	10	0	2771470	6075	4775	148	1925	4244	4632	2536	13292	512	
FL	-56600	-56600	1	5	0	3	2	3	4	10	0	2768814	6075	4775	148	1925	4244	4632	2536	13292	512	
FL	-56800	-56800	2	4	0	2	2	2	4	13	0	2765248	6075	4775	148	1925	4244	4632	2536	13292	512	
FL	-57000	-57000	4	3	0	2	3	3	3	13	0	2761678	6075	4775	148	1925	4244	4632	2536	13292	512	
FL	-57200	-57200	5	3	0	1	2	2	2	12	0	2758115	6075	4775	148	1925	4244	4632	2536	13292	512	
FL	-57400	-57400	4	3	0	2	3	3	0	13	0	2754172	6075	4775	148	1925	4244	4632	2536	13292	512	
FL	-57600	-57600	5	3	0	2	3	3	2	16	0	2749548	6075	4775	148	1925	4244	4632	2536	13292	512	
FL	-57800	-57800	3	3	0	2	2	4	2	17	0	2744681	6075	4775	148	1925	4244	4632	2536	13292	512	
FL	-58000	-58000	4	2	0	2	3	4	2	15	0	2739804	6075	4775	148	1925	4244	4632	2536	13292	512	
FL	-58200	-58200	4	2	0	2	4	4	3	14	0	2735060	6075	4775	148	1925	4244	4632	2536	13292	512	
FL	-58400	-58400	2	1	0	1	4	3	3	14	0	2730335	6075	4775	148	1925	4244	4632	2536	13292	512	
FL	-58600	-58600	3	1	0	0	4	3	3	16	0	2726159	6075	4775	148	1925	4244	4632	2536	13292	512	
FL	-58800	-58800	4	1	0	0	5	3	4	19	0	2722230	6075	4775	148	1925	4244	4632	2536	13292	512	
FL	-59000	-59000	5	1	0	0	4	4	3	19	0	2718021	6075	4775	148	1925	4244	4632	2536	13292	512	
FL	-59200	-59200	7	0	0	1	8	4	3	18	1	2713587	6075	4775	148	1925	4244	4632	2536	13292	512	
FL	-59400	-59400	8	1	0	1	8	3	3	15	1	2708935	6075	4775	148	1925	4244	4632	2536	13292	512	
FL	-59600	-59600	7	3	0	1	6	4	4	14	1	2704483	6075	4775	148	1925	4244	4632	2536	13292	512	
FL	-59800	-59800	5	3	0	1	4	5	5	14	1	2700324	6075	4775	148	1925	4244	4632	2536	13292	512	
FL	-60000	-60000	4	3	0	1	4	4	5	17	1	2696521	6075	4775	148	1925	4244	4632	2536	13292	512	
FL	-60200	-60200	4	3	0	1	4	3	5	17	1	2692559	6075	4775	148	1925	4244	4632	2536	13292	512	
FL	-60400	-60400	3	4	0	0	2	5	5	17	1	2688521	6075	4775	148	1925	4244	4632	2536	13292	512	
FL	-60600	-60600	3	3	0	0	2	6	5	17	0	2684592	6075	4775	148	1925	4244	4632	2536	13292	512	
FL	-60800	-60800	2	3	0	2	0	7	3	17	0	2679958	6075	4775	148	1925	4244	4632	2536	13292	512	
FL	-61000	-61000	3	2	0	2	0	4	2	11	0	2675392	6075	4775	148	1925	4244	4632	2536	13292	512	
FL	-61200	-61200	3	3	0	1	0	4	2	10	0	2670993	6075	4775	148	1925	4244	4632	2536	13292	512	
FL	-61400	-61400	4	4	1	2	0	2	2	11	0	2666601	6075	4775	148	1925	4244	4632	2536	13292	512	
FL	-61600	-61600	4	2	1	7	0	2	3	6	0	2662358	6075	4775	148	1925	4244	4632	2536	13292	512	
FL	-61800	-61800	3	2	0	7	0	1	2	11	0	2658836	6075	4775	148	1925	4244	4632	2536	13292	512	
FL	-62000	-62000	6	2	0	7	2	0	2	11	0	2654896	6075	4775	148	1925	4244	4632	2536	13292	512	
FL	-62200	-62200	5	3	0	1	2	0	2	12	0	2650946	6075	4775	148	1925	4244	4632	2536	13292	512	
FL	-62400	-62400	5	4	0	1	2	0	2	10	0	2647587	6075	4775	148	1925	4244	4632	2536	13292	512	
FL	-62600	-62600	4	5	0	1	2	0	1	11	0	2644463	6075	4775	148	1925	4244	4632	2536	13292	512	
FL	-62800	-62800	6	4	0	1	2	0	2	14	0	2641505	6075	4775	148	1925	4244	4632	2536	13292	512	
FL	-63000	-63000	5	7	0	1	1	1	2	14	0	2638869	6075	4775	148	1925	4244	4632	2536	13292	512	
FL	-63200	-63200	4	6	0	1	1	1	2	13	0	2636023	6075	4775	148	1925	4244	4632	2536	13292	512	
FL	-63400	-63400	5	6	0	0	1	1	4	13	0	2632770	6075	4775	148	1925	4244	4632	2536	13292	512	
FL	-63600	-63600	5	7	0	0	1	2	2	13	0	2629622	6075	4775	148	1925	4244	4632	2536	13292	512	
FL	-63800	-63800	5	5	0	0	3	2	3	11	0	2626849	6075	4775	148	1925	4244	4632	2536	13292	512	
FL	-64000	-64000	5	5	0	0	3	4	3	9	0	2624051	6075	4775	148	1925	4244	4632	2536	13292	512	
FL	-64200	-64200	5	4	0	0	4	4	3	10	0	2620741	6075	4775	148	1925	4244	4632	2536	13292	512	
FL	-64400	-64400	6	4	0	0	5	4	3	11	0	2616894	6075	4775	148	1925	4244	4632	2536	13292	512	
FL	-64600	-64600	6	4	0	0	3	5	4	10	0	2613845	6075	4775	148	1925	4244	4632	2536	13292	512	
FL	-64800	-64800	7	6	0	0	3	6	4	10	0	2610638	6075	4775	148	1925	4244	4632	2536	13292	512	
FL	-65000	-65000	7	7	0	0	2	7	5	12	0	2607779	6075	4775	148	1925	4244	4632	2536	13292	512	
FL	-65200	-65200	6	7	0	1	4	6	5	13	0	2605277	6075	4775	148	1925	4244	4632	2536	13292	512	
FL	-65400	-65400	5	7	0	0	4	7	5	13	1	2602939	6075	4775	148	1925	4244	4632	2536	13292	512	
FL	-65600	-65600	4	6	0	0	5	6	5	14	1	2600992	6075	4775	148	1925	4244	4632	2536	13292	512	
FL	-65800	-65800	6	5	0	0	6	7	6	12	1	2598949	6075	4775	148	1925	4244	4632	2536	13292	512	
FL	-66000	-66000	6	5	0	0	8	5	7	12	1	2596822	6075	4775	148	1925	4244	4632	2536	13292	512	
FL	-66200	-66200	6	5	0	1	9	4	8	13	1	2594545	6075	4775	148	1925	4244	4632	2536	13292	512	
FL	-66400	-66400	6	3	0	1	6	3	7	12	1	2592344	6075	4775	148	1925	4244	4632	2536	13292	512	
FL	-66600	-66600	5	3	0	1	6	3	7	8	2	2590310	6075	4775	148	1925	4244	4632	2536	13292	512	
FL	-66800	-66800	5	3	0	1	3	6	6	7	2	2587975	6075	4775	148	1925	4244	4632	2536	13292	512	
FL	-67000	-67000	5	4	0	0	3	5	4	9	3	2585392	6075	4775	148	1925	4244	4632	2536	13292	512	
FL	-67200	-67200	5	3	0	0	2	6	5	11	3	2583524	6075	4775	148	1925	4244	4632	2536	13292	512	
FL	-67400	-67400	6	3	0	0	2	4	5	10	2	2581628	6075	4775	148	1925	4244	4632	2536	13292	512	
FL	-67600	-67600	4	1	0	1	2	4	3	11	1	2579885	6075	4775	148	1925	4244	4632	2536	13292	512	
FL	-67800	-67800	6	1	0	1	2	4	4	6	1	2577868	6075	4775	148	1925	4244	4632	2536	13292	512	
FL	-68000	-68000	5	0	0	1	2	6	4	5	1	2575383	6075	4775	148	1925	4244	4632	2536	13292	512	
FL	-68200	-68200	9	1	0	1	2	5	2	7	0	2572853	6075	4775	148	1925	4244	4632	2536	13292	512	
FL	-68400	-68400	8	1	0	1	2	5	3	8	0	2570723	6075	4775	148	1925	4244	4632	2536	13292	512	
FL	-68600	-68600	9	1	0	0	2	6	3	9	0	2568790	6075	4775	148	1925	4244	4632	2536	13292	512	
FL	-68800	-68800	6	1	0	0	3	6	4	8	0	2566890	6075	4775	148	1925	4244	4632	2536	13292	512	
FL	-69000	-69000	6	1	0	0	4	6	1	10	0	2564815	6075	4775	148	1925	4244	4632	2536	13292	512	
FL	-69200	-69200	6	1	0	0	4	4	1	11	0	2562884	6075	4775	148	1925	4244	4632	2536	13292	512	
FL	-69400	-69400	5	1	0	0	4	4	1	13	0	2561009	6075	4775	148	1925	4244	4632	2536	13292	512	
FL	-69600	-69600	4	1	0	1	5	3	1	14	0	2559341	6075	4775	148	1925	4244	4632	2536	13292	512	
FL	-69800	-69800	5	1	0	1	4	3	1	14	0	2557538	6075	4775	148	1925	4244	4632	2536	13292	512	
FL	-70000	-70000	5	1	0	2	4	3	2	13	0	2555859	6075	4775	148	1925	4244	4632	2536	13292	512	
FL	-70200	-70200	5	2	0	2	5	4	4	14	0	2553921	6075	4775	148	1925	4244	4632	2536	13292	512	
FL	-70400	-70400	4	2	0	2	5	3	3	11	1	2551691	6075	4775	148	1925	4244	4632	2536	13292	512	
FL	-70600	-70600	6	3	0	2	5	3	1	12	1	2549237	6075	4775	148	1925	4244	4632	2536	13292	512	
FL	-70800	-70800	5	3	0	2	5	3	1	14	1	2546945	6075	4775	148	1925	4244	4632	2536	13292	512	
FL	-71000	-71000	5	3	0	2	5	3	1	13	2	2544273	6075	4775	148	1925	4244	4632	2536	13292	512	
FL	-71200	-71200	5	4	0	2	5	4	1	13	2	2541098	6075	4775	148	1925	4244	4632	2536	13292	512	
FL	-71400	-71400	6	5	0	1	6	2	1	11	2	2537633	6075	4775	148	1925	4244	4632	2536	13292	512	
FL	-71600	-71600	8	7	0	1	4	1	2	10	2	2534307	6075	4775	148	1925	4244	4632	2536	13292	512	
FL	-71800	-71800	10	7	0	1	4	1	1	7	2	2531059	6075	4775	148	1925	4244	4632	2536	13292	512	
FL	-72000	-72000	10	6	0	1	3	1	1	6	1	2528370	6075	4775	148	1925	4244	4632	2536	13292	512	
FL	-72200	-72200	10	6	0	1	4	2	2	5	1	2526098	6075	4775	148	1925	4244	4632	2536	13292	512	
FL	-72400	-72400	7	7	0	1	5	3	2	7	1	2524268	6075	4775	148	1925	4244	4632	2536	13292	512	
FL	-72600	-72600	6	6	0	1	4	2	2	5	1	2522668	6075	4775	148	1925	4244	4632	2536	13292	512	
FL	-72800	-72800	7	8	0	1	4	2	2	7	2	2520918	6075	4775	148	1925	4244	4632	2536	13292	512	
FL	-73000	-73000	6	7	0	1	4	3	2	9	2	2519124	6075	4775	148	1925	4244	4632	2536	13292	512	
FL	-73200	-73200	7	6	0	2	3	5	2	13	1	2517874	6075	4775	148	1925	4244	4632	2536	13292	512	
FL	-73400	-73400	6	6	0	2	4	6	2	14	2	2516280	6075	4775	148	1925	4244	4632	2536	13292	512	
FL	-73600	-73600	7	6	0	2	3	5	1	16	1	2514354	6075	4775	148	1925	4244	4632	2536	13292	512	
FL	-73800	-73800	8	4	0	1	3	4	0	21	1	2512527	6075	4775	148	1925	4244	4632	2536	13292	512	
FL	-74000	-74000	7	4	0	1	2	6	0	24	1	2511321	6075	4775	148	1925	4244	4632	2536	13292	512	
FL	-74200	-74200	5	5	0	1	1	6	0	22	1	2509989	6075	4775	148	1925	4244	4632	2536	13292	512	
FL	-74400	-74400	5	8	0	1	1	7	0	21	1	2508391	6075	4775	148	1925	4244	4632	2536	13292	512	
FL	-74600	-74600	5	6	0	1	1	8	0	24	1	2506611	6075	4775	148	1925	4244	4632	2536	13292	512	
FL	-74800	-74800	5	7	0	1	0	7	0	27	1	2504583	6075	4775	148	1925	4244	4632	2536	13292	512	
FL	-75000	-75000	5	6	0	1	0	6	1	22	1	2502080	6075	4775	148	1925	4244	4632	2536	13292	512	
FL	-75200	-75200	7	6	0	1	0	7	1	17	1	2499409	6075	4775	148	1925	4244	4632	2536	13292	512	
FL	-75400	-75400	8	6	0	2	3	8	2	13	1	2496962	6075	4775	148	1925	4244	4632	2536	13292	512	
FL	-75600	-75600	7	4	0	2	4	8	1	10	1	2494743	6075	4775	148	1925	4244	4632	2536	13292	512	
FL	-75800	-75800	4	5	0	3	4	8	1	10	1	2492442	6075	4775	148	1925	4244	4632	2536	13292	512	
FL	-76000	-76000	2	5	0	5	4	9	0	12	1	2490615	6075	4775	148	1925	4244	4632	2536	13292	512	
FL	-76200	-76200	3	6	0	5	3	10	1	15	0	2488675	6075	4775	148	1925	4244	4632	2536	13292	512	
FL	-76400	-76400	3	5	0	3	3	8	2	14	0	2486761	6075	4775	148	1925	4244	4632	2536	13292	512	
FL	-76600	-76600	2	4	0	4	2	8	1	15	0	2484925	6075	4775	148	1925	4244	4632	2536	13292	512	
FL	-76800	-76800	3	4	0	2	2	7	2	15	0	2482948	6075	4775	148	1925	4244	4632	2536	13292	512	
FL	-77000	-77000	6	4	0	2	2	8	2	13	0	2481043	6075	4775	148	1925	4244	4632	2536	13292	512	
FL	-77200	-77200	7	3	0	2	2	8	3	16	0	2478767	6075	4775	148	1925	4244	4632	2536	13292	512	
FL	-77400	-77400	7	3	0	3	1	6	3	18	0	2475861	6075	4775	148	1925	4244	4632	2536	13292	512	
FL	-77600	-77600	4	3	0	3	1	6	4	20	1	2472589	6075	4775	148	1925	4244	4632	2536	13292	512	
FL	-77800	-77800	4	4	0	3	2	7	4	17	1	2469370	6075	4775	148	1925	4244	4632	2536	13292	512	
FL	-78000	-78000	5	3	1	3	1	5	4	15	1	2466539	6075	4775	148	1925	4244	4632	2536	13292	512	
FL	-78200	-78200	5	2	1	1	1	5	3	13	1	2463879	6075	4775	148	1925	4244	4632	2536	13292	512	
FL	-78400	-78400	6	2	1	2	1	7	2	9	2	2461400	6075	4775	148	1925	4244	4632	2536	13292	512	
FL	-78600	-78600	7	2	1	2	1	5	3	9	2	2458388	6075	4775	148	1925	4244	4632	2536	13292	512	
FL	-78800	-78800	8	4	1	2	1	6	4	10	2	2455276	6075	4775	148	1925	4244	4632	2536	13292	512	
FL	-79000	-79000	9	5	1	2	0	4	3	12	2	2451985	6075	4775	148	1925	4244	4632	2536	13292	512	
FL	-79200	-79200	8	5	1	2	2	4	2	11	2	2448728	6075	4775	148	1925	4244	4632	2536	13292	512	
FL	-79400	-79400	7	5	1	2	2	4	2	15	1	2445571	6075	4775	148	1925	4244	4632	2536	13292	512	
FL	-79600	-79600	6	5	1	2	3	2	2	15	0	2442646	6075	4775	148	1925	4244	4632	2536	13292	512	
FL	-79800	-79800	8	4	1	3	3	1	3	17	1	2440367	6075	4775	148	1925	4244	4632	2536	13292	512	
FL	-80000	-80000	8	4	1	3	3	0	2	16	1	2437833	6075	4775	148	1925	4244	4632	2536	13292	512	
FL	-80200	-80200	8	4	1	3	1	2	2	14	1	2435407	6075	4775	148	1925	4244	4632	2536	13292	512	
FL	-80400	-80400	6	3	1	4	1	1	2	14	0	2433212	6075	4775	148	1925	4244	4632	2536	13292	512	
FL	-80600	-80600	6	3	1	4	1	1	2	12	0	2431088	6075	4775	148	1925	4244	4632	2536	13292	512	
FL	-80800	-80800	7	4	1	4	1	1	2	10	0	2428944	6075	4775	148	1925	4244	4632	2536	13292	512	
FL	-81000	-81000	7	4	1	2	2	1	1	9	0	2427105	6075	4775	148	1925	4244	4632	2536	13292	512	
FL	-81200	-81200	8	4	1	1	3	2	1	16	0	2425414	6075	4775	148	1925	4244	4632	2536	13292	512	
FL	-81400	-81400	7	4	1	1	3	2	1	15	0	2423729	6075	4775	148	1925	4244	4632	2536	13292	512	
FL	-81600	-81600	5	5	1	1	3	2	2	14	0	2421838	6075	4775	148	1925	4244	4632	2536	13292	512	
FL	-81800	-81800	5	5	1	0	5	3	2	14	0	2419629	6075	4775	148	1925	4244	4632	2536	13292	512	
FL	-82000	-82000	6	6	1	0	5	4	2	13	0	2417332	6075	4775	148	1925	4244	4632	2536	13292	512	
FL	-82200	-82200	6	5	1	0	4	4	2	13	1	2415044	6075	4775	148	1925	4244	4632	2536	13292	512	
FL	-82400	-82400	7	5	1	0	3	2	2	12	1	2412874	6075	4775	148	1925	4244	4632	2536	13292	512	
FL	-82600	-82600	9	3	1	0	4	3	2	12	1	2410674	6075	4775	148	1925	4244	4632	2536	13292	512	
FL	-82800	-82800	8	2	1	0	3	3	2	11	1	2408169	6075	4775	148	1925	4244	4632	2536	13292	512	
FL	-83000	-83000	8	2	1	0	2	2	2	11	1	2405955	6075	4775	148	1925	4244	4632	2536	13292	512	
FL	-83200	-83200	8	5	1	0	4	1	3	14	1	2403957	6075	4775	148	1925	4244	4632	2536	13292	512	
FL	-83400	-83400	9	5	1	0	5	0	6	14	1	2402033	6075	4775	148	1925	4244	4632	2536	13292	512	
FL	-83600	-83600	8	5	1	0	4	0	6	16	1	2400270	6075	4775	148	1925	4244	4632	2536	13292	512	
FL	-83800	-83800	9	6	1	0	4	0	6	16	0	2398696	6075	4775	148	1925	4244	4632	2536	13292	512	
FL	-84000	-84000	10	6	1	0	3	1	4	14	1	2396936	6075	4775	148	1925	4244	4632	2536	13292	512	
FL	-84200	-84200	8	6	1	0	3	1	4	13	1	2395315	6075	4775	148	1925	4244	4632	2536	13292	512	
FL	-84400	-84400	8	5	1	0	3	1	3	13	1	2393326	6075	4775	148	1925	4244	4632	2536	13292	512	
FL	-84600	-84600	7	5	1	0	5	1	3	15	1	2391253	6075	4775	148	1925	4244	4632	2536	13292	512	
FL	-84800	-84800	8	4	1	0	5	2	5	15	1	2388911	6075	4775	148	1925	4244	4632	2536	13292	512	
FL	-85000	-85000	8	3	1	0	3	2	5	15	1	2386180	6075	4775	148	1925	4244	4632	2536	13292	512	
FL	-85200	-85200	9	3	0	0	3	3	5	15	1	2383310	6075	4775	148	1925	4244	4632	2536	13292	512	
FL	-85400	-85400	7	2	0	0	4	2	4	15	0	2380103	6075	4775	148	1925	4244	4632	2536	13292	512	
FL	-85600	-85600	6	2	0	0	5	1	5	15	0	2376448	6075	4775	148	1925	4244	4632	2536	13292	512	
FL	-85800	-85800	6	2	0	0	5	1	5	12	0	2372829	6075	4775	148	1925	4244	4632	2536	13292	512	
FL	-86000	-86000	4	1	0	0	4	1	5	12	0	2369592	6075	4775	148	1925	4244	4632	2536	13292	512	
FL	-86200	-86200	5	3	0	0	6	2	6	13	0	2366474	6075	4775	148	1925	4244	4632	2536	13292	512	
FL	-86400	-86400	7	2	0	0	7	2	4	12	0	2363474	6075	4775	148	1925	4244	4632	2536	13292	512	
FL	-86600	-86600	8	2	0	1	6	2	4	11	0	2360759	6075	4775	148	1925	4244	4632	2536	13292	512	
FL	-86800	-86800	9	2	0	2	5	2	5	10	0	2358032	6075	4775	148	1925	4244	4632	2536	13292	512	
FL	-87000	-87000	8	3	0	2	3	2	4	8	0	2355333	6075	4775	148	1925	4244	4632	2536	13292	512	
FL	-87200	-87200	6	4	0	3	1	1	5	12	0	2352994	6075	4775	148	1925	4244	4632	2536	13292	512	
FL	-87400	-87400	6	2	0	3	1	2	4	13	0	2351261	6075	4775	148	1925	4244	4632	2536	13292	512	
FL	-87600	-87600	5	3	0	2	1	2	3	13	0	2349468	6075	4775	148	1925	4244	4632	2536	13292	512	
FL	-87800	-87800	5	3	0	1	2	2	3	13	0	2347757	6075	4775	148	1925	4244	4632	2536	13292	512	
FL	-88000	-88000	6	3	0	1	1	2	5	11	0	2346072	6075	4775	148	1925	4244	4632	2536	13292	512	
FL	-88200	-88200	4	3	0	1	1	2	4	10	0	2343994	6075	4775	148	1925	4244	4632	2536	13292	512	
FL	-88400	-88400	4	3	0	2	2	1	4	8	0	2341828	6075	4775	148	1925	4244	4632	2536	13292	512	
FL	-88600	-88600	6	4	0	2	4	1	4	6	1	2339831	6075	4775	148	1925	4244	4632	2536	13292	512	
FL	-88800	-88800	5	4	1	1	4	1	4	6	1	2338134	6075	4775	148	1925	4244	4632	2536	13292	512	
FL	-89000	-89000	7	4	1	2	2	2	4	8	1	2336473	6075	4775	148	1925	4244	4632	2536	13292	512	
FL	-89200	-89200	5	3	1	1	0	1	2	6	1	2334350	6075	4775	148	1925	4244	4632	2536	13292	512	
FL	-89400	-89400	3	4	1	1	0	2	2	8	1	2332051	6075	4775	148	1925	4244	4632	2536	13292	512	
FL	-89600	-89600	4	4	1	1	1	2	1	8	1	2329777	6075	4775	148	1925	4244	4632	2536	13292	512	
FL	-89800	-89800	6	4	1	2	1	2	1	8	1	2327929	6075	4775	148	1925	4244	4632	2536	13292	512	
FL	-90000	-90000	5	5	0	2	2	4	1	8	1	2325901	6075	4775	148	1925	4244	4632	2536	13292	512	
FL	-90200	-90200	5	5	0	3	2	5	1	6	1	2323806	6075	4775	148	1925	4244	4632	2536	13292	512	
FL	-90400	-90400	6	5	0	3	2	6	1	7	1	2321468	6075	4775	148	1925	4244	4632	2536	13292	512	
FL	-90600	-90600	6	5	0	2	0	7	2	7	1	2319068	6075	4775	148	1925	4244	4632	2536	13292	512	
FL	-90800	-90800	7	5	0	2	0	7	1	7	0	2316477	6075	4775	148	1925	4244	4632	2536	13292	512	
FL	-91000	-91000	9	5	0	1	0	7	1	7	1	2314743	6075	4775	148	1925	4244	4632	2536	13292	512	
FL	-91200	-91200	8	5	0	1	0	6	1	8	1	2313496	6075	4775	148	1925	4244	4632	2536	13292	512	
FL	-91400	-91400	6	4	0	1	0	6	1	11	1	2312296	6075	4775	148	1925	4244	4632	2536	13292	512	
FL	-91600	-91600	6	3	0	1	0	4	1	15	1	2311333	6075	4775	148	1925	4244	4632	2536	13292	512	
FL	-91800	-91800	4	2	0	2	0	2	3	18	1	2310364	6075	4775	148	1925	4244	4632	2536	13292	512	
FL	-92000	-92000	4	3	0	2	1	3	0	16	1	2309289	6075	4775	148	1925	4244	4632	2536	13292	512	
FL	-92200	-92200	2	3	0	2	1	4	0	13	1	2308420	6075	4775	148	1925	4244	4632	2536	13292	512	
FL	-92400	-92400	3	3	0	2	0	5	0	12	1	2307533	6075	4775	148	1925	4244	4632	2536	13292	512	
FL	-92600	-92600	3	4	0	2	0	6	0	12	1	2306545	6075	4775	148	1925	4244	4632	2536	13292	512	
FL	-92800	-92800	3	4	0	1	1	6	0	12	1	2305545	6075	4775	148	1925	4244	4632	2536	13292	512	
FL	-93000	-93000	2	4	0	2	2	5	0	11	1	2304317	6075	4775	148	1925	4244	4632	2536	13292	512	
FL	-93200	-93200	5	4	0	2	2	4	1	14	1	2303015	6075	4775	148	1925	4244	4632	2536	13292	512	
FL	-93400	-93400	6	5	0	2	1	4	1	12	1	2301563	6075	4775	148	1925	4244	4632	2536	13292	512	
FL	-93600	-93600	9	5	0	1	2	3	1	11	1	2300390	6075	4775	148	1925	4244	4632	2536	13292	512	
FL	-93800	-93800	9	5	0	1	1	2	1	11	1	2299390	6075	4775	148	1925	4244	4632	2536	13292	512	
FL	-94000	-94000	7	5	0	0	1	2	1	10	1	2298483	6075	4775	148	1925	4244	4632	2536	13292	512	
FL	-94200	-94200	8	8	0	1	1	3	0	10	1	2297483	6075	4775	148	1925	4244	4632	2536	13292	512	
FL	-94400	-94400	8	8	0	1	1	3	0	9	1	2296349	6075	4775	148	1925	4244	4632	2536	13292	512	
FL	-94600	-94600	7	5	0	1	1	2	0	10	1	2295149	6075	4775	148	1925	4244	4632	2536	13292	512	
FL	-94800	-94800	5	5	0	1	1	2	0	9	1	2294022	6075	4775	148	1925	4244	4632	2536	13292	512	
FL	-95000	-95000	4	5	0	1	1	2	1	7	1	2292878	6075	4775	148	1925	4244	4632	2536	13292	512	
FL	-95200	-95200	2	5	0	1	1	2	1	6	1	2291092	6075	4775	148	1925	4244	4632	2536	13292	512	
FL	-95400	-95400	1	4	0	1	1	4	1	7	1	2289013	6075	4775	148	1925	4244	4632	2536	13292	512	
FL	-95600	-95600	0	4	0	0	1	4	1	8	1	2286428	6075	4775	148	1925	4244	4632	2536	13292	512	
FL	-95800	-95800	0	6	1	0	2	4	1	8	1	2283834	6075	4775	148	1925	4244	4632	2536	13292	512	
FL	-96000	-96000	0	5	0	0	3	5	3	8	1	2281311	6075	4775	148	1925	4244	4632	2536	13292	512	
FL	-96200	-96200	0	6	0	0	3	5	3	10	1	2278843	6075	4775	148	1925	4244	4632	2536	13292	512	
FL	-96400	-96400	1	6	0	0	3	5	4	9	1	2276146	6075	4775	148	1925	4244	4632	2536	13292	512	
FL	-96600	-96600	2	7	0	0	4	2	4	8	1	2273471	6075	4775	148	1925	4244	4632	2536	13292	512	
FL	-96800	-96800	3	5	0	0	4	1	4	8	1	2271049	6075	4775	148	1925	4244	4632	2536	13292	512	
FL	-97000	-97000	3	5	0	2	4	2	4	9	1	2268831	6075	4775	148	1925	4244	4632	2536	13292	512	
FL	-97200	-97200	5	4	0	2	4	2	4	11	1	2266551	6075	4775	148	1925	4244	4632	2536	13292	512	
FL	-97400	-97400	4	4	0	1	5	1	4	14	1	2264739	6075	4775	148	1925	4244	4632	2536	13292	512	
FL	-97600	-97600	5	4	0	1	6	1	4	15	1	2263063	6075	4775	148	1925	4244	4632	2536	13292	512	
FL	-97800	-97800	4	3	0	1	5	1	4	15	1	2261466	6075	4775	148	1925	4244	4632	2536	13292	512	
FL	-98000	-98000	5	4	0	1	4	1	3	19	1	2259635	6075	4775	148	1925	4244	4632	2536	13292	512	
FL	-98200	-98200	5	4	0	1	4	2	3	17	1	2258167	6075	4775	148	1925	4244	4632	2536	13292	512	
FL	-98400	-98400	6	5	0	1	4	1	3	18	1	2256976	6075	4775	148	1925	4244	4632	2536	13292	512	
FL	-98600	-98600	6	6	0	2	4	1	3	14	1	2255817	6075	4775	148	1925	4244	4632	2536	13292	512	
FL	-98800	-98800	6	7	0	2	5	1	2	12	1	2254617	6075	4775	148	1925	4244	4632	2536	13292	512	
FL	-99000	-99000	9	8	0	3	4	0	1	15	1	2253500	6075	4775	148	1925	4244	4632	2536	13292	512	
FL	-99200	-99200	10	8	0	3	4	0	0	13	1	2252565	6075	4775	148	1925	4244	4632	2536	13292	512	
FL	-99400	-99400	9	7	0	3	4	0	0	15	1	2251795	6075	4775	148	1925	4244	4632	2536	13292	512	
FL	-99600	-99600	10	6	0	3	5	0	0	13	1	2250847	6075	4775	148	1925	4244	4632	2536	13292	512	
FL	-99800	-99800	8	6	0	3	4	0	0	16	1	2249480	6075	4775	148	1925	4244	4632	2536	13292	512	
FL	-100000	-100000	8	6	0	4	2	1	0	14	1	2248143	6075	4775	148	1925	4244	4632	2536	13292	512	
