FL	0	0	13	16	0	13	21	10	9	61	1	12548924	6075	4775	148	1925	4244	4632	2536	13292	512	
FL	200	200	17	15	1	14	22	7	8	66	1	12492829	6075	4775	148	1925	4244	4632	2536	13292	512	
FL	400	400	20	14	1	18	23	8	11	63	1	12337531	6075	4775	148	1925	4244	4632	2536	13292	512	
FL	600	600	21	14	1	17	24	11	10	57	1	12112868	6075	4775	148	1925	4244	4632	2536	13292	512	
FL	800	800	20	15	1	17	22	11	9	55	1	11841292	6075	4775	148	1925	4244	4632	2536	13292	512	
FL	1000	1000	19	16	1	16	23	13	11	55	2	11536472	6075	4775	148	1925	4244	4632	2536	13292	512	
FL	1200	1200	17	16	1	14	22	12	14	53	4	11217990	6075	4775	148	1925	4244	4632	2536	13292	512	
FL	1400	1400	19	18	1	15	21	14	14	56	4	10892737	6075	4775	148	1925	4244	4632	2536	13292	512	
FL	1600	1600	19	20	1	16	21	13	12	51	4	10566999	6075	4775	148	1925	4244	4632	2536	13292	512	
FL	1800	1800	19	18	1	15	17	12	10	47	3	10251680	6075	4775	148	1925	4244	4632	2536	13292	512	
FL	2000	2000	21	18	1	15	17	12	9	38	3	9949039	6075	4775	148	1925	4244	4632	2536	13292	512	
FL	2200	2200	23	17	1	12	16	11	8	39	3	9660265	6075	4775	148	1925	4244	4632	2536	13292	512	
FL	2400	2400	20	16	1	10	15	12	9	35	3	9387880	6075	4775	148	1925	4244	4632	2536	13292	512	
FL	2600	2600	23	13	0	9	13	15	11	41	2	9132396	6075	4775	148	1925	4244	4632	2536	13292	512	
FL	2800	2800	22	15	0	8	10	13	10	39	2	8891247	6075	4775	148	1925	4244	4632	2536	13292	512	
FL	3000	3000	20	15	0	8	11	10	7	40	3	8663546	6075	4775	148	1925	4244	4632	2536	13292	512	
FL	3200	3200	19	17	0	10	12	9	7	37	3	8452431	6075	4775	148	1925	4244	4632	2536	13292	512	
FL	3400	3400	18	14	0	11	12	9	6	37	2	8254475	6075	4775	148	1925	4244	4632	2536	13292	512	
FL	3600	3600	20	13	0	11	15	10	6	37	2	8070286	6075	4775	148	1925	4244	4632	2536	13292	512	
FL	3800	3800	18	16	1	11	13	7	7	36	1	7899678	6075	4775	148	1925	4244	4632	2536	13292	512	
FL	4000	4000	17	14	1	11	13	6	8	32	1	7740084	6075	4775	148	1925	4244	4632	2536	13292	512	
FL	4200	4200	17	15	1	11	12	8	7	28	1	7588607	6075	4775	148	1925	4244	4632	2536	13292	512	
FL	4400	4400	15	16	1	13	12	8	8	28	1	7446952	6075	4775	148	1925	4244	4632	2536	13292	512	
FL	4600	4600	12	15	1	16	10	7	8	32	1	7313860	6075	4775	148	1925	4244	4632	2536	13292	512	
FL	4800	4800	11	15	1	16	10	8	8	40	1	7187309	6075	4775	148	1925	4244	4632	2536	13292	512	
FL	5000	5000	13	16	1	13	11	10	10	43	2	7068754	6075	4775	148	1925	4244	4632	2536	13292	512	
FL	5200	5200	12	11	1	10	11	11	9	34	1	6957372	6075	4775	148	1925	4244	4632	2536	13292	512	
FL	5400	5400	13	12	1	11	11	11	8	31	1	6852013	6075	4775	148	1925	4244	4632	2536	13292	512	
FL	5600	5600	12	14	1	7	7	10	6	29	1	6747784	6075	4775	148	1925	4244	4632	2536	13292	512	
FL	5800	5800	11	15	1	9	9	8	4	30	0	6647616	6075	4775	148	1925	4244	4632	2536	13292	512	
FL	6000	6000	8	11	0	9	9	7	4	30	0	6550294	6075	4775	148	1925	4244	4632	2536	13292	512	
FL	6200	6200	6	9	0	9	8	11	4	28	0	6455785	6075	4775	148	1925	4244	4632	2536	13292	512	
FL	6400	6400	5	7	0	9	7	15	5	28	0	6366640	6075	4775	148	1925	4244	4632	2536	13292	512	
FL	6600	6600	7	7	0	10	7	12	4	28	0	6280959	6075	4775	148	1925	4244	4632	2536	13292	512	
FL	6800	6800	8	7	0	9	8	13	3	29	2	6200037	6075	4775	148	1925	4244	4632	2536	13292	512	
FL	7000	7000	7	6	0	8	6	9	2	29	2	6123319	6075	4775	148	1925	4244	4632	2536	13292	512	
FL	7200	7200	7	5	0	8	5	13	2	27	2	6050687	6075	4775	148	1925	4244	4632	2536	13292	512	
FL	7400	7400	6	9	0	8	1	14	2	22	1	5982051	6075	4775	148	1925	4244	4632	2536	13292	512	
FL	7600	7600	6	10	0	7	2	14	4	22	1	5916572	6075	4775	148	1925	4244	4632	2536	13292	512	
FL	7800	7800	7	12	0	7	3	11	3	20	0	5855270	6075	4775	148	1925	4244	4632	2536	13292	512	
FL	8000	8000	8	12	0	3	4	12	3	18	0	5795414	6075	4775	148	1925	4244	4632	2536	13292	512	
FL	8200	8200	9	10	0	3	2	11	3	17	0	5738649	6075	4775	148	1925	4244	4632	2536	13292	512	
FL	8400	8400	9	9	2	3	1	8	2	16	0	5682623	6075	4775	148	1925	4244	4632	2536	13292	512	
FL	8600	8600	8	9	2	3	3	6	3	20	0	5626972	6075	4775	148	1925	4244	4632	2536	13292	512	
FL	8800	8800	7	9	3	1	5	5	3	19	0	5574697	6075	4775	148	1925	4244	4632	2536	13292	512	
FL	9000	9000	7	9	1	2	5	6	2	16	0	5525265	6075	4775	148	1925	4244	4632	2536	13292	512	
FL	9200	9200	10	10	1	3	6	6	2	17	1	5477640	6075	4775	148	1925	4244	4632	2536	13292	512	
FL	9400	9400	11	6	0	3	8	6	2	20	1	5432959	6075	4775	148	1925	4244	4632	2536	13292	512	
FL	9600	9600	14	6	0	2	8	4	2	22	1	5390252	6075	4775	148	1925	4244	4632	2536	13292	512	
FL	9800	9800	15	6	0	3	9	7	2	22	1	5350082	6075	4775	148	1925	4244	4632	2536	13292	512	
FL	10000	10000	15	7	0	3	9	7	3	23	1	5310432	6075	4775	148	1925	4244	4632	2536	13292	512	
FL	10200	10200	15	8	0	5	6	10	3	25	1	5271715	6075	4775	148	1925	4244	4632	2536	13292	512	
FL	10400	10400	14	8	0	9	6	12	3	28	0	5234783	6075	4775	148	1925	4244	4632	2536	13292	512	
FL	10600	10600	16	8	0	10	6	14	3	29	0	5197926	6075	4775	148	1925	4244	4632	2536	13292	512	
FL	10800	10800	16	7	0	9	7	16	4	32	0	5160542	6075	4775	148	1925	4244	4632	2536	13292	512	
FL	11000	11000	19	8	0	9	6	16	5	37	0	5124135	6075	4775	148	1925	4244	4632	2536	13292	512	
FL	11200	11200	17	9	0	9	7	15	4	33	0	5088327	6075	4775	148	1925	4244	4632	2536	13292	512	
FL	11400	11400	17	8	0	8	6	15	3	30	0	5054749	6075	4775	148	1925	4244	4632	2536	13292	512	
FL	11600	11600	19	9	0	9	8	12	3	30	1	5022800	6075	4775	148	1925	4244	4632	2536	13292	512	
FL	11800	11800	18	8	0	9	7	11	4	35	1	4991080	6075	4775	148	1925	4244	4632	2536	13292	512	
FL	12000	12000	17	6	0	8	9	12	4	34	0	4958745	6075	4775	148	1925	4244	4632	2536	13292	512	
FL	12200	12200	17	9	0	7	10	12	4	31	0	4926691	6075	4775	148	1925	4244	4632	2536	13292	512	
FL	12400	12400	17	7	0	8	10	13	6	31	0	4896127	6075	4775	148	1925	4244	4632	2536	13292	512	
FL	12600	12600	18	7	0	8	10	13	5	32	0	4867199	6075	4775	148	1925	4244	4632	2536	13292	512	
FL	12800	12800	15	8	0	8	9	15	6	31	0	4839428	6075	4775	148	1925	4244	4632	2536	13292	512	
FL	13000	13000	15	9	0	8	10	17	7	28	0	4812925	6075	4775	148	1925	4244	4632	2536	13292	512	
FL	13200	13200	14	8	0	9	8	16	7	28	1	4786831	6075	4775	148	1925	4244	4632	2536	13292	512	
FL	13400	13400	16	10	0	6	7	14	7	28	1	4761576	6075	4775	148	1925	4244	4632	2536	13292	512	
FL	13600	13600	13	9	0	3	8	15	8	23	1	4735890	6075	4775	148	1925	4244	4632	2536	13292	512	
FL	13800	13800	13	7	0	4	8	14	8	24	1	4710911	6075	4775	148	1925	4244	4632	2536	13292	512	
FL	14000	14000	12	9	0	5	7	12	5	15	1	4686544	6075	4775	148	1925	4244	4632	2536	13292	512	
FL	14200	14200	14	8	0	4	7	10	5	18	1	4663959	6075	4775	148	1925	4244	4632	2536	13292	512	
FL	14400	14400	11	10	0	3	8	10	5	17	1	4642274	6075	4775	148	1925	4244	4632	2536	13292	512	
FL	14600	14600	10	9	0	4	9	11	5	16	1	4620923	6075	4775	148	1925	4244	4632	2536	13292	512	
FL	14800	14800	10	8	0	5	6	13	7	16	1	4600234	6075	4775	148	1925	4244	4632	2536	13292	512	
FL	15000	15000	12	5	0	4	7	14	4	14	1	4580114	6075	4775	148	1925	4244	4632	2536	13292	512	
FL	15200	15200	10	6	1	9	6	12	5	13	2	4560295	6075	4775	148	1925	4244	4632	2536	13292	512	
FL	15400	15400	9	8	1	9	6	10	6	12	2	4540382	6075	4775	148	1925	4244	4632	2536	13292	512	
FL	15600	15600	10	8	0	9	6	10	6	9	1	4520391	6075	4775	148	1925	4244	4632	2536	13292	512	
FL	15800	15800	8	8	0	9	5	11	7	11	1	4499131	6075	4775	148	1925	4244	4632	2536	13292	512	
FL	16000	16000	6	5	0	4	3	10	6	18	1	4476267	6075	4775	148	1925	4244	4632	2536	13292	512	
FL	16200	16200	4	6	0	5	4	10	6	24	0	4453602	6075	4775	148	1925	4244	4632	2536	13292	512	
FL	16400	16400	7	6	0	5	4	10	5	30	0	4433456	6075	4775	148	1925	4244	4632	2536	13292	512	
FL	16600	16600	5	5	0	5	4	11	4	29	1	4414588	6075	4775	148	1925	4244	4632	2536	13292	512	
FL	16800	16800	8	6	0	6	4	13	5	29	1	4396915	6075	4775	148	1925	4244	4632	2536	13292	512	
FL	17000	17000	8	5	0	5	2	12	5	32	1	4377796	6075	4775	148	1925	4244	4632	2536	13292	512	
FL	17200	17200	7	6	0	3	4	11	4	30	1	4358190	6075	4775	148	1925	4244	4632	2536	13292	512	
FL	17400	17400	8	6	0	3	2	11	4	29	0	4337664	6075	4775	148	1925	4244	4632	2536	13292	512	
FL	17600	17600	6	5	0	2	3	8	2	24	0	4317306	6075	4775	148	1925	4244	4632	2536	13292	512	
FL	17800	17800	3	3	0	2	4	8	3	27	0	4296692	6075	4775	148	1925	4244	4632	2536	13292	512	
FL	18000	18000	3	3	0	2	4	7	3	27	0	4276559	6075	4775	148	1925	4244	4632	2536	13292	512	
FL	18200	18200	3	3	0	2	5	7	3	26	0	4256027	6075	4775	148	1925	4244	4632	2536	13292	512	
FL	18400	18400	3	6	0	2	6	9	4	21	0	4236597	6075	4775	148	1925	4244	4632	2536	13292	512	
FL	18600	18600	6	6	0	2	5	9	5	21	0	4217923	6075	4775	148	1925	4244	4632	2536	13292	512	
FL	18800	18800	6	7	0	2	6	8	5	19	0	4200334	6075	4775	148	1925	4244	4632	2536	13292	512	
FL	19000	19000	6	7	0	2	5	7	4	19	0	4183452	6075	4775	148	1925	4244	4632	2536	13292	512	
FL	19200	19200	8	8	0	3	5	10	4	19	0	4166633	6075	4775	148	1925	4244	4632	2536	13292	512	
FL	19400	19400	9	7	0	2	5	12	4	18	0	4149435	6075	4775	148	1925	4244	4632	2536	13292	512	
FL	19600	19600	11	7	0	2	5	12	4	15	0	4131338	6075	4775	148	1925	4244	4632	2536	13292	512	
FL	19800	19800	11	7	0	2	4	9	5	20	1	4113042	6075	4775	148	1925	4244	4632	2536	13292	512	
FL	20000	20000	9	8	0	1	3	9	5	22	1	4094034	6075	4775	148	1925	4244	4632	2536	13292	512	
FL	20200	20200	10	8	0	1	4	8	6	23	1	4075644	6075	4775	148	1925	4244	4632	2536	13292	512	
FL	20400	20400	14	7	0	1	6	8	5	24	1	4058267	6075	4775	148	1925	4244	4632	2536	13292	512	
FL	20600	20600	12	7	0	1	5	9	5	30	1	4040056	6075	4775	148	1925	4244	4632	2536	13292	512	
FL	20800	20800	13	6	0	1	5	10	7	24	1	4022673	6075	4775	148	1925	4244	4632	2536	13292	512	
FL	21000	21000	14	5	1	0	3	9	7	20	1	4006866	6075	4775	148	1925	4244	4632	2536	13292	512	
FL	21200	21200	14	9	1	1	3	9	7	19	1	3991286	6075	4775	148	1925	4244	4632	2536	13292	512	
FL	21400	21400	16	8	1	1	2	7	7	22	1	3976154	6075	4775	148	1925	4244	4632	2536	13292	512	
FL	21600	21600	13	5	1	1	3	8	7	22	1	3962358	6075	4775	148	1925	4244	4632	2536	13292	512	
FL	21800	21800	12	5	1	1	3	10	4	19	1	3947500	6075	4775	148	1925	4244	4632	2536	13292	512	
FL	22000	22000	11	4	1	1	2	10	4	21	1	3933108	6075	4775	148	1925	4244	4632	2536	13292	512	
FL	22200	22200	10	4	1	1	2	10	4	19	3	3918416	6075	4775	148	1925	4244	4632	2536	13292	512	
FL	22400	22400	11	6	2	1	0	10	4	21	2	3904576	6075	4775	148	1925	4244	4632	2536	13292	512	
FL	22600	22600	6	6	2	1	0	9	5	18	2	3891284	6075	4775	148	1925	4244	4632	2536	13292	512	
FL	22800	22800	5	6	2	1	1	8	5	18	2	3877528	6075	4775	148	1925	4244	4632	2536	13292	512	
FL	23000	23000	6	5	2	2	2	8	4	20	1	3864935	6075	4775	148	1925	4244	4632	2536	13292	512	
FL	23200	23200	6	7	2	1	1	9	5	20	2	3853297	6075	4775	148	1925	4244	4632	2536	13292	512	
FL	23400	23400	8	7	2	1	2	9	4	22	2	3842755	6075	4775	148	1925	4244	4632	2536	13292	512	
FL	23600	23600	9	7	2	1	3	8	5	24	2	3833114	6075	4775	148	1925	4244	4632	2536	13292	512	
FL	23800	23800	9	7	1	2	4	10	6	22	2	3823053	6075	4775	148	1925	4244	4632	2536	13292	512	
FL	24000	24000	8	6	0	1	5	11	6	21	2	3813145	6075	4775	148	1925	4244	4632	2536	13292	512	
FL	24200	24200	9	5	0	1	5	8	5	23	2	3803107	6075	4775	148	1925	4244	4632	2536	13292	512	
FL	24400	24400	11	4	0	2	6	10	6	25	2	3792453	6075	4775	148	1925	4244	4632	2536	13292	512	
FL	24600	24600	14	5	0	2	6	9	7	25	2	3781779	6075	4775	148	1925	4244	4632	2536	13292	512	
FL	24800	24800	14	4	0	3	7	10	7	23	2	3772077	6075	4775	148	1925	4244	4632	2536	13292	512	
FL	25000	25000	10	3	0	2	7	12	8	22	1	3762982	6075	4775	148	1925	4244	4632	2536	13292	512	
FL	25200	25200	10	2	0	1	9	13	8	32	1	3753860	6075	4775	148	1925	4244	4632	2536	13292	512	
FL	25400	25400	11	3	0	0	9	13	8	35	0	3744980	6075	4775	148	1925	4244	4632	2536	13292	512	
FL	25600	25600	12	3	0	0	9	13	8	31	0	3735607	6075	4775	148	1925	4244	4632	2536	13292	512	
FL	25800	25800	11	3	0	0	8	12	10	33	0	3725195	6075	4775	148	1925	4244	4632	2536	13292	512	
FL	26000	26000	9	3	0	1	8	10	10	27	0	3714191	6075	4775	148	1925	4244	4632	2536	13292	512	
FL	26200	26200	9	7	2	1	5	9	10	25	0	3702351	6075	4775	148	1925	4244	4632	2536	13292	512	
FL	26400	26400	6	9	2	2	6	7	8	24	0	3690587	6075	4775	148	1925	4244	4632	2536	13292	512	
FL	26600	26600	6	7	1	2	7	6	6	23	1	3679018	6075	4775	148	1925	4244	4632	2536	13292	512	
FL	26800	26800	5	8	1	2	8	6	5	23	1	3667854	6075	4775	148	1925	4244	4632	2536	13292	512	
FL	27000	27000	5	5	1	2	7	6	6	17	2	3655908	6075	4775	148	1925	4244	4632	2536	13292	512	
FL	27200	27200	6	5	1	3	5	5	5	14	2	3644304	6075	4775	148	1925	4244	4632	2536	13292	512	
FL	27400	27400	5	6	1	4	5	4	5	16	2	3633130	6075	4775	148	1925	4244	4632	2536	13292	512	
FL	27600	27600	4	5	0	4	5	5	8	21	2	3621581	6075	4775	148	1925	4244	4632	2536	13292	512	
FL	27800	27800	4	6	0	4	3	5	7	23	2	3609953	6075	4775	148	1925	4244	4632	2536	13292	512	
FL	28000	28000	4	3	0	3	3	6	6	23	1	3598565	6075	4775	148	1925	4244	4632	2536	13292	512	
FL	28200	28200	4	3	0	3	3	5	6	22	1	3588238	6075	4775	148	1925	4244	4632	2536	13292	512	
FL	28400	28400	3	3	0	2	3	5	6	27	1	3577491	6075	4775	148	1925	4244	4632	2536	13292	512	
FL	28600	28600	3	6	0	2	3	5	5	24	1	3567350	6075	4775	148	1925	4244	4632	2536	13292	512	
FL	28800	28800	5	5	0	1	3	5	4	20	1	3557710	6075	4775	148	1925	4244	4632	2536	13292	512	
FL	29000	29000	4	4	0	0	4	7	4	19	1	3548487	6075	4775	148	1925	4244	4632	2536	13292	512	
FL	29200	29200	2	7	0	0	4	6	3	20	1	3539551	6075	4775	148	1925	4244	4632	2536	13292	512	
FL	29400	29400	2	7	0	0	6	7	4	23	1	3531172	6075	4775	148	1925	4244	4632	2536	13292	512	
FL	29600	29600	2	9	0	0	7	6	4	21	1	3523566	6075	4775	148	1925	4244	4632	2536	13292	512	
FL	29800	29800	1	10	0	0	8	7	4	23	0	3516339	6075	4775	148	1925	4244	4632	2536	13292	512	
FL	30000	30000	2	8	0	0	8	9	3	20	0	3508710	6075	4775	148	1925	4244	4632	2536	13292	512	
FL	30200	30200	2	8	0	0	6	8	3	21	0	3500547	6075	4775	148	1925	4244	4632	2536	13292	512	
FL	30400	30400	4	9	0	1	6	8	2	20	0	3492538	6075	4775	148	1925	4244	4632	2536	13292	512	
FL	30600	30600	5	6	0	1	5	6	2	19	0	3484998	6075	4775	148	1925	4244	4632	2536	13292	512	
FL	30800	30800	4	6	0	1	3	6	1	21	0	3477691	6075	4775	148	1925	4244	4632	2536	13292	512	
FL	31000	31000	2	8	0	1	3	8	2	20	0	3470222	6075	4775	148	1925	4244	4632	2536	13292	512	
FL	31200	31200	3	7	0	1	5	8	1	22	0	3462577	6075	4775	148	1925	4244	4632	2536	13292	512	
FL	31400	31400	3	8	0	1	4	8	1	22	0	3455165	6075	4775	148	1925	4244	4632	2536	13292	512	
FL	31600	31600	1	6	0	1	4	8	1	24	0	3447708	6075	4775	148	1925	4244	4632	2536	13292	512	
FL	31800	31800	0	5	0	0	7	8	1	26	0	3440056	6075	4775	148	1925	4244	4632	2536	13292	512	
FL	32000	32000	3	6	0	0	9	9	1	28	0	3432785	6075	4775	148	1925	4244	4632	2536	13292	512	
FL	32200	32200	7	6	0	1	9	6	2	26	0	3426169	6075	4775	148	1925	4244	4632	2536	13292	512	
FL	32400	32400	9	5	0	3	10	6	2	23	0	3419762	6075	4775	148	1925	4244	4632	2536	13292	512	
FL	32600	32600	10	6	0	2	9	7	2	23	0	3414467	6075	4775	148	1925	4244	4632	2536	13292	512	
FL	32800	32800	10	7	0	2	12	7	2	23	0	3409033	6075	4775	148	1925	4244	4632	2536	13292	512	
FL	33000	33000	9	7	0	3	10	8	3	21	0	3403139	6075	4775	148	1925	4244	4632	2536	13292	512	
FL	33200	33200	9	8	0	4	11	11	3	20	0	3396162	6075	4775	148	1925	4244	4632	2536	13292	512	
FL	33400	33400	10	7	0	5	9	9	3	22	0	3388778	6075	4775	148	1925	4244	4632	2536	13292	512	
FL	33600	33600	12	9	0	5	6	7	2	23	0	3381346	6075	4775	148	1925	4244	4632	2536	13292	512	
FL	33800	33800	12	12	0	5	6	4	2	22	0	3373522	6075	4775	148	1925	4244	4632	2536	13292	512	
FL	34000	34000	9	9	0	6	6	3	2	19	0	3365760	6075	4775	148	1925	4244	4632	2536	13292	512	
FL	34200	34200	9	11	0	7	6	3	2	20	0	3358553	6075	4775	148	1925	4244	4632	2536	13292	512	
FL	34400	34400	8	9	0	5	6	3	3	19	0	3351589	6075	4775	148	1925	4244	4632	2536	13292	512	
FL	34600	34600	10	7	0	3	7	4	5	18	0	3345276	6075	4775	148	1925	4244	4632	2536	13292	512	
FL	34800	34800	10	7	0	2	7	2	5	17	0	3338702	6075	4775	148	1925	4244	4632	2536	13292	512	
FL	35000	35000	9	7	0	1	6	2	2	23	0	3332146	6075	4775	148	1925	4244	4632	2536	13292	512	
FL	35200	35200	11	7	0	2	5	2	2	17	0	3324936	6075	4775	148	1925	4244	4632	2536	13292	512	
FL	35400	35400	12	7	0	2	6	2	2	18	0	3316975	6075	4775	148	1925	4244	4632	2536	13292	512	
FL	35600	35600	12	8	0	0	8	2	3	17	0	3308793	6075	4775	148	1925	4244	4632	2536	13292	512	
FL	35800	35800	12	9	0	1	7	2	3	14	1	3300282	6075	4775	148	1925	4244	4632	2536	13292	512	
FL	36000	36000	13	9	0	0	7	1	3	12	1	3291325	6075	4775	148	1925	4244	4632	2536	13292	512	
FL	36200	36200	10	10	0	0	7	2	3	12	1	3282974	6075	4775	148	1925	4244	4632	2536	13292	512	
FL	36400	36400	8	10	0	0	6	2	3	13	1	3274546	6075	4775	148	1925	4244	4632	2536	13292	512	
FL	36600	36600	8	9	1	1	7	2	3	9	1	3266488	6075	4775	148	1925	4244	4632	2536	13292	512	
FL	36800	36800	7	9	0	1	7	4	3	16	1	3258246	6075	4775	148	1925	4244	4632	2536	13292	512	
FL	37000	37000	6	8	0	1	8	4	3	16	1	3249494	6075	4775	148	1925	4244	4632	2536	13292	512	
FL	37200	37200	6	8	0	1	7	4	2	15	0	3241115	6075	4775	148	1925	4244	4632	2536	13292	512	
FL	37400	37400	5	5	0	2	7	4	2	14	0	3233526	6075	4775	148	1925	4244	4632	2536	13292	512	
FL	37600	37600	11	4	0	2	6	2	2	11	0	3226895	6075	4775	148	1925	4244	4632	2536	13292	512	
FL	37800	37800	11	4	0	2	8	2	2	11	0	3219949	6075	4775	148	1925	4244	4632	2536	13292	512	
FL	38000	38000	10	4	0	2	6	1	1	10	0	3213153	6075	4775	148	1925	4244	4632	2536	13292	512	
FL	38200	38200	11	2	0	2	8	1	0	12	0	3205946	6075	4775	148	1925	4244	4632	2536	13292	512	
FL	38400	38400	8	3	0	3	9	1	0	11	0	3198792	6075	4775	148	1925	4244	4632	2536	13292	512	
FL	38600	38600	9	3	0	3	8	1	0	9	0	3192258	6075	4775	148	1925	4244	4632	2536	13292	512	
FL	38800	38800	8	2	0	3	8	1	0	10	0	3185606	6075	4775	148	1925	4244	4632	2536	13292	512	
FL	39000	39000	7	1	0	2	9	3	0	12	0	3179350	6075	4775	148	1925	4244	4632	2536	13292	512	
FL	39200	39200	6	0	0	0	9	2	1	13	0	3173883	6075	4775	148	1925	4244	4632	2536	13292	512	
FL	39400	39400	4	1	0	0	9	2	1	12	0	3169238	6075	4775	148	1925	4244	4632	2536	13292	512	
FL	39600	39600	6	2	0	1	6	2	0	16	0	3164482	6075	4775	148	1925	4244	4632	2536	13292	512	
FL	39800	39800	4	2	0	2	6	2	1	15	0	3159384	6075	4775	148	1925	4244	4632	2536	13292	512	
FL	40000	40000	4	3	0	2	5	4	1	16	0	3153489	6075	4775	148	1925	4244	4632	2536	13292	512	
FL	40200	40200	1	4	0	3	5	3	1	18	0	3146974	6075	4775	148	1925	4244	4632	2536	13292	512	
FL	40400	40400	2	4	1	3	6	3	1	17	0	3140361	6075	4775	148	1925	4244	4632	2536	13292	512	
FL	40600	40600	3	5	1	3	4	2	1	17	0	3133929	6075	4775	148	1925	4244	4632	2536	13292	512	
FL	40800	40800	4	7	1	2	2	3	2	16	0	3127377	6075	4775	148	1925	4244	4632	2536	13292	512	
FL	41000	41000	4	8	1	2	3	2	2	16	1	3121555	6075	4775	148	1925	4244	4632	2536	13292	512	
FL	41200	41200	3	9	1	2	3	2	2	16	1	3116218	6075	4775	148	1925	4244	4632	2536	13292	512	
FL	41400	41400	4	9	0	3	4	4	1	17	1	3110870	6075	4775	148	1925	4244	4632	2536	13292	512	
FL	41600	41600	5	7	0	2	5	4	0	13	0	3105657	6075	4775	148	1925	4244	4632	2536	13292	512	
FL	41800	41800	4	6	0	2	5	3	0	13	0	3100278	6075	4775	148	1925	4244	4632	2536	13292	512	
FL	42000	42000	1	6	0	3	6	2	0	13	0	3094817	6075	4775	148	1925	4244	4632	2536	13292	512	
FL	42200	42200	1	2	0	2	7	4	0	12	0	3089019	6075	4775	148	1925	4244	4632	2536	13292	512	
FL	42400	42400	1	2	0	0	4	4	0	13	1	3083121	6075	4775	148	1925	4244	4632	2536	13292	512	
FL	42600	42600	0	4	0	1	4	3	0	14	1	3077439	6075	4775	148	1925	4244	4632	2536	13292	512	
FL	42800	42800	1	7	0	1	3	4	0	15	1	3071265	6075	4775	148	1925	4244	4632	2536	13292	512	
FL	43000	43000	2	6	0	1	4	3	0	13	1	3064199	6075	4775	148	1925	4244	4632	2536	13292	512	
FL	43200	43200	2	6	0	1	4	2	1	12	1	3056859	6075	4775	148	1925	4244	4632	2536	13292	512	
FL	43400	43400	2	6	0	1	2	2	2	12	1	3049993	6075	4775	148	1925	4244	4632	2536	13292	512	
FL	43600	43600	3	5	0	1	3	4	2	10	1	3044435	6075	4775	148	1925	4244	4632	2536	13292	512	
FL	43800	43800	4	5	0	2	3	4	2	10	1	3038464	6075	4775	148	1925	4244	4632	2536	13292	512	
FL	44000	44000	4	5	0	1	3	4	2	10	0	3032007	6075	4775	148	1925	4244	4632	2536	13292	512	
FL	44200	44200	6	4	0	1	3	6	5	8	0	3025765	6075	4775	148	1925	4244	4632	2536	13292	512	
FL	44400	44400	6	5	0	1	2	5	3	9	0	3019359	6075	4775	148	1925	4244	4632	2536	13292	512	
FL	44600	44600	7	6	0	1	2	6	4	10	0	3011976	6075	4775	148	1925	4244	4632	2536	13292	512	
FL	44800	44800	6	5	0	1	2	7	3	8	0	3004270	6075	4775	148	1925	4244	4632	2536	13292	512	
FL	45000	45000	5	4	0	0	2	5	4	8	0	2996941	6075	4775	148	1925	4244	4632	2536	13292	512	
FL	45200	45200	4	4	0	0	2	3	3	10	0	2989896	6075	4775	148	1925	4244	4632	2536	13292	512	
FL	45400	45400	5	4	0	0	2	4	4	9	0	2983239	6075	4775	148	1925	4244	4632	2536	13292	512	
FL	45600	45600	8	4	0	0	1	4	2	8	0	2977529	6075	4775	148	1925	4244	4632	2536	13292	512	
FL	45800	45800	7	4	0	0	1	5	3	8	0	2971884	6075	4775	148	1925	4244	4632	2536	13292	512	
FL	46000	46000	8	3	0	3	1	6	4	10	0	2966025	6075	4775	148	1925	4244	4632	2536	13292	512	
FL	46200	46200	10	3	0	1	1	6	1	10	0	2960012	6075	4775	148	1925	4244	4632	2536	13292	512	
FL	46400	46400	10	3	0	2	1	6	1	9	2	2953833	6075	4775	148	1925	4244	4632	2536	13292	512	
FL	46600	46600	6	2	0	2	2	9	1	11	2	2947869	6075	4775	148	1925	4244	4632	2536	13292	512	
FL	46800	46800	5	2	0	2	0	9	1	12	1	2942598	6075	4775	148	1925	4244	4632	2536	13292	512	
FL	47000	47000	5	2	0	1	0	10	1	13	1	2937980	6075	4775	148	1925	4244	4632	2536	13292	512	
FL	47200	47200	3	2	0	1	0	9	1	15	1	2933802	6075	4775	148	1925	4244	4632	2536	13292	512	
FL	47400	47400	3	2	0	1	1	9	0	11	2	2929658	6075	4775	148	1925	4244	4632	2536	13292	512	
FL	47600	47600	2	2	0	1	2	8	0	11	2	2925159	6075	4775	148	1925	4244	4632	2536	13292	512	
FL	47800	47800	2	2	0	1	1	6	1	11	2	2920675	6075	4775	148	1925	4244	4632	2536	13292	512	
FL	48000	48000	2	4	0	1	1	5	1	11	2	2916492	6075	4775	148	1925	4244	4632	2536	13292	512	
FL	48200	48200	2	4	0	1	1	5	1	9	2	2912576	6075	4775	148	1925	4244	4632	2536	13292	512	
FL	48400	48400	4	5	0	1	3	4	1	8	2	2908750	6075	4775	148	1925	4244	4632	2536	13292	512	
FL	48600	48600	5	5	0	0	4	2	1	9	2	2905252	6075	4775	148	1925	4244	4632	2536	13292	512	
FL	48800	48800	5	5	0	0	4	1	1	9	3	2901852	6075	4775	148	1925	4244	4632	2536	13292	512	
FL	49000	49000	3	4	0	1	6	1	2	9	1	2898277	6075	4775	148	1925	4244	4632	2536	13292	512	
FL	49200	49200	2	4	0	1	6	1	0	11	1	2894735	6075	4775	148	1925	4244	4632	2536	13292	512	
FL	49400	49400	4	3	0	1	7	2	0	13	0	2891660	6075	4775	148	1925	4244	4632	2536	13292	512	
FL	49600	49600	6	2	0	1	8	1	0	12	0	2888408	6075	4775	148	1925	4244	4632	2536	13292	512	
FL	49800	49800	5	2	0	0	8	3	0	13	0	2884942	6075	4775	148	1925	4244	4632	2536	13292	512	
FL	50000	50000	5	2	0	1	8	4	0	14	0	2881468	6075	4775	148	1925	4244	4632	2536	13292	512	
FL	50200	50200	5	2	0	1	9	3	0	14	0	2878018	6075	4775	148	1925	4244	4632	2536	13292	512	
FL	50400	50400	3	2	0	1	10	3	1	13	0	2874149	6075	4775	148	1925	4244	4632	2536	13292	512	
FL	50600	50600	4	3	0	1	9	4	1	17	0	2870000	6075	4775	148	1925	4244	4632	2536	13292	512	
FL	50800	50800	5	5	0	1	8	3	1	22	0	2866189	6075	4775	148	1925	4244	4632	2536	13292	512	
FL	51000	51000	5	5	0	1	7	3	1	24	0	2862123	6075	4775	148	1925	4244	4632	2536	13292	512	
FL	51200	51200	9	3	0	2	7	4	1	26	0	2857766	6075	4775	148	1925	4244	4632	2536	13292	512	
FL	51400	51400	9	4	0	1	6	6	1	19	0	2853116	6075	4775	148	1925	4244	4632	2536	13292	512	
FL	51600	51600	11	3	0	1	6	6	2	18	0	2848126	6075	4775	148	1925	4244	4632	2536	13292	512	
FL	51800	51800	12	3	0	1	7	4	2	19	0	2843488	6075	4775	148	1925	4244	4632	2536	13292	512	
FL	52000	52000	10	3	0	3	7	4	3	24	0	2838806	6075	4775	148	1925	4244	4632	2536	13292	512	
FL	52200	52200	7	3	0	3	6	4	2	24	0	2834869	6075	4775	148	1925	4244	4632	2536	13292	512	
FL	52400	52400	6	4	0	3	5	4	2	22	0	2831293	6075	4775	148	1925	4244	4632	2536	13292	512	
FL	52600	52600	6	3	0	4	5	4	2	21	1	2827945	6075	4775	148	1925	4244	4632	2536	13292	512	
FL	52800	52800	5	2	0	4	4	5	1	21	2	2824011	6075	4775	148	1925	4244	4632	2536	13292	512	
FL	53000	53000	4	5	0	3	5	4	0	19	2	2819334	6075	4775	148	1925	4244	4632	2536	13292	512	
FL	53200	53200	4	5	0	3	6	4	1	17	1	2814308	6075	4775	148	1925	4244	4632	2536	13292	512	
FL	53400	53400	4	5	0	2	6	3	2	17	1	2809505	6075	4775	148	1925	4244	4632	2536	13292	512	
FL	53600	53600	6	5	0	3	4	3	2	17	1	2804924	6075	4775	148	1925	4244	4632	2536	13292	512	
FL	53800	53800	6	5	0	2	6	3	2	16	1	2800119	6075	4775	148	1925	4244	4632	2536	13292	512	
FL	54000	54000	7	6	0	2	8	3	2	14	1	2795163	6075	4775	148	1925	4244	4632	2536	13292	512	
FL	54200	54200	6	6	0	2	8	2	2	12	1	2790733	6075	4775	148	1925	4244	4632	2536	13292	512	
FL	54400	54400	6	6	0	2	9	3	1	14	1	2786393	6075	4775	148	1925	4244	4632	2536	13292	512	
FL	54600	54600	6	6	0	2	9	3	3	15	1	2782025	6075	4775	148	1925	4244	4632	2536	13292	512	
FL	54800	54800	3	7	1	3	7	6	3	16	1	2777767	6075	4775	148	1925	4244	4632	2536	13292	512	
FL	55000	55000	4	7	1	3	7	6	3	16	1	2774452	6075	4775	148	1925	4244	4632	2536	13292	512	
FL	55200	55200	6	6	1	3	8	4	3	14	0	2771568	6075	4775	148	1925	4244	4632	2536	13292	512	
FL	55400	55400	8	6	1	4	7	3	1	12	0	2768967	6075	4775	148	1925	4244	4632	2536	13292	512	
FL	55600	55600	6	5	1	3	7	5	0	10	0	2766318	6075	4775	148	1925	4244	4632	2536	13292	512	
FL	55800	55800	5	4	0	3	4	8	0	10	0	2763780	6075	4775	148	1925	4244	4632	2536	13292	512	
FL	56000	56000	4	6	0	2	3	5	0	7	0	2761518	6075	4775	148	1925	4244	4632	2536	13292	512	
FL	56200	56200	3	7	0	2	3	5	0	7	0	2758862	6075	4775	148	1925	4244	4632	2536	13292	512	
FL	56400	56400	2	6	0	2	3	6	1	8	0	2756527	6075	4775	148	1925	4244	4632	2536	13292	512	
FL	56600	56600	2	5	0	2	4	6	1	8	0	2754092	6075	4775	148	1925	4244	4632	2536	13292	512	
FL	56800	56800	4	4	0	0	3	6	2	11	0	2750786	6075	4775	148	1925	4244	4632	2536	13292	512	
FL	57000	57000	6	6	0	0	3	6	2	12	1	2747410	6075	4775	148	1925	4244	4632	2536	13292	512	
FL	57200	57200	6	6	0	0	1	6	3	13	2	2743678	6075	4775	148	1925	4244	4632	2536	13292	512	
FL	57400	57400	5	5	0	0	2	3	3	10	1	2739516	6075	4775	148	1925	4244	4632	2536	13292	512	
FL	57600	57600	4	5	1	1	2	3	4	13	1	2735191	6075	4775	148	1925	4244	4632	2536	13292	512	
FL	57800	57800	3	4	1	1	3	2	2	13	1	2730789	6075	4775	148	1925	4244	4632	2536	13292	512	
FL	58000	58000	2	5	1	1	4	3	1	13	1	2726483	6075	4775	148	1925	4244	4632	2536	13292	512	
FL	58200	58200	2	5	1	1	5	7	1	17	1	2721727	6075	4775	148	1925	4244	4632	2536	13292	512	
FL	58400	58400	4	4	1	1	5	7	1	18	1	2716882	6075	4775	148	1925	4244	4632	2536	13292	512	
FL	58600	58600	5	5	2	1	5	5	1	22	1	2712643	6075	4775	148	1925	4244	4632	2536	13292	512	
FL	58800	58800	6	5	2	0	7	5	1	21	1	2708706	6075	4775	148	1925	4244	4632	2536	13292	512	
FL	59000	59000	8	7	2	0	7	7	1	23	0	2704437	6075	4775	148	1925	4244	4632	2536	13292	512	
FL	59200	59200	10	7	1	1	7	8	1	22	1	2699918	6075	4775	148	1925	4244	4632	2536	13292	512	
FL	59400	59400	13	6	1	2	4	9	2	23	1	2695233	6075	4775	148	1925	4244	4632	2536	13292	512	
FL	59600	59600	12	7	0	2	3	8	1	21	1	2691537	6075	4775	148	1925	4244	4632	2536	13292	512	
FL	59800	59800	10	5	0	2	4	9	2	24	0	2687982	6075	4775	148	1925	4244	4632	2536	13292	512	
FL	60000	60000	10	5	0	0	5	6	2	21	0	2684421	6075	4775	148	1925	4244	4632	2536	13292	512	
FL	60200	60200	9	4	0	0	5	6	2	18	0	2681156	6075	4775	148	1925	4244	4632	2536	13292	512	
FL	60400	60400	9	4	0	0	4	4	3	18	1	2677325	6075	4775	148	1925	4244	4632	2536	13292	512	
FL	60600	60600	9	3	0	0	4	6	2	16	1	2672806	6075	4775	148	1925	4244	4632	2536	13292	512	
FL	60800	60800	6	3	0	0	4	4	2	16	1	2668051	6075	4775	148	1925	4244	4632	2536	13292	512	
FL	61000	61000	6	4	0	0	4	4	2	13	1	2663717	6075	4775	148	1925	4244	4632	2536	13292	512	
FL	61200	61200	6	3	0	0	3	5	4	12	1	2659441	6075	4775	148	1925	4244	4632	2536	13292	512	
FL	61400	61400	6	4	0	0	3	3	5	10	1	2655239	6075	4775	148	1925	4244	4632	2536	13292	512	
FL	61600	61600	5	3	0	0	2	3	5	11	1	2651722	6075	4775	148	1925	4244	4632	2536	13292	512	
FL	61800	61800	6	2	0	0	2	3	5	10	1	2648913	6075	4775	148	1925	4244	4632	2536	13292	512	
FL	62000	62000	6	1	0	0	3	5	5	10	1	2645724	6075	4775	148	1925	4244	4632	2536	13292	512	
FL	62200	62200	6	2	0	0	3	5	2	9	1	2642450	6075	4775	148	1925	4244	4632	2536	13292	512	
FL	62400	62400	6	3	0	0	3	8	2	10	1	2639273	6075	4775	148	1925	4244	4632	2536	13292	512	
FL	62600	62600	6	3	0	0	3	6	1	10	1	2636428	6075	4775	148	1925	4244	4632	2536	13292	512	
FL	62800	62800	6	4	0	0	5	6	2	8	1	2634397	6075	4775	148	1925	4244	4632	2536	13292	512	
FL	63000	63000	7	5	0	0	5	5	3	9	1	2632761	6075	4775	148	1925	4244	4632	2536	13292	512	
FL	63200	63200	4	5	0	0	5	6	3	11	1	2630740	6075	4775	148	1925	4244	4632	2536	13292	512	
FL	63400	63400	3	7	0	0	6	7	4	15	0	2628449	6075	4775	148	1925	4244	4632	2536	13292	512	
FL	63600	63600	3	7	0	0	5	9	3	15	0	2625972	6075	4775	148	1925	4244	4632	2536	13292	512	
FL	63800	63800	5	7	0	0	4	9	3	18	0	2623530	6075	4775	148	1925	4244	4632	2536	13292	512	
FL	64000	64000	5	9	0	0	4	8	3	16	1	2621010	6075	4775	148	1925	4244	4632	2536	13292	512	
FL	64200	64200	6	9	0	0	4	8	2	16	2	2618441	6075	4775	148	1925	4244	4632	2536	13292	512	
FL	64400	64400	5	7	0	0	4	7	2	17	2	2615285	6075	4775	148	1925	4244	4632	2536	13292	512	
FL	64600	64600	5	7	0	0	4	5	2	16	2	2611986	6075	4775	148	1925	4244	4632	2536	13292	512	
FL	64800	64800	5	10	0	0	3	5	2	16	2	2608967	6075	4775	148	1925	4244	4632	2536	13292	512	
FL	65000	65000	3	11	0	1	3	4	2	14	2	2606412	6075	4775	148	1925	4244	4632	2536	13292	512	
FL	65200	65200	3	9	0	2	3	3	4	12	2	2604109	6075	4775	148	1925	4244	4632	2536	13292	512	
FL	65400	65400	3	9	0	3	2	3	4	12	2	2601921	6075	4775	148	1925	4244	4632	2536	13292	512	
FL	65600	65600	5	9	0	3	2	3	3	14	2	2600178	6075	4775	148	1925	4244	4632	2536	13292	512	
FL	65800	65800	5	8	0	3	2	3	3	12	2	2598588	6075	4775	148	1925	4244	4632	2536	13292	512	
FL	66000	66000	6	8	0	3	3	4	3	13	1	2596884	6075	4775	148	1925	4244	4632	2536	13292	512	
FL	66200	66200	7	7	0	2	2	3	3	10	1	2595240	6075	4775	148	1925	4244	4632	2536	13292	512	
FL	66400	66400	8	7	0	2	1	4	3	10	0	2593561	6075	4775	148	1925	4244	4632	2536	13292	512	
FL	66600	66600	8	6	0	2	2	4	2	11	0	2591715	6075	4775	148	1925	4244	4632	2536	13292	512	
FL	66800	66800	9	5	0	3	2	5	2	8	0	2589499	6075	4775	148	1925	4244	4632	2536	13292	512	
FL	67000	67000	8	3	0	3	3	2	1	5	0	2586923	6075	4775	148	1925	4244	4632	2536	13292	512	
FL	67200	67200	8	6	0	2	2	2	2	2	0	2584846	6075	4775	148	1925	4244	4632	2536	13292	512	
FL	67400	67400	7	8	0	2	2	2	2	3	0	2582568	6075	4775	148	1925	4244	4632	2536	13292	512	
FL	67600	67600	9	8	0	2	2	1	3	5	0	2580430	6075	4775	148	1925	4244	4632	2536	13292	512	
FL	67800	67800	7	7	0	2	2	0	3	5	0	2578190	6075	4775	148	1925	4244	4632	2536	13292	512	
FL	68000	68000	4	5	0	2	2	0	3	6	0	2575305	6075	4775	148	1925	4244	4632	2536	13292	512	
FL	68200	68200	3	5	0	1	2	0	3	5	0	2572305	6075	4775	148	1925	4244	4632	2536	13292	512	
FL	68400	68400	2	5	0	1	2	0	2	6	0	2569679	6075	4775	148	1925	4244	4632	2536	13292	512	
FL	68600	68600	2	5	0	1	2	1	2	7	0	2567774	6075	4775	148	1925	4244	4632	2536	13292	512	
FL	68800	68800	2	4	0	1	1	1	3	5	0	2565757	6075	4775	148	1925	4244	4632	2536	13292	512	
FL	69000	69000	2	4	0	2	1	1	3	4	0	2563395	6075	4775	148	1925	4244	4632	2536	13292	512	
FL	69200	69200	3	3	0	2	2	1	2	3	0	2561168	6075	4775	148	1925	4244	4632	2536	13292	512	
FL	69400	69400	5	2	0	2	1	1	3	3	0	2558821	6075	4775	148	1925	4244	4632	2536	13292	512	
FL	69600	69600	5	3	0	3	1	2	4	3	0	2556803	6075	4775	148	1925	4244	4632	2536	13292	512	
FL	69800	69800	6	2	0	1	2	4	4	4	0	2554298	6075	4775	148	1925	4244	4632	2536	13292	512	
FL	70000	70000	4	2	0	1	2	4	4	5	0	2551590	6075	4775	148	1925	4244	4632	2536	13292	512	
FL	70200	70200	3	3	0	1	6	3	4	6	1	2548591	6075	4775	148	1925	4244	4632	2536	13292	512	
FL	70400	70400	3	2	0	1	8	3	2	6	1	2545625	6075	4775	148	1925	4244	4632	2536	13292	512	
FL	70600	70600	3	2	0	1	9	4	3	7	1	2542739	6075	4775	148	1925	4244	4632	2536	13292	512	
FL	70800	70800	4	2	0	3	9	6	3	6	1	2539901	6075	4775	148	1925	4244	4632	2536	13292	512	
FL	71000	71000	9	2	0	2	10	7	2	7	1	2536871	6075	4775	148	1925	4244	4632	2536	13292	512	
FL	71200	71200	9	3	0	3	10	9	2	10	1	2533599	6075	4775	148	1925	4244	4632	2536	13292	512	
FL	71400	71400	7	4	0	2	11	10	2	11	2	2529794	6075	4775	148	1925	4244	4632	2536	13292	512	
FL	71600	71600	5	3	1	2	10	12	2	15	2	2526108	6075	4775	148	1925	4244	4632	2536	13292	512	
FL	71800	71800	4	3	1	2	9	9	2	13	2	2523111	6075	4775	148	1925	4244	4632	2536	13292	512	
FL	72000	72000	4	3	1	1	10	7	2	14	2	2520148	6075	4775	148	1925	4244	4632	2536	13292	512	
FL	72200	72200	4	2	1	2	9	7	3	12	2	2517572	6075	4775	148	1925	4244	4632	2536	13292	512	
FL	72400	72400	3	2	0	2	8	5	2	15	1	2515007	6075	4775	148	1925	4244	4632	2536	13292	512	
FL	72600	72600	3	2	0	3	5	4	3	17	1	2512830	6075	4775	148	1925	4244	4632	2536	13292	512	
FL	72800	72800	2	3	0	4	5	4	3	17	0	2510639	6075	4775	148	1925	4244	4632	2536	13292	512	
FL	73000	73000	1	4	1	4	6	4	4	16	0	2508108	6075	4775	148	1925	4244	4632	2536	13292	512	
FL	73200	73200	1	5	1	4	7	4	4	12	0	2505761	6075	4775	148	1925	4244	4632	2536	13292	512	
FL	73400	73400	2	3	1	1	6	5	4	9	0	2503485	6075	4775	148	1925	4244	4632	2536	13292	512	
FL	73600	73600	2	3	1	1	6	5	4	10	0	2500818	6075	4775	148	1925	4244	4632	2536	13292	512	
FL	73800	73800	3	3	1	1	7	5	3	10	0	2498289	6075	4775	148	1925	4244	4632	2536	13292	512	
FL	74000	74000	3	4	1	1	5	4	2	10	0	2496181	6075	4775	148	1925	4244	4632	2536	13292	512	
FL	74200	74200	2	4	1	1	7	2	2	12	0	2494013	6075	4775	148	1925	4244	4632	2536	13292	512	
FL	74400	74400	3	4	0	1	5	2	2	12	0	2491579	6075	4775	148	1925	4244	4632	2536	13292	512	
FL	74600	74600	5	4	0	1	5	3	2	12	0	2489190	6075	4775	148	1925	4244	4632	2536	13292	512	
FL	74800	74800	7	4	0	2	6	3	1	7	0	2486780	6075	4775	148	1925	4244	4632	2536	13292	512	
FL	75000	75000	6	4	0	1	9	2	1	4	0	2484355	6075	4775	148	1925	4244	4632	2536	13292	512	
FL	75200	75200	4	5	0	1	7	5	0	7	0	2481672	6075	4775	148	1925	4244	4632	2536	13292	512	
FL	75400	75400	4	5	0	1	7	6	1	8	0	2479159	6075	4775	148	1925	4244	4632	2536	13292	512	
FL	75600	75600	2	8	0	1	7	6	1	8	0	2476997	6075	4775	148	1925	4244	4632	2536	13292	512	
FL	75800	75800	2	8	0	1	6	4	1	7	0	2474797	6075	4775	148	1925	4244	4632	2536	13292	512	
FL	76000	76000	2	7	0	0	5	4	1	7	0	2472516	6075	4775	148	1925	4244	4632	2536	13292	512	
FL	76200	76200	2	7	0	0	6	3	1	9	0	2470192	6075	4775	148	1925	4244	4632	2536	13292	512	
FL	76400	76400	3	5	0	0	6	3	1	11	0	2468361	6075	4775	148	1925	4244	4632	2536	13292	512	
FL	76600	76600	3	5	0	2	4	2	1	10	0	2466072	6075	4775	148	1925	4244	4632	2536	13292	512	
FL	76800	76800	2	2	0	2	4	1	3	9	0	2463524	6075	4775	148	1925	4244	4632	2536	13292	512	
FL	77000	77000	2	2	0	2	2	1	3	8	0	2461553	6075	4775	148	1925	4244	4632	2536	13292	512	
FL	77200	77200	3	2	0	3	2	2	3	8	0	2460156	6075	4775	148	1925	4244	4632	2536	13292	512	
FL	77400	77400	4	5	0	1	3	1	3	11	0	2458352	6075	4775	148	1925	4244	4632	2536	13292	512	
FL	77600	77600	4	7	0	2	3	2	3	12	0	2456262	6075	4775	148	1925	4244	4632	2536	13292	512	
FL	77800	77800	3	7	0	2	6	2	3	15	0	2453850	6075	4775	148	1925	4244	4632	2536	13292	512	
FL	78000	78000	1	4	1	1	6	2	2	12	0	2451591	6075	4775	148	1925	4244	4632	2536	13292	512	
FL	78200	78200	2	5	1	2	6	2	1	14	0	2449313	6075	4775	148	1925	4244	4632	2536	13292	512	
FL	78400	78400	3	5	1	3	5	2	0	15	0	2447238	6075	4775	148	1925	4244	4632	2536	13292	512	
FL	78600	78600	3	6	1	4	8	1	1	15	0	2445218	6075	4775	148	1925	4244	4632	2536	13292	512	
FL	78800	78800	5	5	1	4	7	1	2	15	0	2443436	6075	4775	148	1925	4244	4632	2536	13292	512	
FL	79000	79000	8	4	1	3	4	1	3	14	0	2441621	6075	4775	148	1925	4244	4632	2536	13292	512	
FL	79200	79200	10	4	1	2	5	1	2	14	0	2440093	6075	4775	148	1925	4244	4632	2536	13292	512	
FL	79400	79400	9	5	1	1	6	1	2	14	0	2438614	6075	4775	148	1925	4244	4632	2536	13292	512	
FL	79600	79600	9	5	2	1	10	4	2	14	0	2437271	6075	4775	148	1925	4244	4632	2536	13292	512	
FL	79800	79800	9	4	2	1	9	4	3	15	0	2436124	6075	4775	148	1925	4244	4632	2536	13292	512	
FL	80000	80000	8	3	2	1	10	5	3	13	0	2434775	6075	4775	148	1925	4244	4632	2536	13292	512	
FL	80200	80200	8	5	0	1	10	5	4	13	0	2433034	6075	4775	148	1925	4244	4632	2536	13292	512	
FL	80400	80400	7	6	0	1	6	5	6	13	0	2431138	6075	4775	148	1925	4244	4632	2536	13292	512	
FL	80600	80600	5	3	0	1	7	6	5	15	0	2429451	6075	4775	148	1925	4244	4632	2536	13292	512	
FL	80800	80800	5	4	0	0	6	7	7	17	0	2427552	6075	4775	148	1925	4244	4632	2536	13292	512	
FL	81000	81000	3	3	0	0	4	7	7	18	0	2425295	6075	4775	148	1925	4244	4632	2536	13292	512	
FL	81200	81200	2	3	0	0	2	7	8	20	0	2422773	6075	4775	148	1925	4244	4632	2536	13292	512	
FL	81400	81400	1	3	0	0	1	8	8	21	0	2420786	6075	4775	148	1925	4244	4632	2536	13292	512	
FL	81600	81600	1	3	0	0	1	8	4	20	0	2419249	6075	4775	148	1925	4244	4632	2536	13292	512	
FL	81800	81800	1	3	0	0	1	7	6	21	0	2417642	6075	4775	148	1925	4244	4632	2536	13292	512	
FL	82000	82000	1	3	0	0	1	7	8	22	0	2416118	6075	4775	148	1925	4244	4632	2536	13292	512	
FL	82200	82200	3	4	0	1	3	6	7	22	0	2414440	6075	4775	148	1925	4244	4632	2536	13292	512	
FL	82400	82400	3	3	0	1	3	5	7	22	1	2412948	6075	4775	148	1925	4244	4632	2536	13292	512	
FL	82600	82600	3	2	0	1	5	6	7	18	2	2411664	6075	4775	148	1925	4244	4632	2536	13292	512	
FL	82800	82800	3	2	1	0	6	5	7	16	2	2410342	6075	4775	148	1925	4244	4632	2536	13292	512	
FL	83000	83000	5	4	1	0	5	9	5	13	2	2408622	6075	4775	148	1925	4244	4632	2536	13292	512	
FL	83200	83200	5	4	1	0	6	9	7	12	2	2406773	6075	4775	148	1925	4244	4632	2536	13292	512	
FL	83400	83400	4	3	1	0	7	5	6	12	2	2404563	6075	4775	148	1925	4244	4632	2536	13292	512	
FL	83600	83600	4	3	1	0	7	5	6	6	2	2402437	6075	4775	148	1925	4244	4632	2536	13292	512	
FL	83800	83800	4	3	1	0	6	2	5	4	2	2400416	6075	4775	148	1925	4244	4632	2536	13292	512	
FL	84000	84000	4	3	1	0	6	2	4	3	2	2398556	6075	4775	148	1925	4244	4632	2536	13292	512	
FL	84200	84200	4	4	1	1	3	2	4	4	2	2397177	6075	4775	148	1925	4244	4632	2536	13292	512	
FL	84400	84400	4	5	1	3	2	1	3	6	1	2395786	6075	4775	148	1925	4244	4632	2536	13292	512	
FL	84600	84600	4	6	0	3	1	2	3	6	0	2394298	6075	4775	148	1925	4244	4632	2536	13292	512	
FL	84800	84800	3	7	0	3	1	3	3	6	0	2392453	6075	4775	148	1925	4244	4632	2536	13292	512	
FL	85000	85000	4	7	0	4	2	3	3	6	0	2390357	6075	4775	148	1925	4244	4632	2536	13292	512	
FL	85200	85200	5	8	0	4	2	3	3	9	0	2388518	6075	4775	148	1925	4244	4632	2536	13292	512	
FL	85400	85400	5	7	0	3	3	4	3	9	0	2386437	6075	4775	148	1925	4244	4632	2536	13292	512	
FL	85600	85600	4	6	0	2	3	3	3	7	0	2383921	6075	4775	148	1925	4244	4632	2536	13292	512	
FL	85800	85800	3	5	0	2	2	4	2	6	0	2381014	6075	4775	148	1925	4244	4632	2536	13292	512	
FL	86000	86000	5	4	0	0	1	4	3	7	0	2378673	6075	4775	148	1925	4244	4632	2536	13292	512	
FL	86200	86200	6	4	1	0	1	4	2	7	1	2376403	6075	4775	148	1925	4244	4632	2536	13292	512	
FL	86400	86400	6	4	1	1	3	4	3	9	1	2374271	6075	4775	148	1925	4244	4632	2536	13292	512	
FL	86600	86600	4	3	1	1	4	7	4	14	1	2372189	6075	4775	148	1925	4244	4632	2536	13292	512	
FL	86800	86800	2	3	2	1	5	7	3	17	1	2369717	6075	4775	148	1925	4244	4632	2536	13292	512	
FL	87000	87000	2	4	2	1	7	8	4	18	0	2367090	6075	4775	148	1925	4244	4632	2536	13292	512	
FL	87200	87200	4	3	2	2	8	5	4	16	1	2364659	6075	4775	148	1925	4244	4632	2536	13292	512	
FL	87400	87400	4	3	2	2	9	4	4	18	1	2362426	6075	4775	148	1925	4244	4632	2536	13292	512	
FL	87600	87600	4	3	2	2	10	4	3	15	1	2360292	6075	4775	148	1925	4244	4632	2536	13292	512	
FL	87800	87800	1	4	2	2	10	5	3	15	1	2358424	6075	4775	148	1925	4244	4632	2536	13292	512	
FL	88000	88000	2	5	2	1	9	5	3	14	1	2357055	6075	4775	148	1925	4244	4632	2536	13292	512	
FL	88200	88200	2	5	2	1	8	5	3	15	1	2355977	6075	4775	148	1925	4244	4632	2536	13292	512	
FL	88400	88400	3	6	2	1	5	4	4	18	1	2354777	6075	4775	148	1925	4244	4632	2536	13292	512	
FL	88600	88600	2	4	2	2	5	5	4	18	1	2353681	6075	4775	148	1925	4244	4632	2536	13292	512	
FL	88800	88800	4	5	2	2	4	7	4	19	0	2352676	6075	4775	148	1925	4244	4632	2536	13292	512	
FL	89000	89000	4	5	2	2	2	6	3	17	0	2351517	6075	4775	148	1925	4244	4632	2536	13292	512	
FL	89200	89200	4	5	2	2	2	6	3	19	0	2349857	6075	4775	148	1925	4244	4632	2536	13292	512	
FL	89400	89400	2	5	2	2	2	6	2	18	0	2348056	6075	4775	148	1925	4244	4632	2536	13292	512	
FL	89600	89600	2	6	1	3	3	5	1	18	0	2345909	6075	4775	148	1925	4244	4632	2536	13292	512	
FL	89800	89800	2	6	1	2	3	3	3	19	0	2343422	6075	4775	148	1925	4244	4632	2536	13292	512	
FL	90000	90000	4	4	1	3	4	4	3	14	0	2340562	6075	4775	148	1925	4244	4632	2536	13292	512	
FL	90200	90200	3	3	1	3	6	4	2	13	0	2337336	6075	4775	148	1925	4244	4632	2536	13292	512	
FL	90400	90400	3	4	0	3	5	4	2	11	0	2334300	6075	4775	148	1925	4244	4632	2536	13292	512	
FL	90600	90600	5	4	0	3	5	4	2	11	0	2331391	6075	4775	148	1925	4244	4632	2536	13292	512	
FL	90800	90800	8	6	0	2	5	4	2	9	1	2329030	6075	4775	148	1925	4244	4632	2536	13292	512	
FL	91000	91000	7	7	0	3	6	4	2	11	1	2326856	6075	4775	148	1925	4244	4632	2536	13292	512	
FL	91200	91200	9	8	0	4	3	3	2	13	1	2324916	6075	4775	148	1925	4244	4632	2536	13292	512	
FL	91400	91400	7	7	0	4	2	1	2	14	1	2323259	6075	4775	148	1925	4244	4632	2536	13292	512	
FL	91600	91600	5	6	0	4	2	1	2	13	1	2321692	6075	4775	148	1925	4244	4632	2536	13292	512	
FL	91800	91800	3	4	0	4	2	2	2	11	0	2320123	6075	4775	148	1925	4244	4632	2536	13292	512	
FL	92000	92000	3	5	0	3	2	2	3	14	0	2318491	6075	4775	148	1925	4244	4632	2536	13292	512	
FL	92200	92200	2	4	0	2	2	1	2	14	0	2317046	6075	4775	148	1925	4244	4632	2536	13292	512	
FL	92400	92400	3	4	0	2	2	4	2	15	0	2315373	6075	4775	148	1925	4244	4632	2536	13292	512	
FL	92600	92600	4	5	0	3	2	6	2	15	0	2313422	6075	4775	148	1925	4244	4632	2536	13292	512	
FL	92800	92800	4	5	0	4	5	6	3	11	0	2311822	6075	4775	148	1925	4244	4632	2536	13292	512	
FL	93000	93000	4	5	0	4	4	6	2	9	0	2309994	6075	4775	148	1925	4244	4632	2536	13292	512	
FL	93200	93200	2	5	0	4	4	6	2	8	0	2307962	6075	4775	148	1925	4244	4632	2536	13292	512	
FL	93400	93400	4	5	0	4	4	4	2	9	0	2305789	6075	4775	148	1925	4244	4632	2536	13292	512	
FL	93600	93600	4	2	0	6	1	4	2	13	0	2303801	6075	4775	148	1925	4244	4632	2536	13292	512	
FL	93800	93800	5	2	0	6	2	4	3	16	0	2301778	6075	4775	148	1925	4244	4632	2536	13292	512	
FL	94000	94000	5	1	0	4	2	5	2	14	0	2299951	6075	4775	148	1925	4244	4632	2536	13292	512	
FL	94200	94200	6	2	0	4	2	3	1	14	0	2298281	6075	4775	148	1925	4244	4632	2536	13292	512	
FL	94400	94400	6	3	0	4	2	3	1	16	0	2296547	6075	4775	148	1925	4244	4632	2536	13292	512	
FL	94600	94600	5	2	0	4	2	3	1	19	1	2294928	6075	4775	148	1925	4244	4632	2536	13292	512	
FL	94800	94800	6	3	0	4	3	3	1	20	1	2293523	6075	4775	148	1925	4244	4632	2536	13292	512	
FL	95000	95000	7	4	0	4	2	4	1	20	1	2292075	6075	4775	148	1925	4244	4632	2536	13292	512	
FL	95200	95200	6	3	0	4	1	4	1	18	1	2290227	6075	4775	148	1925	4244	4632	2536	13292	512	
FL	95400	95400	6	2	0	3	1	4	3	17	1	2288367	6075	4775	148	1925	4244	4632	2536	13292	512	
FL	95600	95600	5	2	0	2	1	5	3	16	0	2286365	6075	4775	148	1925	4244	4632	2536	13292	512	
FL	95800	95800	6	3	0	2	0	5	4	19	0	2284765	6075	4775	148	1925	4244	4632	2536	13292	512	
FL	96000	96000	5	4	0	2	0	5	4	18	0	2283055	6075	4775	148	1925	4244	4632	2536	13292	512	
FL	96200	96200	5	3	0	2	0	5	5	20	0	2281455	6075	4775	148	1925	4244	4632	2536	13292	512	
FL	96400	96400	4	3	0	3	1	5	5	19	0	2279711	6075	4775	148	1925	4244	4632	2536	13292	512	
FL	96600	96600	6	4	0	2	2	7	5	19	0	2278107	6075	4775	148	1925	4244	4632	2536	13292	512	
FL	96800	96800	7	3	0	3	3	7	3	13	0	2276495	6075	4775	148	1925	4244	4632	2536	13292	512	
FL	97000	97000	6	2	0	3	3	9	3	12	0	2274930	6075	4775	148	1925	4244	4632	2536	13292	512	
FL	97200	97200	5	2	0	3	3	8	4	11	0	2273303	6075	4775	148	1925	4244	4632	2536	13292	512	
FL	97400	97400	5	2	0	4	3	6	3	8	0	2271971	6075	4775	148	1925	4244	4632	2536	13292	512	
FL	97600	97600	5	2	0	3	4	7	3	9	0	2270571	6075	4775	148	1925	4244	4632	2536	13292	512	
FL	97800	97800	8	1	0	3	4	6	3	9	0	2269163	6075	4775	148	1925	4244	4632	2536	13292	512	
FL	98000	98000	9	0	0	3	3	7	2	12	0	2267652	6075	4775	148	1925	4244	4632	2536	13292	512	
FL	98200	98200	8	0	0	2	4	6	1	13	0	2266052	6075	4775	148	1925	4244	4632	2536	13292	512	
FL	98400	98400	8	0	0	1	4	4	1	11	0	2264494	6075	4775	148	1925	4244	4632	2536	13292	512	
FL	98600	98600	9	2	0	2	4	4	1	10	0	2262935	6075	4775	148	1925	4244	4632	2536	13292	512	
FL	98800	98800	8	2	0	1	2	4	2	9	0	2261335	6075	4775	148	1925	4244	4632	2536	13292	512	
FL	99000	99000	9	1	0	1	2	4	2	7	0	2259735	6075	4775	148	1925	4244	4632	2536	13292	512	
FL	99200	99200	9	1	0	0	3	3	2	5	0	2258136	6075	4775	148	1925	4244	4632	2536	13292	512	
FL	99400	99400	8	1	0	0	3	4	0	5	0	2256514	6075	4775	148	1925	4244	4632	2536	13292	512	
FL	99600	99600	7	2	0	0	2	6	2	9	0	2254906	6075	4775	148	1925	4244	4632	2536	13292	512	
FL	99800	99800	5	2	0	0	3	6	1	13	0	2253129	6075	4775	148	1925	4244	4632	2536	13292	512	
FL	100000	100000	4	5	0	1	2	6	1	15	0	2251717	6075	4775	148	1925	4244	4632	2536	13292	512	
