FL	0	0	4	4	1	19	4	3	3	30	1	2679834	6075	4775	148	1925	4244	4632	2536	13292	512	
FL	-200	-200	4	4	1	19	4	4	2	31	1	2666179	6075	4775	148	1925	4244	4632	2536	13292	512	
FL	-400	-400	3	4	1	20	2	4	2	31	1	2631851	6075	4775	148	1925	4244	4632	2536	13292	512	
FL	-600	-600	4	6	1	20	2	4	3	31	1	2594514	6075	4775	148	1925	4244	4632	2536	13292	512	
FL	-800	-800	4	3	1	20	1	3	3	30	1	2560533	6075	4775	148	1925	4244	4632	2536	13292	512	
FL	-1000	-1000	6	3	1	18	2	3	3	26	1	2533987	6075	4775	148	1925	4244	4632	2536	13292	512	
FL	-1200	-1200	5	3	1	17	1	4	3	21	1	2513537	6075	4775	148	1925	4244	4632	2536	13292	512	
FL	-1400	-1400	6	2	0	15	1	1	3	19	1	2498196	6075	4775	148	1925	4244	4632	2536	13292	512	
FL	-1600	-1600	6	2	0	14	2	3	3	16	1	2487861	6075	4775	148	1925	4244	4632	2536	13292	512	
FL	-1800	-1800	5	1	0	12	2	4	2	16	1	2479611	6075	4775	148	1925	4244	4632	2536	13292	512	
FL	-2000	-2000	6	1	0	13	2	4	3	16	1	2472804	6075	4775	148	1925	4244	4632	2536	13292	512	
FL	-2200	-2200	6	1	0	13	2	3	3	16	0	2467321	6075	4775	148	1925	4244	4632	2536	13292	512	
FL	-2400	-2400	7	0	1	13	1	3	3	18	0	2462826	6075	4775	148	1925	4244	4632	2536	13292	512	
FL	-2600	-2600	7	1	1	8	2	3	3	17	0	2458543	6075	4775	148	1925	4244	4632	2536	13292	512	
FL	-2800	-2800	8	1	1	8	4	3	4	14	0	2455060	6075	4775	148	1925	4244	4632	2536	13292	512	
FL	-3000	-3000	8	1	1	10	5	4	3	15	0	2452223	6075	4775	148	1925	4244	4632	2536	13292	512	
FL	-3200	-3200	7	1	1	5	5	3	3	15	0	2449534	6075	4775	148	1925	4244	4632	2536	13292	512	
FL	-3400	-3400	6	1	0	3	5	3	2	13	0	2446452	6075	4775	148	1925	4244	4632	2536	13292	512	
FL	-3600	-3600	9	3	0	3	5	3	2	13	0	2443104	6075	4775	148	1925	4244	4632	2536	13292	512	
FL	-3800	-3800	9	3	0	6	4	4	1	11	0	2439457	6075	4775	148	1925	4244	4632	2536	13292	512	
FL	-4000	-4000	8	4	0	6	3	4	2	12	0	2435121	6075	4775	148	1925	4244	4632	2536	13292	512	
FL	-4200	-4200	9	4	0	6	1	4	2	14	0	2430254	6075	4775	148	1925	4244	4632	2536	13292	512	
FL	-4400	-4400	8	5	0	7	1	5	2	12	0	2425952	6075	4775	148	1925	4244	4632	2536	13292	512	
FL	-4600	-4600	7	5	0	6	1	3	2	11	0	2421885	6075	4775	148	1925	4244	4632	2536	13292	512	
FL	-4800	-4800	7	4	0	5	1	4	2	10	0	2418075	6075	4775	148	1925	4244	4632	2536	13292	512	
FL	-5000	-5000	7	4	0	5	0	4	5	11	0	2414282	6075	4775	148	1925	4244	4632	2536	13292	512	
FL	-5200	-5200	10	4	0	5	0	4	4	11	0	2410761	6075	4775	148	1925	4244	4632	2536	13292	512	
FL	-5400	-5400	10	5	0	2	0	3	4	11	0	2408028	6075	4775	148	1925	4244	4632	2536	13292	512	
FL	-5600	-5600	8	4	0	0	0	2	5	12	0	2405725	6075	4775	148	1925	4244	4632	2536	13292	512	
FL	-5800	-5800	12	4	0	0	0	2	5	11	0	2403123	6075	4775	148	1925	4244	4632	2536	13292	512	
FL	-6000	-6000	13	4	0	1	0	1	4	11	0	2399972	6075	4775	148	1925	4244	4632	2536	13292	512	
FL	-6200	-6200	12	4	0	1	0	3	4	10	0	2396594	6075	4775	148	1925	4244	4632	2536	13292	512	
FL	-6400	-6400	11	1	0	1	0	3	2	9	0	2393094	6075	4775	148	1925	4244	4632	2536	13292	512	
FL	-6600	-6600	10	1	0	1	0	3	2	10	0	2390007	6075	4775	148	1925	4244	4632	2536	13292	512	
FL	-6800	-6800	6	2	0	1	0	3	3	11	0	2387032	6075	4775	148	1925	4244	4632	2536	13292	512	
FL	-7000	-7000	6	2	0	1	0	3	3	9	0	2384121	6075	4775	148	1925	4244	4632	2536	13292	512	
FL	-7200	-7200	4	3	0	2	0	3	3	9	0	2381408	6075	4775	148	1925	4244	4632	2536	13292	512	
FL	-7400	-7400	4	3	0	1	0	3	3	11	0	2379189	6075	4775	148	1925	4244	4632	2536	13292	512	
FL	-7600	-7600	4	2	0	1	1	4	2	13	0	2377079	6075	4775	148	1925	4244	4632	2536	13292	512	
FL	-7800	-7800	4	2	0	1	3	6	2	11	0	2374502	6075	4775	148	1925	4244	4632	2536	13292	512	
FL	-8000	-8000	5	2	0	1	3	4	1	8	0	2371917	6075	4775	148	1925	4244	4632	2536	13292	512	
FL	-8200	-8200	5	1	0	0	4	4	1	9	0	2369410	6075	4775	148	1925	4244	4632	2536	13292	512	
FL	-8400	-8400	5	1	0	0	4	4	1	7	0	2366730	6075	4775	148	1925	4244	4632	2536	13292	512	
FL	-8600	-8600	7	1	0	0	2	5	1	5	0	2364515	6075	4775	148	1925	4244	4632	2536	13292	512	
FL	-8800	-8800	8	0	0	0	2	5	1	6	0	2362555	6075	4775	148	1925	4244	4632	2536	13292	512	
FL	-9000	-9000	8	0	0	0	2	6	1	7	0	2360656	6075	4775	148	1925	4244	4632	2536	13292	512	
FL	-9200	-9200	9	0	0	0	1	8	2	9	0	2358897	6075	4775	148	1925	4244	4632	2536	13292	512	
FL	-9400	-9400	9	0	0	0	1	7	2	8	0	2356909	6075	4775	148	1925	4244	4632	2536	13292	512	
FL	-9600	-9600	9	0	0	0	1	7	3	8	0	2354444	6075	4775	148	1925	4244	4632	2536	13292	512	
FL	-9800	-9800	13	2	0	0	2	6	3	8	0	2351700	6075	4775	148	1925	4244	4632	2536	13292	512	
FL	-10000	-10000	13	3	0	0	2	7	3	7	0	2348797	6075	4775	148	1925	4244	4632	2536	13292	512	
FL	-10200	-10200	13	3	0	0	2	7	2	10	0	2346102	6075	4775	148	1925	4244	4632	2536	13292	512	
FL	-10400	-10400	11	4	0	0	2	5	1	10	0	2343703	6075	4775	148	1925	4244	4632	2536	13292	512	
FL	-10600	-10600	11	5	0	0	3	3	1	10	1	2341509	6075	4775	148	1925	4244	4632	2536	13292	512	
FL	-10800	-10800	10	5	0	0	3	4	1	6	1	2339090	6075	4775	148	1925	4244	4632	2536	13292	512	
FL	-11000	-11000	11	5	0	1	2	7	1	6	1	2336786	6075	4775	148	1925	4244	4632	2536	13292	512	
FL	-11200	-11200	10	4	0	1	2	10	1	6	1	2334853	6075	4775	148	1925	4244	4632	2536	13292	512	
FL	-11400	-11400	7	5	0	3	2	11	1	9	1	2332654	6075	4775	148	1925	4244	4632	2536	13292	512	
FL	-11600	-11600	8	4	0	2	2	12	0	9	1	2330254	6075	4775	148	1925	4244	4632	2536	13292	512	
FL	-11800	-11800	6	4	0	2	1	10	0	10	1	2327559	6075	4775	148	1925	4244	4632	2536	13292	512	
FL	-12000	-12000	7	5	0	2	2	10	0	10	0	2324678	6075	4775	148	1925	4244	4632	2536	13292	512	
FL	-12200	-12200	7	5	0	2	2	10	1	12	0	2321342	6075	4775	148	1925	4244	4632	2536	13292	512	
FL	-12400	-12400	8	4	0	1	3	8	1	11	0	2318680	6075	4775	148	1925	4244	4632	2536	13292	512	
FL	-12600	-12600	10	6	0	1	3	7	1	14	0	2316280	6075	4775	148	1925	4244	4632	2536	13292	512	
FL	-12800	-12800	9	6	0	2	4	7	0	14	0	2313812	6075	4775	148	1925	4244	4632	2536	13292	512	
FL	-13000	-13000	9	4	0	2	3	7	0	11	0	2311391	6075	4775	148	1925	4244	4632	2536	13292	512	
FL	-13200	-13200	9	4	0	2	3	7	1	12	0	2308976	6075	4775	148	1925	4244	4632	2536	13292	512	
FL	-13400	-13400	8	3	0	1	3	4	1	11	0	2306933	6075	4775	148	1925	4244	4632	2536	13292	512	
FL	-13600	-13600	11	4	0	2	3	5	1	12	0	2304822	6075	4775	148	1925	4244	4632	2536	13292	512	
FL	-13800	-13800	10	7	0	2	2	6	1	11	0	2302831	6075	4775	148	1925	4244	4632	2536	13292	512	
FL	-14000	-14000	10	6	0	1	2	4	1	9	0	2301217	6075	4775	148	1925	4244	4632	2536	13292	512	
FL	-14200	-14200	8	5	0	1	2	4	1	11	0	2299990	6075	4775	148	1925	4244	4632	2536	13292	512	
FL	-14400	-14400	5	4	0	1	2	3	2	10	0	2298858	6075	4775	148	1925	4244	4632	2536	13292	512	
FL	-14600	-14600	5	5	0	1	1	2	2	10	0	2297688	6075	4775	148	1925	4244	4632	2536	13292	512	
FL	-14800	-14800	5	4	0	1	2	2	1	6	0	2296163	6075	4775	148	1925	4244	4632	2536	13292	512	
FL	-15000	-15000	7	6	0	1	2	0	1	7	0	2294222	6075	4775	148	1925	4244	4632	2536	13292	512	
FL	-15200	-15200	4	6	0	1	4	0	1	7	0	2292208	6075	4775	148	1925	4244	4632	2536	13292	512	
FL	-15400	-15400	3	6	0	4	4	2	1	6	0	2290198	6075	4775	148	1925	4244	4632	2536	13292	512	
FL	-15600	-15600	3	5	0	5	4	2	2	6	0	2287699	6075	4775	148	1925	4244	4632	2536	13292	512	
FL	-15800	-15800	3	5	0	5	5	2	3	7	0	2285040	6075	4775	148	1925	4244	4632	2536	13292	512	
FL	-16000	-16000	4	6	0	5	5	2	3	5	0	2282269	6075	4775	148	1925	4244	4632	2536	13292	512	
FL	-16200	-16200	2	6	0	5	4	2	3	6	0	2279697	6075	4775	148	1925	4244	4632	2536	13292	512	
FL	-16400	-16400	4	6	0	5	3	4	4	3	0	2277849	6075	4775	148	1925	4244	4632	2536	13292	512	
FL	-16600	-16600	4	6	0	6	2	4	3	3	0	2276402	6075	4775	148	1925	4244	4632	2536	13292	512	
FL	-16800	-16800	7	4	0	5	2	4	2	2	0	2274370	6075	4775	148	1925	4244	4632	2536	13292	512	
FL	-17000	-17000	7	6	0	5	2	4	1	3	0	2271820	6075	4775	148	1925	4244	4632	2536	13292	512	
FL	-17200	-17200	8	4	0	4	2	3	1	3	0	2268831	6075	4775	148	1925	4244	4632	2536	13292	512	
FL	-17400	-17400	10	6	0	4	2	2	1	4	0	2265344	6075	4775	148	1925	4244	4632	2536	13292	512	
FL	-17600	-17600	9	6	0	4	3	3	3	3	0	2261583	6075	4775	148	1925	4244	4632	2536	13292	512	
FL	-17800	-17800	9	5	0	4	3	3	2	3	0	2258271	6075	4775	148	1925	4244	4632	2536	13292	512	
FL	-18000	-18000	9	7	0	3	3	3	1	4	0	2254544	6075	4775	148	1925	4244	4632	2536	13292	512	
FL	-18200	-18200	11	7	0	4	3	2	1	5	0	2250666	6075	4775	148	1925	4244	4632	2536	13292	512	
FL	-18400	-18400	11	8	0	5	4	3	0	6	0	2246589	6075	4775	148	1925	4244	4632	2536	13292	512	
FL	-18600	-18600	10	7	0	5	3	3	1	5	0	2242752	6075	4775	148	1925	4244	4632	2536	13292	512	
FL	-18800	-18800	7	8	0	5	3	3	2	7	1	2239640	6075	4775	148	1925	4244	4632	2536	13292	512	
FL	-19000	-19000	7	7	0	6	3	3	2	8	1	2237235	6075	4775	148	1925	4244	4632	2536	13292	512	
FL	-19200	-19200	7	6	0	6	2	3	3	10	1	2234748	6075	4775	148	1925	4244	4632	2536	13292	512	
FL	-19400	-19400	7	4	0	6	2	3	2	9	1	2232380	6075	4775	148	1925	4244	4632	2536	13292	512	
FL	-19600	-19600	7	6	0	5	2	3	3	9	1	2229828	6075	4775	148	1925	4244	4632	2536	13292	512	
FL	-19800	-19800	6	6	0	4	3	2	3	8	1	2227452	6075	4775	148	1925	4244	4632	2536	13292	512	
FL	-20000	-20000	5	6	0	3	3	1	3	5	1	2224856	6075	4775	148	1925	4244	4632	2536	13292	512	
FL	-20200	-20200	2	5	0	3	4	1	2	5	1	2221915	6075	4775	148	1925	4244	4632	2536	13292	512	
FL	-20400	-20400	4	6	0	3	4	2	2	5	1	2218845	6075	4775	148	1925	4244	4632	2536	13292	512	
FL	-20600	-20600	5	4	0	3	3	2	1	5	0	2216135	6075	4775	148	1925	4244	4632	2536	13292	512	
FL	-20800	-20800	5	4	0	2	3	2	1	4	0	2213786	6075	4775	148	1925	4244	4632	2536	13292	512	
FL	-21000	-21000	4	5	0	2	3	2	1	4	0	2211481	6075	4775	148	1925	4244	4632	2536	13292	512	
FL	-21200	-21200	5	5	0	1	3	5	2	5	1	2209193	6075	4775	148	1925	4244	4632	2536	13292	512	
FL	-21400	-21400	6	6	0	1	3	5	1	5	1	2206962	6075	4775	148	1925	4244	4632	2536	13292	512	
FL	-21600	-21600	7	5	0	1	3	4	1	5	1	2204053	6075	4775	148	1925	4244	4632	2536	13292	512	
FL	-21800	-21800	7	4	0	2	3	5	0	7	1	2201214	6075	4775	148	1925	4244	4632	2536	13292	512	
FL	-22000	-22000	7	4	0	2	3	5	0	7	1	2198240	6075	4775	148	1925	4244	4632	2536	13292	512	
FL	-22200	-22200	7	5	0	2	4	5	0	6	1	2195049	6075	4775	148	1925	4244	4632	2536	13292	512	
FL	-22400	-22400	8	4	0	1	4	4	0	6	1	2191937	6075	4775	148	1925	4244	4632	2536	13292	512	
FL	-22600	-22600	9	3	0	2	4	4	1	7	1	2188981	6075	4775	148	1925	4244	4632	2536	13292	512	
FL	-22800	-22800	9	1	0	3	5	3	1	6	0	2186243	6075	4775	148	1925	4244	4632	2536	13292	512	
FL	-23000	-23000	10	0	0	3	5	3	2	7	0	2183089	6075	4775	148	1925	4244	4632	2536	13292	512	
FL	-23200	-23200	8	0	0	2	5	5	2	8	0	2179832	6075	4775	148	1925	4244	4632	2536	13292	512	
FL	-23400	-23400	9	0	0	2	4	5	2	8	0	2176623	6075	4775	148	1925	4244	4632	2536	13292	512	
FL	-23600	-23600	9	1	0	3	4	6	3	6	0	2172792	6075	4775	148	1925	4244	4632	2536	13292	512	
FL	-23800	-23800	6	2	0	2	4	4	3	8	0	2169975	6075	4775	148	1925	4244	4632	2536	13292	512	
FL	-24000	-24000	5	3	0	2	4	3	1	8	0	2167196	6075	4775	148	1925	4244	4632	2536	13292	512	
FL	-24200	-24200	6	3	0	2	4	2	2	8	0	2164271	6075	4775	148	1925	4244	4632	2536	13292	512	
FL	-24400	-24400	4	4	0	2	4	2	2	9	0	2161538	6075	4775	148	1925	4244	4632	2536	13292	512	
FL	-24600	-24600	6	5	0	2	4	5	2	8	0	2158734	6075	4775	148	1925	4244	4632	2536	13292	512	
FL	-24800	-24800	4	5	0	1	4	5	2	6	0	2155520	6075	4775	148	1925	4244	4632	2536	13292	512	
FL	-25000	-25000	5	5	0	1	3	5	2	7	0	2151853	6075	4775	148	1925	4244	4632	2536	13292	512	
FL	-25200	-25200	4	5	0	0	3	5	2	5	0	2148044	6075	4775	148	1925	4244	4632	2536	13292	512	
FL	-25400	-25400	4	5	0	0	2	5	2	5	0	2144063	6075	4775	148	1925	4244	4632	2536	13292	512	
FL	-25600	-25600	2	4	0	0	1	5	2	6	0	2140460	6075	4775	148	1925	4244	4632	2536	13292	512	
FL	-25800	-25800	2	3	1	0	1	7	1	5	0	2137261	6075	4775	148	1925	4244	4632	2536	13292	512	
FL	-26000	-26000	2	3	1	0	1	6	1	3	0	2134316	6075	4775	148	1925	4244	4632	2536	13292	512	
FL	-26200	-26200	2	2	1	0	1	8	2	4	0	2131544	6075	4775	148	1925	4244	4632	2536	13292	512	
FL	-26400	-26400	3	2	1	0	1	8	2	5	0	2128649	6075	4775	148	1925	4244	4632	2536	13292	512	
FL	-26600	-26600	4	3	1	0	2	6	2	6	0	2125587	6075	4775	148	1925	4244	4632	2536	13292	512	
FL	-26800	-26800	6	5	1	2	1	8	2	7	0	2122512	6075	4775	148	1925	4244	4632	2536	13292	512	
FL	-27000	-27000	6	5	1	2	1	5	2	10	0	2119091	6075	4775	148	1925	4244	4632	2536	13292	512	
FL	-27200	-27200	6	5	0	2	1	5	2	12	0	2115401	6075	4775	148	1925	4244	4632	2536	13292	512	
FL	-27400	-27400	6	4	0	2	2	5	1	11	0	2111868	6075	4775	148	1925	4244	4632	2536	13292	512	
FL	-27600	-27600	7	3	0	2	2	7	1	12	0	2108214	6075	4775	148	1925	4244	4632	2536	13292	512	
FL	-27800	-27800	6	2	0	2	1	6	1	11	0	2104737	6075	4775	148	1925	4244	4632	2536	13292	512	
FL	-28000	-28000	5	2	0	1	1	5	1	9	0	2101713	6075	4775	148	1925	4244	4632	2536	13292	512	
FL	-28200	-28200	6	1	0	1	1	5	2	8	0	2098571	6075	4775	148	1925	4244	4632	2536	13292	512	
FL	-28400	-28400	4	3	0	1	1	4	2	7	0	2095144	6075	4775	148	1925	4244	4632	2536	13292	512	
FL	-28600	-28600	3	3	0	1	1	5	2	7	0	2091924	6075	4775	148	1925	4244	4632	2536	13292	512	
FL	-28800	-28800	4	4	0	1	1	5	2	8	0	2088964	6075	4775	148	1925	4244	4632	2536	13292	512	
FL	-29000	-29000	5	3	0	1	1	5	1	8	0	2086533	6075	4775	148	1925	4244	4632	2536	13292	512	
FL	-29200	-29200	6	5	0	1	1	7	1	8	0	2083855	6075	4775	148	1925	4244	4632	2536	13292	512	
FL	-29400	-29400	6	5	0	2	1	6	3	7	0	2081045	6075	4775	148	1925	4244	4632	2536	13292	512	
FL	-29600	-29600	5	5	0	2	1	6	2	7	0	2077728	6075	4775	148	1925	4244	4632	2536	13292	512	
FL	-29800	-29800	7	4	0	2	2	6	2	7	0	2074719	6075	4775	148	1925	4244	4632	2536	13292	512	
FL	-30000	-30000	6	4	0	2	3	6	2	11	0	2072453	6075	4775	148	1925	4244	4632	2536	13292	512	
FL	-30200	-30200	5	4	0	2	2	4	2	12	0	2070306	6075	4775	148	1925	4244	4632	2536	13292	512	
FL	-30400	-30400	5	3	0	1	1	3	2	12	0	2067753	6075	4775	148	1925	4244	4632	2536	13292	512	
FL	-30600	-30600	5	3	0	0	1	3	1	11	0	2065259	6075	4775	148	1925	4244	4632	2536	13292	512	
FL	-30800	-30800	6	4	0	0	2	3	0	11	0	2062604	6075	4775	148	1925	4244	4632	2536	13292	512	
FL	-31000	-31000	5	3	0	0	2	3	0	10	0	2060036	6075	4775	148	1925	4244	4632	2536	13292	512	
FL	-31200	-31200	4	3	0	0	2	4	1	9	1	2057912	6075	4775	148	1925	4244	4632	2536	13292	512	
FL	-31400	-31400	3	5	0	0	4	5	2	9	1	2055580	6075	4775	148	1925	4244	4632	2536	13292	512	
FL	-31600	-31600	7	4	0	0	4	4	3	11	0	2053180	6075	4775	148	1925	4244	4632	2536	13292	512	
FL	-31800	-31800	7	5	0	0	3	4	3	12	0	2051219	6075	4775	148	1925	4244	4632	2536	13292	512	
FL	-32000	-32000	8	4	0	0	4	5	4	11	0	2049423	6075	4775	148	1925	4244	4632	2536	13292	512	
FL	-32200	-32200	9	4	0	0	4	6	5	11	0	2048174	6075	4775	148	1925	4244	4632	2536	13292	512	
FL	-32400	-32400	11	3	0	1	3	6	5	6	0	2047320	6075	4775	148	1925	4244	4632	2536	13292	512	
FL	-32600	-32600	11	3	0	1	3	6	4	8	0	2046546	6075	4775	148	1925	4244	4632	2536	13292	512	
FL	-32800	-32800	10	4	0	2	2	6	4	12	0	2045283	6075	4775	148	1925	4244	4632	2536	13292	512	
FL	-33000	-33000	10	2	0	2	2	4	3	13	0	2044245	6075	4775	148	1925	4244	4632	2536	13292	512	
FL	-33200	-33200	8	3	0	2	1	4	2	11	0	2043030	6075	4775	148	1925	4244	4632	2536	13292	512	
FL	-33400	-33400	7	3	0	2	1	5	2	12	0	2041598	6075	4775	148	1925	4244	4632	2536	13292	512	
FL	-33600	-33600	8	4	0	2	1	4	2	13	0	2039800	6075	4775	148	1925	4244	4632	2536	13292	512	
FL	-33800	-33800	6	4	0	2	1	3	1	12	0	2037752	6075	4775	148	1925	4244	4632	2536	13292	512	
FL	-34000	-34000	6	3	0	1	1	5	0	9	0	2035752	6075	4775	148	1925	4244	4632	2536	13292	512	
FL	-34200	-34200	5	3	0	1	1	6	1	8	0	2033775	6075	4775	148	1925	4244	4632	2536	13292	512	
FL	-34400	-34400	3	3	0	1	2	5	1	6	0	2032466	6075	4775	148	1925	4244	4632	2536	13292	512	
FL	-34600	-34600	3	3	0	1	1	5	2	5	0	2031538	6075	4775	148	1925	4244	4632	2536	13292	512	
FL	-34800	-34800	3	3	0	1	1	5	2	5	0	2030524	6075	4775	148	1925	4244	4632	2536	13292	512	
FL	-35000	-35000	4	6	0	0	1	5	1	5	0	2029644	6075	4775	148	1925	4244	4632	2536	13292	512	
FL	-35200	-35200	6	4	0	0	2	4	1	6	0	2028530	6075	4775	148	1925	4244	4632	2536	13292	512	
FL	-35400	-35400	5	4	0	0	3	4	1	6	0	2027041	6075	4775	148	1925	4244	4632	2536	13292	512	
FL	-35600	-35600	5	4	0	0	3	4	1	7	0	2025238	6075	4775	148	1925	4244	4632	2536	13292	512	
FL	-35800	-35800	6	4	0	0	2	5	1	8	0	2023471	6075	4775	148	1925	4244	4632	2536	13292	512	
FL	-36000	-36000	6	4	0	1	2	5	1	7	0	2021204	6075	4775	148	1925	4244	4632	2536	13292	512	
FL	-36200	-36200	4	4	0	1	2	7	1	6	0	2018998	6075	4775	148	1925	4244	4632	2536	13292	512	
FL	-36400	-36400	5	3	0	1	2	6	1	5	0	2016676	6075	4775	148	1925	4244	4632	2536	13292	512	
FL	-36600	-36600	4	4	0	2	2	4	2	4	0	2014852	6075	4775	148	1925	4244	4632	2536	13292	512	
FL	-36800	-36800	6	6	0	2	1	6	2	5	0	2013296	6075	4775	148	1925	4244	4632	2536	13292	512	
FL	-37000	-37000	7	5	0	2	1	7	2	7	0	2011863	6075	4775	148	1925	4244	4632	2536	13292	512	
FL	-37200	-37200	6	4	0	2	1	8	3	6	0	2010284	6075	4775	148	1925	4244	4632	2536	13292	512	
FL	-37400	-37400	7	4	0	2	2	7	3	6	0	2008446	6075	4775	148	1925	4244	4632	2536	13292	512	
FL	-37600	-37600	7	2	0	1	2	6	1	5	0	2006332	6075	4775	148	1925	4244	4632	2536	13292	512	
FL	-37800	-37800	7	3	0	1	2	6	1	4	0	2003725	6075	4775	148	1925	4244	4632	2536	13292	512	
FL	-38000	-38000	7	2	0	2	3	5	1	3	0	2000526	6075	4775	148	1925	4244	4632	2536	13292	512	
FL	-38200	-38200	5	2	0	2	5	4	1	4	0	1997206	6075	4775	148	1925	4244	4632	2536	13292	512	
FL	-38400	-38400	3	3	0	1	5	5	0	3	0	1993867	6075	4775	148	1925	4244	4632	2536	13292	512	
FL	-38600	-38600	3	3	0	2	5	4	0	5	0	1990349	6075	4775	148	1925	4244	4632	2536	13292	512	
FL	-38800	-38800	3	3	0	2	5	5	0	5	0	1987302	6075	4775	148	1925	4244	4632	2536	13292	512	
FL	-39000	-39000	3	3	0	1	5	4	0	6	0	1985011	6075	4775	148	1925	4244	4632	2536	13292	512	
FL	-39200	-39200	3	2	0	1	5	3	0	7	0	1982908	6075	4775	148	1925	4244	4632	2536	13292	512	
FL	-39400	-39400	5	2	0	1	3	3	0	7	0	1980190	6075	4775	148	1925	4244	4632	2536	13292	512	
FL	-39600	-39600	6	3	0	0	5	6	1	5	0	1977686	6075	4775	148	1925	4244	4632	2536	13292	512	
FL	-39800	-39800	8	5	0	0	3	7	1	6	0	1975857	6075	4775	148	1925	4244	4632	2536	13292	512	
FL	-40000	-40000	10	5	0	0	4	7	0	6	0	1974449	6075	4775	148	1925	4244	4632	2536	13292	512	
FL	-40200	-40200	9	5	0	0	5	7	0	7	0	1973249	6075	4775	148	1925	4244	4632	2536	13292	512	
FL	-40400	-40400	8	5	0	0	6	7	0	5	0	1972166	6075	4775	148	1925	4244	4632	2536	13292	512	
FL	-40600	-40600	10	6	0	0	5	7	0	6	0	1971238	6075	4775	148	1925	4244	4632	2536	13292	512	
FL	-40800	-40800	11	8	0	0	6	6	0	8	0	1970073	6075	4775	148	1925	4244	4632	2536	13292	512	
FL	-41000	-41000	11	7	0	0	5	5	0	8	0	1968670	6075	4775	148	1925	4244	4632	2536	13292	512	
FL	-41200	-41200	11	6	0	0	4	4	0	6	0	1967061	6075	4775	148	1925	4244	4632	2536	13292	512	
FL	-41400	-41400	10	4	0	0	3	2	0	7	0	1965426	6075	4775	148	1925	4244	4632	2536	13292	512	
FL	-41600	-41600	9	4	0	0	4	2	1	7	0	1963726	6075	4775	148	1925	4244	4632	2536	13292	512	
FL	-41800	-41800	8	4	0	0	2	1	1	9	1	1961861	6075	4775	148	1925	4244	4632	2536	13292	512	
FL	-42000	-42000	7	4	1	0	3	2	1	10	1	1960208	6075	4775	148	1925	4244	4632	2536	13292	512	
FL	-42200	-42200	7	3	1	0	3	4	1	12	2	1958584	6075	4775	148	1925	4244	4632	2536	13292	512	
FL	-42400	-42400	4	3	1	0	3	5	1	12	2	1957179	6075	4775	148	1925	4244	4632	2536	13292	512	
FL	-42600	-42600	5	3	1	0	3	6	1	12	2	1955779	6075	4775	148	1925	4244	4632	2536	13292	512	
FL	-42800	-42800	5	3	1	0	3	7	1	11	2	1954229	6075	4775	148	1925	4244	4632	2536	13292	512	
FL	-43000	-43000	4	3	1	0	3	7	1	9	2	1952269	6075	4775	148	1925	4244	4632	2536	13292	512	
FL	-43200	-43200	4	3	1	1	3	7	2	5	2	1950543	6075	4775	148	1925	4244	4632	2536	13292	512	
FL	-43400	-43400	4	3	1	1	3	6	3	5	1	1948547	6075	4775	148	1925	4244	4632	2536	13292	512	
FL	-43600	-43600	4	2	1	1	3	5	3	5	1	1946102	6075	4775	148	1925	4244	4632	2536	13292	512	
FL	-43800	-43800	2	2	1	1	5	3	3	3	0	1943346	6075	4775	148	1925	4244	4632	2536	13292	512	
FL	-44000	-44000	3	2	1	1	6	2	5	5	0	1940657	6075	4775	148	1925	4244	4632	2536	13292	512	
FL	-44200	-44200	2	3	1	1	6	2	5	6	0	1938443	6075	4775	148	1925	4244	4632	2536	13292	512	
FL	-44400	-44400	3	2	1	1	5	2	4	5	0	1936590	6075	4775	148	1925	4244	4632	2536	13292	512	
FL	-44600	-44600	3	4	0	0	4	2	3	5	0	1934948	6075	4775	148	1925	4244	4632	2536	13292	512	
FL	-44800	-44800	4	3	0	0	4	2	3	4	0	1933360	6075	4775	148	1925	4244	4632	2536	13292	512	
FL	-45000	-45000	3	5	0	0	4	2	3	3	0	1931745	6075	4775	148	1925	4244	4632	2536	13292	512	
FL	-45200	-45200	3	6	0	0	2	2	4	3	0	1930812	6075	4775	148	1925	4244	4632	2536	13292	512	
FL	-45400	-45400	5	6	0	0	2	1	4	5	0	1929602	6075	4775	148	1925	4244	4632	2536	13292	512	
FL	-45600	-45600	6	6	0	0	3	1	1	6	0	1927605	6075	4775	148	1925	4244	4632	2536	13292	512	
FL	-45800	-45800	6	5	0	0	3	1	1	5	0	1925485	6075	4775	148	1925	4244	4632	2536	13292	512	
FL	-46000	-46000	6	2	0	1	3	1	2	6	0	1923292	6075	4775	148	1925	4244	4632	2536	13292	512	
FL	-46200	-46200	7	2	0	1	4	1	2	5	0	1921262	6075	4775	148	1925	4244	4632	2536	13292	512	
FL	-46400	-46400	7	3	0	0	4	1	2	2	0	1918965	6075	4775	148	1925	4244	4632	2536	13292	512	
FL	-46600	-46600	6	4	0	0	4	0	2	4	0	1916570	6075	4775	148	1925	4244	4632	2536	13292	512	
FL	-46800	-46800	4	3	1	0	3	3	1	4	0	1913970	6075	4775	148	1925	4244	4632	2536	13292	512	
FL	-47000	-47000	5	3	1	0	3	3	1	4	0	1911615	6075	4775	148	1925	4244	4632	2536	13292	512	
FL	-47200	-47200	6	3	1	1	4	3	1	5	0	1909861	6075	4775	148	1925	4244	4632	2536	13292	512	
FL	-47400	-47400	6	3	1	1	3	3	1	5	0	1908571	6075	4775	148	1925	4244	4632	2536	13292	512	
FL	-47600	-47600	5	2	1	1	4	4	2	8	0	1907407	6075	4775	148	1925	4244	4632	2536	13292	512	
FL	-47800	-47800	3	3	1	1	2	5	1	9	0	1906410	6075	4775	148	1925	4244	4632	2536	13292	512	
FL	-48000	-48000	1	3	1	1	3	5	1	11	0	1905404	6075	4775	148	1925	4244	4632	2536	13292	512	
FL	-48200	-48200	1	3	1	1	3	4	1	9	0	1904604	6075	4775	148	1925	4244	4632	2536	13292	512	
FL	-48400	-48400	1	3	1	1	3	3	1	8	0	1903709	6075	4775	148	1925	4244	4632	2536	13292	512	
FL	-48600	-48600	0	3	1	2	3	3	0	5	0	1902334	6075	4775	148	1925	4244	4632	2536	13292	512	
FL	-48800	-48800	1	3	1	1	2	3	0	5	0	1900415	6075	4775	148	1925	4244	4632	2536	13292	512	
FL	-49000	-49000	2	3	0	1	2	2	0	3	0	1898134	6075	4775	148	1925	4244	4632	2536	13292	512	
FL	-49200	-49200	3	4	0	1	2	2	0	4	0	1895923	6075	4775	148	1925	4244	4632	2536	13292	512	
FL	-49400	-49400	5	4	0	1	2	2	0	5	0	1893806	6075	4775	148	1925	4244	4632	2536	13292	512	
FL	-49600	-49600	6	6	0	1	2	1	0	7	0	1892006	6075	4775	148	1925	4244	4632	2536	13292	512	
FL	-49800	-49800	5	4	0	1	1	1	0	8	0	1890209	6075	4775	148	1925	4244	4632	2536	13292	512	
FL	-50000	-50000	5	5	0	1	0	1	0	8	0	1888747	6075	4775	148	1925	4244	4632	2536	13292	512	
FL	-50200	-50200	5	4	0	1	1	2	1	8	0	1887426	6075	4775	148	1925	4244	4632	2536	13292	512	
FL	-50400	-50400	4	5	0	1	2	2	1	8	0	1885972	6075	4775	148	1925	4244	4632	2536	13292	512	
FL	-50600	-50600	3	4	0	2	2	2	1	7	0	1884802	6075	4775	148	1925	4244	4632	2536	13292	512	
FL	-50800	-50800	4	3	0	2	2	2	1	6	0	1883566	6075	4775	148	1925	4244	4632	2536	13292	512	
FL	-51000	-51000	3	3	0	2	2	2	1	7	0	1882508	6075	4775	148	1925	4244	4632	2536	13292	512	
FL	-51200	-51200	3	3	0	2	2	1	2	6	0	1881388	6075	4775	148	1925	4244	4632	2536	13292	512	
FL	-51400	-51400	1	3	0	2	2	1	2	7	0	1880040	6075	4775	148	1925	4244	4632	2536	13292	512	
FL	-51600	-51600	3	3	0	1	2	2	3	5	0	1878795	6075	4775	148	1925	4244	4632	2536	13292	512	
FL	-51800	-51800	4	3	0	2	2	2	3	6	0	1877707	6075	4775	148	1925	4244	4632	2536	13292	512	
FL	-52000	-52000	3	3	0	2	2	1	2	6	1	1876621	6075	4775	148	1925	4244	4632	2536	13292	512	
FL	-52200	-52200	3	3	0	2	2	1	1	6	1	1875108	6075	4775	148	1925	4244	4632	2536	13292	512	
FL	-52400	-52400	3	2	0	2	1	2	1	7	1	1873412	6075	4775	148	1925	4244	4632	2536	13292	512	
FL	-52600	-52600	3	2	0	2	1	2	2	8	1	1871414	6075	4775	148	1925	4244	4632	2536	13292	512	
FL	-52800	-52800	2	2	0	2	1	2	2	9	1	1869738	6075	4775	148	1925	4244	4632	2536	13292	512	
FL	-53000	-53000	3	2	0	2	1	3	3	9	0	1868087	6075	4775	148	1925	4244	4632	2536	13292	512	
FL	-53200	-53200	3	1	0	2	1	2	4	9	0	1866536	6075	4775	148	1925	4244	4632	2536	13292	512	
FL	-53400	-53400	3	1	0	2	2	2	4	12	0	1865280	6075	4775	148	1925	4244	4632	2536	13292	512	
FL	-53600	-53600	3	1	0	1	2	2	4	14	0	1864088	6075	4775	148	1925	4244	4632	2536	13292	512	
FL	-53800	-53800	4	0	0	1	1	2	4	13	0	1863088	6075	4775	148	1925	4244	4632	2536	13292	512	
FL	-54000	-54000	4	1	0	0	3	1	4	15	0	1862053	6075	4775	148	1925	4244	4632	2536	13292	512	
FL	-54200	-54200	5	1	0	0	3	2	2	9	0	1861053	6075	4775	148	1925	4244	4632	2536	13292	512	
FL	-54400	-54400	4	1	0	0	2	2	3	11	0	1860053	6075	4775	148	1925	4244	4632	2536	13292	512	
FL	-54600	-54600	4	1	0	0	3	2	3	12	0	1859178	6075	4775	148	1925	4244	4632	2536	13292	512	
FL	-54800	-54800	5	2	0	1	3	2	3	12	1	1858596	6075	4775	148	1925	4244	4632	2536	13292	512	
FL	-55000	-55000	4	3	0	1	3	2	2	13	1	1857900	6075	4775	148	1925	4244	4632	2536	13292	512	
FL	-55200	-55200	5	3	0	1	2	2	2	13	1	1857100	6075	4775	148	1925	4244	4632	2536	13292	512	
FL	-55400	-55400	7	3	0	1	2	2	1	10	1	1856323	6075	4775	148	1925	4244	4632	2536	13292	512	
FL	-55600	-55600	6	3	0	1	2	2	2	8	1	1855723	6075	4775	148	1925	4244	4632	2536	13292	512	
FL	-55800	-55800	5	3	0	1	2	2	1	6	1	1855049	6075	4775	148	1925	4244	4632	2536	13292	512	
FL	-56000	-56000	5	3	0	0	1	2	1	5	1	1853857	6075	4775	148	1925	4244	4632	2536	13292	512	
FL	-56200	-56200	5	4	1	0	2	2	1	3	0	1852333	6075	4775	148	1925	4244	4632	2536	13292	512	
FL	-56400	-56400	5	3	1	0	1	2	0	5	0	1850623	6075	4775	148	1925	4244	4632	2536	13292	512	
FL	-56600	-56600	5	4	1	0	1	2	0	4	0	1849154	6075	4775	148	1925	4244	4632	2536	13292	512	
FL	-56800	-56800	5	4	1	0	1	2	0	5	0	1847525	6075	4775	148	1925	4244	4632	2536	13292	512	
FL	-57000	-57000	3	4	1	2	1	2	0	8	0	1845844	6075	4775	148	1925	4244	4632	2536	13292	512	
FL	-57200	-57200	1	5	1	2	1	2	0	8	0	1844373	6075	4775	148	1925	4244	4632	2536	13292	512	
FL	-57400	-57400	1	5	1	2	1	2	0	8	0	1842773	6075	4775	148	1925	4244	4632	2536	13292	512	
FL	-57600	-57600	0	5	0	2	1	3	0	8	0	1841039	6075	4775	148	1925	4244	4632	2536	13292	512	
FL	-57800	-57800	1	4	0	2	0	5	1	8	0	1839018	6075	4775	148	1925	4244	4632	2536	13292	512	
FL	-58000	-58000	1	4	0	2	0	4	1	5	0	1837098	6075	4775	148	1925	4244	4632	2536	13292	512	
FL	-58200	-58200	1	2	0	2	0	5	2	6	0	1835399	6075	4775	148	1925	4244	4632	2536	13292	512	
FL	-58400	-58400	1	2	0	2	0	6	2	6	0	1834398	6075	4775	148	1925	4244	4632	2536	13292	512	
FL	-58600	-58600	2	0	0	1	0	6	1	6	0	1833068	6075	4775	148	1925	4244	4632	2536	13292	512	
FL	-58800	-58800	2	0	0	0	1	7	1	6	0	1831638	6075	4775	148	1925	4244	4632	2536	13292	512	
FL	-59000	-59000	2	0	0	0	1	6	2	6	0	1829903	6075	4775	148	1925	4244	4632	2536	13292	512	
FL	-59200	-59200	3	0	0	0	1	5	2	3	0	1827910	6075	4775	148	1925	4244	4632	2536	13292	512	
FL	-59400	-59400	5	0	0	0	1	5	4	3	0	1825390	6075	4775	148	1925	4244	4632	2536	13292	512	
FL	-59600	-59600	4	0	0	0	1	4	4	3	1	1823032	6075	4775	148	1925	4244	4632	2536	13292	512	
FL	-59800	-59800	5	0	0	0	2	3	4	5	1	1820787	6075	4775	148	1925	4244	4632	2536	13292	512	
FL	-60000	-60000	5	0	0	0	1	3	4	7	1	1818338	6075	4775	148	1925	4244	4632	2536	13292	512	
FL	-60200	-60200	7	1	0	0	2	3	3	6	1	1815730	6075	4775	148	1925	4244	4632	2536	13292	512	
FL	-60400	-60400	10	1	0	0	2	1	1	6	1	1813438	6075	4775	148	1925	4244	4632	2536	13292	512	
FL	-60600	-60600	10	1	0	0	2	0	0	4	1	1811329	6075	4775	148	1925	4244	4632	2536	13292	512	
FL	-60800	-60800	8	2	0	0	2	0	2	3	1	1809337	6075	4775	148	1925	4244	4632	2536	13292	512	
FL	-61000	-61000	7	2	0	0	2	2	2	4	1	1807516	6075	4775	148	1925	4244	4632	2536	13292	512	
FL	-61200	-61200	7	3	0	0	2	2	3	5	1	1806179	6075	4775	148	1925	4244	4632	2536	13292	512	
FL	-61400	-61400	5	3	0	0	2	3	4	5	1	1804972	6075	4775	148	1925	4244	4632	2536	13292	512	
FL	-61600	-61600	4	4	0	0	2	3	4	6	1	1803643	6075	4775	148	1925	4244	4632	2536	13292	512	
FL	-61800	-61800	5	4	0	0	2	4	4	6	1	1802363	6075	4775	148	1925	4244	4632	2536	13292	512	
FL	-62000	-62000	4	4	0	0	2	4	4	7	1	1800833	6075	4775	148	1925	4244	4632	2536	13292	512	
FL	-62200	-62200	1	4	0	0	2	4	5	6	0	1799233	6075	4775	148	1925	4244	4632	2536	13292	512	
FL	-62400	-62400	1	4	0	0	2	5	6	6	0	1797534	6075	4775	148	1925	4244	4632	2536	13292	512	
FL	-62600	-62600	2	4	0	0	2	4	5	7	0	1795509	6075	4775	148	1925	4244	4632	2536	13292	512	
FL	-62800	-62800	2	3	0	0	2	2	3	7	0	1793235	6075	4775	148	1925	4244	4632	2536	13292	512	
FL	-63000	-63000	3	3	0	1	2	5	2	6	0	1790827	6075	4775	148	1925	4244	4632	2536	13292	512	
FL	-63200	-63200	3	3	0	1	1	5	3	6	0	1788030	6075	4775	148	1925	4244	4632	2536	13292	512	
FL	-63400	-63400	3	3	0	1	1	4	4	9	0	1785575	6075	4775	148	1925	4244	4632	2536	13292	512	
FL	-63600	-63600	3	3	0	1	2	4	4	9	0	1783592	6075	4775	148	1925	4244	4632	2536	13292	512	
FL	-63800	-63800	4	3	0	1	3	6	4	7	0	1781953	6075	4775	148	1925	4244	4632	2536	13292	512	
FL	-64000	-64000	6	3	1	0	5	6	4	5	0	1780392	6075	4775	148	1925	4244	4632	2536	13292	512	
FL	-64200	-64200	7	2	1	0	6	4	3	3	0	1778907	6075	4775	148	1925	4244	4632	2536	13292	512	
FL	-64400	-64400	7	4	1	1	10	4	2	4	0	1777300	6075	4775	148	1925	4244	4632	2536	13292	512	
FL	-64600	-64600	5	4	1	1	9	4	2	5	0	1775609	6075	4775	148	1925	4244	4632	2536	13292	512	
FL	-64800	-64800	6	4	0	1	7	4	2	4	0	1774009	6075	4775	148	1925	4244	4632	2536	13292	512	
FL	-65000	-65000	6	4	0	1	7	5	2	3	0	1772092	6075	4775	148	1925	4244	4632	2536	13292	512	
FL	-65200	-65200	6	3	0	1	5	6	3	3	0	1770139	6075	4775	148	1925	4244	4632	2536	13292	512	
FL	-65400	-65400	7	4	0	1	3	5	1	3	0	1768191	6075	4775	148	1925	4244	4632	2536	13292	512	
FL	-65600	-65600	4	4	0	2	4	5	2	4	0	1766291	6075	4775	148	1925	4244	4632	2536	13292	512	
FL	-65800	-65800	3	2	0	2	4	5	2	5	0	1764543	6075	4775	148	1925	4244	4632	2536	13292	512	
FL	-66000	-66000	3	3	0	4	4	5	2	5	0	1762799	6075	4775	148	1925	4244	4632	2536	13292	512	
FL	-66200	-66200	2	3	0	4	4	4	2	4	0	1761203	6075	4775	148	1925	4244	4632	2536	13292	512	
FL	-66400	-66400	2	3	0	2	3	7	2	7	0	1759830	6075	4775	148	1925	4244	4632	2536	13292	512	
FL	-66600	-66600	1	3	0	3	4	6	2	8	0	1758772	6075	4775	148	1925	4244	4632	2536	13292	512	
FL	-66800	-66800	2	3	0	3	4	6	2	8	0	1757619	6075	4775	148	1925	4244	4632	2536	13292	512	
FL	-67000	-67000	3	2	0	3	4	6	3	10	0	1756439	6075	4775	148	1925	4244	4632	2536	13292	512	
FL	-67200	-67200	2	2	0	3	2	5	2	8	0	1755381	6075	4775	148	1925	4244	4632	2536	13292	512	
FL	-67400	-67400	2	2	0	4	2	5	2	7	0	1754559	6075	4775	148	1925	4244	4632	2536	13292	512	
FL	-67600	-67600	4	3	0	4	2	3	2	7	0	1753656	6075	4775	148	1925	4244	4632	2536	13292	512	
FL	-67800	-67800	3	3	0	4	1	3	2	8	0	1752607	6075	4775	148	1925	4244	4632	2536	13292	512	
FL	-68000	-68000	3	3	0	2	1	1	2	6	0	1751290	6075	4775	148	1925	4244	4632	2536	13292	512	
FL	-68200	-68200	3	4	0	1	1	1	2	7	0	1749742	6075	4775	148	1925	4244	4632	2536	13292	512	
FL	-68400	-68400	4	4	0	1	2	1	1	9	0	1748342	6075	4775	148	1925	4244	4632	2536	13292	512	
FL	-68600	-68600	4	4	0	1	1	1	0	9	0	1747142	6075	4775	148	1925	4244	4632	2536	13292	512	
FL	-68800	-68800	5	3	0	1	1	3	0	11	0	1746110	6075	4775	148	1925	4244	4632	2536	13292	512	
FL	-69000	-69000	4	4	0	1	1	3	0	10	0	1745078	6075	4775	148	1925	4244	4632	2536	13292	512	
FL	-69200	-69200	6	2	0	1	1	3	1	8	0	1743865	6075	4775	148	1925	4244	4632	2536	13292	512	
FL	-69400	-69400	5	2	0	0	2	3	1	7	0	1742766	6075	4775	148	1925	4244	4632	2536	13292	512	
FL	-69600	-69600	6	2	0	0	2	3	1	8	0	1741766	6075	4775	148	1925	4244	4632	2536	13292	512	
FL	-69800	-69800	6	1	0	0	2	3	1	8	0	1740572	6075	4775	148	1925	4244	4632	2536	13292	512	
FL	-70000	-70000	5	1	0	0	3	5	1	10	0	1739043	6075	4775	148	1925	4244	4632	2536	13292	512	
FL	-70200	-70200	4	1	0	0	3	5	0	9	0	1737643	6075	4775	148	1925	4244	4632	2536	13292	512	
FL	-70400	-70400	4	2	0	0	2	5	0	6	0	1735915	6075	4775	148	1925	4244	4632	2536	13292	512	
FL	-70600	-70600	3	2	0	0	2	4	1	8	0	1734037	6075	4775	148	1925	4244	4632	2536	13292	512	
FL	-70800	-70800	4	3	0	0	2	3	1	7	0	1732526	6075	4775	148	1925	4244	4632	2536	13292	512	
FL	-71000	-71000	4	3	0	0	2	2	1	8	0	1731326	6075	4775	148	1925	4244	4632	2536	13292	512	
FL	-71200	-71200	4	4	0	1	1	2	1	11	0	1730131	6075	4775	148	1925	4244	4632	2536	13292	512	
FL	-71400	-71400	4	4	0	1	1	0	1	10	0	1728931	6075	4775	148	1925	4244	4632	2536	13292	512	
FL	-71600	-71600	4	4	0	3	0	0	0	9	0	1727783	6075	4775	148	1925	4244	4632	2536	13292	512	
FL	-71800	-71800	5	4	0	3	1	2	0	9	0	1726384	6075	4775	148	1925	4244	4632	2536	13292	512	
FL	-72000	-72000	6	4	0	3	1	2	0	10	0	1725111	6075	4775	148	1925	4244	4632	2536	13292	512	
FL	-72200	-72200	6	5	0	4	1	2	0	11	0	1724225	6075	4775	148	1925	4244	4632	2536	13292	512	
FL	-72400	-72400	6	5	0	4	2	3	0	11	0	1723425	6075	4775	148	1925	4244	4632	2536	13292	512	
FL	-72600	-72600	6	6	0	3	2	3	0	9	0	1722791	6075	4775	148	1925	4244	4632	2536	13292	512	
FL	-72800	-72800	5	7	0	3	2	3	1	7	0	1722290	6075	4775	148	1925	4244	4632	2536	13292	512	
FL	-73000	-73000	4	5	0	4	2	4	2	6	0	1721602	6075	4775	148	1925	4244	4632	2536	13292	512	
FL	-73200	-73200	2	5	0	4	2	4	2	4	0	1720802	6075	4775	148	1925	4244	4632	2536	13292	512	
FL	-73400	-73400	3	5	0	4	2	2	2	3	0	1719995	6075	4775	148	1925	4244	4632	2536	13292	512	
FL	-73600	-73600	2	6	0	4	2	2	1	3	0	1719126	6075	4775	148	1925	4244	4632	2536	13292	512	
FL	-73800	-73800	2	6	0	3	2	3	1	5	0	1718155	6075	4775	148	1925	4244	4632	2536	13292	512	
FL	-74000	-74000	2	3	0	3	2	2	1	4	0	1717358	6075	4775	148	1925	4244	4632	2536	13292	512	
FL	-74200	-74200	1	3	0	1	1	4	0	5	0	1716572	6075	4775	148	1925	4244	4632	2536	13292	512	
FL	-74400	-74400	1	3	0	1	1	4	1	5	0	1714984	6075	4775	148	1925	4244	4632	2536	13292	512	
FL	-74600	-74600	1	3	0	0	1	5	1	7	0	1713286	6075	4775	148	1925	4244	4632	2536	13292	512	
FL	-74800	-74800	1	3	0	0	1	5	1	7	0	1711444	6075	4775	148	1925	4244	4632	2536	13292	512	
FL	-75000	-75000	0	4	0	0	0	4	2	10	0	1709602	6075	4775	148	1925	4244	4632	2536	13292	512	
FL	-75200	-75200	0	4	0	0	0	5	2	9	0	1707802	6075	4775	148	1925	4244	4632	2536	13292	512	
FL	-75400	-75400	1	4	0	0	0	5	3	11	0	1706002	6075	4775	148	1925	4244	4632	2536	13292	512	
FL	-75600	-75600	1	4	0	0	0	5	3	11	0	1704136	6075	4775	148	1925	4244	4632	2536	13292	512	
FL	-75800	-75800	1	5	0	0	0	6	2	12	0	1702303	6075	4775	148	1925	4244	4632	2536	13292	512	
FL	-76000	-76000	1	6	0	0	0	6	1	12	0	1700504	6075	4775	148	1925	4244	4632	2536	13292	512	
FL	-76200	-76200	1	6	0	1	1	5	1	13	0	1698786	6075	4775	148	1925	4244	4632	2536	13292	512	
FL	-76400	-76400	1	5	0	1	1	5	1	11	0	1697394	6075	4775	148	1925	4244	4632	2536	13292	512	
FL	-76600	-76600	2	5	0	1	1	5	1	7	0	1696639	6075	4775	148	1925	4244	4632	2536	13292	512	
FL	-76800	-76800	2	4	0	1	1	4	1	10	0	1696039	6075	4775	148	1925	4244	4632	2536	13292	512	
FL	-77000	-77000	4	5	0	1	1	4	1	10	0	1695282	6075	4775	148	1925	4244	4632	2536	13292	512	
FL	-77200	-77200	3	3	0	1	1	3	2	12	0	1694442	6075	4775	148	1925	4244	4632	2536	13292	512	
FL	-77400	-77400	4	1	0	1	1	2	3	10	0	1693425	6075	4775	148	1925	4244	4632	2536	13292	512	
FL	-77600	-77600	4	0	0	0	1	1	3	9	0	1692461	6075	4775	148	1925	4244	4632	2536	13292	512	
FL	-77800	-77800	4	0	0	0	0	1	3	9	0	1691783	6075	4775	148	1925	4244	4632	2536	13292	512	
FL	-78000	-78000	3	1	0	0	0	1	4	9	0	1691084	6075	4775	148	1925	4244	4632	2536	13292	512	
FL	-78200	-78200	2	2	0	1	0	2	5	9	0	1690284	6075	4775	148	1925	4244	4632	2536	13292	512	
FL	-78400	-78400	1	3	0	1	1	2	4	8	0	1689326	6075	4775	148	1925	4244	4632	2536	13292	512	
FL	-78600	-78600	1	3	0	1	1	1	3	10	0	1688452	6075	4775	148	1925	4244	4632	2536	13292	512	
FL	-78800	-78800	2	1	0	1	1	3	3	8	0	1687229	6075	4775	148	1925	4244	4632	2536	13292	512	
FL	-79000	-79000	1	1	0	1	1	3	3	9	0	1685969	6075	4775	148	1925	4244	4632	2536	13292	512	
FL	-79200	-79200	1	1	0	1	1	3	3	9	0	1685168	6075	4775	148	1925	4244	4632	2536	13292	512	
FL	-79400	-79400	1	1	0	0	1	3	3	8	0	1684568	6075	4775	148	1925	4244	4632	2536	13292	512	
FL	-79600	-79600	2	1	0	0	1	4	3	8	0	1683864	6075	4775	148	1925	4244	4632	2536	13292	512	
FL	-79800	-79800	1	1	0	0	0	5	3	6	0	1683264	6075	4775	148	1925	4244	4632	2536	13292	512	
FL	-80000	-80000	1	0	0	0	1	5	4	6	0	1682664	6075	4775	148	1925	4244	4632	2536	13292	512	
FL	-80200	-80200	1	1	0	0	1	5	3	5	0	1681913	6075	4775	148	1925	4244	4632	2536	13292	512	
FL	-80400	-80400	3	2	0	0	1	5	3	5	0	1680913	6075	4775	148	1925	4244	4632	2536	13292	512	
FL	-80600	-80600	3	2	0	0	1	3	3	6	0	1679913	6075	4775	148	1925	4244	4632	2536	13292	512	
FL	-80800	-80800	3	2	0	0	1	3	2	6	0	1679072	6075	4775	148	1925	4244	4632	2536	13292	512	
FL	-81000	-81000	4	2	0	0	1	3	1	6	0	1678140	6075	4775	148	1925	4244	4632	2536	13292	512	
FL	-81200	-81200	5	3	0	0	1	2	1	7	0	1677256	6075	4775	148	1925	4244	4632	2536	13292	512	
FL	-81400	-81400	6	3	0	0	1	2	1	6	0	1676465	6075	4775	148	1925	4244	4632	2536	13292	512	
FL	-81600	-81600	4	3	0	0	1	2	0	5	0	1675495	6075	4775	148	1925	4244	4632	2536	13292	512	
FL	-81800	-81800	6	3	0	0	1	3	1	5	0	1674624	6075	4775	148	1925	4244	4632	2536	13292	512	
FL	-82000	-82000	5	5	0	0	1	3	1	5	0	1673824	6075	4775	148	1925	4244	4632	2536	13292	512	
FL	-82200	-82200	4	5	0	0	1	4	1	5	0	1672846	6075	4775	148	1925	4244	4632	2536	13292	512	
FL	-82400	-82400	5	4	0	0	1	3	1	6	0	1671863	6075	4775	148	1925	4244	4632	2536	13292	512	
FL	-82600	-82600	4	5	0	0	0	3	1	7	0	1670824	6075	4775	148	1925	4244	4632	2536	13292	512	
FL	-82800	-82800	3	4	0	0	0	3	1	8	0	1669624	6075	4775	148	1925	4244	4632	2536	13292	512	
FL	-83000	-83000	3	4	0	0	0	3	1	7	0	1668318	6075	4775	148	1925	4244	4632	2536	13292	512	
FL	-83200	-83200	2	3	0	0	0	3	1	7	0	1667100	6075	4775	148	1925	4244	4632	2536	13292	512	
FL	-83400	-83400	2	3	0	0	0	2	0	6	0	1665564	6075	4775	148	1925	4244	4632	2536	13292	512	
FL	-83600	-83600	4	1	0	0	0	2	0	5	0	1664334	6075	4775	148	1925	4244	4632	2536	13292	512	
FL	-83800	-83800	4	1	0	0	0	1	0	3	0	1663139	6075	4775	148	1925	4244	4632	2536	13292	512	
FL	-84000	-84000	6	0	0	1	1	2	1	3	0	1661969	6075	4775	148	1925	4244	4632	2536	13292	512	
FL	-84200	-84200	6	0	0	2	1	2	2	4	1	1660969	6075	4775	148	1925	4244	4632	2536	13292	512	
FL	-84400	-84400	6	1	0	2	1	1	2	4	2	1660112	6075	4775	148	1925	4244	4632	2536	13292	512	
FL	-84600	-84600	6	1	0	2	1	1	2	3	2	1659575	6075	4775	148	1925	4244	4632	2536	13292	512	
FL	-84800	-84800	6	1	0	3	1	1	2	3	1	1659192	6075	4775	148	1925	4244	4632	2536	13292	512	
FL	-85000	-85000	5	1	0	3	0	1	2	3	1	1658792	6075	4775	148	1925	4244	4632	2536	13292	512	
FL	-85200	-85200	6	2	0	3	0	1	2	2	1	1658416	6075	4775	148	1925	4244	4632	2536	13292	512	
FL	-85400	-85400	6	2	0	3	0	2	1	2	0	1658016	6075	4775	148	1925	4244	4632	2536	13292	512	
FL	-85600	-85600	6	2	0	3	0	2	1	2	0	1657508	6075	4775	148	1925	4244	4632	2536	13292	512	
FL	-85800	-85800	4	1	0	3	0	3	1	3	0	1656908	6075	4775	148	1925	4244	4632	2536	13292	512	
FL	-86000	-86000	4	1	0	2	0	3	1	3	0	1656308	6075	4775	148	1925	4244	4632	2536	13292	512	
FL	-86200	-86200	4	3	0	1	0	0	0	3	0	1655708	6075	4775	148	1925	4244	4632	2536	13292	512	
FL	-86400	-86400	3	3	0	1	1	0	0	3	0	1655279	6075	4775	148	1925	4244	4632	2536	13292	512	
FL	-86600	-86600	3	3	0	1	1	1	0	3	0	1654738	6075	4775	148	1925	4244	4632	2536	13292	512	
FL	-86800	-86800	1	3	0	2	1	2	0	3	0	1654138	6075	4775	148	1925	4244	4632	2536	13292	512	
FL	-87000	-87000	1	4	0	2	1	3	1	1	0	1653538	6075	4775	148	1925	4244	4632	2536	13292	512	
FL	-87200	-87200	2	3	0	2	1	4	1	2	0	1652938	6075	4775	148	1925	4244	4632	2536	13292	512	
FL	-87400	-87400	2	3	0	2	3	4	1	2	0	1652338	6075	4775	148	1925	4244	4632	2536	13292	512	
FL	-87600	-87600	2	3	0	1	2	5	1	2	1	1651647	6075	4775	148	1925	4244	4632	2536	13292	512	
FL	-87800	-87800	2	2	0	1	2	5	0	2	1	1650910	6075	4775	148	1925	4244	4632	2536	13292	512	
FL	-88000	-88000	2	2	0	1	1	4	0	2	1	1650149	6075	4775	148	1925	4244	4632	2536	13292	512	
FL	-88200	-88200	3	3	0	1	0	4	0	3	1	1649395	6075	4775	148	1925	4244	4632	2536	13292	512	
FL	-88400	-88400	2	2	0	1	1	3	1	6	0	1648011	6075	4775	148	1925	4244	4632	2536	13292	512	
FL	-88600	-88600	2	2	0	1	1	2	1	5	0	1646450	6075	4775	148	1925	4244	4632	2536	13292	512	
FL	-88800	-88800	2	3	0	1	1	2	1	6	0	1644999	6075	4775	148	1925	4244	4632	2536	13292	512	
FL	-89000	-89000	3	3	0	0	0	2	3	7	0	1643567	6075	4775	148	1925	4244	4632	2536	13292	512	
FL	-89200	-89200	3	1	0	0	0	2	3	7	0	1642260	6075	4775	148	1925	4244	4632	2536	13292	512	
FL	-89400	-89400	5	1	0	1	0	3	3	7	0	1641245	6075	4775	148	1925	4244	4632	2536	13292	512	
FL	-89600	-89600	6	1	0	1	0	3	2	8	0	1640245	6075	4775	148	1925	4244	4632	2536	13292	512	
FL	-89800	-89800	6	0	0	1	0	3	2	8	0	1639245	6075	4775	148	1925	4244	4632	2536	13292	512	
FL	-90000	-90000	7	0	0	2	0	4	2	6	0	1638493	6075	4775	148	1925	4244	4632	2536	13292	512	
FL	-90200	-90200	7	0	0	2	0	5	1	6	0	1637425	6075	4775	148	1925	4244	4632	2536	13292	512	
FL	-90400	-90400	7	0	0	2	0	5	1	7	0	1636020	6075	4775	148	1925	4244	4632	2536	13292	512	
FL	-90600	-90600	8	0	0	2	0	3	1	9	0	1634420	6075	4775	148	1925	4244	4632	2536	13292	512	
FL	-90800	-90800	4	0	0	2	0	3	1	8	1	1632820	6075	4775	148	1925	4244	4632	2536	13292	512	
FL	-91000	-91000	5	0	0	1	0	4	1	7	1	1631220	6075	4775	148	1925	4244	4632	2536	13292	512	
FL	-91200	-91200	6	0	0	1	1	4	1	8	1	1629660	6075	4775	148	1925	4244	4632	2536	13292	512	
FL	-91400	-91400	7	0	0	1	2	3	2	8	1	1628080	6075	4775	148	1925	4244	4632	2536	13292	512	
FL	-91600	-91600	7	0	0	1	2	3	2	11	1	1626726	6075	4775	148	1925	4244	4632	2536	13292	512	
FL	-91800	-91800	8	0	0	1	3	3	1	10	1	1625668	6075	4775	148	1925	4244	4632	2536	13292	512	
FL	-92000	-92000	9	1	0	1	4	3	1	10	1	1624724	6075	4775	148	1925	4244	4632	2536	13292	512	
FL	-92200	-92200	7	1	0	1	3	3	3	9	0	1624124	6075	4775	148	1925	4244	4632	2536	13292	512	
FL	-92400	-92400	6	1	0	1	3	2	3	7	0	1623578	6075	4775	148	1925	4244	4632	2536	13292	512	
FL	-92600	-92600	7	2	0	0	2	2	3	6	0	1622978	6075	4775	148	1925	4244	4632	2536	13292	512	
FL	-92800	-92800	6	2	0	0	2	1	3	4	0	1622378	6075	4775	148	1925	4244	4632	2536	13292	512	
FL	-93000	-93000	6	3	0	0	2	1	2	3	0	1621602	6075	4775	148	1925	4244	4632	2536	13292	512	
FL	-93200	-93200	8	3	0	0	1	1	2	4	0	1620641	6075	4775	148	1925	4244	4632	2536	13292	512	
FL	-93400	-93400	7	3	0	0	1	1	2	4	0	1619585	6075	4775	148	1925	4244	4632	2536	13292	512	
FL	-93600	-93600	8	3	0	0	1	2	3	4	0	1618476	6075	4775	148	1925	4244	4632	2536	13292	512	
FL	-93800	-93800	8	3	0	0	1	2	3	5	1	1617449	6075	4775	148	1925	4244	4632	2536	13292	512	
FL	-94000	-94000	7	3	0	0	1	2	3	6	1	1616723	6075	4775	148	1925	4244	4632	2536	13292	512	
FL	-94200	-94200	7	4	0	0	1	2	4	7	1	1616123	6075	4775	148	1925	4244	4632	2536	13292	512	
FL	-94400	-94400	8	4	0	0	1	2	4	6	1	1615717	6075	4775	148	1925	4244	4632	2536	13292	512	
FL	-94600	-94600	7	1	0	0	0	2	5	8	1	1615255	6075	4775	148	1925	4244	4632	2536	13292	512	
FL	-94800	-94800	7	2	0	0	0	2	3	8	1	1614459	6075	4775	148	1925	4244	4632	2536	13292	512	
FL	-95000	-95000	7	3	0	0	1	3	3	9	1	1613659	6075	4775	148	1925	4244	4632	2536	13292	512	
FL	-95200	-95200	7	3	0	0	2	3	2	8	1	1612859	6075	4775	148	1925	4244	4632	2536	13292	512	
FL	-95400	-95400	6	4	0	0	2	4	2	7	1	1612137	6075	4775	148	1925	4244	4632	2536	13292	512	
FL	-95600	-95600	6	5	0	0	3	5	1	7	1	1611164	6075	4775	148	1925	4244	4632	2536	13292	512	
FL	-95800	-95800	4	5	0	0	3	3	2	5	0	1610055	6075	4775	148	1925	4244	4632	2536	13292	512	
FL	-96000	-96000	4	3	0	0	4	2	2	7	0	1609313	6075	4775	148	1925	4244	4632	2536	13292	512	
FL	-96200	-96200	3	4	0	0	4	2	3	5	0	1608513	6075	4775	148	1925	4244	4632	2536	13292	512	
FL	-96400	-96400	3	3	0	0	4	2	3	6	0	1607678	6075	4775	148	1925	4244	4632	2536	13292	512	
FL	-96600	-96600	4	4	0	0	3	2	3	6	1	1606755	6075	4775	148	1925	4244	4632	2536	13292	512	
FL	-96800	-96800	2	4	0	0	2	2	3	7	1	1605755	6075	4775	148	1925	4244	4632	2536	13292	512	
FL	-97000	-97000	3	2	0	0	1	3	7	9	1	1604775	6075	4775	148	1925	4244	4632	2536	13292	512	
FL	-97200	-97200	3	3	0	0	2	4	8	9	1	1603975	6075	4775	148	1925	4244	4632	2536	13292	512	
FL	-97400	-97400	2	3	0	0	2	4	8	7	1	1603271	6075	4775	148	1925	4244	4632	2536	13292	512	
FL	-97600	-97600	2	3	0	0	1	4	8	9	1	1602871	6075	4775	148	1925	4244	4632	2536	13292	512	
FL	-97800	-97800	3	3	0	0	1	4	8	9	1	1602655	6075	4775	148	1925	4244	4632	2536	13292	512	
FL	-98000	-98000	3	2	0	0	1	4	8	8	1	1602381	6075	4775	148	1925	4244	4632	2536	13292	512	
FL	-98200	-98200	2	2	0	0	2	4	8	6	1	1601981	6075	4775	148	1925	4244	4632	2536	13292	512	
FL	-98400	-98400	2	3	0	0	2	6	5	9	0	1601741	6075	4775	148	1925	4244	4632	2536	13292	512	
FL	-98600	-98600	2	2	0	0	2	6	5	10	0	1601541	6075	4775	148	1925	4244	4632	2536	13292	512	
FL	-98800	-98800	2	2	0	0	2	7	5	10	0	1601250	6075	4775	148	1925	4244	4632	2536	13292	512	
FL	-99000	-99000	3	1	0	0	2	8	5	10	1	1600676	6075	4775	148	1925	4244	4632	2536	13292	512	
FL	-99200	-99200	2	1	0	0	2	6	1	9	1	1600076	6075	4775	148	1925	4244	4632	2536	13292	512	
FL	-99400	-99400	3	1	0	0	2	5	1	9	1	1599476	6075	4775	148	1925	4244	4632	2536	13292	512	
FL	-99600	-99600	3	1	0	0	2	3	1	9	1	1598876	6075	4775	148	1925	4244	4632	2536	13292	512	
FL	-99800	-99800	3	1	0	0	2	3	0	11	1	1598276	6075	4775	148	1925	4244	4632	2536	13292	512	
FL	-100000	-100000	2	2	0	1	2	2	0	12	0	1597676	6075	4775	148	1925	4244	4632	2536	13292	512	
