FL	0	0	4	4	1	19	4	3	3	30	1	2679834	6075	4775	148	1925	4244	4632	2536	13292	512	
FL	200	200	5	3	1	18	5	3	3	33	1	2666071	6075	4775	148	1925	4244	4632	2536	13292	512	
FL	400	400	5	3	1	17	5	4	2	29	1	2631330	6075	4775	148	1925	4244	4632	2536	13292	512	
FL	600	600	6	3	1	16	4	4	2	30	1	2593434	6075	4775	148	1925	4244	4632	2536	13292	512	
FL	800	800	6	2	1	16	3	4	1	29	1	2559927	6075	4775	148	1925	4244	4632	2536	13292	512	
FL	1000	1000	5	2	1	15	3	4	1	25	3	2533209	6075	4775	148	1925	4244	4632	2536	13292	512	
FL	1200	1200	4	1	0	14	4	4	1	24	3	2513071	6075	4775	148	1925	4244	4632	2536	13292	512	
FL	1400	1400	3	2	0	12	4	5	1	23	3	2497611	6075	4775	148	1925	4244	4632	2536	13292	512	
FL	1600	1600	4	1	0	11	3	1	1	21	3	2485257	6075	4775	148	1925	4244	4632	2536	13292	512	
FL	1800	1800	3	1	0	11	4	1	1	18	3	2475573	6075	4775	148	1925	4244	4632	2536	13292	512	
FL	2000	2000	4	1	0	11	4	1	1	16	3	2468542	6075	4775	148	1925	4244	4632	2536	13292	512	
FL	2200	2200	5	3	0	11	4	1	1	13	3	2463007	6075	4775	148	1925	4244	4632	2536	13292	512	
FL	2400	2400	7	3	0	6	4	1	1	13	2	2457934	6075	4775	148	1925	4244	4632	2536	13292	512	
FL	2600	2600	7	3	0	5	1	0	0	11	2	2453810	6075	4775	148	1925	4244	4632	2536	13292	512	
FL	2800	2800	7	4	0	5	1	1	0	9	2	2450729	6075	4775	148	1925	4244	4632	2536	13292	512	
FL	3000	3000	8	5	0	3	0	3	0	8	2	2447992	6075	4775	148	1925	4244	4632	2536	13292	512	
FL	3200	3200	8	5	0	2	0	3	0	11	1	2445426	6075	4775	148	1925	4244	4632	2536	13292	512	
FL	3400	3400	8	4	0	2	0	4	0	12	1	2442932	6075	4775	148	1925	4244	4632	2536	13292	512	
FL	3600	3600	8	3	0	2	0	5	0	13	0	2440317	6075	4775	148	1925	4244	4632	2536	13292	512	
FL	3800	3800	7	5	1	2	0	5	0	11	0	2437865	6075	4775	148	1925	4244	4632	2536	13292	512	
FL	4000	4000	8	3	1	2	1	4	0	9	0	2435029	6075	4775	148	1925	4244	4632	2536	13292	512	
FL	4200	4200	8	3	1	2	1	3	0	9	0	2431585	6075	4775	148	1925	4244	4632	2536	13292	512	
FL	4400	4400	10	3	1	1	2	3	0	10	0	2427623	6075	4775	148	1925	4244	4632	2536	13292	512	
FL	4600	4600	11	2	1	1	2	4	0	10	0	2423480	6075	4775	148	1925	4244	4632	2536	13292	512	
FL	4800	4800	10	3	1	1	4	3	0	9	0	2419158	6075	4775	148	1925	4244	4632	2536	13292	512	
FL	5000	5000	9	3	1	0	4	3	0	9	0	2415074	6075	4775	148	1925	4244	4632	2536	13292	512	
FL	5200	5200	7	4	1	0	4	4	0	11	0	2411597	6075	4775	148	1925	4244	4632	2536	13292	512	
FL	5400	5400	9	3	0	0	3	4	0	13	0	2408405	6075	4775	148	1925	4244	4632	2536	13292	512	
FL	5600	5600	6	4	0	0	1	4	0	15	0	2405290	6075	4775	148	1925	4244	4632	2536	13292	512	
FL	5800	5800	4	5	0	1	1	3	0	13	0	2402401	6075	4775	148	1925	4244	4632	2536	13292	512	
FL	6000	6000	5	5	0	1	1	3	0	13	0	2399560	6075	4775	148	1925	4244	4632	2536	13292	512	
FL	6200	6200	4	5	0	1	1	3	1	13	0	2396615	6075	4775	148	1925	4244	4632	2536	13292	512	
FL	6400	6400	4	6	0	1	1	4	1	13	0	2393862	6075	4775	148	1925	4244	4632	2536	13292	512	
FL	6600	6600	4	6	0	1	0	5	1	15	0	2391563	6075	4775	148	1925	4244	4632	2536	13292	512	
FL	6800	6800	5	5	0	1	1	6	1	15	0	2389204	6075	4775	148	1925	4244	4632	2536	13292	512	
FL	7000	7000	6	5	0	1	1	6	1	13	0	2387033	6075	4775	148	1925	4244	4632	2536	13292	512	
FL	7200	7200	6	5	0	1	2	4	2	14	0	2385053	6075	4775	148	1925	4244	4632	2536	13292	512	
FL	7400	7400	8	5	0	1	2	3	3	16	0	2383435	6075	4775	148	1925	4244	4632	2536	13292	512	
FL	7600	7600	8	4	0	1	1	3	2	13	0	2382118	6075	4775	148	1925	4244	4632	2536	13292	512	
FL	7800	7800	8	4	0	1	1	2	1	12	0	2380518	6075	4775	148	1925	4244	4632	2536	13292	512	
FL	8000	8000	9	3	0	4	1	2	1	13	0	2378759	6075	4775	148	1925	4244	4632	2536	13292	512	
FL	8200	8200	8	6	0	4	1	2	1	13	0	2376974	6075	4775	148	1925	4244	4632	2536	13292	512	
FL	8400	8400	6	8	0	4	1	2	2	13	0	2375077	6075	4775	148	1925	4244	4632	2536	13292	512	
FL	8600	8600	7	8	0	4	2	1	2	12	0	2373267	6075	4775	148	1925	4244	4632	2536	13292	512	
FL	8800	8800	6	8	0	5	1	1	2	13	0	2371391	6075	4775	148	1925	4244	4632	2536	13292	512	
FL	9000	9000	9	8	0	6	2	1	2	14	0	2369943	6075	4775	148	1925	4244	4632	2536	13292	512	
FL	9200	9200	8	7	0	6	1	1	2	15	0	2368522	6075	4775	148	1925	4244	4632	2536	13292	512	
FL	9400	9400	6	6	0	6	1	2	1	17	0	2366734	6075	4775	148	1925	4244	4632	2536	13292	512	
FL	9600	9600	7	5	0	6	1	1	0	16	1	2364561	6075	4775	148	1925	4244	4632	2536	13292	512	
FL	9800	9800	8	4	0	4	1	3	0	16	1	2362245	6075	4775	148	1925	4244	4632	2536	13292	512	
FL	10000	10000	7	5	0	3	1	3	0	16	1	2359956	6075	4775	148	1925	4244	4632	2536	13292	512	
FL	10200	10200	8	4	0	3	1	3	0	19	1	2358259	6075	4775	148	1925	4244	4632	2536	13292	512	
FL	10400	10400	10	4	0	3	1	4	1	17	0	2356786	6075	4775	148	1925	4244	4632	2536	13292	512	
FL	10600	10600	10	5	0	2	1	3	1	15	0	2355361	6075	4775	148	1925	4244	4632	2536	13292	512	
FL	10800	10800	8	6	0	1	0	3	1	15	0	2353428	6075	4775	148	1925	4244	4632	2536	13292	512	
FL	11000	11000	8	5	0	1	0	3	0	14	0	2351864	6075	4775	148	1925	4244	4632	2536	13292	512	
FL	11200	11200	9	4	0	0	0	2	0	8	0	2350807	6075	4775	148	1925	4244	4632	2536	13292	512	
FL	11400	11400	8	4	0	1	1	1	1	9	0	2349093	6075	4775	148	1925	4244	4632	2536	13292	512	
FL	11600	11600	8	4	0	2	1	2	1	8	0	2347093	6075	4775	148	1925	4244	4632	2536	13292	512	
FL	11800	11800	8	4	0	2	1	2	2	10	0	2344788	6075	4775	148	1925	4244	4632	2536	13292	512	
FL	12000	12000	8	4	0	2	1	2	2	7	0	2342480	6075	4775	148	1925	4244	4632	2536	13292	512	
FL	12200	12200	6	4	0	3	0	2	2	8	0	2340197	6075	4775	148	1925	4244	4632	2536	13292	512	
FL	12400	12400	8	4	1	3	0	2	2	7	0	2337997	6075	4775	148	1925	4244	4632	2536	13292	512	
FL	12600	12600	7	2	1	2	0	1	2	7	0	2335859	6075	4775	148	1925	4244	4632	2536	13292	512	
FL	12800	12800	6	2	1	3	1	1	2	9	0	2333640	6075	4775	148	1925	4244	4632	2536	13292	512	
FL	13000	13000	5	3	1	3	1	1	3	10	0	2331656	6075	4775	148	1925	4244	4632	2536	13292	512	
FL	13200	13200	4	3	1	3	1	1	3	7	0	2329370	6075	4775	148	1925	4244	4632	2536	13292	512	
FL	13400	13400	5	4	1	3	2	1	2	8	0	2327042	6075	4775	148	1925	4244	4632	2536	13292	512	
FL	13600	13600	5	4	0	1	2	1	2	8	0	2324339	6075	4775	148	1925	4244	4632	2536	13292	512	
FL	13800	13800	4	3	0	1	2	1	1	8	0	2322177	6075	4775	148	1925	4244	4632	2536	13292	512	
FL	14000	14000	4	2	0	1	2	2	2	8	0	2320225	6075	4775	148	1925	4244	4632	2536	13292	512	
FL	14200	14200	4	2	0	1	2	3	1	7	0	2318270	6075	4775	148	1925	4244	4632	2536	13292	512	
FL	14400	14400	4	3	0	2	2	4	2	6	0	2316738	6075	4775	148	1925	4244	4632	2536	13292	512	
FL	14600	14600	4	4	0	2	2	5	2	6	0	2315312	6075	4775	148	1925	4244	4632	2536	13292	512	
FL	14800	14800	4	4	0	2	2	5	2	7	0	2313629	6075	4775	148	1925	4244	4632	2536	13292	512	
FL	15000	15000	3	4	1	2	0	5	2	8	0	2311667	6075	4775	148	1925	4244	4632	2536	13292	512	
FL	15200	15200	3	4	1	2	0	3	1	7	0	2309467	6075	4775	148	1925	4244	4632	2536	13292	512	
FL	15400	15400	3	4	1	2	0	2	2	8	0	2307161	6075	4775	148	1925	4244	4632	2536	13292	512	
FL	15600	15600	4	5	1	1	0	2	2	7	0	2304594	6075	4775	148	1925	4244	4632	2536	13292	512	
FL	15800	15800	4	4	1	1	0	4	2	6	0	2301886	6075	4775	148	1925	4244	4632	2536	13292	512	
FL	16000	16000	5	3	1	1	1	3	3	10	0	2299169	6075	4775	148	1925	4244	4632	2536	13292	512	
FL	16200	16200	8	5	1	1	1	2	3	11	0	2296592	6075	4775	148	1925	4244	4632	2536	13292	512	
FL	16400	16400	9	5	1	0	1	2	2	10	0	2294293	6075	4775	148	1925	4244	4632	2536	13292	512	
FL	16600	16600	10	5	1	0	1	4	3	12	0	2292474	6075	4775	148	1925	4244	4632	2536	13292	512	
FL	16800	16800	9	3	1	1	1	3	2	12	0	2290813	6075	4775	148	1925	4244	4632	2536	13292	512	
FL	17000	17000	9	2	1	1	2	3	3	11	0	2289037	6075	4775	148	1925	4244	4632	2536	13292	512	
FL	17200	17200	5	2	0	1	2	3	2	8	0	2286899	6075	4775	148	1925	4244	4632	2536	13292	512	
FL	17400	17400	5	3	0	1	2	3	3	7	0	2284406	6075	4775	148	1925	4244	4632	2536	13292	512	
FL	17600	17600	8	3	0	1	3	3	3	8	0	2281251	6075	4775	148	1925	4244	4632	2536	13292	512	
FL	17800	17800	8	2	0	1	4	5	3	10	0	2277868	6075	4775	148	1925	4244	4632	2536	13292	512	
FL	18000	18000	7	2	0	1	5	5	3	9	0	2273584	6075	4775	148	1925	4244	4632	2536	13292	512	
FL	18200	18200	6	3	0	2	4	5	4	8	0	2269060	6075	4775	148	1925	4244	4632	2536	13292	512	
FL	18400	18400	6	3	0	3	5	6	2	9	0	2264383	6075	4775	148	1925	4244	4632	2536	13292	512	
FL	18600	18600	7	3	0	2	5	6	2	7	0	2259739	6075	4775	148	1925	4244	4632	2536	13292	512	
FL	18800	18800	4	5	0	3	4	6	4	9	0	2255716	6075	4775	148	1925	4244	4632	2536	13292	512	
FL	19000	19000	4	4	0	3	5	5	3	11	0	2252236	6075	4775	148	1925	4244	4632	2536	13292	512	
FL	19200	19200	4	3	0	3	4	6	2	14	0	2249167	6075	4775	148	1925	4244	4632	2536	13292	512	
FL	19400	19400	4	3	0	3	2	7	2	14	0	2246039	6075	4775	148	1925	4244	4632	2536	13292	512	
FL	19600	19600	4	3	0	2	2	7	2	14	0	2242964	6075	4775	148	1925	4244	4632	2536	13292	512	
FL	19800	19800	5	3	0	2	2	7	3	13	0	2239588	6075	4775	148	1925	4244	4632	2536	13292	512	
FL	20000	20000	7	4	0	0	2	5	4	13	0	2236336	6075	4775	148	1925	4244	4632	2536	13292	512	
FL	20200	20200	9	4	0	0	1	4	3	14	0	2233308	6075	4775	148	1925	4244	4632	2536	13292	512	
FL	20400	20400	8	4	0	0	1	5	3	11	0	2230139	6075	4775	148	1925	4244	4632	2536	13292	512	
FL	20600	20600	7	4	0	0	1	5	4	9	0	2227326	6075	4775	148	1925	4244	4632	2536	13292	512	
FL	20800	20800	7	4	0	0	2	4	4	6	0	2224584	6075	4775	148	1925	4244	4632	2536	13292	512	
FL	21000	21000	7	5	0	0	2	4	3	9	0	2221516	6075	4775	148	1925	4244	4632	2536	13292	512	
FL	21200	21200	7	4	0	0	2	5	2	8	0	2218573	6075	4775	148	1925	4244	4632	2536	13292	512	
FL	21400	21400	5	4	0	1	3	6	2	8	0	2215676	6075	4775	148	1925	4244	4632	2536	13292	512	
FL	21600	21600	5	5	0	1	3	6	2	8	0	2212554	6075	4775	148	1925	4244	4632	2536	13292	512	
FL	21800	21800	5	4	0	1	3	6	2	6	0	2209437	6075	4775	148	1925	4244	4632	2536	13292	512	
FL	22000	22000	6	4	0	1	3	7	2	5	0	2206528	6075	4775	148	1925	4244	4632	2536	13292	512	
FL	22200	22200	6	4	0	1	3	5	1	6	0	2203511	6075	4775	148	1925	4244	4632	2536	13292	512	
FL	22400	22400	5	2	0	1	3	6	1	7	0	2200467	6075	4775	148	1925	4244	4632	2536	13292	512	
FL	22600	22600	4	3	0	2	3	5	1	9	0	2197464	6075	4775	148	1925	4244	4632	2536	13292	512	
FL	22800	22800	5	3	0	2	2	4	0	9	0	2194540	6075	4775	148	1925	4244	4632	2536	13292	512	
FL	23000	23000	5	4	0	3	1	4	0	9	0	2191464	6075	4775	148	1925	4244	4632	2536	13292	512	
FL	23200	23200	5	4	0	3	1	5	0	8	0	2188256	6075	4775	148	1925	4244	4632	2536	13292	512	
FL	23400	23400	7	4	0	2	1	4	0	9	0	2184964	6075	4775	148	1925	4244	4632	2536	13292	512	
FL	23600	23600	8	5	0	1	1	7	0	10	0	2181569	6075	4775	148	1925	4244	4632	2536	13292	512	
FL	23800	23800	8	5	0	1	1	8	1	9	0	2178879	6075	4775	148	1925	4244	4632	2536	13292	512	
FL	24000	24000	9	4	0	0	1	8	1	10	0	2176104	6075	4775	148	1925	4244	4632	2536	13292	512	
FL	24200	24200	8	3	0	0	1	8	1	10	0	2173153	6075	4775	148	1925	4244	4632	2536	13292	512	
FL	24400	24400	7	3	0	0	1	9	1	8	0	2170141	6075	4775	148	1925	4244	4632	2536	13292	512	
FL	24600	24600	10	4	0	0	0	9	1	8	0	2167176	6075	4775	148	1925	4244	4632	2536	13292	512	
FL	24800	24800	11	4	0	0	1	7	1	9	0	2163323	6075	4775	148	1925	4244	4632	2536	13292	512	
FL	25000	25000	11	4	0	1	2	7	2	10	0	2159322	6075	4775	148	1925	4244	4632	2536	13292	512	
FL	25200	25200	11	3	0	1	2	7	2	10	0	2155407	6075	4775	148	1925	4244	4632	2536	13292	512	
FL	25400	25400	8	4	0	0	3	8	2	8	0	2151357	6075	4775	148	1925	4244	4632	2536	13292	512	
FL	25600	25600	8	3	0	0	4	8	2	9	0	2147330	6075	4775	148	1925	4244	4632	2536	13292	512	
FL	25800	25800	6	2	0	0	3	6	2	10	0	2143506	6075	4775	148	1925	4244	4632	2536	13292	512	
FL	26000	26000	5	2	0	0	3	6	2	11	0	2140520	6075	4775	148	1925	4244	4632	2536	13292	512	
FL	26200	26200	3	3	0	0	4	4	2	9	1	2137775	6075	4775	148	1925	4244	4632	2536	13292	512	
FL	26400	26400	4	2	0	0	5	5	2	11	1	2135076	6075	4775	148	1925	4244	4632	2536	13292	512	
FL	26600	26600	3	3	0	0	4	7	2	9	1	2132213	6075	4775	148	1925	4244	4632	2536	13292	512	
FL	26800	26800	1	3	0	0	4	9	2	9	1	2129583	6075	4775	148	1925	4244	4632	2536	13292	512	
FL	27000	27000	2	3	0	0	4	8	1	7	0	2126566	6075	4775	148	1925	4244	4632	2536	13292	512	
FL	27200	27200	4	4	0	0	2	7	1	7	0	2123790	6075	4775	148	1925	4244	4632	2536	13292	512	
FL	27400	27400	4	5	0	0	2	6	0	7	0	2121412	6075	4775	148	1925	4244	4632	2536	13292	512	
FL	27600	27600	4	5	0	0	2	6	1	10	0	2118937	6075	4775	148	1925	4244	4632	2536	13292	512	
FL	27800	27800	6	4	0	0	2	6	1	11	0	2116462	6075	4775	148	1925	4244	4632	2536	13292	512	
FL	28000	28000	10	4	0	0	2	5	1	11	0	2114761	6075	4775	148	1925	4244	4632	2536	13292	512	
FL	28200	28200	11	4	0	0	3	5	0	9	0	2113106	6075	4775	148	1925	4244	4632	2536	13292	512	
FL	28400	28400	9	3	0	0	3	2	0	8	0	2111574	6075	4775	148	1925	4244	4632	2536	13292	512	
FL	28600	28600	8	3	0	0	3	2	1	8	0	2109815	6075	4775	148	1925	4244	4632	2536	13292	512	
FL	28800	28800	8	2	0	0	2	2	1	10	0	2107797	6075	4775	148	1925	4244	4632	2536	13292	512	
FL	29000	29000	8	2	0	1	2	4	1	13	0	2105409	6075	4775	148	1925	4244	4632	2536	13292	512	
FL	29200	29200	9	2	0	1	2	4	1	13	0	2102331	6075	4775	148	1925	4244	4632	2536	13292	512	
FL	29400	29400	10	2	0	1	1	4	2	13	0	2098969	6075	4775	148	1925	4244	4632	2536	13292	512	
FL	29600	29600	11	1	0	1	1	6	2	13	0	2095490	6075	4775	148	1925	4244	4632	2536	13292	512	
FL	29800	29800	11	1	0	1	1	7	1	14	0	2092085	6075	4775	148	1925	4244	4632	2536	13292	512	
FL	30000	30000	7	1	0	1	0	7	1	15	0	2088826	6075	4775	148	1925	4244	4632	2536	13292	512	
FL	30200	30200	6	1	0	0	1	6	1	14	0	2085493	6075	4775	148	1925	4244	4632	2536	13292	512	
FL	30400	30400	7	1	0	0	0	6	1	16	0	2081666	6075	4775	148	1925	4244	4632	2536	13292	512	
FL	30600	30600	10	1	0	1	0	6	2	18	0	2077862	6075	4775	148	1925	4244	4632	2536	13292	512	
FL	30800	30800	11	2	0	1	0	6	2	18	0	2074611	6075	4775	148	1925	4244	4632	2536	13292	512	
FL	31000	31000	12	2	0	1	0	9	2	15	0	2072044	6075	4775	148	1925	4244	4632	2536	13292	512	
FL	31200	31200	8	2	0	1	0	8	2	13	0	2070034	6075	4775	148	1925	4244	4632	2536	13292	512	
FL	31400	31400	9	1	0	1	0	9	2	12	0	2068157	6075	4775	148	1925	4244	4632	2536	13292	512	
FL	31600	31600	9	1	0	1	0	8	2	12	0	2066157	6075	4775	148	1925	4244	4632	2536	13292	512	
FL	31800	31800	5	1	0	2	0	9	3	11	1	2064185	6075	4775	148	1925	4244	4632	2536	13292	512	
FL	32000	32000	4	2	0	2	0	11	3	9	1	2062536	6075	4775	148	1925	4244	4632	2536	13292	512	
FL	32200	32200	6	3	0	5	0	8	2	9	1	2061136	6075	4775	148	1925	4244	4632	2536	13292	512	
FL	32400	32400	6	3	0	4	0	7	1	5	1	2060052	6075	4775	148	1925	4244	4632	2536	13292	512	
FL	32600	32600	6	3	0	4	0	4	1	5	1	2059214	6075	4775	148	1925	4244	4632	2536	13292	512	
FL	32800	32800	7	2	0	4	0	6	0	7	0	2058142	6075	4775	148	1925	4244	4632	2536	13292	512	
FL	33000	33000	7	2	0	1	0	6	0	6	0	2056942	6075	4775	148	1925	4244	4632	2536	13292	512	
FL	33200	33200	8	2	0	1	1	6	0	7	0	2055635	6075	4775	148	1925	4244	4632	2536	13292	512	
FL	33400	33400	9	2	0	1	2	5	0	9	0	2054136	6075	4775	148	1925	4244	4632	2536	13292	512	
FL	33600	33600	10	4	1	1	3	5	0	10	0	2052333	6075	4775	148	1925	4244	4632	2536	13292	512	
FL	33800	33800	10	3	1	1	5	5	0	9	0	2050543	6075	4775	148	1925	4244	4632	2536	13292	512	
FL	34000	34000	9	3	1	1	5	8	0	11	2	2048743	6075	4775	148	1925	4244	4632	2536	13292	512	
FL	34200	34200	6	4	1	1	6	5	0	10	2	2047142	6075	4775	148	1925	4244	4632	2536	13292	512	
FL	34400	34400	6	4	1	1	6	6	0	10	2	2045722	6075	4775	148	1925	4244	4632	2536	13292	512	
FL	34600	34600	4	5	1	1	6	8	0	8	2	2044923	6075	4775	148	1925	4244	4632	2536	13292	512	
FL	34800	34800	4	4	1	0	7	7	0	10	2	2044306	6075	4775	148	1925	4244	4632	2536	13292	512	
FL	35000	35000	4	4	1	0	7	7	1	14	2	2043745	6075	4775	148	1925	4244	4632	2536	13292	512	
FL	35200	35200	4	4	0	0	7	5	1	15	1	2042831	6075	4775	148	1925	4244	4632	2536	13292	512	
FL	35400	35400	3	3	0	0	5	6	1	16	1	2041723	6075	4775	148	1925	4244	4632	2536	13292	512	
FL	35600	35600	2	3	0	0	5	5	1	14	1	2040223	6075	4775	148	1925	4244	4632	2536	13292	512	
FL	35800	35800	1	3	0	0	4	5	2	14	1	2038747	6075	4775	148	1925	4244	4632	2536	13292	512	
FL	36000	36000	2	3	0	0	4	5	1	15	1	2036944	6075	4775	148	1925	4244	4632	2536	13292	512	
FL	36200	36200	1	3	0	0	3	6	2	14	0	2034962	6075	4775	148	1925	4244	4632	2536	13292	512	
FL	36400	36400	3	4	0	0	2	6	2	13	1	2033240	6075	4775	148	1925	4244	4632	2536	13292	512	
FL	36600	36600	5	3	0	0	4	5	2	11	1	2031569	6075	4775	148	1925	4244	4632	2536	13292	512	
FL	36800	36800	6	5	0	0	4	4	2	8	1	2029873	6075	4775	148	1925	4244	4632	2536	13292	512	
FL	37000	37000	9	4	0	0	4	3	1	6	1	2028018	6075	4775	148	1925	4244	4632	2536	13292	512	
FL	37200	37200	11	2	0	0	3	3	1	3	1	2025818	6075	4775	148	1925	4244	4632	2536	13292	512	
FL	37400	37400	11	2	0	1	3	3	1	3	1	2023380	6075	4775	148	1925	4244	4632	2536	13292	512	
FL	37600	37600	11	4	0	1	2	2	1	2	1	2020703	6075	4775	148	1925	4244	4632	2536	13292	512	
FL	37800	37800	9	4	0	2	1	3	3	4	1	2017496	6075	4775	148	1925	4244	4632	2536	13292	512	
FL	38000	38000	9	4	0	2	0	2	3	8	1	2013914	6075	4775	148	1925	4244	4632	2536	13292	512	
FL	38200	38200	6	4	0	2	0	1	3	11	2	2010308	6075	4775	148	1925	4244	4632	2536	13292	512	
FL	38400	38400	6	3	0	2	0	3	2	13	2	2006714	6075	4775	148	1925	4244	4632	2536	13292	512	
FL	38600	38600	9	3	0	2	1	5	2	15	1	2002910	6075	4775	148	1925	4244	4632	2536	13292	512	
FL	38800	38800	9	2	0	2	1	4	2	15	1	1999813	6075	4775	148	1925	4244	4632	2536	13292	512	
FL	39000	39000	7	2	0	2	1	5	2	15	1	1997701	6075	4775	148	1925	4244	4632	2536	13292	512	
FL	39200	39200	6	3	0	2	1	6	0	12	1	1995681	6075	4775	148	1925	4244	4632	2536	13292	512	
FL	39400	39400	6	4	0	2	1	6	0	10	1	1993364	6075	4775	148	1925	4244	4632	2536	13292	512	
FL	39600	39600	4	4	0	1	1	6	1	9	1	1991323	6075	4775	148	1925	4244	4632	2536	13292	512	
FL	39800	39800	5	5	0	0	1	6	2	8	1	1989523	6075	4775	148	1925	4244	4632	2536	13292	512	
FL	40000	40000	4	5	0	0	1	5	2	8	1	1987941	6075	4775	148	1925	4244	4632	2536	13292	512	
FL	40200	40200	5	5	0	0	1	2	2	8	0	1986734	6075	4775	148	1925	4244	4632	2536	13292	512	
FL	40400	40400	4	4	0	0	2	2	3	10	0	1985453	6075	4775	148	1925	4244	4632	2536	13292	512	
FL	40600	40600	5	4	0	0	1	1	2	9	0	1984377	6075	4775	148	1925	4244	4632	2536	13292	512	
FL	40800	40800	5	3	0	0	2	0	2	8	0	1982893	6075	4775	148	1925	4244	4632	2536	13292	512	
FL	41000	41000	6	3	0	0	2	0	2	9	1	1981197	6075	4775	148	1925	4244	4632	2536	13292	512	
FL	41200	41200	7	2	0	0	2	1	2	11	1	1979439	6075	4775	148	1925	4244	4632	2536	13292	512	
FL	41400	41400	6	3	0	0	2	1	1	12	1	1978215	6075	4775	148	1925	4244	4632	2536	13292	512	
FL	41600	41600	5	4	0	0	2	1	1	11	1	1977115	6075	4775	148	1925	4244	4632	2536	13292	512	
FL	41800	41800	6	5	0	0	2	1	3	10	1	1975903	6075	4775	148	1925	4244	4632	2536	13292	512	
FL	42000	42000	7	3	0	0	1	1	6	10	1	1974743	6075	4775	148	1925	4244	4632	2536	13292	512	
FL	42200	42200	7	5	0	0	2	1	5	9	1	1973497	6075	4775	148	1925	4244	4632	2536	13292	512	
FL	42400	42400	4	6	0	0	3	0	5	6	0	1972283	6075	4775	148	1925	4244	4632	2536	13292	512	
FL	42600	42600	4	6	0	0	3	0	5	8	0	1971157	6075	4775	148	1925	4244	4632	2536	13292	512	
FL	42800	42800	3	6	0	0	4	0	5	9	0	1970207	6075	4775	148	1925	4244	4632	2536	13292	512	
FL	43000	43000	3	4	0	0	5	0	5	9	0	1968683	6075	4775	148	1925	4244	4632	2536	13292	512	
FL	43200	43200	3	2	1	0	6	0	5	8	0	1967267	6075	4775	148	1925	4244	4632	2536	13292	512	
FL	43400	43400	3	2	1	1	5	0	3	7	0	1965650	6075	4775	148	1925	4244	4632	2536	13292	512	
FL	43600	43600	2	3	1	1	4	0	3	7	0	1963805	6075	4775	148	1925	4244	4632	2536	13292	512	
FL	43800	43800	2	2	1	1	5	1	3	10	0	1961787	6075	4775	148	1925	4244	4632	2536	13292	512	
FL	44000	44000	3	1	1	1	4	1	1	10	0	1959863	6075	4775	148	1925	4244	4632	2536	13292	512	
FL	44200	44200	3	1	1	2	5	2	1	10	0	1958008	6075	4775	148	1925	4244	4632	2536	13292	512	
FL	44400	44400	2	1	1	2	6	6	1	9	0	1956208	6075	4775	148	1925	4244	4632	2536	13292	512	
FL	44600	44600	2	1	1	1	5	7	2	6	0	1954658	6075	4775	148	1925	4244	4632	2536	13292	512	
FL	44800	44800	2	2	0	1	5	8	3	4	0	1953018	6075	4775	148	1925	4244	4632	2536	13292	512	
FL	45000	45000	4	2	0	1	5	8	3	3	0	1951468	6075	4775	148	1925	4244	4632	2536	13292	512	
FL	45200	45200	5	2	0	1	5	8	4	3	0	1950243	6075	4775	148	1925	4244	4632	2536	13292	512	
FL	45400	45400	7	2	0	1	7	6	4	4	0	1948633	6075	4775	148	1925	4244	4632	2536	13292	512	
FL	45600	45600	7	1	0	1	6	6	4	4	0	1946236	6075	4775	148	1925	4244	4632	2536	13292	512	
FL	45800	45800	6	1	0	1	5	5	4	3	0	1943723	6075	4775	148	1925	4244	4632	2536	13292	512	
FL	46000	46000	6	2	0	1	5	5	3	1	0	1941344	6075	4775	148	1925	4244	4632	2536	13292	512	
FL	46200	46200	5	1	0	0	5	2	1	2	1	1939008	6075	4775	148	1925	4244	4632	2536	13292	512	
FL	46400	46400	7	2	0	0	6	2	2	2	1	1936992	6075	4775	148	1925	4244	4632	2536	13292	512	
FL	46600	46600	7	2	0	0	4	2	2	2	1	1934813	6075	4775	148	1925	4244	4632	2536	13292	512	
FL	46800	46800	5	2	0	0	3	2	2	4	1	1932819	6075	4775	148	1925	4244	4632	2536	13292	512	
FL	47000	47000	5	2	1	0	3	2	2	4	1	1931421	6075	4775	148	1925	4244	4632	2536	13292	512	
FL	47200	47200	5	2	1	0	3	2	3	4	1	1930320	6075	4775	148	1925	4244	4632	2536	13292	512	
FL	47400	47400	4	1	1	0	3	1	3	6	2	1929398	6075	4775	148	1925	4244	4632	2536	13292	512	
FL	47600	47600	4	2	1	0	3	2	3	5	2	1928616	6075	4775	148	1925	4244	4632	2536	13292	512	
FL	47800	47800	3	3	1	0	3	3	3	4	2	1927754	6075	4775	148	1925	4244	4632	2536	13292	512	
FL	48000	48000	4	3	1	1	2	3	3	3	2	1926505	6075	4775	148	1925	4244	4632	2536	13292	512	
FL	48200	48200	3	4	0	1	2	2	2	3	1	1925296	6075	4775	148	1925	4244	4632	2536	13292	512	
FL	48400	48400	3	4	0	1	2	3	3	3	1	1924219	6075	4775	148	1925	4244	4632	2536	13292	512	
FL	48600	48600	3	3	0	1	1	3	3	3	1	1922731	6075	4775	148	1925	4244	4632	2536	13292	512	
FL	48800	48800	4	2	0	1	2	3	3	3	1	1920675	6075	4775	148	1925	4244	4632	2536	13292	512	
FL	49000	49000	6	2	0	1	1	3	3	6	1	1918629	6075	4775	148	1925	4244	4632	2536	13292	512	
FL	49200	49200	5	2	0	1	1	2	2	9	0	1916811	6075	4775	148	1925	4244	4632	2536	13292	512	
FL	49400	49400	5	2	0	0	1	2	2	11	0	1914864	6075	4775	148	1925	4244	4632	2536	13292	512	
FL	49600	49600	4	3	0	0	1	2	1	10	0	1913202	6075	4775	148	1925	4244	4632	2536	13292	512	
FL	49800	49800	6	3	0	1	2	2	1	10	0	1911922	6075	4775	148	1925	4244	4632	2536	13292	512	
FL	50000	50000	5	4	0	1	2	2	2	10	0	1910796	6075	4775	148	1925	4244	4632	2536	13292	512	
FL	50200	50200	5	3	0	1	2	2	1	9	0	1909790	6075	4775	148	1925	4244	4632	2536	13292	512	
FL	50400	50400	6	6	0	1	2	2	1	9	0	1908702	6075	4775	148	1925	4244	4632	2536	13292	512	
FL	50600	50600	7	6	0	2	2	1	1	8	0	1907394	6075	4775	148	1925	4244	4632	2536	13292	512	
FL	50800	50800	7	5	0	1	1	1	1	6	0	1905794	6075	4775	148	1925	4244	4632	2536	13292	512	
FL	51000	51000	6	6	0	1	1	0	1	6	0	1904280	6075	4775	148	1925	4244	4632	2536	13292	512	
FL	51200	51200	5	6	0	3	1	1	1	5	0	1902760	6075	4775	148	1925	4244	4632	2536	13292	512	
FL	51400	51400	6	5	0	3	1	1	2	2	0	1901012	6075	4775	148	1925	4244	4632	2536	13292	512	
FL	51600	51600	6	4	0	3	1	1	2	2	0	1899212	6075	4775	148	1925	4244	4632	2536	13292	512	
FL	51800	51800	6	3	0	2	2	2	2	4	0	1897726	6075	4775	148	1925	4244	4632	2536	13292	512	
FL	52000	52000	6	3	0	2	2	3	3	4	0	1896516	6075	4775	148	1925	4244	4632	2536	13292	512	
FL	52200	52200	6	3	0	2	2	4	2	5	0	1894886	6075	4775	148	1925	4244	4632	2536	13292	512	
FL	52400	52400	6	4	0	2	2	4	2	5	0	1893171	6075	4775	148	1925	4244	4632	2536	13292	512	
FL	52600	52600	4	4	0	1	2	4	1	7	0	1891232	6075	4775	148	1925	4244	4632	2536	13292	512	
FL	52800	52800	4	4	0	0	2	8	1	9	0	1889589	6075	4775	148	1925	4244	4632	2536	13292	512	
FL	53000	53000	4	3	0	0	2	9	1	9	0	1887968	6075	4775	148	1925	4244	4632	2536	13292	512	
FL	53200	53200	3	3	0	0	2	7	1	9	0	1886554	6075	4775	148	1925	4244	4632	2536	13292	512	
FL	53400	53400	2	2	0	0	2	7	1	8	0	1885172	6075	4775	148	1925	4244	4632	2536	13292	512	
FL	53600	53600	1	2	0	0	2	5	1	7	0	1883606	6075	4775	148	1925	4244	4632	2536	13292	512	
FL	53800	53800	1	2	0	0	2	5	2	7	0	1882279	6075	4775	148	1925	4244	4632	2536	13292	512	
FL	54000	54000	1	3	0	0	2	6	3	8	0	1881106	6075	4775	148	1925	4244	4632	2536	13292	512	
FL	54200	54200	1	4	0	0	2	6	4	5	0	1879906	6075	4775	148	1925	4244	4632	2536	13292	512	
FL	54400	54400	1	5	0	0	1	5	4	4	0	1878706	6075	4775	148	1925	4244	4632	2536	13292	512	
FL	54600	54600	1	5	0	1	1	5	3	6	0	1877659	6075	4775	148	1925	4244	4632	2536	13292	512	
FL	54800	54800	2	5	0	1	1	4	3	7	0	1876648	6075	4775	148	1925	4244	4632	2536	13292	512	
FL	55000	55000	3	5	0	1	1	5	5	9	0	1875363	6075	4775	148	1925	4244	4632	2536	13292	512	
FL	55200	55200	3	4	0	1	1	5	4	8	0	1874408	6075	4775	148	1925	4244	4632	2536	13292	512	
FL	55400	55400	3	2	0	1	1	5	4	8	0	1873808	6075	4775	148	1925	4244	4632	2536	13292	512	
FL	55600	55600	3	5	0	1	1	4	4	7	0	1873208	6075	4775	148	1925	4244	4632	2536	13292	512	
FL	55800	55800	3	3	0	1	1	6	2	4	0	1872534	6075	4775	148	1925	4244	4632	2536	13292	512	
FL	56000	56000	5	3	0	1	1	4	3	4	0	1871358	6075	4775	148	1925	4244	4632	2536	13292	512	
FL	56200	56200	5	3	0	1	2	4	3	4	0	1870034	6075	4775	148	1925	4244	4632	2536	13292	512	
FL	56400	56400	3	1	0	0	2	4	3	3	0	1868574	6075	4775	148	1925	4244	4632	2536	13292	512	
FL	56600	56600	3	1	0	0	2	3	2	2	0	1867003	6075	4775	148	1925	4244	4632	2536	13292	512	
FL	56800	56800	3	1	0	0	3	3	4	3	0	1865259	6075	4775	148	1925	4244	4632	2536	13292	512	
FL	57000	57000	2	1	0	0	3	2	4	3	0	1863459	6075	4775	148	1925	4244	4632	2536	13292	512	
FL	57200	57200	3	1	0	0	2	2	3	4	0	1862008	6075	4775	148	1925	4244	4632	2536	13292	512	
FL	57400	57400	4	1	0	0	2	2	3	4	0	1860787	6075	4775	148	1925	4244	4632	2536	13292	512	
FL	57600	57600	5	2	0	0	2	4	2	3	0	1859853	6075	4775	148	1925	4244	4632	2536	13292	512	
FL	57800	57800	5	3	0	0	2	5	2	5	0	1858568	6075	4775	148	1925	4244	4632	2536	13292	512	
FL	58000	58000	5	2	0	0	2	5	2	6	0	1857360	6075	4775	148	1925	4244	4632	2536	13292	512	
FL	58200	58200	5	2	0	0	2	6	2	6	0	1855856	6075	4775	148	1925	4244	4632	2536	13292	512	
FL	58400	58400	6	3	0	0	3	7	2	6	0	1854190	6075	4775	148	1925	4244	4632	2536	13292	512	
FL	58600	58600	5	2	0	0	3	5	2	6	0	1852248	6075	4775	148	1925	4244	4632	2536	13292	512	
FL	58800	58800	4	2	0	0	2	5	2	5	0	1850312	6075	4775	148	1925	4244	4632	2536	13292	512	
FL	59000	59000	2	2	0	0	2	3	2	4	0	1847977	6075	4775	148	1925	4244	4632	2536	13292	512	
FL	59200	59200	2	2	0	1	2	3	1	3	0	1845201	6075	4775	148	1925	4244	4632	2536	13292	512	
FL	59400	59400	1	1	0	1	1	2	2	3	0	1842130	6075	4775	148	1925	4244	4632	2536	13292	512	
FL	59600	59600	2	1	0	1	1	3	2	3	0	1839467	6075	4775	148	1925	4244	4632	2536	13292	512	
FL	59800	59800	4	2	0	1	2	3	2	3	0	1837079	6075	4775	148	1925	4244	4632	2536	13292	512	
FL	60000	60000	4	3	0	1	2	4	3	2	0	1834752	6075	4775	148	1925	4244	4632	2536	13292	512	
FL	60200	60200	4	4	0	1	2	5	4	4	0	1832486	6075	4775	148	1925	4244	4632	2536	13292	512	
FL	60400	60400	4	4	0	1	1	5	3	5	0	1830328	6075	4775	148	1925	4244	4632	2536	13292	512	
FL	60600	60600	5	6	0	0	1	5	3	7	0	1828354	6075	4775	148	1925	4244	4632	2536	13292	512	
FL	60800	60800	6	6	0	0	0	5	2	8	0	1826906	6075	4775	148	1925	4244	4632	2536	13292	512	
FL	61000	61000	4	6	0	0	0	5	3	8	0	1825506	6075	4775	148	1925	4244	4632	2536	13292	512	
FL	61200	61200	4	5	0	0	0	5	3	8	0	1824095	6075	4775	148	1925	4244	4632	2536	13292	512	
FL	61400	61400	3	5	0	0	0	3	3	9	0	1822540	6075	4775	148	1925	4244	4632	2536	13292	512	
FL	61600	61600	2	4	0	1	1	3	4	6	0	1820835	6075	4775	148	1925	4244	4632	2536	13292	512	
FL	61800	61800	2	2	0	1	1	2	6	6	0	1819164	6075	4775	148	1925	4244	4632	2536	13292	512	
FL	62000	62000	2	2	0	1	1	2	6	5	0	1817434	6075	4775	148	1925	4244	4632	2536	13292	512	
FL	62200	62200	2	2	0	1	1	2	6	5	0	1815634	6075	4775	148	1925	4244	4632	2536	13292	512	
FL	62400	62400	2	2	0	0	1	2	5	4	0	1813734	6075	4775	148	1925	4244	4632	2536	13292	512	
FL	62600	62600	2	1	0	0	2	1	4	4	0	1811757	6075	4775	148	1925	4244	4632	2536	13292	512	
FL	62800	62800	1	1	0	0	2	2	3	3	0	1809954	6075	4775	148	1925	4244	4632	2536	13292	512	
FL	63000	63000	1	1	0	0	2	2	2	3	0	1808204	6075	4775	148	1925	4244	4632	2536	13292	512	
FL	63200	63200	2	1	0	0	3	1	1	3	0	1806413	6075	4775	148	1925	4244	4632	2536	13292	512	
FL	63400	63400	3	1	0	0	3	1	0	3	0	1804880	6075	4775	148	1925	4244	4632	2536	13292	512	
FL	63600	63600	3	1	0	0	3	1	0	2	0	1803480	6075	4775	148	1925	4244	4632	2536	13292	512	
FL	63800	63800	3	1	0	0	2	1	0	2	0	1802056	6075	4775	148	1925	4244	4632	2536	13292	512	
FL	64000	64000	3	1	0	0	2	2	0	2	0	1800759	6075	4775	148	1925	4244	4632	2536	13292	512	
FL	64200	64200	4	1	0	5	2	1	0	4	0	1799807	6075	4775	148	1925	4244	4632	2536	13292	512	
FL	64400	64400	4	3	1	5	2	1	0	4	0	1798600	6075	4775	148	1925	4244	4632	2536	13292	512	
FL	64600	64600	5	3	1	6	2	1	0	4	0	1797454	6075	4775	148	1925	4244	4632	2536	13292	512	
FL	64800	64800	5	2	1	6	2	2	0	4	0	1796454	6075	4775	148	1925	4244	4632	2536	13292	512	
FL	65000	65000	5	2	1	1	2	2	0	3	0	1795266	6075	4775	148	1925	4244	4632	2536	13292	512	
FL	65200	65200	4	2	1	1	2	2	1	4	0	1793891	6075	4775	148	1925	4244	4632	2536	13292	512	
FL	65400	65400	5	1	1	1	1	3	2	6	0	1792343	6075	4775	148	1925	4244	4632	2536	13292	512	
FL	65600	65600	4	1	0	1	2	2	2	7	0	1790743	6075	4775	148	1925	4244	4632	2536	13292	512	
FL	65800	65800	3	1	0	1	1	2	2	7	0	1789143	6075	4775	148	1925	4244	4632	2536	13292	512	
FL	66000	66000	4	1	0	1	0	2	1	8	0	1787206	6075	4775	148	1925	4244	4632	2536	13292	512	
FL	66200	66200	4	1	0	0	1	3	1	9	0	1785224	6075	4775	148	1925	4244	4632	2536	13292	512	
FL	66400	66400	4	2	0	0	1	3	1	12	0	1783669	6075	4775	148	1925	4244	4632	2536	13292	512	
FL	66600	66600	3	2	0	0	1	2	1	13	0	1782255	6075	4775	148	1925	4244	4632	2536	13292	512	
FL	66800	66800	5	2	0	0	1	2	0	13	0	1780836	6075	4775	148	1925	4244	4632	2536	13292	512	
FL	67000	67000	5	2	0	0	1	2	1	11	0	1779456	6075	4775	148	1925	4244	4632	2536	13292	512	
FL	67200	67200	6	2	0	0	1	2	1	8	0	1778076	6075	4775	148	1925	4244	4632	2536	13292	512	
FL	67400	67400	4	2	0	1	1	2	1	8	0	1776963	6075	4775	148	1925	4244	4632	2536	13292	512	
FL	67600	67600	5	3	0	1	1	2	1	7	0	1775674	6075	4775	148	1925	4244	4632	2536	13292	512	
FL	67800	67800	4	3	0	1	1	3	1	6	0	1774240	6075	4775	148	1925	4244	4632	2536	13292	512	
FL	68000	68000	4	3	0	1	1	3	1	4	0	1772803	6075	4775	148	1925	4244	4632	2536	13292	512	
FL	68200	68200	3	3	0	1	1	3	0	3	0	1771304	6075	4775	148	1925	4244	4632	2536	13292	512	
FL	68400	68400	3	3	0	0	1	2	0	3	0	1769904	6075	4775	148	1925	4244	4632	2536	13292	512	
FL	68600	68600	2	3	0	0	1	2	0	2	0	1768662	6075	4775	148	1925	4244	4632	2536	13292	512	
FL	68800	68800	2	3	0	0	1	4	0	4	1	1767590	6075	4775	148	1925	4244	4632	2536	13292	512	
FL	69000	69000	1	2	0	0	1	3	1	6	1	1766635	6075	4775	148	1925	4244	4632	2536	13292	512	
FL	69200	69200	1	3	0	0	1	4	1	6	0	1765558	6075	4775	148	1925	4244	4632	2536	13292	512	
FL	69400	69400	0	3	0	0	2	4	1	7	0	1764358	6075	4775	148	1925	4244	4632	2536	13292	512	
FL	69600	69600	0	5	0	0	2	5	1	7	0	1763340	6075	4775	148	1925	4244	4632	2536	13292	512	
FL	69800	69800	0	4	0	0	3	5	1	8	0	1762146	6075	4775	148	1925	4244	4632	2536	13292	512	
FL	70000	70000	0	5	0	0	3	5	1	6	0	1760739	6075	4775	148	1925	4244	4632	2536	13292	512	
FL	70200	70200	1	3	0	0	3	5	1	5	0	1759339	6075	4775	148	1925	4244	4632	2536	13292	512	
FL	70400	70400	2	3	0	0	4	5	1	7	0	1757768	6075	4775	148	1925	4244	4632	2536	13292	512	
FL	70600	70600	4	3	0	0	4	5	1	5	0	1755847	6075	4775	148	1925	4244	4632	2536	13292	512	
FL	70800	70800	5	3	0	0	2	4	2	8	0	1754238	6075	4775	148	1925	4244	4632	2536	13292	512	
FL	71000	71000	6	4	1	1	2	2	2	10	0	1753267	6075	4775	148	1925	4244	4632	2536	13292	512	
FL	71200	71200	7	5	1	1	2	3	2	11	0	1752502	6075	4775	148	1925	4244	4632	2536	13292	512	
FL	71400	71400	6	3	1	1	2	5	3	12	0	1751702	6075	4775	148	1925	4244	4632	2536	13292	512	
FL	71600	71600	7	3	1	1	1	5	2	9	0	1750820	6075	4775	148	1925	4244	4632	2536	13292	512	
FL	71800	71800	7	3	1	1	4	5	2	8	0	1749621	6075	4775	148	1925	4244	4632	2536	13292	512	
FL	72000	72000	6	1	1	1	3	3	2	7	0	1748536	6075	4775	148	1925	4244	4632	2536	13292	512	
FL	72200	72200	5	1	1	1	3	2	3	8	0	1747536	6075	4775	148	1925	4244	4632	2536	13292	512	
FL	72400	72400	4	3	0	1	3	1	3	9	0	1746591	6075	4775	148	1925	4244	4632	2536	13292	512	
FL	72600	72600	6	3	0	1	1	1	3	8	0	1745791	6075	4775	148	1925	4244	4632	2536	13292	512	
FL	72800	72800	6	3	0	2	0	2	2	9	0	1744752	6075	4775	148	1925	4244	4632	2536	13292	512	
FL	73000	73000	5	2	0	2	0	2	2	9	0	1743864	6075	4775	148	1925	4244	4632	2536	13292	512	
FL	73200	73200	3	2	0	2	0	2	2	8	0	1742864	6075	4775	148	1925	4244	4632	2536	13292	512	
FL	73400	73400	2	2	0	0	0	2	2	7	0	1741930	6075	4775	148	1925	4244	4632	2536	13292	512	
FL	73600	73600	2	2	0	0	0	2	1	7	0	1741043	6075	4775	148	1925	4244	4632	2536	13292	512	
FL	73800	73800	4	3	0	1	1	3	1	7	0	1740163	6075	4775	148	1925	4244	4632	2536	13292	512	
FL	74000	74000	4	2	0	1	1	3	1	6	0	1739363	6075	4775	148	1925	4244	4632	2536	13292	512	
FL	74200	74200	4	2	0	1	1	3	1	6	0	1738377	6075	4775	148	1925	4244	4632	2536	13292	512	
FL	74400	74400	3	3	0	2	1	3	2	5	0	1736589	6075	4775	148	1925	4244	4632	2536	13292	512	
FL	74600	74600	3	3	1	3	2	4	2	4	0	1734902	6075	4775	148	1925	4244	4632	2536	13292	512	
FL	74800	74800	5	3	1	3	3	3	2	6	0	1733593	6075	4775	148	1925	4244	4632	2536	13292	512	
FL	75000	75000	5	4	1	3	3	3	2	7	0	1732277	6075	4775	148	1925	4244	4632	2536	13292	512	
FL	75200	75200	4	4	1	2	2	4	2	9	0	1730707	6075	4775	148	1925	4244	4632	2536	13292	512	
FL	75400	75400	3	3	1	0	2	6	2	8	0	1729255	6075	4775	148	1925	4244	4632	2536	13292	512	
FL	75600	75600	4	3	0	0	2	6	1	5	0	1727922	6075	4775	148	1925	4244	4632	2536	13292	512	
FL	75800	75800	4	2	0	0	3	6	1	6	0	1726759	6075	4775	148	1925	4244	4632	2536	13292	512	
FL	76000	76000	4	2	0	0	3	5	1	6	0	1725204	6075	4775	148	1925	4244	4632	2536	13292	512	
FL	76200	76200	5	2	0	1	4	4	1	6	0	1723634	6075	4775	148	1925	4244	4632	2536	13292	512	
FL	76400	76400	4	2	0	1	4	4	0	6	0	1722383	6075	4775	148	1925	4244	4632	2536	13292	512	
FL	76600	76600	5	4	0	1	4	4	1	6	0	1721383	6075	4775	148	1925	4244	4632	2536	13292	512	
FL	76800	76800	5	4	0	1	4	3	1	7	0	1720383	6075	4775	148	1925	4244	4632	2536	13292	512	
FL	77000	77000	5	3	0	1	3	2	3	7	0	1719226	6075	4775	148	1925	4244	4632	2536	13292	512	
FL	77200	77200	5	3	0	1	3	1	3	8	0	1718200	6075	4775	148	1925	4244	4632	2536	13292	512	
FL	77400	77400	7	3	0	0	3	1	3	7	0	1717369	6075	4775	148	1925	4244	4632	2536	13292	512	
FL	77600	77600	6	1	0	0	2	1	4	6	0	1716627	6075	4775	148	1925	4244	4632	2536	13292	512	
FL	77800	77800	5	1	0	0	2	2	4	7	0	1715938	6075	4775	148	1925	4244	4632	2536	13292	512	
FL	78000	78000	5	1	0	0	2	2	2	6	0	1715231	6075	4775	148	1925	4244	4632	2536	13292	512	
FL	78200	78200	3	2	0	0	2	3	2	7	0	1714431	6075	4775	148	1925	4244	4632	2536	13292	512	
FL	78400	78400	3	2	0	0	1	4	2	9	0	1713670	6075	4775	148	1925	4244	4632	2536	13292	512	
FL	78600	78600	2	1	0	0	1	4	1	9	0	1712901	6075	4775	148	1925	4244	4632	2536	13292	512	
FL	78800	78800	2	1	0	0	1	4	1	9	0	1712013	6075	4775	148	1925	4244	4632	2536	13292	512	
FL	79000	79000	3	2	0	0	1	3	2	8	0	1711013	6075	4775	148	1925	4244	4632	2536	13292	512	
FL	79200	79200	3	2	0	0	1	3	3	10	0	1710126	6075	4775	148	1925	4244	4632	2536	13292	512	
FL	79400	79400	3	2	0	0	0	2	3	10	0	1709326	6075	4775	148	1925	4244	4632	2536	13292	512	
FL	79600	79600	2	3	0	0	0	3	3	10	0	1708559	6075	4775	148	1925	4244	4632	2536	13292	512	
FL	79800	79800	2	3	0	0	0	4	3	12	0	1707951	6075	4775	148	1925	4244	4632	2536	13292	512	
FL	80000	80000	3	2	0	0	0	4	3	13	0	1707351	6075	4775	148	1925	4244	4632	2536	13292	512	
FL	80200	80200	5	1	0	0	1	3	2	11	0	1706600	6075	4775	148	1925	4244	4632	2536	13292	512	
FL	80400	80400	4	1	0	0	1	5	2	10	0	1705600	6075	4775	148	1925	4244	4632	2536	13292	512	
FL	80600	80600	4	1	0	0	1	5	3	10	0	1704768	6075	4775	148	1925	4244	4632	2536	13292	512	
FL	80800	80800	5	2	0	0	1	5	3	9	0	1704083	6075	4775	148	1925	4244	4632	2536	13292	512	
FL	81000	81000	5	2	0	0	1	5	3	8	0	1703351	6075	4775	148	1925	4244	4632	2536	13292	512	
FL	81200	81200	4	2	0	0	1	5	2	9	0	1702551	6075	4775	148	1925	4244	4632	2536	13292	512	
FL	81400	81400	3	2	0	0	1	4	2	7	0	1701840	6075	4775	148	1925	4244	4632	2536	13292	512	
FL	81600	81600	4	1	0	0	0	3	1	8	0	1701055	6075	4775	148	1925	4244	4632	2536	13292	512	
FL	81800	81800	4	1	0	1	1	3	1	5	0	1700055	6075	4775	148	1925	4244	4632	2536	13292	512	
FL	82000	82000	5	1	0	1	2	3	1	5	0	1699396	6075	4775	148	1925	4244	4632	2536	13292	512	
FL	82200	82200	4	2	0	1	1	2	2	4	0	1698618	6075	4775	148	1925	4244	4632	2536	13292	512	
FL	82400	82400	3	2	0	2	1	2	2	4	0	1697755	6075	4775	148	1925	4244	4632	2536	13292	512	
FL	82600	82600	2	2	0	2	1	4	2	6	0	1696766	6075	4775	148	1925	4244	4632	2536	13292	512	
FL	82800	82800	1	2	0	2	1	2	2	6	0	1695966	6075	4775	148	1925	4244	4632	2536	13292	512	
FL	83000	83000	2	4	0	2	0	3	2	6	0	1695217	6075	4775	148	1925	4244	4632	2536	13292	512	
FL	83200	83200	2	5	0	3	1	3	3	5	0	1694417	6075	4775	148	1925	4244	4632	2536	13292	512	
FL	83400	83400	2	5	0	3	2	3	2	4	0	1693281	6075	4775	148	1925	4244	4632	2536	13292	512	
FL	83600	83600	2	5	0	3	2	3	2	7	0	1692081	6075	4775	148	1925	4244	4632	2536	13292	512	
FL	83800	83800	3	5	0	2	3	3	2	8	0	1690719	6075	4775	148	1925	4244	4632	2536	13292	512	
FL	84000	84000	3	4	0	3	2	4	2	6	0	1689713	6075	4775	148	1925	4244	4632	2536	13292	512	
FL	84200	84200	3	3	0	3	2	5	1	7	0	1688913	6075	4775	148	1925	4244	4632	2536	13292	512	
FL	84400	84400	4	3	0	3	2	5	0	7	0	1688113	6075	4775	148	1925	4244	4632	2536	13292	512	
FL	84600	84600	4	3	0	2	1	5	0	7	0	1687403	6075	4775	148	1925	4244	4632	2536	13292	512	
FL	84800	84800	6	2	0	2	2	5	0	7	1	1687023	6075	4775	148	1925	4244	4632	2536	13292	512	
FL	85000	85000	6	2	0	3	2	4	0	6	1	1686823	6075	4775	148	1925	4244	4632	2536	13292	512	
FL	85200	85200	6	2	0	2	3	4	0	6	1	1686542	6075	4775	148	1925	4244	4632	2536	13292	512	
FL	85400	85400	8	2	0	0	3	3	0	8	1	1686142	6075	4775	148	1925	4244	4632	2536	13292	512	
FL	85600	85600	7	2	0	0	4	1	0	8	1	1685634	6075	4775	148	1925	4244	4632	2536	13292	512	
FL	85800	85800	7	4	0	0	3	3	1	7	1	1685064	6075	4775	148	1925	4244	4632	2536	13292	512	
FL	86000	86000	4	4	0	1	3	6	1	5	0	1684740	6075	4775	148	1925	4244	4632	2536	13292	512	
FL	86200	86200	5	4	0	2	4	6	1	4	0	1684540	6075	4775	148	1925	4244	4632	2536	13292	512	
FL	86400	86400	4	4	0	2	2	6	2	4	0	1684340	6075	4775	148	1925	4244	4632	2536	13292	512	
FL	86600	86600	4	5	0	3	2	4	2	4	0	1683999	6075	4775	148	1925	4244	4632	2536	13292	512	
FL	86800	86800	5	5	0	3	3	3	2	3	0	1683599	6075	4775	148	1925	4244	4632	2536	13292	512	
FL	87000	87000	5	4	0	3	3	3	3	4	0	1683199	6075	4775	148	1925	4244	4632	2536	13292	512	
FL	87200	87200	7	5	0	3	3	3	3	3	1	1682799	6075	4775	148	1925	4244	4632	2536	13292	512	
FL	87400	87400	7	5	0	5	2	1	3	2	1	1682399	6075	4775	148	1925	4244	4632	2536	13292	512	
FL	87600	87600	9	5	0	5	2	0	3	3	1	1682158	6075	4775	148	1925	4244	4632	2536	13292	512	
FL	87800	87800	9	5	0	4	1	0	2	3	1	1681856	6075	4775	148	1925	4244	4632	2536	13292	512	
FL	88000	88000	9	5	0	2	1	0	1	4	1	1681456	6075	4775	148	1925	4244	4632	2536	13292	512	
FL	88200	88200	9	5	0	2	2	2	1	4	1	1680902	6075	4775	148	1925	4244	4632	2536	13292	512	
FL	88400	88400	10	3	0	1	1	3	1	3	1	1679914	6075	4775	148	1925	4244	4632	2536	13292	512	
FL	88600	88600	10	3	0	1	1	5	2	6	1	1678753	6075	4775	148	1925	4244	4632	2536	13292	512	
FL	88800	88800	8	2	0	1	1	5	2	8	0	1677553	6075	4775	148	1925	4244	4632	2536	13292	512	
FL	89000	89000	7	2	0	1	1	5	2	8	0	1676321	6075	4775	148	1925	4244	4632	2536	13292	512	
FL	89200	89200	6	4	0	1	1	5	2	8	0	1675236	6075	4775	148	1925	4244	4632	2536	13292	512	
FL	89400	89400	4	5	0	0	1	5	2	8	0	1674636	6075	4775	148	1925	4244	4632	2536	13292	512	
FL	89600	89600	8	6	0	0	2	5	2	7	0	1674036	6075	4775	148	1925	4244	4632	2536	13292	512	
FL	89800	89800	7	7	0	0	3	3	2	7	0	1673436	6075	4775	148	1925	4244	4632	2536	13292	512	
FL	90000	90000	9	7	0	0	3	2	1	6	0	1672817	6075	4775	148	1925	4244	4632	2536	13292	512	
FL	90200	90200	9	7	0	0	3	4	1	4	0	1671852	6075	4775	148	1925	4244	4632	2536	13292	512	
FL	90400	90400	5	7	0	0	2	3	1	4	0	1670586	6075	4775	148	1925	4244	4632	2536	13292	512	
FL	90600	90600	5	7	0	0	2	4	1	4	0	1669043	6075	4775	148	1925	4244	4632	2536	13292	512	
FL	90800	90800	5	4	0	0	2	3	1	6	0	1667643	6075	4775	148	1925	4244	4632	2536	13292	512	
FL	91000	91000	6	4	0	0	3	4	2	9	0	1666425	6075	4775	148	1925	4244	4632	2536	13292	512	
FL	91200	91200	7	3	0	0	4	4	2	8	0	1665230	6075	4775	148	1925	4244	4632	2536	13292	512	
FL	91400	91400	6	4	0	1	4	3	2	8	0	1663850	6075	4775	148	1925	4244	4632	2536	13292	512	
FL	91600	91600	4	4	0	1	2	2	1	7	0	1662532	6075	4775	148	1925	4244	4632	2536	13292	512	
FL	91800	91800	3	4	0	1	2	2	2	9	0	1661685	6075	4775	148	1925	4244	4632	2536	13292	512	
FL	92000	92000	1	5	0	1	2	2	2	9	0	1660885	6075	4775	148	1925	4244	4632	2536	13292	512	
FL	92200	92200	1	4	0	1	2	3	2	9	0	1660085	6075	4775	148	1925	4244	4632	2536	13292	512	
FL	92400	92400	1	4	0	1	2	2	2	8	0	1659237	6075	4775	148	1925	4244	4632	2536	13292	512	
FL	92600	92600	2	4	0	1	2	1	2	7	0	1658564	6075	4775	148	1925	4244	4632	2536	13292	512	
FL	92800	92800	2	4	0	0	1	1	2	9	0	1658164	6075	4775	148	1925	4244	4632	2536	13292	512	
FL	93000	93000	3	3	0	0	0	2	1	6	0	1657588	6075	4775	148	1925	4244	4632	2536	13292	512	
FL	93200	93200	4	2	0	0	0	2	1	5	0	1656827	6075	4775	148	1925	4244	4632	2536	13292	512	
FL	93400	93400	4	2	0	0	0	2	1	7	0	1655827	6075	4775	148	1925	4244	4632	2536	13292	512	
FL	93600	93600	4	2	0	1	0	1	1	8	0	1654781	6075	4775	148	1925	4244	4632	2536	13292	512	
FL	93800	93800	4	1	0	1	1	0	1	7	0	1653981	6075	4775	148	1925	4244	4632	2536	13292	512	
FL	94000	94000	4	2	0	1	1	0	1	7	0	1653181	6075	4775	148	1925	4244	4632	2536	13292	512	
FL	94200	94200	3	2	0	1	1	0	1	8	0	1652381	6075	4775	148	1925	4244	4632	2536	13292	512	
FL	94400	94400	3	2	0	1	1	0	1	8	0	1651838	6075	4775	148	1925	4244	4632	2536	13292	512	
FL	94600	94600	4	2	0	1	1	0	1	6	0	1651501	6075	4775	148	1925	4244	4632	2536	13292	512	
FL	94800	94800	2	2	0	1	1	0	1	8	0	1650826	6075	4775	148	1925	4244	4632	2536	13292	512	
FL	95000	95000	2	2	0	1	2	2	2	9	0	1650026	6075	4775	148	1925	4244	4632	2536	13292	512	
FL	95200	95200	1	3	0	1	2	2	2	9	0	1649226	6075	4775	148	1925	4244	4632	2536	13292	512	
FL	95400	95400	1	3	0	2	3	2	1	9	0	1648311	6075	4775	148	1925	4244	4632	2536	13292	512	
FL	95600	95600	2	3	0	1	3	2	1	9	0	1647196	6075	4775	148	1925	4244	4632	2536	13292	512	
FL	95800	95800	1	4	0	1	3	0	2	6	0	1646032	6075	4775	148	1925	4244	4632	2536	13292	512	
FL	96000	96000	1	4	0	1	2	0	3	6	0	1644791	6075	4775	148	1925	4244	4632	2536	13292	512	
FL	96200	96200	1	5	0	0	2	0	3	4	0	1643670	6075	4775	148	1925	4244	4632	2536	13292	512	
FL	96400	96400	2	3	0	0	2	0	3	2	0	1642647	6075	4775	148	1925	4244	4632	2536	13292	512	
FL	96600	96600	2	3	0	0	3	0	2	1	0	1641524	6075	4775	148	1925	4244	4632	2536	13292	512	
FL	96800	96800	2	3	0	0	3	0	2	3	1	1640324	6075	4775	148	1925	4244	4632	2536	13292	512	
FL	97000	97000	2	1	0	0	3	0	3	3	1	1639291	6075	4775	148	1925	4244	4632	2536	13292	512	
FL	97200	97200	3	1	0	0	3	0	2	2	1	1638489	6075	4775	148	1925	4244	4632	2536	13292	512	
FL	97400	97400	2	1	0	0	3	0	1	3	1	1638045	6075	4775	148	1925	4244	4632	2536	13292	512	
FL	97600	97600	1	1	0	0	3	0	1	4	1	1637645	6075	4775	148	1925	4244	4632	2536	13292	512	
FL	97800	97800	1	1	0	0	3	1	1	3	1	1637245	6075	4775	148	1925	4244	4632	2536	13292	512	
FL	98000	98000	1	1	0	0	2	2	1	2	1	1636771	6075	4775	148	1925	4244	4632	2536	13292	512	
FL	98200	98200	2	2	0	0	1	2	1	4	0	1636171	6075	4775	148	1925	4244	4632	2536	13292	512	
FL	98400	98400	4	2	0	0	1	2	0	5	0	1635680	6075	4775	148	1925	4244	4632	2536	13292	512	
FL	98600	98600	3	3	0	0	1	2	0	5	0	1635280	6075	4775	148	1925	4244	4632	2536	13292	512	
FL	98800	98800	4	2	0	0	1	2	1	6	0	1634708	6075	4775	148	1925	4244	4632	2536	13292	512	
FL	99000	99000	4	2	0	0	1	2	1	7	1	1633734	6075	4775	148	1925	4244	4632	2536	13292	512	
FL	99200	99200	5	2	0	0	1	1	0	7	1	1632807	6075	4775	148	1925	4244	4632	2536	13292	512	
FL	99400	99400	4	3	0	0	0	1	1	7	1	1632007	6075	4775	148	1925	4244	4632	2536	13292	512	
FL	99600	99600	3	3	0	0	2	2	2	8	1	1631310	6075	4775	148	1925	4244	4632	2536	13292	512	
FL	99800	99800	3	4	0	0	3	2	2	7	1	1630894	6075	4775	148	1925	4244	4632	2536	13292	512	
FL	100000	100000	2	2	0	0	3	2	2	8	1	1630535	6075	4775	148	1925	4244	4632	2536	13292	512	
