DHL	0	0	40	74	18	30	91	89	102	0	58	37765000	1810	2357	1241	2216	9263	7013	7501	5032	
DHL	-25	-25	40	76	18	30	91	89	102	0	59	37765000	1810	2357	1241	2216	9263	7013	7501	5032	
DHL	-50	-50	39	76	18	30	92	89	102	0	60	37765000	1810	2357	1241	2216	9263	7013	7501	5032	
DHL	-75	-75	38	77	18	30	91	89	103	0	60	37765000	1810	2357	1241	2216	9263	7013	7501	5032	
DHL	-100	-100	38	77	18	30	91	89	103	0	60	37765000	1810	2357	1241	2216	9263	7013	7501	5032	
DHL	-125	-125	39	78	18	30	91	89	103	0	60	37765000	1810	2357	1241	2216	9263	7013	7501	5032	
DHL	-150	-150	38	78	18	30	93	88	103	0	60	37765000	1810	2357	1241	2216	9263	7013	7501	5032	
DHL	-175	-175	40	78	18	31	93	91	103	0	60	37765000	1810	2357	1241	2216	9263	7013	7501	5032	
DHL	-200	-200	45	78	18	30	93	93	103	0	59	37765000	1810	2357	1241	2216	9263	7013	7501	5032	
DHL	-225	-225	46	79	18	30	93	94	103	0	59	37765000	1810	2357	1241	2216	9263	7013	7501	5032	
DHL	-250	-250	46	79	18	30	94	96	103	0	58	37765000	1810	2357	1241	2216	9263	7013	7501	5032	
DHL	-275	-275	46	81	18	30	94	96	104	0	58	37765000	1810	2357	1241	2216	9263	7013	7501	5032	
DHL	-300	-300	46	81	18	31	94	96	104	0	59	37765000	1810	2357	1241	2216	9263	7013	7501	5032	
DHL	-325	-325	47	83	19	31	96	97	104	0	60	37765000	1810	2357	1241	2216	9263	7013	7501	5032	
DHL	-350	-350	45	81	19	33	97	98	104	0	63	37765000	1810	2357	1241	2216	9263	7013	7501	5032	
DHL	-375	-375	44	82	19	33	97	101	107	0	62	37765000	1810	2357	1241	2216	9263	7013	7501	5032	
DHL	-400	-400	44	79	19	34	96	102	108	0	63	37765000	1810	2357	1241	2216	9263	7013	7501	5032	
DHL	-425	-425	44	80	19	34	93	103	109	0	63	37765000	1810	2357	1241	2216	9263	7013	7501	5032	
DHL	-450	-450	44	79	19	34	94	105	109	0	63	37765000	1810	2357	1241	2216	9263	7013	7501	5032	
DHL	-475	-475	44	77	19	34	95	105	109	0	64	37765000	1810	2357	1241	2216	9263	7013	7501	5032	
DHL	-500	-500	45	78	20	34	96	104	110	0	65	37765000	1810	2357	1241	2216	9263	7013	7501	5032	
DHL	-525	-525	45	79	20	35	95	106	110	0	66	37765000	1810	2357	1241	2216	9263	7013	7501	5032	
DHL	-550	-550	46	79	20	36	95	104	109	0	68	37765000	1810	2357	1241	2216	9263	7013	7501	5032	
DHL	-575	-575	46	79	20	35	94	105	110	0	68	37765000	1810	2357	1241	2216	9263	7013	7501	5032	
DHL	-600	-600	46	80	19	35	93	102	110	0	69	37765000	1810	2357	1241	2216	9263	7013	7501	5032	
DHL	-625	-625	47	81	19	35	93	104	111	0	71	37765000	1810	2357	1241	2216	9263	7013	7501	5032	
DHL	-650	-650	48	79	19	35	93	105	111	0	72	37765000	1810	2357	1241	2216	9263	7013	7501	5032	
DHL	-675	-675	49	76	19	36	93	106	111	0	72	37765000	1810	2357	1241	2216	9263	7013	7501	5032	
DHL	-700	-700	48	76	19	36	94	107	111	0	72	37765000	1810	2357	1241	2216	9263	7013	7501	5032	
DHL	-725	-725	49	76	19	37	95	108	111	0	71	37765000	1810	2357	1241	2216	9263	7013	7501	5032	
DHL	-750	-750	48	75	19	38	95	107	112	0	71	37765000	1810	2357	1241	2216	9263	7013	7501	5032	
DHL	-775	-775	50	73	19	39	94	113	111	0	73	37765000	1810	2357	1241	2216	9263	7013	7501	5032	
DHL	-800	-800	49	73	18	39	94	111	111	0	74	37765000	1810	2357	1241	2216	9263	7013	7501	5032	
DHL	-825	-825	50	76	20	39	95	112	112	0	74	37765000	1810	2357	1241	2216	9263	7013	7501	5032	
DHL	-850	-850	50	75	20	39	94	115	111	0	73	37765000	1810	2357	1241	2216	9263	7013	7501	5032	
DHL	-875	-875	50	75	20	39	96	117	112	0	73	37765000	1810	2357	1241	2216	9263	7013	7501	5032	
DHL	-900	-900	51	75	20	39	98	118	112	0	74	37765000	1810	2357	1241	2216	9263	7013	7501	5032	
DHL	-925	-925	51	77	20	39	98	118	112	0	75	37765000	1810	2357	1241	2216	9263	7013	7501	5032	
DHL	-950	-950	51	79	20	39	98	117	112	0	74	37765000	1810	2357	1241	2216	9263	7013	7501	5032	
DHL	-975	-975	53	80	20	39	98	119	112	0	75	37765000	1810	2357	1241	2216	9263	7013	7501	5032	
DHL	-1000	-1000	53	80	20	39	97	118	112	0	75	37765000	1810	2357	1241	2216	9263	7013	7501	5032	
DHL	-1025	-1025	53	80	20	39	97	119	116	0	75	37765000	1810	2357	1241	2216	9263	7013	7501	5032	
DHL	-1050	-1050	55	81	20	40	97	120	114	0	75	37765000	1810	2357	1241	2216	9263	7013	7501	5032	
DHL	-1075	-1075	54	80	20	40	97	119	114	0	75	37765000	1810	2357	1241	2216	9263	7013	7501	5032	
DHL	-1100	-1100	54	80	20	40	97	119	114	0	76	37765000	1810	2357	1241	2216	9263	7013	7501	5032	
DHL	-1125	-1125	55	80	21	40	97	120	115	0	76	37765000	1810	2357	1241	2216	9263	7013	7501	5032	
DHL	-1150	-1150	56	80	21	40	97	122	117	0	77	37765000	1810	2357	1241	2216	9263	7013	7501	5032	
DHL	-1175	-1175	56	80	21	40	97	122	117	0	78	37765000	1810	2357	1241	2216	9263	7013	7501	5032	
DHL	-1200	-1200	56	81	21	39	98	121	117	0	77	37765000	1810	2357	1241	2216	9263	7013	7501	5032	
DHL	-1225	-1225	56	82	21	39	98	121	117	0	77	37765000	1810	2357	1241	2216	9263	7013	7501	5032	
DHL	-1250	-1250	55	82	21	39	97	121	117	0	77	37765000	1810	2357	1241	2216	9263	7013	7501	5032	
DHL	-1275	-1275	55	82	21	39	97	121	117	0	76	37765000	1810	2357	1241	2216	9263	7013	7501	5032	
DHL	-1300	-1300	55	82	21	39	97	121	117	0	75	37765000	1810	2357	1241	2216	9263	7013	7501	5032	
DHL	-1325	-1325	55	81	21	39	97	121	117	0	77	37765000	1810	2357	1241	2216	9263	7013	7501	5032	
DHL	-1350	-1350	55	83	21	40	98	123	116	0	77	37765000	1810	2357	1241	2216	9263	7013	7501	5032	
DHL	-1375	-1375	57	84	21	40	101	124	116	0	78	37765000	1810	2357	1241	2216	9263	7013	7501	5032	
DHL	-1400	-1400	57	84	21	41	100	124	115	0	78	37765000	1810	2357	1241	2216	9263	7013	7501	5032	
DHL	-1425	-1425	59	84	21	40	102	125	117	0	78	37765000	1810	2357	1241	2216	9263	7013	7501	5032	
DHL	-1450	-1450	59	84	21	40	102	125	119	0	79	37765000	1810	2357	1241	2216	9263	7013	7501	5032	
DHL	-1475	-1475	58	85	21	40	104	125	119	0	79	37765000	1810	2357	1241	2216	9263	7013	7501	5032	
DHL	-1500	-1500	59	84	23	40	106	125	118	0	80	37765000	1810	2357	1241	2216	9263	7013	7501	5032	
DHL	-1525	-1525	60	85	22	41	108	126	118	0	81	37765000	1810	2357	1241	2216	9263	7013	7501	5032	
DHL	-1550	-1550	59	86	22	41	109	125	118	0	81	37765000	1810	2357	1241	2216	9263	7013	7501	5032	
DHL	-1575	-1575	59	87	23	41	109	125	116	0	81	37765000	1810	2357	1241	2216	9263	7013	7501	5032	
DHL	-1600	-1600	61	86	24	42	109	126	116	0	81	37765000	1810	2357	1241	2216	9263	7013	7501	5032	
DHL	-1625	-1625	61	86	25	42	109	126	116	0	82	37765000	1810	2357	1241	2216	9263	7013	7501	5032	
DHL	-1650	-1650	59	85	25	42	107	128	115	0	81	37765000	1810	2357	1241	2216	9263	7013	7501	5032	
DHL	-1675	-1675	59	84	25	41	108	128	116	0	82	37765000	1810	2357	1241	2216	9263	7013	7501	5032	
DHL	-1700	-1700	60	86	24	41	109	128	116	0	83	37765000	1810	2357	1241	2216	9263	7013	7501	5032	
DHL	-1725	-1725	61	86	24	43	109	128	116	0	83	37765000	1810	2357	1241	2216	9263	7013	7501	5032	
DHL	-1750	-1750	60	86	23	43	108	129	115	0	85	37765000	1810	2357	1241	2216	9263	7013	7501	5032	
DHL	-1775	-1775	60	86	23	44	108	131	113	0	85	37765000	1810	2357	1241	2216	9263	7013	7501	5032	
DHL	-1800	-1800	60	86	23	44	108	129	114	0	85	37765000	1810	2357	1241	2216	9263	7013	7501	5032	
DHL	-1825	-1825	60	86	23	44	109	128	114	0	86	37765000	1810	2357	1241	2216	9263	7013	7501	5032	
DHL	-1850	-1850	60	86	23	43	109	128	115	0	86	37765000	1810	2357	1241	2216	9263	7013	7501	5032	
DHL	-1875	-1875	58	87	23	44	110	128	114	0	87	37765000	1810	2357	1241	2216	9263	7013	7501	5032	
DHL	-1900	-1900	58	87	23	44	110	129	113	0	89	37765000	1810	2357	1241	2216	9263	7013	7501	5032	
DHL	-1925	-1925	58	87	23	44	112	129	113	0	91	37765000	1810	2357	1241	2216	9263	7013	7501	5032	
DHL	-1950	-1950	59	87	23	44	114	129	114	0	91	37765000	1810	2357	1241	2216	9263	7013	7501	5032	
DHL	-1975	-1975	59	87	23	45	113	129	114	0	90	37765000	1810	2357	1241	2216	9263	7013	7501	5032	
DHL	-2000	-2000	59	88	24	47	114	129	113	0	90	37765000	1810	2357	1241	2216	9263	7013	7501	5032	
DHL	-2025	-2025	61	88	24	47	114	129	114	0	88	37765000	1810	2357	1241	2216	9263	7013	7501	5032	
DHL	-2050	-2050	62	89	24	47	114	131	113	0	88	37765000	1810	2357	1241	2216	9263	7013	7501	5032	
DHL	-2075	-2075	62	90	24	48	117	133	113	0	88	37765000	1810	2357	1241	2216	9263	7013	7501	5032	
DHL	-2100	-2100	64	89	23	49	117	133	111	0	88	37765000	1810	2357	1241	2216	9263	7013	7501	5032	
DHL	-2125	-2125	64	89	23	49	118	133	111	0	89	37765000	1810	2357	1241	2216	9263	7013	7501	5032	
DHL	-2150	-2150	65	89	23	49	117	134	111	0	89	37765000	1810	2357	1241	2216	9263	7013	7501	5032	
DHL	-2175	-2175	65	89	23	49	118	137	111	0	90	37765000	1810	2357	1241	2216	9263	7013	7501	5032	
DHL	-2200	-2200	65	89	23	49	119	139	112	0	90	37765000	1810	2357	1241	2216	9263	7013	7501	5032	
DHL	-2225	-2225	64	89	23	49	120	141	111	0	90	37765000	1810	2357	1241	2216	9263	7013	7501	5032	
DHL	-2250	-2250	64	89	23	49	120	142	111	0	90	37765000	1810	2357	1241	2216	9263	7013	7501	5032	
DHL	-2275	-2275	64	89	23	49	121	143	111	0	90	37765000	1810	2357	1241	2216	9263	7013	7501	5032	
DHL	-2300	-2300	64	89	23	49	121	143	110	0	90	37765000	1810	2357	1241	2216	9263	7013	7501	5032	
DHL	-2325	-2325	64	89	22	49	122	145	109	0	90	37765000	1810	2357	1241	2216	9263	7013	7501	5032	
DHL	-2350	-2350	66	89	23	49	120	146	110	0	91	37765000	1810	2357	1241	2216	9263	7013	7501	5032	
DHL	-2375	-2375	66	88	23	49	117	146	110	0	91	37765000	1810	2357	1241	2216	9263	7013	7501	5032	
DHL	-2400	-2400	66	90	23	49	117	147	110	0	90	37765000	1810	2357	1241	2216	9263	7013	7501	5032	
DHL	-2425	-2425	68	91	23	49	115	147	111	0	90	37765000	1810	2357	1241	2216	9263	7013	7501	5032	
DHL	-2450	-2450	69	92	23	50	115	148	112	0	90	37765000	1810	2357	1241	2216	9263	7013	7501	5032	
DHL	-2475	-2475	68	91	23	50	116	147	113	0	90	37765000	1810	2357	1241	2216	9263	7013	7501	5032	
DHL	-2500	-2500	69	92	23	50	117	146	113	0	91	37765000	1810	2357	1241	2216	9263	7013	7501	5032	
DHL	-2525	-2525	69	92	23	51	117	146	112	0	91	37765000	1810	2357	1241	2216	9263	7013	7501	5032	
DHL	-2550	-2550	69	91	23	52	116	145	111	0	91	37765000	1810	2357	1241	2216	9263	7013	7501	5032	
DHL	-2575	-2575	69	92	23	52	116	145	110	0	91	37765000	1810	2357	1241	2216	9263	7013	7501	5032	
DHL	-2600	-2600	69	92	23	52	116	146	110	0	92	37765000	1810	2357	1241	2216	9263	7013	7501	5032	
DHL	-2625	-2625	69	91	22	53	115	147	109	0	92	37765000	1810	2357	1241	2216	9263	7013	7501	5032	
DHL	-2650	-2650	69	90	22	53	115	148	108	0	92	37765000	1810	2357	1241	2216	9263	7013	7501	5032	
DHL	-2675	-2675	69	90	22	53	115	149	108	0	92	37765000	1810	2357	1241	2216	9263	7013	7501	5032	
DHL	-2700	-2700	69	89	21	54	116	150	107	0	94	37765000	1810	2357	1241	2216	9263	7013	7501	5032	
DHL	-2725	-2725	69	88	21	55	115	149	108	0	94	37765000	1810	2357	1241	2216	9263	7013	7501	5032	
DHL	-2750	-2750	69	87	21	56	114	150	108	0	94	37765000	1810	2357	1241	2216	9263	7013	7501	5032	
DHL	-2775	-2775	69	87	21	57	113	152	108	0	95	37765000	1810	2357	1241	2216	9263	7013	7501	5032	
DHL	-2800	-2800	69	87	21	58	114	153	108	0	95	37765000	1810	2357	1241	2216	9263	7013	7501	5032	
DHL	-2825	-2825	69	87	22	58	114	154	108	0	94	37765000	1810	2357	1241	2216	9263	7013	7501	5032	
DHL	-2850	-2850	69	86	22	57	115	156	109	0	95	37765000	1810	2357	1241	2216	9263	7013	7501	5032	
DHL	-2875	-2875	70	85	22	56	118	156	109	0	95	37765000	1810	2357	1241	2216	9263	7013	7501	5032	
DHL	-2900	-2900	70	86	22	56	119	157	111	0	95	37765000	1810	2357	1241	2216	9263	7013	7501	5032	
DHL	-2925	-2925	70	88	22	56	119	159	111	0	95	37765000	1810	2357	1241	2216	9263	7013	7501	5032	
DHL	-2950	-2950	70	88	22	56	119	160	111	0	96	37765000	1810	2357	1241	2216	9263	7013	7501	5032	
DHL	-2975	-2975	70	88	22	56	119	158	108	0	95	37765000	1810	2357	1241	2216	9263	7013	7501	5032	
DHL	-3000	-3000	70	87	22	56	118	158	109	0	95	37765000	1810	2357	1241	2216	9263	7013	7501	5032	
DHL	-3025	-3025	69	87	22	56	118	159	109	0	95	37765000	1810	2357	1241	2216	9263	7013	7501	5032	
DHL	-3050	-3050	70	87	22	56	118	160	108	0	95	37765000	1810	2357	1241	2216	9263	7013	7501	5032	
DHL	-3075	-3075	70	87	23	56	118	160	108	0	95	37765000	1810	2357	1241	2216	9263	7013	7501	5032	
DHL	-3100	-3100	71	87	22	55	119	163	108	0	95	37765000	1810	2357	1241	2216	9263	7013	7501	5032	
DHL	-3125	-3125	71	87	21	55	122	161	110	0	95	37765000	1810	2357	1241	2216	9263	7013	7501	5032	
DHL	-3150	-3150	71	87	22	55	120	163	110	0	96	37765000	1810	2357	1241	2216	9263	7013	7501	5032	
DHL	-3175	-3175	71	87	22	55	120	166	110	0	96	37765000	1810	2357	1241	2216	9263	7013	7501	5032	
DHL	-3200	-3200	72	86	21	57	122	166	110	0	95	37765000	1810	2357	1241	2216	9263	7013	7501	5032	
DHL	-3225	-3225	73	87	22	57	122	168	111	0	95	37765000	1810	2357	1241	2216	9263	7013	7501	5032	
DHL	-3250	-3250	73	87	22	58	122	168	111	0	95	37765000	1810	2357	1241	2216	9263	7013	7501	5032	
DHL	-3275	-3275	73	88	23	58	122	168	111	0	95	37765000	1810	2357	1241	2216	9263	7013	7501	5032	
DHL	-3300	-3300	73	88	23	57	122	168	109	0	97	37765000	1810	2357	1241	2216	9263	7013	7501	5032	
DHL	-3325	-3325	72	88	23	57	120	169	110	0	99	37765000	1810	2357	1241	2216	9263	7013	7501	5032	
DHL	-3350	-3350	71	88	23	57	120	169	110	0	98	37765000	1810	2357	1241	2216	9263	7013	7501	5032	
DHL	-3375	-3375	71	89	23	57	120	168	111	0	98	37765000	1810	2357	1241	2216	9263	7013	7501	5032	
DHL	-3400	-3400	71	89	23	57	120	169	112	0	98	37765000	1810	2357	1241	2216	9263	7013	7501	5032	
DHL	-3425	-3425	71	90	23	57	120	168	113	0	98	37765000	1810	2357	1241	2216	9263	7013	7501	5032	
DHL	-3450	-3450	71	91	23	57	119	169	113	0	100	37765000	1810	2357	1241	2216	9263	7013	7501	5032	
DHL	-3475	-3475	71	91	23	57	118	168	113	0	100	37765000	1810	2357	1241	2216	9263	7013	7501	5032	
DHL	-3500	-3500	71	92	23	56	118	170	112	0	100	37765000	1810	2357	1241	2216	9263	7013	7501	5032	
DHL	-3525	-3525	71	94	23	58	118	171	112	0	101	37765000	1810	2357	1241	2216	9263	7013	7501	5032	
DHL	-3550	-3550	71	95	23	58	119	171	112	0	102	37765000	1810	2357	1241	2216	9263	7013	7501	5032	
DHL	-3575	-3575	71	95	22	58	118	171	113	0	100	37765000	1810	2357	1241	2216	9263	7013	7501	5032	
DHL	-3600	-3600	71	95	22	58	118	170	113	0	99	37765000	1810	2357	1241	2216	9263	7013	7501	5032	
DHL	-3625	-3625	71	95	22	59	117	171	114	0	99	37765000	1810	2357	1241	2216	9263	7013	7501	5032	
DHL	-3650	-3650	71	96	22	59	116	171	114	0	99	37765000	1810	2357	1241	2216	9263	7013	7501	5032	
DHL	-3675	-3675	71	98	21	59	117	171	114	0	98	37765000	1810	2357	1241	2216	9263	7013	7501	5032	
DHL	-3700	-3700	71	98	21	59	116	170	114	0	98	37765000	1810	2357	1241	2216	9263	7013	7501	5032	
DHL	-3725	-3725	72	98	21	59	116	171	113	0	98	37765000	1810	2357	1241	2216	9263	7013	7501	5032	
DHL	-3750	-3750	72	99	21	59	118	167	113	0	98	37765000	1810	2357	1241	2216	9263	7013	7501	5032	
DHL	-3775	-3775	71	99	21	58	118	167	112	0	97	37765000	1810	2357	1241	2216	9263	7013	7501	5032	
DHL	-3800	-3800	71	99	21	58	118	168	112	0	97	37765000	1810	2357	1241	2216	9263	7013	7501	5032	
DHL	-3825	-3825	70	99	21	57	118	169	112	0	98	37765000	1810	2357	1241	2216	9263	7013	7501	5032	
DHL	-3850	-3850	71	102	23	58	118	168	112	0	98	37765000	1810	2357	1241	2216	9263	7013	7501	5032	
DHL	-3875	-3875	71	102	23	57	118	168	112	0	97	37765000	1810	2357	1241	2216	9263	7013	7501	5032	
DHL	-3900	-3900	71	102	23	57	118	168	110	0	97	37765000	1810	2357	1241	2216	9263	7013	7501	5032	
DHL	-3925	-3925	71	102	23	57	117	167	110	0	97	37765000	1810	2357	1241	2216	9263	7013	7501	5032	
DHL	-3950	-3950	70	103	23	57	118	166	110	0	99	37765000	1810	2357	1241	2216	9263	7013	7501	5032	
DHL	-3975	-3975	70	103	23	57	118	166	107	0	99	37765000	1810	2357	1241	2216	9263	7013	7501	5032	
DHL	-4000	-4000	70	103	23	57	115	165	104	0	99	37765000	1810	2357	1241	2216	9263	7013	7501	5032	
DHL	-4025	-4025	69	104	23	58	117	166	100	0	99	37765000	1810	2357	1241	2216	9263	7013	7501	5032	
DHL	-4050	-4050	70	104	24	58	117	170	100	0	100	37765000	1810	2357	1241	2216	9263	7013	7501	5032	
DHL	-4075	-4075	70	104	24	57	117	170	97	0	100	37765000	1810	2357	1241	2216	9263	7013	7501	5032	
DHL	-4100	-4100	71	103	23	57	116	170	94	0	99	37765000	1810	2357	1241	2216	9263	7013	7501	5032	
DHL	-4125	-4125	70	103	24	57	116	173	93	0	98	37765000	1810	2357	1241	2216	9263	7013	7501	5032	
DHL	-4150	-4150	70	103	24	57	116	173	93	0	96	37765000	1810	2357	1241	2216	9263	7013	7501	5032	
DHL	-4175	-4175	70	103	24	56	115	171	93	0	96	37765000	1810	2357	1241	2216	9263	7013	7501	5032	
DHL	-4200	-4200	70	103	24	56	115	172	93	0	98	37765000	1810	2357	1241	2216	9263	7013	7501	5032	
DHL	-4225	-4225	71	102	25	56	113	173	91	0	98	37765000	1810	2357	1241	2216	9263	7013	7501	5032	
DHL	-4250	-4250	71	102	26	56	111	173	91	0	98	37765000	1810	2357	1241	2216	9263	7013	7501	5032	
DHL	-4275	-4275	72	101	25	56	110	173	90	0	99	37765000	1810	2357	1241	2216	9263	7013	7501	5032	
DHL	-4300	-4300	72	101	25	56	112	173	89	0	98	37765000	1810	2357	1241	2216	9263	7013	7501	5032	
DHL	-4325	-4325	71	100	25	56	111	173	90	0	98	37765000	1810	2357	1241	2216	9263	7013	7501	5032	
DHL	-4350	-4350	71	101	25	56	111	173	91	0	97	37765000	1810	2357	1241	2216	9263	7013	7501	5032	
DHL	-4375	-4375	72	101	25	55	109	173	90	0	95	37765000	1810	2357	1241	2216	9263	7013	7501	5032	
DHL	-4400	-4400	72	102	25	55	109	172	91	0	93	37765000	1810	2357	1241	2216	9263	7013	7501	5032	
DHL	-4425	-4425	72	102	25	55	110	172	91	0	91	37765000	1810	2357	1241	2216	9263	7013	7501	5032	
DHL	-4450	-4450	72	97	25	54	110	172	92	0	92	37765000	1810	2357	1241	2216	9263	7013	7501	5032	
DHL	-4475	-4475	72	96	25	54	109	175	91	0	92	37765000	1810	2357	1241	2216	9263	7013	7501	5032	
DHL	-4500	-4500	72	96	25	54	107	174	92	0	92	37765000	1810	2357	1241	2216	9263	7013	7501	5032	
DHL	-4525	-4525	72	96	25	54	107	177	93	0	90	37765000	1810	2357	1241	2216	9263	7013	7501	5032	
DHL	-4550	-4550	72	96	25	53	107	176	93	0	90	37765000	1810	2357	1241	2216	9263	7013	7501	5032	
DHL	-4575	-4575	72	96	25	54	107	176	92	0	90	37765000	1810	2357	1241	2216	9263	7013	7501	5032	
DHL	-4600	-4600	72	96	25	54	107	177	92	0	89	37765000	1810	2357	1241	2216	9263	7013	7501	5032	
DHL	-4625	-4625	72	95	24	54	108	178	93	0	88	37765000	1810	2357	1241	2216	9263	7013	7501	5032	
DHL	-4650	-4650	72	95	24	53	109	180	93	0	88	37765000	1810	2357	1241	2216	9263	7013	7501	5032	
DHL	-4675	-4675	73	95	23	53	110	180	93	0	87	37765000	1810	2357	1241	2216	9263	7013	7501	5032	
DHL	-4700	-4700	73	95	24	53	111	179	93	0	87	37765000	1810	2357	1241	2216	9263	7013	7501	5032	
DHL	-4725	-4725	75	94	24	54	111	178	91	0	87	37765000	1810	2357	1241	2216	9263	7013	7501	5032	
DHL	-4750	-4750	76	94	24	54	111	177	90	0	85	37765000	1810	2357	1241	2216	9263	7013	7501	5032	
DHL	-4775	-4775	76	93	25	54	111	177	90	0	85	37765000	1810	2357	1241	2216	9263	7013	7501	5032	
DHL	-4800	-4800	76	93	25	54	111	177	90	0	85	37765000	1810	2357	1241	2216	9263	7013	7501	5032	
DHL	-4825	-4825	76	93	25	54	111	177	91	0	85	37765000	1810	2357	1241	2216	9263	7013	7501	5032	
DHL	-4850	-4850	77	93	25	54	111	177	91	0	84	37765000	1810	2357	1241	2216	9263	7013	7501	5032	
DHL	-4875	-4875	77	93	25	54	111	177	91	0	85	37765000	1810	2357	1241	2216	9263	7013	7501	5032	
DHL	-4900	-4900	77	93	25	54	111	177	90	0	86	37765000	1810	2357	1241	2216	9263	7013	7501	5032	
DHL	-4925	-4925	77	94	25	55	111	175	90	0	86	37765000	1810	2357	1241	2216	9263	7013	7501	5032	
DHL	-4950	-4950	77	93	25	55	111	174	90	0	86	37765000	1810	2357	1241	2216	9263	7013	7501	5032	
DHL	-4975	-4975	77	93	25	55	111	175	91	0	85	37765000	1810	2357	1241	2216	9263	7013	7501	5032	
DHL	-5000	-5000	77	93	25	55	111	176	91	0	84	37765000	1810	2357	1241	2216	9263	7013	7501	5032	
DHL	-5025	-5025	77	91	25	55	111	177	92	0	84	37765000	1810	2357	1241	2216	9263	7013	7501	5032	
DHL	-5050	-5050	77	90	25	55	111	176	93	0	83	37765000	1810	2357	1241	2216	9263	7013	7501	5032	
DHL	-5075	-5075	77	89	25	56	111	176	93	0	83	37765000	1810	2357	1241	2216	9263	7013	7501	5032	
DHL	-5100	-5100	77	90	25	56	111	175	94	0	83	37765000	1810	2357	1241	2216	9263	7013	7501	5032	
DHL	-5125	-5125	77	89	25	56	111	175	96	0	83	37765000	1810	2357	1241	2216	9263	7013	7501	5032	
DHL	-5150	-5150	77	89	25	56	110	177	97	0	83	37765000	1810	2357	1241	2216	9263	7013	7501	5032	
DHL	-5175	-5175	76	89	25	55	109	174	96	0	84	37765000	1810	2357	1241	2216	9263	7013	7501	5032	
DHL	-5200	-5200	71	89	25	55	111	175	95	0	84	37765000	1810	2357	1241	2216	9263	7013	7501	5032	
DHL	-5225	-5225	70	88	25	54	111	174	95	0	85	37765000	1810	2357	1241	2216	9263	7013	7501	5032	
DHL	-5250	-5250	70	89	25	54	110	174	96	0	85	37765000	1810	2357	1241	2216	9263	7013	7501	5032	
DHL	-5275	-5275	70	87	25	54	110	175	95	0	86	37765000	1810	2357	1241	2216	9263	7013	7501	5032	
DHL	-5300	-5300	70	88	25	53	110	174	96	0	85	37765000	1810	2357	1241	2216	9263	7013	7501	5032	
DHL	-5325	-5325	69	86	24	53	109	172	97	0	84	37765000	1810	2357	1241	2216	9263	7013	7501	5032	
DHL	-5350	-5350	69	85	24	51	108	171	98	0	81	37765000	1810	2357	1241	2216	9263	7013	7501	5032	
DHL	-5375	-5375	69	84	24	51	110	168	95	0	81	37765000	1810	2357	1241	2216	9263	7013	7501	5032	
DHL	-5400	-5400	69	84	24	50	111	167	93	0	80	37765000	1810	2357	1241	2216	9263	7013	7501	5032	
DHL	-5425	-5425	69	82	24	50	111	167	93	0	80	37765000	1810	2357	1241	2216	9263	7013	7501	5032	
DHL	-5450	-5450	69	81	24	50	111	166	94	0	80	37765000	1810	2357	1241	2216	9263	7013	7501	5032	
DHL	-5475	-5475	70	81	25	49	111	168	94	0	80	37765000	1810	2357	1241	2216	9263	7013	7501	5032	
DHL	-5500	-5500	69	80	24	50	111	168	93	0	81	37765000	1810	2357	1241	2216	9263	7013	7501	5032	
DHL	-5525	-5525	69	79	24	49	111	167	93	0	80	37765000	1810	2357	1241	2216	9263	7013	7501	5032	
DHL	-5550	-5550	68	80	24	48	111	166	95	0	78	37765000	1810	2357	1241	2216	9263	7013	7501	5032	
DHL	-5575	-5575	69	80	24	48	111	163	93	0	78	37765000	1810	2357	1241	2216	9263	7013	7501	5032	
DHL	-5600	-5600	68	78	24	48	111	165	93	0	77	37765000	1810	2357	1241	2216	9263	7013	7501	5032	
DHL	-5625	-5625	67	78	24	48	113	163	92	0	76	37765000	1810	2357	1241	2216	9263	7013	7501	5032	
DHL	-5650	-5650	67	78	24	48	113	162	93	0	75	37765000	1810	2357	1241	2216	9263	7013	7501	5032	
DHL	-5675	-5675	65	78	24	47	113	162	94	0	74	37765000	1810	2357	1241	2216	9263	7013	7501	5032	
DHL	-5700	-5700	64	77	24	47	112	160	94	0	74	37765000	1810	2357	1241	2216	9263	7013	7501	5032	
DHL	-5725	-5725	63	76	24	46	111	159	96	0	74	37765000	1810	2357	1241	2216	9263	7013	7501	5032	
DHL	-5750	-5750	63	76	24	45	112	160	95	0	74	37765000	1810	2357	1241	2216	9263	7013	7501	5032	
DHL	-5775	-5775	60	76	24	44	111	154	94	0	72	37765000	1810	2357	1241	2216	9263	7013	7501	5032	
DHL	-5800	-5800	61	76	24	44	111	154	95	0	71	37765000	1810	2357	1241	2216	9263	7013	7501	5032	
DHL	-5825	-5825	60	72	22	45	111	152	94	0	72	37765000	1810	2357	1241	2216	9263	7013	7501	5032	
DHL	-5850	-5850	60	73	22	45	112	149	95	0	72	37765000	1810	2357	1241	2216	9263	7013	7501	5032	
DHL	-5875	-5875	60	73	22	44	110	147	95	0	73	37765000	1810	2357	1241	2216	9263	7013	7501	5032	
DHL	-5900	-5900	59	74	22	46	108	146	95	0	72	37765000	1810	2357	1241	2216	9263	7013	7501	5032	
DHL	-5925	-5925	59	72	22	46	110	146	95	0	72	37765000	1810	2357	1241	2216	9263	7013	7501	5032	
DHL	-5950	-5950	59	70	23	48	109	147	95	0	72	37765000	1810	2357	1241	2216	9263	7013	7501	5032	
DHL	-5975	-5975	57	69	23	48	108	146	95	0	71	37765000	1810	2357	1241	2216	9263	7013	7501	5032	
DHL	-6000	-6000	57	69	23	48	108	146	97	0	71	37765000	1810	2357	1241	2216	9263	7013	7501	5032	
DHL	-6025	-6025	57	70	23	48	108	145	93	0	71	37765000	1810	2357	1241	2216	9263	7013	7501	5032	
DHL	-6050	-6050	54	69	24	47	110	144	93	0	71	37765000	1810	2357	1241	2216	9263	7013	7501	5032	
DHL	-6075	-6075	54	69	25	47	110	145	93	0	71	37765000	1810	2357	1241	2216	9263	7013	7501	5032	
DHL	-6100	-6100	54	69	25	47	113	145	93	0	70	37765000	1810	2357	1241	2216	9263	7013	7501	5032	
DHL	-6125	-6125	53	69	24	47	113	145	92	0	71	37765000	1810	2357	1241	2216	9263	7013	7501	5032	
DHL	-6150	-6150	52	71	24	47	114	143	89	0	70	37765000	1810	2357	1241	2216	9263	7013	7501	5032	
DHL	-6175	-6175	52	71	24	47	112	143	89	0	69	37765000	1810	2357	1241	2216	9263	7013	7501	5032	
DHL	-6200	-6200	52	70	24	47	112	143	90	0	69	37765000	1810	2357	1241	2216	9263	7013	7501	5032	
DHL	-6225	-6225	52	71	24	47	111	143	90	0	70	37765000	1810	2357	1241	2216	9263	7013	7501	5032	
DHL	-6250	-6250	52	71	24	47	112	144	91	0	70	37765000	1810	2357	1241	2216	9263	7013	7501	5032	
DHL	-6275	-6275	52	70	24	48	112	143	91	0	70	37765000	1810	2357	1241	2216	9263	7013	7501	5032	
DHL	-6300	-6300	51	70	24	49	113	143	92	0	70	37765000	1810	2357	1241	2216	9263	7013	7501	5032	
DHL	-6325	-6325	51	68	24	49	114	143	92	0	68	37765000	1810	2357	1241	2216	9263	7013	7501	5032	
DHL	-6350	-6350	51	66	24	48	113	142	92	0	68	37765000	1810	2357	1241	2216	9263	7013	7501	5032	
DHL	-6375	-6375	49	65	24	48	110	140	92	0	66	37765000	1810	2357	1241	2216	9263	7013	7501	5032	
DHL	-6400	-6400	48	65	24	47	111	140	93	0	66	37765000	1810	2357	1241	2216	9263	7013	7501	5032	
DHL	-6425	-6425	46	65	24	47	110	139	91	0	66	37765000	1810	2357	1241	2216	9263	7013	7501	5032	
DHL	-6450	-6450	46	65	24	48	111	138	91	0	65	37765000	1810	2357	1241	2216	9263	7013	7501	5032	
DHL	-6475	-6475	47	65	24	48	110	138	93	0	65	37765000	1810	2357	1241	2216	9263	7013	7501	5032	
DHL	-6500	-6500	46	65	22	50	108	139	93	0	64	37765000	1810	2357	1241	2216	9263	7013	7501	5032	
DHL	-6525	-6525	45	64	22	49	106	138	94	0	63	37765000	1810	2357	1241	2216	9263	7013	7501	5032	
DHL	-6550	-6550	45	63	22	50	105	138	93	0	63	37765000	1810	2357	1241	2216	9263	7013	7501	5032	
DHL	-6575	-6575	45	62	21	50	104	139	94	0	63	37765000	1810	2357	1241	2216	9263	7013	7501	5032	
DHL	-6600	-6600	42	63	20	49	105	139	95	0	63	37765000	1810	2357	1241	2216	9263	7013	7501	5032	
DHL	-6625	-6625	42	63	19	49	106	140	96	0	63	37765000	1810	2357	1241	2216	9263	7013	7501	5032	
DHL	-6650	-6650	42	64	19	49	107	137	97	0	63	37765000	1810	2357	1241	2216	9263	7013	7501	5032	
DHL	-6675	-6675	42	64	19	49	106	137	96	0	62	37765000	1810	2357	1241	2216	9263	7013	7501	5032	
DHL	-6700	-6700	42	62	19	51	106	137	96	0	61	37765000	1810	2357	1241	2216	9263	7013	7501	5032	
DHL	-6725	-6725	41	62	19	51	107	138	96	0	61	37765000	1810	2357	1241	2216	9263	7013	7501	5032	
DHL	-6750	-6750	41	63	19	51	107	139	99	0	59	37765000	1810	2357	1241	2216	9263	7013	7501	5032	
DHL	-6775	-6775	41	62	19	50	107	136	100	0	60	37765000	1810	2357	1241	2216	9263	7013	7501	5032	
DHL	-6800	-6800	42	62	19	50	107	136	99	0	60	37765000	1810	2357	1241	2216	9263	7013	7501	5032	
DHL	-6825	-6825	42	62	19	51	108	137	100	0	59	37765000	1810	2357	1241	2216	9263	7013	7501	5032	
DHL	-6850	-6850	42	62	19	52	107	139	99	0	60	37765000	1810	2357	1241	2216	9263	7013	7501	5032	
DHL	-6875	-6875	42	61	19	51	106	139	99	0	59	37765000	1810	2357	1241	2216	9263	7013	7501	5032	
DHL	-6900	-6900	43	61	19	51	106	138	101	0	57	37765000	1810	2357	1241	2216	9263	7013	7501	5032	
DHL	-6925	-6925	43	61	19	51	104	139	101	0	56	37765000	1810	2357	1241	2216	9263	7013	7501	5032	
DHL	-6950	-6950	43	61	19	51	101	139	100	0	56	37765000	1810	2357	1241	2216	9263	7013	7501	5032	
DHL	-6975	-6975	43	61	19	51	102	140	98	0	58	37765000	1810	2357	1241	2216	9263	7013	7501	5032	
DHL	-7000	-7000	43	60	18	49	103	141	99	0	58	37765000	1810	2357	1241	2216	9263	7013	7501	5032	
DHL	-7025	-7025	41	59	18	49	105	140	97	0	58	37765000	1810	2357	1241	2216	9263	7013	7501	5032	
DHL	-7050	-7050	40	59	19	49	104	138	98	0	58	37765000	1810	2357	1241	2216	9263	7013	7501	5032	
DHL	-7075	-7075	41	58	19	48	103	135	98	0	58	37765000	1810	2357	1241	2216	9263	7013	7501	5032	
DHL	-7100	-7100	39	58	19	48	104	137	98	0	58	37765000	1810	2357	1241	2216	9263	7013	7501	5032	
DHL	-7125	-7125	38	58	19	48	103	137	98	0	57	37765000	1810	2357	1241	2216	9263	7013	7501	5032	
DHL	-7150	-7150	37	58	19	48	102	136	99	0	57	37765000	1810	2357	1241	2216	9263	7013	7501	5032	
DHL	-7175	-7175	37	58	19	47	101	133	99	0	56	37765000	1810	2357	1241	2216	9263	7013	7501	5032	
DHL	-7200	-7200	37	58	19	47	101	131	99	0	56	37765000	1810	2357	1241	2216	9263	7013	7501	5032	
DHL	-7225	-7225	37	58	19	46	101	129	99	0	56	37765000	1810	2357	1241	2216	9263	7013	7501	5032	
DHL	-7250	-7250	38	58	19	46	103	128	100	0	56	37765000	1810	2357	1241	2216	9263	7013	7501	5032	
DHL	-7275	-7275	38	58	19	46	102	128	100	0	57	37765000	1810	2357	1241	2216	9263	7013	7501	5032	
DHL	-7300	-7300	39	58	19	46	102	130	100	0	56	37765000	1810	2357	1241	2216	9263	7013	7501	5032	
DHL	-7325	-7325	39	58	19	46	101	128	100	0	57	37765000	1810	2357	1241	2216	9263	7013	7501	5032	
DHL	-7350	-7350	37	58	18	46	101	126	99	0	57	37765000	1810	2357	1241	2216	9263	7013	7501	5032	
DHL	-7375	-7375	37	58	18	46	102	126	99	0	57	37765000	1810	2357	1241	2216	9263	7013	7501	5032	
DHL	-7400	-7400	37	56	18	46	103	125	98	0	57	37765000	1810	2357	1241	2216	9263	7013	7501	5032	
DHL	-7425	-7425	35	55	18	46	103	125	97	0	57	37765000	1810	2357	1241	2216	9263	7013	7501	5032	
DHL	-7450	-7450	34	54	18	45	103	124	97	0	57	37765000	1810	2357	1241	2216	9263	7013	7501	5032	
DHL	-7475	-7475	34	53	18	45	103	124	96	0	57	37765000	1810	2357	1241	2216	9263	7013	7501	5032	
DHL	-7500	-7500	33	52	18	45	102	124	96	0	56	37765000	1810	2357	1241	2216	9263	7013	7501	5032	
DHL	-7525	-7525	34	53	18	44	101	125	98	0	56	37765000	1810	2357	1241	2216	9263	7013	7501	5032	
DHL	-7550	-7550	34	54	18	42	101	125	99	0	56	37765000	1810	2357	1241	2216	9263	7013	7501	5032	
DHL	-7575	-7575	34	53	18	42	101	125	99	0	57	37765000	1810	2357	1241	2216	9263	7013	7501	5032	
DHL	-7600	-7600	34	53	18	42	101	124	99	0	56	37765000	1810	2357	1241	2216	9263	7013	7501	5032	
DHL	-7625	-7625	34	54	18	41	101	123	101	0	56	37765000	1810	2357	1241	2216	9263	7013	7501	5032	
DHL	-7650	-7650	34	54	18	41	101	122	101	0	56	37765000	1810	2357	1241	2216	9263	7013	7501	5032	
DHL	-7675	-7675	34	54	18	42	102	121	101	0	56	37765000	1810	2357	1241	2216	9263	7013	7501	5032	
DHL	-7700	-7700	34	54	18	42	101	120	103	0	54	37765000	1810	2357	1241	2216	9263	7013	7501	5032	
DHL	-7725	-7725	34	54	18	42	101	120	103	0	54	37765000	1810	2357	1241	2216	9263	7013	7501	5032	
DHL	-7750	-7750	34	54	18	40	100	119	103	0	54	37765000	1810	2357	1241	2216	9263	7013	7501	5032	
DHL	-7775	-7775	34	54	18	40	100	118	105	0	53	37765000	1810	2357	1241	2216	9263	7013	7501	5032	
DHL	-7800	-7800	34	53	18	39	99	118	104	0	53	37765000	1810	2357	1241	2216	9263	7013	7501	5032	
DHL	-7825	-7825	34	53	17	39	98	117	104	0	53	37765000	1810	2357	1241	2216	9263	7013	7501	5032	
DHL	-7850	-7850	34	53	17	39	95	115	103	0	52	37765000	1810	2357	1241	2216	9263	7013	7501	5032	
DHL	-7875	-7875	33	52	17	39	92	115	104	0	52	37765000	1810	2357	1241	2216	9263	7013	7501	5032	
DHL	-7900	-7900	33	52	18	39	92	115	102	0	52	37765000	1810	2357	1241	2216	9263	7013	7501	5032	
DHL	-7925	-7925	33	50	19	39	92	113	104	0	52	37765000	1810	2357	1241	2216	9263	7013	7501	5032	
DHL	-7950	-7950	33	50	19	40	92	112	104	0	51	37765000	1810	2357	1241	2216	9263	7013	7501	5032	
DHL	-7975	-7975	33	50	19	41	93	113	104	0	51	37765000	1810	2357	1241	2216	9263	7013	7501	5032	
DHL	-8000	-8000	33	50	19	41	93	113	104	0	51	37765000	1810	2357	1241	2216	9263	7013	7501	5032	
DHL	-8025	-8025	33	50	19	41	93	112	105	0	50	37765000	1810	2357	1241	2216	9263	7013	7501	5032	
DHL	-8050	-8050	33	51	19	42	93	112	105	0	50	37765000	1810	2357	1241	2216	9263	7013	7501	5032	
DHL	-8075	-8075	32	51	18	42	95	113	105	0	50	37765000	1810	2357	1241	2216	9263	7013	7501	5032	
DHL	-8100	-8100	31	51	18	42	95	110	105	0	49	37765000	1810	2357	1241	2216	9263	7013	7501	5032	
DHL	-8125	-8125	31	51	18	42	93	110	103	0	50	37765000	1810	2357	1241	2216	9263	7013	7501	5032	
DHL	-8150	-8150	31	51	17	42	93	108	103	0	49	37765000	1810	2357	1241	2216	9263	7013	7501	5032	
DHL	-8175	-8175	30	51	17	42	95	106	103	0	49	37765000	1810	2357	1241	2216	9263	7013	7501	5032	
DHL	-8200	-8200	29	51	17	42	93	106	103	0	49	37765000	1810	2357	1241	2216	9263	7013	7501	5032	
DHL	-8225	-8225	29	50	16	42	93	103	102	0	50	37765000	1810	2357	1241	2216	9263	7013	7501	5032	
DHL	-8250	-8250	30	50	16	41	93	103	102	0	50	37765000	1810	2357	1241	2216	9263	7013	7501	5032	
DHL	-8275	-8275	30	49	16	41	93	103	102	0	50	37765000	1810	2357	1241	2216	9263	7013	7501	5032	
DHL	-8300	-8300	31	49	16	42	92	102	102	0	48	37765000	1810	2357	1241	2216	9263	7013	7501	5032	
DHL	-8325	-8325	32	49	16	42	92	102	101	0	45	37765000	1810	2357	1241	2216	9263	7013	7501	5032	
DHL	-8350	-8350	32	49	16	42	92	101	101	0	46	37765000	1810	2357	1241	2216	9263	7013	7501	5032	
DHL	-8375	-8375	32	48	16	42	92	101	100	0	46	37765000	1810	2357	1241	2216	9263	7013	7501	5032	
DHL	-8400	-8400	33	48	16	42	93	100	101	0	46	37765000	1810	2357	1241	2216	9263	7013	7501	5032	
DHL	-8425	-8425	33	47	16	42	93	100	100	0	46	37765000	1810	2357	1241	2216	9263	7013	7501	5032	
DHL	-8450	-8450	33	46	16	42	94	99	100	0	45	37765000	1810	2357	1241	2216	9263	7013	7501	5032	
DHL	-8475	-8475	33	46	16	42	94	99	100	0	44	37765000	1810	2357	1241	2216	9263	7013	7501	5032	
DHL	-8500	-8500	34	45	16	42	94	98	100	0	44	37765000	1810	2357	1241	2216	9263	7013	7501	5032	
DHL	-8525	-8525	34	43	16	40	94	97	101	0	43	37765000	1810	2357	1241	2216	9263	7013	7501	5032	
DHL	-8550	-8550	34	42	16	40	94	96	102	0	42	37765000	1810	2357	1241	2216	9263	7013	7501	5032	
DHL	-8575	-8575	33	42	16	40	94	97	101	0	42	37765000	1810	2357	1241	2216	9263	7013	7501	5032	
DHL	-8600	-8600	33	41	16	40	94	97	100	0	43	37765000	1810	2357	1241	2216	9263	7013	7501	5032	
DHL	-8625	-8625	33	41	16	39	94	96	99	0	44	37765000	1810	2357	1241	2216	9263	7013	7501	5032	
DHL	-8650	-8650	33	41	16	39	95	97	100	0	44	37765000	1810	2357	1241	2216	9263	7013	7501	5032	
DHL	-8675	-8675	34	39	16	39	94	97	100	0	44	37765000	1810	2357	1241	2216	9263	7013	7501	5032	
DHL	-8700	-8700	34	39	16	40	94	97	101	0	45	37765000	1810	2357	1241	2216	9263	7013	7501	5032	
DHL	-8725	-8725	33	39	16	40	94	96	101	0	45	37765000	1810	2357	1241	2216	9263	7013	7501	5032	
DHL	-8750	-8750	33	38	16	40	92	96	102	0	45	37765000	1810	2357	1241	2216	9263	7013	7501	5032	
DHL	-8775	-8775	33	38	16	40	92	97	103	0	47	37765000	1810	2357	1241	2216	9263	7013	7501	5032	
DHL	-8800	-8800	34	38	16	40	91	95	103	0	48	37765000	1810	2357	1241	2216	9263	7013	7501	5032	
DHL	-8825	-8825	34	38	16	40	91	93	104	0	47	37765000	1810	2357	1241	2216	9263	7013	7501	5032	
DHL	-8850	-8850	33	37	14	39	92	94	104	0	47	37765000	1810	2357	1241	2216	9263	7013	7501	5032	
DHL	-8875	-8875	33	38	14	39	93	94	104	0	47	37765000	1810	2357	1241	2216	9263	7013	7501	5032	
DHL	-8900	-8900	33	38	14	39	93	93	103	0	49	37765000	1810	2357	1241	2216	9263	7013	7501	5032	
DHL	-8925	-8925	33	38	14	39	93	93	104	0	49	37765000	1810	2357	1241	2216	9263	7013	7501	5032	
DHL	-8950	-8950	33	37	14	39	92	93	104	0	48	37765000	1810	2357	1241	2216	9263	7013	7501	5032	
DHL	-8975	-8975	33	37	14	39	92	92	104	0	47	37765000	1810	2357	1241	2216	9263	7013	7501	5032	
DHL	-9000	-9000	33	37	14	39	92	92	104	0	48	37765000	1810	2357	1241	2216	9263	7013	7501	5032	
DHL	-9025	-9025	33	36	14	38	90	91	104	0	48	37765000	1810	2357	1241	2216	9263	7013	7501	5032	
DHL	-9050	-9050	32	36	13	38	90	86	103	0	47	37765000	1810	2357	1241	2216	9263	7013	7501	5032	
DHL	-9075	-9075	33	35	13	39	90	85	103	0	48	37765000	1810	2357	1241	2216	9263	7013	7501	5032	
DHL	-9100	-9100	32	35	13	40	90	86	103	0	48	37765000	1810	2357	1241	2216	9263	7013	7501	5032	
DHL	-9125	-9125	32	35	12	40	90	83	103	0	48	37765000	1810	2357	1241	2216	9263	7013	7501	5032	
DHL	-9150	-9150	32	35	12	40	93	83	103	0	48	37765000	1810	2357	1241	2216	9263	7013	7501	5032	
DHL	-9175	-9175	32	35	12	40	93	82	103	0	48	37765000	1810	2357	1241	2216	9263	7013	7501	5032	
DHL	-9200	-9200	32	35	12	40	93	81	103	0	47	37765000	1810	2357	1241	2216	9263	7013	7501	5032	
DHL	-9225	-9225	31	36	11	40	93	80	104	0	47	37765000	1810	2357	1241	2216	9263	7013	7501	5032	
DHL	-9250	-9250	31	36	10	41	93	80	104	0	47	37765000	1810	2357	1241	2216	9263	7013	7501	5032	
DHL	-9275	-9275	30	37	10	41	94	80	104	0	46	37765000	1810	2357	1241	2216	9263	7013	7501	5032	
DHL	-9300	-9300	30	37	10	41	92	80	104	0	46	37765000	1810	2357	1241	2216	9263	7013	7501	5032	
DHL	-9325	-9325	30	37	10	41	93	81	105	0	46	37765000	1810	2357	1241	2216	9263	7013	7501	5032	
DHL	-9350	-9350	30	36	10	41	94	81	104	0	46	37765000	1810	2357	1241	2216	9263	7013	7501	5032	
DHL	-9375	-9375	29	36	10	43	94	81	104	0	46	37765000	1810	2357	1241	2216	9263	7013	7501	5032	
DHL	-9400	-9400	29	35	10	43	94	81	103	0	47	37765000	1810	2357	1241	2216	9263	7013	7501	5032	
DHL	-9425	-9425	29	35	10	43	94	80	103	0	47	37765000	1810	2357	1241	2216	9263	7013	7501	5032	
DHL	-9450	-9450	29	35	10	43	93	81	102	0	46	37765000	1810	2357	1241	2216	9263	7013	7501	5032	
DHL	-9475	-9475	29	35	10	42	93	78	102	0	46	37765000	1810	2357	1241	2216	9263	7013	7501	5032	
DHL	-9500	-9500	29	36	11	42	93	78	101	0	45	37765000	1810	2357	1241	2216	9263	7013	7501	5032	
DHL	-9525	-9525	29	37	11	42	92	76	100	0	45	37765000	1810	2357	1241	2216	9263	7013	7501	5032	
DHL	-9550	-9550	29	37	11	42	92	76	102	0	45	37765000	1810	2357	1241	2216	9263	7013	7501	5032	
DHL	-9575	-9575	29	37	11	41	92	75	102	0	45	37765000	1810	2357	1241	2216	9263	7013	7501	5032	
DHL	-9600	-9600	29	36	11	42	92	74	102	0	45	37765000	1810	2357	1241	2216	9263	7013	7501	5032	
DHL	-9625	-9625	30	36	11	42	91	74	101	0	45	37765000	1810	2357	1241	2216	9263	7013	7501	5032	
DHL	-9650	-9650	30	36	11	42	90	72	101	0	47	37765000	1810	2357	1241	2216	9263	7013	7501	5032	
DHL	-9675	-9675	29	35	11	42	89	72	101	0	47	37765000	1810	2357	1241	2216	9263	7013	7501	5032	
DHL	-9700	-9700	29	36	10	42	88	72	100	0	47	37765000	1810	2357	1241	2216	9263	7013	7501	5032	
DHL	-9725	-9725	27	36	10	41	88	72	100	0	47	37765000	1810	2357	1241	2216	9263	7013	7501	5032	
DHL	-9750	-9750	27	36	10	41	88	73	100	0	47	37765000	1810	2357	1241	2216	9263	7013	7501	5032	
DHL	-9775	-9775	27	36	10	41	88	73	100	0	47	37765000	1810	2357	1241	2216	9263	7013	7501	5032	
DHL	-9800	-9800	27	37	10	41	88	73	100	0	47	37765000	1810	2357	1241	2216	9263	7013	7501	5032	
DHL	-9825	-9825	27	37	10	41	87	73	100	0	47	37765000	1810	2357	1241	2216	9263	7013	7501	5032	
DHL	-9850	-9850	27	37	10	41	87	73	99	0	47	37765000	1810	2357	1241	2216	9263	7013	7501	5032	
DHL	-9875	-9875	27	37	10	42	88	73	99	0	47	37765000	1810	2357	1241	2216	9263	7013	7501	5032	
DHL	-9900	-9900	27	37	10	43	89	73	99	0	46	37765000	1810	2357	1241	2216	9263	7013	7501	5032	
DHL	-9925	-9925	27	36	10	42	90	73	99	0	46	37765000	1810	2357	1241	2216	9263	7013	7501	5032	
DHL	-9950	-9950	27	36	10	42	91	73	99	0	45	37765000	1810	2357	1241	2216	9263	7013	7501	5032	
DHL	-9975	-9975	27	36	10	42	92	72	98	0	45	37765000	1810	2357	1241	2216	9263	7013	7501	5032	
DHL	-10000	-10000	27	37	10	42	92	71	98	0	46	37765000	1810	2357	1241	2216	9263	7013	7501	5032	
DHL	-10025	-10025	27	37	10	42	93	70	99	0	45	37765000	1810	2357	1241	2216	9263	7013	7501	5032	
DHL	-10050	-10050	28	37	10	43	92	70	98	0	46	37765000	1810	2357	1241	2216	9263	7013	7501	5032	
DHL	-10075	-10075	28	37	11	42	92	70	97	0	46	37765000	1810	2357	1241	2216	9263	7013	7501	5032	
DHL	-10100	-10100	28	36	11	42	92	70	96	0	46	37765000	1810	2357	1241	2216	9263	7013	7501	5032	
DHL	-10125	-10125	27	36	11	42	92	70	94	0	46	37765000	1810	2357	1241	2216	9263	7013	7501	5032	
DHL	-10150	-10150	28	37	11	42	92	68	93	0	46	37765000	1810	2357	1241	2216	9263	7013	7501	5032	
DHL	-10175	-10175	27	37	11	42	92	69	93	0	45	37765000	1810	2357	1241	2216	9263	7013	7501	5032	
DHL	-10200	-10200	27	37	11	42	90	66	93	0	45	37765000	1810	2357	1241	2216	9263	7013	7501	5032	
DHL	-10225	-10225	27	37	11	42	90	66	93	0	44	37765000	1810	2357	1241	2216	9263	7013	7501	5032	
DHL	-10250	-10250	28	36	11	42	90	65	92	0	44	37765000	1810	2357	1241	2216	9263	7013	7501	5032	
DHL	-10275	-10275	28	36	11	42	90	65	93	0	43	37765000	1810	2357	1241	2216	9263	7013	7501	5032	
DHL	-10300	-10300	28	36	11	42	91	66	93	0	43	37765000	1810	2357	1241	2216	9263	7013	7501	5032	
DHL	-10325	-10325	28	36	11	42	90	66	92	0	44	37765000	1810	2357	1241	2216	9263	7013	7501	5032	
DHL	-10350	-10350	28	36	11	42	90	67	93	0	44	37765000	1810	2357	1241	2216	9263	7013	7501	5032	
DHL	-10375	-10375	28	36	11	42	89	67	93	0	44	37765000	1810	2357	1241	2216	9263	7013	7501	5032	
DHL	-10400	-10400	29	36	11	42	89	67	93	0	44	37765000	1810	2357	1241	2216	9263	7013	7501	5032	
DHL	-10425	-10425	29	36	11	42	89	66	92	0	44	37765000	1810	2357	1241	2216	9263	7013	7501	5032	
DHL	-10450	-10450	29	36	11	41	88	65	92	0	44	37765000	1810	2357	1241	2216	9263	7013	7501	5032	
DHL	-10475	-10475	28	36	10	41	87	63	92	0	43	37765000	1810	2357	1241	2216	9263	7013	7501	5032	
DHL	-10500	-10500	28	36	10	42	86	63	92	0	41	37765000	1810	2357	1241	2216	9263	7013	7501	5032	
DHL	-10525	-10525	28	36	10	42	87	64	91	0	41	37765000	1810	2357	1241	2216	9263	7013	7501	5032	
DHL	-10550	-10550	28	35	10	42	87	66	89	0	42	37765000	1810	2357	1241	2216	9263	7013	7501	5032	
DHL	-10575	-10575	27	34	10	42	86	66	89	0	42	37765000	1810	2357	1241	2216	9263	7013	7501	5032	
DHL	-10600	-10600	27	34	10	42	87	64	90	0	42	37765000	1810	2357	1241	2216	9263	7013	7501	5032	
DHL	-10625	-10625	28	33	10	42	85	63	90	0	42	37765000	1810	2357	1241	2216	9263	7013	7501	5032	
DHL	-10650	-10650	27	33	10	42	85	64	89	0	43	37765000	1810	2357	1241	2216	9263	7013	7501	5032	
DHL	-10675	-10675	27	33	10	42	85	63	89	0	43	37765000	1810	2357	1241	2216	9263	7013	7501	5032	
DHL	-10700	-10700	27	34	10	42	85	63	89	0	43	37765000	1810	2357	1241	2216	9263	7013	7501	5032	
DHL	-10725	-10725	27	34	10	42	86	64	87	0	43	37765000	1810	2357	1241	2216	9263	7013	7501	5032	
DHL	-10750	-10750	27	34	10	42	86	63	87	0	43	37765000	1810	2357	1241	2216	9263	7013	7501	5032	
DHL	-10775	-10775	27	34	10	43	86	64	87	0	43	37765000	1810	2357	1241	2216	9263	7013	7501	5032	
DHL	-10800	-10800	26	35	10	43	86	64	87	0	43	37765000	1810	2357	1241	2216	9263	7013	7501	5032	
DHL	-10825	-10825	26	35	10	42	85	65	89	0	42	37765000	1810	2357	1241	2216	9263	7013	7501	5032	
DHL	-10850	-10850	26	36	10	43	84	65	89	0	43	37765000	1810	2357	1241	2216	9263	7013	7501	5032	
DHL	-10875	-10875	26	36	10	43	84	65	90	0	42	37765000	1810	2357	1241	2216	9263	7013	7501	5032	
DHL	-10900	-10900	26	34	10	41	85	65	91	0	43	37765000	1810	2357	1241	2216	9263	7013	7501	5032	
DHL	-10925	-10925	26	35	10	42	83	65	91	0	42	37765000	1810	2357	1241	2216	9263	7013	7501	5032	
DHL	-10950	-10950	26	35	9	40	83	64	91	0	44	37765000	1810	2357	1241	2216	9263	7013	7501	5032	
DHL	-10975	-10975	26	35	9	40	83	63	92	0	46	37765000	1810	2357	1241	2216	9263	7013	7501	5032	
DHL	-11000	-11000	26	36	9	40	83	63	91	0	46	37765000	1810	2357	1241	2216	9263	7013	7501	5032	
DHL	-11025	-11025	26	36	9	40	84	63	91	0	46	37765000	1810	2357	1241	2216	9263	7013	7501	5032	
DHL	-11050	-11050	26	36	8	40	83	63	92	0	46	37765000	1810	2357	1241	2216	9263	7013	7501	5032	
DHL	-11075	-11075	26	36	7	40	84	62	93	0	46	37765000	1810	2357	1241	2216	9263	7013	7501	5032	
DHL	-11100	-11100	26	36	7	40	81	62	93	0	46	37765000	1810	2357	1241	2216	9263	7013	7501	5032	
DHL	-11125	-11125	27	36	7	40	81	61	95	0	47	37765000	1810	2357	1241	2216	9263	7013	7501	5032	
DHL	-11150	-11150	27	35	7	40	81	61	95	0	49	37765000	1810	2357	1241	2216	9263	7013	7501	5032	
DHL	-11175	-11175	27	35	7	40	81	62	95	0	49	37765000	1810	2357	1241	2216	9263	7013	7501	5032	
DHL	-11200	-11200	27	35	8	40	80	62	94	0	49	37765000	1810	2357	1241	2216	9263	7013	7501	5032	
DHL	-11225	-11225	27	33	8	40	81	62	94	0	49	37765000	1810	2357	1241	2216	9263	7013	7501	5032	
DHL	-11250	-11250	27	33	8	40	80	62	94	0	49	37765000	1810	2357	1241	2216	9263	7013	7501	5032	
DHL	-11275	-11275	27	33	8	39	81	62	94	0	50	37765000	1810	2357	1241	2216	9263	7013	7501	5032	
DHL	-11300	-11300	27	33	8	38	81	62	93	0	50	37765000	1810	2357	1241	2216	9263	7013	7501	5032	
DHL	-11325	-11325	27	33	8	38	80	62	93	0	50	37765000	1810	2357	1241	2216	9263	7013	7501	5032	
DHL	-11350	-11350	27	33	8	38	81	62	94	0	51	37765000	1810	2357	1241	2216	9263	7013	7501	5032	
DHL	-11375	-11375	27	34	8	38	81	62	94	0	52	37765000	1810	2357	1241	2216	9263	7013	7501	5032	
DHL	-11400	-11400	27	34	8	38	80	62	93	0	52	37765000	1810	2357	1241	2216	9263	7013	7501	5032	
DHL	-11425	-11425	27	34	8	39	79	62	92	0	52	37765000	1810	2357	1241	2216	9263	7013	7501	5032	
DHL	-11450	-11450	27	34	8	39	79	62	91	0	52	37765000	1810	2357	1241	2216	9263	7013	7501	5032	
DHL	-11475	-11475	26	33	8	39	78	64	89	0	52	37765000	1810	2357	1241	2216	9263	7013	7501	5032	
DHL	-11500	-11500	26	33	8	37	79	63	90	0	52	37765000	1810	2357	1241	2216	9263	7013	7501	5032	
DHL	-11525	-11525	26	33	8	37	79	63	89	0	52	37765000	1810	2357	1241	2216	9263	7013	7501	5032	
DHL	-11550	-11550	26	33	8	36	79	62	91	0	53	37765000	1810	2357	1241	2216	9263	7013	7501	5032	
DHL	-11575	-11575	26	33	8	36	81	62	90	0	54	37765000	1810	2357	1241	2216	9263	7013	7501	5032	
DHL	-11600	-11600	27	33	8	36	80	63	90	0	54	37765000	1810	2357	1241	2216	9263	7013	7501	5032	
DHL	-11625	-11625	27	33	8	36	79	62	89	0	53	37765000	1810	2357	1241	2216	9263	7013	7501	5032	
DHL	-11650	-11650	27	32	8	36	78	62	90	0	54	37765000	1810	2357	1241	2216	9263	7013	7501	5032	
DHL	-11675	-11675	27	32	8	36	78	63	90	0	54	37765000	1810	2357	1241	2216	9263	7013	7501	5032	
DHL	-11700	-11700	27	32	8	34	77	63	90	0	54	37765000	1810	2357	1241	2216	9263	7013	7501	5032	
DHL	-11725	-11725	27	33	8	32	77	62	90	0	54	37765000	1810	2357	1241	2216	9263	7013	7501	5032	
DHL	-11750	-11750	28	32	8	32	77	63	88	0	54	37765000	1810	2357	1241	2216	9263	7013	7501	5032	
DHL	-11775	-11775	28	32	8	32	77	63	87	0	53	37765000	1810	2357	1241	2216	9263	7013	7501	5032	
DHL	-11800	-11800	27	32	8	32	77	64	87	0	54	37765000	1810	2357	1241	2216	9263	7013	7501	5032	
DHL	-11825	-11825	27	32	9	31	75	63	86	0	55	37765000	1810	2357	1241	2216	9263	7013	7501	5032	
DHL	-11850	-11850	28	32	9	30	75	63	86	0	54	37765000	1810	2357	1241	2216	9263	7013	7501	5032	
DHL	-11875	-11875	28	32	9	30	77	64	87	0	54	37765000	1810	2357	1241	2216	9263	7013	7501	5032	
DHL	-11900	-11900	27	32	9	30	77	64	85	0	54	37765000	1810	2357	1241	2216	9263	7013	7501	5032	
DHL	-11925	-11925	27	32	10	30	77	64	85	0	53	37765000	1810	2357	1241	2216	9263	7013	7501	5032	
DHL	-11950	-11950	26	32	10	30	77	64	85	0	54	37765000	1810	2357	1241	2216	9263	7013	7501	5032	
DHL	-11975	-11975	26	32	10	29	76	63	84	0	52	37765000	1810	2357	1241	2216	9263	7013	7501	5032	
DHL	-12000	-12000	26	33	10	29	74	62	83	0	52	37765000	1810	2357	1241	2216	9263	7013	7501	5032	
DHL	-12025	-12025	26	33	12	29	72	62	83	0	52	37765000	1810	2357	1241	2216	9263	7013	7501	5032	
DHL	-12050	-12050	26	32	11	30	72	63	82	0	52	37765000	1810	2357	1241	2216	9263	7013	7501	5032	
DHL	-12075	-12075	26	32	11	30	70	63	82	0	52	37765000	1810	2357	1241	2216	9263	7013	7501	5032	
DHL	-12100	-12100	26	32	11	29	69	61	82	0	52	37765000	1810	2357	1241	2216	9263	7013	7501	5032	
DHL	-12125	-12125	26	32	11	29	70	61	81	0	52	37765000	1810	2357	1241	2216	9263	7013	7501	5032	
DHL	-12150	-12150	26	32	11	29	72	61	80	0	52	37765000	1810	2357	1241	2216	9263	7013	7501	5032	
DHL	-12175	-12175	26	32	11	29	72	61	81	0	52	37765000	1810	2357	1241	2216	9263	7013	7501	5032	
DHL	-12200	-12200	26	32	11	29	72	62	80	0	52	37765000	1810	2357	1241	2216	9263	7013	7501	5032	
DHL	-12225	-12225	26	32	11	30	71	62	80	0	52	37765000	1810	2357	1241	2216	9263	7013	7501	5032	
DHL	-12250	-12250	25	33	12	30	69	62	79	0	52	37765000	1810	2357	1241	2216	9263	7013	7501	5032	
DHL	-12275	-12275	25	34	12	31	70	62	78	0	51	37765000	1810	2357	1241	2216	9263	7013	7501	5032	
DHL	-12300	-12300	24	35	13	31	70	61	79	0	51	37765000	1810	2357	1241	2216	9263	7013	7501	5032	
DHL	-12325	-12325	25	35	13	31	70	62	79	0	50	37765000	1810	2357	1241	2216	9263	7013	7501	5032	
DHL	-12350	-12350	25	35	13	31	72	62	80	0	49	37765000	1810	2357	1241	2216	9263	7013	7501	5032	
DHL	-12375	-12375	25	38	13	32	71	62	80	0	50	37765000	1810	2357	1241	2216	9263	7013	7501	5032	
DHL	-12400	-12400	25	38	13	32	70	62	81	0	50	37765000	1810	2357	1241	2216	9263	7013	7501	5032	
DHL	-12425	-12425	25	38	13	32	71	63	81	0	50	37765000	1810	2357	1241	2216	9263	7013	7501	5032	
DHL	-12450	-12450	25	39	13	33	72	64	80	0	50	37765000	1810	2357	1241	2216	9263	7013	7501	5032	
DHL	-12475	-12475	27	39	13	34	71	64	80	0	51	37765000	1810	2357	1241	2216	9263	7013	7501	5032	
DHL	-12500	-12500	28	39	13	35	71	64	81	0	51	37765000	1810	2357	1241	2216	9263	7013	7501	5032	
