FL	0	0	72	57	3	55	47	66	37	156	3	37765000	6075	4775	148	1925	4244	4632	2536	13292	512	
FL	-25	-25	72	57	3	55	48	66	37	156	3	37765000	6075	4775	148	1925	4244	4632	2536	13292	512	
FL	-50	-50	71	56	3	56	49	66	37	156	3	37765000	6075	4775	148	1925	4244	4632	2536	13292	512	
FL	-75	-75	72	56	3	56	49	65	37	157	3	37765000	6075	4775	148	1925	4244	4632	2536	13292	512	
FL	-100	-100	72	57	3	56	49	64	37	156	3	37765000	6075	4775	148	1925	4244	4632	2536	13292	512	
FL	-125	-125	73	59	3	56	49	64	37	158	3	37765000	6075	4775	148	1925	4244	4632	2536	13292	512	
FL	-150	-150	73	59	3	56	49	65	37	159	3	37765000	6075	4775	148	1925	4244	4632	2536	13292	512	
FL	-175	-175	75	60	3	57	49	66	37	161	3	37765000	6075	4775	148	1925	4244	4632	2536	13292	512	
FL	-200	-200	74	62	3	59	49	66	36	161	3	37765000	6075	4775	148	1925	4244	4632	2536	13292	512	
FL	-225	-225	76	63	3	57	48	66	36	161	3	37765000	6075	4775	148	1925	4244	4632	2536	13292	512	
FL	-250	-250	77	63	3	57	48	66	36	163	3	37765000	6075	4775	148	1925	4244	4632	2536	13292	512	
FL	-275	-275	77	63	3	55	49	66	36	163	4	37765000	6075	4775	148	1925	4244	4632	2536	13292	512	
FL	-300	-300	77	63	3	55	50	66	36	163	4	37765000	6075	4775	148	1925	4244	4632	2536	13292	512	
FL	-325	-325	79	64	3	55	51	66	35	164	4	37765000	6075	4775	148	1925	4244	4632	2536	13292	512	
FL	-350	-350	77	64	3	56	51	66	35	164	4	37765000	6075	4775	148	1925	4244	4632	2536	13292	512	
FL	-375	-375	76	64	3	58	51	67	35	167	4	37765000	6075	4775	148	1925	4244	4632	2536	13292	512	
FL	-400	-400	78	65	3	58	51	65	34	166	4	37765000	6075	4775	148	1925	4244	4632	2536	13292	512	
FL	-425	-425	78	65	3	59	50	65	34	166	4	37765000	6075	4775	148	1925	4244	4632	2536	13292	512	
FL	-450	-450	78	65	3	62	50	65	33	166	4	37765000	6075	4775	148	1925	4244	4632	2536	13292	512	
FL	-475	-475	78	65	3	64	50	64	34	167	4	37765000	6075	4775	148	1925	4244	4632	2536	13292	512	
FL	-500	-500	79	66	3	65	50	64	34	169	4	37765000	6075	4775	148	1925	4244	4632	2536	13292	512	
FL	-525	-525	78	66	3	66	50	64	34	172	4	37765000	6075	4775	148	1925	4244	4632	2536	13292	512	
FL	-550	-550	78	66	3	65	49	63	35	175	4	37765000	6075	4775	148	1925	4244	4632	2536	13292	512	
FL	-575	-575	78	66	3	65	48	63	35	177	4	37765000	6075	4775	148	1925	4244	4632	2536	13292	512	
FL	-600	-600	78	65	3	67	50	62	35	177	4	37765000	6075	4775	148	1925	4244	4632	2536	13292	512	
FL	-625	-625	78	66	3	68	50	62	35	178	4	37765000	6075	4775	148	1925	4244	4632	2536	13292	512	
FL	-650	-650	78	65	3	69	50	62	35	179	4	37765000	6075	4775	148	1925	4244	4632	2536	13292	512	
FL	-675	-675	79	64	3	72	49	62	35	178	4	37765000	6075	4775	148	1925	4244	4632	2536	13292	512	
FL	-700	-700	79	64	3	70	49	61	35	178	4	37765000	6075	4775	148	1925	4244	4632	2536	13292	512	
FL	-725	-725	79	64	3	70	48	61	35	179	4	37765000	6075	4775	148	1925	4244	4632	2536	13292	512	
FL	-750	-750	80	64	3	70	48	61	34	179	4	37765000	6075	4775	148	1925	4244	4632	2536	13292	512	
FL	-775	-775	80	64	3	70	47	61	34	178	4	37765000	6075	4775	148	1925	4244	4632	2536	13292	512	
FL	-800	-800	80	64	3	70	46	62	34	178	4	37765000	6075	4775	148	1925	4244	4632	2536	13292	512	
FL	-825	-825	80	65	3	70	46	62	33	179	4	37765000	6075	4775	148	1925	4244	4632	2536	13292	512	
FL	-850	-850	80	64	3	69	46	60	33	178	4	37765000	6075	4775	148	1925	4244	4632	2536	13292	512	
FL	-875	-875	80	64	3	70	47	60	33	178	4	37765000	6075	4775	148	1925	4244	4632	2536	13292	512	
FL	-900	-900	82	63	3	70	46	59	33	179	4	37765000	6075	4775	148	1925	4244	4632	2536	13292	512	
FL	-925	-925	82	63	3	70	46	59	33	179	4	37765000	6075	4775	148	1925	4244	4632	2536	13292	512	
FL	-950	-950	82	63	3	71	46	59	34	180	4	37765000	6075	4775	148	1925	4244	4632	2536	13292	512	
FL	-975	-975	81	61	3	72	46	59	34	179	4	37765000	6075	4775	148	1925	4244	4632	2536	13292	512	
FL	-1000	-1000	80	62	3	71	47	58	34	179	4	37765000	6075	4775	148	1925	4244	4632	2536	13292	512	
FL	-1025	-1025	79	62	3	71	47	58	35	181	4	37765000	6075	4775	148	1925	4244	4632	2536	13292	512	
FL	-1050	-1050	78	62	3	72	47	57	35	181	4	37765000	6075	4775	148	1925	4244	4632	2536	13292	512	
FL	-1075	-1075	78	61	3	72	47	57	35	181	4	37765000	6075	4775	148	1925	4244	4632	2536	13292	512	
FL	-1100	-1100	77	60	3	72	47	57	35	181	4	37765000	6075	4775	148	1925	4244	4632	2536	13292	512	
FL	-1125	-1125	77	61	3	73	48	58	33	182	4	37765000	6075	4775	148	1925	4244	4632	2536	13292	512	
FL	-1150	-1150	77	61	3	74	48	58	33	183	4	37765000	6075	4775	148	1925	4244	4632	2536	13292	512	
FL	-1175	-1175	77	61	3	74	48	58	33	183	4	37765000	6075	4775	148	1925	4244	4632	2536	13292	512	
FL	-1200	-1200	76	60	3	75	48	57	33	182	4	37765000	6075	4775	148	1925	4244	4632	2536	13292	512	
FL	-1225	-1225	77	61	3	75	48	57	33	181	4	37765000	6075	4775	148	1925	4244	4632	2536	13292	512	
FL	-1250	-1250	78	61	3	77	48	57	33	182	4	37765000	6075	4775	148	1925	4244	4632	2536	13292	512	
FL	-1275	-1275	78	61	3	77	48	58	33	181	4	37765000	6075	4775	148	1925	4244	4632	2536	13292	512	
FL	-1300	-1300	80	62	3	78	49	58	33	181	4	37765000	6075	4775	148	1925	4244	4632	2536	13292	512	
FL	-1325	-1325	80	62	3	81	49	58	33	183	4	37765000	6075	4775	148	1925	4244	4632	2536	13292	512	
FL	-1350	-1350	80	62	3	82	49	59	33	180	4	37765000	6075	4775	148	1925	4244	4632	2536	13292	512	
FL	-1375	-1375	80	61	3	84	50	60	33	178	4	37765000	6075	4775	148	1925	4244	4632	2536	13292	512	
FL	-1400	-1400	82	59	3	86	50	60	33	176	4	37765000	6075	4775	148	1925	4244	4632	2536	13292	512	
FL	-1425	-1425	80	59	3	86	47	60	33	177	4	37765000	6075	4775	148	1925	4244	4632	2536	13292	512	
FL	-1450	-1450	80	60	3	86	47	61	33	179	4	37765000	6075	4775	148	1925	4244	4632	2536	13292	512	
FL	-1475	-1475	78	60	3	86	47	61	33	179	4	37765000	6075	4775	148	1925	4244	4632	2536	13292	512	
FL	-1500	-1500	78	61	3	85	48	61	32	178	4	37765000	6075	4775	148	1925	4244	4632	2536	13292	512	
FL	-1525	-1525	79	61	3	85	48	62	32	179	4	37765000	6075	4775	148	1925	4244	4632	2536	13292	512	
FL	-1550	-1550	80	60	3	84	48	61	32	181	4	37765000	6075	4775	148	1925	4244	4632	2536	13292	512	
FL	-1575	-1575	80	60	4	83	48	61	32	179	4	37765000	6075	4775	148	1925	4244	4632	2536	13292	512	
FL	-1600	-1600	79	59	5	83	48	61	32	179	4	37765000	6075	4775	148	1925	4244	4632	2536	13292	512	
FL	-1625	-1625	78	59	5	83	49	61	31	178	5	37765000	6075	4775	148	1925	4244	4632	2536	13292	512	
FL	-1650	-1650	77	59	5	82	49	61	31	178	5	37765000	6075	4775	148	1925	4244	4632	2536	13292	512	
FL	-1675	-1675	77	59	5	82	49	61	31	180	5	37765000	6075	4775	148	1925	4244	4632	2536	13292	512	
FL	-1700	-1700	77	59	5	80	51	61	31	181	5	37765000	6075	4775	148	1925	4244	4632	2536	13292	512	
FL	-1725	-1725	78	59	5	80	50	61	31	181	5	37765000	6075	4775	148	1925	4244	4632	2536	13292	512	
FL	-1750	-1750	79	59	5	79	49	60	30	179	5	37765000	6075	4775	148	1925	4244	4632	2536	13292	512	
FL	-1775	-1775	79	60	5	78	48	60	30	179	6	37765000	6075	4775	148	1925	4244	4632	2536	13292	512	
FL	-1800	-1800	80	60	5	79	47	59	30	180	6	37765000	6075	4775	148	1925	4244	4632	2536	13292	512	
FL	-1825	-1825	80	60	5	81	47	58	30	180	6	37765000	6075	4775	148	1925	4244	4632	2536	13292	512	
FL	-1850	-1850	81	60	5	81	47	57	30	181	6	37765000	6075	4775	148	1925	4244	4632	2536	13292	512	
FL	-1875	-1875	82	60	5	81	48	57	29	181	6	37765000	6075	4775	148	1925	4244	4632	2536	13292	512	
FL	-1900	-1900	82	59	5	83	48	58	29	179	6	37765000	6075	4775	148	1925	4244	4632	2536	13292	512	
FL	-1925	-1925	83	59	5	83	48	57	29	178	6	37765000	6075	4775	148	1925	4244	4632	2536	13292	512	
FL	-1950	-1950	83	58	5	84	51	56	31	180	6	37765000	6075	4775	148	1925	4244	4632	2536	13292	512	
FL	-1975	-1975	83	58	5	84	53	55	32	180	6	37765000	6075	4775	148	1925	4244	4632	2536	13292	512	
FL	-2000	-2000	84	58	5	85	53	54	32	181	5	37765000	6075	4775	148	1925	4244	4632	2536	13292	512	
FL	-2025	-2025	84	58	5	85	52	54	32	184	5	37765000	6075	4775	148	1925	4244	4632	2536	13292	512	
FL	-2050	-2050	84	59	5	86	52	54	32	183	5	37765000	6075	4775	148	1925	4244	4632	2536	13292	512	
FL	-2075	-2075	84	60	5	89	52	54	31	187	5	37765000	6075	4775	148	1925	4244	4632	2536	13292	512	
FL	-2100	-2100	84	60	5	89	51	53	31	187	5	37765000	6075	4775	148	1925	4244	4632	2536	13292	512	
FL	-2125	-2125	84	63	5	89	52	52	31	187	5	37765000	6075	4775	148	1925	4244	4632	2536	13292	512	
FL	-2150	-2150	86	62	5	91	53	51	31	187	5	37765000	6075	4775	148	1925	4244	4632	2536	13292	512	
FL	-2175	-2175	85	61	5	92	55	51	31	185	5	37765000	6075	4775	148	1925	4244	4632	2536	13292	512	
FL	-2200	-2200	84	61	5	93	55	50	31	186	5	37765000	6075	4775	148	1925	4244	4632	2536	13292	512	
FL	-2225	-2225	84	60	5	93	55	50	30	185	5	37765000	6075	4775	148	1925	4244	4632	2536	13292	512	
FL	-2250	-2250	81	59	5	93	55	50	30	184	5	37765000	6075	4775	148	1925	4244	4632	2536	13292	512	
FL	-2275	-2275	81	60	5	95	55	50	30	183	5	37765000	6075	4775	148	1925	4244	4632	2536	13292	512	
FL	-2300	-2300	81	61	5	95	55	50	30	183	5	37765000	6075	4775	148	1925	4244	4632	2536	13292	512	
FL	-2325	-2325	81	61	5	96	55	50	30	183	5	37765000	6075	4775	148	1925	4244	4632	2536	13292	512	
FL	-2350	-2350	80	60	5	97	55	50	30	184	5	37765000	6075	4775	148	1925	4244	4632	2536	13292	512	
FL	-2375	-2375	80	60	5	97	55	50	30	184	5	37765000	6075	4775	148	1925	4244	4632	2536	13292	512	
FL	-2400	-2400	81	61	5	97	56	50	29	185	5	37765000	6075	4775	148	1925	4244	4632	2536	13292	512	
FL	-2425	-2425	82	61	5	97	56	51	29	185	5	37765000	6075	4775	148	1925	4244	4632	2536	13292	512	
FL	-2450	-2450	82	61	5	98	56	51	29	186	5	37765000	6075	4775	148	1925	4244	4632	2536	13292	512	
FL	-2475	-2475	84	61	5	98	56	51	29	186	5	37765000	6075	4775	148	1925	4244	4632	2536	13292	512	
FL	-2500	-2500	85	60	5	98	56	51	29	187	5	37765000	6075	4775	148	1925	4244	4632	2536	13292	512	
FL	-2525	-2525	85	60	5	97	55	51	29	186	5	37765000	6075	4775	148	1925	4244	4632	2536	13292	512	
FL	-2550	-2550	86	62	5	97	56	52	29	184	5	37765000	6075	4775	148	1925	4244	4632	2536	13292	512	
FL	-2575	-2575	86	62	5	97	55	52	26	184	5	37765000	6075	4775	148	1925	4244	4632	2536	13292	512	
FL	-2600	-2600	86	62	5	97	55	51	26	185	6	37765000	6075	4775	148	1925	4244	4632	2536	13292	512	
FL	-2625	-2625	86	62	5	97	55	52	26	186	6	37765000	6075	4775	148	1925	4244	4632	2536	13292	512	
FL	-2650	-2650	87	61	5	97	55	52	26	185	6	37765000	6075	4775	148	1925	4244	4632	2536	13292	512	
FL	-2675	-2675	86	62	5	97	55	52	27	186	6	37765000	6075	4775	148	1925	4244	4632	2536	13292	512	
FL	-2700	-2700	85	62	5	97	55	52	27	185	6	37765000	6075	4775	148	1925	4244	4632	2536	13292	512	
FL	-2725	-2725	86	63	5	97	55	53	27	186	6	37765000	6075	4775	148	1925	4244	4632	2536	13292	512	
FL	-2750	-2750	86	63	5	97	57	53	27	186	5	37765000	6075	4775	148	1925	4244	4632	2536	13292	512	
FL	-2775	-2775	86	63	5	97	56	53	28	188	5	37765000	6075	4775	148	1925	4244	4632	2536	13292	512	
FL	-2800	-2800	86	63	5	96	55	54	28	188	5	37765000	6075	4775	148	1925	4244	4632	2536	13292	512	
FL	-2825	-2825	86	64	5	96	55	54	28	188	5	37765000	6075	4775	148	1925	4244	4632	2536	13292	512	
FL	-2850	-2850	87	63	5	96	55	53	28	188	5	37765000	6075	4775	148	1925	4244	4632	2536	13292	512	
FL	-2875	-2875	88	63	5	96	55	54	28	188	5	37765000	6075	4775	148	1925	4244	4632	2536	13292	512	
FL	-2900	-2900	89	64	5	96	55	53	29	188	5	37765000	6075	4775	148	1925	4244	4632	2536	13292	512	
FL	-2925	-2925	90	64	5	96	55	53	29	189	5	37765000	6075	4775	148	1925	4244	4632	2536	13292	512	
FL	-2950	-2950	90	65	5	95	54	54	29	189	5	37765000	6075	4775	148	1925	4244	4632	2536	13292	512	
FL	-2975	-2975	90	65	5	95	55	54	29	186	5	37765000	6075	4775	148	1925	4244	4632	2536	13292	512	
FL	-3000	-3000	91	65	5	95	54	54	28	185	5	37765000	6075	4775	148	1925	4244	4632	2536	13292	512	
FL	-3025	-3025	92	66	5	95	54	54	28	186	5	37765000	6075	4775	148	1925	4244	4632	2536	13292	512	
FL	-3050	-3050	93	66	5	95	54	54	28	184	5	37765000	6075	4775	148	1925	4244	4632	2536	13292	512	
FL	-3075	-3075	92	65	5	96	54	55	28	184	5	37765000	6075	4775	148	1925	4244	4632	2536	13292	512	
FL	-3100	-3100	92	65	5	96	55	55	28	184	5	37765000	6075	4775	148	1925	4244	4632	2536	13292	512	
FL	-3125	-3125	92	65	5	98	54	55	28	185	5	37765000	6075	4775	148	1925	4244	4632	2536	13292	512	
FL	-3150	-3150	93	65	5	98	54	55	28	185	5	37765000	6075	4775	148	1925	4244	4632	2536	13292	512	
FL	-3175	-3175	92	64	5	97	54	56	28	185	5	37765000	6075	4775	148	1925	4244	4632	2536	13292	512	
FL	-3200	-3200	92	63	5	97	54	55	28	184	5	37765000	6075	4775	148	1925	4244	4632	2536	13292	512	
FL	-3225	-3225	92	63	5	97	53	54	27	186	5	37765000	6075	4775	148	1925	4244	4632	2536	13292	512	
FL	-3250	-3250	91	63	5	97	53	54	27	186	5	37765000	6075	4775	148	1925	4244	4632	2536	13292	512	
FL	-3275	-3275	90	63	5	98	53	54	27	186	5	37765000	6075	4775	148	1925	4244	4632	2536	13292	512	
FL	-3300	-3300	90	63	5	98	53	54	26	185	5	37765000	6075	4775	148	1925	4244	4632	2536	13292	512	
FL	-3325	-3325	89	63	5	98	54	54	26	185	5	37765000	6075	4775	148	1925	4244	4632	2536	13292	512	
FL	-3350	-3350	88	64	5	98	55	54	26	185	5	37765000	6075	4775	148	1925	4244	4632	2536	13292	512	
FL	-3375	-3375	87	64	5	98	55	54	25	185	5	37765000	6075	4775	148	1925	4244	4632	2536	13292	512	
FL	-3400	-3400	88	63	5	98	55	53	25	185	5	37765000	6075	4775	148	1925	4244	4632	2536	13292	512	
FL	-3425	-3425	88	64	5	98	54	53	25	184	5	37765000	6075	4775	148	1925	4244	4632	2536	13292	512	
FL	-3450	-3450	87	65	5	97	54	53	24	184	5	37765000	6075	4775	148	1925	4244	4632	2536	13292	512	
FL	-3475	-3475	87	65	5	97	53	53	24	184	5	37765000	6075	4775	148	1925	4244	4632	2536	13292	512	
FL	-3500	-3500	87	66	5	98	53	51	24	185	5	37765000	6075	4775	148	1925	4244	4632	2536	13292	512	
FL	-3525	-3525	87	67	5	98	52	51	24	184	5	37765000	6075	4775	148	1925	4244	4632	2536	13292	512	
FL	-3550	-3550	87	67	5	98	53	51	24	184	5	37765000	6075	4775	148	1925	4244	4632	2536	13292	512	
FL	-3575	-3575	88	67	5	98	54	50	24	183	5	37765000	6075	4775	148	1925	4244	4632	2536	13292	512	
FL	-3600	-3600	88	68	5	98	52	49	24	185	5	37765000	6075	4775	148	1925	4244	4632	2536	13292	512	
FL	-3625	-3625	88	68	5	99	51	49	24	186	5	37765000	6075	4775	148	1925	4244	4632	2536	13292	512	
FL	-3650	-3650	89	68	5	100	50	49	24	188	5	37765000	6075	4775	148	1925	4244	4632	2536	13292	512	
FL	-3675	-3675	89	68	4	99	49	49	24	189	5	37765000	6075	4775	148	1925	4244	4632	2536	13292	512	
FL	-3700	-3700	90	67	4	98	48	49	24	189	5	37765000	6075	4775	148	1925	4244	4632	2536	13292	512	
FL	-3725	-3725	88	66	4	99	48	49	24	190	5	37765000	6075	4775	148	1925	4244	4632	2536	13292	512	
FL	-3750	-3750	88	66	4	99	49	48	24	190	5	37765000	6075	4775	148	1925	4244	4632	2536	13292	512	
FL	-3775	-3775	88	65	4	99	49	47	24	191	5	37765000	6075	4775	148	1925	4244	4632	2536	13292	512	
FL	-3800	-3800	86	65	4	99	49	47	24	191	5	37765000	6075	4775	148	1925	4244	4632	2536	13292	512	
FL	-3825	-3825	86	65	4	99	48	48	24	191	5	37765000	6075	4775	148	1925	4244	4632	2536	13292	512	
FL	-3850	-3850	86	65	4	97	48	48	24	188	5	37765000	6075	4775	148	1925	4244	4632	2536	13292	512	
FL	-3875	-3875	86	66	4	97	48	48	24	187	5	37765000	6075	4775	148	1925	4244	4632	2536	13292	512	
FL	-3900	-3900	86	66	4	95	48	47	24	183	5	37765000	6075	4775	148	1925	4244	4632	2536	13292	512	
FL	-3925	-3925	86	65	4	95	48	47	24	183	5	37765000	6075	4775	148	1925	4244	4632	2536	13292	512	
FL	-3950	-3950	86	65	4	93	49	46	24	185	5	37765000	6075	4775	148	1925	4244	4632	2536	13292	512	
FL	-3975	-3975	85	65	4	91	48	46	25	183	5	37765000	6075	4775	148	1925	4244	4632	2536	13292	512	
FL	-4000	-4000	84	65	4	90	49	46	25	183	5	37765000	6075	4775	148	1925	4244	4632	2536	13292	512	
FL	-4025	-4025	86	65	4	89	49	46	24	181	5	37765000	6075	4775	148	1925	4244	4632	2536	13292	512	
FL	-4050	-4050	85	65	4	90	49	47	24	181	5	37765000	6075	4775	148	1925	4244	4632	2536	13292	512	
FL	-4075	-4075	85	65	4	90	47	47	25	180	5	37765000	6075	4775	148	1925	4244	4632	2536	13292	512	
FL	-4100	-4100	85	65	4	90	47	49	25	176	5	37765000	6075	4775	148	1925	4244	4632	2536	13292	512	
FL	-4125	-4125	85	65	4	89	47	52	24	174	5	37765000	6075	4775	148	1925	4244	4632	2536	13292	512	
FL	-4150	-4150	87	65	4	89	47	52	24	173	5	37765000	6075	4775	148	1925	4244	4632	2536	13292	512	
FL	-4175	-4175	88	64	4	89	47	55	25	173	5	37765000	6075	4775	148	1925	4244	4632	2536	13292	512	
FL	-4200	-4200	88	64	4	89	48	55	23	171	5	37765000	6075	4775	148	1925	4244	4632	2536	13292	512	
FL	-4225	-4225	91	63	4	88	49	55	24	171	5	37765000	6075	4775	148	1925	4244	4632	2536	13292	512	
FL	-4250	-4250	91	63	4	88	49	55	24	171	5	37765000	6075	4775	148	1925	4244	4632	2536	13292	512	
FL	-4275	-4275	91	63	4	89	49	55	24	171	5	37765000	6075	4775	148	1925	4244	4632	2536	13292	512	
FL	-4300	-4300	92	64	4	90	48	55	25	168	5	37765000	6075	4775	148	1925	4244	4632	2536	13292	512	
FL	-4325	-4325	92	64	4	89	48	55	25	167	5	37765000	6075	4775	148	1925	4244	4632	2536	13292	512	
FL	-4350	-4350	91	64	4	90	48	54	26	172	5	37765000	6075	4775	148	1925	4244	4632	2536	13292	512	
FL	-4375	-4375	90	65	4	90	47	54	26	171	5	37765000	6075	4775	148	1925	4244	4632	2536	13292	512	
FL	-4400	-4400	91	63	4	90	47	54	26	172	5	37765000	6075	4775	148	1925	4244	4632	2536	13292	512	
FL	-4425	-4425	92	62	4	90	46	54	26	170	5	37765000	6075	4775	148	1925	4244	4632	2536	13292	512	
FL	-4450	-4450	93	64	4	89	46	54	26	171	5	37765000	6075	4775	148	1925	4244	4632	2536	13292	512	
FL	-4475	-4475	92	63	4	89	45	54	26	172	5	37765000	6075	4775	148	1925	4244	4632	2536	13292	512	
FL	-4500	-4500	93	64	3	88	44	54	26	173	5	37765000	6075	4775	148	1925	4244	4632	2536	13292	512	
FL	-4525	-4525	93	64	3	88	44	54	27	174	5	37765000	6075	4775	148	1925	4244	4632	2536	13292	512	
FL	-4550	-4550	93	65	3	88	44	54	27	174	5	37765000	6075	4775	148	1925	4244	4632	2536	13292	512	
FL	-4575	-4575	93	65	3	88	44	52	27	174	5	37765000	6075	4775	148	1925	4244	4632	2536	13292	512	
FL	-4600	-4600	95	64	3	88	44	53	27	177	5	37765000	6075	4775	148	1925	4244	4632	2536	13292	512	
FL	-4625	-4625	96	64	3	88	45	53	27	176	5	37765000	6075	4775	148	1925	4244	4632	2536	13292	512	
FL	-4650	-4650	94	62	3	88	45	53	26	176	5	37765000	6075	4775	148	1925	4244	4632	2536	13292	512	
FL	-4675	-4675	93	62	3	88	45	53	26	176	5	37765000	6075	4775	148	1925	4244	4632	2536	13292	512	
FL	-4700	-4700	94	62	3	88	44	53	26	177	5	37765000	6075	4775	148	1925	4244	4632	2536	13292	512	
FL	-4725	-4725	94	62	3	87	44	53	26	176	5	37765000	6075	4775	148	1925	4244	4632	2536	13292	512	
FL	-4750	-4750	92	62	3	86	45	53	26	177	5	37765000	6075	4775	148	1925	4244	4632	2536	13292	512	
FL	-4775	-4775	92	62	2	86	45	53	26	176	5	37765000	6075	4775	148	1925	4244	4632	2536	13292	512	
FL	-4800	-4800	92	61	2	86	45	52	26	177	5	37765000	6075	4775	148	1925	4244	4632	2536	13292	512	
FL	-4825	-4825	92	59	2	86	45	52	26	179	5	37765000	6075	4775	148	1925	4244	4632	2536	13292	512	
FL	-4850	-4850	92	60	2	85	45	53	26	178	5	37765000	6075	4775	148	1925	4244	4632	2536	13292	512	
FL	-4875	-4875	91	58	2	85	48	52	26	178	5	37765000	6075	4775	148	1925	4244	4632	2536	13292	512	
FL	-4900	-4900	88	58	2	85	48	52	26	177	4	37765000	6075	4775	148	1925	4244	4632	2536	13292	512	
FL	-4925	-4925	88	58	2	86	48	51	26	177	4	37765000	6075	4775	148	1925	4244	4632	2536	13292	512	
FL	-4950	-4950	87	58	2	86	48	50	25	177	4	37765000	6075	4775	148	1925	4244	4632	2536	13292	512	
FL	-4975	-4975	87	59	2	85	49	49	25	177	4	37765000	6075	4775	148	1925	4244	4632	2536	13292	512	
FL	-5000	-5000	87	59	2	85	51	49	25	176	4	37765000	6075	4775	148	1925	4244	4632	2536	13292	512	
FL	-5025	-5025	87	59	2	85	50	49	26	178	4	37765000	6075	4775	148	1925	4244	4632	2536	13292	512	
FL	-5050	-5050	87	60	2	84	49	49	27	181	4	37765000	6075	4775	148	1925	4244	4632	2536	13292	512	
FL	-5075	-5075	86	61	2	85	49	49	27	182	4	37765000	6075	4775	148	1925	4244	4632	2536	13292	512	
FL	-5100	-5100	87	60	2	86	49	49	27	182	4	37765000	6075	4775	148	1925	4244	4632	2536	13292	512	
FL	-5125	-5125	87	59	2	86	49	49	28	181	4	37765000	6075	4775	148	1925	4244	4632	2536	13292	512	
FL	-5150	-5150	87	60	2	86	49	48	29	180	4	37765000	6075	4775	148	1925	4244	4632	2536	13292	512	
FL	-5175	-5175	86	60	2	85	50	47	29	178	4	37765000	6075	4775	148	1925	4244	4632	2536	13292	512	
FL	-5200	-5200	86	58	2	85	50	47	29	178	4	37765000	6075	4775	148	1925	4244	4632	2536	13292	512	
FL	-5225	-5225	85	58	2	86	50	47	29	177	4	37765000	6075	4775	148	1925	4244	4632	2536	13292	512	
FL	-5250	-5250	85	59	2	88	53	49	29	177	4	37765000	6075	4775	148	1925	4244	4632	2536	13292	512	
FL	-5275	-5275	86	60	2	87	52	49	30	176	3	37765000	6075	4775	148	1925	4244	4632	2536	13292	512	
FL	-5300	-5300	87	62	2	87	51	50	30	177	3	37765000	6075	4775	148	1925	4244	4632	2536	13292	512	
FL	-5325	-5325	85	62	2	87	50	51	30	177	3	37765000	6075	4775	148	1925	4244	4632	2536	13292	512	
FL	-5350	-5350	87	62	2	85	50	50	30	178	3	37765000	6075	4775	148	1925	4244	4632	2536	13292	512	
FL	-5375	-5375	87	63	2	83	50	49	30	176	3	37765000	6075	4775	148	1925	4244	4632	2536	13292	512	
FL	-5400	-5400	86	62	2	83	50	49	30	178	3	37765000	6075	4775	148	1925	4244	4632	2536	13292	512	
FL	-5425	-5425	86	62	2	82	50	49	31	179	3	37765000	6075	4775	148	1925	4244	4632	2536	13292	512	
FL	-5450	-5450	87	62	2	79	50	50	31	180	3	37765000	6075	4775	148	1925	4244	4632	2536	13292	512	
FL	-5475	-5475	87	62	2	77	51	51	30	180	3	37765000	6075	4775	148	1925	4244	4632	2536	13292	512	
FL	-5500	-5500	86	62	2	76	51	50	30	177	3	37765000	6075	4775	148	1925	4244	4632	2536	13292	512	
FL	-5525	-5525	87	62	2	76	51	49	30	176	3	37765000	6075	4775	148	1925	4244	4632	2536	13292	512	
FL	-5550	-5550	87	62	2	76	51	49	29	174	3	37765000	6075	4775	148	1925	4244	4632	2536	13292	512	
FL	-5575	-5575	87	63	2	76	51	49	29	172	3	37765000	6075	4775	148	1925	4244	4632	2536	13292	512	
FL	-5600	-5600	87	65	2	73	50	49	29	174	3	37765000	6075	4775	148	1925	4244	4632	2536	13292	512	
FL	-5625	-5625	87	63	2	72	50	48	29	174	3	37765000	6075	4775	148	1925	4244	4632	2536	13292	512	
FL	-5650	-5650	87	63	2	71	50	49	30	175	3	37765000	6075	4775	148	1925	4244	4632	2536	13292	512	
FL	-5675	-5675	86	64	2	68	51	49	30	176	3	37765000	6075	4775	148	1925	4244	4632	2536	13292	512	
FL	-5700	-5700	86	64	2	68	52	52	30	177	3	37765000	6075	4775	148	1925	4244	4632	2536	13292	512	
FL	-5725	-5725	87	64	2	68	52	52	30	180	3	37765000	6075	4775	148	1925	4244	4632	2536	13292	512	
FL	-5750	-5750	87	65	2	68	52	52	30	180	3	37765000	6075	4775	148	1925	4244	4632	2536	13292	512	
FL	-5775	-5775	88	65	2	69	52	52	30	181	3	37765000	6075	4775	148	1925	4244	4632	2536	13292	512	
FL	-5800	-5800	88	67	2	69	52	51	30	182	3	37765000	6075	4775	148	1925	4244	4632	2536	13292	512	
FL	-5825	-5825	88	64	2	69	52	51	30	180	4	37765000	6075	4775	148	1925	4244	4632	2536	13292	512	
FL	-5850	-5850	88	64	2	69	52	51	30	181	4	37765000	6075	4775	148	1925	4244	4632	2536	13292	512	
FL	-5875	-5875	89	64	2	70	51	51	30	181	4	37765000	6075	4775	148	1925	4244	4632	2536	13292	512	
FL	-5900	-5900	88	65	2	70	51	51	30	180	4	37765000	6075	4775	148	1925	4244	4632	2536	13292	512	
FL	-5925	-5925	89	65	2	71	51	51	30	180	4	37765000	6075	4775	148	1925	4244	4632	2536	13292	512	
FL	-5950	-5950	89	65	2	71	51	50	29	179	4	37765000	6075	4775	148	1925	4244	4632	2536	13292	512	
FL	-5975	-5975	89	65	2	71	51	50	29	179	4	37765000	6075	4775	148	1925	4244	4632	2536	13292	512	
FL	-6000	-6000	89	64	2	71	50	51	29	179	4	37765000	6075	4775	148	1925	4244	4632	2536	13292	512	
FL	-6025	-6025	91	65	2	71	50	50	28	178	4	37765000	6075	4775	148	1925	4244	4632	2536	13292	512	
FL	-6050	-6050	91	65	2	71	51	50	28	177	4	37765000	6075	4775	148	1925	4244	4632	2536	13292	512	
FL	-6075	-6075	92	66	2	71	51	52	28	177	4	37765000	6075	4775	148	1925	4244	4632	2536	13292	512	
FL	-6100	-6100	92	66	2	71	51	53	28	179	4	37765000	6075	4775	148	1925	4244	4632	2536	13292	512	
FL	-6125	-6125	92	65	2	71	50	54	28	179	4	37765000	6075	4775	148	1925	4244	4632	2536	13292	512	
FL	-6150	-6150	93	65	2	70	50	54	28	177	4	37765000	6075	4775	148	1925	4244	4632	2536	13292	512	
FL	-6175	-6175	93	67	2	71	50	54	28	177	4	37765000	6075	4775	148	1925	4244	4632	2536	13292	512	
FL	-6200	-6200	94	67	2	70	50	54	28	177	4	37765000	6075	4775	148	1925	4244	4632	2536	13292	512	
FL	-6225	-6225	93	66	2	70	50	54	27	178	4	37765000	6075	4775	148	1925	4244	4632	2536	13292	512	
FL	-6250	-6250	93	66	2	68	50	54	27	177	4	37765000	6075	4775	148	1925	4244	4632	2536	13292	512	
FL	-6275	-6275	93	67	2	68	50	53	26	178	4	37765000	6075	4775	148	1925	4244	4632	2536	13292	512	
FL	-6300	-6300	91	66	2	67	49	53	26	179	4	37765000	6075	4775	148	1925	4244	4632	2536	13292	512	
FL	-6325	-6325	91	66	2	64	50	53	26	177	4	37765000	6075	4775	148	1925	4244	4632	2536	13292	512	
FL	-6350	-6350	91	66	2	63	50	52	26	177	4	37765000	6075	4775	148	1925	4244	4632	2536	13292	512	
FL	-6375	-6375	92	66	2	61	49	51	26	178	4	37765000	6075	4775	148	1925	4244	4632	2536	13292	512	
FL	-6400	-6400	91	66	2	59	51	51	26	180	4	37765000	6075	4775	148	1925	4244	4632	2536	13292	512	
FL	-6425	-6425	91	66	2	59	51	50	26	179	4	37765000	6075	4775	148	1925	4244	4632	2536	13292	512	
FL	-6450	-6450	91	65	2	59	51	49	26	177	4	37765000	6075	4775	148	1925	4244	4632	2536	13292	512	
FL	-6475	-6475	91	66	2	60	51	50	26	178	4	37765000	6075	4775	148	1925	4244	4632	2536	13292	512	
FL	-6500	-6500	91	66	2	60	50	50	26	178	4	37765000	6075	4775	148	1925	4244	4632	2536	13292	512	
FL	-6525	-6525	90	68	2	60	50	49	25	177	4	37765000	6075	4775	148	1925	4244	4632	2536	13292	512	
FL	-6550	-6550	91	68	2	60	50	48	25	175	4	37765000	6075	4775	148	1925	4244	4632	2536	13292	512	
FL	-6575	-6575	91	68	1	60	50	48	25	175	4	37765000	6075	4775	148	1925	4244	4632	2536	13292	512	
FL	-6600	-6600	90	68	0	61	50	48	25	177	4	37765000	6075	4775	148	1925	4244	4632	2536	13292	512	
FL	-6625	-6625	90	68	0	63	49	48	25	177	3	37765000	6075	4775	148	1925	4244	4632	2536	13292	512	
FL	-6650	-6650	91	69	0	63	49	48	26	180	3	37765000	6075	4775	148	1925	4244	4632	2536	13292	512	
FL	-6675	-6675	91	70	0	62	49	48	26	177	3	37765000	6075	4775	148	1925	4244	4632	2536	13292	512	
FL	-6700	-6700	93	70	0	62	48	48	26	176	3	37765000	6075	4775	148	1925	4244	4632	2536	13292	512	
FL	-6725	-6725	92	70	0	63	48	49	26	176	3	37765000	6075	4775	148	1925	4244	4632	2536	13292	512	
FL	-6750	-6750	91	70	0	63	48	50	26	181	3	37765000	6075	4775	148	1925	4244	4632	2536	13292	512	
FL	-6775	-6775	91	69	0	63	49	50	26	179	2	37765000	6075	4775	148	1925	4244	4632	2536	13292	512	
FL	-6800	-6800	91	69	0	62	49	50	26	178	2	37765000	6075	4775	148	1925	4244	4632	2536	13292	512	
FL	-6825	-6825	91	69	0	60	50	50	26	179	2	37765000	6075	4775	148	1925	4244	4632	2536	13292	512	
FL	-6850	-6850	89	68	0	59	51	50	26	178	2	37765000	6075	4775	148	1925	4244	4632	2536	13292	512	
FL	-6875	-6875	87	68	0	59	50	51	26	178	2	37765000	6075	4775	148	1925	4244	4632	2536	13292	512	
FL	-6900	-6900	87	68	0	57	50	51	26	179	2	37765000	6075	4775	148	1925	4244	4632	2536	13292	512	
FL	-6925	-6925	86	68	0	57	50	51	26	180	2	37765000	6075	4775	148	1925	4244	4632	2536	13292	512	
FL	-6950	-6950	87	70	0	56	48	51	24	178	2	37765000	6075	4775	148	1925	4244	4632	2536	13292	512	
FL	-6975	-6975	88	70	0	56	46	51	23	177	2	37765000	6075	4775	148	1925	4244	4632	2536	13292	512	
FL	-7000	-7000	88	70	0	54	46	53	23	178	2	37765000	6075	4775	148	1925	4244	4632	2536	13292	512	
FL	-7025	-7025	88	70	0	53	46	53	23	175	2	37765000	6075	4775	148	1925	4244	4632	2536	13292	512	
FL	-7050	-7050	88	70	0	52	45	53	23	174	2	37765000	6075	4775	148	1925	4244	4632	2536	13292	512	
FL	-7075	-7075	88	69	0	49	45	53	23	170	2	37765000	6075	4775	148	1925	4244	4632	2536	13292	512	
FL	-7100	-7100	87	69	0	49	45	53	22	167	2	37765000	6075	4775	148	1925	4244	4632	2536	13292	512	
FL	-7125	-7125	87	67	0	49	44	55	22	168	2	37765000	6075	4775	148	1925	4244	4632	2536	13292	512	
FL	-7150	-7150	85	67	0	48	44	55	22	169	2	37765000	6075	4775	148	1925	4244	4632	2536	13292	512	
FL	-7175	-7175	85	68	0	47	42	55	22	169	2	37765000	6075	4775	148	1925	4244	4632	2536	13292	512	
FL	-7200	-7200	84	68	0	46	42	55	22	169	2	37765000	6075	4775	148	1925	4244	4632	2536	13292	512	
FL	-7225	-7225	84	68	0	46	41	56	22	169	2	37765000	6075	4775	148	1925	4244	4632	2536	13292	512	
FL	-7250	-7250	84	68	0	46	41	57	22	170	2	37765000	6075	4775	148	1925	4244	4632	2536	13292	512	
FL	-7275	-7275	84	68	0	44	41	57	22	170	2	37765000	6075	4775	148	1925	4244	4632	2536	13292	512	
FL	-7300	-7300	84	67	0	44	41	57	22	171	2	37765000	6075	4775	148	1925	4244	4632	2536	13292	512	
FL	-7325	-7325	84	67	0	43	41	57	22	171	2	37765000	6075	4775	148	1925	4244	4632	2536	13292	512	
FL	-7350	-7350	84	67	0	42	41	58	22	169	2	37765000	6075	4775	148	1925	4244	4632	2536	13292	512	
FL	-7375	-7375	84	68	0	42	41	58	22	169	2	37765000	6075	4775	148	1925	4244	4632	2536	13292	512	
FL	-7400	-7400	83	69	0	42	40	59	22	167	2	37765000	6075	4775	148	1925	4244	4632	2536	13292	512	
FL	-7425	-7425	82	69	0	42	40	59	22	166	2	37765000	6075	4775	148	1925	4244	4632	2536	13292	512	
FL	-7450	-7450	83	69	0	41	40	60	22	166	2	37765000	6075	4775	148	1925	4244	4632	2536	13292	512	
FL	-7475	-7475	81	70	0	41	40	60	22	165	2	37765000	6075	4775	148	1925	4244	4632	2536	13292	512	
FL	-7500	-7500	80	70	0	41	40	60	22	164	2	37765000	6075	4775	148	1925	4244	4632	2536	13292	512	
FL	-7525	-7525	81	70	0	41	40	60	23	167	2	37765000	6075	4775	148	1925	4244	4632	2536	13292	512	
FL	-7550	-7550	80	68	0	41	39	60	23	168	2	37765000	6075	4775	148	1925	4244	4632	2536	13292	512	
FL	-7575	-7575	78	69	0	42	39	61	23	168	2	37765000	6075	4775	148	1925	4244	4632	2536	13292	512	
FL	-7600	-7600	79	69	0	42	39	61	23	167	1	37765000	6075	4775	148	1925	4244	4632	2536	13292	512	
FL	-7625	-7625	80	69	0	42	39	60	23	167	1	37765000	6075	4775	148	1925	4244	4632	2536	13292	512	
FL	-7650	-7650	79	70	0	42	40	60	23	166	1	37765000	6075	4775	148	1925	4244	4632	2536	13292	512	
FL	-7675	-7675	79	69	0	43	40	60	23	165	1	37765000	6075	4775	148	1925	4244	4632	2536	13292	512	
FL	-7700	-7700	79	70	0	43	41	60	24	165	1	37765000	6075	4775	148	1925	4244	4632	2536	13292	512	
FL	-7725	-7725	78	69	0	44	41	59	24	163	1	37765000	6075	4775	148	1925	4244	4632	2536	13292	512	
FL	-7750	-7750	79	69	1	44	39	58	24	162	1	37765000	6075	4775	148	1925	4244	4632	2536	13292	512	
FL	-7775	-7775	80	70	1	44	40	58	24	161	1	37765000	6075	4775	148	1925	4244	4632	2536	13292	512	
FL	-7800	-7800	80	70	1	44	41	57	24	162	1	37765000	6075	4775	148	1925	4244	4632	2536	13292	512	
FL	-7825	-7825	80	69	1	44	41	58	24	161	1	37765000	6075	4775	148	1925	4244	4632	2536	13292	512	
FL	-7850	-7850	79	70	1	44	41	59	24	162	1	37765000	6075	4775	148	1925	4244	4632	2536	13292	512	
FL	-7875	-7875	78	70	1	45	41	58	24	163	1	37765000	6075	4775	148	1925	4244	4632	2536	13292	512	
FL	-7900	-7900	77	69	1	45	41	59	23	162	1	37765000	6075	4775	148	1925	4244	4632	2536	13292	512	
FL	-7925	-7925	76	69	1	45	41	59	23	163	1	37765000	6075	4775	148	1925	4244	4632	2536	13292	512	
FL	-7950	-7950	75	68	1	45	41	58	24	165	1	37765000	6075	4775	148	1925	4244	4632	2536	13292	512	
FL	-7975	-7975	75	68	1	45	40	58	24	165	1	37765000	6075	4775	148	1925	4244	4632	2536	13292	512	
FL	-8000	-8000	74	68	1	46	40	59	25	164	1	37765000	6075	4775	148	1925	4244	4632	2536	13292	512	
FL	-8025	-8025	73	67	1	46	40	59	25	165	1	37765000	6075	4775	148	1925	4244	4632	2536	13292	512	
FL	-8050	-8050	72	68	1	46	40	59	25	168	1	37765000	6075	4775	148	1925	4244	4632	2536	13292	512	
FL	-8075	-8075	73	68	1	45	40	58	25	168	1	37765000	6075	4775	148	1925	4244	4632	2536	13292	512	
FL	-8100	-8100	74	68	1	45	39	58	25	168	1	37765000	6075	4775	148	1925	4244	4632	2536	13292	512	
FL	-8125	-8125	74	68	1	43	39	58	25	167	2	37765000	6075	4775	148	1925	4244	4632	2536	13292	512	
FL	-8150	-8150	73	69	1	43	39	58	25	168	3	37765000	6075	4775	148	1925	4244	4632	2536	13292	512	
FL	-8175	-8175	73	69	1	43	39	57	25	168	3	37765000	6075	4775	148	1925	4244	4632	2536	13292	512	
FL	-8200	-8200	73	71	1	43	40	58	25	169	3	37765000	6075	4775	148	1925	4244	4632	2536	13292	512	
FL	-8225	-8225	73	72	1	43	41	59	25	167	3	37765000	6075	4775	148	1925	4244	4632	2536	13292	512	
FL	-8250	-8250	73	71	1	43	41	60	25	169	3	37765000	6075	4775	148	1925	4244	4632	2536	13292	512	
FL	-8275	-8275	73	71	1	42	42	60	25	168	3	37765000	6075	4775	148	1925	4244	4632	2536	13292	512	
FL	-8300	-8300	73	71	1	42	42	60	25	169	3	37765000	6075	4775	148	1925	4244	4632	2536	13292	512	
FL	-8325	-8325	74	71	1	42	42	61	25	169	3	37765000	6075	4775	148	1925	4244	4632	2536	13292	512	
FL	-8350	-8350	74	70	1	42	41	61	25	170	3	37765000	6075	4775	148	1925	4244	4632	2536	13292	512	
FL	-8375	-8375	75	71	1	42	41	62	25	170	3	37765000	6075	4775	148	1925	4244	4632	2536	13292	512	
FL	-8400	-8400	74	72	1	42	41	62	25	170	3	37765000	6075	4775	148	1925	4244	4632	2536	13292	512	
FL	-8425	-8425	74	71	1	42	41	62	25	170	3	37765000	6075	4775	148	1925	4244	4632	2536	13292	512	
FL	-8450	-8450	74	70	1	42	42	61	25	170	3	37765000	6075	4775	148	1925	4244	4632	2536	13292	512	
FL	-8475	-8475	74	70	1	43	43	62	25	169	3	37765000	6075	4775	148	1925	4244	4632	2536	13292	512	
FL	-8500	-8500	74	70	1	42	43	62	25	169	3	37765000	6075	4775	148	1925	4244	4632	2536	13292	512	
FL	-8525	-8525	75	70	1	41	43	63	25	170	3	37765000	6075	4775	148	1925	4244	4632	2536	13292	512	
FL	-8550	-8550	75	70	1	41	42	63	25	171	3	37765000	6075	4775	148	1925	4244	4632	2536	13292	512	
FL	-8575	-8575	74	70	1	41	43	63	26	171	3	37765000	6075	4775	148	1925	4244	4632	2536	13292	512	
FL	-8600	-8600	73	69	1	41	43	65	27	168	3	37765000	6075	4775	148	1925	4244	4632	2536	13292	512	
FL	-8625	-8625	73	68	1	40	43	65	27	167	3	37765000	6075	4775	148	1925	4244	4632	2536	13292	512	
FL	-8650	-8650	73	68	1	39	43	66	27	166	3	37765000	6075	4775	148	1925	4244	4632	2536	13292	512	
FL	-8675	-8675	73	68	1	40	43	66	26	165	3	37765000	6075	4775	148	1925	4244	4632	2536	13292	512	
FL	-8700	-8700	73	68	1	40	43	67	27	166	3	37765000	6075	4775	148	1925	4244	4632	2536	13292	512	
FL	-8725	-8725	74	68	1	39	43	67	27	167	3	37765000	6075	4775	148	1925	4244	4632	2536	13292	512	
FL	-8750	-8750	75	68	1	39	44	68	27	168	3	37765000	6075	4775	148	1925	4244	4632	2536	13292	512	
FL	-8775	-8775	76	68	1	40	44	68	27	167	3	37765000	6075	4775	148	1925	4244	4632	2536	13292	512	
FL	-8800	-8800	76	69	1	39	44	68	27	166	3	37765000	6075	4775	148	1925	4244	4632	2536	13292	512	
FL	-8825	-8825	77	69	1	39	44	67	27	165	3	37765000	6075	4775	148	1925	4244	4632	2536	13292	512	
FL	-8850	-8850	77	69	1	39	44	67	27	164	3	37765000	6075	4775	148	1925	4244	4632	2536	13292	512	
FL	-8875	-8875	77	68	1	39	44	67	27	164	3	37765000	6075	4775	148	1925	4244	4632	2536	13292	512	
FL	-8900	-8900	77	68	1	39	44	67	27	164	3	37765000	6075	4775	148	1925	4244	4632	2536	13292	512	
FL	-8925	-8925	77	68	1	39	44	68	27	165	3	37765000	6075	4775	148	1925	4244	4632	2536	13292	512	
FL	-8950	-8950	77	68	1	40	43	69	26	163	4	37765000	6075	4775	148	1925	4244	4632	2536	13292	512	
FL	-8975	-8975	77	68	1	41	43	69	24	164	4	37765000	6075	4775	148	1925	4244	4632	2536	13292	512	
FL	-9000	-9000	77	68	1	41	42	70	24	164	4	37765000	6075	4775	148	1925	4244	4632	2536	13292	512	
FL	-9025	-9025	75	68	1	41	42	70	24	165	4	37765000	6075	4775	148	1925	4244	4632	2536	13292	512	
FL	-9050	-9050	75	68	1	40	42	69	24	164	4	37765000	6075	4775	148	1925	4244	4632	2536	13292	512	
FL	-9075	-9075	74	67	1	40	42	69	23	164	4	37765000	6075	4775	148	1925	4244	4632	2536	13292	512	
FL	-9100	-9100	74	67	1	40	42	67	23	164	4	37765000	6075	4775	148	1925	4244	4632	2536	13292	512	
FL	-9125	-9125	74	68	1	40	42	64	23	164	4	37765000	6075	4775	148	1925	4244	4632	2536	13292	512	
FL	-9150	-9150	72	68	1	40	42	64	23	165	4	37765000	6075	4775	148	1925	4244	4632	2536	13292	512	
FL	-9175	-9175	71	68	1	40	42	61	22	165	4	37765000	6075	4775	148	1925	4244	4632	2536	13292	512	
FL	-9200	-9200	71	68	1	40	42	61	22	166	4	37765000	6075	4775	148	1925	4244	4632	2536	13292	512	
FL	-9225	-9225	68	68	1	40	44	61	21	165	4	37765000	6075	4775	148	1925	4244	4632	2536	13292	512	
FL	-9250	-9250	68	69	1	40	46	62	21	165	4	37765000	6075	4775	148	1925	4244	4632	2536	13292	512	
FL	-9275	-9275	68	70	1	39	46	62	21	165	4	37765000	6075	4775	148	1925	4244	4632	2536	13292	512	
FL	-9300	-9300	67	69	1	38	46	63	20	165	4	37765000	6075	4775	148	1925	4244	4632	2536	13292	512	
FL	-9325	-9325	67	69	1	38	46	63	20	167	4	37765000	6075	4775	148	1925	4244	4632	2536	13292	512	
FL	-9350	-9350	64	70	1	37	46	63	20	164	4	37765000	6075	4775	148	1925	4244	4632	2536	13292	512	
FL	-9375	-9375	63	69	1	37	46	65	19	165	4	37765000	6075	4775	148	1925	4244	4632	2536	13292	512	
FL	-9400	-9400	62	69	1	37	46	65	21	163	4	37765000	6075	4775	148	1925	4244	4632	2536	13292	512	
FL	-9425	-9425	62	70	1	37	49	65	22	163	4	37765000	6075	4775	148	1925	4244	4632	2536	13292	512	
FL	-9450	-9450	61	68	1	37	49	64	23	163	4	37765000	6075	4775	148	1925	4244	4632	2536	13292	512	
FL	-9475	-9475	62	68	1	37	50	64	23	161	4	37765000	6075	4775	148	1925	4244	4632	2536	13292	512	
FL	-9500	-9500	61	67	1	37	50	64	23	160	4	37765000	6075	4775	148	1925	4244	4632	2536	13292	512	
FL	-9525	-9525	62	67	1	36	50	64	22	159	4	37765000	6075	4775	148	1925	4244	4632	2536	13292	512	
FL	-9550	-9550	65	66	1	36	50	64	22	161	4	37765000	6075	4775	148	1925	4244	4632	2536	13292	512	
FL	-9575	-9575	66	67	1	36	51	64	23	161	4	37765000	6075	4775	148	1925	4244	4632	2536	13292	512	
FL	-9600	-9600	66	67	1	37	51	63	24	158	4	37765000	6075	4775	148	1925	4244	4632	2536	13292	512	
FL	-9625	-9625	65	67	1	37	50	63	24	158	4	37765000	6075	4775	148	1925	4244	4632	2536	13292	512	
FL	-9650	-9650	65	68	1	37	50	63	24	158	4	37765000	6075	4775	148	1925	4244	4632	2536	13292	512	
FL	-9675	-9675	65	68	1	37	52	63	24	158	4	37765000	6075	4775	148	1925	4244	4632	2536	13292	512	
FL	-9700	-9700	64	68	1	37	53	64	24	157	4	37765000	6075	4775	148	1925	4244	4632	2536	13292	512	
FL	-9725	-9725	65	68	1	37	53	63	24	157	4	37765000	6075	4775	148	1925	4244	4632	2536	13292	512	
FL	-9750	-9750	65	68	1	38	52	63	24	155	4	37765000	6075	4775	148	1925	4244	4632	2536	13292	512	
FL	-9775	-9775	66	68	1	38	53	63	24	155	4	37765000	6075	4775	148	1925	4244	4632	2536	13292	512	
FL	-9800	-9800	66	68	1	39	54	63	24	155	4	37765000	6075	4775	148	1925	4244	4632	2536	13292	512	
FL	-9825	-9825	65	68	1	39	54	65	25	153	4	37765000	6075	4775	148	1925	4244	4632	2536	13292	512	
FL	-9850	-9850	65	67	1	39	55	66	26	153	4	37765000	6075	4775	148	1925	4244	4632	2536	13292	512	
FL	-9875	-9875	66	67	1	39	52	66	26	153	4	37765000	6075	4775	148	1925	4244	4632	2536	13292	512	
FL	-9900	-9900	66	68	1	39	52	67	26	155	4	37765000	6075	4775	148	1925	4244	4632	2536	13292	512	
FL	-9925	-9925	66	68	1	38	52	67	26	155	4	37765000	6075	4775	148	1925	4244	4632	2536	13292	512	
FL	-9950	-9950	66	68	1	38	53	68	26	154	4	37765000	6075	4775	148	1925	4244	4632	2536	13292	512	
FL	-9975	-9975	66	68	1	38	52	68	26	153	4	37765000	6075	4775	148	1925	4244	4632	2536	13292	512	
FL	-10000	-10000	66	68	1	38	50	67	26	154	4	37765000	6075	4775	148	1925	4244	4632	2536	13292	512	
FL	-10025	-10025	67	68	1	38	50	67	26	155	4	37765000	6075	4775	148	1925	4244	4632	2536	13292	512	
FL	-10050	-10050	67	68	1	38	50	67	25	152	4	37765000	6075	4775	148	1925	4244	4632	2536	13292	512	
FL	-10075	-10075	67	67	1	37	50	68	25	150	4	37765000	6075	4775	148	1925	4244	4632	2536	13292	512	
FL	-10100	-10100	66	67	1	37	50	68	25	152	4	37765000	6075	4775	148	1925	4244	4632	2536	13292	512	
FL	-10125	-10125	65	66	1	37	50	68	24	152	4	37765000	6075	4775	148	1925	4244	4632	2536	13292	512	
FL	-10150	-10150	68	65	1	37	50	68	24	153	4	37765000	6075	4775	148	1925	4244	4632	2536	13292	512	
FL	-10175	-10175	68	65	1	37	49	68	24	154	4	37765000	6075	4775	148	1925	4244	4632	2536	13292	512	
FL	-10200	-10200	70	65	1	35	49	68	24	154	4	37765000	6075	4775	148	1925	4244	4632	2536	13292	512	
FL	-10225	-10225	70	64	1	34	50	68	24	154	4	37765000	6075	4775	148	1925	4244	4632	2536	13292	512	
FL	-10250	-10250	69	63	1	32	48	66	24	152	4	37765000	6075	4775	148	1925	4244	4632	2536	13292	512	
FL	-10275	-10275	68	62	1	32	48	66	23	151	4	37765000	6075	4775	148	1925	4244	4632	2536	13292	512	
FL	-10300	-10300	68	60	1	32	48	65	23	152	4	37765000	6075	4775	148	1925	4244	4632	2536	13292	512	
FL	-10325	-10325	68	61	1	32	49	64	23	152	5	37765000	6075	4775	148	1925	4244	4632	2536	13292	512	
FL	-10350	-10350	66	61	1	32	49	66	24	152	5	37765000	6075	4775	148	1925	4244	4632	2536	13292	512	
FL	-10375	-10375	68	60	1	33	50	68	24	150	5	37765000	6075	4775	148	1925	4244	4632	2536	13292	512	
FL	-10400	-10400	68	60	1	33	50	68	24	149	5	37765000	6075	4775	148	1925	4244	4632	2536	13292	512	
FL	-10425	-10425	68	60	1	33	51	68	23	147	5	37765000	6075	4775	148	1925	4244	4632	2536	13292	512	
FL	-10450	-10450	67	60	1	33	51	67	23	146	5	37765000	6075	4775	148	1925	4244	4632	2536	13292	512	
FL	-10475	-10475	67	60	1	33	51	66	23	145	5	37765000	6075	4775	148	1925	4244	4632	2536	13292	512	
FL	-10500	-10500	68	59	1	33	51	66	23	145	5	37765000	6075	4775	148	1925	4244	4632	2536	13292	512	
FL	-10525	-10525	67	60	1	31	51	66	23	144	5	37765000	6075	4775	148	1925	4244	4632	2536	13292	512	
FL	-10550	-10550	67	60	1	31	51	67	23	142	5	37765000	6075	4775	148	1925	4244	4632	2536	13292	512	
FL	-10575	-10575	68	60	1	31	51	67	23	141	5	37765000	6075	4775	148	1925	4244	4632	2536	13292	512	
FL	-10600	-10600	68	58	1	31	50	67	23	139	5	37765000	6075	4775	148	1925	4244	4632	2536	13292	512	
FL	-10625	-10625	69	59	1	31	50	67	23	139	5	37765000	6075	4775	148	1925	4244	4632	2536	13292	512	
FL	-10650	-10650	69	59	1	31	50	66	22	138	5	37765000	6075	4775	148	1925	4244	4632	2536	13292	512	
FL	-10675	-10675	69	59	1	31	49	66	22	139	5	37765000	6075	4775	148	1925	4244	4632	2536	13292	512	
FL	-10700	-10700	69	60	1	31	48	65	22	139	5	37765000	6075	4775	148	1925	4244	4632	2536	13292	512	
FL	-10725	-10725	68	60	1	33	48	65	22	136	5	37765000	6075	4775	148	1925	4244	4632	2536	13292	512	
FL	-10750	-10750	67	59	1	33	48	65	22	135	5	37765000	6075	4775	148	1925	4244	4632	2536	13292	512	
FL	-10775	-10775	66	60	1	32	48	65	22	134	5	37765000	6075	4775	148	1925	4244	4632	2536	13292	512	
FL	-10800	-10800	66	58	1	32	48	65	22	134	5	37765000	6075	4775	148	1925	4244	4632	2536	13292	512	
FL	-10825	-10825	66	58	1	32	49	65	23	136	4	37765000	6075	4775	148	1925	4244	4632	2536	13292	512	
FL	-10850	-10850	67	59	1	32	49	66	23	139	4	37765000	6075	4775	148	1925	4244	4632	2536	13292	512	
FL	-10875	-10875	66	59	1	30	50	66	23	139	4	37765000	6075	4775	148	1925	4244	4632	2536	13292	512	
FL	-10900	-10900	64	58	1	30	50	66	24	140	4	37765000	6075	4775	148	1925	4244	4632	2536	13292	512	
FL	-10925	-10925	63	58	1	29	50	66	26	140	4	37765000	6075	4775	148	1925	4244	4632	2536	13292	512	
FL	-10950	-10950	63	58	1	28	51	66	26	140	4	37765000	6075	4775	148	1925	4244	4632	2536	13292	512	
FL	-10975	-10975	63	58	1	27	51	66	26	141	4	37765000	6075	4775	148	1925	4244	4632	2536	13292	512	
FL	-11000	-11000	64	58	1	27	51	65	26	142	4	37765000	6075	4775	148	1925	4244	4632	2536	13292	512	
FL	-11025	-11025	62	57	1	28	52	66	26	140	5	37765000	6075	4775	148	1925	4244	4632	2536	13292	512	
FL	-11050	-11050	62	57	1	27	51	66	26	141	5	37765000	6075	4775	148	1925	4244	4632	2536	13292	512	
FL	-11075	-11075	61	56	1	27	51	64	26	144	5	37765000	6075	4775	148	1925	4244	4632	2536	13292	512	
FL	-11100	-11100	62	56	1	27	51	63	26	144	5	37765000	6075	4775	148	1925	4244	4632	2536	13292	512	
FL	-11125	-11125	63	56	1	26	51	61	26	145	5	37765000	6075	4775	148	1925	4244	4632	2536	13292	512	
FL	-11150	-11150	62	56	1	26	51	61	26	146	5	37765000	6075	4775	148	1925	4244	4632	2536	13292	512	
FL	-11175	-11175	63	55	1	26	51	61	26	147	5	37765000	6075	4775	148	1925	4244	4632	2536	13292	512	
FL	-11200	-11200	62	55	1	25	52	62	26	148	5	37765000	6075	4775	148	1925	4244	4632	2536	13292	512	
FL	-11225	-11225	62	55	1	25	52	63	26	148	5	37765000	6075	4775	148	1925	4244	4632	2536	13292	512	
FL	-11250	-11250	62	55	1	25	52	64	26	150	5	37765000	6075	4775	148	1925	4244	4632	2536	13292	512	
FL	-11275	-11275	62	54	1	25	52	65	26	150	5	37765000	6075	4775	148	1925	4244	4632	2536	13292	512	
FL	-11300	-11300	62	54	1	25	52	66	26	150	5	37765000	6075	4775	148	1925	4244	4632	2536	13292	512	
FL	-11325	-11325	62	54	1	25	51	67	26	150	5	37765000	6075	4775	148	1925	4244	4632	2536	13292	512	
FL	-11350	-11350	62	54	1	25	51	68	26	152	5	37765000	6075	4775	148	1925	4244	4632	2536	13292	512	
FL	-11375	-11375	61	54	1	25	51	68	26	151	5	37765000	6075	4775	148	1925	4244	4632	2536	13292	512	
FL	-11400	-11400	60	55	1	25	49	68	26	148	5	37765000	6075	4775	148	1925	4244	4632	2536	13292	512	
FL	-11425	-11425	60	55	1	25	49	69	26	147	5	37765000	6075	4775	148	1925	4244	4632	2536	13292	512	
FL	-11450	-11450	61	56	1	25	49	69	26	146	5	37765000	6075	4775	148	1925	4244	4632	2536	13292	512	
FL	-11475	-11475	61	56	1	24	50	68	26	145	5	37765000	6075	4775	148	1925	4244	4632	2536	13292	512	
FL	-11500	-11500	61	55	1	24	51	68	26	146	5	37765000	6075	4775	148	1925	4244	4632	2536	13292	512	
FL	-11525	-11525	61	53	1	25	52	69	26	146	5	37765000	6075	4775	148	1925	4244	4632	2536	13292	512	
FL	-11550	-11550	59	53	1	25	52	69	26	148	5	37765000	6075	4775	148	1925	4244	4632	2536	13292	512	
FL	-11575	-11575	59	54	1	26	52	70	26	147	5	37765000	6075	4775	148	1925	4244	4632	2536	13292	512	
FL	-11600	-11600	59	54	1	25	52	70	26	146	5	37765000	6075	4775	148	1925	4244	4632	2536	13292	512	
FL	-11625	-11625	59	54	1	23	52	71	26	146	5	37765000	6075	4775	148	1925	4244	4632	2536	13292	512	
FL	-11650	-11650	59	55	1	24	52	73	25	147	6	37765000	6075	4775	148	1925	4244	4632	2536	13292	512	
FL	-11675	-11675	59	54	1	25	52	73	25	147	6	37765000	6075	4775	148	1925	4244	4632	2536	13292	512	
FL	-11700	-11700	57	54	1	25	51	74	25	149	6	37765000	6075	4775	148	1925	4244	4632	2536	13292	512	
FL	-11725	-11725	58	54	1	25	51	72	25	149	6	37765000	6075	4775	148	1925	4244	4632	2536	13292	512	
FL	-11750	-11750	59	55	1	25	52	71	25	145	6	37765000	6075	4775	148	1925	4244	4632	2536	13292	512	
FL	-11775	-11775	60	55	1	25	51	72	25	145	6	37765000	6075	4775	148	1925	4244	4632	2536	13292	512	
FL	-11800	-11800	59	57	1	24	51	71	25	145	6	37765000	6075	4775	148	1925	4244	4632	2536	13292	512	
FL	-11825	-11825	61	58	1	24	50	71	25	145	6	37765000	6075	4775	148	1925	4244	4632	2536	13292	512	
FL	-11850	-11850	62	58	1	24	49	71	25	146	6	37765000	6075	4775	148	1925	4244	4632	2536	13292	512	
FL	-11875	-11875	62	57	1	24	49	70	25	147	6	37765000	6075	4775	148	1925	4244	4632	2536	13292	512	
FL	-11900	-11900	63	58	1	24	49	69	25	146	6	37765000	6075	4775	148	1925	4244	4632	2536	13292	512	
FL	-11925	-11925	63	59	1	24	49	69	25	145	6	37765000	6075	4775	148	1925	4244	4632	2536	13292	512	
FL	-11950	-11950	62	57	1	24	48	69	25	145	6	37765000	6075	4775	148	1925	4244	4632	2536	13292	512	
FL	-11975	-11975	61	57	1	25	49	69	25	145	6	37765000	6075	4775	148	1925	4244	4632	2536	13292	512	
FL	-12000	-12000	60	57	1	25	49	67	25	143	6	37765000	6075	4775	148	1925	4244	4632	2536	13292	512	
FL	-12025	-12025	60	59	1	25	49	67	25	143	6	37765000	6075	4775	148	1925	4244	4632	2536	13292	512	
FL	-12050	-12050	61	58	1	25	49	68	25	144	6	37765000	6075	4775	148	1925	4244	4632	2536	13292	512	
FL	-12075	-12075	64	58	1	25	49	68	25	144	6	37765000	6075	4775	148	1925	4244	4632	2536	13292	512	
FL	-12100	-12100	64	58	1	25	49	68	26	144	6	37765000	6075	4775	148	1925	4244	4632	2536	13292	512	
FL	-12125	-12125	64	57	1	25	49	65	26	142	6	37765000	6075	4775	148	1925	4244	4632	2536	13292	512	
FL	-12150	-12150	63	58	1	24	48	65	26	141	6	37765000	6075	4775	148	1925	4244	4632	2536	13292	512	
FL	-12175	-12175	63	57	1	24	48	65	26	142	6	37765000	6075	4775	148	1925	4244	4632	2536	13292	512	
FL	-12200	-12200	66	57	1	24	48	65	26	141	6	37765000	6075	4775	148	1925	4244	4632	2536	13292	512	
FL	-12225	-12225	66	57	1	24	48	64	27	142	6	37765000	6075	4775	148	1925	4244	4632	2536	13292	512	
FL	-12250	-12250	67	57	1	24	48	63	28	141	6	37765000	6075	4775	148	1925	4244	4632	2536	13292	512	
FL	-12275	-12275	68	56	1	24	48	63	28	140	6	37765000	6075	4775	148	1925	4244	4632	2536	13292	512	
FL	-12300	-12300	68	57	1	24	49	63	28	138	6	37765000	6075	4775	148	1925	4244	4632	2536	13292	512	
FL	-12325	-12325	68	59	2	24	49	63	28	137	6	37765000	6075	4775	148	1925	4244	4632	2536	13292	512	
FL	-12350	-12350	69	59	2	24	49	62	28	139	6	37765000	6075	4775	148	1925	4244	4632	2536	13292	512	
FL	-12375	-12375	69	58	2	24	50	62	28	139	6	37765000	6075	4775	148	1925	4244	4632	2536	13292	512	
FL	-12400	-12400	69	56	2	25	51	61	29	141	6	37765000	6075	4775	148	1925	4244	4632	2536	13292	512	
FL	-12425	-12425	69	57	2	25	51	60	29	141	6	37765000	6075	4775	148	1925	4244	4632	2536	13292	512	
FL	-12450	-12450	69	57	2	25	51	59	30	140	6	37765000	6075	4775	148	1925	4244	4632	2536	13292	512	
FL	-12475	-12475	69	56	2	26	51	59	31	140	6	37765000	6075	4775	148	1925	4244	4632	2536	13292	512	
FL	-12500	-12500	69	56	2	26	51	59	31	140	6	37765000	6075	4775	148	1925	4244	4632	2536	13292	512	
