FL	0	0	155	153	3	310	114	59	55	463	11	65994330	6075	4775	148	1925	4244	4632	2536	13292	512	
FL	200	200	158	154	3	312	112	62	57	458	12	65601500	6075	4775	148	1925	4244	4632	2536	13292	512	
FL	400	400	164	147	3	313	108	74	54	464	12	64486926	6075	4775	148	1925	4244	4632	2536	13292	512	
FL	600	600	169	143	5	310	102	80	55	450	13	63150860	6075	4775	148	1925	4244	4632	2536	13292	512	
FL	800	800	170	144	6	296	100	76	57	442	12	61777596	6075	4775	148	1925	4244	4632	2536	13292	512	
FL	1000	1000	166	131	7	286	100	75	51	421	12	60426729	6075	4775	148	1925	4244	4632	2536	13292	512	
FL	1200	1200	165	118	7	273	96	80	51	405	10	59108061	6075	4775	148	1925	4244	4632	2536	13292	512	
FL	1400	1400	162	113	7	269	92	81	50	393	11	57835519	6075	4775	148	1925	4244	4632	2536	13292	512	
FL	1600	1600	161	115	7	272	86	85	50	385	9	56619099	6075	4775	148	1925	4244	4632	2536	13292	512	
FL	1800	1800	166	111	5	270	82	85	48	377	5	55459891	6075	4775	148	1925	4244	4632	2536	13292	512	
FL	2000	2000	163	106	4	266	73	88	47	378	5	54349944	6075	4775	148	1925	4244	4632	2536	13292	512	
FL	2200	2200	158	95	4	259	70	84	50	374	5	53290887	6075	4775	148	1925	4244	4632	2536	13292	512	
FL	2400	2400	156	94	4	250	66	80	51	377	2	52271752	6075	4775	148	1925	4244	4632	2536	13292	512	
FL	2600	2600	152	89	3	245	64	79	50	372	2	51294135	6075	4775	148	1925	4244	4632	2536	13292	512	
FL	2800	2800	158	89	3	242	62	77	46	366	2	50350710	6075	4775	148	1925	4244	4632	2536	13292	512	
FL	3000	3000	159	86	3	238	61	75	43	359	2	49439713	6075	4775	148	1925	4244	4632	2536	13292	512	
FL	3200	3200	160	83	3	233	60	77	48	351	2	48561031	6075	4775	148	1925	4244	4632	2536	13292	512	
FL	3400	3400	157	85	5	229	63	81	51	351	4	47709221	6075	4775	148	1925	4244	4632	2536	13292	512	
FL	3600	3600	153	90	6	225	61	79	44	347	4	46884623	6075	4775	148	1925	4244	4632	2536	13292	512	
FL	3800	3800	151	88	6	225	60	78	46	338	3	46091083	6075	4775	148	1925	4244	4632	2536	13292	512	
FL	4000	4000	142	89	6	224	62	75	46	328	3	45331308	6075	4775	148	1925	4244	4632	2536	13292	512	
FL	4200	4200	137	85	4	221	60	78	44	310	4	44599280	6075	4775	148	1925	4244	4632	2536	13292	512	
FL	4400	4400	138	84	4	218	61	77	43	299	4	43889352	6075	4775	148	1925	4244	4632	2536	13292	512	
FL	4600	4600	143	84	4	215	58	80	44	290	5	43208674	6075	4775	148	1925	4244	4632	2536	13292	512	
FL	4800	4800	152	86	3	214	52	77	41	284	6	42553210	6075	4775	148	1925	4244	4632	2536	13292	512	
FL	5000	5000	149	79	2	212	48	77	42	279	5	41915986	6075	4775	148	1925	4244	4632	2536	13292	512	
FL	5200	5200	145	78	2	204	48	78	44	269	5	41291201	6075	4775	148	1925	4244	4632	2536	13292	512	
FL	5400	5400	143	75	3	202	45	79	41	276	4	40682128	6075	4775	148	1925	4244	4632	2536	13292	512	
FL	5600	5600	141	73	3	198	46	76	37	270	3	40091137	6075	4775	148	1925	4244	4632	2536	13292	512	
FL	5800	5800	130	71	3	195	44	74	37	262	3	39519888	6075	4775	148	1925	4244	4632	2536	13292	512	
FL	6000	6000	128	73	3	189	46	75	36	258	4	38960999	6075	4775	148	1925	4244	4632	2536	13292	512	
FL	6200	6200	121	69	3	185	47	71	37	248	6	38418924	6075	4775	148	1925	4244	4632	2536	13292	512	
FL	6400	6400	120	67	3	181	47	73	36	241	5	37894458	6075	4775	148	1925	4244	4632	2536	13292	512	
FL	6600	6600	118	72	4	180	44	76	36	230	5	37384540	6075	4775	148	1925	4244	4632	2536	13292	512	
FL	6800	6800	118	73	4	175	43	75	33	226	5	36890560	6075	4775	148	1925	4244	4632	2536	13292	512	
FL	7000	7000	118	76	4	173	45	75	37	228	5	36412064	6075	4775	148	1925	4244	4632	2536	13292	512	
FL	7200	7200	121	77	5	171	44	71	35	224	6	35944647	6075	4775	148	1925	4244	4632	2536	13292	512	
FL	7400	7400	119	75	5	170	42	74	32	228	6	35491598	6075	4775	148	1925	4244	4632	2536	13292	512	
FL	7600	7600	118	72	5	170	40	73	33	229	6	35050622	6075	4775	148	1925	4244	4632	2536	13292	512	
FL	7800	7800	118	70	5	165	40	70	29	230	6	34621713	6075	4775	148	1925	4244	4632	2536	13292	512	
FL	8000	8000	119	67	5	156	39	71	30	229	6	34203203	6075	4775	148	1925	4244	4632	2536	13292	512	
FL	8200	8200	118	69	4	156	36	77	32	223	5	33795312	6075	4775	148	1925	4244	4632	2536	13292	512	
FL	8400	8400	119	69	3	154	35	73	30	215	4	33395441	6075	4775	148	1925	4244	4632	2536	13292	512	
FL	8600	8600	118	66	1	153	35	74	28	199	4	33005204	6075	4775	148	1925	4244	4632	2536	13292	512	
FL	8800	8800	112	72	1	146	33	74	26	198	5	32623514	6075	4775	148	1925	4244	4632	2536	13292	512	
FL	9000	9000	108	70	1	148	31	77	26	191	4	32247968	6075	4775	148	1925	4244	4632	2536	13292	512	
FL	9200	9200	104	68	1	144	33	74	26	187	4	31879967	6075	4775	148	1925	4244	4632	2536	13292	512	
FL	9400	9400	105	72	1	141	34	71	26	185	5	31519781	6075	4775	148	1925	4244	4632	2536	13292	512	
FL	9600	9600	99	70	1	130	33	70	25	176	5	31167890	6075	4775	148	1925	4244	4632	2536	13292	512	
FL	9800	9800	96	71	1	124	31	70	25	171	4	30822909	6075	4775	148	1925	4244	4632	2536	13292	512	
FL	10000	10000	98	68	0	117	31	68	26	169	4	30483270	6075	4775	148	1925	4244	4632	2536	13292	512	
FL	10200	10200	103	70	0	118	28	65	27	168	4	30155241	6075	4775	148	1925	4244	4632	2536	13292	512	
FL	10400	10400	106	64	0	118	29	68	27	170	4	29836279	6075	4775	148	1925	4244	4632	2536	13292	512	
FL	10600	10600	104	61	0	111	27	67	30	174	4	29525511	6075	4775	148	1925	4244	4632	2536	13292	512	
FL	10800	10800	97	59	0	111	26	57	29	163	4	29224102	6075	4775	148	1925	4244	4632	2536	13292	512	
FL	11000	11000	95	61	0	107	24	62	26	163	4	28927452	6075	4775	148	1925	4244	4632	2536	13292	512	
FL	11200	11200	95	60	0	99	23	63	26	163	5	28636344	6075	4775	148	1925	4244	4632	2536	13292	512	
FL	11400	11400	95	58	0	92	22	67	26	161	5	28356555	6075	4775	148	1925	4244	4632	2536	13292	512	
FL	11600	11600	94	57	1	90	23	69	21	161	5	28086177	6075	4775	148	1925	4244	4632	2536	13292	512	
FL	11800	11800	96	56	3	86	21	65	17	165	5	27821575	6075	4775	148	1925	4244	4632	2536	13292	512	
FL	12000	12000	95	51	3	80	18	64	16	156	3	27559948	6075	4775	148	1925	4244	4632	2536	13292	512	
FL	12200	12200	97	46	3	79	21	62	15	146	3	27299960	6075	4775	148	1925	4244	4632	2536	13292	512	
FL	12400	12400	96	46	3	77	25	61	15	155	4	27045506	6075	4775	148	1925	4244	4632	2536	13292	512	
FL	12600	12600	87	46	3	77	25	60	16	154	4	26796150	6075	4775	148	1925	4244	4632	2536	13292	512	
FL	12800	12800	90	43	3	75	25	65	15	146	4	26552063	6075	4775	148	1925	4244	4632	2536	13292	512	
FL	13000	13000	82	41	3	75	25	58	16	140	4	26314337	6075	4775	148	1925	4244	4632	2536	13292	512	
FL	13200	13200	92	42	3	71	27	63	14	133	4	26081061	6075	4775	148	1925	4244	4632	2536	13292	512	
FL	13400	13400	82	37	3	67	29	61	13	118	4	25851462	6075	4775	148	1925	4244	4632	2536	13292	512	
FL	13600	13600	81	39	3	63	27	62	13	118	5	25626344	6075	4775	148	1925	4244	4632	2536	13292	512	
FL	13800	13800	75	41	3	62	24	62	13	113	5	25404099	6075	4775	148	1925	4244	4632	2536	13292	512	
FL	14000	14000	72	42	3	60	19	55	16	113	5	25186033	6075	4775	148	1925	4244	4632	2536	13292	512	
FL	14200	14200	68	43	1	60	18	50	16	111	2	24971091	6075	4775	148	1925	4244	4632	2536	13292	512	
FL	14400	14400	70	45	0	60	19	50	22	114	2	24760125	6075	4775	148	1925	4244	4632	2536	13292	512	
FL	14600	14600	71	45	0	61	17	47	23	119	2	24554944	6075	4775	148	1925	4244	4632	2536	13292	512	
FL	14800	14800	70	46	0	60	16	51	23	120	2	24353106	6075	4775	148	1925	4244	4632	2536	13292	512	
FL	15000	15000	70	43	0	59	18	52	24	111	2	24154451	6075	4775	148	1925	4244	4632	2536	13292	512	
FL	15200	15200	68	35	0	59	18	56	22	109	3	23959746	6075	4775	148	1925	4244	4632	2536	13292	512	
FL	15400	15400	69	39	0	57	18	50	23	111	3	23768126	6075	4775	148	1925	4244	4632	2536	13292	512	
FL	15600	15600	70	42	1	58	19	48	26	109	3	23578182	6075	4775	148	1925	4244	4632	2536	13292	512	
FL	15800	15800	73	42	1	58	19	44	27	107	2	23391490	6075	4775	148	1925	4244	4632	2536	13292	512	
FL	16000	16000	69	36	1	57	20	41	26	101	2	23206349	6075	4775	148	1925	4244	4632	2536	13292	512	
FL	16200	16200	73	40	1	58	22	40	28	103	2	23024888	6075	4775	148	1925	4244	4632	2536	13292	512	
FL	16400	16400	74	40	2	55	21	42	26	93	2	22850728	6075	4775	148	1925	4244	4632	2536	13292	512	
FL	16600	16600	79	43	3	51	24	44	24	97	2	22680669	6075	4775	148	1925	4244	4632	2536	13292	512	
FL	16800	16800	84	45	5	49	24	43	24	93	2	22513105	6075	4775	148	1925	4244	4632	2536	13292	512	
FL	17000	17000	86	44	5	46	27	39	21	87	2	22348465	6075	4775	148	1925	4244	4632	2536	13292	512	
FL	17200	17200	83	42	4	45	25	38	23	90	2	22184040	6075	4775	148	1925	4244	4632	2536	13292	512	
FL	17400	17400	78	39	4	42	25	39	27	89	2	22021537	6075	4775	148	1925	4244	4632	2536	13292	512	
FL	17600	17600	76	39	4	38	24	36	26	97	2	21863582	6075	4775	148	1925	4244	4632	2536	13292	512	
FL	17800	17800	68	41	5	38	20	36	30	89	2	21708781	6075	4775	148	1925	4244	4632	2536	13292	512	
FL	18000	18000	71	41	5	38	23	41	29	95	1	21554128	6075	4775	148	1925	4244	4632	2536	13292	512	
FL	18200	18200	68	33	5	36	22	40	28	95	1	21401652	6075	4775	148	1925	4244	4632	2536	13292	512	
FL	18400	18400	64	33	4	36	20	45	27	93	1	21251030	6075	4775	148	1925	4244	4632	2536	13292	512	
FL	18600	18600	67	37	4	36	21	42	27	89	1	21103820	6075	4775	148	1925	4244	4632	2536	13292	512	
FL	18800	18800	67	39	4	37	21	42	26	94	2	20960362	6075	4775	148	1925	4244	4632	2536	13292	512	
FL	19000	19000	66	41	5	37	19	42	28	88	2	20819276	6075	4775	148	1925	4244	4632	2536	13292	512	
FL	19200	19200	65	39	6	39	20	38	29	98	1	20680764	6075	4775	148	1925	4244	4632	2536	13292	512	
FL	19400	19400	54	39	5	40	19	34	28	99	2	20545369	6075	4775	148	1925	4244	4632	2536	13292	512	
FL	19600	19600	56	41	4	41	19	35	27	102	3	20411880	6075	4775	148	1925	4244	4632	2536	13292	512	
FL	19800	19800	58	41	5	40	19	35	25	99	3	20279943	6075	4775	148	1925	4244	4632	2536	13292	512	
FL	20000	20000	64	37	5	39	17	36	21	101	3	20152653	6075	4775	148	1925	4244	4632	2536	13292	512	
FL	20200	20200	67	39	4	39	17	35	21	101	2	20026289	6075	4775	148	1925	4244	4632	2536	13292	512	
FL	20400	20400	65	39	4	39	18	40	24	96	1	19899317	6075	4775	148	1925	4244	4632	2536	13292	512	
FL	20600	20600	65	36	4	35	18	39	25	86	1	19772041	6075	4775	148	1925	4244	4632	2536	13292	512	
FL	20800	20800	68	37	4	35	18	36	26	84	1	19648629	6075	4775	148	1925	4244	4632	2536	13292	512	
FL	21000	21000	63	37	4	35	17	35	25	86	1	19527932	6075	4775	148	1925	4244	4632	2536	13292	512	
FL	21200	21200	61	36	4	35	17	34	28	87	1	19408910	6075	4775	148	1925	4244	4632	2536	13292	512	
FL	21400	21400	59	39	4	35	17	34	26	80	1	19288209	6075	4775	148	1925	4244	4632	2536	13292	512	
FL	21600	21600	58	40	4	35	19	35	25	74	1	19168198	6075	4775	148	1925	4244	4632	2536	13292	512	
FL	21800	21800	60	41	4	37	18	37	22	81	2	19052375	6075	4775	148	1925	4244	4632	2536	13292	512	
FL	22000	22000	57	41	4	38	14	39	21	81	2	18941328	6075	4775	148	1925	4244	4632	2536	13292	512	
FL	22200	22200	55	38	4	37	15	42	22	68	2	18829941	6075	4775	148	1925	4244	4632	2536	13292	512	
FL	22400	22400	55	38	4	37	15	40	21	68	3	18718540	6075	4775	148	1925	4244	4632	2536	13292	512	
FL	22600	22600	54	44	4	36	16	39	21	71	3	18605843	6075	4775	148	1925	4244	4632	2536	13292	512	
FL	22800	22800	51	43	4	35	13	41	20	80	4	18493107	6075	4775	148	1925	4244	4632	2536	13292	512	
FL	23000	23000	53	42	4	32	14	40	20	80	4	18383491	6075	4775	148	1925	4244	4632	2536	13292	512	
FL	23200	23200	50	44	4	32	14	41	19	79	3	18276131	6075	4775	148	1925	4244	4632	2536	13292	512	
FL	23400	23400	51	40	5	33	16	38	19	77	3	18170137	6075	4775	148	1925	4244	4632	2536	13292	512	
FL	23600	23600	47	35	5	33	17	36	18	73	2	18068049	6075	4775	148	1925	4244	4632	2536	13292	512	
FL	23800	23800	46	29	3	32	16	37	19	78	2	17966430	6075	4775	148	1925	4244	4632	2536	13292	512	
FL	24000	24000	46	31	3	32	16	35	19	77	2	17867102	6075	4775	148	1925	4244	4632	2536	13292	512	
FL	24200	24200	45	31	4	32	19	37	15	75	2	17767946	6075	4775	148	1925	4244	4632	2536	13292	512	
FL	24400	24400	46	32	4	34	19	34	13	71	2	17667931	6075	4775	148	1925	4244	4632	2536	13292	512	
FL	24600	24600	47	29	4	34	14	35	12	69	2	17571739	6075	4775	148	1925	4244	4632	2536	13292	512	
FL	24800	24800	45	23	2	33	14	34	13	64	2	17479316	6075	4775	148	1925	4244	4632	2536	13292	512	
FL	25000	25000	41	24	2	32	17	35	14	64	2	17387080	6075	4775	148	1925	4244	4632	2536	13292	512	
FL	25200	25200	45	22	2	32	17	37	16	59	2	17295105	6075	4775	148	1925	4244	4632	2536	13292	512	
FL	25400	25400	44	24	2	32	18	39	16	60	1	17204157	6075	4775	148	1925	4244	4632	2536	13292	512	
FL	25600	25600	40	23	2	27	17	39	19	59	1	17113346	6075	4775	148	1925	4244	4632	2536	13292	512	
FL	25800	25800	49	22	2	27	16	37	19	57	1	17022753	6075	4775	148	1925	4244	4632	2536	13292	512	
FL	26000	26000	49	21	2	27	16	38	19	55	1	16934913	6075	4775	148	1925	4244	4632	2536	13292	512	
FL	26200	26200	49	24	2	28	16	38	19	52	1	16848191	6075	4775	148	1925	4244	4632	2536	13292	512	
FL	26400	26400	51	26	3	30	16	32	19	54	1	16760649	6075	4775	148	1925	4244	4632	2536	13292	512	
FL	26600	26600	51	25	3	26	15	36	19	54	1	16674735	6075	4775	148	1925	4244	4632	2536	13292	512	
FL	26800	26800	51	27	2	22	13	36	19	58	0	16590586	6075	4775	148	1925	4244	4632	2536	13292	512	
FL	27000	27000	49	27	2	24	12	36	21	56	0	16506194	6075	4775	148	1925	4244	4632	2536	13292	512	
FL	27200	27200	44	25	2	26	13	36	21	61	0	16423439	6075	4775	148	1925	4244	4632	2536	13292	512	
FL	27400	27400	44	23	2	26	13	33	23	66	1	16339880	6075	4775	148	1925	4244	4632	2536	13292	512	
FL	27600	27600	45	21	2	25	12	35	24	63	1	16257947	6075	4775	148	1925	4244	4632	2536	13292	512	
FL	27800	27800	45	23	2	24	10	36	24	66	2	16176325	6075	4775	148	1925	4244	4632	2536	13292	512	
FL	28000	28000	46	28	2	23	11	38	25	57	2	16096879	6075	4775	148	1925	4244	4632	2536	13292	512	
FL	28200	28200	46	29	2	24	11	46	20	55	3	16016660	6075	4775	148	1925	4244	4632	2536	13292	512	
FL	28400	28400	44	29	2	23	13	48	20	54	3	15935389	6075	4775	148	1925	4244	4632	2536	13292	512	
FL	28600	28600	46	31	2	23	15	50	18	53	4	15852886	6075	4775	148	1925	4244	4632	2536	13292	512	
FL	28800	28800	45	32	2	22	16	50	18	54	2	15771571	6075	4775	148	1925	4244	4632	2536	13292	512	
FL	29000	29000	50	32	2	22	15	48	23	57	2	15692281	6075	4775	148	1925	4244	4632	2536	13292	512	
FL	29200	29200	49	27	3	21	13	48	25	54	1	15614410	6075	4775	148	1925	4244	4632	2536	13292	512	
FL	29400	29400	48	26	4	19	11	50	24	50	2	15538877	6075	4775	148	1925	4244	4632	2536	13292	512	
FL	29600	29600	48	27	4	18	9	47	24	47	2	15463915	6075	4775	148	1925	4244	4632	2536	13292	512	
FL	29800	29800	47	32	4	18	8	46	23	52	1	15386117	6075	4775	148	1925	4244	4632	2536	13292	512	
FL	30000	30000	47	33	4	16	7	44	22	55	1	15307555	6075	4775	148	1925	4244	4632	2536	13292	512	
FL	30200	30200	41	33	2	15	7	42	22	62	1	15228418	6075	4775	148	1925	4244	4632	2536	13292	512	
FL	30400	30400	39	32	2	16	8	41	17	64	1	15150420	6075	4775	148	1925	4244	4632	2536	13292	512	
FL	30600	30600	43	34	2	16	8	37	17	65	1	15072778	6075	4775	148	1925	4244	4632	2536	13292	512	
FL	30800	30800	42	34	1	16	8	35	19	60	2	14994616	6075	4775	148	1925	4244	4632	2536	13292	512	
FL	31000	31000	41	34	1	16	9	40	18	56	2	14917878	6075	4775	148	1925	4244	4632	2536	13292	512	
FL	31200	31200	41	36	1	17	10	40	18	51	2	14842054	6075	4775	148	1925	4244	4632	2536	13292	512	
FL	31400	31400	40	34	1	18	8	43	18	49	2	14770598	6075	4775	148	1925	4244	4632	2536	13292	512	
FL	31600	31600	37	36	2	17	10	41	14	44	2	14702066	6075	4775	148	1925	4244	4632	2536	13292	512	
FL	31800	31800	37	37	2	19	10	32	14	49	2	14635184	6075	4775	148	1925	4244	4632	2536	13292	512	
FL	32000	32000	38	33	1	18	9	34	15	52	2	14569042	6075	4775	148	1925	4244	4632	2536	13292	512	
FL	32200	32200	41	34	1	17	9	33	15	50	2	14501847	6075	4775	148	1925	4244	4632	2536	13292	512	
FL	32400	32400	41	34	1	13	9	31	15	53	2	14433466	6075	4775	148	1925	4244	4632	2536	13292	512	
FL	32600	32600	39	32	1	12	11	32	15	50	2	14366123	6075	4775	148	1925	4244	4632	2536	13292	512	
FL	32800	32800	35	32	1	11	10	32	14	51	2	14298850	6075	4775	148	1925	4244	4632	2536	13292	512	
FL	33000	33000	35	33	1	10	9	29	14	52	2	14233571	6075	4775	148	1925	4244	4632	2536	13292	512	
FL	33200	33200	35	37	1	11	9	31	13	50	1	14169110	6075	4775	148	1925	4244	4632	2536	13292	512	
FL	33400	33400	33	34	1	10	8	33	14	50	1	14105799	6075	4775	148	1925	4244	4632	2536	13292	512	
FL	33600	33600	35	35	0	10	10	32	14	53	1	14043026	6075	4775	148	1925	4244	4632	2536	13292	512	
FL	33800	33800	34	35	0	10	9	32	14	52	1	13981264	6075	4775	148	1925	4244	4632	2536	13292	512	
FL	34000	34000	34	35	0	8	12	29	14	51	1	13922507	6075	4775	148	1925	4244	4632	2536	13292	512	
FL	34200	34200	34	32	0	9	14	31	12	50	1	13864976	6075	4775	148	1925	4244	4632	2536	13292	512	
FL	34400	34400	32	33	0	9	15	27	13	46	0	13807251	6075	4775	148	1925	4244	4632	2536	13292	512	
FL	34600	34600	33	33	0	10	15	29	13	47	0	13748426	6075	4775	148	1925	4244	4632	2536	13292	512	
FL	34800	34800	29	32	0	10	15	29	15	42	0	13690331	6075	4775	148	1925	4244	4632	2536	13292	512	
FL	35000	35000	27	29	0	10	12	32	12	39	0	13634400	6075	4775	148	1925	4244	4632	2536	13292	512	
FL	35200	35200	27	28	0	12	11	31	13	36	0	13579855	6075	4775	148	1925	4244	4632	2536	13292	512	
FL	35400	35400	28	32	0	13	11	29	11	40	1	13526401	6075	4775	148	1925	4244	4632	2536	13292	512	
FL	35600	35600	31	30	0	12	12	29	13	42	1	13472790	6075	4775	148	1925	4244	4632	2536	13292	512	
FL	35800	35800	33	29	0	13	11	29	15	44	1	13421479	6075	4775	148	1925	4244	4632	2536	13292	512	
FL	36000	36000	36	31	0	12	12	26	17	46	1	13368699	6075	4775	148	1925	4244	4632	2536	13292	512	
FL	36200	36200	37	29	0	11	10	24	17	45	1	13316593	6075	4775	148	1925	4244	4632	2536	13292	512	
FL	36400	36400	43	28	0	10	10	26	16	42	1	13264428	6075	4775	148	1925	4244	4632	2536	13292	512	
FL	36600	36600	42	28	0	11	10	27	16	44	1	13213397	6075	4775	148	1925	4244	4632	2536	13292	512	
FL	36800	36800	41	26	0	11	10	25	14	39	1	13162815	6075	4775	148	1925	4244	4632	2536	13292	512	
FL	37000	37000	38	25	0	10	9	23	11	38	1	13111670	6075	4775	148	1925	4244	4632	2536	13292	512	
FL	37200	37200	42	27	1	8	10	24	12	40	1	13059995	6075	4775	148	1925	4244	4632	2536	13292	512	
FL	37400	37400	37	28	1	9	10	22	13	40	1	13008597	6075	4775	148	1925	4244	4632	2536	13292	512	
FL	37600	37600	37	29	1	7	10	21	13	44	1	12957836	6075	4775	148	1925	4244	4632	2536	13292	512	
FL	37800	37800	36	26	1	8	10	24	13	44	1	12906847	6075	4775	148	1925	4244	4632	2536	13292	512	
FL	38000	38000	35	23	1	8	9	23	12	43	1	12856954	6075	4775	148	1925	4244	4632	2536	13292	512	
FL	38200	38200	34	21	1	8	8	21	12	44	1	12808271	6075	4775	148	1925	4244	4632	2536	13292	512	
FL	38400	38400	34	22	2	8	10	20	13	43	1	12759073	6075	4775	148	1925	4244	4632	2536	13292	512	
FL	38600	38600	32	19	1	8	8	22	11	45	1	12711325	6075	4775	148	1925	4244	4632	2536	13292	512	
FL	38800	38800	33	19	0	8	7	22	9	42	1	12663502	6075	4775	148	1925	4244	4632	2536	13292	512	
FL	39000	39000	37	19	0	8	8	22	8	44	0	12614042	6075	4775	148	1925	4244	4632	2536	13292	512	
FL	39200	39200	38	20	0	8	8	21	10	42	0	12563189	6075	4775	148	1925	4244	4632	2536	13292	512	
FL	39400	39400	39	21	0	7	9	22	11	41	0	12511903	6075	4775	148	1925	4244	4632	2536	13292	512	
FL	39600	39600	36	19	0	6	8	20	13	40	0	12461898	6075	4775	148	1925	4244	4632	2536	13292	512	
FL	39800	39800	38	19	0	7	8	20	12	40	0	12411807	6075	4775	148	1925	4244	4632	2536	13292	512	
FL	40000	40000	35	18	0	7	9	20	12	35	0	12361142	6075	4775	148	1925	4244	4632	2536	13292	512	
FL	40200	40200	34	18	0	9	10	22	11	42	0	12310148	6075	4775	148	1925	4244	4632	2536	13292	512	
FL	40400	40400	34	20	0	10	8	27	13	40	1	12259855	6075	4775	148	1925	4244	4632	2536	13292	512	
FL	40600	40600	34	21	0	7	8	27	13	42	1	12210909	6075	4775	148	1925	4244	4632	2536	13292	512	
FL	40800	40800	32	20	0	8	8	28	13	41	1	12163166	6075	4775	148	1925	4244	4632	2536	13292	512	
FL	41000	41000	39	23	0	7	8	29	12	38	1	12117233	6075	4775	148	1925	4244	4632	2536	13292	512	
FL	41200	41200	38	27	0	7	8	28	13	38	1	12071681	6075	4775	148	1925	4244	4632	2536	13292	512	
FL	41400	41400	38	28	0	7	7	27	12	41	1	12026275	6075	4775	148	1925	4244	4632	2536	13292	512	
FL	41600	41600	42	28	0	8	9	26	11	47	1	11980371	6075	4775	148	1925	4244	4632	2536	13292	512	
FL	41800	41800	46	30	0	7	10	26	11	48	0	11934489	6075	4775	148	1925	4244	4632	2536	13292	512	
FL	42000	42000	42	27	0	7	9	26	11	46	0	11888543	6075	4775	148	1925	4244	4632	2536	13292	512	
FL	42200	42200	38	28	0	9	8	22	10	47	0	11843487	6075	4775	148	1925	4244	4632	2536	13292	512	
FL	42400	42400	36	25	0	6	8	23	12	51	0	11798348	6075	4775	148	1925	4244	4632	2536	13292	512	
FL	42600	42600	35	26	0	6	5	20	14	49	0	11753799	6075	4775	148	1925	4244	4632	2536	13292	512	
FL	42800	42800	32	25	0	6	5	19	12	50	0	11710211	6075	4775	148	1925	4244	4632	2536	13292	512	
FL	43000	43000	35	26	0	6	5	23	12	48	0	11668423	6075	4775	148	1925	4244	4632	2536	13292	512	
FL	43200	43200	33	26	0	6	4	23	10	50	0	11626359	6075	4775	148	1925	4244	4632	2536	13292	512	
FL	43400	43400	35	25	0	7	4	22	10	51	0	11583265	6075	4775	148	1925	4244	4632	2536	13292	512	
FL	43600	43600	39	22	0	6	4	24	8	47	0	11542056	6075	4775	148	1925	4244	4632	2536	13292	512	
FL	43800	43800	39	22	0	4	4	20	9	46	0	11500874	6075	4775	148	1925	4244	4632	2536	13292	512	
FL	44000	44000	38	18	0	5	9	19	12	44	1	11461682	6075	4775	148	1925	4244	4632	2536	13292	512	
FL	44200	44200	34	18	0	4	8	19	11	40	1	11422535	6075	4775	148	1925	4244	4632	2536	13292	512	
FL	44400	44400	30	12	0	4	11	17	11	41	1	11383766	6075	4775	148	1925	4244	4632	2536	13292	512	
FL	44600	44600	31	14	0	4	12	15	10	42	1	11346321	6075	4775	148	1925	4244	4632	2536	13292	512	
FL	44800	44800	24	14	1	4	13	18	11	39	0	11309972	6075	4775	148	1925	4244	4632	2536	13292	512	
FL	45000	45000	22	19	2	5	14	14	11	39	0	11274560	6075	4775	148	1925	4244	4632	2536	13292	512	
FL	45200	45200	24	18	2	7	13	16	11	44	0	11240010	6075	4775	148	1925	4244	4632	2536	13292	512	
FL	45400	45400	24	14	2	7	12	16	9	44	0	11205639	6075	4775	148	1925	4244	4632	2536	13292	512	
FL	45600	45600	26	17	2	7	12	14	8	43	0	11172745	6075	4775	148	1925	4244	4632	2536	13292	512	
FL	45800	45800	26	18	2	6	12	11	8	41	1	11141599	6075	4775	148	1925	4244	4632	2536	13292	512	
FL	46000	46000	29	19	2	5	11	10	7	38	1	11110627	6075	4775	148	1925	4244	4632	2536	13292	512	
FL	46200	46200	25	19	2	5	8	11	7	34	1	11080403	6075	4775	148	1925	4244	4632	2536	13292	512	
FL	46400	46400	24	18	2	5	8	12	9	33	1	11049207	6075	4775	148	1925	4244	4632	2536	13292	512	
FL	46600	46600	23	17	2	5	8	15	8	36	1	11016652	6075	4775	148	1925	4244	4632	2536	13292	512	
FL	46800	46800	20	17	1	4	9	13	8	35	0	10984065	6075	4775	148	1925	4244	4632	2536	13292	512	
FL	47000	47000	16	19	1	4	10	15	7	36	0	10950207	6075	4775	148	1925	4244	4632	2536	13292	512	
FL	47200	47200	18	19	1	4	11	17	6	37	0	10916426	6075	4775	148	1925	4244	4632	2536	13292	512	
FL	47400	47400	20	19	1	4	9	19	7	37	0	10882661	6075	4775	148	1925	4244	4632	2536	13292	512	
FL	47600	47600	19	19	1	3	11	17	8	36	0	10848483	6075	4775	148	1925	4244	4632	2536	13292	512	
FL	47800	47800	20	18	1	2	13	18	7	40	0	10815952	6075	4775	148	1925	4244	4632	2536	13292	512	
FL	48000	48000	19	18	1	2	13	18	7	36	0	10784520	6075	4775	148	1925	4244	4632	2536	13292	512	
FL	48200	48200	21	16	1	2	13	19	7	32	0	10751967	6075	4775	148	1925	4244	4632	2536	13292	512	
FL	48400	48400	23	15	1	2	12	15	7	29	0	10717518	6075	4775	148	1925	4244	4632	2536	13292	512	
FL	48600	48600	24	15	1	2	12	15	9	29	0	10682412	6075	4775	148	1925	4244	4632	2536	13292	512	
FL	48800	48800	25	21	2	2	10	16	8	35	0	10646481	6075	4775	148	1925	4244	4632	2536	13292	512	
FL	49000	49000	26	20	2	2	11	16	9	41	1	10611633	6075	4775	148	1925	4244	4632	2536	13292	512	
FL	49200	49200	24	21	2	2	11	16	10	41	1	10578690	6075	4775	148	1925	4244	4632	2536	13292	512	
FL	49400	49400	25	20	2	2	11	15	10	42	1	10546957	6075	4775	148	1925	4244	4632	2536	13292	512	
FL	49600	49600	26	19	1	1	9	18	9	41	0	10516553	6075	4775	148	1925	4244	4632	2536	13292	512	
FL	49800	49800	27	21	1	2	9	19	9	43	1	10486983	6075	4775	148	1925	4244	4632	2536	13292	512	
FL	50000	50000	27	22	1	2	9	19	10	42	1	10456595	6075	4775	148	1925	4244	4632	2536	13292	512	
FL	50200	50200	26	22	1	2	8	18	10	41	1	10427869	6075	4775	148	1925	4244	4632	2536	13292	512	
FL	50400	50400	27	19	1	3	7	16	9	40	1	10400284	6075	4775	148	1925	4244	4632	2536	13292	512	
FL	50600	50600	24	20	1	5	8	14	9	37	1	10373616	6075	4775	148	1925	4244	4632	2536	13292	512	
FL	50800	50800	25	20	1	5	9	14	7	38	1	10346930	6075	4775	148	1925	4244	4632	2536	13292	512	
FL	51000	51000	24	19	1	6	10	15	6	42	0	10318371	6075	4775	148	1925	4244	4632	2536	13292	512	
FL	51200	51200	23	21	1	4	9	14	5	38	0	10289053	6075	4775	148	1925	4244	4632	2536	13292	512	
FL	51400	51400	24	24	0	5	8	13	6	35	0	10259821	6075	4775	148	1925	4244	4632	2536	13292	512	
FL	51600	51600	25	27	0	5	8	13	9	32	0	10231020	6075	4775	148	1925	4244	4632	2536	13292	512	
FL	51800	51800	26	28	0	6	8	15	10	30	0	10200830	6075	4775	148	1925	4244	4632	2536	13292	512	
FL	52000	52000	32	26	0	7	8	14	11	27	0	10170512	6075	4775	148	1925	4244	4632	2536	13292	512	
FL	52200	52200	32	24	0	6	8	15	11	27	0	10141528	6075	4775	148	1925	4244	4632	2536	13292	512	
FL	52400	52400	33	24	0	5	9	14	11	27	0	10113466	6075	4775	148	1925	4244	4632	2536	13292	512	
FL	52600	52600	26	20	0	5	10	12	10	27	0	10085714	6075	4775	148	1925	4244	4632	2536	13292	512	
FL	52800	52800	27	17	1	6	13	12	11	27	0	10058255	6075	4775	148	1925	4244	4632	2536	13292	512	
FL	53000	53000	23	15	1	5	15	12	11	30	0	10031348	6075	4775	148	1925	4244	4632	2536	13292	512	
FL	53200	53200	21	13	1	5	14	11	10	29	0	10004776	6075	4775	148	1925	4244	4632	2536	13292	512	
FL	53400	53400	24	13	1	5	16	14	9	31	0	9978031	6075	4775	148	1925	4244	4632	2536	13292	512	
FL	53600	53600	22	11	1	4	14	17	9	30	0	9950356	6075	4775	148	1925	4244	4632	2536	13292	512	
FL	53800	53800	22	12	1	3	15	18	8	35	0	9922786	6075	4775	148	1925	4244	4632	2536	13292	512	
FL	54000	54000	19	15	1	3	14	20	7	33	0	9896338	6075	4775	148	1925	4244	4632	2536	13292	512	
FL	54200	54200	17	15	1	3	12	17	6	30	0	9870206	6075	4775	148	1925	4244	4632	2536	13292	512	
FL	54400	54400	18	16	1	2	13	18	5	32	0	9843508	6075	4775	148	1925	4244	4632	2536	13292	512	
FL	54600	54600	20	14	0	1	14	15	5	33	0	9816404	6075	4775	148	1925	4244	4632	2536	13292	512	
FL	54800	54800	20	14	0	1	12	13	4	35	0	9790053	6075	4775	148	1925	4244	4632	2536	13292	512	
FL	55000	55000	16	15	0	1	10	13	6	32	0	9764549	6075	4775	148	1925	4244	4632	2536	13292	512	
FL	55200	55200	17	13	0	1	9	13	7	37	0	9738570	6075	4775	148	1925	4244	4632	2536	13292	512	
FL	55400	55400	19	13	0	2	9	11	7	35	0	9711401	6075	4775	148	1925	4244	4632	2536	13292	512	
FL	55600	55600	19	14	0	3	8	11	5	33	0	9684569	6075	4775	148	1925	4244	4632	2536	13292	512	
FL	55800	55800	17	16	0	3	7	11	5	35	0	9657161	6075	4775	148	1925	4244	4632	2536	13292	512	
FL	56000	56000	15	16	0	2	6	12	5	34	0	9631199	6075	4775	148	1925	4244	4632	2536	13292	512	
FL	56200	56200	15	16	0	2	7	13	8	32	0	9606860	6075	4775	148	1925	4244	4632	2536	13292	512	
FL	56400	56400	18	14	0	1	6	18	7	31	0	9582744	6075	4775	148	1925	4244	4632	2536	13292	512	
FL	56600	56600	17	14	0	2	8	18	6	30	0	9558044	6075	4775	148	1925	4244	4632	2536	13292	512	
FL	56800	56800	18	17	0	2	7	14	5	26	0	9533143	6075	4775	148	1925	4244	4632	2536	13292	512	
FL	57000	57000	18	15	0	2	9	15	5	26	1	9508876	6075	4775	148	1925	4244	4632	2536	13292	512	
FL	57200	57200	20	13	0	1	9	15	4	28	1	9485222	6075	4775	148	1925	4244	4632	2536	13292	512	
FL	57400	57400	21	12	0	1	9	12	4	28	1	9462180	6075	4775	148	1925	4244	4632	2536	13292	512	
FL	57600	57600	21	10	0	1	7	18	3	26	1	9440131	6075	4775	148	1925	4244	4632	2536	13292	512	
FL	57800	57800	23	10	0	2	6	21	3	32	0	9417638	6075	4775	148	1925	4244	4632	2536	13292	512	
FL	58000	58000	24	12	0	2	5	21	3	30	0	9395158	6075	4775	148	1925	4244	4632	2536	13292	512	
FL	58200	58200	23	13	0	2	3	22	2	27	0	9372629	6075	4775	148	1925	4244	4632	2536	13292	512	
FL	58400	58400	22	11	0	2	4	21	4	30	0	9350681	6075	4775	148	1925	4244	4632	2536	13292	512	
FL	58600	58600	20	13	1	2	5	25	4	29	0	9328563	6075	4775	148	1925	4244	4632	2536	13292	512	
FL	58800	58800	18	10	1	2	5	22	6	29	0	9305903	6075	4775	148	1925	4244	4632	2536	13292	512	
FL	59000	59000	16	10	0	2	4	19	6	28	0	9282923	6075	4775	148	1925	4244	4632	2536	13292	512	
FL	59200	59200	19	12	0	2	5	19	6	29	1	9260150	6075	4775	148	1925	4244	4632	2536	13292	512	
FL	59400	59400	19	14	0	2	6	19	6	31	1	9237324	6075	4775	148	1925	4244	4632	2536	13292	512	
FL	59600	59600	18	11	0	2	8	18	8	27	0	9215176	6075	4775	148	1925	4244	4632	2536	13292	512	
FL	59800	59800	19	13	0	2	7	17	8	25	0	9193518	6075	4775	148	1925	4244	4632	2536	13292	512	
FL	60000	60000	20	11	0	2	7	19	7	26	0	9171839	6075	4775	148	1925	4244	4632	2536	13292	512	
FL	60200	60200	23	11	0	2	8	19	6	27	0	9151016	6075	4775	148	1925	4244	4632	2536	13292	512	
FL	60400	60400	25	10	0	2	7	18	3	29	0	9129614	6075	4775	148	1925	4244	4632	2536	13292	512	
FL	60600	60600	23	13	0	2	8	19	4	25	0	9108181	6075	4775	148	1925	4244	4632	2536	13292	512	
FL	60800	60800	23	13	0	2	8	19	6	26	1	9087372	6075	4775	148	1925	4244	4632	2536	13292	512	
FL	61000	61000	25	13	0	2	8	16	6	27	1	9066135	6075	4775	148	1925	4244	4632	2536	13292	512	
FL	61200	61200	25	17	0	2	5	13	6	29	1	9045347	6075	4775	148	1925	4244	4632	2536	13292	512	
FL	61400	61400	26	18	0	2	3	13	7	25	1	9023233	6075	4775	148	1925	4244	4632	2536	13292	512	
FL	61600	61600	23	16	0	2	2	19	7	27	1	9000947	6075	4775	148	1925	4244	4632	2536	13292	512	
FL	61800	61800	24	16	0	1	3	23	8	27	1	8979087	6075	4775	148	1925	4244	4632	2536	13292	512	
FL	62000	62000	21	16	0	1	3	24	8	28	0	8956771	6075	4775	148	1925	4244	4632	2536	13292	512	
FL	62200	62200	22	17	0	1	4	22	8	26	0	8933087	6075	4775	148	1925	4244	4632	2536	13292	512	
FL	62400	62400	20	16	0	2	4	18	8	31	0	8908827	6075	4775	148	1925	4244	4632	2536	13292	512	
FL	62600	62600	19	13	0	3	5	19	7	30	0	8883072	6075	4775	148	1925	4244	4632	2536	13292	512	
FL	62800	62800	18	10	0	3	6	17	6	29	0	8856674	6075	4775	148	1925	4244	4632	2536	13292	512	
FL	63000	63000	17	10	0	3	5	14	6	26	0	8830183	6075	4775	148	1925	4244	4632	2536	13292	512	
FL	63200	63200	17	11	0	3	6	17	6	25	0	8804545	6075	4775	148	1925	4244	4632	2536	13292	512	
FL	63400	63400	23	12	0	4	8	19	7	27	0	8779892	6075	4775	148	1925	4244	4632	2536	13292	512	
FL	63600	63600	24	12	0	4	7	18	9	28	0	8757228	6075	4775	148	1925	4244	4632	2536	13292	512	
FL	63800	63800	25	10	0	5	5	18	10	31	0	8735312	6075	4775	148	1925	4244	4632	2536	13292	512	
FL	64000	64000	24	9	0	4	4	20	12	34	0	8713498	6075	4775	148	1925	4244	4632	2536	13292	512	
FL	64200	64200	20	11	0	3	4	18	10	31	0	8692878	6075	4775	148	1925	4244	4632	2536	13292	512	
FL	64400	64400	16	11	0	3	4	14	8	29	0	8671392	6075	4775	148	1925	4244	4632	2536	13292	512	
FL	64600	64600	15	10	0	1	3	12	10	29	1	8651183	6075	4775	148	1925	4244	4632	2536	13292	512	
FL	64800	64800	15	9	0	1	3	10	10	28	1	8632033	6075	4775	148	1925	4244	4632	2536	13292	512	
FL	65000	65000	15	11	0	1	7	9	10	29	1	8613631	6075	4775	148	1925	4244	4632	2536	13292	512	
FL	65200	65200	16	10	0	1	6	12	11	32	1	8594325	6075	4775	148	1925	4244	4632	2536	13292	512	
FL	65400	65400	16	10	0	4	5	13	11	31	1	8574607	6075	4775	148	1925	4244	4632	2536	13292	512	
FL	65600	65600	17	10	0	4	5	13	10	28	1	8554033	6075	4775	148	1925	4244	4632	2536	13292	512	
FL	65800	65800	15	9	0	4	4	13	10	30	1	8532285	6075	4775	148	1925	4244	4632	2536	13292	512	
FL	66000	66000	14	11	0	5	3	12	8	30	1	8511752	6075	4775	148	1925	4244	4632	2536	13292	512	
FL	66200	66200	14	8	0	6	3	13	8	29	1	8491995	6075	4775	148	1925	4244	4632	2536	13292	512	
FL	66400	66400	14	9	0	6	5	10	8	29	2	8472406	6075	4775	148	1925	4244	4632	2536	13292	512	
FL	66600	66600	18	11	0	7	5	10	8	31	2	8453050	6075	4775	148	1925	4244	4632	2536	13292	512	
FL	66800	66800	16	10	0	7	5	12	7	32	1	8433000	6075	4775	148	1925	4244	4632	2536	13292	512	
FL	67000	67000	14	12	0	9	5	12	6	32	0	8413642	6075	4775	148	1925	4244	4632	2536	13292	512	
FL	67200	67200	16	14	0	9	4	13	5	35	0	8395525	6075	4775	148	1925	4244	4632	2536	13292	512	
FL	67400	67400	18	13	0	8	0	15	5	32	0	8378412	6075	4775	148	1925	4244	4632	2536	13292	512	
FL	67600	67600	19	14	0	6	1	17	6	32	0	8361417	6075	4775	148	1925	4244	4632	2536	13292	512	
FL	67800	67800	19	14	0	5	1	15	6	28	0	8344460	6075	4775	148	1925	4244	4632	2536	13292	512	
FL	68000	68000	19	15	0	4	2	15	5	25	0	8327758	6075	4775	148	1925	4244	4632	2536	13292	512	
FL	68200	68200	16	14	0	5	2	14	7	24	0	8310490	6075	4775	148	1925	4244	4632	2536	13292	512	
FL	68400	68400	18	13	0	5	1	14	8	22	1	8293590	6075	4775	148	1925	4244	4632	2536	13292	512	
FL	68600	68600	18	17	0	5	1	16	7	24	1	8276772	6075	4775	148	1925	4244	4632	2536	13292	512	
FL	68800	68800	18	16	0	5	1	18	7	26	2	8258925	6075	4775	148	1925	4244	4632	2536	13292	512	
FL	69000	69000	18	15	0	4	4	22	6	26	2	8242140	6075	4775	148	1925	4244	4632	2536	13292	512	
FL	69200	69200	19	16	0	4	5	20	8	26	2	8225935	6075	4775	148	1925	4244	4632	2536	13292	512	
FL	69400	69400	18	16	0	5	4	19	8	30	2	8209697	6075	4775	148	1925	4244	4632	2536	13292	512	
FL	69600	69600	19	17	0	5	2	21	9	31	1	8194231	6075	4775	148	1925	4244	4632	2536	13292	512	
FL	69800	69800	18	16	0	4	2	20	7	31	1	8179786	6075	4775	148	1925	4244	4632	2536	13292	512	
FL	70000	70000	16	15	0	4	1	25	6	30	1	8165648	6075	4775	148	1925	4244	4632	2536	13292	512	
FL	70200	70200	14	15	0	4	2	24	6	29	1	8152579	6075	4775	148	1925	4244	4632	2536	13292	512	
FL	70400	70400	16	16	0	3	3	27	7	29	0	8139084	6075	4775	148	1925	4244	4632	2536	13292	512	
FL	70600	70600	20	15	0	3	3	25	7	28	0	8124956	6075	4775	148	1925	4244	4632	2536	13292	512	
FL	70800	70800	19	14	0	3	3	25	7	21	0	8110204	6075	4775	148	1925	4244	4632	2536	13292	512	
FL	71000	71000	16	13	0	3	3	23	6	20	0	8094061	6075	4775	148	1925	4244	4632	2536	13292	512	
FL	71200	71200	15	14	0	3	4	23	5	21	0	8077314	6075	4775	148	1925	4244	4632	2536	13292	512	
FL	71400	71400	13	13	0	2	3	21	4	23	0	8060080	6075	4775	148	1925	4244	4632	2536	13292	512	
FL	71600	71600	12	14	0	2	3	22	4	23	0	8043781	6075	4775	148	1925	4244	4632	2536	13292	512	
FL	71800	71800	12	12	0	2	5	24	5	24	0	8027462	6075	4775	148	1925	4244	4632	2536	13292	512	
FL	72000	72000	16	12	0	3	5	22	4	22	0	8010347	6075	4775	148	1925	4244	4632	2536	13292	512	
FL	72200	72200	17	15	0	2	5	23	7	18	0	7993668	6075	4775	148	1925	4244	4632	2536	13292	512	
FL	72400	72400	15	15	1	2	6	23	9	21	0	7977331	6075	4775	148	1925	4244	4632	2536	13292	512	
FL	72600	72600	16	14	1	2	6	21	9	23	0	7961652	6075	4775	148	1925	4244	4632	2536	13292	512	
FL	72800	72800	16	14	1	2	6	17	7	23	0	7945550	6075	4775	148	1925	4244	4632	2536	13292	512	
FL	73000	73000	14	14	1	2	6	14	8	24	0	7929362	6075	4775	148	1925	4244	4632	2536	13292	512	
FL	73200	73200	15	12	1	2	6	14	8	25	0	7913575	6075	4775	148	1925	4244	4632	2536	13292	512	
FL	73400	73400	18	10	1	2	6	15	8	26	0	7898417	6075	4775	148	1925	4244	4632	2536	13292	512	
FL	73600	73600	18	11	1	3	6	18	9	23	1	7882773	6075	4775	148	1925	4244	4632	2536	13292	512	
FL	73800	73800	15	11	2	3	8	19	10	22	1	7866791	6075	4775	148	1925	4244	4632	2536	13292	512	
FL	74000	74000	16	11	2	4	7	16	9	22	0	7850341	6075	4775	148	1925	4244	4632	2536	13292	512	
FL	74200	74200	15	10	2	6	8	18	8	20	0	7833060	6075	4775	148	1925	4244	4632	2536	13292	512	
FL	74400	74400	17	12	2	6	7	20	8	22	0	7816038	6075	4775	148	1925	4244	4632	2536	13292	512	
FL	74600	74600	16	13	2	5	8	19	9	19	0	7799576	6075	4775	148	1925	4244	4632	2536	13292	512	
FL	74800	74800	15	13	2	5	10	20	10	22	0	7783055	6075	4775	148	1925	4244	4632	2536	13292	512	
FL	75000	75000	15	14	2	4	11	16	9	28	0	7765463	6075	4775	148	1925	4244	4632	2536	13292	512	
FL	75200	75200	14	15	2	4	10	15	9	29	0	7747062	6075	4775	148	1925	4244	4632	2536	13292	512	
FL	75400	75400	16	15	3	4	9	15	8	28	1	7729006	6075	4775	148	1925	4244	4632	2536	13292	512	
FL	75600	75600	17	13	3	2	8	21	8	30	1	7712154	6075	4775	148	1925	4244	4632	2536	13292	512	
FL	75800	75800	15	15	3	2	8	21	8	32	1	7696814	6075	4775	148	1925	4244	4632	2536	13292	512	
FL	76000	76000	14	16	2	2	9	20	8	34	1	7680636	6075	4775	148	1925	4244	4632	2536	13292	512	
FL	76200	76200	17	16	2	1	9	19	9	31	1	7663484	6075	4775	148	1925	4244	4632	2536	13292	512	
FL	76400	76400	16	15	0	0	8	16	7	28	1	7646490	6075	4775	148	1925	4244	4632	2536	13292	512	
FL	76600	76600	17	13	0	0	7	15	6	27	2	7629184	6075	4775	148	1925	4244	4632	2536	13292	512	
FL	76800	76800	17	15	0	0	6	11	5	26	3	7612143	6075	4775	148	1925	4244	4632	2536	13292	512	
FL	77000	77000	12	15	0	0	6	9	5	25	3	7595476	6075	4775	148	1925	4244	4632	2536	13292	512	
FL	77200	77200	14	15	1	0	7	11	5	25	3	7577421	6075	4775	148	1925	4244	4632	2536	13292	512	
FL	77400	77400	11	14	1	0	6	11	6	26	2	7558594	6075	4775	148	1925	4244	4632	2536	13292	512	
FL	77600	77600	11	16	1	0	5	10	6	24	3	7539377	6075	4775	148	1925	4244	4632	2536	13292	512	
FL	77800	77800	9	15	1	1	5	11	6	24	3	7520505	6075	4775	148	1925	4244	4632	2536	13292	512	
FL	78000	78000	13	16	1	1	5	13	7	27	3	7501137	6075	4775	148	1925	4244	4632	2536	13292	512	
FL	78200	78200	15	15	1	3	6	14	10	24	3	7482196	6075	4775	148	1925	4244	4632	2536	13292	512	
FL	78400	78400	16	16	1	5	6	13	10	28	3	7463363	6075	4775	148	1925	4244	4632	2536	13292	512	
FL	78600	78600	18	13	1	6	4	15	10	29	2	7445314	6075	4775	148	1925	4244	4632	2536	13292	512	
FL	78800	78800	17	13	1	6	5	11	11	23	2	7429290	6075	4775	148	1925	4244	4632	2536	13292	512	
FL	79000	79000	17	13	1	6	5	10	10	23	2	7413799	6075	4775	148	1925	4244	4632	2536	13292	512	
FL	79200	79200	18	13	0	7	5	11	10	26	2	7398229	6075	4775	148	1925	4244	4632	2536	13292	512	
FL	79400	79400	15	12	0	7	5	13	9	26	1	7382416	6075	4775	148	1925	4244	4632	2536	13292	512	
FL	79600	79600	15	17	0	8	4	12	10	23	1	7366559	6075	4775	148	1925	4244	4632	2536	13292	512	
FL	79800	79800	21	15	0	8	4	10	10	25	2	7350265	6075	4775	148	1925	4244	4632	2536	13292	512	
FL	80000	80000	19	16	0	9	4	11	10	28	3	7333580	6075	4775	148	1925	4244	4632	2536	13292	512	
FL	80200	80200	15	18	0	9	6	13	10	24	3	7316318	6075	4775	148	1925	4244	4632	2536	13292	512	
FL	80400	80400	14	18	0	7	6	11	9	22	3	7299107	6075	4775	148	1925	4244	4632	2536	13292	512	
FL	80600	80600	13	18	0	8	7	11	8	23	0	7281343	6075	4775	148	1925	4244	4632	2536	13292	512	
FL	80800	80800	11	17	0	8	6	10	8	20	1	7263041	6075	4775	148	1925	4244	4632	2536	13292	512	
FL	81000	81000	9	15	0	8	4	11	8	18	1	7243954	6075	4775	148	1925	4244	4632	2536	13292	512	
FL	81200	81200	13	15	0	9	4	12	9	19	1	7225244	6075	4775	148	1925	4244	4632	2536	13292	512	
FL	81400	81400	16	18	0	9	4	11	9	19	1	7206613	6075	4775	148	1925	4244	4632	2536	13292	512	
FL	81600	81600	15	19	0	6	5	13	9	25	1	7189664	6075	4775	148	1925	4244	4632	2536	13292	512	
FL	81800	81800	16	18	0	3	9	12	9	23	1	7173034	6075	4775	148	1925	4244	4632	2536	13292	512	
FL	82000	82000	17	18	0	4	10	12	9	21	1	7155910	6075	4775	148	1925	4244	4632	2536	13292	512	
FL	82200	82200	17	20	0	4	9	10	8	20	1	7137928	6075	4775	148	1925	4244	4632	2536	13292	512	
FL	82400	82400	18	22	0	4	7	13	8	21	0	7119945	6075	4775	148	1925	4244	4632	2536	13292	512	
FL	82600	82600	21	23	0	2	7	14	8	24	0	7102733	6075	4775	148	1925	4244	4632	2536	13292	512	
FL	82800	82800	19	23	0	1	7	12	8	23	0	7086533	6075	4775	148	1925	4244	4632	2536	13292	512	
FL	83000	83000	20	21	0	2	7	14	6	21	0	7070190	6075	4775	148	1925	4244	4632	2536	13292	512	
FL	83200	83200	18	21	0	2	5	14	7	20	0	7054154	6075	4775	148	1925	4244	4632	2536	13292	512	
FL	83400	83400	19	22	0	2	5	14	6	21	0	7039178	6075	4775	148	1925	4244	4632	2536	13292	512	
FL	83600	83600	19	18	0	2	5	12	7	21	0	7024348	6075	4775	148	1925	4244	4632	2536	13292	512	
FL	83800	83800	20	21	0	2	5	10	7	19	0	7009796	6075	4775	148	1925	4244	4632	2536	13292	512	
FL	84000	84000	19	21	0	3	6	8	9	22	0	6995302	6075	4775	148	1925	4244	4632	2536	13292	512	
FL	84200	84200	19	20	0	3	7	6	8	22	0	6980281	6075	4775	148	1925	4244	4632	2536	13292	512	
FL	84400	84400	17	21	0	3	6	5	6	24	0	6965191	6075	4775	148	1925	4244	4632	2536	13292	512	
FL	84600	84600	16	17	0	2	7	5	6	24	0	6950546	6075	4775	148	1925	4244	4632	2536	13292	512	
FL	84800	84800	15	15	0	1	8	6	6	27	0	6935945	6075	4775	148	1925	4244	4632	2536	13292	512	
FL	85000	85000	13	11	0	1	7	6	5	26	0	6921336	6075	4775	148	1925	4244	4632	2536	13292	512	
FL	85200	85200	9	10	0	0	8	8	6	25	0	6907307	6075	4775	148	1925	4244	4632	2536	13292	512	
FL	85400	85400	10	11	0	0	8	6	6	23	0	6893554	6075	4775	148	1925	4244	4632	2536	13292	512	
FL	85600	85600	9	12	0	0	8	8	6	25	0	6879430	6075	4775	148	1925	4244	4632	2536	13292	512	
FL	85800	85800	11	12	0	2	7	9	7	27	0	6865518	6075	4775	148	1925	4244	4632	2536	13292	512	
FL	86000	86000	16	11	0	2	7	10	7	27	0	6851828	6075	4775	148	1925	4244	4632	2536	13292	512	
FL	86200	86200	16	12	0	2	6	12	8	24	0	6837554	6075	4775	148	1925	4244	4632	2536	13292	512	
FL	86400	86400	15	12	0	3	6	12	7	22	0	6824306	6075	4775	148	1925	4244	4632	2536	13292	512	
FL	86600	86600	14	10	0	3	8	11	8	27	0	6812194	6075	4775	148	1925	4244	4632	2536	13292	512	
FL	86800	86800	18	8	0	2	8	9	8	29	0	6800525	6075	4775	148	1925	4244	4632	2536	13292	512	
FL	87000	87000	18	8	0	2	8	10	9	29	0	6789000	6075	4775	148	1925	4244	4632	2536	13292	512	
FL	87200	87200	19	9	0	3	10	10	8	27	0	6777094	6075	4775	148	1925	4244	4632	2536	13292	512	
FL	87400	87400	22	9	0	4	11	11	7	25	0	6763899	6075	4775	148	1925	4244	4632	2536	13292	512	
FL	87600	87600	21	8	0	4	12	11	6	25	0	6750827	6075	4775	148	1925	4244	4632	2536	13292	512	
FL	87800	87800	18	8	0	3	11	10	6	25	0	6738587	6075	4775	148	1925	4244	4632	2536	13292	512	
FL	88000	88000	17	8	0	2	9	10	6	24	0	6725944	6075	4775	148	1925	4244	4632	2536	13292	512	
FL	88200	88200	19	7	0	3	11	8	5	21	0	6713812	6075	4775	148	1925	4244	4632	2536	13292	512	
FL	88400	88400	20	8	0	4	12	8	5	23	0	6700514	6075	4775	148	1925	4244	4632	2536	13292	512	
FL	88600	88600	19	8	0	3	12	10	6	23	0	6686758	6075	4775	148	1925	4244	4632	2536	13292	512	
FL	88800	88800	18	7	0	3	9	11	6	23	0	6672508	6075	4775	148	1925	4244	4632	2536	13292	512	
FL	89000	89000	15	9	0	4	10	11	6	25	0	6658545	6075	4775	148	1925	4244	4632	2536	13292	512	
FL	89200	89200	12	10	0	4	11	10	4	24	0	6644791	6075	4775	148	1925	4244	4632	2536	13292	512	
FL	89400	89400	10	9	0	4	11	10	5	24	0	6631651	6075	4775	148	1925	4244	4632	2536	13292	512	
FL	89600	89600	13	8	0	4	12	10	7	24	0	6618631	6075	4775	148	1925	4244	4632	2536	13292	512	
FL	89800	89800	13	8	0	3	14	11	8	27	0	6606451	6075	4775	148	1925	4244	4632	2536	13292	512	
FL	90000	90000	16	7	0	3	12	11	6	26	0	6594550	6075	4775	148	1925	4244	4632	2536	13292	512	
FL	90200	90200	16	9	0	3	11	13	7	23	0	6582675	6075	4775	148	1925	4244	4632	2536	13292	512	
FL	90400	90400	18	9	0	3	12	17	6	21	0	6570908	6075	4775	148	1925	4244	4632	2536	13292	512	
FL	90600	90600	17	11	0	3	9	15	7	22	0	6559176	6075	4775	148	1925	4244	4632	2536	13292	512	
FL	90800	90800	20	10	0	3	8	16	6	21	0	6547116	6075	4775	148	1925	4244	4632	2536	13292	512	
FL	91000	91000	19	10	0	3	7	16	5	21	0	6534522	6075	4775	148	1925	4244	4632	2536	13292	512	
FL	91200	91200	18	12	0	3	9	14	4	18	1	6521633	6075	4775	148	1925	4244	4632	2536	13292	512	
FL	91400	91400	17	13	0	4	9	12	2	17	1	6508893	6075	4775	148	1925	4244	4632	2536	13292	512	
FL	91600	91600	14	12	0	6	9	11	2	18	1	6496410	6075	4775	148	1925	4244	4632	2536	13292	512	
FL	91800	91800	13	12	0	5	8	12	2	19	1	6484448	6075	4775	148	1925	4244	4632	2536	13292	512	
FL	92000	92000	13	10	0	8	7	11	2	19	1	6472980	6075	4775	148	1925	4244	4632	2536	13292	512	
FL	92200	92200	13	12	0	8	6	10	3	18	1	6461656	6075	4775	148	1925	4244	4632	2536	13292	512	
FL	92400	92400	14	16	0	8	7	7	3	17	1	6450750	6075	4775	148	1925	4244	4632	2536	13292	512	
FL	92600	92600	12	20	0	9	9	5	4	17	1	6439904	6075	4775	148	1925	4244	4632	2536	13292	512	
FL	92800	92800	14	19	0	8	10	5	5	20	1	6429334	6075	4775	148	1925	4244	4632	2536	13292	512	
FL	93000	93000	13	17	0	8	10	5	5	24	2	6419040	6075	4775	148	1925	4244	4632	2536	13292	512	
FL	93200	93200	13	17	0	8	11	6	5	22	2	6409121	6075	4775	148	1925	4244	4632	2536	13292	512	
FL	93400	93400	13	18	0	8	10	7	5	23	1	6398923	6075	4775	148	1925	4244	4632	2536	13292	512	
FL	93600	93600	15	18	0	7	9	7	5	23	1	6388860	6075	4775	148	1925	4244	4632	2536	13292	512	
FL	93800	93800	14	16	0	7	10	7	5	24	1	6379916	6075	4775	148	1925	4244	4632	2536	13292	512	
FL	94000	94000	16	16	0	7	10	6	4	27	0	6370474	6075	4775	148	1925	4244	4632	2536	13292	512	
FL	94200	94200	13	15	1	8	9	8	4	28	0	6360242	6075	4775	148	1925	4244	4632	2536	13292	512	
FL	94400	94400	16	14	1	8	8	9	4	28	0	6349458	6075	4775	148	1925	4244	4632	2536	13292	512	
FL	94600	94600	15	13	1	9	8	10	4	25	0	6338031	6075	4775	148	1925	4244	4632	2536	13292	512	
FL	94800	94800	16	12	1	11	7	12	4	26	0	6326365	6075	4775	148	1925	4244	4632	2536	13292	512	
FL	95000	95000	16	12	1	10	7	10	4	25	0	6314657	6075	4775	148	1925	4244	4632	2536	13292	512	
FL	95200	95200	18	14	1	6	5	10	4	22	0	6303352	6075	4775	148	1925	4244	4632	2536	13292	512	
FL	95400	95400	17	11	1	6	4	10	4	20	0	6292293	6075	4775	148	1925	4244	4632	2536	13292	512	
FL	95600	95600	20	10	1	4	4	9	4	19	0	6281810	6075	4775	148	1925	4244	4632	2536	13292	512	
FL	95800	95800	20	12	1	4	4	10	4	19	0	6271672	6075	4775	148	1925	4244	4632	2536	13292	512	
FL	96000	96000	17	11	1	3	5	9	4	19	0	6261554	6075	4775	148	1925	4244	4632	2536	13292	512	
FL	96200	96200	15	11	1	2	6	8	3	20	0	6250889	6075	4775	148	1925	4244	4632	2536	13292	512	
FL	96400	96400	15	11	1	2	7	12	4	22	0	6239419	6075	4775	148	1925	4244	4632	2536	13292	512	
FL	96600	96600	16	12	1	2	6	10	3	22	0	6227461	6075	4775	148	1925	4244	4632	2536	13292	512	
FL	96800	96800	16	9	1	2	4	10	4	23	0	6215496	6075	4775	148	1925	4244	4632	2536	13292	512	
FL	97000	97000	17	8	1	2	4	8	4	21	0	6203611	6075	4775	148	1925	4244	4632	2536	13292	512	
FL	97200	97200	16	8	1	2	3	7	4	21	0	6192231	6075	4775	148	1925	4244	4632	2536	13292	512	
FL	97400	97400	14	8	1	2	3	8	5	22	0	6181402	6075	4775	148	1925	4244	4632	2536	13292	512	
FL	97600	97600	13	9	1	3	3	7	5	23	0	6170370	6075	4775	148	1925	4244	4632	2536	13292	512	
FL	97800	97800	13	10	1	3	4	8	4	20	0	6159034	6075	4775	148	1925	4244	4632	2536	13292	512	
FL	98000	98000	8	9	1	2	3	9	3	20	0	6148013	6075	4775	148	1925	4244	4632	2536	13292	512	
FL	98200	98200	11	7	1	3	4	8	4	17	0	6137225	6075	4775	148	1925	4244	4632	2536	13292	512	
FL	98400	98400	11	7	1	3	4	7	4	20	0	6126193	6075	4775	148	1925	4244	4632	2536	13292	512	
FL	98600	98600	12	8	1	3	8	7	5	21	0	6115344	6075	4775	148	1925	4244	4632	2536	13292	512	
FL	98800	98800	13	7	1	3	9	7	5	22	0	6104503	6075	4775	148	1925	4244	4632	2536	13292	512	
FL	99000	99000	16	7	0	4	8	10	5	23	0	6093768	6075	4775	148	1925	4244	4632	2536	13292	512	
FL	99200	99200	18	7	0	4	8	11	4	25	0	6082294	6075	4775	148	1925	4244	4632	2536	13292	512	
FL	99400	99400	18	7	0	4	8	11	3	23	0	6070739	6075	4775	148	1925	4244	4632	2536	13292	512	
FL	99600	99600	18	6	0	4	7	6	3	21	0	6059162	6075	4775	148	1925	4244	4632	2536	13292	512	
FL	99800	99800	17	6	0	3	8	5	4	22	1	6047608	6075	4775	148	1925	4244	4632	2536	13292	512	
FL	100000	100000	16	7	0	3	7	5	3	20	1	6036794	6075	4775	148	1925	4244	4632	2536	13292	512	
