FL	0	0	155	153	3	310	114	59	55	463	11	65994330	6075	4775	148	1925	4244	4632	2536	13292	512	
FL	-200	-200	160	155	4	313	115	68	53	458	11	65601563	6075	4775	148	1925	4244	4632	2536	13292	512	
FL	-400	-400	158	146	4	305	119	80	58	456	11	64486128	6075	4775	148	1925	4244	4632	2536	13292	512	
FL	-600	-600	157	146	4	305	118	86	57	445	11	63144015	6075	4775	148	1925	4244	4632	2536	13292	512	
FL	-800	-800	158	139	5	302	119	82	56	434	11	61755598	6075	4775	148	1925	4244	4632	2536	13292	512	
FL	-1000	-1000	156	134	5	296	120	83	54	418	11	60386320	6075	4775	148	1925	4244	4632	2536	13292	512	
FL	-1200	-1200	157	131	4	287	118	88	57	401	11	59048540	6075	4775	148	1925	4244	4632	2536	13292	512	
FL	-1400	-1400	157	130	5	283	114	87	55	392	11	57757641	6075	4775	148	1925	4244	4632	2536	13292	512	
FL	-1600	-1600	156	127	5	275	109	88	56	393	11	56527706	6075	4775	148	1925	4244	4632	2536	13292	512	
FL	-1800	-1800	156	126	5	270	104	88	58	392	11	55356882	6075	4775	148	1925	4244	4632	2536	13292	512	
FL	-2000	-2000	155	124	5	261	95	87	55	392	11	54238172	6075	4775	148	1925	4244	4632	2536	13292	512	
FL	-2200	-2200	159	113	5	256	93	85	57	382	10	53170790	6075	4775	148	1925	4244	4632	2536	13292	512	
FL	-2400	-2400	156	111	5	254	91	85	59	387	8	52148985	6075	4775	148	1925	4244	4632	2536	13292	512	
FL	-2600	-2600	157	105	5	251	89	84	60	372	6	51174747	6075	4775	148	1925	4244	4632	2536	13292	512	
FL	-2800	-2800	146	104	4	234	85	79	62	360	6	50238336	6075	4775	148	1925	4244	4632	2536	13292	512	
FL	-3000	-3000	142	102	4	222	85	84	64	345	6	49332604	6075	4775	148	1925	4244	4632	2536	13292	512	
FL	-3200	-3200	142	103	4	210	80	88	68	339	5	48462927	6075	4775	148	1925	4244	4632	2536	13292	512	
FL	-3400	-3400	154	103	4	201	71	83	67	331	4	47620481	6075	4775	148	1925	4244	4632	2536	13292	512	
FL	-3600	-3600	150	102	4	194	66	80	65	325	4	46807603	6075	4775	148	1925	4244	4632	2536	13292	512	
FL	-3800	-3800	150	93	3	193	63	78	65	326	4	46023292	6075	4775	148	1925	4244	4632	2536	13292	512	
FL	-4000	-4000	140	92	3	183	60	72	64	315	5	45266651	6075	4775	148	1925	4244	4632	2536	13292	512	
FL	-4200	-4200	137	91	4	172	61	65	60	318	5	44535422	6075	4775	148	1925	4244	4632	2536	13292	512	
FL	-4400	-4400	138	85	4	166	56	63	57	306	6	43821250	6075	4775	148	1925	4244	4632	2536	13292	512	
FL	-4600	-4600	134	84	4	165	57	68	55	303	6	43131799	6075	4775	148	1925	4244	4632	2536	13292	512	
FL	-4800	-4800	132	87	4	164	53	70	56	306	7	42462546	6075	4775	148	1925	4244	4632	2536	13292	512	
FL	-5000	-5000	136	91	5	162	50	70	51	300	5	41812533	6075	4775	148	1925	4244	4632	2536	13292	512	
FL	-5200	-5200	128	92	5	158	49	77	52	280	5	41175380	6075	4775	148	1925	4244	4632	2536	13292	512	
FL	-5400	-5400	125	91	3	153	47	77	55	275	4	40557239	6075	4775	148	1925	4244	4632	2536	13292	512	
FL	-5600	-5600	121	90	3	153	41	78	54	270	3	39955086	6075	4775	148	1925	4244	4632	2536	13292	512	
FL	-5800	-5800	122	83	3	145	39	79	56	269	2	39367970	6075	4775	148	1925	4244	4632	2536	13292	512	
FL	-6000	-6000	117	80	3	136	42	85	56	257	3	38795721	6075	4775	148	1925	4244	4632	2536	13292	512	
FL	-6200	-6200	114	80	3	130	44	83	57	243	3	38243424	6075	4775	148	1925	4244	4632	2536	13292	512	
FL	-6400	-6400	113	77	3	131	43	80	57	239	1	37707723	6075	4775	148	1925	4244	4632	2536	13292	512	
FL	-6600	-6600	116	71	3	130	40	76	53	239	1	37186179	6075	4775	148	1925	4244	4632	2536	13292	512	
FL	-6800	-6800	112	68	3	128	37	74	50	234	1	36682158	6075	4775	148	1925	4244	4632	2536	13292	512	
FL	-7000	-7000	114	64	3	125	37	74	47	226	1	36190941	6075	4775	148	1925	4244	4632	2536	13292	512	
FL	-7200	-7200	109	64	3	123	33	77	43	218	1	35713853	6075	4775	148	1925	4244	4632	2536	13292	512	
FL	-7400	-7400	104	62	3	116	37	80	42	213	1	35251421	6075	4775	148	1925	4244	4632	2536	13292	512	
FL	-7600	-7600	100	62	3	115	38	80	45	215	1	34806394	6075	4775	148	1925	4244	4632	2536	13292	512	
FL	-7800	-7800	103	60	3	112	39	82	44	211	1	34374680	6075	4775	148	1925	4244	4632	2536	13292	512	
FL	-8000	-8000	105	57	3	110	39	83	41	200	1	33953061	6075	4775	148	1925	4244	4632	2536	13292	512	
FL	-8200	-8200	101	55	3	110	34	82	37	208	1	33541797	6075	4775	148	1925	4244	4632	2536	13292	512	
FL	-8400	-8400	103	55	3	104	29	81	34	210	1	33141271	6075	4775	148	1925	4244	4632	2536	13292	512	
FL	-8600	-8600	103	54	3	105	30	77	33	197	1	32752870	6075	4775	148	1925	4244	4632	2536	13292	512	
FL	-8800	-8800	98	48	3	105	29	75	33	188	1	32373489	6075	4775	148	1925	4244	4632	2536	13292	512	
FL	-9000	-9000	100	50	4	102	31	77	34	189	1	32000852	6075	4775	148	1925	4244	4632	2536	13292	512	
FL	-9200	-9200	108	47	2	101	31	79	36	189	2	31635640	6075	4775	148	1925	4244	4632	2536	13292	512	
FL	-9400	-9400	103	43	2	101	27	82	35	188	2	31281406	6075	4775	148	1925	4244	4632	2536	13292	512	
FL	-9600	-9600	101	45	2	100	25	78	35	184	2	30940650	6075	4775	148	1925	4244	4632	2536	13292	512	
FL	-9800	-9800	102	46	2	100	25	76	35	179	2	30609125	6075	4775	148	1925	4244	4632	2536	13292	512	
FL	-10000	-10000	102	48	2	95	24	70	33	169	3	30284548	6075	4775	148	1925	4244	4632	2536	13292	512	
FL	-10200	-10200	94	52	2	96	23	70	36	169	2	29969988	6075	4775	148	1925	4244	4632	2536	13292	512	
FL	-10400	-10400	85	56	2	95	24	71	35	165	1	29665055	6075	4775	148	1925	4244	4632	2536	13292	512	
FL	-10600	-10600	82	56	3	94	24	69	32	174	1	29367643	6075	4775	148	1925	4244	4632	2536	13292	512	
FL	-10800	-10800	80	57	3	91	24	65	30	179	2	29080931	6075	4775	148	1925	4244	4632	2536	13292	512	
FL	-11000	-11000	82	58	3	89	26	70	33	176	2	28797910	6075	4775	148	1925	4244	4632	2536	13292	512	
FL	-11200	-11200	84	61	5	83	26	69	34	171	2	28515788	6075	4775	148	1925	4244	4632	2536	13292	512	
FL	-11400	-11400	79	59	5	85	26	70	32	169	1	28237147	6075	4775	148	1925	4244	4632	2536	13292	512	
FL	-11600	-11600	77	57	5	85	26	67	32	162	1	27964380	6075	4775	148	1925	4244	4632	2536	13292	512	
FL	-11800	-11800	76	57	5	80	23	57	31	162	1	27701145	6075	4775	148	1925	4244	4632	2536	13292	512	
FL	-12000	-12000	79	55	4	78	18	54	35	159	2	27442148	6075	4775	148	1925	4244	4632	2536	13292	512	
FL	-12200	-12200	78	58	3	77	20	58	35	162	2	27182730	6075	4775	148	1925	4244	4632	2536	13292	512	
FL	-12400	-12400	77	56	3	76	19	57	35	161	2	26928972	6075	4775	148	1925	4244	4632	2536	13292	512	
FL	-12600	-12600	72	55	5	72	20	52	37	158	3	26683123	6075	4775	148	1925	4244	4632	2536	13292	512	
FL	-12800	-12800	70	57	6	70	21	50	34	147	3	26442464	6075	4775	148	1925	4244	4632	2536	13292	512	
FL	-13000	-13000	71	52	6	64	22	48	33	141	3	26208958	6075	4775	148	1925	4244	4632	2536	13292	512	
FL	-13200	-13200	68	51	5	63	23	45	35	142	2	25981045	6075	4775	148	1925	4244	4632	2536	13292	512	
FL	-13400	-13400	67	55	5	62	23	47	33	135	2	25754461	6075	4775	148	1925	4244	4632	2536	13292	512	
FL	-13600	-13600	66	54	5	65	21	45	32	132	3	25531621	6075	4775	148	1925	4244	4632	2536	13292	512	
FL	-13800	-13800	65	54	5	66	21	48	33	135	3	25309962	6075	4775	148	1925	4244	4632	2536	13292	512	
FL	-14000	-14000	62	50	3	61	22	51	32	131	4	25092715	6075	4775	148	1925	4244	4632	2536	13292	512	
FL	-14200	-14200	68	46	1	61	22	51	30	136	3	24879495	6075	4775	148	1925	4244	4632	2536	13292	512	
FL	-14400	-14400	71	47	1	58	23	52	30	129	2	24668989	6075	4775	148	1925	4244	4632	2536	13292	512	
FL	-14600	-14600	70	48	2	57	20	53	31	130	3	24462627	6075	4775	148	1925	4244	4632	2536	13292	512	
FL	-14800	-14800	71	46	2	53	22	55	31	119	3	24260148	6075	4775	148	1925	4244	4632	2536	13292	512	
FL	-15000	-15000	66	44	2	51	24	56	33	121	2	24061999	6075	4775	148	1925	4244	4632	2536	13292	512	
FL	-15200	-15200	61	42	2	50	22	54	32	124	2	23868018	6075	4775	148	1925	4244	4632	2536	13292	512	
FL	-15400	-15400	65	44	2	48	19	50	29	121	1	23676863	6075	4775	148	1925	4244	4632	2536	13292	512	
FL	-15600	-15600	65	48	2	48	20	49	31	124	1	23485836	6075	4775	148	1925	4244	4632	2536	13292	512	
FL	-15800	-15800	64	48	1	50	20	49	30	127	2	23299306	6075	4775	148	1925	4244	4632	2536	13292	512	
FL	-16000	-16000	63	44	1	52	20	48	30	129	2	23119200	6075	4775	148	1925	4244	4632	2536	13292	512	
FL	-16200	-16200	63	43	1	52	20	48	35	133	2	22943079	6075	4775	148	1925	4244	4632	2536	13292	512	
FL	-16400	-16400	58	47	1	46	19	51	34	129	2	22768623	6075	4775	148	1925	4244	4632	2536	13292	512	
FL	-16600	-16600	55	43	1	44	16	52	34	123	1	22596628	6075	4775	148	1925	4244	4632	2536	13292	512	
FL	-16800	-16800	52	41	0	44	14	49	33	127	2	22429361	6075	4775	148	1925	4244	4632	2536	13292	512	
FL	-17000	-17000	49	40	0	44	13	49	31	121	2	22267454	6075	4775	148	1925	4244	4632	2536	13292	512	
FL	-17200	-17200	53	41	0	45	13	48	28	112	2	22104062	6075	4775	148	1925	4244	4632	2536	13292	512	
FL	-17400	-17400	53	39	0	44	12	50	28	111	2	21942154	6075	4775	148	1925	4244	4632	2536	13292	512	
FL	-17600	-17600	53	40	0	46	13	48	29	106	2	21784929	6075	4775	148	1925	4244	4632	2536	13292	512	
FL	-17800	-17800	61	42	0	47	14	47	28	107	2	21627894	6075	4775	148	1925	4244	4632	2536	13292	512	
FL	-18000	-18000	58	40	0	46	15	41	29	98	2	21470914	6075	4775	148	1925	4244	4632	2536	13292	512	
FL	-18200	-18200	58	43	0	44	13	41	28	89	2	21316769	6075	4775	148	1925	4244	4632	2536	13292	512	
FL	-18400	-18400	57	44	0	43	15	38	31	90	2	21166325	6075	4775	148	1925	4244	4632	2536	13292	512	
FL	-18600	-18600	54	44	0	42	14	39	29	92	2	21020146	6075	4775	148	1925	4244	4632	2536	13292	512	
FL	-18800	-18800	52	47	0	42	12	35	29	90	2	20876248	6075	4775	148	1925	4244	4632	2536	13292	512	
FL	-19000	-19000	54	46	0	43	14	33	27	89	2	20732691	6075	4775	148	1925	4244	4632	2536	13292	512	
FL	-19200	-19200	61	41	0	42	13	32	27	85	2	20589989	6075	4775	148	1925	4244	4632	2536	13292	512	
FL	-19400	-19400	60	39	0	43	13	30	26	87	2	20448931	6075	4775	148	1925	4244	4632	2536	13292	512	
FL	-19600	-19600	61	41	1	43	15	29	24	88	3	20307993	6075	4775	148	1925	4244	4632	2536	13292	512	
FL	-19800	-19800	60	36	1	41	15	29	23	91	2	20171052	6075	4775	148	1925	4244	4632	2536	13292	512	
FL	-20000	-20000	58	35	3	39	14	28	23	87	2	20037528	6075	4775	148	1925	4244	4632	2536	13292	512	
FL	-20200	-20200	59	35	3	40	14	32	22	83	2	19902838	6075	4775	148	1925	4244	4632	2536	13292	512	
FL	-20400	-20400	62	37	3	38	13	33	23	80	1	19768717	6075	4775	148	1925	4244	4632	2536	13292	512	
FL	-20600	-20600	58	40	3	37	11	37	24	77	1	19636228	6075	4775	148	1925	4244	4632	2536	13292	512	
FL	-20800	-20800	59	37	3	37	11	39	22	82	1	19506281	6075	4775	148	1925	4244	4632	2536	13292	512	
FL	-21000	-21000	62	46	3	37	15	39	20	80	1	19378830	6075	4775	148	1925	4244	4632	2536	13292	512	
FL	-21200	-21200	59	38	2	36	16	43	20	77	1	19255772	6075	4775	148	1925	4244	4632	2536	13292	512	
FL	-21400	-21400	56	38	0	34	14	48	19	76	1	19133062	6075	4775	148	1925	4244	4632	2536	13292	512	
FL	-21600	-21600	52	39	0	31	14	45	18	74	1	19011830	6075	4775	148	1925	4244	4632	2536	13292	512	
FL	-21800	-21800	51	39	1	30	13	44	20	76	1	18896516	6075	4775	148	1925	4244	4632	2536	13292	512	
FL	-22000	-22000	53	38	1	30	11	42	19	81	0	18785401	6075	4775	148	1925	4244	4632	2536	13292	512	
FL	-22200	-22200	54	31	1	30	11	42	21	83	0	18675532	6075	4775	148	1925	4244	4632	2536	13292	512	
FL	-22400	-22400	56	32	1	29	12	43	22	87	0	18567745	6075	4775	148	1925	4244	4632	2536	13292	512	
FL	-22600	-22600	52	30	1	29	10	42	21	85	0	18461443	6075	4775	148	1925	4244	4632	2536	13292	512	
FL	-22800	-22800	54	32	1	29	10	41	26	93	0	18355395	6075	4775	148	1925	4244	4632	2536	13292	512	
FL	-23000	-23000	50	32	1	28	11	37	28	89	0	18252345	6075	4775	148	1925	4244	4632	2536	13292	512	
FL	-23200	-23200	47	30	1	28	11	36	27	87	0	18152290	6075	4775	148	1925	4244	4632	2536	13292	512	
FL	-23400	-23400	44	32	1	28	11	32	31	89	0	18053458	6075	4775	148	1925	4244	4632	2536	13292	512	
FL	-23600	-23600	42	35	1	29	11	34	31	91	0	17957790	6075	4775	148	1925	4244	4632	2536	13292	512	
FL	-23800	-23800	35	31	1	32	9	29	28	86	0	17863217	6075	4775	148	1925	4244	4632	2536	13292	512	
FL	-24000	-24000	36	29	1	32	10	31	25	85	0	17767421	6075	4775	148	1925	4244	4632	2536	13292	512	
FL	-24200	-24200	42	29	1	31	10	30	26	80	0	17672991	6075	4775	148	1925	4244	4632	2536	13292	512	
FL	-24400	-24400	46	29	1	32	10	31	23	76	0	17578226	6075	4775	148	1925	4244	4632	2536	13292	512	
FL	-24600	-24600	47	28	1	31	9	34	19	77	0	17485754	6075	4775	148	1925	4244	4632	2536	13292	512	
FL	-24800	-24800	44	27	1	30	8	35	19	80	0	17395918	6075	4775	148	1925	4244	4632	2536	13292	512	
FL	-25000	-25000	49	27	2	22	5	35	18	76	0	17309045	6075	4775	148	1925	4244	4632	2536	13292	512	
FL	-25200	-25200	44	29	2	19	6	35	15	71	0	17221593	6075	4775	148	1925	4244	4632	2536	13292	512	
FL	-25400	-25400	47	30	3	16	6	33	14	68	1	17135555	6075	4775	148	1925	4244	4632	2536	13292	512	
FL	-25600	-25600	44	27	3	15	7	36	13	67	1	17050920	6075	4775	148	1925	4244	4632	2536	13292	512	
FL	-25800	-25800	42	27	1	15	11	39	12	68	2	16967121	6075	4775	148	1925	4244	4632	2536	13292	512	
FL	-26000	-26000	41	28	1	16	11	44	13	68	2	16885729	6075	4775	148	1925	4244	4632	2536	13292	512	
FL	-26200	-26200	43	26	1	16	12	41	14	68	2	16805429	6075	4775	148	1925	4244	4632	2536	13292	512	
FL	-26400	-26400	39	30	0	16	11	42	16	67	2	16726871	6075	4775	148	1925	4244	4632	2536	13292	512	
FL	-26600	-26600	40	33	0	15	12	39	16	66	2	16650002	6075	4775	148	1925	4244	4632	2536	13292	512	
FL	-26800	-26800	42	30	0	12	8	41	17	67	2	16572457	6075	4775	148	1925	4244	4632	2536	13292	512	
FL	-27000	-27000	44	31	0	13	8	36	19	64	2	16494285	6075	4775	148	1925	4244	4632	2536	13292	512	
FL	-27200	-27200	42	27	0	14	11	36	15	65	3	16416590	6075	4775	148	1925	4244	4632	2536	13292	512	
FL	-27400	-27400	44	24	0	13	11	37	16	64	2	16337049	6075	4775	148	1925	4244	4632	2536	13292	512	
FL	-27600	-27600	46	27	0	15	11	38	13	60	2	16257984	6075	4775	148	1925	4244	4632	2536	13292	512	
FL	-27800	-27800	41	27	0	16	9	40	13	58	2	16178152	6075	4775	148	1925	4244	4632	2536	13292	512	
FL	-28000	-28000	43	30	0	14	13	36	14	55	2	16099748	6075	4775	148	1925	4244	4632	2536	13292	512	
FL	-28200	-28200	36	27	0	14	13	35	14	56	2	16020092	6075	4775	148	1925	4244	4632	2536	13292	512	
FL	-28400	-28400	36	28	0	14	17	36	13	51	1	15940957	6075	4775	148	1925	4244	4632	2536	13292	512	
FL	-28600	-28600	36	28	0	12	18	36	14	49	1	15861552	6075	4775	148	1925	4244	4632	2536	13292	512	
FL	-28800	-28800	36	27	0	11	18	35	13	56	1	15782035	6075	4775	148	1925	4244	4632	2536	13292	512	
FL	-29000	-29000	38	23	0	11	17	36	13	59	1	15704111	6075	4775	148	1925	4244	4632	2536	13292	512	
FL	-29200	-29200	38	23	0	11	19	37	13	58	1	15621977	6075	4775	148	1925	4244	4632	2536	13292	512	
FL	-29400	-29400	37	24	0	11	19	33	17	57	1	15546519	6075	4775	148	1925	4244	4632	2536	13292	512	
FL	-29600	-29600	37	20	0	11	19	28	17	54	1	15471489	6075	4775	148	1925	4244	4632	2536	13292	512	
FL	-29800	-29800	38	17	0	11	19	28	19	59	1	15397144	6075	4775	148	1925	4244	4632	2536	13292	512	
FL	-30000	-30000	39	17	0	11	17	30	19	59	1	15323801	6075	4775	148	1925	4244	4632	2536	13292	512	
FL	-30200	-30200	36	21	0	11	19	28	19	62	1	15251274	6075	4775	148	1925	4244	4632	2536	13292	512	
FL	-30400	-30400	37	20	0	10	17	27	20	59	1	15179036	6075	4775	148	1925	4244	4632	2536	13292	512	
FL	-30600	-30600	34	24	1	12	16	24	19	63	2	15106017	6075	4775	148	1925	4244	4632	2536	13292	512	
FL	-30800	-30800	33	25	1	14	16	22	19	64	2	15033622	6075	4775	148	1925	4244	4632	2536	13292	512	
FL	-31000	-31000	35	25	1	14	16	24	20	61	3	14962055	6075	4775	148	1925	4244	4632	2536	13292	512	
FL	-31200	-31200	40	25	1	15	15	28	16	68	2	14891693	6075	4775	148	1925	4244	4632	2536	13292	512	
FL	-31400	-31400	41	23	1	14	17	27	16	67	2	14822773	6075	4775	148	1925	4244	4632	2536	13292	512	
FL	-31600	-31600	36	27	1	14	13	23	13	70	1	14755438	6075	4775	148	1925	4244	4632	2536	13292	512	
FL	-31800	-31800	39	32	1	11	13	20	14	66	1	14690695	6075	4775	148	1925	4244	4632	2536	13292	512	
FL	-32000	-32000	40	33	0	12	12	22	14	68	1	14627577	6075	4775	148	1925	4244	4632	2536	13292	512	
FL	-32200	-32200	42	29	0	12	12	25	13	64	1	14564232	6075	4775	148	1925	4244	4632	2536	13292	512	
FL	-32400	-32400	42	30	0	12	12	25	12	63	0	14500422	6075	4775	148	1925	4244	4632	2536	13292	512	
FL	-32600	-32600	44	29	0	13	12	25	11	59	0	14436516	6075	4775	148	1925	4244	4632	2536	13292	512	
FL	-32800	-32800	42	29	0	14	12	25	12	58	0	14372695	6075	4775	148	1925	4244	4632	2536	13292	512	
FL	-33000	-33000	47	25	0	16	12	25	13	56	0	14309160	6075	4775	148	1925	4244	4632	2536	13292	512	
FL	-33200	-33200	43	27	0	15	14	25	13	55	0	14245543	6075	4775	148	1925	4244	4632	2536	13292	512	
FL	-33400	-33400	46	25	0	12	13	28	12	55	0	14183287	6075	4775	148	1925	4244	4632	2536	13292	512	
FL	-33600	-33600	45	28	0	14	13	30	10	55	1	14122758	6075	4775	148	1925	4244	4632	2536	13292	512	
FL	-33800	-33800	43	28	0	17	14	29	12	56	2	14062889	6075	4775	148	1925	4244	4632	2536	13292	512	
FL	-34000	-34000	43	29	0	17	14	30	12	57	2	14004202	6075	4775	148	1925	4244	4632	2536	13292	512	
FL	-34200	-34200	40	34	0	17	12	30	13	55	1	13944553	6075	4775	148	1925	4244	4632	2536	13292	512	
FL	-34400	-34400	38	34	0	17	14	33	15	52	1	13886591	6075	4775	148	1925	4244	4632	2536	13292	512	
FL	-34600	-34600	38	38	0	15	15	29	18	54	1	13828423	6075	4775	148	1925	4244	4632	2536	13292	512	
FL	-34800	-34800	35	39	0	16	16	27	18	57	1	13770841	6075	4775	148	1925	4244	4632	2536	13292	512	
FL	-35000	-35000	31	41	0	16	19	25	17	59	1	13713805	6075	4775	148	1925	4244	4632	2536	13292	512	
FL	-35200	-35200	29	35	0	14	20	28	19	61	1	13658595	6075	4775	148	1925	4244	4632	2536	13292	512	
FL	-35400	-35400	27	31	1	11	21	27	20	61	1	13603174	6075	4775	148	1925	4244	4632	2536	13292	512	
FL	-35600	-35600	32	30	1	11	22	29	20	59	0	13547146	6075	4775	148	1925	4244	4632	2536	13292	512	
FL	-35800	-35800	31	27	1	10	19	32	20	55	0	13492963	6075	4775	148	1925	4244	4632	2536	13292	512	
FL	-36000	-36000	31	22	1	10	17	33	21	56	0	13435216	6075	4775	148	1925	4244	4632	2536	13292	512	
FL	-36200	-36200	31	21	1	11	15	31	20	51	0	13379509	6075	4775	148	1925	4244	4632	2536	13292	512	
FL	-36400	-36400	31	23	1	12	12	33	20	51	0	13325346	6075	4775	148	1925	4244	4632	2536	13292	512	
FL	-36600	-36600	32	23	1	11	11	31	24	54	0	13272194	6075	4775	148	1925	4244	4632	2536	13292	512	
FL	-36800	-36800	33	27	1	11	11	30	23	48	0	13217736	6075	4775	148	1925	4244	4632	2536	13292	512	
FL	-37000	-37000	37	24	1	11	12	30	19	42	0	13162258	6075	4775	148	1925	4244	4632	2536	13292	512	
FL	-37200	-37200	36	26	2	12	11	34	14	36	0	13108891	6075	4775	148	1925	4244	4632	2536	13292	512	
FL	-37400	-37400	33	27	2	13	11	30	14	32	0	13056061	6075	4775	148	1925	4244	4632	2536	13292	512	
FL	-37600	-37600	35	28	1	12	13	26	14	28	0	13003269	6075	4775	148	1925	4244	4632	2536	13292	512	
FL	-37800	-37800	33	27	1	12	12	25	13	30	0	12950581	6075	4775	148	1925	4244	4632	2536	13292	512	
FL	-38000	-38000	34	24	1	12	12	24	12	30	1	12896880	6075	4775	148	1925	4244	4632	2536	13292	512	
FL	-38200	-38200	37	22	1	12	13	22	12	31	1	12848509	6075	4775	148	1925	4244	4632	2536	13292	512	
FL	-38400	-38400	38	18	1	11	15	25	12	34	2	12802042	6075	4775	148	1925	4244	4632	2536	13292	512	
FL	-38600	-38600	44	19	1	11	15	23	13	36	2	12755193	6075	4775	148	1925	4244	4632	2536	13292	512	
FL	-38800	-38800	40	21	1	11	16	22	10	38	3	12707367	6075	4775	148	1925	4244	4632	2536	13292	512	
FL	-39000	-39000	38	23	1	12	15	23	10	39	3	12656625	6075	4775	148	1925	4244	4632	2536	13292	512	
FL	-39200	-39200	33	20	2	11	16	23	9	42	4	12604950	6075	4775	148	1925	4244	4632	2536	13292	512	
FL	-39400	-39400	28	23	2	11	13	23	10	43	4	12552454	6075	4775	148	1925	4244	4632	2536	13292	512	
FL	-39600	-39600	30	20	2	11	12	22	11	40	3	12500785	6075	4775	148	1925	4244	4632	2536	13292	512	
FL	-39800	-39800	32	22	2	9	12	21	9	39	2	12450076	6075	4775	148	1925	4244	4632	2536	13292	512	
FL	-40000	-40000	30	23	3	9	12	20	10	41	2	12401142	6075	4775	148	1925	4244	4632	2536	13292	512	
FL	-40200	-40200	31	21	2	10	11	16	8	40	1	12351972	6075	4775	148	1925	4244	4632	2536	13292	512	
FL	-40400	-40400	32	20	0	8	11	17	7	43	1	12303162	6075	4775	148	1925	4244	4632	2536	13292	512	
FL	-40600	-40600	31	20	0	9	12	17	7	40	1	12254618	6075	4775	148	1925	4244	4632	2536	13292	512	
FL	-40800	-40800	31	20	1	8	15	19	8	44	2	12206463	6075	4775	148	1925	4244	4632	2536	13292	512	
FL	-41000	-41000	34	22	1	8	15	23	9	42	3	12159138	6075	4775	148	1925	4244	4632	2536	13292	512	
FL	-41200	-41200	33	22	1	8	14	24	10	38	4	12111857	6075	4775	148	1925	4244	4632	2536	13292	512	
FL	-41400	-41400	27	18	1	8	13	22	10	32	4	12065854	6075	4775	148	1925	4244	4632	2536	13292	512	
FL	-41600	-41600	30	19	0	8	12	28	11	31	4	12019823	6075	4775	148	1925	4244	4632	2536	13292	512	
FL	-41800	-41800	31	19	1	8	10	26	13	30	3	11973874	6075	4775	148	1925	4244	4632	2536	13292	512	
FL	-42000	-42000	34	18	1	9	9	26	12	28	2	11929070	6075	4775	148	1925	4244	4632	2536	13292	512	
FL	-42200	-42200	39	20	1	8	9	26	12	27	2	11885668	6075	4775	148	1925	4244	4632	2536	13292	512	
FL	-42400	-42400	39	20	1	8	8	26	14	26	1	11842883	6075	4775	148	1925	4244	4632	2536	13292	512	
FL	-42600	-42600	41	19	1	8	9	28	13	27	1	11800306	6075	4775	148	1925	4244	4632	2536	13292	512	
FL	-42800	-42800	42	21	1	7	10	24	13	30	1	11758775	6075	4775	148	1925	4244	4632	2536	13292	512	
FL	-43000	-43000	39	23	1	10	11	24	13	26	1	11717103	6075	4775	148	1925	4244	4632	2536	13292	512	
FL	-43200	-43200	39	26	1	11	11	23	12	26	1	11672998	6075	4775	148	1925	4244	4632	2536	13292	512	
FL	-43400	-43400	35	26	1	11	12	23	13	26	0	11628893	6075	4775	148	1925	4244	4632	2536	13292	512	
FL	-43600	-43600	32	24	1	7	12	20	14	26	0	11586897	6075	4775	148	1925	4244	4632	2536	13292	512	
FL	-43800	-43800	31	22	0	5	12	20	13	27	0	11544173	6075	4775	148	1925	4244	4632	2536	13292	512	
FL	-44000	-44000	30	23	0	5	12	21	13	29	0	11501529	6075	4775	148	1925	4244	4632	2536	13292	512	
FL	-44200	-44200	32	19	0	6	9	22	12	28	1	11458650	6075	4775	148	1925	4244	4632	2536	13292	512	
FL	-44400	-44400	30	22	0	5	8	22	11	26	1	11416998	6075	4775	148	1925	4244	4632	2536	13292	512	
FL	-44600	-44600	26	20	0	5	9	24	10	24	1	11376343	6075	4775	148	1925	4244	4632	2536	13292	512	
FL	-44800	-44800	29	18	0	4	9	25	10	28	1	11336877	6075	4775	148	1925	4244	4632	2536	13292	512	
FL	-45000	-45000	25	17	0	4	8	24	10	33	1	11297809	6075	4775	148	1925	4244	4632	2536	13292	512	
FL	-45200	-45200	26	16	0	4	8	23	11	38	0	11258990	6075	4775	148	1925	4244	4632	2536	13292	512	
FL	-45400	-45400	27	13	0	3	8	21	12	40	1	11220271	6075	4775	148	1925	4244	4632	2536	13292	512	
FL	-45600	-45600	28	14	0	3	9	20	7	39	1	11181103	6075	4775	148	1925	4244	4632	2536	13292	512	
FL	-45800	-45800	27	14	0	3	10	22	6	42	1	11144477	6075	4775	148	1925	4244	4632	2536	13292	512	
FL	-46000	-46000	32	13	0	5	9	18	7	41	1	11108929	6075	4775	148	1925	4244	4632	2536	13292	512	
FL	-46200	-46200	32	14	0	6	10	14	7	39	1	11074285	6075	4775	148	1925	4244	4632	2536	13292	512	
FL	-46400	-46400	31	14	0	8	12	13	8	39	0	11038982	6075	4775	148	1925	4244	4632	2536	13292	512	
FL	-46600	-46600	27	13	0	7	12	14	6	39	0	11004090	6075	4775	148	1925	4244	4632	2536	13292	512	
FL	-46800	-46800	27	14	0	7	10	17	6	36	0	10968408	6075	4775	148	1925	4244	4632	2536	13292	512	
FL	-47000	-47000	29	16	0	7	10	18	7	36	0	10930677	6075	4775	148	1925	4244	4632	2536	13292	512	
FL	-47200	-47200	28	16	0	6	10	23	10	37	0	10894522	6075	4775	148	1925	4244	4632	2536	13292	512	
FL	-47400	-47400	25	14	0	6	9	23	10	33	0	10858868	6075	4775	148	1925	4244	4632	2536	13292	512	
FL	-47600	-47600	26	12	0	5	9	22	10	29	0	10821561	6075	4775	148	1925	4244	4632	2536	13292	512	
FL	-47800	-47800	25	13	0	7	9	20	8	26	0	10785811	6075	4775	148	1925	4244	4632	2536	13292	512	
FL	-48000	-48000	28	15	1	8	8	20	9	24	0	10749727	6075	4775	148	1925	4244	4632	2536	13292	512	
FL	-48200	-48200	24	14	2	6	9	20	10	25	0	10713219	6075	4775	148	1925	4244	4632	2536	13292	512	
FL	-48400	-48400	24	18	2	4	10	16	8	22	0	10674584	6075	4775	148	1925	4244	4632	2536	13292	512	
FL	-48600	-48600	24	18	1	3	9	16	9	24	0	10637359	6075	4775	148	1925	4244	4632	2536	13292	512	
FL	-48800	-48800	23	18	1	2	11	15	10	23	0	10600625	6075	4775	148	1925	4244	4632	2536	13292	512	
FL	-49000	-49000	18	18	1	2	11	16	12	24	0	10564700	6075	4775	148	1925	4244	4632	2536	13292	512	
FL	-49200	-49200	18	17	1	2	11	18	11	23	0	10530141	6075	4775	148	1925	4244	4632	2536	13292	512	
FL	-49400	-49400	17	19	1	4	11	15	10	25	0	10495608	6075	4775	148	1925	4244	4632	2536	13292	512	
FL	-49600	-49600	18	19	1	5	11	16	11	25	0	10462353	6075	4775	148	1925	4244	4632	2536	13292	512	
FL	-49800	-49800	18	19	1	3	11	17	15	26	0	10429328	6075	4775	148	1925	4244	4632	2536	13292	512	
FL	-50000	-50000	20	17	1	3	10	16	13	26	0	10395236	6075	4775	148	1925	4244	4632	2536	13292	512	
FL	-50200	-50200	23	17	1	2	11	15	12	28	0	10361511	6075	4775	148	1925	4244	4632	2536	13292	512	
FL	-50400	-50400	21	19	1	3	10	13	12	28	0	10328583	6075	4775	148	1925	4244	4632	2536	13292	512	
FL	-50600	-50600	23	19	1	3	8	17	11	28	0	10297264	6075	4775	148	1925	4244	4632	2536	13292	512	
FL	-50800	-50800	24	15	1	3	9	20	11	27	0	10266656	6075	4775	148	1925	4244	4632	2536	13292	512	
FL	-51000	-51000	24	15	1	1	9	20	10	26	0	10234797	6075	4775	148	1925	4244	4632	2536	13292	512	
FL	-51200	-51200	21	14	0	1	8	19	7	27	0	10202523	6075	4775	148	1925	4244	4632	2536	13292	512	
FL	-51400	-51400	28	13	0	1	7	21	8	28	0	10171140	6075	4775	148	1925	4244	4632	2536	13292	512	
FL	-51600	-51600	27	12	0	0	7	19	7	27	0	10140219	6075	4775	148	1925	4244	4632	2536	13292	512	
FL	-51800	-51800	26	12	0	0	8	21	8	28	0	10108865	6075	4775	148	1925	4244	4632	2536	13292	512	
FL	-52000	-52000	23	11	0	1	9	21	7	26	0	10078386	6075	4775	148	1925	4244	4632	2536	13292	512	
FL	-52200	-52200	23	11	0	1	10	21	7	27	0	10047761	6075	4775	148	1925	4244	4632	2536	13292	512	
FL	-52400	-52400	22	16	0	1	11	27	9	28	0	10017001	6075	4775	148	1925	4244	4632	2536	13292	512	
FL	-52600	-52600	25	18	0	1	9	28	8	27	0	9985950	6075	4775	148	1925	4244	4632	2536	13292	512	
FL	-52800	-52800	28	18	0	1	7	28	8	28	0	9955138	6075	4775	148	1925	4244	4632	2536	13292	512	
FL	-53000	-53000	28	17	0	1	6	29	8	31	0	9926470	6075	4775	148	1925	4244	4632	2536	13292	512	
FL	-53200	-53200	26	16	0	1	6	29	8	34	0	9897343	6075	4775	148	1925	4244	4632	2536	13292	512	
FL	-53400	-53400	27	14	0	0	10	26	7	33	0	9868170	6075	4775	148	1925	4244	4632	2536	13292	512	
FL	-53600	-53600	26	15	1	0	10	26	4	30	0	9838945	6075	4775	148	1925	4244	4632	2536	13292	512	
FL	-53800	-53800	27	16	1	0	10	23	3	28	0	9810375	6075	4775	148	1925	4244	4632	2536	13292	512	
FL	-54000	-54000	25	16	1	1	12	24	2	25	0	9780808	6075	4775	148	1925	4244	4632	2536	13292	512	
FL	-54200	-54200	24	13	1	1	12	22	3	27	0	9751797	6075	4775	148	1925	4244	4632	2536	13292	512	
FL	-54400	-54400	20	14	1	1	8	22	4	26	0	9724076	6075	4775	148	1925	4244	4632	2536	13292	512	
FL	-54600	-54600	18	14	1	1	9	22	4	26	0	9695518	6075	4775	148	1925	4244	4632	2536	13292	512	
FL	-54800	-54800	17	13	1	1	9	21	5	29	0	9668123	6075	4775	148	1925	4244	4632	2536	13292	512	
FL	-55000	-55000	18	12	1	1	7	20	8	29	0	9639996	6075	4775	148	1925	4244	4632	2536	13292	512	
FL	-55200	-55200	21	12	1	1	4	20	9	31	0	9611095	6075	4775	148	1925	4244	4632	2536	13292	512	
FL	-55400	-55400	22	13	1	0	5	18	9	30	0	9580297	6075	4775	148	1925	4244	4632	2536	13292	512	
FL	-55600	-55600	21	12	0	0	6	18	9	29	0	9550306	6075	4775	148	1925	4244	4632	2536	13292	512	
FL	-55800	-55800	15	15	0	0	7	20	9	29	0	9520659	6075	4775	148	1925	4244	4632	2536	13292	512	
FL	-56000	-56000	18	15	0	2	7	20	8	28	0	9491485	6075	4775	148	1925	4244	4632	2536	13292	512	
FL	-56200	-56200	18	15	0	2	7	15	10	27	0	9463499	6075	4775	148	1925	4244	4632	2536	13292	512	
FL	-56400	-56400	23	16	0	2	5	16	9	24	0	9435024	6075	4775	148	1925	4244	4632	2536	13292	512	
FL	-56600	-56600	21	14	0	2	5	14	8	26	0	9404756	6075	4775	148	1925	4244	4632	2536	13292	512	
FL	-56800	-56800	24	13	0	2	7	16	9	27	0	9374516	6075	4775	148	1925	4244	4632	2536	13292	512	
FL	-57000	-57000	25	15	0	2	8	16	11	23	0	9344470	6075	4775	148	1925	4244	4632	2536	13292	512	
FL	-57200	-57200	23	17	0	2	6	12	8	25	0	9315657	6075	4775	148	1925	4244	4632	2536	13292	512	
FL	-57400	-57400	25	16	0	2	6	10	5	23	0	9287906	6075	4775	148	1925	4244	4632	2536	13292	512	
FL	-57600	-57600	27	16	0	2	5	11	5	23	0	9259797	6075	4775	148	1925	4244	4632	2536	13292	512	
FL	-57800	-57800	27	12	0	2	4	12	5	22	1	9232225	6075	4775	148	1925	4244	4632	2536	13292	512	
FL	-58000	-58000	28	15	0	2	5	14	5	20	1	9204215	6075	4775	148	1925	4244	4632	2536	13292	512	
FL	-58200	-58200	30	17	0	2	5	14	4	23	1	9176702	6075	4775	148	1925	4244	4632	2536	13292	512	
FL	-58400	-58400	27	16	0	1	4	15	5	23	1	9149098	6075	4775	148	1925	4244	4632	2536	13292	512	
FL	-58600	-58600	22	22	0	3	3	16	3	25	1	9120251	6075	4775	148	1925	4244	4632	2536	13292	512	
FL	-58800	-58800	21	19	1	4	4	19	2	25	1	9091124	6075	4775	148	1925	4244	4632	2536	13292	512	
FL	-59000	-59000	20	15	1	4	3	19	1	26	1	9062281	6075	4775	148	1925	4244	4632	2536	13292	512	
FL	-59200	-59200	19	13	1	3	5	19	1	26	1	9034049	6075	4775	148	1925	4244	4632	2536	13292	512	
FL	-59400	-59400	18	7	1	3	4	18	3	25	1	9005980	6075	4775	148	1925	4244	4632	2536	13292	512	
FL	-59600	-59600	18	8	1	3	5	17	3	27	1	8980317	6075	4775	148	1925	4244	4632	2536	13292	512	
FL	-59800	-59800	14	10	0	3	8	17	4	23	1	8954752	6075	4775	148	1925	4244	4632	2536	13292	512	
FL	-60000	-60000	16	11	0	4	8	16	6	21	1	8929118	6075	4775	148	1925	4244	4632	2536	13292	512	
FL	-60200	-60200	16	13	0	4	8	16	5	18	1	8904261	6075	4775	148	1925	4244	4632	2536	13292	512	
FL	-60400	-60400	16	14	0	4	9	17	5	19	1	8879244	6075	4775	148	1925	4244	4632	2536	13292	512	
FL	-60600	-60600	13	14	0	2	7	16	5	18	1	8855278	6075	4775	148	1925	4244	4632	2536	13292	512	
FL	-60800	-60800	12	16	0	2	6	17	5	22	1	8832663	6075	4775	148	1925	4244	4632	2536	13292	512	
FL	-61000	-61000	12	17	0	2	6	18	4	21	1	8810416	6075	4775	148	1925	4244	4632	2536	13292	512	
FL	-61200	-61200	12	18	0	2	6	20	5	22	0	8789126	6075	4775	148	1925	4244	4632	2536	13292	512	
FL	-61400	-61400	14	17	0	3	6	21	7	25	0	8767416	6075	4775	148	1925	4244	4632	2536	13292	512	
FL	-61600	-61600	11	19	0	4	8	21	6	27	0	8744686	6075	4775	148	1925	4244	4632	2536	13292	512	
FL	-61800	-61800	10	18	0	3	5	20	3	25	0	8721855	6075	4775	148	1925	4244	4632	2536	13292	512	
FL	-62000	-62000	10	14	0	4	9	16	4	26	0	8699735	6075	4775	148	1925	4244	4632	2536	13292	512	
FL	-62200	-62200	10	11	0	5	8	16	4	28	0	8676636	6075	4775	148	1925	4244	4632	2536	13292	512	
FL	-62400	-62400	11	11	0	5	9	16	3	27	0	8653280	6075	4775	148	1925	4244	4632	2536	13292	512	
FL	-62600	-62600	9	10	0	5	9	19	3	32	0	8629123	6075	4775	148	1925	4244	4632	2536	13292	512	
FL	-62800	-62800	12	10	0	6	9	18	4	35	0	8603829	6075	4775	148	1925	4244	4632	2536	13292	512	
FL	-63000	-63000	12	11	0	6	10	17	4	38	0	8578664	6075	4775	148	1925	4244	4632	2536	13292	512	
FL	-63200	-63200	11	12	0	6	9	19	2	35	0	8554522	6075	4775	148	1925	4244	4632	2536	13292	512	
FL	-63400	-63400	14	13	0	5	9	17	2	32	0	8532113	6075	4775	148	1925	4244	4632	2536	13292	512	
FL	-63600	-63600	17	13	0	3	9	11	2	33	0	8510482	6075	4775	148	1925	4244	4632	2536	13292	512	
FL	-63800	-63800	14	12	0	3	8	11	4	29	1	8489700	6075	4775	148	1925	4244	4632	2536	13292	512	
FL	-64000	-64000	15	15	0	3	7	11	4	24	1	8468475	6075	4775	148	1925	4244	4632	2536	13292	512	
FL	-64200	-64200	15	13	0	3	9	11	5	24	1	8447024	6075	4775	148	1925	4244	4632	2536	13292	512	
FL	-64400	-64400	13	12	0	3	9	9	5	27	1	8424095	6075	4775	148	1925	4244	4632	2536	13292	512	
FL	-64600	-64600	15	10	0	3	12	12	6	25	1	8401542	6075	4775	148	1925	4244	4632	2536	13292	512	
FL	-64800	-64800	20	9	0	2	11	13	8	30	0	8379825	6075	4775	148	1925	4244	4632	2536	13292	512	
FL	-65000	-65000	19	12	0	1	9	14	9	31	1	8358620	6075	4775	148	1925	4244	4632	2536	13292	512	
FL	-65200	-65200	16	12	0	1	8	14	3	31	1	8337527	6075	4775	148	1925	4244	4632	2536	13292	512	
FL	-65400	-65400	21	10	0	3	7	16	4	31	1	8316212	6075	4775	148	1925	4244	4632	2536	13292	512	
FL	-65600	-65600	21	11	0	3	5	15	3	32	1	8294412	6075	4775	148	1925	4244	4632	2536	13292	512	
FL	-65800	-65800	22	10	0	3	6	15	4	27	2	8272535	6075	4775	148	1925	4244	4632	2536	13292	512	
FL	-66000	-66000	20	13	0	4	7	15	4	27	2	8250322	6075	4775	148	1925	4244	4632	2536	13292	512	
FL	-66200	-66200	18	13	0	2	6	16	6	24	2	8229459	6075	4775	148	1925	4244	4632	2536	13292	512	
FL	-66400	-66400	17	13	0	2	6	17	5	24	1	8208668	6075	4775	148	1925	4244	4632	2536	13292	512	
FL	-66600	-66600	16	14	0	2	5	14	4	23	1	8188181	6075	4775	148	1925	4244	4632	2536	13292	512	
FL	-66800	-66800	16	17	0	2	4	13	4	21	1	8167904	6075	4775	148	1925	4244	4632	2536	13292	512	
FL	-67000	-67000	18	16	0	2	5	14	3	22	1	8147230	6075	4775	148	1925	4244	4632	2536	13292	512	
FL	-67200	-67200	17	16	0	3	5	14	3	22	1	8127810	6075	4775	148	1925	4244	4632	2536	13292	512	
FL	-67400	-67400	14	15	0	3	3	13	3	21	1	8109045	6075	4775	148	1925	4244	4632	2536	13292	512	
FL	-67600	-67600	15	13	0	3	3	15	3	24	1	8090915	6075	4775	148	1925	4244	4632	2536	13292	512	
FL	-67800	-67800	14	15	0	2	3	14	3	25	1	8072286	6075	4775	148	1925	4244	4632	2536	13292	512	
FL	-68000	-68000	13	14	0	1	3	15	5	26	1	8054469	6075	4775	148	1925	4244	4632	2536	13292	512	
FL	-68200	-68200	15	12	0	1	1	15	6	26	1	8036660	6075	4775	148	1925	4244	4632	2536	13292	512	
FL	-68400	-68400	16	11	0	1	1	14	6	24	1	8019350	6075	4775	148	1925	4244	4632	2536	13292	512	
FL	-68600	-68600	14	11	0	1	1	16	4	22	1	8001800	6075	4775	148	1925	4244	4632	2536	13292	512	
FL	-68800	-68800	14	12	0	1	0	14	5	26	1	7983618	6075	4775	148	1925	4244	4632	2536	13292	512	
FL	-69000	-69000	17	11	0	1	0	13	6	28	1	7965106	6075	4775	148	1925	4244	4632	2536	13292	512	
FL	-69200	-69200	16	10	0	1	1	10	4	31	1	7947088	6075	4775	148	1925	4244	4632	2536	13292	512	
FL	-69400	-69400	16	9	0	1	1	9	4	29	1	7929418	6075	4775	148	1925	4244	4632	2536	13292	512	
FL	-69600	-69600	15	12	0	1	1	12	2	24	1	7913196	6075	4775	148	1925	4244	4632	2536	13292	512	
FL	-69800	-69800	16	11	0	0	2	13	3	23	1	7897385	6075	4775	148	1925	4244	4632	2536	13292	512	
FL	-70000	-70000	16	12	0	0	3	14	3	26	1	7881577	6075	4775	148	1925	4244	4632	2536	13292	512	
FL	-70200	-70200	14	12	0	0	4	14	6	27	1	7867284	6075	4775	148	1925	4244	4632	2536	13292	512	
FL	-70400	-70400	14	14	0	0	5	13	6	30	1	7852536	6075	4775	148	1925	4244	4632	2536	13292	512	
FL	-70600	-70600	13	12	0	1	4	10	7	29	0	7836793	6075	4775	148	1925	4244	4632	2536	13292	512	
FL	-70800	-70800	15	12	1	1	4	10	7	27	1	7821116	6075	4775	148	1925	4244	4632	2536	13292	512	
FL	-71000	-71000	15	10	1	1	5	12	6	30	1	7804462	6075	4775	148	1925	4244	4632	2536	13292	512	
FL	-71200	-71200	16	11	1	2	4	12	7	28	0	7787092	6075	4775	148	1925	4244	4632	2536	13292	512	
FL	-71400	-71400	14	11	1	2	4	12	6	24	0	7769189	6075	4775	148	1925	4244	4632	2536	13292	512	
FL	-71600	-71600	12	13	0	1	6	12	5	27	0	7751572	6075	4775	148	1925	4244	4632	2536	13292	512	
FL	-71800	-71800	12	16	0	2	7	12	6	22	0	7733753	6075	4775	148	1925	4244	4632	2536	13292	512	
FL	-72000	-72000	14	15	0	2	7	13	4	22	0	7714771	6075	4775	148	1925	4244	4632	2536	13292	512	
FL	-72200	-72200	16	14	0	3	7	13	5	21	0	7697348	6075	4775	148	1925	4244	4632	2536	13292	512	
FL	-72400	-72400	16	18	0	3	7	12	4	21	0	7681470	6075	4775	148	1925	4244	4632	2536	13292	512	
FL	-72600	-72600	18	16	0	3	7	12	4	24	0	7665376	6075	4775	148	1925	4244	4632	2536	13292	512	
FL	-72800	-72800	18	16	0	3	7	10	4	23	0	7648758	6075	4775	148	1925	4244	4632	2536	13292	512	
FL	-73000	-73000	15	16	0	3	6	10	4	23	0	7631426	6075	4775	148	1925	4244	4632	2536	13292	512	
FL	-73200	-73200	15	13	0	4	9	12	3	23	1	7614151	6075	4775	148	1925	4244	4632	2536	13292	512	
FL	-73400	-73400	16	12	0	3	8	13	4	18	1	7597385	6075	4775	148	1925	4244	4632	2536	13292	512	
FL	-73600	-73600	18	11	0	5	10	16	5	16	2	7581020	6075	4775	148	1925	4244	4632	2536	13292	512	
FL	-73800	-73800	17	11	0	4	9	16	5	21	1	7564542	6075	4775	148	1925	4244	4632	2536	13292	512	
FL	-74000	-74000	17	12	0	4	7	15	5	21	0	7547127	6075	4775	148	1925	4244	4632	2536	13292	512	
FL	-74200	-74200	19	12	0	5	7	11	6	25	0	7529467	6075	4775	148	1925	4244	4632	2536	13292	512	
FL	-74400	-74400	22	14	0	6	5	10	5	18	0	7512898	6075	4775	148	1925	4244	4632	2536	13292	512	
FL	-74600	-74600	23	15	0	6	4	12	4	18	0	7496477	6075	4775	148	1925	4244	4632	2536	13292	512	
FL	-74800	-74800	22	13	0	6	6	12	5	21	0	7479389	6075	4775	148	1925	4244	4632	2536	13292	512	
FL	-75000	-75000	21	13	1	4	8	13	5	22	0	7461469	6075	4775	148	1925	4244	4632	2536	13292	512	
FL	-75200	-75200	18	12	1	5	6	14	6	23	0	7443025	6075	4775	148	1925	4244	4632	2536	13292	512	
FL	-75400	-75400	18	12	1	6	6	14	5	23	0	7425187	6075	4775	148	1925	4244	4632	2536	13292	512	
FL	-75600	-75600	19	13	1	6	5	17	5	23	0	7408088	6075	4775	148	1925	4244	4632	2536	13292	512	
FL	-75800	-75800	16	12	1	6	6	17	4	26	0	7391221	6075	4775	148	1925	4244	4632	2536	13292	512	
FL	-76000	-76000	16	9	1	6	6	16	3	25	1	7373682	6075	4775	148	1925	4244	4632	2536	13292	512	
FL	-76200	-76200	15	10	1	6	6	16	4	23	2	7355496	6075	4775	148	1925	4244	4632	2536	13292	512	
FL	-76400	-76400	14	10	1	5	5	16	4	18	2	7337717	6075	4775	148	1925	4244	4632	2536	13292	512	
FL	-76600	-76600	12	9	1	4	4	17	3	17	2	7320164	6075	4775	148	1925	4244	4632	2536	13292	512	
FL	-76800	-76800	11	8	1	4	2	13	2	16	3	7302821	6075	4775	148	1925	4244	4632	2536	13292	512	
FL	-77000	-77000	14	11	1	5	2	13	4	21	3	7286539	6075	4775	148	1925	4244	4632	2536	13292	512	
FL	-77200	-77200	15	10	1	3	2	13	4	24	3	7269042	6075	4775	148	1925	4244	4632	2536	13292	512	
FL	-77400	-77400	17	7	0	1	3	12	4	22	3	7251212	6075	4775	148	1925	4244	4632	2536	13292	512	
FL	-77600	-77600	15	6	0	1	3	12	4	21	2	7234415	6075	4775	148	1925	4244	4632	2536	13292	512	
FL	-77800	-77800	19	6	0	1	4	12	5	18	1	7218842	6075	4775	148	1925	4244	4632	2536	13292	512	
FL	-78000	-78000	24	6	0	1	5	12	6	18	2	7204056	6075	4775	148	1925	4244	4632	2536	13292	512	
FL	-78200	-78200	25	8	0	1	6	8	6	17	1	7188638	6075	4775	148	1925	4244	4632	2536	13292	512	
FL	-78400	-78400	23	8	0	1	7	8	6	16	1	7172453	6075	4775	148	1925	4244	4632	2536	13292	512	
FL	-78600	-78600	21	11	0	2	6	12	5	18	1	7157327	6075	4775	148	1925	4244	4632	2536	13292	512	
FL	-78800	-78800	21	12	1	2	5	15	7	16	1	7143247	6075	4775	148	1925	4244	4632	2536	13292	512	
FL	-79000	-79000	20	13	1	2	5	14	7	18	1	7129474	6075	4775	148	1925	4244	4632	2536	13292	512	
FL	-79200	-79200	16	12	1	2	4	14	6	18	0	7117485	6075	4775	148	1925	4244	4632	2536	13292	512	
FL	-79400	-79400	19	13	1	1	5	14	8	15	0	7103588	6075	4775	148	1925	4244	4632	2536	13292	512	
FL	-79600	-79600	19	15	1	2	5	11	8	14	0	7089497	6075	4775	148	1925	4244	4632	2536	13292	512	
FL	-79800	-79800	19	12	1	2	4	10	7	19	0	7075106	6075	4775	148	1925	4244	4632	2536	13292	512	
FL	-80000	-80000	19	12	0	2	6	8	8	17	0	7060507	6075	4775	148	1925	4244	4632	2536	13292	512	
FL	-80200	-80200	19	13	0	2	6	8	9	18	0	7045432	6075	4775	148	1925	4244	4632	2536	13292	512	
FL	-80400	-80400	18	12	0	3	5	8	7	20	0	7030521	6075	4775	148	1925	4244	4632	2536	13292	512	
FL	-80600	-80600	17	12	0	3	6	8	7	21	0	7016022	6075	4775	148	1925	4244	4632	2536	13292	512	
FL	-80800	-80800	15	15	0	3	5	7	8	19	0	7001001	6075	4775	148	1925	4244	4632	2536	13292	512	
FL	-81000	-81000	13	15	0	3	5	8	10	17	0	6985459	6075	4775	148	1925	4244	4632	2536	13292	512	
FL	-81200	-81200	11	12	0	3	4	8	12	20	1	6969887	6075	4775	148	1925	4244	4632	2536	13292	512	
FL	-81400	-81400	10	13	0	2	4	11	11	18	2	6953264	6075	4775	148	1925	4244	4632	2536	13292	512	
FL	-81600	-81600	11	14	0	2	6	10	10	20	2	6937168	6075	4775	148	1925	4244	4632	2536	13292	512	
FL	-81800	-81800	9	14	0	2	7	9	10	19	2	6921497	6075	4775	148	1925	4244	4632	2536	13292	512	
FL	-82000	-82000	11	13	0	2	6	8	10	20	2	6905741	6075	4775	148	1925	4244	4632	2536	13292	512	
FL	-82200	-82200	14	14	0	4	6	7	9	19	2	6889228	6075	4775	148	1925	4244	4632	2536	13292	512	
FL	-82400	-82400	14	13	0	4	8	6	8	20	2	6872674	6075	4775	148	1925	4244	4632	2536	13292	512	
FL	-82600	-82600	15	12	0	5	8	6	7	19	2	6856879	6075	4775	148	1925	4244	4632	2536	13292	512	
FL	-82800	-82800	10	13	0	7	8	7	5	16	2	6841400	6075	4775	148	1925	4244	4632	2536	13292	512	
FL	-83000	-83000	14	12	0	5	6	9	4	18	2	6826647	6075	4775	148	1925	4244	4632	2536	13292	512	
FL	-83200	-83200	13	13	0	6	6	12	4	19	2	6812222	6075	4775	148	1925	4244	4632	2536	13292	512	
FL	-83400	-83400	11	13	0	6	5	15	4	18	2	6798034	6075	4775	148	1925	4244	4632	2536	13292	512	
FL	-83600	-83600	11	13	0	5	5	15	4	18	1	6784075	6075	4775	148	1925	4244	4632	2536	13292	512	
FL	-83800	-83800	14	15	0	4	4	15	5	18	0	6771123	6075	4775	148	1925	4244	4632	2536	13292	512	
FL	-84000	-84000	16	15	0	4	5	17	5	19	0	6756022	6075	4775	148	1925	4244	4632	2536	13292	512	
FL	-84200	-84200	16	13	0	4	5	16	4	21	0	6742103	6075	4775	148	1925	4244	4632	2536	13292	512	
FL	-84400	-84400	14	14	0	5	7	18	4	19	0	6728642	6075	4775	148	1925	4244	4632	2536	13292	512	
FL	-84600	-84600	12	15	0	5	6	18	3	18	0	6715772	6075	4775	148	1925	4244	4632	2536	13292	512	
FL	-84800	-84800	13	14	0	5	6	18	3	16	0	6702419	6075	4775	148	1925	4244	4632	2536	13292	512	
FL	-85000	-85000	14	11	0	4	7	17	4	17	0	6688218	6075	4775	148	1925	4244	4632	2536	13292	512	
FL	-85200	-85200	14	9	0	4	8	15	4	15	0	6673307	6075	4775	148	1925	4244	4632	2536	13292	512	
FL	-85400	-85400	16	9	0	3	6	15	2	15	0	6658684	6075	4775	148	1925	4244	4632	2536	13292	512	
FL	-85600	-85600	18	9	0	1	5	14	2	16	0	6645341	6075	4775	148	1925	4244	4632	2536	13292	512	
FL	-85800	-85800	16	6	0	1	8	12	2	17	0	6631703	6075	4775	148	1925	4244	4632	2536	13292	512	
FL	-86000	-86000	15	6	0	0	8	11	3	17	0	6617820	6075	4775	148	1925	4244	4632	2536	13292	512	
FL	-86200	-86200	12	7	0	0	6	9	3	15	0	6603343	6075	4775	148	1925	4244	4632	2536	13292	512	
FL	-86400	-86400	15	9	0	0	6	9	3	18	0	6589612	6075	4775	148	1925	4244	4632	2536	13292	512	
FL	-86600	-86600	16	9	0	0	5	9	3	22	0	6576493	6075	4775	148	1925	4244	4632	2536	13292	512	
FL	-86800	-86800	15	10	0	0	5	6	5	27	0	6563689	6075	4775	148	1925	4244	4632	2536	13292	512	
FL	-87000	-87000	13	10	0	0	6	7	4	28	0	6550981	6075	4775	148	1925	4244	4632	2536	13292	512	
FL	-87200	-87200	13	13	0	1	6	9	4	23	0	6538264	6075	4775	148	1925	4244	4632	2536	13292	512	
FL	-87400	-87400	16	15	0	2	6	9	4	24	0	6524676	6075	4775	148	1925	4244	4632	2536	13292	512	
FL	-87600	-87600	17	15	0	2	2	6	4	24	0	6511465	6075	4775	148	1925	4244	4632	2536	13292	512	
FL	-87800	-87800	19	14	0	2	2	9	5	25	0	6498758	6075	4775	148	1925	4244	4632	2536	13292	512	
FL	-88000	-88000	17	13	0	3	2	9	5	21	0	6486559	6075	4775	148	1925	4244	4632	2536	13292	512	
FL	-88200	-88200	14	15	0	2	2	11	4	22	0	6474129	6075	4775	148	1925	4244	4632	2536	13292	512	
FL	-88400	-88400	15	13	0	1	5	12	2	23	0	6461462	6075	4775	148	1925	4244	4632	2536	13292	512	
FL	-88600	-88600	15	12	0	1	5	12	3	24	0	6448845	6075	4775	148	1925	4244	4632	2536	13292	512	
FL	-88800	-88800	15	12	0	1	4	11	4	19	1	6436275	6075	4775	148	1925	4244	4632	2536	13292	512	
FL	-89000	-89000	15	13	0	1	3	12	5	18	1	6424127	6075	4775	148	1925	4244	4632	2536	13292	512	
FL	-89200	-89200	14	11	0	1	3	11	4	17	1	6412951	6075	4775	148	1925	4244	4632	2536	13292	512	
FL	-89400	-89400	19	14	0	1	3	12	3	21	1	6401857	6075	4775	148	1925	4244	4632	2536	13292	512	
FL	-89600	-89600	21	14	0	1	2	11	2	23	1	6389649	6075	4775	148	1925	4244	4632	2536	13292	512	
FL	-89800	-89800	21	13	0	2	3	12	2	21	1	6378463	6075	4775	148	1925	4244	4632	2536	13292	512	
FL	-90000	-90000	21	11	0	2	3	13	2	22	1	6368036	6075	4775	148	1925	4244	4632	2536	13292	512	
FL	-90200	-90200	20	10	0	2	3	12	1	20	1	6356438	6075	4775	148	1925	4244	4632	2536	13292	512	
FL	-90400	-90400	20	10	0	2	3	11	2	20	1	6344954	6075	4775	148	1925	4244	4632	2536	13292	512	
FL	-90600	-90600	17	10	0	2	4	11	2	21	1	6334141	6075	4775	148	1925	4244	4632	2536	13292	512	
FL	-90800	-90800	16	10	0	2	4	10	2	21	1	6322671	6075	4775	148	1925	4244	4632	2536	13292	512	
FL	-91000	-91000	16	9	0	1	4	11	0	23	1	6310650	6075	4775	148	1925	4244	4632	2536	13292	512	
FL	-91200	-91200	17	11	0	1	4	10	0	24	1	6299111	6075	4775	148	1925	4244	4632	2536	13292	512	
FL	-91400	-91400	15	11	0	1	4	11	0	25	0	6287952	6075	4775	148	1925	4244	4632	2536	13292	512	
FL	-91600	-91600	14	11	0	1	4	9	0	23	0	6276490	6075	4775	148	1925	4244	4632	2536	13292	512	
FL	-91800	-91800	11	10	0	2	5	11	1	21	0	6265912	6075	4775	148	1925	4244	4632	2536	13292	512	
FL	-92000	-92000	9	11	0	2	6	11	1	16	0	6254517	6075	4775	148	1925	4244	4632	2536	13292	512	
FL	-92200	-92200	7	11	0	1	5	12	1	16	1	6242813	6075	4775	148	1925	4244	4632	2536	13292	512	
FL	-92400	-92400	7	9	0	1	4	13	1	18	1	6231269	6075	4775	148	1925	4244	4632	2536	13292	512	
FL	-92600	-92600	6	7	0	1	4	12	1	17	1	6219955	6075	4775	148	1925	4244	4632	2536	13292	512	
FL	-92800	-92800	8	6	0	1	4	11	4	19	1	6208674	6075	4775	148	1925	4244	4632	2536	13292	512	
FL	-93000	-93000	8	5	0	2	4	10	6	18	1	6196971	6075	4775	148	1925	4244	4632	2536	13292	512	
FL	-93200	-93200	10	4	0	2	4	11	5	18	0	6186310	6075	4775	148	1925	4244	4632	2536	13292	512	
FL	-93400	-93400	13	4	0	2	5	10	6	22	0	6176077	6075	4775	148	1925	4244	4632	2536	13292	512	
FL	-93600	-93600	14	7	0	2	5	10	5	22	0	6166355	6075	4775	148	1925	4244	4632	2536	13292	512	
FL	-93800	-93800	14	9	0	2	4	8	6	23	0	6156369	6075	4775	148	1925	4244	4632	2536	13292	512	
FL	-94000	-94000	14	11	0	2	4	6	5	22	0	6146775	6075	4775	148	1925	4244	4632	2536	13292	512	
FL	-94200	-94200	13	11	0	2	4	8	4	19	0	6137021	6075	4775	148	1925	4244	4632	2536	13292	512	
FL	-94400	-94400	10	9	0	2	4	7	4	19	0	6126562	6075	4775	148	1925	4244	4632	2536	13292	512	
FL	-94600	-94600	10	8	0	2	5	10	4	23	0	6115381	6075	4775	148	1925	4244	4632	2536	13292	512	
FL	-94800	-94800	13	8	0	2	5	9	3	24	0	6103979	6075	4775	148	1925	4244	4632	2536	13292	512	
FL	-95000	-95000	15	10	0	2	5	8	3	25	0	6092447	6075	4775	148	1925	4244	4632	2536	13292	512	
FL	-95200	-95200	16	6	0	3	5	6	2	25	0	6081091	6075	4775	148	1925	4244	4632	2536	13292	512	
FL	-95400	-95400	16	6	0	3	5	6	2	27	0	6070141	6075	4775	148	1925	4244	4632	2536	13292	512	
FL	-95600	-95600	17	5	0	3	6	9	1	22	0	6060510	6075	4775	148	1925	4244	4632	2536	13292	512	
FL	-95800	-95800	19	4	0	2	4	8	4	24	0	6051600	6075	4775	148	1925	4244	4632	2536	13292	512	
FL	-96000	-96000	17	4	0	2	4	7	4	23	0	6042867	6075	4775	148	1925	4244	4632	2536	13292	512	
FL	-96200	-96200	16	5	0	2	3	6	4	24	0	6033430	6075	4775	148	1925	4244	4632	2536	13292	512	
FL	-96400	-96400	15	5	0	0	3	11	5	27	0	6023466	6075	4775	148	1925	4244	4632	2536	13292	512	
FL	-96600	-96600	17	5	0	0	3	12	5	32	0	6012779	6075	4775	148	1925	4244	4632	2536	13292	512	
FL	-96800	-96800	19	7	0	0	3	13	5	33	0	6001874	6075	4775	148	1925	4244	4632	2536	13292	512	
FL	-97000	-97000	15	7	0	0	4	12	5	36	0	5991143	6075	4775	148	1925	4244	4632	2536	13292	512	
FL	-97200	-97200	12	8	0	0	4	12	4	32	0	5980231	6075	4775	148	1925	4244	4632	2536	13292	512	
FL	-97400	-97400	13	9	0	0	3	7	2	24	0	5969475	6075	4775	148	1925	4244	4632	2536	13292	512	
FL	-97600	-97600	12	9	0	0	4	9	2	23	0	5958645	6075	4775	148	1925	4244	4632	2536	13292	512	
FL	-97800	-97800	9	10	0	0	5	12	2	22	0	5947985	6075	4775	148	1925	4244	4632	2536	13292	512	
FL	-98000	-98000	10	11	0	0	5	12	4	22	0	5938054	6075	4775	148	1925	4244	4632	2536	13292	512	
FL	-98200	-98200	12	10	0	0	5	11	5	22	1	5929028	6075	4775	148	1925	4244	4632	2536	13292	512	
FL	-98400	-98400	12	11	0	0	4	14	5	18	1	5919605	6075	4775	148	1925	4244	4632	2536	13292	512	
FL	-98600	-98600	12	9	0	0	2	14	4	17	1	5909751	6075	4775	148	1925	4244	4632	2536	13292	512	
FL	-98800	-98800	11	9	0	0	3	12	4	16	1	5900239	6075	4775	148	1925	4244	4632	2536	13292	512	
FL	-99000	-99000	11	9	0	1	3	12	4	18	0	5891052	6075	4775	148	1925	4244	4632	2536	13292	512	
FL	-99200	-99200	12	7	0	1	3	11	4	21	0	5881030	6075	4775	148	1925	4244	4632	2536	13292	512	
FL	-99400	-99400	12	8	0	1	2	10	5	21	0	5870352	6075	4775	148	1925	4244	4632	2536	13292	512	
FL	-99600	-99600	13	9	0	1	3	10	7	20	0	5859219	6075	4775	148	1925	4244	4632	2536	13292	512	
FL	-99800	-99800	12	12	0	1	2	10	7	23	0	5848212	6075	4775	148	1925	4244	4632	2536	13292	512	
FL	-100000	-100000	12	11	0	1	2	8	7	21	0	5836741	6075	4775	148	1925	4244	4632	2536	13292	512	
