DHL	0	0	235	407	17	118	278	341	121	0	96	18336215	1810	2357	1241	2216	9263	7013	7501	5032	
DHL	200	200	234	394	17	109	265	338	115	0	98	18209834	1810	2357	1241	2216	9263	7013	7501	5032	
DHL	400	400	225	386	15	104	246	324	111	0	96	17896448	1810	2357	1241	2216	9263	7013	7501	5032	
DHL	600	600	211	369	13	96	238	302	108	0	93	17555986	1810	2357	1241	2216	9263	7013	7501	5032	
DHL	800	800	201	348	12	89	209	270	100	0	93	17243958	1810	2357	1241	2216	9263	7013	7501	5032	
DHL	1000	1000	186	331	13	83	199	233	96	0	90	16984953	1810	2357	1241	2216	9263	7013	7501	5032	
DHL	1200	1200	163	303	14	80	182	219	89	0	84	16779457	1810	2357	1241	2216	9263	7013	7501	5032	
DHL	1400	1400	140	259	14	79	167	201	87	0	82	16618705	1810	2357	1241	2216	9263	7013	7501	5032	
DHL	1600	1600	117	228	13	76	146	169	83	0	72	16489234	1810	2357	1241	2216	9263	7013	7501	5032	
DHL	1800	1800	103	206	12	75	135	141	83	0	71	16384112	1810	2357	1241	2216	9263	7013	7501	5032	
DHL	2000	2000	93	172	11	71	113	121	81	0	64	16294796	1810	2357	1241	2216	9263	7013	7501	5032	
DHL	2200	2200	81	159	10	67	105	109	80	0	57	16214475	1810	2357	1241	2216	9263	7013	7501	5032	
DHL	2400	2400	65	149	11	61	92	103	70	0	54	16145035	1810	2357	1241	2216	9263	7013	7501	5032	
DHL	2600	2600	58	138	7	55	85	92	64	0	55	16081805	1810	2357	1241	2216	9263	7013	7501	5032	
DHL	2800	2800	51	126	7	52	82	79	60	0	45	16022722	1810	2357	1241	2216	9263	7013	7501	5032	
DHL	3000	3000	47	110	7	52	77	76	49	0	44	15967372	1810	2357	1241	2216	9263	7013	7501	5032	
DHL	3200	3200	48	104	9	45	72	67	49	0	41	15914222	1810	2357	1241	2216	9263	7013	7501	5032	
DHL	3400	3400	37	93	10	47	68	65	52	0	36	15862348	1810	2357	1241	2216	9263	7013	7501	5032	
DHL	3600	3600	33	86	9	48	67	66	48	0	34	15811818	1810	2357	1241	2216	9263	7013	7501	5032	
DHL	3800	3800	33	83	8	44	65	65	47	0	36	15762481	1810	2357	1241	2216	9263	7013	7501	5032	
DHL	4000	4000	28	86	9	43	64	64	55	0	36	15714602	1810	2357	1241	2216	9263	7013	7501	5032	
DHL	4200	4200	26	81	8	44	67	64	55	0	33	15667843	1810	2357	1241	2216	9263	7013	7501	5032	
DHL	4400	4400	25	83	7	45	67	56	53	0	34	15622336	1810	2357	1241	2216	9263	7013	7501	5032	
DHL	4600	4600	24	76	8	43	66	54	49	0	34	15577088	1810	2357	1241	2216	9263	7013	7501	5032	
DHL	4800	4800	22	72	8	42	67	51	45	0	30	15531294	1810	2357	1241	2216	9263	7013	7501	5032	
DHL	5000	5000	24	70	8	40	67	50	46	0	29	15485064	1810	2357	1241	2216	9263	7013	7501	5032	
DHL	5200	5200	24	66	8	38	62	54	47	0	30	15438178	1810	2357	1241	2216	9263	7013	7501	5032	
DHL	5400	5400	23	59	8	38	56	52	46	0	30	15389808	1810	2357	1241	2216	9263	7013	7501	5032	
DHL	5600	5600	23	62	8	38	54	49	42	0	27	15340960	1810	2357	1241	2216	9263	7013	7501	5032	
DHL	5800	5800	20	53	7	34	52	41	34	0	26	15294409	1810	2357	1241	2216	9263	7013	7501	5032	
DHL	6000	6000	22	52	5	29	48	43	34	0	22	15247795	1810	2357	1241	2216	9263	7013	7501	5032	
DHL	6200	6200	22	49	5	25	36	38	39	0	21	15202379	1810	2357	1241	2216	9263	7013	7501	5032	
DHL	6400	6400	24	43	4	24	29	34	40	0	18	15156677	1810	2357	1241	2216	9263	7013	7501	5032	
DHL	6600	6600	20	37	4	20	27	34	36	0	14	15113478	1810	2357	1241	2216	9263	7013	7501	5032	
DHL	6800	6800	21	34	2	19	29	32	32	0	12	15070741	1810	2357	1241	2216	9263	7013	7501	5032	
DHL	7000	7000	21	31	2	20	29	29	32	0	12	15028905	1810	2357	1241	2216	9263	7013	7501	5032	
DHL	7200	7200	18	30	3	18	24	29	30	0	11	14989636	1810	2357	1241	2216	9263	7013	7501	5032	
DHL	7400	7400	19	27	2	19	24	29	31	0	11	14952732	1810	2357	1241	2216	9263	7013	7501	5032	
DHL	7600	7600	17	26	4	20	23	23	31	0	11	14915500	1810	2357	1241	2216	9263	7013	7501	5032	
DHL	7800	7800	18	22	5	22	24	20	29	0	11	14879074	1810	2357	1241	2216	9263	7013	7501	5032	
DHL	8000	8000	16	21	5	21	25	25	30	0	10	14841120	1810	2357	1241	2216	9263	7013	7501	5032	
DHL	8200	8200	16	21	6	18	23	23	32	0	9	14803368	1810	2357	1241	2216	9263	7013	7501	5032	
DHL	8400	8400	15	21	7	19	25	26	32	0	9	14766811	1810	2357	1241	2216	9263	7013	7501	5032	
DHL	8600	8600	14	19	7	16	26	29	31	0	7	14729070	1810	2357	1241	2216	9263	7013	7501	5032	
DHL	8800	8800	11	21	6	11	24	25	34	0	9	14691868	1810	2357	1241	2216	9263	7013	7501	5032	
DHL	9000	9000	11	20	6	13	22	27	30	0	9	14654224	1810	2357	1241	2216	9263	7013	7501	5032	
DHL	9200	9200	12	19	5	12	26	29	38	0	10	14614844	1810	2357	1241	2216	9263	7013	7501	5032	
DHL	9400	9400	12	18	7	13	27	31	38	0	11	14574823	1810	2357	1241	2216	9263	7013	7501	5032	
DHL	9600	9600	12	16	7	13	26	33	38	0	11	14535842	1810	2357	1241	2216	9263	7013	7501	5032	
DHL	9800	9800	12	15	6	15	24	33	40	0	12	14499126	1810	2357	1241	2216	9263	7013	7501	5032	
DHL	10000	10000	13	17	5	15	27	33	36	0	12	14460734	1810	2357	1241	2216	9263	7013	7501	5032	
DHL	10200	10200	12	20	4	15	26	33	38	0	15	14423298	1810	2357	1241	2216	9263	7013	7501	5032	
DHL	10400	10400	10	18	4	15	29	33	36	0	17	14387286	1810	2357	1241	2216	9263	7013	7501	5032	
DHL	10600	10600	13	19	3	21	31	29	29	0	18	14352110	1810	2357	1241	2216	9263	7013	7501	5032	
DHL	10800	10800	8	19	5	25	26	27	30	0	17	14317045	1810	2357	1241	2216	9263	7013	7501	5032	
DHL	11000	11000	7	17	5	26	26	28	29	0	14	14282536	1810	2357	1241	2216	9263	7013	7501	5032	
DHL	11200	11200	9	16	5	26	24	26	30	0	12	14249490	1810	2357	1241	2216	9263	7013	7501	5032	
DHL	11400	11400	10	17	5	21	21	25	30	0	11	14215272	1810	2357	1241	2216	9263	7013	7501	5032	
DHL	11600	11600	9	15	5	18	20	26	30	0	14	14181960	1810	2357	1241	2216	9263	7013	7501	5032	
DHL	11800	11800	13	19	5	16	22	23	27	0	15	14148967	1810	2357	1241	2216	9263	7013	7501	5032	
DHL	12000	12000	12	20	6	13	23	26	26	0	16	14115351	1810	2357	1241	2216	9263	7013	7501	5032	
DHL	12200	12200	11	20	4	12	21	29	28	0	14	14083291	1810	2357	1241	2216	9263	7013	7501	5032	
DHL	12400	12400	11	20	4	10	22	30	26	0	14	14051903	1810	2357	1241	2216	9263	7013	7501	5032	
DHL	12600	12600	13	20	5	10	21	31	23	0	14	14019636	1810	2357	1241	2216	9263	7013	7501	5032	
DHL	12800	12800	14	24	4	8	21	32	23	0	17	13987759	1810	2357	1241	2216	9263	7013	7501	5032	
DHL	13000	13000	9	20	5	8	18	33	27	0	16	13955918	1810	2357	1241	2216	9263	7013	7501	5032	
DHL	13200	13200	11	21	5	7	19	32	27	0	13	13924496	1810	2357	1241	2216	9263	7013	7501	5032	
DHL	13400	13400	10	20	5	6	21	29	33	0	14	13894113	1810	2357	1241	2216	9263	7013	7501	5032	
DHL	13600	13600	10	17	5	8	18	26	39	0	14	13863280	1810	2357	1241	2216	9263	7013	7501	5032	
DHL	13800	13800	11	15	4	9	19	29	41	0	14	13832959	1810	2357	1241	2216	9263	7013	7501	5032	
DHL	14000	14000	8	14	4	9	22	28	48	0	15	13805456	1810	2357	1241	2216	9263	7013	7501	5032	
DHL	14200	14200	8	16	2	8	23	26	50	0	14	13778136	1810	2357	1241	2216	9263	7013	7501	5032	
DHL	14400	14400	8	16	3	7	27	23	44	0	14	13751445	1810	2357	1241	2216	9263	7013	7501	5032	
DHL	14600	14600	12	18	3	7	25	22	37	0	13	13724645	1810	2357	1241	2216	9263	7013	7501	5032	
DHL	14800	14800	13	23	3	9	23	22	37	0	13	13697733	1810	2357	1241	2216	9263	7013	7501	5032	
DHL	15000	15000	12	21	4	8	19	24	36	0	10	13671503	1810	2357	1241	2216	9263	7013	7501	5032	
DHL	15200	15200	11	20	4	6	18	22	31	0	10	13644955	1810	2357	1241	2216	9263	7013	7501	5032	
DHL	15400	15400	13	20	5	8	18	22	35	0	9	13618682	1810	2357	1241	2216	9263	7013	7501	5032	
DHL	15600	15600	8	20	5	6	19	24	39	0	9	13591749	1810	2357	1241	2216	9263	7013	7501	5032	
DHL	15800	15800	7	21	5	8	20	25	38	0	7	13564499	1810	2357	1241	2216	9263	7013	7501	5032	
DHL	16000	16000	8	17	5	10	19	26	38	0	5	13537814	1810	2357	1241	2216	9263	7013	7501	5032	
DHL	16200	16200	10	14	7	11	20	28	38	0	5	13509561	1810	2357	1241	2216	9263	7013	7501	5032	
DHL	16400	16400	11	13	7	12	21	27	38	0	6	13481544	1810	2357	1241	2216	9263	7013	7501	5032	
DHL	16600	16600	10	12	7	13	22	30	35	0	8	13454462	1810	2357	1241	2216	9263	7013	7501	5032	
DHL	16800	16800	10	12	6	13	21	31	31	0	9	13428637	1810	2357	1241	2216	9263	7013	7501	5032	
DHL	17000	17000	10	12	7	14	21	27	35	0	12	13401957	1810	2357	1241	2216	9263	7013	7501	5032	
DHL	17200	17200	7	12	6	11	22	26	33	0	11	13373367	1810	2357	1241	2216	9263	7013	7501	5032	
DHL	17400	17400	7	15	7	13	27	26	29	0	10	13345848	1810	2357	1241	2216	9263	7013	7501	5032	
DHL	17600	17600	5	16	6	13	26	24	29	0	11	13317315	1810	2357	1241	2216	9263	7013	7501	5032	
DHL	17800	17800	3	17	7	14	23	21	30	0	12	13288426	1810	2357	1241	2216	9263	7013	7501	5032	
DHL	18000	18000	3	18	7	17	20	25	28	0	12	13258923	1810	2357	1241	2216	9263	7013	7501	5032	
DHL	18200	18200	3	20	6	19	23	22	27	0	13	13227604	1810	2357	1241	2216	9263	7013	7501	5032	
DHL	18400	18400	3	17	5	20	26	23	24	0	15	13194914	1810	2357	1241	2216	9263	7013	7501	5032	
DHL	18600	18600	4	21	6	17	28	23	30	0	16	13162738	1810	2357	1241	2216	9263	7013	7501	5032	
DHL	18800	18800	3	19	4	16	26	24	33	0	18	13130384	1810	2357	1241	2216	9263	7013	7501	5032	
DHL	19000	19000	4	17	3	14	26	27	33	0	17	13098858	1810	2357	1241	2216	9263	7013	7501	5032	
DHL	19200	19200	7	13	4	9	22	25	33	0	20	13068583	1810	2357	1241	2216	9263	7013	7501	5032	
DHL	19400	19400	10	14	5	9	24	24	34	0	23	13038484	1810	2357	1241	2216	9263	7013	7501	5032	
DHL	19600	19600	12	14	3	8	24	23	36	0	22	13006853	1810	2357	1241	2216	9263	7013	7501	5032	
DHL	19800	19800	12	15	2	5	25	23	36	0	19	12975232	1810	2357	1241	2216	9263	7013	7501	5032	
DHL	20000	20000	15	14	1	5	22	25	39	0	21	12944295	1810	2357	1241	2216	9263	7013	7501	5032	
DHL	20200	20200	18	17	1	4	21	26	39	0	17	12915518	1810	2357	1241	2216	9263	7013	7501	5032	
DHL	20400	20400	17	21	1	5	22	22	38	0	21	12887652	1810	2357	1241	2216	9263	7013	7501	5032	
DHL	20600	20600	16	21	1	5	21	23	38	0	20	12860510	1810	2357	1241	2216	9263	7013	7501	5032	
DHL	20800	20800	17	23	1	5	19	25	35	0	17	12834855	1810	2357	1241	2216	9263	7013	7501	5032	
DHL	21000	21000	16	21	1	4	16	24	36	0	19	12808494	1810	2357	1241	2216	9263	7013	7501	5032	
DHL	21200	21200	17	21	4	6	17	25	31	0	14	12782115	1810	2357	1241	2216	9263	7013	7501	5032	
DHL	21400	21400	19	19	4	5	19	25	36	0	16	12756814	1810	2357	1241	2216	9263	7013	7501	5032	
DHL	21600	21600	19	15	4	7	20	27	34	0	14	12732177	1810	2357	1241	2216	9263	7013	7501	5032	
DHL	21800	21800	16	16	6	6	21	29	28	0	14	12707953	1810	2357	1241	2216	9263	7013	7501	5032	
DHL	22000	22000	17	15	6	7	22	22	26	0	14	12683387	1810	2357	1241	2216	9263	7013	7501	5032	
DHL	22200	22200	16	13	7	5	24	19	27	0	15	12659987	1810	2357	1241	2216	9263	7013	7501	5032	
DHL	22400	22400	11	11	7	5	25	16	22	0	14	12635873	1810	2357	1241	2216	9263	7013	7501	5032	
DHL	22600	22600	14	17	6	6	21	17	24	0	14	12609564	1810	2357	1241	2216	9263	7013	7501	5032	
DHL	22800	22800	16	17	6	7	25	18	23	0	11	12584780	1810	2357	1241	2216	9263	7013	7501	5032	
DHL	23000	23000	15	13	6	7	23	24	24	0	13	12559574	1810	2357	1241	2216	9263	7013	7501	5032	
DHL	23200	23200	14	12	6	9	23	20	26	0	10	12533324	1810	2357	1241	2216	9263	7013	7501	5032	
DHL	23400	23400	14	11	6	7	22	22	25	0	11	12509155	1810	2357	1241	2216	9263	7013	7501	5032	
DHL	23600	23600	10	11	4	6	21	24	21	0	10	12486022	1810	2357	1241	2216	9263	7013	7501	5032	
DHL	23800	23800	14	11	5	8	18	23	18	0	10	12462797	1810	2357	1241	2216	9263	7013	7501	5032	
DHL	24000	24000	14	11	5	9	21	25	22	0	12	12438428	1810	2357	1241	2216	9263	7013	7501	5032	
DHL	24200	24200	12	10	4	9	20	23	19	0	14	12414229	1810	2357	1241	2216	9263	7013	7501	5032	
DHL	24400	24400	12	13	4	9	17	25	20	0	14	12389779	1810	2357	1241	2216	9263	7013	7501	5032	
DHL	24600	24600	12	15	4	10	19	20	25	0	18	12364147	1810	2357	1241	2216	9263	7013	7501	5032	
DHL	24800	24800	12	14	3	11	19	16	22	0	16	12338632	1810	2357	1241	2216	9263	7013	7501	5032	
DHL	25000	25000	13	16	3	13	17	15	24	0	17	12313150	1810	2357	1241	2216	9263	7013	7501	5032	
DHL	25200	25200	13	16	4	13	18	14	23	0	13	12286732	1810	2357	1241	2216	9263	7013	7501	5032	
DHL	25400	25400	9	18	5	15	16	16	27	0	10	12259593	1810	2357	1241	2216	9263	7013	7501	5032	
DHL	25600	25600	8	16	6	15	17	19	27	0	11	12230756	1810	2357	1241	2216	9263	7013	7501	5032	
DHL	25800	25800	7	17	5	15	18	17	26	0	9	12201846	1810	2357	1241	2216	9263	7013	7501	5032	
DHL	26000	26000	5	19	4	13	22	18	28	0	9	12172035	1810	2357	1241	2216	9263	7013	7501	5032	
DHL	26200	26200	4	13	4	12	24	21	26	0	11	12142314	1810	2357	1241	2216	9263	7013	7501	5032	
DHL	26400	26400	3	13	4	9	24	23	29	0	10	12112602	1810	2357	1241	2216	9263	7013	7501	5032	
DHL	26600	26600	3	14	2	9	23	20	28	0	11	12083751	1810	2357	1241	2216	9263	7013	7501	5032	
DHL	26800	26800	4	17	2	10	22	18	26	0	9	12056656	1810	2357	1241	2216	9263	7013	7501	5032	
DHL	27000	27000	4	18	3	10	19	12	21	0	8	12029679	1810	2357	1241	2216	9263	7013	7501	5032	
DHL	27200	27200	5	18	4	8	19	12	28	0	11	12003906	1810	2357	1241	2216	9263	7013	7501	5032	
DHL	27400	27400	6	20	3	7	22	14	27	0	9	11979725	1810	2357	1241	2216	9263	7013	7501	5032	
DHL	27600	27600	4	18	2	8	25	19	27	0	9	11956745	1810	2357	1241	2216	9263	7013	7501	5032	
DHL	27800	27800	3	22	3	8	25	22	23	0	9	11933558	1810	2357	1241	2216	9263	7013	7501	5032	
DHL	28000	28000	2	18	3	9	24	26	16	0	8	11910118	1810	2357	1241	2216	9263	7013	7501	5032	
DHL	28200	28200	3	19	3	12	30	24	19	0	6	11886738	1810	2357	1241	2216	9263	7013	7501	5032	
DHL	28400	28400	4	17	3	10	30	24	22	0	8	11864701	1810	2357	1241	2216	9263	7013	7501	5032	
DHL	28600	28600	4	13	3	10	30	22	20	0	12	11842353	1810	2357	1241	2216	9263	7013	7501	5032	
DHL	28800	28800	3	11	3	9	26	16	23	0	10	11819108	1810	2357	1241	2216	9263	7013	7501	5032	
DHL	29000	29000	3	9	3	7	26	15	24	0	10	11795125	1810	2357	1241	2216	9263	7013	7501	5032	
DHL	29200	29200	4	11	4	7	22	18	24	0	10	11771788	1810	2357	1241	2216	9263	7013	7501	5032	
DHL	29400	29400	5	11	4	8	22	20	29	0	11	11747818	1810	2357	1241	2216	9263	7013	7501	5032	
DHL	29600	29600	6	7	3	8	22	19	28	0	8	11722571	1810	2357	1241	2216	9263	7013	7501	5032	
DHL	29800	29800	6	10	3	8	21	19	26	0	8	11696705	1810	2357	1241	2216	9263	7013	7501	5032	
DHL	30000	30000	8	11	4	11	17	21	24	0	8	11669395	1810	2357	1241	2216	9263	7013	7501	5032	
DHL	30200	30200	8	10	5	12	19	22	20	0	7	11641307	1810	2357	1241	2216	9263	7013	7501	5032	
DHL	30400	30400	7	9	5	11	20	21	21	0	6	11612519	1810	2357	1241	2216	9263	7013	7501	5032	
DHL	30600	30600	8	10	4	10	19	23	22	0	7	11585150	1810	2357	1241	2216	9263	7013	7501	5032	
DHL	30800	30800	9	12	4	9	20	27	23	0	10	11559194	1810	2357	1241	2216	9263	7013	7501	5032	
DHL	31000	31000	9	12	3	7	20	24	24	0	12	11533870	1810	2357	1241	2216	9263	7013	7501	5032	
DHL	31200	31200	9	14	3	5	22	24	24	0	11	11509719	1810	2357	1241	2216	9263	7013	7501	5032	
DHL	31400	31400	9	11	2	5	22	23	25	0	9	11485835	1810	2357	1241	2216	9263	7013	7501	5032	
DHL	31600	31600	8	10	4	6	24	22	27	0	9	11462808	1810	2357	1241	2216	9263	7013	7501	5032	
DHL	31800	31800	8	12	4	7	25	20	27	0	8	11441148	1810	2357	1241	2216	9263	7013	7501	5032	
DHL	32000	32000	12	12	2	5	27	18	25	0	8	11421158	1810	2357	1241	2216	9263	7013	7501	5032	
DHL	32200	32200	12	12	3	7	28	17	27	0	10	11402247	1810	2357	1241	2216	9263	7013	7501	5032	
DHL	32400	32400	12	11	2	8	34	15	23	0	11	11384345	1810	2357	1241	2216	9263	7013	7501	5032	
DHL	32600	32600	12	13	2	7	32	17	22	0	9	11366616	1810	2357	1241	2216	9263	7013	7501	5032	
DHL	32800	32800	11	13	1	10	33	16	23	0	7	11349230	1810	2357	1241	2216	9263	7013	7501	5032	
DHL	33000	33000	10	13	1	10	31	16	24	0	7	11331676	1810	2357	1241	2216	9263	7013	7501	5032	
DHL	33200	33200	10	14	4	13	27	20	24	0	9	11313452	1810	2357	1241	2216	9263	7013	7501	5032	
DHL	33400	33400	10	16	5	14	21	19	29	0	10	11294871	1810	2357	1241	2216	9263	7013	7501	5032	
DHL	33600	33600	10	19	7	13	16	24	30	0	12	11276261	1810	2357	1241	2216	9263	7013	7501	5032	
DHL	33800	33800	10	19	7	14	14	27	29	0	9	11257275	1810	2357	1241	2216	9263	7013	7501	5032	
DHL	34000	34000	9	19	7	11	15	28	25	0	11	11238414	1810	2357	1241	2216	9263	7013	7501	5032	
DHL	34200	34200	7	17	5	11	19	32	22	0	11	11219317	1810	2357	1241	2216	9263	7013	7501	5032	
DHL	34400	34400	9	15	2	9	16	29	20	0	9	11200059	1810	2357	1241	2216	9263	7013	7501	5032	
DHL	34600	34600	7	15	2	7	17	31	19	0	12	11179984	1810	2357	1241	2216	9263	7013	7501	5032	
DHL	34800	34800	5	17	2	6	17	30	21	0	11	11160121	1810	2357	1241	2216	9263	7013	7501	5032	
DHL	35000	35000	5	11	1	8	18	32	22	0	10	11140962	1810	2357	1241	2216	9263	7013	7501	5032	
DHL	35200	35200	4	12	0	8	18	33	23	0	10	11121647	1810	2357	1241	2216	9263	7013	7501	5032	
DHL	35400	35400	7	12	0	9	19	35	24	0	9	11102867	1810	2357	1241	2216	9263	7013	7501	5032	
DHL	35600	35600	6	11	0	7	17	37	29	0	11	11085394	1810	2357	1241	2216	9263	7013	7501	5032	
DHL	35800	35800	7	10	0	7	20	32	26	0	11	11068491	1810	2357	1241	2216	9263	7013	7501	5032	
DHL	36000	36000	8	11	3	4	18	33	25	0	9	11051377	1810	2357	1241	2216	9263	7013	7501	5032	
DHL	36200	36200	7	10	4	4	20	26	24	0	7	11035343	1810	2357	1241	2216	9263	7013	7501	5032	
DHL	36400	36400	7	11	5	7	17	23	23	0	7	11019665	1810	2357	1241	2216	9263	7013	7501	5032	
DHL	36600	36600	9	12	8	11	17	25	21	0	6	11004072	1810	2357	1241	2216	9263	7013	7501	5032	
DHL	36800	36800	9	13	9	12	18	32	19	0	7	10989381	1810	2357	1241	2216	9263	7013	7501	5032	
DHL	37000	37000	9	14	10	11	20	27	19	0	9	10975869	1810	2357	1241	2216	9263	7013	7501	5032	
DHL	37200	37200	10	14	11	10	21	27	19	0	9	10961969	1810	2357	1241	2216	9263	7013	7501	5032	
DHL	37400	37400	9	13	11	12	22	26	19	0	7	10946663	1810	2357	1241	2216	9263	7013	7501	5032	
DHL	37600	37600	7	10	9	11	21	25	18	0	7	10929818	1810	2357	1241	2216	9263	7013	7501	5032	
DHL	37800	37800	4	9	9	12	23	20	23	0	6	10910879	1810	2357	1241	2216	9263	7013	7501	5032	
DHL	38000	38000	3	10	8	12	21	21	21	0	6	10890635	1810	2357	1241	2216	9263	7013	7501	5032	
DHL	38200	38200	4	10	6	11	24	20	23	0	5	10869861	1810	2357	1241	2216	9263	7013	7501	5032	
DHL	38400	38400	4	9	7	13	22	20	24	0	9	10849492	1810	2357	1241	2216	9263	7013	7501	5032	
DHL	38600	38600	4	6	5	12	21	21	26	0	8	10828797	1810	2357	1241	2216	9263	7013	7501	5032	
DHL	38800	38800	3	7	5	12	21	22	25	0	10	10809123	1810	2357	1241	2216	9263	7013	7501	5032	
DHL	39000	39000	4	7	4	10	19	23	24	0	13	10789733	1810	2357	1241	2216	9263	7013	7501	5032	
DHL	39200	39200	5	9	3	9	18	22	22	0	13	10769761	1810	2357	1241	2216	9263	7013	7501	5032	
DHL	39400	39400	6	10	3	9	18	25	23	0	15	10747619	1810	2357	1241	2216	9263	7013	7501	5032	
DHL	39600	39600	8	12	2	9	19	28	23	0	15	10724110	1810	2357	1241	2216	9263	7013	7501	5032	
DHL	39800	39800	9	12	2	9	18	29	26	0	13	10700668	1810	2357	1241	2216	9263	7013	7501	5032	
DHL	40000	40000	10	12	3	8	21	28	28	0	12	10676621	1810	2357	1241	2216	9263	7013	7501	5032	
DHL	40200	40200	12	13	2	6	20	30	29	0	12	10654842	1810	2357	1241	2216	9263	7013	7501	5032	
DHL	40400	40400	13	13	3	6	17	28	35	0	11	10634257	1810	2357	1241	2216	9263	7013	7501	5032	
DHL	40600	40600	13	10	4	4	18	24	34	0	6	10614344	1810	2357	1241	2216	9263	7013	7501	5032	
DHL	40800	40800	12	10	3	4	18	22	34	0	8	10594374	1810	2357	1241	2216	9263	7013	7501	5032	
DHL	41000	41000	10	11	2	3	17	23	36	0	8	10574922	1810	2357	1241	2216	9263	7013	7501	5032	
DHL	41200	41200	10	11	2	3	14	24	36	0	9	10555382	1810	2357	1241	2216	9263	7013	7501	5032	
DHL	41400	41400	10	14	2	4	12	24	39	0	9	10535248	1810	2357	1241	2216	9263	7013	7501	5032	
DHL	41600	41600	11	14	3	5	16	23	45	0	9	10515970	1810	2357	1241	2216	9263	7013	7501	5032	
DHL	41800	41800	13	14	2	6	16	22	43	0	10	10496769	1810	2357	1241	2216	9263	7013	7501	5032	
DHL	42000	42000	10	11	2	8	16	21	44	0	13	10479016	1810	2357	1241	2216	9263	7013	7501	5032	
DHL	42200	42200	9	13	3	11	16	20	46	0	13	10461584	1810	2357	1241	2216	9263	7013	7501	5032	
DHL	42400	42400	10	11	3	12	15	20	42	0	12	10445164	1810	2357	1241	2216	9263	7013	7501	5032	
DHL	42600	42600	6	12	6	13	15	17	41	0	11	10430046	1810	2357	1241	2216	9263	7013	7501	5032	
DHL	42800	42800	7	11	6	11	12	18	39	0	11	10415043	1810	2357	1241	2216	9263	7013	7501	5032	
DHL	43000	43000	5	9	7	6	12	18	30	0	14	10399654	1810	2357	1241	2216	9263	7013	7501	5032	
DHL	43200	43200	7	11	8	6	12	17	24	0	11	10385504	1810	2357	1241	2216	9263	7013	7501	5032	
DHL	43400	43400	6	12	7	6	12	19	22	0	11	10371206	1810	2357	1241	2216	9263	7013	7501	5032	
DHL	43600	43600	6	11	7	6	11	21	22	0	12	10357014	1810	2357	1241	2216	9263	7013	7501	5032	
DHL	43800	43800	8	11	6	5	14	20	22	0	11	10342082	1810	2357	1241	2216	9263	7013	7501	5032	
DHL	44000	44000	8	12	5	4	14	19	21	0	12	10326513	1810	2357	1241	2216	9263	7013	7501	5032	
DHL	44200	44200	9	12	5	5	14	20	21	0	15	10310180	1810	2357	1241	2216	9263	7013	7501	5032	
DHL	44400	44400	9	10	2	4	15	24	19	0	13	10292945	1810	2357	1241	2216	9263	7013	7501	5032	
DHL	44600	44600	10	11	3	4	17	24	19	0	13	10276079	1810	2357	1241	2216	9263	7013	7501	5032	
DHL	44800	44800	8	10	4	4	17	24	18	0	13	10257790	1810	2357	1241	2216	9263	7013	7501	5032	
DHL	45000	45000	7	5	5	4	16	23	12	0	16	10239942	1810	2357	1241	2216	9263	7013	7501	5032	
DHL	45200	45200	4	6	5	5	17	19	15	0	12	10222170	1810	2357	1241	2216	9263	7013	7501	5032	
DHL	45400	45400	8	6	5	5	18	18	16	0	10	10204271	1810	2357	1241	2216	9263	7013	7501	5032	
DHL	45600	45600	9	5	3	4	16	19	18	0	10	10186740	1810	2357	1241	2216	9263	7013	7501	5032	
DHL	45800	45800	10	4	3	4	19	15	17	0	11	10168040	1810	2357	1241	2216	9263	7013	7501	5032	
DHL	46000	46000	10	3	3	3	20	14	18	0	12	10149442	1810	2357	1241	2216	9263	7013	7501	5032	
DHL	46200	46200	10	2	3	2	18	14	18	0	13	10130787	1810	2357	1241	2216	9263	7013	7501	5032	
DHL	46400	46400	9	2	3	6	17	12	21	0	12	10111113	1810	2357	1241	2216	9263	7013	7501	5032	
DHL	46600	46600	9	2	3	9	16	10	22	0	12	10090685	1810	2357	1241	2216	9263	7013	7501	5032	
DHL	46800	46800	9	2	3	11	18	13	23	0	12	10071357	1810	2357	1241	2216	9263	7013	7501	5032	
DHL	47000	47000	10	2	3	11	18	10	23	0	10	10052378	1810	2357	1241	2216	9263	7013	7501	5032	
DHL	47200	47200	8	6	3	10	16	11	19	0	11	10032874	1810	2357	1241	2216	9263	7013	7501	5032	
DHL	47400	47400	8	6	3	7	13	13	17	0	12	10013871	1810	2357	1241	2216	9263	7013	7501	5032	
DHL	47600	47600	8	6	4	7	10	14	19	0	13	9994928	1810	2357	1241	2216	9263	7013	7501	5032	
DHL	47800	47800	7	6	4	8	12	17	20	0	13	9975674	1810	2357	1241	2216	9263	7013	7501	5032	
DHL	48000	48000	7	5	4	7	7	19	20	0	11	9957848	1810	2357	1241	2216	9263	7013	7501	5032	
DHL	48200	48200	6	6	5	5	9	18	17	0	11	9939450	1810	2357	1241	2216	9263	7013	7501	5032	
DHL	48400	48400	5	7	4	5	8	18	21	0	11	9921329	1810	2357	1241	2216	9263	7013	7501	5032	
DHL	48600	48600	4	9	5	5	10	21	23	0	10	9901697	1810	2357	1241	2216	9263	7013	7501	5032	
DHL	48800	48800	3	9	5	6	14	19	22	0	10	9881828	1810	2357	1241	2216	9263	7013	7501	5032	
DHL	49000	49000	3	10	4	12	12	18	20	0	8	9863229	1810	2357	1241	2216	9263	7013	7501	5032	
DHL	49200	49200	1	8	5	11	12	17	19	0	7	9845548	1810	2357	1241	2216	9263	7013	7501	5032	
DHL	49400	49400	1	5	4	11	13	15	18	0	7	9828303	1810	2357	1241	2216	9263	7013	7501	5032	
DHL	49600	49600	3	4	3	10	14	16	17	0	6	9811645	1810	2357	1241	2216	9263	7013	7501	5032	
DHL	49800	49800	4	4	3	11	13	16	18	0	9	9795504	1810	2357	1241	2216	9263	7013	7501	5032	
DHL	50000	50000	3	6	4	9	13	15	16	0	8	9779171	1810	2357	1241	2216	9263	7013	7501	5032	
DHL	50200	50200	2	6	4	10	13	17	14	0	8	9764400	1810	2357	1241	2216	9263	7013	7501	5032	
DHL	50400	50400	2	4	3	11	13	14	10	0	9	9750475	1810	2357	1241	2216	9263	7013	7501	5032	
DHL	50600	50600	3	6	3	12	13	12	11	0	10	9736823	1810	2357	1241	2216	9263	7013	7501	5032	
DHL	50800	50800	4	6	2	10	16	11	11	0	10	9722116	1810	2357	1241	2216	9263	7013	7501	5032	
DHL	51000	51000	3	5	2	9	19	12	13	0	8	9706444	1810	2357	1241	2216	9263	7013	7501	5032	
DHL	51200	51200	3	8	2	10	19	12	14	0	10	9689847	1810	2357	1241	2216	9263	7013	7501	5032	
DHL	51400	51400	4	11	2	9	20	12	14	0	8	9671515	1810	2357	1241	2216	9263	7013	7501	5032	
DHL	51600	51600	5	10	2	9	18	11	15	0	9	9653198	1810	2357	1241	2216	9263	7013	7501	5032	
DHL	51800	51800	7	11	1	5	18	12	16	0	11	9636436	1810	2357	1241	2216	9263	7013	7501	5032	
DHL	52000	52000	5	11	1	6	11	12	18	0	10	9621042	1810	2357	1241	2216	9263	7013	7501	5032	
DHL	52200	52200	6	11	3	7	6	14	20	0	9	9604866	1810	2357	1241	2216	9263	7013	7501	5032	
DHL	52400	52400	5	9	2	4	7	15	21	0	9	9588358	1810	2357	1241	2216	9263	7013	7501	5032	
DHL	52600	52600	5	9	3	4	6	14	21	0	13	9570878	1810	2357	1241	2216	9263	7013	7501	5032	
DHL	52800	52800	5	9	3	4	6	12	21	0	15	9553757	1810	2357	1241	2216	9263	7013	7501	5032	
DHL	53000	53000	5	6	4	5	7	12	19	0	14	9536407	1810	2357	1241	2216	9263	7013	7501	5032	
DHL	53200	53200	6	4	4	5	9	10	18	0	12	9518927	1810	2357	1241	2216	9263	7013	7501	5032	
DHL	53400	53400	8	4	4	6	13	11	15	0	12	9501327	1810	2357	1241	2216	9263	7013	7501	5032	
DHL	53600	53600	6	5	4	7	14	13	15	0	12	9483662	1810	2357	1241	2216	9263	7013	7501	5032	
DHL	53800	53800	6	5	4	7	13	17	18	0	12	9465950	1810	2357	1241	2216	9263	7013	7501	5032	
DHL	54000	54000	7	6	4	8	10	20	17	0	12	9447329	1810	2357	1241	2216	9263	7013	7501	5032	
DHL	54200	54200	6	8	3	10	12	20	19	0	10	9428701	1810	2357	1241	2216	9263	7013	7501	5032	
DHL	54400	54400	7	9	5	9	12	22	19	0	8	9409034	1810	2357	1241	2216	9263	7013	7501	5032	
DHL	54600	54600	5	7	5	8	12	21	21	0	9	9389591	1810	2357	1241	2216	9263	7013	7501	5032	
DHL	54800	54800	5	9	4	8	13	19	21	0	9	9371260	1810	2357	1241	2216	9263	7013	7501	5032	
DHL	55000	55000	2	8	4	7	12	15	24	0	10	9353308	1810	2357	1241	2216	9263	7013	7501	5032	
DHL	55200	55200	3	10	4	9	15	11	22	0	10	9337595	1810	2357	1241	2216	9263	7013	7501	5032	
DHL	55400	55400	3	11	6	10	14	9	17	0	10	9322440	1810	2357	1241	2216	9263	7013	7501	5032	
DHL	55600	55600	3	12	5	10	13	8	18	0	11	9307842	1810	2357	1241	2216	9263	7013	7501	5032	
DHL	55800	55800	4	12	5	10	14	10	12	0	10	9294188	1810	2357	1241	2216	9263	7013	7501	5032	
DHL	56000	56000	2	12	4	11	10	12	11	0	9	9280052	1810	2357	1241	2216	9263	7013	7501	5032	
DHL	56200	56200	4	13	4	11	8	12	12	0	8	9265031	1810	2357	1241	2216	9263	7013	7501	5032	
DHL	56400	56400	4	16	4	10	7	10	11	0	7	9250875	1810	2357	1241	2216	9263	7013	7501	5032	
DHL	56600	56600	3	12	4	13	8	12	11	0	9	9236113	1810	2357	1241	2216	9263	7013	7501	5032	
DHL	56800	56800	4	18	3	14	12	13	10	0	12	9219982	1810	2357	1241	2216	9263	7013	7501	5032	
DHL	57000	57000	6	18	3	14	12	14	11	0	11	9204398	1810	2357	1241	2216	9263	7013	7501	5032	
DHL	57200	57200	6	18	2	14	10	14	15	0	10	9189666	1810	2357	1241	2216	9263	7013	7501	5032	
DHL	57400	57400	6	18	3	14	13	15	19	0	10	9174659	1810	2357	1241	2216	9263	7013	7501	5032	
DHL	57600	57600	7	17	2	14	14	16	18	0	8	9160496	1810	2357	1241	2216	9263	7013	7501	5032	
DHL	57800	57800	8	16	2	11	15	14	21	0	8	9147464	1810	2357	1241	2216	9263	7013	7501	5032	
DHL	58000	58000	6	19	2	9	16	13	23	0	9	9134738	1810	2357	1241	2216	9263	7013	7501	5032	
DHL	58200	58200	6	18	2	7	15	13	23	0	9	9121149	1810	2357	1241	2216	9263	7013	7501	5032	
DHL	58400	58400	9	16	1	5	12	15	25	0	10	9107092	1810	2357	1241	2216	9263	7013	7501	5032	
DHL	58600	58600	7	15	2	5	11	15	25	0	11	9092856	1810	2357	1241	2216	9263	7013	7501	5032	
DHL	58800	58800	6	15	4	6	11	14	24	0	13	9077892	1810	2357	1241	2216	9263	7013	7501	5032	
DHL	59000	59000	6	14	3	7	13	14	22	0	14	9061188	1810	2357	1241	2216	9263	7013	7501	5032	
DHL	59200	59200	5	13	3	8	15	15	18	0	14	9044210	1810	2357	1241	2216	9263	7013	7501	5032	
DHL	59400	59400	4	12	3	6	16	15	17	0	15	9026453	1810	2357	1241	2216	9263	7013	7501	5032	
DHL	59600	59600	4	12	4	3	16	15	14	0	11	9008994	1810	2357	1241	2216	9263	7013	7501	5032	
DHL	59800	59800	4	13	5	3	15	15	14	0	10	8992647	1810	2357	1241	2216	9263	7013	7501	5032	
DHL	60000	60000	3	12	5	3	17	17	17	0	7	8977423	1810	2357	1241	2216	9263	7013	7501	5032	
DHL	60200	60200	3	10	3	3	18	14	17	0	7	8962611	1810	2357	1241	2216	9263	7013	7501	5032	
DHL	60400	60400	1	9	5	3	20	16	16	0	5	8948314	1810	2357	1241	2216	9263	7013	7501	5032	
DHL	60600	60600	1	4	5	3	19	17	15	0	6	8934217	1810	2357	1241	2216	9263	7013	7501	5032	
DHL	60800	60800	1	4	5	2	21	15	13	0	7	8920570	1810	2357	1241	2216	9263	7013	7501	5032	
DHL	61000	61000	2	6	6	4	21	14	13	0	8	8906631	1810	2357	1241	2216	9263	7013	7501	5032	
DHL	61200	61200	4	4	6	4	21	15	14	0	8	8892471	1810	2357	1241	2216	9263	7013	7501	5032	
DHL	61400	61400	4	4	5	5	20	18	13	0	10	8878237	1810	2357	1241	2216	9263	7013	7501	5032	
DHL	61600	61600	4	4	3	6	19	19	13	0	9	8864346	1810	2357	1241	2216	9263	7013	7501	5032	
DHL	61800	61800	4	4	3	6	18	23	13	0	9	8849927	1810	2357	1241	2216	9263	7013	7501	5032	
DHL	62000	62000	3	6	2	6	13	20	15	0	8	8835294	1810	2357	1241	2216	9263	7013	7501	5032	
DHL	62200	62200	3	5	2	5	11	21	16	0	9	8820789	1810	2357	1241	2216	9263	7013	7501	5032	
DHL	62400	62400	2	5	2	5	9	22	16	0	10	8805140	1810	2357	1241	2216	9263	7013	7501	5032	
DHL	62600	62600	4	5	2	5	14	21	20	0	9	8788942	1810	2357	1241	2216	9263	7013	7501	5032	
DHL	62800	62800	2	6	2	6	17	21	20	0	11	8771948	1810	2357	1241	2216	9263	7013	7501	5032	
DHL	63000	63000	2	6	1	4	18	24	18	0	10	8754203	1810	2357	1241	2216	9263	7013	7501	5032	
DHL	63200	63200	3	5	1	4	20	25	15	0	12	8736854	1810	2357	1241	2216	9263	7013	7501	5032	
DHL	63400	63400	3	7	1	6	21	22	15	0	11	8719306	1810	2357	1241	2216	9263	7013	7501	5032	
DHL	63600	63600	4	8	1	9	20	21	18	0	11	8702563	1810	2357	1241	2216	9263	7013	7501	5032	
DHL	63800	63800	5	9	0	9	24	22	20	0	10	8686805	1810	2357	1241	2216	9263	7013	7501	5032	
DHL	64000	64000	6	8	1	8	20	18	22	0	11	8671322	1810	2357	1241	2216	9263	7013	7501	5032	
DHL	64200	64200	5	8	2	9	16	19	19	0	9	8657243	1810	2357	1241	2216	9263	7013	7501	5032	
DHL	64400	64400	4	8	3	10	19	15	18	0	8	8643187	1810	2357	1241	2216	9263	7013	7501	5032	
DHL	64600	64600	4	9	3	8	19	15	17	0	7	8629214	1810	2357	1241	2216	9263	7013	7501	5032	
DHL	64800	64800	5	10	4	7	20	15	15	0	9	8615439	1810	2357	1241	2216	9263	7013	7501	5032	
DHL	65000	65000	5	8	3	8	17	14	14	0	8	8600688	1810	2357	1241	2216	9263	7013	7501	5032	
DHL	65200	65200	4	7	4	7	16	11	14	0	5	8586181	1810	2357	1241	2216	9263	7013	7501	5032	
DHL	65400	65400	4	8	4	6	14	10	14	0	5	8571412	1810	2357	1241	2216	9263	7013	7501	5032	
DHL	65600	65600	3	8	4	4	12	14	16	0	7	8557180	1810	2357	1241	2216	9263	7013	7501	5032	
DHL	65800	65800	2	9	4	4	14	15	16	0	6	8542992	1810	2357	1241	2216	9263	7013	7501	5032	
DHL	66000	66000	2	11	4	5	15	17	20	0	7	8528095	1810	2357	1241	2216	9263	7013	7501	5032	
DHL	66200	66200	3	11	3	8	15	19	24	0	7	8513415	1810	2357	1241	2216	9263	7013	7501	5032	
DHL	66400	66400	3	13	3	6	16	18	21	0	5	8499392	1810	2357	1241	2216	9263	7013	7501	5032	
DHL	66600	66600	3	10	0	6	21	20	22	0	4	8484784	1810	2357	1241	2216	9263	7013	7501	5032	
DHL	66800	66800	3	10	1	5	18	19	19	0	5	8470743	1810	2357	1241	2216	9263	7013	7501	5032	
DHL	67000	67000	3	12	1	5	17	18	22	0	6	8457955	1810	2357	1241	2216	9263	7013	7501	5032	
DHL	67200	67200	3	9	0	5	18	18	19	0	5	8445723	1810	2357	1241	2216	9263	7013	7501	5032	
DHL	67400	67400	4	9	0	6	16	17	17	0	5	8434315	1810	2357	1241	2216	9263	7013	7501	5032	
DHL	67600	67600	4	10	1	5	10	18	14	0	6	8422734	1810	2357	1241	2216	9263	7013	7501	5032	
DHL	67800	67800	3	10	2	3	10	20	17	0	6	8410370	1810	2357	1241	2216	9263	7013	7501	5032	
DHL	68000	68000	2	8	3	3	8	22	15	0	6	8397739	1810	2357	1241	2216	9263	7013	7501	5032	
DHL	68200	68200	2	7	3	5	11	26	13	0	6	8384765	1810	2357	1241	2216	9263	7013	7501	5032	
DHL	68400	68400	2	5	3	4	11	28	15	0	4	8371480	1810	2357	1241	2216	9263	7013	7501	5032	
DHL	68600	68600	2	6	3	4	9	23	18	0	5	8358435	1810	2357	1241	2216	9263	7013	7501	5032	
DHL	68800	68800	4	4	2	4	10	24	16	0	5	8345218	1810	2357	1241	2216	9263	7013	7501	5032	
DHL	69000	69000	3	3	2	4	10	24	18	0	3	8332232	1810	2357	1241	2216	9263	7013	7501	5032	
DHL	69200	69200	3	3	2	5	7	19	16	0	4	8320672	1810	2357	1241	2216	9263	7013	7501	5032	
DHL	69400	69400	4	3	2	6	10	18	14	0	5	8309926	1810	2357	1241	2216	9263	7013	7501	5032	
DHL	69600	69600	4	4	1	6	9	13	15	0	7	8299337	1810	2357	1241	2216	9263	7013	7501	5032	
DHL	69800	69800	3	4	1	6	11	14	16	0	8	8287433	1810	2357	1241	2216	9263	7013	7501	5032	
DHL	70000	70000	3	4	2	6	12	14	17	0	8	8276384	1810	2357	1241	2216	9263	7013	7501	5032	
DHL	70200	70200	4	4	3	6	13	11	19	0	9	8266150	1810	2357	1241	2216	9263	7013	7501	5032	
DHL	70400	70400	5	6	2	7	15	10	22	0	9	8255502	1810	2357	1241	2216	9263	7013	7501	5032	
DHL	70600	70600	5	5	2	5	14	12	18	0	9	8244223	1810	2357	1241	2216	9263	7013	7501	5032	
DHL	70800	70800	4	7	4	8	17	11	18	0	13	8232497	1810	2357	1241	2216	9263	7013	7501	5032	
DHL	71000	71000	4	6	4	9	20	11	20	0	13	8220878	1810	2357	1241	2216	9263	7013	7501	5032	
DHL	71200	71200	4	5	4	9	21	14	18	0	11	8210205	1810	2357	1241	2216	9263	7013	7501	5032	
DHL	71400	71400	4	4	5	9	21	13	20	0	11	8198937	1810	2357	1241	2216	9263	7013	7501	5032	
DHL	71600	71600	3	4	4	7	17	14	21	0	10	8187111	1810	2357	1241	2216	9263	7013	7501	5032	
DHL	71800	71800	2	3	4	6	15	15	20	0	9	8174737	1810	2357	1241	2216	9263	7013	7501	5032	
DHL	72000	72000	3	3	4	8	13	13	20	0	10	8162845	1810	2357	1241	2216	9263	7013	7501	5032	
DHL	72200	72200	4	3	3	8	10	13	19	0	9	8151884	1810	2357	1241	2216	9263	7013	7501	5032	
DHL	72400	72400	4	2	2	6	9	15	24	0	10	8140633	1810	2357	1241	2216	9263	7013	7501	5032	
DHL	72600	72600	2	3	2	4	8	14	22	0	11	8129341	1810	2357	1241	2216	9263	7013	7501	5032	
DHL	72800	72800	2	4	1	4	8	12	20	0	10	8118494	1810	2357	1241	2216	9263	7013	7501	5032	
DHL	73000	73000	2	3	2	4	8	12	19	0	9	8107468	1810	2357	1241	2216	9263	7013	7501	5032	
DHL	73200	73200	2	3	2	3	9	11	20	0	9	8095814	1810	2357	1241	2216	9263	7013	7501	5032	
DHL	73400	73400	2	4	2	4	8	6	21	0	9	8083794	1810	2357	1241	2216	9263	7013	7501	5032	
DHL	73600	73600	2	4	3	3	7	12	22	0	10	8070688	1810	2357	1241	2216	9263	7013	7501	5032	
DHL	73800	73800	2	3	3	5	10	12	21	0	10	8057665	1810	2357	1241	2216	9263	7013	7501	5032	
DHL	74000	74000	2	4	4	6	10	12	18	0	12	8044288	1810	2357	1241	2216	9263	7013	7501	5032	
DHL	74200	74200	1	4	3	6	8	10	16	0	12	8030279	1810	2357	1241	2216	9263	7013	7501	5032	
DHL	74400	74400	1	4	3	8	7	10	14	0	10	8016028	1810	2357	1241	2216	9263	7013	7501	5032	
DHL	74600	74600	0	5	1	8	7	9	14	0	7	8002049	1810	2357	1241	2216	9263	7013	7501	5032	
DHL	74800	74800	1	6	1	8	8	11	16	0	3	7988293	1810	2357	1241	2216	9263	7013	7501	5032	
DHL	75000	75000	1	6	1	6	7	9	15	0	5	7975047	1810	2357	1241	2216	9263	7013	7501	5032	
DHL	75200	75200	2	6	1	5	8	10	16	0	8	7963411	1810	2357	1241	2216	9263	7013	7501	5032	
DHL	75400	75400	3	4	1	3	9	7	16	0	8	7951538	1810	2357	1241	2216	9263	7013	7501	5032	
DHL	75600	75600	4	3	2	2	11	8	13	0	7	7938995	1810	2357	1241	2216	9263	7013	7501	5032	
DHL	75800	75800	4	3	2	3	10	12	16	0	7	7926554	1810	2357	1241	2216	9263	7013	7501	5032	
DHL	76000	76000	4	4	1	6	9	16	16	0	7	7913736	1810	2357	1241	2216	9263	7013	7501	5032	
DHL	76200	76200	4	4	3	4	10	17	16	0	8	7901498	1810	2357	1241	2216	9263	7013	7501	5032	
DHL	76400	76400	4	3	3	4	10	16	16	0	13	7890115	1810	2357	1241	2216	9263	7013	7501	5032	
DHL	76600	76600	5	4	5	4	8	17	15	0	15	7879107	1810	2357	1241	2216	9263	7013	7501	5032	
DHL	76800	76800	4	6	7	2	9	23	15	0	15	7869259	1810	2357	1241	2216	9263	7013	7501	5032	
DHL	77000	77000	4	5	7	2	10	22	15	0	12	7858328	1810	2357	1241	2216	9263	7013	7501	5032	
DHL	77200	77200	3	6	6	3	8	25	15	0	11	7847505	1810	2357	1241	2216	9263	7013	7501	5032	
DHL	77400	77400	3	7	5	3	8	25	16	0	11	7838483	1810	2357	1241	2216	9263	7013	7501	5032	
DHL	77600	77600	3	9	6	5	10	23	16	0	11	7829759	1810	2357	1241	2216	9263	7013	7501	5032	
DHL	77800	77800	3	8	4	6	12	25	18	0	9	7821039	1810	2357	1241	2216	9263	7013	7501	5032	
DHL	78000	78000	3	5	4	5	9	28	21	0	8	7811715	1810	2357	1241	2216	9263	7013	7501	5032	
DHL	78200	78200	4	3	3	5	8	29	17	0	7	7801344	1810	2357	1241	2216	9263	7013	7501	5032	
DHL	78400	78400	6	2	3	5	9	26	19	0	6	7790543	1810	2357	1241	2216	9263	7013	7501	5032	
DHL	78600	78600	5	1	3	4	8	26	17	0	3	7779528	1810	2357	1241	2216	9263	7013	7501	5032	
DHL	78800	78800	5	3	3	5	10	21	14	0	0	7769343	1810	2357	1241	2216	9263	7013	7501	5032	
DHL	79000	79000	4	4	3	7	10	19	13	0	1	7759841	1810	2357	1241	2216	9263	7013	7501	5032	
DHL	79200	79200	4	4	3	6	10	17	13	0	1	7751083	1810	2357	1241	2216	9263	7013	7501	5032	
DHL	79400	79400	2	3	2	5	12	19	11	0	2	7742457	1810	2357	1241	2216	9263	7013	7501	5032	
DHL	79600	79600	2	0	2	4	11	19	12	0	3	7733897	1810	2357	1241	2216	9263	7013	7501	5032	
DHL	79800	79800	3	0	3	4	10	22	11	0	3	7725220	1810	2357	1241	2216	9263	7013	7501	5032	
DHL	80000	80000	3	0	3	4	12	21	18	0	3	7717235	1810	2357	1241	2216	9263	7013	7501	5032	
DHL	80200	80200	3	1	2	4	12	20	15	0	3	7709612	1810	2357	1241	2216	9263	7013	7501	5032	
DHL	80400	80400	3	3	3	3	15	16	13	0	4	7701223	1810	2357	1241	2216	9263	7013	7501	5032	
DHL	80600	80600	3	3	4	3	12	18	14	0	4	7692251	1810	2357	1241	2216	9263	7013	7501	5032	
DHL	80800	80800	4	2	3	2	11	17	16	0	5	7682629	1810	2357	1241	2216	9263	7013	7501	5032	
DHL	81000	81000	4	2	3	1	10	16	16	0	6	7672485	1810	2357	1241	2216	9263	7013	7501	5032	
DHL	81200	81200	3	3	3	2	8	16	16	0	5	7662589	1810	2357	1241	2216	9263	7013	7501	5032	
DHL	81400	81400	1	5	3	2	9	14	17	0	6	7652960	1810	2357	1241	2216	9263	7013	7501	5032	
DHL	81600	81600	2	5	3	3	9	16	18	0	8	7643177	1810	2357	1241	2216	9263	7013	7501	5032	
DHL	81800	81800	2	7	3	4	8	20	17	0	9	7633331	1810	2357	1241	2216	9263	7013	7501	5032	
DHL	82000	82000	2	7	2	4	9	19	20	0	8	7624365	1810	2357	1241	2216	9263	7013	7501	5032	
DHL	82200	82200	2	7	4	5	13	17	21	0	7	7615319	1810	2357	1241	2216	9263	7013	7501	5032	
DHL	82400	82400	2	7	3	5	11	18	18	0	9	7605773	1810	2357	1241	2216	9263	7013	7501	5032	
DHL	82600	82600	1	7	2	6	11	18	17	0	10	7595434	1810	2357	1241	2216	9263	7013	7501	5032	
DHL	82800	82800	1	7	2	5	10	21	15	0	7	7585386	1810	2357	1241	2216	9263	7013	7501	5032	
DHL	83000	83000	1	5	2	6	8	22	16	0	7	7575147	1810	2357	1241	2216	9263	7013	7501	5032	
DHL	83200	83200	2	5	2	5	8	22	14	0	7	7564274	1810	2357	1241	2216	9263	7013	7501	5032	
DHL	83400	83400	2	7	3	5	9	21	9	0	6	7553281	1810	2357	1241	2216	9263	7013	7501	5032	
DHL	83600	83600	2	7	3	6	11	19	12	0	5	7542167	1810	2357	1241	2216	9263	7013	7501	5032	
DHL	83800	83800	2	6	3	8	10	21	12	0	4	7531448	1810	2357	1241	2216	9263	7013	7501	5032	
DHL	84000	84000	1	6	3	9	12	21	12	0	3	7520662	1810	2357	1241	2216	9263	7013	7501	5032	
DHL	84200	84200	3	6	3	10	12	16	13	0	2	7509846	1810	2357	1241	2216	9263	7013	7501	5032	
DHL	84400	84400	3	8	3	11	13	17	14	0	2	7499276	1810	2357	1241	2216	9263	7013	7501	5032	
DHL	84600	84600	4	8	3	12	10	17	18	0	2	7489749	1810	2357	1241	2216	9263	7013	7501	5032	
DHL	84800	84800	4	11	4	11	8	14	19	0	2	7481562	1810	2357	1241	2216	9263	7013	7501	5032	
DHL	85000	85000	3	11	2	10	7	12	20	0	4	7472868	1810	2357	1241	2216	9263	7013	7501	5032	
DHL	85200	85200	2	10	2	8	10	9	17	0	7	7464021	1810	2357	1241	2216	9263	7013	7501	5032	
DHL	85400	85400	1	8	2	7	10	13	19	0	7	7455661	1810	2357	1241	2216	9263	7013	7501	5032	
DHL	85600	85600	0	8	2	7	14	15	17	0	8	7446820	1810	2357	1241	2216	9263	7013	7501	5032	
DHL	85800	85800	0	7	2	4	14	16	17	0	10	7437037	1810	2357	1241	2216	9263	7013	7501	5032	
DHL	86000	86000	2	9	2	3	14	16	14	0	9	7427649	1810	2357	1241	2216	9263	7013	7501	5032	
DHL	86200	86200	2	10	2	3	19	16	11	0	10	7418808	1810	2357	1241	2216	9263	7013	7501	5032	
DHL	86400	86400	2	10	3	3	20	16	12	0	10	7409204	1810	2357	1241	2216	9263	7013	7501	5032	
DHL	86600	86600	1	8	3	3	24	14	16	0	12	7400400	1810	2357	1241	2216	9263	7013	7501	5032	
DHL	86800	86800	1	6	2	4	19	13	17	0	12	7391614	1810	2357	1241	2216	9263	7013	7501	5032	
DHL	87000	87000	1	5	1	5	18	16	17	0	15	7383480	1810	2357	1241	2216	9263	7013	7501	5032	
DHL	87200	87200	2	5	1	4	17	15	18	0	13	7375543	1810	2357	1241	2216	9263	7013	7501	5032	
DHL	87400	87400	3	6	3	6	14	17	17	0	12	7367429	1810	2357	1241	2216	9263	7013	7501	5032	
DHL	87600	87600	2	7	3	6	9	15	20	0	12	7358940	1810	2357	1241	2216	9263	7013	7501	5032	
DHL	87800	87800	2	8	4	6	9	17	16	0	10	7350048	1810	2357	1241	2216	9263	7013	7501	5032	
DHL	88000	88000	2	5	4	6	12	18	18	0	9	7340636	1810	2357	1241	2216	9263	7013	7501	5032	
DHL	88200	88200	1	5	4	3	13	17	16	0	7	7331168	1810	2357	1241	2216	9263	7013	7501	5032	
DHL	88400	88400	1	5	4	4	12	16	16	0	8	7322115	1810	2357	1241	2216	9263	7013	7501	5032	
DHL	88600	88600	1	5	5	4	13	19	18	0	9	7312954	1810	2357	1241	2216	9263	7013	7501	5032	
DHL	88800	88800	1	3	5	4	13	18	19	0	9	7303198	1810	2357	1241	2216	9263	7013	7501	5032	
DHL	89000	89000	3	3	3	4	13	15	13	0	10	7293103	1810	2357	1241	2216	9263	7013	7501	5032	
DHL	89200	89200	3	4	3	3	13	16	12	0	9	7282741	1810	2357	1241	2216	9263	7013	7501	5032	
DHL	89400	89400	4	5	3	2	14	13	9	0	13	7272945	1810	2357	1241	2216	9263	7013	7501	5032	
DHL	89600	89600	4	6	3	2	12	10	9	0	15	7263371	1810	2357	1241	2216	9263	7013	7501	5032	
DHL	89800	89800	5	6	3	3	11	7	7	0	16	7253750	1810	2357	1241	2216	9263	7013	7501	5032	
DHL	90000	90000	4	6	3	2	11	8	8	0	14	7244456	1810	2357	1241	2216	9263	7013	7501	5032	
DHL	90200	90200	4	4	3	2	5	7	9	0	13	7235162	1810	2357	1241	2216	9263	7013	7501	5032	
DHL	90400	90400	4	3	3	1	5	6	12	0	12	7225496	1810	2357	1241	2216	9263	7013	7501	5032	
DHL	90600	90600	2	3	4	1	4	9	11	0	11	7216063	1810	2357	1241	2216	9263	7013	7501	5032	
DHL	90800	90800	3	3	4	2	5	10	13	0	11	7207645	1810	2357	1241	2216	9263	7013	7501	5032	
DHL	91000	91000	2	4	7	3	8	10	12	0	8	7199423	1810	2357	1241	2216	9263	7013	7501	5032	
DHL	91200	91200	2	4	8	2	8	10	10	0	10	7191237	1810	2357	1241	2216	9263	7013	7501	5032	
DHL	91400	91400	2	4	8	2	10	10	9	0	10	7182632	1810	2357	1241	2216	9263	7013	7501	5032	
DHL	91600	91600	3	4	9	2	10	9	11	0	10	7173904	1810	2357	1241	2216	9263	7013	7501	5032	
DHL	91800	91800	4	4	8	2	9	9	14	0	10	7165701	1810	2357	1241	2216	9263	7013	7501	5032	
DHL	92000	92000	5	4	9	2	11	10	13	0	9	7157055	1810	2357	1241	2216	9263	7013	7501	5032	
DHL	92200	92200	5	3	7	4	9	12	14	0	8	7147961	1810	2357	1241	2216	9263	7013	7501	5032	
DHL	92400	92400	5	3	7	5	9	10	12	0	7	7139287	1810	2357	1241	2216	9263	7013	7501	5032	
DHL	92600	92600	4	3	6	5	6	11	15	0	5	7130341	1810	2357	1241	2216	9263	7013	7501	5032	
DHL	92800	92800	3	2	5	5	6	12	16	0	4	7121683	1810	2357	1241	2216	9263	7013	7501	5032	
DHL	93000	93000	4	3	5	7	7	12	14	0	3	7111997	1810	2357	1241	2216	9263	7013	7501	5032	
DHL	93200	93200	5	2	6	7	9	10	18	0	2	7101671	1810	2357	1241	2216	9263	7013	7501	5032	
DHL	93400	93400	7	1	7	7	9	10	20	0	3	7090768	1810	2357	1241	2216	9263	7013	7501	5032	
DHL	93600	93600	7	1	7	6	11	11	18	0	3	7080781	1810	2357	1241	2216	9263	7013	7501	5032	
DHL	93800	93800	6	2	4	7	13	11	16	0	3	7071884	1810	2357	1241	2216	9263	7013	7501	5032	
DHL	94000	94000	6	1	3	5	13	13	13	0	1	7063684	1810	2357	1241	2216	9263	7013	7501	5032	
DHL	94200	94200	5	2	2	4	14	13	15	0	3	7055012	1810	2357	1241	2216	9263	7013	7501	5032	
DHL	94400	94400	4	2	2	4	14	12	14	0	4	7045979	1810	2357	1241	2216	9263	7013	7501	5032	
DHL	94600	94600	3	2	2	3	15	14	12	0	4	7036626	1810	2357	1241	2216	9263	7013	7501	5032	
DHL	94800	94800	4	2	1	5	15	12	13	0	4	7026965	1810	2357	1241	2216	9263	7013	7501	5032	
DHL	95000	95000	6	2	2	5	13	14	9	0	5	7015945	1810	2357	1241	2216	9263	7013	7501	5032	
DHL	95200	95200	7	3	3	7	11	14	10	0	5	7005048	1810	2357	1241	2216	9263	7013	7501	5032	
DHL	95400	95400	7	1	3	9	13	13	12	0	5	6994042	1810	2357	1241	2216	9263	7013	7501	5032	
DHL	95600	95600	6	2	3	10	11	13	13	0	4	6982887	1810	2357	1241	2216	9263	7013	7501	5032	
DHL	95800	95800	4	3	3	9	12	11	9	0	4	6971670	1810	2357	1241	2216	9263	7013	7501	5032	
DHL	96000	96000	5	3	6	9	11	11	9	0	3	6960115	1810	2357	1241	2216	9263	7013	7501	5032	
DHL	96200	96200	3	3	6	8	7	13	9	0	3	6948310	1810	2357	1241	2216	9263	7013	7501	5032	
DHL	96400	96400	3	3	6	8	6	11	8	0	3	6936438	1810	2357	1241	2216	9263	7013	7501	5032	
DHL	96600	96600	1	3	4	8	7	10	4	0	4	6924820	1810	2357	1241	2216	9263	7013	7501	5032	
DHL	96800	96800	1	4	5	8	9	10	8	0	3	6912463	1810	2357	1241	2216	9263	7013	7501	5032	
DHL	97000	97000	1	4	6	8	10	9	10	0	2	6900480	1810	2357	1241	2216	9263	7013	7501	5032	
DHL	97200	97200	2	4	6	5	9	9	9	0	4	6890125	1810	2357	1241	2216	9263	7013	7501	5032	
DHL	97400	97400	3	5	5	2	8	11	8	0	4	6880935	1810	2357	1241	2216	9263	7013	7501	5032	
DHL	97600	97600	4	7	4	2	6	13	9	0	3	6871259	1810	2357	1241	2216	9263	7013	7501	5032	
DHL	97800	97800	4	9	3	2	8	13	9	0	3	6861285	1810	2357	1241	2216	9263	7013	7501	5032	
DHL	98000	98000	3	10	2	2	7	17	8	0	6	6851296	1810	2357	1241	2216	9263	7013	7501	5032	
DHL	98200	98200	3	10	1	1	9	14	12	0	5	6841602	1810	2357	1241	2216	9263	7013	7501	5032	
DHL	98400	98400	3	9	1	0	9	15	11	0	7	6831821	1810	2357	1241	2216	9263	7013	7501	5032	
DHL	98600	98600	4	6	2	0	9	17	12	0	7	6821933	1810	2357	1241	2216	9263	7013	7501	5032	
DHL	98800	98800	3	7	2	0	10	17	10	0	6	6812262	1810	2357	1241	2216	9263	7013	7501	5032	
DHL	99000	99000	3	6	2	1	8	12	12	0	8	6803054	1810	2357	1241	2216	9263	7013	7501	5032	
DHL	99200	99200	3	7	1	1	8	14	12	0	9	6794280	1810	2357	1241	2216	9263	7013	7501	5032	
DHL	99400	99400	2	10	1	2	10	16	13	0	8	6786196	1810	2357	1241	2216	9263	7013	7501	5032	
DHL	99600	99600	2	13	1	2	8	20	16	0	9	6778288	1810	2357	1241	2216	9263	7013	7501	5032	
DHL	99800	99800	2	14	1	2	8	19	14	0	14	6770595	1810	2357	1241	2216	9263	7013	7501	5032	
DHL	100000	100000	2	7	0	3	8	14	13	0	14	6762957	1810	2357	1241	2216	9263	7013	7501	5032	
