DHL	0	0	27	33	9	9	28	40	29	0	10	18438972	2244	2253	1119	2143	9003	7950	6980	4755	
DHL	-200	-200	35	33	6	11	33	35	30	0	13	18333167	2244	2253	1119	2143	9003	7950	6980	4755	
DHL	-400	-400	26	32	8	8	36	38	29	0	12	18097475	2244	2253	1119	2143	9003	7950	6980	4755	
DHL	-600	-600	22	32	9	14	32	39	29	0	12	17692654	2244	2253	1119	2143	9003	7950	6980	4755	
DHL	-800	-800	23	30	10	19	31	50	29	0	13	17188932	2244	2253	1119	2143	9003	7950	6980	4755	
DHL	-1000	-1000	23	32	8	18	38	49	30	0	13	16669558	2244	2253	1119	2143	9003	7950	6980	4755	
DHL	-1200	-1200	25	34	7	14	34	48	32	0	18	16144470	2244	2253	1119	2143	9003	7950	6980	4755	
DHL	-1400	-1400	22	27	5	12	29	52	26	0	21	15636575	2244	2253	1119	2143	9003	7950	6980	4755	
DHL	-1600	-1600	19	33	4	14	32	50	25	0	14	15170908	2244	2253	1119	2143	9003	7950	6980	4755	
DHL	-1800	-1800	13	37	2	18	35	42	24	0	13	14763115	2244	2253	1119	2143	9003	7950	6980	4755	
DHL	-2000	-2000	12	36	4	15	30	40	21	0	16	14416508	2244	2253	1119	2143	9003	7950	6980	4755	
DHL	-2200	-2200	16	28	4	13	29	34	25	0	15	14119094	2244	2253	1119	2143	9003	7950	6980	4755	
DHL	-2400	-2400	12	26	3	13	28	36	26	0	10	13866537	2244	2253	1119	2143	9003	7950	6980	4755	
DHL	-2600	-2600	15	22	4	9	20	42	29	0	12	13654072	2244	2253	1119	2143	9003	7950	6980	4755	
DHL	-2800	-2800	13	20	6	15	19	42	37	0	8	13480791	2244	2253	1119	2143	9003	7950	6980	4755	
DHL	-3000	-3000	13	19	7	11	14	34	34	0	12	13338721	2244	2253	1119	2143	9003	7950	6980	4755	
DHL	-3200	-3200	19	19	5	12	14	30	24	0	12	13220916	2244	2253	1119	2143	9003	7950	6980	4755	
DHL	-3400	-3400	16	20	4	11	15	31	29	0	10	13116926	2244	2253	1119	2143	9003	7950	6980	4755	
DHL	-3600	-3600	20	19	4	8	14	31	33	0	11	13021932	2244	2253	1119	2143	9003	7950	6980	4755	
DHL	-3800	-3800	19	17	2	11	16	27	31	0	12	12938060	2244	2253	1119	2143	9003	7950	6980	4755	
DHL	-4000	-4000	26	15	2	15	14	34	24	0	10	12867166	2244	2253	1119	2143	9003	7950	6980	4755	
DHL	-4200	-4200	18	21	4	19	17	34	22	0	12	12805072	2244	2253	1119	2143	9003	7950	6980	4755	
DHL	-4400	-4400	16	19	4	16	16	28	22	0	9	12748607	2244	2253	1119	2143	9003	7950	6980	4755	
DHL	-4600	-4600	22	16	5	13	14	29	18	0	10	12693359	2244	2253	1119	2143	9003	7950	6980	4755	
DHL	-4800	-4800	14	14	3	12	10	30	19	0	6	12637200	2244	2253	1119	2143	9003	7950	6980	4755	
DHL	-5000	-5000	11	11	2	8	12	26	23	0	6	12585407	2244	2253	1119	2143	9003	7950	6980	4755	
DHL	-5200	-5200	8	7	3	9	9	29	19	0	7	12536161	2244	2253	1119	2143	9003	7950	6980	4755	
DHL	-5400	-5400	12	9	4	7	14	30	24	0	4	12487704	2244	2253	1119	2143	9003	7950	6980	4755	
DHL	-5600	-5600	8	10	3	3	7	34	16	0	4	12441513	2244	2253	1119	2143	9003	7950	6980	4755	
DHL	-5800	-5800	12	8	3	3	9	31	16	0	3	12399194	2244	2253	1119	2143	9003	7950	6980	4755	
DHL	-6000	-6000	15	7	4	4	13	42	13	0	0	12360424	2244	2253	1119	2143	9003	7950	6980	4755	
DHL	-6200	-6200	13	6	5	7	8	41	12	0	4	12323903	2244	2253	1119	2143	9003	7950	6980	4755	
DHL	-6400	-6400	14	7	4	10	11	37	12	0	8	12288469	2244	2253	1119	2143	9003	7950	6980	4755	
DHL	-6600	-6600	11	8	5	12	14	37	11	0	10	12253173	2244	2253	1119	2143	9003	7950	6980	4755	
DHL	-6800	-6800	11	8	5	8	15	27	10	0	10	12218975	2244	2253	1119	2143	9003	7950	6980	4755	
DHL	-7000	-7000	13	7	4	9	18	31	12	0	11	12185645	2244	2253	1119	2143	9003	7950	6980	4755	
DHL	-7200	-7200	7	11	7	6	15	27	13	0	14	12150618	2244	2253	1119	2143	9003	7950	6980	4755	
DHL	-7400	-7400	5	9	6	4	17	28	12	0	12	12116047	2244	2253	1119	2143	9003	7950	6980	4755	
DHL	-7600	-7600	4	7	5	8	26	27	17	0	10	12081611	2244	2253	1119	2143	9003	7950	6980	4755	
DHL	-7800	-7800	8	12	5	8	32	22	15	0	10	12047132	2244	2253	1119	2143	9003	7950	6980	4755	
DHL	-8000	-8000	7	9	4	9	27	26	11	0	8	12012123	2244	2253	1119	2143	9003	7950	6980	4755	
DHL	-8200	-8200	4	8	3	10	23	28	17	0	7	11976324	2244	2253	1119	2143	9003	7950	6980	4755	
DHL	-8400	-8400	5	11	4	9	21	28	18	0	8	11943145	2244	2253	1119	2143	9003	7950	6980	4755	
DHL	-8600	-8600	7	8	4	9	21	29	20	0	13	11910831	2244	2253	1119	2143	9003	7950	6980	4755	
DHL	-8800	-8800	7	7	5	8	21	26	19	0	13	11879975	2244	2253	1119	2143	9003	7950	6980	4755	
DHL	-9000	-9000	8	11	7	7	19	27	22	0	14	11849317	2244	2253	1119	2143	9003	7950	6980	4755	
DHL	-9200	-9200	9	12	5	6	18	27	24	0	9	11818930	2244	2253	1119	2143	9003	7950	6980	4755	
DHL	-9400	-9400	9	13	4	5	18	29	24	0	10	11786898	2244	2253	1119	2143	9003	7950	6980	4755	
DHL	-9600	-9600	8	16	7	7	17	29	19	0	9	11755663	2244	2253	1119	2143	9003	7950	6980	4755	
DHL	-9800	-9800	12	15	8	8	20	25	17	0	11	11724088	2244	2253	1119	2143	9003	7950	6980	4755	
DHL	-10000	-10000	14	15	11	7	16	28	17	0	11	11694065	2244	2253	1119	2143	9003	7950	6980	4755	
DHL	-10200	-10200	13	13	10	7	18	22	15	0	11	11665387	2244	2253	1119	2143	9003	7950	6980	4755	
DHL	-10400	-10400	13	10	7	7	16	23	20	0	9	11634746	2244	2253	1119	2143	9003	7950	6980	4755	
DHL	-10600	-10600	14	9	5	8	17	23	21	0	8	11602519	2244	2253	1119	2143	9003	7950	6980	4755	
DHL	-10800	-10800	12	10	3	7	18	21	29	0	9	11570264	2244	2253	1119	2143	9003	7950	6980	4755	
DHL	-11000	-11000	14	12	3	10	18	25	30	0	12	11539776	2244	2253	1119	2143	9003	7950	6980	4755	
DHL	-11200	-11200	13	12	4	14	21	21	27	0	10	11510007	2244	2253	1119	2143	9003	7950	6980	4755	
DHL	-11400	-11400	9	10	5	12	22	19	30	0	9	11483434	2244	2253	1119	2143	9003	7950	6980	4755	
DHL	-11600	-11600	5	9	4	10	18	22	25	0	10	11454869	2244	2253	1119	2143	9003	7950	6980	4755	
DHL	-11800	-11800	9	4	2	7	18	22	25	0	12	11425123	2244	2253	1119	2143	9003	7950	6980	4755	
DHL	-12000	-12000	12	4	1	6	18	21	20	0	11	11394110	2244	2253	1119	2143	9003	7950	6980	4755	
DHL	-12200	-12200	11	6	1	5	15	29	18	0	12	11363803	2244	2253	1119	2143	9003	7950	6980	4755	
DHL	-12400	-12400	12	9	2	7	14	26	13	0	10	11335386	2244	2253	1119	2143	9003	7950	6980	4755	
DHL	-12600	-12600	14	7	2	9	12	25	10	0	14	11307053	2244	2253	1119	2143	9003	7950	6980	4755	
DHL	-12800	-12800	12	10	3	9	14	22	9	0	13	11277559	2244	2253	1119	2143	9003	7950	6980	4755	
DHL	-13000	-13000	13	9	3	7	11	20	11	0	10	11246073	2244	2253	1119	2143	9003	7950	6980	4755	
DHL	-13200	-13200	16	8	3	5	7	26	17	0	10	11214677	2244	2253	1119	2143	9003	7950	6980	4755	
DHL	-13400	-13400	16	5	4	4	8	28	20	0	6	11181638	2244	2253	1119	2143	9003	7950	6980	4755	
DHL	-13600	-13600	17	4	4	2	9	31	17	0	7	11148413	2244	2253	1119	2143	9003	7950	6980	4755	
DHL	-13800	-13800	14	8	4	5	11	28	14	0	8	11114688	2244	2253	1119	2143	9003	7950	6980	4755	
DHL	-14000	-14000	12	6	4	6	10	25	11	0	6	11081894	2244	2253	1119	2143	9003	7950	6980	4755	
DHL	-14200	-14200	11	7	4	5	11	29	12	0	8	11051011	2244	2253	1119	2143	9003	7950	6980	4755	
DHL	-14400	-14400	9	10	2	3	10	33	10	0	5	11021682	2244	2253	1119	2143	9003	7950	6980	4755	
DHL	-14600	-14600	9	12	3	2	14	31	13	0	7	10993235	2244	2253	1119	2143	9003	7950	6980	4755	
DHL	-14800	-14800	9	9	2	2	15	27	13	0	7	10966222	2244	2253	1119	2143	9003	7950	6980	4755	
DHL	-15000	-15000	10	7	6	4	14	26	20	0	6	10939964	2244	2253	1119	2143	9003	7950	6980	4755	
DHL	-15200	-15200	12	8	5	4	14	27	17	0	9	10913524	2244	2253	1119	2143	9003	7950	6980	4755	
DHL	-15400	-15400	16	7	4	5	16	26	14	0	12	10884382	2244	2253	1119	2143	9003	7950	6980	4755	
DHL	-15600	-15600	16	6	3	6	12	30	16	0	12	10857159	2244	2253	1119	2143	9003	7950	6980	4755	
DHL	-15800	-15800	14	9	2	5	14	27	10	0	12	10831586	2244	2253	1119	2143	9003	7950	6980	4755	
DHL	-16000	-16000	17	11	3	5	16	25	14	0	13	10804452	2244	2253	1119	2143	9003	7950	6980	4755	
DHL	-16200	-16200	17	9	2	4	15	22	12	0	14	10778622	2244	2253	1119	2143	9003	7950	6980	4755	
DHL	-16400	-16400	16	10	1	4	14	21	18	0	13	10752371	2244	2253	1119	2143	9003	7950	6980	4755	
DHL	-16600	-16600	13	12	1	4	14	20	11	0	12	10726524	2244	2253	1119	2143	9003	7950	6980	4755	
DHL	-16800	-16800	10	12	0	9	13	20	16	0	13	10700564	2244	2253	1119	2143	9003	7950	6980	4755	
DHL	-17000	-17000	10	12	0	10	18	16	13	0	15	10675934	2244	2253	1119	2143	9003	7950	6980	4755	
DHL	-17200	-17200	8	13	1	11	16	18	13	0	15	10652756	2244	2253	1119	2143	9003	7950	6980	4755	
DHL	-17400	-17400	10	15	1	9	15	18	13	0	15	10626621	2244	2253	1119	2143	9003	7950	6980	4755	
DHL	-17600	-17600	9	11	1	8	15	16	14	0	12	10597641	2244	2253	1119	2143	9003	7950	6980	4755	
DHL	-17800	-17800	9	8	0	7	14	18	11	0	10	10567949	2244	2253	1119	2143	9003	7950	6980	4755	
DHL	-18000	-18000	9	6	0	4	18	20	12	0	10	10539214	2244	2253	1119	2143	9003	7950	6980	4755	
DHL	-18200	-18200	10	6	1	7	20	20	13	0	10	10510349	2244	2253	1119	2143	9003	7950	6980	4755	
DHL	-18400	-18400	13	3	2	8	20	26	16	0	10	10481922	2244	2253	1119	2143	9003	7950	6980	4755	
DHL	-18600	-18600	15	6	2	6	20	28	17	0	12	10454256	2244	2253	1119	2143	9003	7950	6980	4755	
DHL	-18800	-18800	14	8	3	7	21	26	15	0	9	10427112	2244	2253	1119	2143	9003	7950	6980	4755	
DHL	-19000	-19000	15	14	4	8	21	26	14	0	11	10401766	2244	2253	1119	2143	9003	7950	6980	4755	
DHL	-19200	-19200	14	12	6	9	21	26	18	0	11	10376988	2244	2253	1119	2143	9003	7950	6980	4755	
DHL	-19400	-19400	13	13	5	8	19	21	21	0	9	10351727	2244	2253	1119	2143	9003	7950	6980	4755	
DHL	-19600	-19600	12	12	4	10	17	20	16	0	6	10325573	2244	2253	1119	2143	9003	7950	6980	4755	
DHL	-19800	-19800	7	12	4	10	16	21	13	0	6	10297771	2244	2253	1119	2143	9003	7950	6980	4755	
DHL	-20000	-20000	10	10	3	12	11	21	17	0	8	10267484	2244	2253	1119	2143	9003	7950	6980	4755	
DHL	-20200	-20200	11	8	2	10	13	24	18	0	9	10238448	2244	2253	1119	2143	9003	7950	6980	4755	
DHL	-20400	-20400	10	8	4	11	11	24	18	0	9	10210501	2244	2253	1119	2143	9003	7950	6980	4755	
DHL	-20600	-20600	5	7	3	11	15	30	19	0	9	10181930	2244	2253	1119	2143	9003	7950	6980	4755	
DHL	-20800	-20800	4	8	1	13	13	25	16	0	8	10154494	2244	2253	1119	2143	9003	7950	6980	4755	
DHL	-21000	-21000	7	6	3	14	18	20	21	0	4	10128425	2244	2253	1119	2143	9003	7950	6980	4755	
DHL	-21200	-21200	4	9	1	11	18	20	20	0	4	10103002	2244	2253	1119	2143	9003	7950	6980	4755	
DHL	-21400	-21400	6	10	1	8	27	18	21	0	5	10077501	2244	2253	1119	2143	9003	7950	6980	4755	
DHL	-21600	-21600	10	11	2	8	28	18	24	0	9	10050879	2244	2253	1119	2143	9003	7950	6980	4755	
DHL	-21800	-21800	9	9	2	6	26	21	21	0	11	10027249	2244	2253	1119	2143	9003	7950	6980	4755	
DHL	-22000	-22000	7	10	1	5	26	22	25	0	11	10003204	2244	2253	1119	2143	9003	7950	6980	4755	
DHL	-22200	-22200	10	9	2	4	23	21	25	0	10	9980621	2244	2253	1119	2143	9003	7950	6980	4755	
DHL	-22400	-22400	10	13	1	6	18	20	21	0	11	9958680	2244	2253	1119	2143	9003	7950	6980	4755	
DHL	-22600	-22600	12	13	3	5	20	28	19	0	12	9936915	2244	2253	1119	2143	9003	7950	6980	4755	
DHL	-22800	-22800	11	13	3	5	19	25	17	0	10	9914756	2244	2253	1119	2143	9003	7950	6980	4755	
DHL	-23000	-23000	11	10	3	8	17	26	13	0	14	9889779	2244	2253	1119	2143	9003	7950	6980	4755	
DHL	-23200	-23200	11	9	4	9	16	23	12	0	13	9865181	2244	2253	1119	2143	9003	7950	6980	4755	
DHL	-23400	-23400	10	10	5	8	14	22	16	0	14	9841523	2244	2253	1119	2143	9003	7950	6980	4755	
DHL	-23600	-23600	12	5	5	7	18	23	19	0	12	9818518	2244	2253	1119	2143	9003	7950	6980	4755	
DHL	-23800	-23800	9	7	5	5	20	17	22	0	10	9794321	2244	2253	1119	2143	9003	7950	6980	4755	
DHL	-24000	-24000	6	4	6	6	22	15	21	0	9	9769436	2244	2253	1119	2143	9003	7950	6980	4755	
DHL	-24200	-24200	7	4	4	6	17	17	23	0	6	9745410	2244	2253	1119	2143	9003	7950	6980	4755	
DHL	-24400	-24400	8	5	5	6	15	17	22	0	5	9724286	2244	2253	1119	2143	9003	7950	6980	4755	
DHL	-24600	-24600	4	6	5	5	14	15	22	0	6	9703444	2244	2253	1119	2143	9003	7950	6980	4755	
DHL	-24800	-24800	5	8	6	5	12	18	15	0	5	9682076	2244	2253	1119	2143	9003	7950	6980	4755	
DHL	-25000	-25000	7	9	6	5	10	19	11	0	8	9660313	2244	2253	1119	2143	9003	7950	6980	4755	
DHL	-25200	-25200	7	9	6	5	9	25	12	0	10	9636155	2244	2253	1119	2143	9003	7950	6980	4755	
DHL	-25400	-25400	6	7	5	2	9	26	16	0	12	9611453	2244	2253	1119	2143	9003	7950	6980	4755	
DHL	-25600	-25600	3	9	5	3	12	28	17	0	13	9586078	2244	2253	1119	2143	9003	7950	6980	4755	
DHL	-25800	-25800	3	8	5	3	13	28	18	0	10	9559536	2244	2253	1119	2143	9003	7950	6980	4755	
DHL	-26000	-26000	5	11	3	3	15	25	20	0	10	9532559	2244	2253	1119	2143	9003	7950	6980	4755	
DHL	-26200	-26200	6	12	5	4	14	24	19	0	9	9506515	2244	2253	1119	2143	9003	7950	6980	4755	
DHL	-26400	-26400	6	14	4	5	14	16	18	0	8	9481185	2244	2253	1119	2143	9003	7950	6980	4755	
DHL	-26600	-26600	6	15	4	6	10	16	20	0	7	9456728	2244	2253	1119	2143	9003	7950	6980	4755	
DHL	-26800	-26800	7	15	5	4	13	13	22	0	5	9432119	2244	2253	1119	2143	9003	7950	6980	4755	
DHL	-27000	-27000	7	9	3	5	14	14	18	0	5	9408238	2244	2253	1119	2143	9003	7950	6980	4755	
DHL	-27200	-27200	7	9	3	5	15	15	18	0	6	9385080	2244	2253	1119	2143	9003	7950	6980	4755	
DHL	-27400	-27400	7	11	4	6	13	18	14	0	5	9362739	2244	2253	1119	2143	9003	7950	6980	4755	
DHL	-27600	-27600	8	11	7	6	13	19	14	0	8	9340063	2244	2253	1119	2143	9003	7950	6980	4755	
DHL	-27800	-27800	5	7	6	6	10	16	12	0	9	9318050	2244	2253	1119	2143	9003	7950	6980	4755	
DHL	-28000	-28000	6	6	7	7	13	20	13	0	9	9295707	2244	2253	1119	2143	9003	7950	6980	4755	
DHL	-28200	-28200	6	5	7	10	15	23	16	0	7	9273079	2244	2253	1119	2143	9003	7950	6980	4755	
DHL	-28400	-28400	4	6	6	9	13	19	16	0	7	9249263	2244	2253	1119	2143	9003	7950	6980	4755	
DHL	-28600	-28600	3	6	3	7	14	21	19	0	9	9225086	2244	2253	1119	2143	9003	7950	6980	4755	
DHL	-28800	-28800	4	8	2	7	13	21	17	0	6	9200832	2244	2253	1119	2143	9003	7950	6980	4755	
DHL	-29000	-29000	2	10	2	5	18	22	15	0	10	9177050	2244	2253	1119	2143	9003	7950	6980	4755	
DHL	-29200	-29200	3	8	3	6	15	21	17	0	11	9153771	2244	2253	1119	2143	9003	7950	6980	4755	
DHL	-29400	-29400	6	7	4	4	17	22	13	0	9	9132811	2244	2253	1119	2143	9003	7950	6980	4755	
DHL	-29600	-29600	5	8	2	2	18	25	11	0	8	9114048	2244	2253	1119	2143	9003	7950	6980	4755	
DHL	-29800	-29800	4	7	2	4	15	25	11	0	10	9095526	2244	2253	1119	2143	9003	7950	6980	4755	
DHL	-30000	-30000	4	7	2	5	13	25	15	0	10	9077786	2244	2253	1119	2143	9003	7950	6980	4755	
DHL	-30200	-30200	2	7	3	4	14	21	14	0	10	9058601	2244	2253	1119	2143	9003	7950	6980	4755	
DHL	-30400	-30400	3	8	2	11	14	14	19	0	6	9037976	2244	2253	1119	2143	9003	7950	6980	4755	
DHL	-30600	-30600	4	6	1	11	14	12	20	0	7	9016812	2244	2253	1119	2143	9003	7950	6980	4755	
DHL	-30800	-30800	6	8	3	6	15	17	20	0	7	8996337	2244	2253	1119	2143	9003	7950	6980	4755	
DHL	-31000	-31000	7	12	2	6	15	18	21	0	8	8974695	2244	2253	1119	2143	9003	7950	6980	4755	
DHL	-31200	-31200	7	12	2	8	14	18	22	0	10	8952657	2244	2253	1119	2143	9003	7950	6980	4755	
DHL	-31400	-31400	3	12	2	6	18	16	19	0	11	8932036	2244	2253	1119	2143	9003	7950	6980	4755	
DHL	-31600	-31600	3	12	2	6	12	15	17	0	10	8911913	2244	2253	1119	2143	9003	7950	6980	4755	
DHL	-31800	-31800	3	8	2	4	13	16	19	0	9	8891217	2244	2253	1119	2143	9003	7950	6980	4755	
DHL	-32000	-32000	4	9	3	3	13	18	19	0	9	8868610	2244	2253	1119	2143	9003	7950	6980	4755	
DHL	-32200	-32200	7	9	3	5	11	17	19	0	7	8846576	2244	2253	1119	2143	9003	7950	6980	4755	
DHL	-32400	-32400	6	8	3	5	11	18	18	0	5	8823990	2244	2253	1119	2143	9003	7950	6980	4755	
DHL	-32600	-32600	5	9	4	3	12	18	18	0	5	8799688	2244	2253	1119	2143	9003	7950	6980	4755	
DHL	-32800	-32800	5	9	4	2	9	17	18	0	6	8775267	2244	2253	1119	2143	9003	7950	6980	4755	
DHL	-33000	-33000	6	9	4	2	11	15	17	0	10	8753176	2244	2253	1119	2143	9003	7950	6980	4755	
DHL	-33200	-33200	6	8	4	2	11	17	16	0	8	8732724	2244	2253	1119	2143	9003	7950	6980	4755	
DHL	-33400	-33400	5	12	3	3	9	16	14	0	10	8713689	2244	2253	1119	2143	9003	7950	6980	4755	
DHL	-33600	-33600	5	9	3	3	9	12	13	0	10	8694702	2244	2253	1119	2143	9003	7950	6980	4755	
DHL	-33800	-33800	6	9	3	3	8	11	10	0	9	8675994	2244	2253	1119	2143	9003	7950	6980	4755	
DHL	-34000	-34000	4	8	4	3	12	18	11	0	10	8656739	2244	2253	1119	2143	9003	7950	6980	4755	
DHL	-34200	-34200	5	8	4	4	9	18	10	0	11	8637484	2244	2253	1119	2143	9003	7950	6980	4755	
DHL	-34400	-34400	5	7	4	4	11	16	12	0	12	8620106	2244	2253	1119	2143	9003	7950	6980	4755	
DHL	-34600	-34600	8	6	3	3	13	16	16	0	10	8603511	2244	2253	1119	2143	9003	7950	6980	4755	
DHL	-34800	-34800	8	5	3	3	16	18	19	0	10	8586704	2244	2253	1119	2143	9003	7950	6980	4755	
DHL	-35000	-35000	7	7	2	3	17	20	15	0	10	8569961	2244	2253	1119	2143	9003	7950	6980	4755	
DHL	-35200	-35200	7	7	1	4	14	16	12	0	12	8553204	2244	2253	1119	2143	9003	7950	6980	4755	
DHL	-35400	-35400	8	8	2	5	13	14	9	0	12	8536011	2244	2253	1119	2143	9003	7950	6980	4755	
DHL	-35600	-35600	5	7	1	4	15	15	11	0	16	8518241	2244	2253	1119	2143	9003	7950	6980	4755	
DHL	-35800	-35800	4	6	2	3	11	12	17	0	14	8499959	2244	2253	1119	2143	9003	7950	6980	4755	
DHL	-36000	-36000	5	6	3	4	15	13	15	0	13	8480633	2244	2253	1119	2143	9003	7950	6980	4755	
DHL	-36200	-36200	8	4	2	4	13	12	16	0	12	8461487	2244	2253	1119	2143	9003	7950	6980	4755	
DHL	-36400	-36400	8	3	2	4	14	12	19	0	11	8443571	2244	2253	1119	2143	9003	7950	6980	4755	
DHL	-36600	-36600	6	4	2	2	16	13	25	0	12	8425696	2244	2253	1119	2143	9003	7950	6980	4755	
DHL	-36800	-36800	5	3	1	6	10	12	26	0	13	8407735	2244	2253	1119	2143	9003	7950	6980	4755	
DHL	-37000	-37000	4	4	1	6	12	15	16	0	12	8389445	2244	2253	1119	2143	9003	7950	6980	4755	
DHL	-37200	-37200	4	3	3	8	12	12	14	0	10	8372916	2244	2253	1119	2143	9003	7950	6980	4755	
DHL	-37400	-37400	2	3	3	4	11	14	13	0	10	8356903	2244	2253	1119	2143	9003	7950	6980	4755	
DHL	-37600	-37600	3	4	2	2	15	18	11	0	9	8340152	2244	2253	1119	2143	9003	7950	6980	4755	
DHL	-37800	-37800	4	4	1	1	18	18	11	0	8	8323977	2244	2253	1119	2143	9003	7950	6980	4755	
DHL	-38000	-38000	4	4	3	3	16	12	14	0	9	8307600	2244	2253	1119	2143	9003	7950	6980	4755	
DHL	-38200	-38200	5	5	2	2	12	14	15	0	8	8290581	2244	2253	1119	2143	9003	7950	6980	4755	
DHL	-38400	-38400	3	5	4	4	15	16	16	0	8	8272538	2244	2253	1119	2143	9003	7950	6980	4755	
DHL	-38600	-38600	5	6	4	5	18	18	18	0	9	8255542	2244	2253	1119	2143	9003	7950	6980	4755	
DHL	-38800	-38800	7	3	3	6	18	18	19	0	9	8238583	2244	2253	1119	2143	9003	7950	6980	4755	
DHL	-39000	-39000	8	3	4	4	17	20	24	0	11	8219632	2244	2253	1119	2143	9003	7950	6980	4755	
DHL	-39200	-39200	11	3	5	3	13	25	23	0	10	8201793	2244	2253	1119	2143	9003	7950	6980	4755	
DHL	-39400	-39400	9	6	6	2	13	23	21	0	10	8185528	2244	2253	1119	2143	9003	7950	6980	4755	
DHL	-39600	-39600	8	4	5	1	14	25	15	0	8	8169615	2244	2253	1119	2143	9003	7950	6980	4755	
DHL	-39800	-39800	8	4	3	1	17	23	15	0	9	8153695	2244	2253	1119	2143	9003	7950	6980	4755	
DHL	-40000	-40000	7	11	3	2	22	22	13	0	9	8138427	2244	2253	1119	2143	9003	7950	6980	4755	
DHL	-40200	-40200	6	8	1	6	17	20	13	0	9	8122870	2244	2253	1119	2143	9003	7950	6980	4755	
DHL	-40400	-40400	9	7	1	3	15	18	11	0	7	8107302	2244	2253	1119	2143	9003	7950	6980	4755	
DHL	-40600	-40600	9	5	1	6	13	17	12	0	6	8091836	2244	2253	1119	2143	9003	7950	6980	4755	
DHL	-40800	-40800	5	4	1	4	10	16	12	0	7	8075206	2244	2253	1119	2143	9003	7950	6980	4755	
DHL	-41000	-41000	7	4	1	4	12	15	13	0	7	8058254	2244	2253	1119	2143	9003	7950	6980	4755	
DHL	-41200	-41200	8	4	0	4	14	11	13	0	5	8041751	2244	2253	1119	2143	9003	7950	6980	4755	
DHL	-41400	-41400	6	5	0	2	13	7	10	0	7	8026101	2244	2253	1119	2143	9003	7950	6980	4755	
DHL	-41600	-41600	6	6	0	4	10	6	11	0	8	8009463	2244	2253	1119	2143	9003	7950	6980	4755	
DHL	-41800	-41800	4	4	0	3	10	12	9	0	8	7992743	2244	2253	1119	2143	9003	7950	6980	4755	
DHL	-42000	-42000	4	5	0	4	8	11	11	0	9	7976899	2244	2253	1119	2143	9003	7950	6980	4755	
DHL	-42200	-42200	5	5	1	5	10	15	11	0	9	7958322	2244	2253	1119	2143	9003	7950	6980	4755	
DHL	-42400	-42400	6	4	1	5	12	14	11	0	7	7940255	2244	2253	1119	2143	9003	7950	6980	4755	
DHL	-42600	-42600	6	8	1	8	14	15	10	0	6	7924202	2244	2253	1119	2143	9003	7950	6980	4755	
DHL	-42800	-42800	8	13	2	5	11	15	13	0	5	7909302	2244	2253	1119	2143	9003	7950	6980	4755	
DHL	-43000	-43000	9	7	3	6	17	21	13	0	6	7893618	2244	2253	1119	2143	9003	7950	6980	4755	
DHL	-43200	-43200	7	5	2	4	17	18	9	0	7	7878385	2244	2253	1119	2143	9003	7950	6980	4755	
DHL	-43400	-43400	5	7	2	5	13	18	9	0	7	7862302	2244	2253	1119	2143	9003	7950	6980	4755	
DHL	-43600	-43600	5	6	2	5	11	13	6	0	7	7844729	2244	2253	1119	2143	9003	7950	6980	4755	
DHL	-43800	-43800	4	5	1	5	13	16	7	0	7	7827174	2244	2253	1119	2143	9003	7950	6980	4755	
DHL	-44000	-44000	5	3	2	3	19	8	9	0	8	7809404	2244	2253	1119	2143	9003	7950	6980	4755	
DHL	-44200	-44200	3	3	0	1	18	11	11	0	7	7792257	2244	2253	1119	2143	9003	7950	6980	4755	
DHL	-44400	-44400	6	3	0	1	17	12	10	0	7	7775828	2244	2253	1119	2143	9003	7950	6980	4755	
DHL	-44600	-44600	7	9	1	1	13	12	8	0	6	7760150	2244	2253	1119	2143	9003	7950	6980	4755	
DHL	-44800	-44800	8	11	1	2	10	13	13	0	9	7744090	2244	2253	1119	2143	9003	7950	6980	4755	
DHL	-45000	-45000	10	8	2	4	10	17	11	0	10	7728149	2244	2253	1119	2143	9003	7950	6980	4755	
DHL	-45200	-45200	8	9	3	5	8	19	13	0	12	7711797	2244	2253	1119	2143	9003	7950	6980	4755	
DHL	-45400	-45400	10	9	2	5	12	15	16	0	8	7694707	2244	2253	1119	2143	9003	7950	6980	4755	
DHL	-45600	-45600	10	9	3	4	12	15	19	0	7	7676730	2244	2253	1119	2143	9003	7950	6980	4755	
DHL	-45800	-45800	12	9	0	4	15	19	16	0	5	7658917	2244	2253	1119	2143	9003	7950	6980	4755	
DHL	-46000	-46000	10	8	0	5	18	18	11	0	6	7639628	2244	2253	1119	2143	9003	7950	6980	4755	
DHL	-46200	-46200	7	8	0	4	17	16	15	0	7	7620022	2244	2253	1119	2143	9003	7950	6980	4755	
DHL	-46400	-46400	9	8	0	3	13	18	15	0	8	7601456	2244	2253	1119	2143	9003	7950	6980	4755	
DHL	-46600	-46600	7	9	0	4	12	18	16	0	10	7584534	2244	2253	1119	2143	9003	7950	6980	4755	
DHL	-46800	-46800	5	8	0	3	10	19	16	0	8	7568798	2244	2253	1119	2143	9003	7950	6980	4755	
DHL	-47000	-47000	5	9	2	4	11	16	12	0	8	7554210	2244	2253	1119	2143	9003	7950	6980	4755	
DHL	-47200	-47200	5	9	1	4	12	19	15	0	7	7539006	2244	2253	1119	2143	9003	7950	6980	4755	
DHL	-47400	-47400	4	11	2	4	14	17	16	0	7	7523961	2244	2253	1119	2143	9003	7950	6980	4755	
DHL	-47600	-47600	5	13	1	2	14	13	12	0	7	7509983	2244	2253	1119	2143	9003	7950	6980	4755	
DHL	-47800	-47800	6	12	1	5	13	11	11	0	8	7494775	2244	2253	1119	2143	9003	7950	6980	4755	
DHL	-48000	-48000	8	10	1	5	13	12	10	0	11	7479501	2244	2253	1119	2143	9003	7950	6980	4755	
DHL	-48200	-48200	6	10	1	5	14	12	7	0	9	7465871	2244	2253	1119	2143	9003	7950	6980	4755	
DHL	-48400	-48400	3	9	1	5	13	17	10	0	8	7452101	2244	2253	1119	2143	9003	7950	6980	4755	
DHL	-48600	-48600	3	8	1	6	13	18	10	0	9	7437566	2244	2253	1119	2143	9003	7950	6980	4755	
DHL	-48800	-48800	4	8	2	5	11	20	11	0	11	7422719	2244	2253	1119	2143	9003	7950	6980	4755	
DHL	-49000	-49000	5	7	3	6	6	13	9	0	10	7408600	2244	2253	1119	2143	9003	7950	6980	4755	
DHL	-49200	-49200	7	7	2	4	9	13	11	0	10	7394697	2244	2253	1119	2143	9003	7950	6980	4755	
DHL	-49400	-49400	7	5	1	5	9	18	12	0	10	7380306	2244	2253	1119	2143	9003	7950	6980	4755	
DHL	-49600	-49600	7	5	1	6	12	20	13	0	8	7366416	2244	2253	1119	2143	9003	7950	6980	4755	
DHL	-49800	-49800	7	6	1	4	13	23	15	0	4	7352636	2244	2253	1119	2143	9003	7950	6980	4755	
DHL	-50000	-50000	4	6	1	3	12	22	16	0	4	7339041	2244	2253	1119	2143	9003	7950	6980	4755	
DHL	-50200	-50200	4	6	1	4	12	23	16	0	4	7325433	2244	2253	1119	2143	9003	7950	6980	4755	
DHL	-50400	-50400	6	7	2	4	12	22	14	0	3	7311808	2244	2253	1119	2143	9003	7950	6980	4755	
DHL	-50600	-50600	5	4	4	5	14	18	11	0	4	7298077	2244	2253	1119	2143	9003	7950	6980	4755	
DHL	-50800	-50800	5	4	4	5	12	16	11	0	8	7285011	2244	2253	1119	2143	9003	7950	6980	4755	
DHL	-51000	-51000	7	5	3	6	16	16	15	0	7	7272568	2244	2253	1119	2143	9003	7950	6980	4755	
DHL	-51200	-51200	8	5	2	4	25	18	13	0	7	7259599	2244	2253	1119	2143	9003	7950	6980	4755	
DHL	-51400	-51400	9	6	2	6	28	17	15	0	6	7245670	2244	2253	1119	2143	9003	7950	6980	4755	
DHL	-51600	-51600	9	5	2	6	24	18	15	0	4	7230238	2244	2253	1119	2143	9003	7950	6980	4755	
DHL	-51800	-51800	6	3	3	5	27	13	13	0	5	7217416	2244	2253	1119	2143	9003	7950	6980	4755	
DHL	-52000	-52000	8	3	4	6	27	13	10	0	5	7203531	2244	2253	1119	2143	9003	7950	6980	4755	
DHL	-52200	-52200	7	4	4	5	27	14	9	0	4	7188235	2244	2253	1119	2143	9003	7950	6980	4755	
DHL	-52400	-52400	5	3	4	6	23	15	10	0	3	7173062	2244	2253	1119	2143	9003	7950	6980	4755	
DHL	-52600	-52600	4	6	5	6	16	15	12	0	3	7158691	2244	2253	1119	2143	9003	7950	6980	4755	
DHL	-52800	-52800	3	9	5	6	14	12	11	0	4	7143630	2244	2253	1119	2143	9003	7950	6980	4755	
DHL	-53000	-53000	3	9	5	5	17	14	11	0	5	7128902	2244	2253	1119	2143	9003	7950	6980	4755	
DHL	-53200	-53200	5	11	6	6	16	13	13	0	5	7114487	2244	2253	1119	2143	9003	7950	6980	4755	
DHL	-53400	-53400	9	7	6	6	20	11	13	0	6	7101048	2244	2253	1119	2143	9003	7950	6980	4755	
DHL	-53600	-53600	11	7	5	9	18	12	9	0	6	7089262	2244	2253	1119	2143	9003	7950	6980	4755	
DHL	-53800	-53800	8	7	2	5	15	12	14	0	7	7075554	2244	2253	1119	2143	9003	7950	6980	4755	
DHL	-54000	-54000	7	5	3	3	18	12	16	0	8	7061154	2244	2253	1119	2143	9003	7950	6980	4755	
DHL	-54200	-54200	7	4	4	3	17	15	11	0	9	7045387	2244	2253	1119	2143	9003	7950	6980	4755	
DHL	-54400	-54400	6	7	4	2	17	14	9	0	7	7030284	2244	2253	1119	2143	9003	7950	6980	4755	
DHL	-54600	-54600	6	7	3	3	15	15	13	0	8	7015261	2244	2253	1119	2143	9003	7950	6980	4755	
DHL	-54800	-54800	4	7	3	2	11	14	11	0	9	7000318	2244	2253	1119	2143	9003	7950	6980	4755	
DHL	-55000	-55000	2	5	2	4	11	12	11	0	11	6986186	2244	2253	1119	2143	9003	7950	6980	4755	
DHL	-55200	-55200	1	6	2	3	14	12	10	0	13	6974349	2244	2253	1119	2143	9003	7950	6980	4755	
DHL	-55400	-55400	3	6	2	4	16	14	13	0	13	6961609	2244	2253	1119	2143	9003	7950	6980	4755	
DHL	-55600	-55600	4	5	3	3	16	10	15	0	9	6949510	2244	2253	1119	2143	9003	7950	6980	4755	
DHL	-55800	-55800	8	7	4	1	15	11	13	0	9	6937336	2244	2253	1119	2143	9003	7950	6980	4755	
DHL	-56000	-56000	6	7	3	0	13	9	10	0	7	6924207	2244	2253	1119	2143	9003	7950	6980	4755	
DHL	-56200	-56200	3	8	3	0	9	8	14	0	5	6910456	2244	2253	1119	2143	9003	7950	6980	4755	
DHL	-56400	-56400	4	9	3	1	8	9	11	0	6	6895428	2244	2253	1119	2143	9003	7950	6980	4755	
DHL	-56600	-56600	3	8	2	3	7	11	14	0	8	6881251	2244	2253	1119	2143	9003	7950	6980	4755	
DHL	-56800	-56800	2	8	2	3	8	12	17	0	7	6867846	2244	2253	1119	2143	9003	7950	6980	4755	
DHL	-57000	-57000	3	7	1	2	10	11	17	0	8	6854001	2244	2253	1119	2143	9003	7950	6980	4755	
DHL	-57200	-57200	3	8	1	3	12	11	17	0	10	6838938	2244	2253	1119	2143	9003	7950	6980	4755	
DHL	-57400	-57400	3	7	0	3	13	14	19	0	15	6823887	2244	2253	1119	2143	9003	7950	6980	4755	
DHL	-57600	-57600	3	9	0	3	11	13	18	0	11	6810592	2244	2253	1119	2143	9003	7950	6980	4755	
DHL	-57800	-57800	5	10	1	2	11	10	16	0	7	6796460	2244	2253	1119	2143	9003	7950	6980	4755	
DHL	-58000	-58000	5	8	2	2	12	9	12	0	8	6780688	2244	2253	1119	2143	9003	7950	6980	4755	
DHL	-58200	-58200	5	7	3	2	6	11	12	0	4	6766303	2244	2253	1119	2143	9003	7950	6980	4755	
DHL	-58400	-58400	6	4	3	2	4	13	11	0	4	6751477	2244	2253	1119	2143	9003	7950	6980	4755	
DHL	-58600	-58600	3	4	3	2	2	14	11	0	3	6737203	2244	2253	1119	2143	9003	7950	6980	4755	
DHL	-58800	-58800	2	5	3	1	2	16	13	0	4	6723104	2244	2253	1119	2143	9003	7950	6980	4755	
DHL	-59000	-59000	3	4	3	1	5	14	10	0	5	6709370	2244	2253	1119	2143	9003	7950	6980	4755	
DHL	-59200	-59200	1	4	3	0	8	20	7	0	7	6696658	2244	2253	1119	2143	9003	7950	6980	4755	
DHL	-59400	-59400	2	3	3	0	9	16	6	0	10	6684174	2244	2253	1119	2143	9003	7950	6980	4755	
DHL	-59600	-59600	5	7	4	1	10	15	5	0	12	6670189	2244	2253	1119	2143	9003	7950	6980	4755	
DHL	-59800	-59800	6	9	3	2	10	14	5	0	11	6656195	2244	2253	1119	2143	9003	7950	6980	4755	
DHL	-60000	-60000	6	11	2	4	9	13	9	0	8	6642312	2244	2253	1119	2143	9003	7950	6980	4755	
DHL	-60200	-60200	7	9	2	6	14	16	15	0	8	6629401	2244	2253	1119	2143	9003	7950	6980	4755	
DHL	-60400	-60400	7	5	1	7	18	17	18	0	8	6617437	2244	2253	1119	2143	9003	7950	6980	4755	
DHL	-60600	-60600	10	9	1	6	16	17	20	0	10	6605221	2244	2253	1119	2143	9003	7950	6980	4755	
DHL	-60800	-60800	13	11	0	5	22	16	22	0	11	6592920	2244	2253	1119	2143	9003	7950	6980	4755	
DHL	-61000	-61000	12	11	0	6	20	19	23	0	7	6579904	2244	2253	1119	2143	9003	7950	6980	4755	
DHL	-61200	-61200	11	20	0	6	21	17	21	0	8	6567415	2244	2253	1119	2143	9003	7950	6980	4755	
DHL	-61400	-61400	10	22	1	6	19	16	21	0	8	6554751	2244	2253	1119	2143	9003	7950	6980	4755	
DHL	-61600	-61600	8	23	2	9	20	24	13	0	7	6540852	2244	2253	1119	2143	9003	7950	6980	4755	
DHL	-61800	-61800	8	25	2	8	24	24	15	0	7	6526794	2244	2253	1119	2143	9003	7950	6980	4755	
DHL	-62000	-62000	7	26	2	7	24	25	15	0	7	6512918	2244	2253	1119	2143	9003	7950	6980	4755	
DHL	-62200	-62200	7	30	2	7	26	26	15	0	6	6498805	2244	2253	1119	2143	9003	7950	6980	4755	
DHL	-62400	-62400	7	30	1	4	20	28	18	0	6	6484309	2244	2253	1119	2143	9003	7950	6980	4755	
DHL	-62600	-62600	7	31	0	5	21	30	16	0	5	6470379	2244	2253	1119	2143	9003	7950	6980	4755	
DHL	-62800	-62800	7	32	0	5	20	27	12	0	5	6456841	2244	2253	1119	2143	9003	7950	6980	4755	
DHL	-63000	-63000	6	34	1	5	25	28	13	0	5	6443489	2244	2253	1119	2143	9003	7950	6980	4755	
DHL	-63200	-63200	5	34	1	5	23	25	10	0	6	6429854	2244	2253	1119	2143	9003	7950	6980	4755	
DHL	-63400	-63400	5	33	0	3	19	21	8	0	6	6416043	2244	2253	1119	2143	9003	7950	6980	4755	
DHL	-63600	-63600	5	29	1	5	19	23	8	0	7	6402864	2244	2253	1119	2143	9003	7950	6980	4755	
DHL	-63800	-63800	4	28	1	6	20	20	8	0	6	6389685	2244	2253	1119	2143	9003	7950	6980	4755	
DHL	-64000	-64000	4	25	1	4	19	17	11	0	3	6377513	2244	2253	1119	2143	9003	7950	6980	4755	
DHL	-64200	-64200	6	22	1	3	14	21	9	0	3	6365026	2244	2253	1119	2143	9003	7950	6980	4755	
DHL	-64400	-64400	8	13	1	3	11	23	11	0	2	6352073	2244	2253	1119	2143	9003	7950	6980	4755	
DHL	-64600	-64600	8	10	2	2	11	23	8	0	2	6338808	2244	2253	1119	2143	9003	7950	6980	4755	
DHL	-64800	-64800	10	7	2	3	10	22	8	0	4	6324994	2244	2253	1119	2143	9003	7950	6980	4755	
DHL	-65000	-65000	6	6	3	5	6	24	11	0	4	6312641	2244	2253	1119	2143	9003	7950	6980	4755	
DHL	-65200	-65200	6	4	3	4	12	29	11	0	2	6301560	2244	2253	1119	2143	9003	7950	6980	4755	
DHL	-65400	-65400	7	0	2	4	15	26	13	0	3	6291174	2244	2253	1119	2143	9003	7950	6980	4755	
DHL	-65600	-65600	7	1	2	2	17	22	14	0	6	6281425	2244	2253	1119	2143	9003	7950	6980	4755	
DHL	-65800	-65800	5	1	2	2	21	12	12	0	7	6272165	2244	2253	1119	2143	9003	7950	6980	4755	
DHL	-66000	-66000	7	2	2	3	21	13	11	0	5	6262935	2244	2253	1119	2143	9003	7950	6980	4755	
DHL	-66200	-66200	7	3	2	4	18	16	8	0	4	6253711	2244	2253	1119	2143	9003	7950	6980	4755	
DHL	-66400	-66400	8	4	2	4	11	15	7	0	5	6244131	2244	2253	1119	2143	9003	7950	6980	4755	
DHL	-66600	-66600	7	5	2	4	11	13	9	0	5	6234841	2244	2253	1119	2143	9003	7950	6980	4755	
DHL	-66800	-66800	6	4	1	4	11	15	9	0	2	6225964	2244	2253	1119	2143	9003	7950	6980	4755	
DHL	-67000	-67000	5	4	1	3	8	12	15	0	1	6216854	2244	2253	1119	2143	9003	7950	6980	4755	
DHL	-67200	-67200	6	6	0	6	7	10	18	0	2	6206480	2244	2253	1119	2143	9003	7950	6980	4755	
DHL	-67400	-67400	7	5	0	4	8	5	21	0	3	6195067	2244	2253	1119	2143	9003	7950	6980	4755	
DHL	-67600	-67600	6	4	1	3	8	8	18	0	2	6184155	2244	2253	1119	2143	9003	7950	6980	4755	
DHL	-67800	-67800	6	4	1	2	12	9	11	0	3	6173314	2244	2253	1119	2143	9003	7950	6980	4755	
DHL	-68000	-68000	5	5	2	1	15	9	11	0	4	6162702	2244	2253	1119	2143	9003	7950	6980	4755	
DHL	-68200	-68200	6	2	2	2	17	8	11	0	3	6151553	2244	2253	1119	2143	9003	7950	6980	4755	
DHL	-68400	-68400	6	2	2	2	14	7	12	0	2	6138942	2244	2253	1119	2143	9003	7950	6980	4755	
DHL	-68600	-68600	5	0	3	4	13	8	7	0	1	6125043	2244	2253	1119	2143	9003	7950	6980	4755	
DHL	-68800	-68800	4	1	3	3	19	13	12	0	0	6112453	2244	2253	1119	2143	9003	7950	6980	4755	
DHL	-69000	-69000	4	2	2	4	16	14	10	0	0	6099882	2244	2253	1119	2143	9003	7950	6980	4755	
DHL	-69200	-69200	4	4	1	5	16	15	11	0	2	6088732	2244	2253	1119	2143	9003	7950	6980	4755	
DHL	-69400	-69400	3	6	1	6	17	13	9	0	3	6078309	2244	2253	1119	2143	9003	7950	6980	4755	
DHL	-69600	-69600	2	6	0	7	14	15	9	0	3	6068430	2244	2253	1119	2143	9003	7950	6980	4755	
DHL	-69800	-69800	5	5	0	6	12	11	8	0	3	6059259	2244	2253	1119	2143	9003	7950	6980	4755	
DHL	-70000	-70000	5	4	1	5	14	13	12	0	4	6049186	2244	2253	1119	2143	9003	7950	6980	4755	
DHL	-70200	-70200	4	4	0	5	13	13	11	0	5	6039817	2244	2253	1119	2143	9003	7950	6980	4755	
DHL	-70400	-70400	2	4	0	6	11	9	10	0	5	6029860	2244	2253	1119	2143	9003	7950	6980	4755	
DHL	-70600	-70600	4	4	0	5	11	7	13	0	6	6021476	2244	2253	1119	2143	9003	7950	6980	4755	
DHL	-70800	-70800	3	4	0	5	11	10	13	0	4	6012520	2244	2253	1119	2143	9003	7950	6980	4755	
DHL	-71000	-71000	3	3	0	9	8	9	13	0	6	6004867	2244	2253	1119	2143	9003	7950	6980	4755	
DHL	-71200	-71200	4	4	1	6	6	14	14	0	6	5998001	2244	2253	1119	2143	9003	7950	6980	4755	
DHL	-71400	-71400	6	6	2	7	7	10	13	0	6	5990279	2244	2253	1119	2143	9003	7950	6980	4755	
DHL	-71600	-71600	5	4	3	5	7	8	16	0	11	5982849	2244	2253	1119	2143	9003	7950	6980	4755	
DHL	-71800	-71800	6	4	3	6	8	5	15	0	12	5974864	2244	2253	1119	2143	9003	7950	6980	4755	
DHL	-72000	-72000	8	6	3	6	6	7	11	0	13	5966217	2244	2253	1119	2143	9003	7950	6980	4755	
DHL	-72200	-72200	6	7	2	5	5	10	11	0	15	5956487	2244	2253	1119	2143	9003	7950	6980	4755	
DHL	-72400	-72400	4	6	2	6	9	12	9	0	11	5947673	2244	2253	1119	2143	9003	7950	6980	4755	
DHL	-72600	-72600	5	6	3	5	8	10	9	0	9	5938535	2244	2253	1119	2143	9003	7950	6980	4755	
DHL	-72800	-72800	6	5	3	4	7	15	9	0	8	5929331	2244	2253	1119	2143	9003	7950	6980	4755	
DHL	-73000	-73000	5	3	3	7	10	17	10	0	10	5919271	2244	2253	1119	2143	9003	7950	6980	4755	
DHL	-73200	-73200	3	4	3	8	8	16	11	0	7	5909613	2244	2253	1119	2143	9003	7950	6980	4755	
DHL	-73400	-73400	4	2	0	7	10	15	11	0	7	5899072	2244	2253	1119	2143	9003	7950	6980	4755	
DHL	-73600	-73600	6	2	0	5	8	12	12	0	6	5887915	2244	2253	1119	2143	9003	7950	6980	4755	
DHL	-73800	-73800	7	3	0	6	7	13	13	0	7	5877139	2244	2253	1119	2143	9003	7950	6980	4755	
DHL	-74000	-74000	6	5	0	4	7	14	14	0	9	5866389	2244	2253	1119	2143	9003	7950	6980	4755	
DHL	-74200	-74200	7	7	0	4	9	15	13	0	10	5856325	2244	2253	1119	2143	9003	7950	6980	4755	
DHL	-74400	-74400	7	3	1	6	12	13	10	0	8	5846069	2244	2253	1119	2143	9003	7950	6980	4755	
DHL	-74600	-74600	6	4	1	6	19	15	8	0	8	5836395	2244	2253	1119	2143	9003	7950	6980	4755	
DHL	-74800	-74800	4	5	0	6	17	13	9	0	6	5828012	2244	2253	1119	2143	9003	7950	6980	4755	
DHL	-75000	-75000	5	6	1	6	11	19	8	0	4	5819603	2244	2253	1119	2143	9003	7950	6980	4755	
DHL	-75200	-75200	6	7	1	4	7	19	8	0	4	5810707	2244	2253	1119	2143	9003	7950	6980	4755	
DHL	-75400	-75400	8	4	1	3	11	22	8	0	5	5801725	2244	2253	1119	2143	9003	7950	6980	4755	
DHL	-75600	-75600	9	3	1	3	11	20	8	0	5	5792817	2244	2253	1119	2143	9003	7950	6980	4755	
DHL	-75800	-75800	6	2	0	4	11	19	8	0	5	5782528	2244	2253	1119	2143	9003	7950	6980	4755	
DHL	-76000	-76000	3	4	0	4	9	14	7	0	5	5772833	2244	2253	1119	2143	9003	7950	6980	4755	
DHL	-76200	-76200	1	5	0	1	10	13	7	0	3	5764506	2244	2253	1119	2143	9003	7950	6980	4755	
DHL	-76400	-76400	2	5	0	1	9	16	8	0	4	5755668	2244	2253	1119	2143	9003	7950	6980	4755	
DHL	-76600	-76600	1	5	0	2	9	16	7	0	6	5747729	2244	2253	1119	2143	9003	7950	6980	4755	
DHL	-76800	-76800	2	4	2	3	10	13	6	0	6	5741954	2244	2253	1119	2143	9003	7950	6980	4755	
DHL	-77000	-77000	1	7	3	2	7	8	6	0	5	5732299	2244	2253	1119	2143	9003	7950	6980	4755	
DHL	-77200	-77200	3	13	2	1	2	7	6	0	5	5722098	2244	2253	1119	2143	9003	7950	6980	4755	
DHL	-77400	-77400	5	12	2	1	1	8	6	0	9	5713739	2244	2253	1119	2143	9003	7950	6980	4755	
DHL	-77600	-77600	7	12	2	2	3	7	8	0	9	5705553	2244	2253	1119	2143	9003	7950	6980	4755	
DHL	-77800	-77800	6	13	1	3	3	8	7	0	9	5697336	2244	2253	1119	2143	9003	7950	6980	4755	
DHL	-78000	-78000	8	6	2	4	6	7	7	0	8	5689014	2244	2253	1119	2143	9003	7950	6980	4755	
DHL	-78200	-78200	7	5	2	4	7	6	8	0	9	5682158	2244	2253	1119	2143	9003	7950	6980	4755	
DHL	-78400	-78400	6	4	2	4	9	7	6	0	4	5674602	2244	2253	1119	2143	9003	7950	6980	4755	
DHL	-78600	-78600	7	3	1	4	9	7	6	0	1	5667711	2244	2253	1119	2143	9003	7950	6980	4755	
DHL	-78800	-78800	6	3	1	3	9	3	8	0	1	5660644	2244	2253	1119	2143	9003	7950	6980	4755	
DHL	-79000	-79000	4	1	2	2	12	6	6	0	4	5653526	2244	2253	1119	2143	9003	7950	6980	4755	
DHL	-79200	-79200	4	1	1	3	10	8	5	0	6	5645692	2244	2253	1119	2143	9003	7950	6980	4755	
DHL	-79400	-79400	1	3	1	1	8	7	7	0	4	5638577	2244	2253	1119	2143	9003	7950	6980	4755	
DHL	-79600	-79600	4	1	0	2	10	6	8	0	4	5629640	2244	2253	1119	2143	9003	7950	6980	4755	
DHL	-79800	-79800	4	2	2	2	10	6	9	0	3	5621090	2244	2253	1119	2143	9003	7950	6980	4755	
DHL	-80000	-80000	4	2	2	4	11	5	9	0	3	5612969	2244	2253	1119	2143	9003	7950	6980	4755	
DHL	-80200	-80200	5	2	2	2	8	4	9	0	4	5604715	2244	2253	1119	2143	9003	7950	6980	4755	
DHL	-80400	-80400	4	2	3	2	8	7	13	0	6	5596986	2244	2253	1119	2143	9003	7950	6980	4755	
DHL	-80600	-80600	3	3	2	4	8	9	11	0	6	5589176	2244	2253	1119	2143	9003	7950	6980	4755	
DHL	-80800	-80800	3	3	2	3	7	11	10	0	7	5581184	2244	2253	1119	2143	9003	7950	6980	4755	
DHL	-81000	-81000	3	2	0	4	9	10	9	0	7	5570926	2244	2253	1119	2143	9003	7950	6980	4755	
DHL	-81200	-81200	1	4	1	4	7	11	11	0	5	5559906	2244	2253	1119	2143	9003	7950	6980	4755	
DHL	-81400	-81400	1	4	2	2	12	11	12	0	6	5549950	2244	2253	1119	2143	9003	7950	6980	4755	
DHL	-81600	-81600	1	2	3	2	11	8	15	0	10	5540560	2244	2253	1119	2143	9003	7950	6980	4755	
DHL	-81800	-81800	2	4	1	3	10	9	14	0	11	5531666	2244	2253	1119	2143	9003	7950	6980	4755	
DHL	-82000	-82000	2	3	1	3	13	9	13	0	11	5523515	2244	2253	1119	2143	9003	7950	6980	4755	
DHL	-82200	-82200	1	4	1	3	14	9	11	0	10	5514127	2244	2253	1119	2143	9003	7950	6980	4755	
DHL	-82400	-82400	1	6	1	2	10	6	10	0	11	5503987	2244	2253	1119	2143	9003	7950	6980	4755	
DHL	-82600	-82600	2	6	1	2	14	10	11	0	12	5495213	2244	2253	1119	2143	9003	7950	6980	4755	
DHL	-82800	-82800	2	4	1	2	13	15	11	0	12	5488127	2244	2253	1119	2143	9003	7950	6980	4755	
DHL	-83000	-83000	2	2	1	4	14	17	9	0	11	5481074	2244	2253	1119	2143	9003	7950	6980	4755	
DHL	-83200	-83200	1	2	0	4	13	21	6	0	12	5474263	2244	2253	1119	2143	9003	7950	6980	4755	
DHL	-83400	-83400	2	3	2	4	12	23	8	0	9	5467000	2244	2253	1119	2143	9003	7950	6980	4755	
DHL	-83600	-83600	3	4	2	3	11	21	3	0	8	5459504	2244	2253	1119	2143	9003	7950	6980	4755	
DHL	-83800	-83800	5	3	3	4	12	18	6	0	8	5451698	2244	2253	1119	2143	9003	7950	6980	4755	
DHL	-84000	-84000	4	1	5	4	12	17	6	0	8	5445197	2244	2253	1119	2143	9003	7950	6980	4755	
DHL	-84200	-84200	5	2	4	4	7	18	4	0	7	5438485	2244	2253	1119	2143	9003	7950	6980	4755	
DHL	-84400	-84400	4	3	4	4	6	21	6	0	8	5431490	2244	2253	1119	2143	9003	7950	6980	4755	
DHL	-84600	-84600	4	2	2	4	4	14	10	0	6	5424878	2244	2253	1119	2143	9003	7950	6980	4755	
DHL	-84800	-84800	4	2	1	4	4	11	11	0	6	5417819	2244	2253	1119	2143	9003	7950	6980	4755	
DHL	-85000	-85000	3	1	1	7	5	10	13	0	6	5410508	2244	2253	1119	2143	9003	7950	6980	4755	
DHL	-85200	-85200	3	1	2	5	7	9	13	0	7	5403043	2244	2253	1119	2143	9003	7950	6980	4755	
DHL	-85400	-85400	2	3	2	4	8	10	16	0	7	5394754	2244	2253	1119	2143	9003	7950	6980	4755	
DHL	-85600	-85600	1	3	2	6	9	11	16	0	5	5386566	2244	2253	1119	2143	9003	7950	6980	4755	
DHL	-85800	-85800	1	3	2	7	11	13	12	0	6	5379169	2244	2253	1119	2143	9003	7950	6980	4755	
DHL	-86000	-86000	2	3	3	5	11	14	11	0	6	5371857	2244	2253	1119	2143	9003	7950	6980	4755	
DHL	-86200	-86200	2	3	3	6	12	17	13	0	6	5363851	2244	2253	1119	2143	9003	7950	6980	4755	
DHL	-86400	-86400	6	3	3	5	13	18	12	0	7	5355462	2244	2253	1119	2143	9003	7950	6980	4755	
DHL	-86600	-86600	7	1	0	3	12	15	9	0	7	5345810	2244	2253	1119	2143	9003	7950	6980	4755	
DHL	-86800	-86800	8	2	1	4	12	13	11	0	7	5335500	2244	2253	1119	2143	9003	7950	6980	4755	
DHL	-87000	-87000	7	4	1	5	16	16	11	0	8	5323969	2244	2253	1119	2143	9003	7950	6980	4755	
DHL	-87200	-87200	7	4	0	6	16	14	12	0	7	5313416	2244	2253	1119	2143	9003	7950	6980	4755	
DHL	-87400	-87400	3	4	0	5	12	14	11	0	7	5303582	2244	2253	1119	2143	9003	7950	6980	4755	
DHL	-87600	-87600	2	2	1	3	14	16	11	0	9	5293174	2244	2253	1119	2143	9003	7950	6980	4755	
DHL	-87800	-87800	2	2	1	2	11	16	12	0	10	5283189	2244	2253	1119	2143	9003	7950	6980	4755	
DHL	-88000	-88000	2	2	1	2	13	17	13	0	11	5274079	2244	2253	1119	2143	9003	7950	6980	4755	
DHL	-88200	-88200	2	2	1	1	14	19	14	0	8	5264990	2244	2253	1119	2143	9003	7950	6980	4755	
DHL	-88400	-88400	2	3	1	1	14	15	11	0	8	5255713	2244	2253	1119	2143	9003	7950	6980	4755	
DHL	-88600	-88600	4	6	1	3	13	13	11	0	7	5245755	2244	2253	1119	2143	9003	7950	6980	4755	
DHL	-88800	-88800	4	6	1	3	10	13	13	0	7	5235182	2244	2253	1119	2143	9003	7950	6980	4755	
DHL	-89000	-89000	3	6	1	3	10	11	14	0	8	5225634	2244	2253	1119	2143	9003	7950	6980	4755	
DHL	-89200	-89200	3	7	1	5	10	13	13	0	7	5217292	2244	2253	1119	2143	9003	7950	6980	4755	
DHL	-89400	-89400	3	8	2	6	6	13	6	0	7	5208685	2244	2253	1119	2143	9003	7950	6980	4755	
DHL	-89600	-89600	3	7	2	6	8	11	6	0	6	5199989	2244	2253	1119	2143	9003	7950	6980	4755	
DHL	-89800	-89800	4	6	2	5	7	13	9	0	7	5191130	2244	2253	1119	2143	9003	7950	6980	4755	
DHL	-90000	-90000	4	6	1	4	7	11	10	0	7	5181614	2244	2253	1119	2143	9003	7950	6980	4755	
DHL	-90200	-90200	4	6	0	5	6	13	11	0	7	5171637	2244	2253	1119	2143	9003	7950	6980	4755	
DHL	-90400	-90400	6	5	1	7	6	14	8	0	5	5161660	2244	2253	1119	2143	9003	7950	6980	4755	
DHL	-90600	-90600	4	5	1	3	8	13	7	0	4	5151958	2244	2253	1119	2143	9003	7950	6980	4755	
DHL	-90800	-90800	5	6	1	4	10	15	7	0	5	5143263	2244	2253	1119	2143	9003	7950	6980	4755	
DHL	-91000	-91000	3	6	1	4	9	14	7	0	6	5134870	2244	2253	1119	2143	9003	7950	6980	4755	
DHL	-91200	-91200	2	5	1	4	9	14	7	0	6	5127665	2244	2253	1119	2143	9003	7950	6980	4755	
DHL	-91400	-91400	2	4	0	2	7	13	5	0	6	5121161	2244	2253	1119	2143	9003	7950	6980	4755	
DHL	-91600	-91600	1	4	0	2	9	15	5	0	7	5115164	2244	2253	1119	2143	9003	7950	6980	4755	
DHL	-91800	-91800	2	3	0	3	8	16	3	0	7	5108624	2244	2253	1119	2143	9003	7950	6980	4755	
DHL	-92000	-92000	3	3	0	3	10	18	3	0	7	5101881	2244	2253	1119	2143	9003	7950	6980	4755	
DHL	-92200	-92200	2	4	0	4	10	18	3	0	5	5095821	2244	2253	1119	2143	9003	7950	6980	4755	
DHL	-92400	-92400	1	2	0	5	11	14	4	0	6	5089937	2244	2253	1119	2143	9003	7950	6980	4755	
DHL	-92600	-92600	2	3	0	4	12	9	5	0	6	5084297	2244	2253	1119	2143	9003	7950	6980	4755	
DHL	-92800	-92800	3	3	0	3	12	11	5	0	3	5077612	2244	2253	1119	2143	9003	7950	6980	4755	
DHL	-93000	-93000	4	1	2	1	14	9	7	0	2	5071363	2244	2253	1119	2143	9003	7950	6980	4755	
DHL	-93200	-93200	4	2	2	2	14	11	9	0	2	5063754	2244	2253	1119	2143	9003	7950	6980	4755	
DHL	-93400	-93400	4	2	1	3	16	14	8	0	4	5054835	2244	2253	1119	2143	9003	7950	6980	4755	
DHL	-93600	-93600	6	2	0	4	16	14	8	0	3	5044907	2244	2253	1119	2143	9003	7950	6980	4755	
DHL	-93800	-93800	8	3	0	6	13	15	8	0	2	5035206	2244	2253	1119	2143	9003	7950	6980	4755	
DHL	-94000	-94000	6	4	0	5	10	17	8	0	2	5026146	2244	2253	1119	2143	9003	7950	6980	4755	
DHL	-94200	-94200	10	4	1	4	6	15	9	0	5	5016773	2244	2253	1119	2143	9003	7950	6980	4755	
DHL	-94400	-94400	7	3	1	2	4	16	9	0	6	5008032	2244	2253	1119	2143	9003	7950	6980	4755	
DHL	-94600	-94600	7	2	1	2	5	16	7	0	4	4999751	2244	2253	1119	2143	9003	7950	6980	4755	
DHL	-94800	-94800	6	2	0	3	7	19	6	0	5	4991743	2244	2253	1119	2143	9003	7950	6980	4755	
DHL	-95000	-95000	4	3	0	3	9	16	4	0	5	4983347	2244	2253	1119	2143	9003	7950	6980	4755	
DHL	-95200	-95200	4	3	1	3	9	13	3	0	6	4974040	2244	2253	1119	2143	9003	7950	6980	4755	
DHL	-95400	-95400	2	2	1	3	8	12	5	0	5	4963989	2244	2253	1119	2143	9003	7950	6980	4755	
DHL	-95600	-95600	2	1	1	2	7	10	5	0	7	4954435	2244	2253	1119	2143	9003	7950	6980	4755	
DHL	-95800	-95800	4	2	1	1	7	12	6	0	7	4945565	2244	2253	1119	2143	9003	7950	6980	4755	
DHL	-96000	-96000	5	2	1	1	11	16	10	0	7	4937583	2244	2253	1119	2143	9003	7950	6980	4755	
DHL	-96200	-96200	4	0	2	1	8	18	12	0	8	4928996	2244	2253	1119	2143	9003	7950	6980	4755	
DHL	-96400	-96400	4	0	2	2	10	19	12	0	9	4921515	2244	2253	1119	2143	9003	7950	6980	4755	
DHL	-96600	-96600	2	1	0	2	11	22	10	0	8	4914410	2244	2253	1119	2143	9003	7950	6980	4755	
DHL	-96800	-96800	2	1	1	2	10	22	12	0	8	4908035	2244	2253	1119	2143	9003	7950	6980	4755	
DHL	-97000	-97000	2	1	3	3	13	15	9	0	5	4901510	2244	2253	1119	2143	9003	7950	6980	4755	
DHL	-97200	-97200	3	1	4	2	8	12	10	0	3	4894689	2244	2253	1119	2143	9003	7950	6980	4755	
DHL	-97400	-97400	5	1	4	4	9	13	16	0	1	4888532	2244	2253	1119	2143	9003	7950	6980	4755	
DHL	-97600	-97600	4	1	5	3	8	11	12	0	2	4882588	2244	2253	1119	2143	9003	7950	6980	4755	
DHL	-97800	-97800	4	1	4	2	7	16	14	0	2	4875565	2244	2253	1119	2143	9003	7950	6980	4755	
DHL	-98000	-98000	3	0	4	5	8	13	16	0	2	4868197	2244	2253	1119	2143	9003	7950	6980	4755	
DHL	-98200	-98200	3	1	1	6	7	9	16	0	6	4861264	2244	2253	1119	2143	9003	7950	6980	4755	
DHL	-98400	-98400	3	2	1	6	7	8	14	0	5	4853594	2244	2253	1119	2143	9003	7950	6980	4755	
DHL	-98600	-98600	4	2	0	7	10	8	10	0	4	4846244	2244	2253	1119	2143	9003	7950	6980	4755	
DHL	-98800	-98800	6	0	1	7	10	8	10	0	4	4837877	2244	2253	1119	2143	9003	7950	6980	4755	
DHL	-99000	-99000	6	1	2	8	10	11	10	0	5	4829849	2244	2253	1119	2143	9003	7950	6980	4755	
DHL	-99200	-99200	4	1	1	9	11	10	10	0	6	4822497	2244	2253	1119	2143	9003	7950	6980	4755	
DHL	-99400	-99400	5	2	1	9	7	9	10	0	5	4814909	2244	2253	1119	2143	9003	7950	6980	4755	
DHL	-99600	-99600	1	3	1	8	7	10	13	0	5	4807630	2244	2253	1119	2143	9003	7950	6980	4755	
DHL	-99800	-99800	2	2	2	8	9	9	12	0	6	4800504	2244	2253	1119	2143	9003	7950	6980	4755	
DHL	-100000	-100000	3	2	1	7	8	8	12	0	5	4793696	2244	2253	1119	2143	9003	7950	6980	4755	
