FL	0	0	45	33	0	11	18	38	3	61	1	18438972	20421	4617	111	1773	4068	20501	2373	12989	460	
FL	-200	-200	45	29	0	10	20	40	6	55	1	18333167	20421	4617	111	1773	4068	20501	2373	12989	460	
FL	-400	-400	58	32	0	10	18	39	7	49	2	18097475	20421	4617	111	1773	4068	20501	2373	12989	460	
FL	-600	-600	73	27	1	11	14	55	7	56	0	17692654	20421	4617	111	1773	4068	20501	2373	12989	460	
FL	-800	-800	78	28	1	9	13	60	8	53	0	17188932	20421	4617	111	1773	4068	20501	2373	12989	460	
FL	-1000	-1000	80	27	0	7	15	86	9	56	0	16669558	20421	4617	111	1773	4068	20501	2373	12989	460	
FL	-1200	-1200	72	30	0	9	11	85	7	50	0	16144470	20421	4617	111	1773	4068	20501	2373	12989	460	
FL	-1400	-1400	92	32	1	7	8	98	7	39	0	15636575	20421	4617	111	1773	4068	20501	2373	12989	460	
FL	-1600	-1600	94	28	1	5	8	98	8	35	0	15170908	20421	4617	111	1773	4068	20501	2373	12989	460	
FL	-1800	-1800	103	24	0	4	7	87	6	38	0	14763115	20421	4617	111	1773	4068	20501	2373	12989	460	
FL	-2000	-2000	93	21	0	10	10	84	9	38	1	14416508	20421	4617	111	1773	4068	20501	2373	12989	460	
FL	-2200	-2200	95	18	0	8	10	97	8	33	1	14119094	20421	4617	111	1773	4068	20501	2373	12989	460	
FL	-2400	-2400	96	16	1	10	11	106	5	30	1	13866537	20421	4617	111	1773	4068	20501	2373	12989	460	
FL	-2600	-2600	98	17	0	10	11	114	4	37	1	13654072	20421	4617	111	1773	4068	20501	2373	12989	460	
FL	-2800	-2800	105	12	0	8	9	118	8	40	1	13480791	20421	4617	111	1773	4068	20501	2373	12989	460	
FL	-3000	-3000	105	13	0	3	7	119	11	39	1	13338721	20421	4617	111	1773	4068	20501	2373	12989	460	
FL	-3200	-3200	110	17	0	4	10	123	9	38	1	13220916	20421	4617	111	1773	4068	20501	2373	12989	460	
FL	-3400	-3400	110	18	0	4	9	112	10	47	1	13116926	20421	4617	111	1773	4068	20501	2373	12989	460	
FL	-3600	-3600	112	19	0	4	7	110	14	55	1	13021932	20421	4617	111	1773	4068	20501	2373	12989	460	
FL	-3800	-3800	100	22	0	2	5	96	8	49	1	12938060	20421	4617	111	1773	4068	20501	2373	12989	460	
FL	-4000	-4000	106	22	0	7	6	99	8	42	2	12867166	20421	4617	111	1773	4068	20501	2373	12989	460	
FL	-4200	-4200	107	23	0	10	6	100	5	42	1	12805072	20421	4617	111	1773	4068	20501	2373	12989	460	
FL	-4400	-4400	111	25	0	11	8	98	6	43	1	12748607	20421	4617	111	1773	4068	20501	2373	12989	460	
FL	-4600	-4600	106	31	0	6	6	99	6	37	0	12693359	20421	4617	111	1773	4068	20501	2373	12989	460	
FL	-4800	-4800	111	31	0	3	6	94	8	34	1	12637200	20421	4617	111	1773	4068	20501	2373	12989	460	
FL	-5000	-5000	112	26	0	1	8	100	10	37	1	12585407	20421	4617	111	1773	4068	20501	2373	12989	460	
FL	-5200	-5200	116	23	0	4	11	103	10	37	1	12536161	20421	4617	111	1773	4068	20501	2373	12989	460	
FL	-5400	-5400	105	25	0	7	12	108	11	37	1	12487704	20421	4617	111	1773	4068	20501	2373	12989	460	
FL	-5600	-5600	108	21	0	6	10	122	11	34	1	12441513	20421	4617	111	1773	4068	20501	2373	12989	460	
FL	-5800	-5800	115	27	1	10	17	119	10	33	0	12399194	20421	4617	111	1773	4068	20501	2373	12989	460	
FL	-6000	-6000	105	28	1	11	17	107	7	44	0	12360424	20421	4617	111	1773	4068	20501	2373	12989	460	
FL	-6200	-6200	107	27	1	11	15	107	6	40	0	12323903	20421	4617	111	1773	4068	20501	2373	12989	460	
FL	-6400	-6400	111	27	1	7	11	104	4	34	0	12288469	20421	4617	111	1773	4068	20501	2373	12989	460	
FL	-6600	-6600	98	26	1	6	14	105	5	37	0	12253173	20421	4617	111	1773	4068	20501	2373	12989	460	
FL	-6800	-6800	103	26	1	4	14	94	7	33	0	12218975	20421	4617	111	1773	4068	20501	2373	12989	460	
FL	-7000	-7000	100	26	1	5	14	99	9	32	0	12185645	20421	4617	111	1773	4068	20501	2373	12989	460	
FL	-7200	-7200	93	23	1	2	13	94	8	33	0	12150618	20421	4617	111	1773	4068	20501	2373	12989	460	
FL	-7400	-7400	96	23	1	4	16	102	6	34	0	12116047	20421	4617	111	1773	4068	20501	2373	12989	460	
FL	-7600	-7600	89	20	1	5	15	104	7	39	0	12081611	20421	4617	111	1773	4068	20501	2373	12989	460	
FL	-7800	-7800	85	16	1	3	12	118	8	38	0	12047132	20421	4617	111	1773	4068	20501	2373	12989	460	
FL	-8000	-8000	98	18	1	2	11	110	9	37	0	12012123	20421	4617	111	1773	4068	20501	2373	12989	460	
FL	-8200	-8200	105	19	1	3	13	108	9	38	0	11976324	20421	4617	111	1773	4068	20501	2373	12989	460	
FL	-8400	-8400	96	20	1	4	13	106	9	42	1	11943145	20421	4617	111	1773	4068	20501	2373	12989	460	
FL	-8600	-8600	97	19	1	5	8	109	10	42	2	11910831	20421	4617	111	1773	4068	20501	2373	12989	460	
FL	-8800	-8800	98	20	1	5	9	112	9	43	2	11879975	20421	4617	111	1773	4068	20501	2373	12989	460	
FL	-9000	-9000	106	19	0	8	9	113	9	51	1	11849317	20421	4617	111	1773	4068	20501	2373	12989	460	
FL	-9200	-9200	108	23	0	8	8	113	10	46	0	11818930	20421	4617	111	1773	4068	20501	2373	12989	460	
FL	-9400	-9400	97	24	0	10	7	115	10	44	0	11786898	20421	4617	111	1773	4068	20501	2373	12989	460	
FL	-9600	-9600	112	20	1	9	4	118	10	46	0	11755663	20421	4617	111	1773	4068	20501	2373	12989	460	
FL	-9800	-9800	110	18	3	6	5	129	10	38	1	11724088	20421	4617	111	1773	4068	20501	2373	12989	460	
FL	-10000	-10000	112	15	3	4	5	111	10	40	0	11694065	20421	4617	111	1773	4068	20501	2373	12989	460	
FL	-10200	-10200	115	13	0	4	4	109	10	35	0	11665387	20421	4617	111	1773	4068	20501	2373	12989	460	
FL	-10400	-10400	114	11	0	4	2	106	8	40	0	11634746	20421	4617	111	1773	4068	20501	2373	12989	460	
FL	-10600	-10600	115	14	0	3	3	99	9	41	0	11602519	20421	4617	111	1773	4068	20501	2373	12989	460	
FL	-10800	-10800	109	15	0	3	4	107	10	52	0	11570264	20421	4617	111	1773	4068	20501	2373	12989	460	
FL	-11000	-11000	101	13	1	5	6	114	9	55	0	11539776	20421	4617	111	1773	4068	20501	2373	12989	460	
FL	-11200	-11200	100	16	1	6	7	124	11	53	0	11510007	20421	4617	111	1773	4068	20501	2373	12989	460	
FL	-11400	-11400	93	14	2	5	7	116	8	50	0	11483434	20421	4617	111	1773	4068	20501	2373	12989	460	
FL	-11600	-11600	100	15	1	4	8	119	10	47	0	11454869	20421	4617	111	1773	4068	20501	2373	12989	460	
FL	-11800	-11800	92	14	1	5	10	110	11	44	0	11425123	20421	4617	111	1773	4068	20501	2373	12989	460	
FL	-12000	-12000	93	23	3	6	10	108	7	36	0	11394110	20421	4617	111	1773	4068	20501	2373	12989	460	
FL	-12200	-12200	96	22	3	6	9	100	6	32	2	11363803	20421	4617	111	1773	4068	20501	2373	12989	460	
FL	-12400	-12400	100	20	3	6	9	96	4	29	2	11335386	20421	4617	111	1773	4068	20501	2373	12989	460	
FL	-12600	-12600	107	19	1	6	9	88	5	29	2	11307053	20421	4617	111	1773	4068	20501	2373	12989	460	
FL	-12800	-12800	108	19	1	6	13	89	5	27	3	11277559	20421	4617	111	1773	4068	20501	2373	12989	460	
FL	-13000	-13000	99	22	0	6	12	91	6	30	3	11246073	20421	4617	111	1773	4068	20501	2373	12989	460	
FL	-13200	-13200	96	22	0	7	13	93	6	35	3	11214677	20421	4617	111	1773	4068	20501	2373	12989	460	
FL	-13400	-13400	100	20	0	7	13	107	8	43	2	11181638	20421	4617	111	1773	4068	20501	2373	12989	460	
FL	-13600	-13600	94	23	0	7	10	107	8	38	1	11148413	20421	4617	111	1773	4068	20501	2373	12989	460	
FL	-13800	-13800	97	24	0	7	11	102	8	35	0	11114688	20421	4617	111	1773	4068	20501	2373	12989	460	
FL	-14000	-14000	87	22	0	6	8	105	9	35	0	11081894	20421	4617	111	1773	4068	20501	2373	12989	460	
FL	-14200	-14200	74	21	0	5	9	110	6	35	0	11051011	20421	4617	111	1773	4068	20501	2373	12989	460	
FL	-14400	-14400	89	13	0	2	6	121	5	34	0	11021682	20421	4617	111	1773	4068	20501	2373	12989	460	
FL	-14600	-14600	101	14	0	2	8	123	4	37	0	10993235	20421	4617	111	1773	4068	20501	2373	12989	460	
FL	-14800	-14800	101	17	0	2	10	129	5	32	0	10966222	20421	4617	111	1773	4068	20501	2373	12989	460	
FL	-15000	-15000	102	17	0	2	10	118	5	29	0	10939964	20421	4617	111	1773	4068	20501	2373	12989	460	
FL	-15200	-15200	104	18	0	4	7	116	5	26	0	10913524	20421	4617	111	1773	4068	20501	2373	12989	460	
FL	-15400	-15400	104	18	0	2	8	113	6	27	0	10884382	20421	4617	111	1773	4068	20501	2373	12989	460	
FL	-15600	-15600	99	15	0	2	8	109	7	30	0	10857159	20421	4617	111	1773	4068	20501	2373	12989	460	
FL	-15800	-15800	100	12	0	1	8	110	8	22	0	10831586	20421	4617	111	1773	4068	20501	2373	12989	460	
FL	-16000	-16000	103	15	0	2	6	111	7	28	0	10804452	20421	4617	111	1773	4068	20501	2373	12989	460	
FL	-16200	-16200	99	15	0	1	6	111	7	29	0	10778622	20421	4617	111	1773	4068	20501	2373	12989	460	
FL	-16400	-16400	99	18	0	3	6	97	8	34	0	10752371	20421	4617	111	1773	4068	20501	2373	12989	460	
FL	-16600	-16600	92	17	0	4	8	91	7	27	1	10726524	20421	4617	111	1773	4068	20501	2373	12989	460	
FL	-16800	-16800	95	18	0	4	6	96	7	29	1	10700564	20421	4617	111	1773	4068	20501	2373	12989	460	
FL	-17000	-17000	89	15	1	3	4	89	6	25	1	10675934	20421	4617	111	1773	4068	20501	2373	12989	460	
FL	-17200	-17200	91	16	1	2	4	83	7	25	1	10652756	20421	4617	111	1773	4068	20501	2373	12989	460	
FL	-17400	-17400	92	17	1	2	10	92	10	22	1	10626621	20421	4617	111	1773	4068	20501	2373	12989	460	
FL	-17600	-17600	85	20	0	5	12	93	10	21	1	10597641	20421	4617	111	1773	4068	20501	2373	12989	460	
FL	-17800	-17800	81	20	0	5	11	93	9	17	1	10567949	20421	4617	111	1773	4068	20501	2373	12989	460	
FL	-18000	-18000	88	20	0	7	12	108	9	26	1	10539214	20421	4617	111	1773	4068	20501	2373	12989	460	
FL	-18200	-18200	82	18	0	6	11	113	8	25	0	10510349	20421	4617	111	1773	4068	20501	2373	12989	460	
FL	-18400	-18400	90	23	0	8	5	109	7	30	0	10481922	20421	4617	111	1773	4068	20501	2373	12989	460	
FL	-18600	-18600	88	21	0	8	6	112	10	35	0	10454256	20421	4617	111	1773	4068	20501	2373	12989	460	
FL	-18800	-18800	84	23	0	5	7	103	6	32	0	10427112	20421	4617	111	1773	4068	20501	2373	12989	460	
FL	-19000	-19000	84	24	1	3	6	87	8	32	0	10401766	20421	4617	111	1773	4068	20501	2373	12989	460	
FL	-19200	-19200	82	21	1	3	7	92	8	35	0	10376988	20421	4617	111	1773	4068	20501	2373	12989	460	
FL	-19400	-19400	77	23	1	2	11	88	8	36	0	10351727	20421	4617	111	1773	4068	20501	2373	12989	460	
FL	-19600	-19600	77	20	1	1	12	89	8	40	0	10325573	20421	4617	111	1773	4068	20501	2373	12989	460	
FL	-19800	-19800	83	21	1	2	14	84	7	39	0	10297771	20421	4617	111	1773	4068	20501	2373	12989	460	
FL	-20000	-20000	89	20	1	1	10	90	8	42	0	10267484	20421	4617	111	1773	4068	20501	2373	12989	460	
FL	-20200	-20200	87	20	1	2	10	107	9	36	1	10238448	20421	4617	111	1773	4068	20501	2373	12989	460	
FL	-20400	-20400	75	17	1	3	10	106	8	36	1	10210501	20421	4617	111	1773	4068	20501	2373	12989	460	
FL	-20600	-20600	81	13	1	2	9	99	5	29	1	10181930	20421	4617	111	1773	4068	20501	2373	12989	460	
FL	-20800	-20800	73	10	1	5	6	94	5	36	2	10154494	20421	4617	111	1773	4068	20501	2373	12989	460	
FL	-21000	-21000	76	8	1	7	4	97	7	44	2	10128425	20421	4617	111	1773	4068	20501	2373	12989	460	
FL	-21200	-21200	81	10	1	6	4	96	6	44	2	10103002	20421	4617	111	1773	4068	20501	2373	12989	460	
FL	-21400	-21400	83	12	1	7	4	97	5	40	1	10077501	20421	4617	111	1773	4068	20501	2373	12989	460	
FL	-21600	-21600	75	12	1	8	5	106	4	41	1	10050879	20421	4617	111	1773	4068	20501	2373	12989	460	
FL	-21800	-21800	75	13	0	5	5	96	5	41	1	10027249	20421	4617	111	1773	4068	20501	2373	12989	460	
FL	-22000	-22000	75	14	0	2	6	95	7	43	0	10003204	20421	4617	111	1773	4068	20501	2373	12989	460	
FL	-22200	-22200	67	15	0	1	8	98	8	45	0	9980621	20421	4617	111	1773	4068	20501	2373	12989	460	
FL	-22400	-22400	73	20	0	0	9	97	10	39	0	9958680	20421	4617	111	1773	4068	20501	2373	12989	460	
FL	-22600	-22600	76	18	0	1	10	116	13	34	0	9936915	20421	4617	111	1773	4068	20501	2373	12989	460	
FL	-22800	-22800	74	19	0	4	10	100	12	34	0	9914756	20421	4617	111	1773	4068	20501	2373	12989	460	
FL	-23000	-23000	80	19	0	4	9	97	14	30	0	9889779	20421	4617	111	1773	4068	20501	2373	12989	460	
FL	-23200	-23200	82	16	0	4	7	99	13	29	0	9865181	20421	4617	111	1773	4068	20501	2373	12989	460	
FL	-23400	-23400	85	15	0	4	10	101	11	30	0	9841523	20421	4617	111	1773	4068	20501	2373	12989	460	
FL	-23600	-23600	99	12	0	5	7	96	9	32	0	9818518	20421	4617	111	1773	4068	20501	2373	12989	460	
FL	-23800	-23800	93	13	0	1	5	92	6	35	0	9794321	20421	4617	111	1773	4068	20501	2373	12989	460	
FL	-24000	-24000	99	17	0	0	3	93	3	36	0	9769436	20421	4617	111	1773	4068	20501	2373	12989	460	
FL	-24200	-24200	86	17	0	0	4	77	2	40	0	9745410	20421	4617	111	1773	4068	20501	2373	12989	460	
FL	-24400	-24400	79	17	0	0	3	89	3	38	0	9724286	20421	4617	111	1773	4068	20501	2373	12989	460	
FL	-24600	-24600	73	18	0	0	3	84	2	43	0	9703444	20421	4617	111	1773	4068	20501	2373	12989	460	
FL	-24800	-24800	79	16	0	0	5	88	2	37	0	9682076	20421	4617	111	1773	4068	20501	2373	12989	460	
FL	-25000	-25000	79	12	0	0	7	90	3	31	0	9660313	20421	4617	111	1773	4068	20501	2373	12989	460	
FL	-25200	-25200	75	11	0	0	6	96	3	31	1	9636155	20421	4617	111	1773	4068	20501	2373	12989	460	
FL	-25400	-25400	71	9	1	1	5	101	4	30	1	9611453	20421	4617	111	1773	4068	20501	2373	12989	460	
FL	-25600	-25600	79	15	1	1	5	86	5	33	1	9586078	20421	4617	111	1773	4068	20501	2373	12989	460	
FL	-25800	-25800	88	14	1	1	5	86	6	31	0	9559536	20421	4617	111	1773	4068	20501	2373	12989	460	
FL	-26000	-26000	98	15	1	1	5	86	4	34	0	9532559	20421	4617	111	1773	4068	20501	2373	12989	460	
FL	-26200	-26200	100	15	1	2	5	75	9	33	0	9506515	20421	4617	111	1773	4068	20501	2373	12989	460	
FL	-26400	-26400	92	13	1	1	5	89	11	31	0	9481185	20421	4617	111	1773	4068	20501	2373	12989	460	
FL	-26600	-26600	97	12	1	1	5	81	14	32	0	9456728	20421	4617	111	1773	4068	20501	2373	12989	460	
FL	-26800	-26800	91	11	1	2	4	87	15	33	0	9432119	20421	4617	111	1773	4068	20501	2373	12989	460	
FL	-27000	-27000	82	8	1	3	7	96	18	42	0	9408238	20421	4617	111	1773	4068	20501	2373	12989	460	
FL	-27200	-27200	84	9	1	4	6	97	15	42	0	9385080	20421	4617	111	1773	4068	20501	2373	12989	460	
FL	-27400	-27400	84	10	0	4	7	100	12	37	0	9362739	20421	4617	111	1773	4068	20501	2373	12989	460	
FL	-27600	-27600	78	13	0	3	8	93	13	37	0	9340063	20421	4617	111	1773	4068	20501	2373	12989	460	
FL	-27800	-27800	82	12	0	3	7	88	14	32	0	9318050	20421	4617	111	1773	4068	20501	2373	12989	460	
FL	-28000	-28000	81	9	0	3	2	85	14	32	0	9295707	20421	4617	111	1773	4068	20501	2373	12989	460	
FL	-28200	-28200	74	16	0	2	4	90	13	33	0	9273079	20421	4617	111	1773	4068	20501	2373	12989	460	
FL	-28400	-28400	77	15	0	2	5	80	12	31	0	9249263	20421	4617	111	1773	4068	20501	2373	12989	460	
FL	-28600	-28600	72	11	0	2	5	84	6	34	0	9225086	20421	4617	111	1773	4068	20501	2373	12989	460	
FL	-28800	-28800	81	12	0	2	8	85	5	25	0	9200832	20421	4617	111	1773	4068	20501	2373	12989	460	
FL	-29000	-29000	79	9	0	2	9	86	5	23	0	9177050	20421	4617	111	1773	4068	20501	2373	12989	460	
FL	-29200	-29200	77	7	0	2	9	78	6	27	0	9153771	20421	4617	111	1773	4068	20501	2373	12989	460	
FL	-29400	-29400	79	7	0	3	10	79	7	27	1	9132811	20421	4617	111	1773	4068	20501	2373	12989	460	
FL	-29600	-29600	80	9	0	3	10	80	7	23	2	9114048	20421	4617	111	1773	4068	20501	2373	12989	460	
FL	-29800	-29800	80	11	0	4	12	85	6	20	3	9095526	20421	4617	111	1773	4068	20501	2373	12989	460	
FL	-30000	-30000	80	12	0	4	13	94	4	26	2	9077786	20421	4617	111	1773	4068	20501	2373	12989	460	
FL	-30200	-30200	73	12	0	4	12	93	2	23	1	9058601	20421	4617	111	1773	4068	20501	2373	12989	460	
FL	-30400	-30400	71	11	0	5	14	82	3	26	1	9037976	20421	4617	111	1773	4068	20501	2373	12989	460	
FL	-30600	-30600	73	13	0	4	13	86	7	32	0	9016812	20421	4617	111	1773	4068	20501	2373	12989	460	
FL	-30800	-30800	77	13	0	4	13	86	6	28	0	8996337	20421	4617	111	1773	4068	20501	2373	12989	460	
FL	-31000	-31000	72	10	0	2	11	77	8	31	1	8974695	20421	4617	111	1773	4068	20501	2373	12989	460	
FL	-31200	-31200	66	14	0	1	13	76	9	32	1	8952657	20421	4617	111	1773	4068	20501	2373	12989	460	
FL	-31400	-31400	59	15	0	1	14	73	7	35	1	8932036	20421	4617	111	1773	4068	20501	2373	12989	460	
FL	-31600	-31600	62	15	0	1	16	75	6	32	1	8911913	20421	4617	111	1773	4068	20501	2373	12989	460	
FL	-31800	-31800	71	14	0	2	12	78	7	36	0	8891217	20421	4617	111	1773	4068	20501	2373	12989	460	
FL	-32000	-32000	66	14	0	2	9	85	6	36	0	8868610	20421	4617	111	1773	4068	20501	2373	12989	460	
FL	-32200	-32200	57	19	0	1	8	84	6	33	0	8846576	20421	4617	111	1773	4068	20501	2373	12989	460	
FL	-32400	-32400	66	19	0	1	8	80	7	30	0	8823990	20421	4617	111	1773	4068	20501	2373	12989	460	
FL	-32600	-32600	72	19	0	2	9	75	6	32	0	8799688	20421	4617	111	1773	4068	20501	2373	12989	460	
FL	-32800	-32800	75	17	0	4	9	79	6	32	0	8775267	20421	4617	111	1773	4068	20501	2373	12989	460	
FL	-33000	-33000	73	17	0	2	9	69	5	33	0	8753176	20421	4617	111	1773	4068	20501	2373	12989	460	
FL	-33200	-33200	71	14	0	4	5	69	4	34	0	8732724	20421	4617	111	1773	4068	20501	2373	12989	460	
FL	-33400	-33400	67	14	0	3	4	68	5	33	0	8713689	20421	4617	111	1773	4068	20501	2373	12989	460	
FL	-33600	-33600	73	14	0	3	6	77	8	31	0	8694702	20421	4617	111	1773	4068	20501	2373	12989	460	
FL	-33800	-33800	69	13	1	4	3	67	8	30	0	8675994	20421	4617	111	1773	4068	20501	2373	12989	460	
FL	-34000	-34000	64	13	1	5	3	68	5	26	0	8656739	20421	4617	111	1773	4068	20501	2373	12989	460	
FL	-34200	-34200	75	12	1	1	3	80	5	22	1	8637484	20421	4617	111	1773	4068	20501	2373	12989	460	
FL	-34400	-34400	74	12	1	0	4	77	6	24	3	8620106	20421	4617	111	1773	4068	20501	2373	12989	460	
FL	-34600	-34600	82	10	1	1	10	70	6	27	3	8603511	20421	4617	111	1773	4068	20501	2373	12989	460	
FL	-34800	-34800	79	17	1	1	6	68	6	22	3	8586704	20421	4617	111	1773	4068	20501	2373	12989	460	
FL	-35000	-35000	85	17	1	2	7	70	3	23	3	8569961	20421	4617	111	1773	4068	20501	2373	12989	460	
FL	-35200	-35200	83	15	0	1	9	67	3	23	2	8553204	20421	4617	111	1773	4068	20501	2373	12989	460	
FL	-35400	-35400	87	16	0	2	7	77	3	22	2	8536011	20421	4617	111	1773	4068	20501	2373	12989	460	
FL	-35600	-35600	86	16	0	2	5	75	2	23	2	8518241	20421	4617	111	1773	4068	20501	2373	12989	460	
FL	-35800	-35800	86	15	0	3	5	76	6	26	1	8499959	20421	4617	111	1773	4068	20501	2373	12989	460	
FL	-36000	-36000	80	14	0	2	5	71	8	20	1	8480633	20421	4617	111	1773	4068	20501	2373	12989	460	
FL	-36200	-36200	77	17	0	2	6	79	10	23	1	8461487	20421	4617	111	1773	4068	20501	2373	12989	460	
FL	-36400	-36400	63	16	0	2	4	81	8	27	2	8443571	20421	4617	111	1773	4068	20501	2373	12989	460	
FL	-36600	-36600	59	16	0	3	4	86	6	30	2	8425696	20421	4617	111	1773	4068	20501	2373	12989	460	
FL	-36800	-36800	58	16	0	3	5	82	6	30	3	8407735	20421	4617	111	1773	4068	20501	2373	12989	460	
FL	-37000	-37000	68	15	0	5	6	78	5	27	3	8389445	20421	4617	111	1773	4068	20501	2373	12989	460	
FL	-37200	-37200	62	13	0	6	9	77	6	27	3	8372916	20421	4617	111	1773	4068	20501	2373	12989	460	
FL	-37400	-37400	61	13	0	6	8	77	5	22	2	8356903	20421	4617	111	1773	4068	20501	2373	12989	460	
FL	-37600	-37600	52	13	0	4	5	78	5	20	2	8340152	20421	4617	111	1773	4068	20501	2373	12989	460	
FL	-37800	-37800	57	15	0	3	7	71	8	21	2	8323977	20421	4617	111	1773	4068	20501	2373	12989	460	
FL	-38000	-38000	55	16	0	2	9	63	7	26	1	8307600	20421	4617	111	1773	4068	20501	2373	12989	460	
FL	-38200	-38200	67	19	0	2	10	59	7	25	1	8290581	20421	4617	111	1773	4068	20501	2373	12989	460	
FL	-38400	-38400	70	14	0	3	8	62	5	31	1	8272538	20421	4617	111	1773	4068	20501	2373	12989	460	
FL	-38600	-38600	69	16	0	3	10	69	5	33	1	8255542	20421	4617	111	1773	4068	20501	2373	12989	460	
FL	-38800	-38800	75	11	1	2	10	68	5	32	1	8238583	20421	4617	111	1773	4068	20501	2373	12989	460	
FL	-39000	-39000	71	13	2	2	11	64	6	38	1	8219632	20421	4617	111	1773	4068	20501	2373	12989	460	
FL	-39200	-39200	66	11	1	2	9	74	7	35	0	8201793	20421	4617	111	1773	4068	20501	2373	12989	460	
FL	-39400	-39400	62	11	0	3	13	69	7	32	0	8185528	20421	4617	111	1773	4068	20501	2373	12989	460	
FL	-39600	-39600	69	11	0	2	12	61	5	32	0	8169615	20421	4617	111	1773	4068	20501	2373	12989	460	
FL	-39800	-39800	62	12	0	3	11	64	3	29	0	8153695	20421	4617	111	1773	4068	20501	2373	12989	460	
FL	-40000	-40000	61	10	0	1	15	64	2	28	0	8138427	20421	4617	111	1773	4068	20501	2373	12989	460	
FL	-40200	-40200	55	7	0	2	13	72	2	32	0	8122870	20421	4617	111	1773	4068	20501	2373	12989	460	
FL	-40400	-40400	61	7	0	4	13	84	4	32	0	8107302	20421	4617	111	1773	4068	20501	2373	12989	460	
FL	-40600	-40600	65	7	0	2	8	84	4	39	1	8091836	20421	4617	111	1773	4068	20501	2373	12989	460	
FL	-40800	-40800	65	5	0	2	9	83	2	37	1	8075206	20421	4617	111	1773	4068	20501	2373	12989	460	
FL	-41000	-41000	69	8	0	3	7	82	1	33	1	8058254	20421	4617	111	1773	4068	20501	2373	12989	460	
FL	-41200	-41200	64	9	0	5	8	85	1	37	0	8041751	20421	4617	111	1773	4068	20501	2373	12989	460	
FL	-41400	-41400	69	11	0	1	8	93	2	37	0	8026101	20421	4617	111	1773	4068	20501	2373	12989	460	
FL	-41600	-41600	72	10	0	1	7	79	3	32	1	8009463	20421	4617	111	1773	4068	20501	2373	12989	460	
FL	-41800	-41800	73	7	0	0	6	85	4	30	1	7992743	20421	4617	111	1773	4068	20501	2373	12989	460	
FL	-42000	-42000	73	9	0	0	5	86	4	31	0	7976899	20421	4617	111	1773	4068	20501	2373	12989	460	
FL	-42200	-42200	71	12	0	0	4	83	4	24	0	7958322	20421	4617	111	1773	4068	20501	2373	12989	460	
FL	-42400	-42400	77	12	0	4	2	83	3	23	1	7940255	20421	4617	111	1773	4068	20501	2373	12989	460	
FL	-42600	-42600	80	12	0	6	1	85	4	21	1	7924202	20421	4617	111	1773	4068	20501	2373	12989	460	
FL	-42800	-42800	78	12	0	9	1	82	5	22	1	7909302	20421	4617	111	1773	4068	20501	2373	12989	460	
FL	-43000	-43000	89	14	0	6	0	84	7	22	1	7893618	20421	4617	111	1773	4068	20501	2373	12989	460	
FL	-43200	-43200	87	16	0	6	1	80	3	22	1	7878385	20421	4617	111	1773	4068	20501	2373	12989	460	
FL	-43400	-43400	90	18	0	4	2	69	4	23	1	7862302	20421	4617	111	1773	4068	20501	2373	12989	460	
FL	-43600	-43600	75	16	0	4	5	76	2	23	1	7844729	20421	4617	111	1773	4068	20501	2373	12989	460	
FL	-43800	-43800	63	17	0	4	5	76	4	27	0	7827174	20421	4617	111	1773	4068	20501	2373	12989	460	
FL	-44000	-44000	63	16	0	4	6	68	4	28	0	7809404	20421	4617	111	1773	4068	20501	2373	12989	460	
FL	-44200	-44200	63	17	0	4	5	64	2	28	0	7792257	20421	4617	111	1773	4068	20501	2373	12989	460	
FL	-44400	-44400	61	12	1	2	6	69	0	30	0	7775828	20421	4617	111	1773	4068	20501	2373	12989	460	
FL	-44600	-44600	59	11	2	3	6	60	1	29	0	7760150	20421	4617	111	1773	4068	20501	2373	12989	460	
FL	-44800	-44800	56	7	2	3	6	54	4	27	1	7744090	20421	4617	111	1773	4068	20501	2373	12989	460	
FL	-45000	-45000	55	5	2	2	3	55	4	23	2	7728149	20421	4617	111	1773	4068	20501	2373	12989	460	
FL	-45200	-45200	56	9	0	2	2	52	4	26	1	7711797	20421	4617	111	1773	4068	20501	2373	12989	460	
FL	-45400	-45400	60	11	1	1	5	53	2	27	1	7694707	20421	4617	111	1773	4068	20501	2373	12989	460	
FL	-45600	-45600	68	11	1	0	5	56	3	28	2	7676730	20421	4617	111	1773	4068	20501	2373	12989	460	
FL	-45800	-45800	84	10	2	1	7	63	5	27	1	7658917	20421	4617	111	1773	4068	20501	2373	12989	460	
FL	-46000	-46000	92	12	2	5	9	63	5	19	1	7639628	20421	4617	111	1773	4068	20501	2373	12989	460	
FL	-46200	-46200	82	12	3	3	5	69	5	22	1	7620022	20421	4617	111	1773	4068	20501	2373	12989	460	
FL	-46400	-46400	86	11	3	4	4	68	4	25	1	7601456	20421	4617	111	1773	4068	20501	2373	12989	460	
FL	-46600	-46600	84	7	4	6	4	65	4	21	2	7584534	20421	4617	111	1773	4068	20501	2373	12989	460	
FL	-46800	-46800	80	8	1	6	3	73	3	23	2	7568798	20421	4617	111	1773	4068	20501	2373	12989	460	
FL	-47000	-47000	72	11	1	4	3	66	3	20	2	7554210	20421	4617	111	1773	4068	20501	2373	12989	460	
FL	-47200	-47200	63	11	1	4	4	60	4	22	3	7539006	20421	4617	111	1773	4068	20501	2373	12989	460	
FL	-47400	-47400	70	10	0	3	3	58	4	23	2	7523961	20421	4617	111	1773	4068	20501	2373	12989	460	
FL	-47600	-47600	67	11	0	2	4	55	4	21	2	7509983	20421	4617	111	1773	4068	20501	2373	12989	460	
FL	-47800	-47800	63	13	0	3	5	56	5	17	1	7494775	20421	4617	111	1773	4068	20501	2373	12989	460	
FL	-48000	-48000	58	13	0	2	6	54	2	20	1	7479501	20421	4617	111	1773	4068	20501	2373	12989	460	
FL	-48200	-48200	57	15	1	2	5	50	2	18	1	7465871	20421	4617	111	1773	4068	20501	2373	12989	460	
FL	-48400	-48400	51	12	1	2	6	56	3	22	0	7452101	20421	4617	111	1773	4068	20501	2373	12989	460	
FL	-48600	-48600	58	16	0	3	10	62	3	21	0	7437566	20421	4617	111	1773	4068	20501	2373	12989	460	
FL	-48800	-48800	66	16	0	2	9	68	3	23	0	7422719	20421	4617	111	1773	4068	20501	2373	12989	460	
FL	-49000	-49000	64	13	0	4	6	67	2	20	0	7408600	20421	4617	111	1773	4068	20501	2373	12989	460	
FL	-49200	-49200	60	11	0	7	7	62	1	22	0	7394697	20421	4617	111	1773	4068	20501	2373	12989	460	
FL	-49400	-49400	65	13	0	3	7	60	4	22	0	7380306	20421	4617	111	1773	4068	20501	2373	12989	460	
FL	-49600	-49600	64	13	0	2	8	56	4	25	0	7366416	20421	4617	111	1773	4068	20501	2373	12989	460	
FL	-49800	-49800	62	15	0	2	7	66	4	25	0	7352636	20421	4617	111	1773	4068	20501	2373	12989	460	
FL	-50000	-50000	68	13	0	2	9	65	9	25	0	7339041	20421	4617	111	1773	4068	20501	2373	12989	460	
FL	-50200	-50200	63	12	0	2	9	68	8	26	0	7325433	20421	4617	111	1773	4068	20501	2373	12989	460	
FL	-50400	-50400	64	13	0	1	8	69	11	26	0	7311808	20421	4617	111	1773	4068	20501	2373	12989	460	
FL	-50600	-50600	71	10	0	1	9	66	11	18	0	7298077	20421	4617	111	1773	4068	20501	2373	12989	460	
FL	-50800	-50800	70	8	0	2	10	68	12	15	0	7285011	20421	4617	111	1773	4068	20501	2373	12989	460	
FL	-51000	-51000	68	9	0	2	13	63	15	21	0	7272568	20421	4617	111	1773	4068	20501	2373	12989	460	
FL	-51200	-51200	67	7	0	4	12	65	15	20	0	7259599	20421	4617	111	1773	4068	20501	2373	12989	460	
FL	-51400	-51400	67	8	0	4	8	68	13	20	0	7245670	20421	4617	111	1773	4068	20501	2373	12989	460	
FL	-51600	-51600	76	14	0	2	8	62	15	18	0	7230238	20421	4617	111	1773	4068	20501	2373	12989	460	
FL	-51800	-51800	68	13	0	4	6	59	14	18	1	7217416	20421	4617	111	1773	4068	20501	2373	12989	460	
FL	-52000	-52000	66	14	0	3	3	55	13	17	1	7203531	20421	4617	111	1773	4068	20501	2373	12989	460	
FL	-52200	-52200	74	13	0	1	4	54	14	17	1	7188235	20421	4617	111	1773	4068	20501	2373	12989	460	
FL	-52400	-52400	65	11	0	2	2	54	11	16	1	7173062	20421	4617	111	1773	4068	20501	2373	12989	460	
FL	-52600	-52600	55	10	0	1	4	63	9	19	1	7158691	20421	4617	111	1773	4068	20501	2373	12989	460	
FL	-52800	-52800	52	15	1	1	5	62	9	22	1	7143630	20421	4617	111	1773	4068	20501	2373	12989	460	
FL	-53000	-53000	51	13	1	1	4	61	9	24	1	7128902	20421	4617	111	1773	4068	20501	2373	12989	460	
FL	-53200	-53200	50	15	1	1	6	57	7	29	0	7114487	20421	4617	111	1773	4068	20501	2373	12989	460	
FL	-53400	-53400	54	15	1	3	3	61	6	28	0	7101048	20421	4617	111	1773	4068	20501	2373	12989	460	
FL	-53600	-53600	51	17	0	2	4	58	6	23	0	7089262	20421	4617	111	1773	4068	20501	2373	12989	460	
FL	-53800	-53800	52	13	0	2	5	66	5	30	0	7075554	20421	4617	111	1773	4068	20501	2373	12989	460	
FL	-54000	-54000	57	13	0	0	6	60	4	25	0	7061154	20421	4617	111	1773	4068	20501	2373	12989	460	
FL	-54200	-54200	59	12	0	0	8	57	0	24	0	7045387	20421	4617	111	1773	4068	20501	2373	12989	460	
FL	-54400	-54400	57	7	0	0	7	55	0	26	0	7030284	20421	4617	111	1773	4068	20501	2373	12989	460	
FL	-54600	-54600	59	9	0	1	8	58	1	26	0	7015261	20421	4617	111	1773	4068	20501	2373	12989	460	
FL	-54800	-54800	63	8	0	1	6	54	1	23	0	7000318	20421	4617	111	1773	4068	20501	2373	12989	460	
FL	-55000	-55000	55	8	0	3	5	62	5	23	0	6986186	20421	4617	111	1773	4068	20501	2373	12989	460	
FL	-55200	-55200	54	7	0	4	5	66	5	20	0	6974349	20421	4617	111	1773	4068	20501	2373	12989	460	
FL	-55400	-55400	62	13	0	3	6	68	7	18	0	6961609	20421	4617	111	1773	4068	20501	2373	12989	460	
FL	-55600	-55600	67	15	0	5	5	56	5	14	0	6949510	20421	4617	111	1773	4068	20501	2373	12989	460	
FL	-55800	-55800	66	14	0	5	6	55	6	14	0	6937336	20421	4617	111	1773	4068	20501	2373	12989	460	
FL	-56000	-56000	60	16	0	4	4	59	6	13	0	6924207	20421	4617	111	1773	4068	20501	2373	12989	460	
FL	-56200	-56200	54	13	0	2	5	63	6	15	0	6910456	20421	4617	111	1773	4068	20501	2373	12989	460	
FL	-56400	-56400	52	17	0	2	6	63	3	13	0	6895428	20421	4617	111	1773	4068	20501	2373	12989	460	
FL	-56600	-56600	53	15	0	2	5	66	5	15	0	6881251	20421	4617	111	1773	4068	20501	2373	12989	460	
FL	-56800	-56800	47	17	0	3	5	57	5	20	0	6867846	20421	4617	111	1773	4068	20501	2373	12989	460	
FL	-57000	-57000	46	13	0	2	5	51	4	19	0	6854001	20421	4617	111	1773	4068	20501	2373	12989	460	
FL	-57200	-57200	45	13	0	2	5	51	5	19	0	6838938	20421	4617	111	1773	4068	20501	2373	12989	460	
FL	-57400	-57400	39	12	0	1	3	50	7	22	0	6823887	20421	4617	111	1773	4068	20501	2373	12989	460	
FL	-57600	-57600	46	13	0	1	4	56	8	23	0	6810592	20421	4617	111	1773	4068	20501	2373	12989	460	
FL	-57800	-57800	56	13	0	1	3	49	5	22	0	6796460	20421	4617	111	1773	4068	20501	2373	12989	460	
FL	-58000	-58000	53	13	0	0	1	53	6	23	1	6780688	20421	4617	111	1773	4068	20501	2373	12989	460	
FL	-58200	-58200	52	9	0	0	5	44	8	25	0	6766303	20421	4617	111	1773	4068	20501	2373	12989	460	
FL	-58400	-58400	62	9	0	0	5	43	7	26	0	6751477	20421	4617	111	1773	4068	20501	2373	12989	460	
FL	-58600	-58600	57	9	0	0	6	46	7	32	0	6737203	20421	4617	111	1773	4068	20501	2373	12989	460	
FL	-58800	-58800	72	9	0	0	7	52	8	26	0	6723104	20421	4617	111	1773	4068	20501	2373	12989	460	
FL	-59000	-59000	68	9	0	1	8	50	7	20	0	6709370	20421	4617	111	1773	4068	20501	2373	12989	460	
FL	-59200	-59200	66	11	0	1	6	53	7	15	0	6696658	20421	4617	111	1773	4068	20501	2373	12989	460	
FL	-59400	-59400	69	11	0	2	4	47	7	14	0	6684174	20421	4617	111	1773	4068	20501	2373	12989	460	
FL	-59600	-59600	72	10	0	1	6	51	6	12	0	6670189	20421	4617	111	1773	4068	20501	2373	12989	460	
FL	-59800	-59800	71	9	0	2	4	49	6	17	0	6656195	20421	4617	111	1773	4068	20501	2373	12989	460	
FL	-60000	-60000	67	10	0	1	7	55	5	22	0	6642312	20421	4617	111	1773	4068	20501	2373	12989	460	
FL	-60200	-60200	72	10	0	1	10	56	6	23	0	6629401	20421	4617	111	1773	4068	20501	2373	12989	460	
FL	-60400	-60400	73	9	1	3	10	59	7	30	3	6617437	20421	4617	111	1773	4068	20501	2373	12989	460	
FL	-60600	-60600	68	8	1	2	9	59	12	32	2	6605221	20421	4617	111	1773	4068	20501	2373	12989	460	
FL	-60800	-60800	63	10	1	2	10	61	10	33	1	6592920	20421	4617	111	1773	4068	20501	2373	12989	460	
FL	-61000	-61000	62	11	1	2	9	56	10	36	1	6579904	20421	4617	111	1773	4068	20501	2373	12989	460	
FL	-61200	-61200	57	11	1	2	9	60	8	34	1	6567415	20421	4617	111	1773	4068	20501	2373	12989	460	
FL	-61400	-61400	55	8	0	3	8	55	5	32	1	6554751	20421	4617	111	1773	4068	20501	2373	12989	460	
FL	-61600	-61600	53	8	1	1	6	47	6	26	0	6540852	20421	4617	111	1773	4068	20501	2373	12989	460	
FL	-61800	-61800	55	8	1	1	5	44	6	25	0	6526794	20421	4617	111	1773	4068	20501	2373	12989	460	
FL	-62000	-62000	48	9	1	1	3	51	7	24	0	6512918	20421	4617	111	1773	4068	20501	2373	12989	460	
FL	-62200	-62200	49	12	1	1	6	45	7	23	0	6498805	20421	4617	111	1773	4068	20501	2373	12989	460	
FL	-62400	-62400	46	11	1	1	6	45	4	22	0	6484309	20421	4617	111	1773	4068	20501	2373	12989	460	
FL	-62600	-62600	47	12	0	1	8	54	3	18	0	6470379	20421	4617	111	1773	4068	20501	2373	12989	460	
FL	-62800	-62800	48	12	0	1	7	56	3	19	0	6456841	20421	4617	111	1773	4068	20501	2373	12989	460	
FL	-63000	-63000	51	12	0	1	8	57	6	18	0	6443489	20421	4617	111	1773	4068	20501	2373	12989	460	
FL	-63200	-63200	49	11	0	1	7	60	6	13	0	6429854	20421	4617	111	1773	4068	20501	2373	12989	460	
FL	-63400	-63400	51	13	0	0	8	61	5	13	0	6416043	20421	4617	111	1773	4068	20501	2373	12989	460	
FL	-63600	-63600	50	13	0	1	11	65	3	16	0	6402864	20421	4617	111	1773	4068	20501	2373	12989	460	
FL	-63800	-63800	52	13	0	3	7	60	4	16	0	6389685	20421	4617	111	1773	4068	20501	2373	12989	460	
FL	-64000	-64000	55	12	0	4	7	61	3	24	0	6377513	20421	4617	111	1773	4068	20501	2373	12989	460	
FL	-64200	-64200	54	13	0	7	9	62	4	21	0	6365026	20421	4617	111	1773	4068	20501	2373	12989	460	
FL	-64400	-64400	56	15	0	8	6	56	2	17	0	6352073	20421	4617	111	1773	4068	20501	2373	12989	460	
FL	-64600	-64600	49	13	0	5	5	54	4	19	0	6338808	20421	4617	111	1773	4068	20501	2373	12989	460	
FL	-64800	-64800	39	11	0	3	7	59	5	20	0	6324994	20421	4617	111	1773	4068	20501	2373	12989	460	
FL	-65000	-65000	34	11	1	7	3	56	5	20	0	6312641	20421	4617	111	1773	4068	20501	2373	12989	460	
FL	-65200	-65200	37	11	1	7	4	59	6	19	0	6301560	20421	4617	111	1773	4068	20501	2373	12989	460	
FL	-65400	-65400	46	11	0	3	3	61	8	21	1	6291174	20421	4617	111	1773	4068	20501	2373	12989	460	
FL	-65600	-65600	48	8	0	4	5	61	9	23	1	6281425	20421	4617	111	1773	4068	20501	2373	12989	460	
FL	-65800	-65800	50	9	0	6	3	58	9	21	1	6272165	20421	4617	111	1773	4068	20501	2373	12989	460	
FL	-66000	-66000	54	9	2	7	5	49	8	21	1	6262935	20421	4617	111	1773	4068	20501	2373	12989	460	
FL	-66200	-66200	61	9	0	5	7	48	7	21	1	6253711	20421	4617	111	1773	4068	20501	2373	12989	460	
FL	-66400	-66400	66	9	0	2	6	43	6	16	1	6244131	20421	4617	111	1773	4068	20501	2373	12989	460	
FL	-66600	-66600	74	12	0	2	6	45	9	17	1	6234841	20421	4617	111	1773	4068	20501	2373	12989	460	
FL	-66800	-66800	64	10	0	4	5	55	8	20	0	6225964	20421	4617	111	1773	4068	20501	2373	12989	460	
FL	-67000	-67000	58	11	0	5	5	66	9	22	0	6216854	20421	4617	111	1773	4068	20501	2373	12989	460	
FL	-67200	-67200	53	6	0	5	4	62	9	27	0	6206480	20421	4617	111	1773	4068	20501	2373	12989	460	
FL	-67400	-67400	51	6	0	5	5	64	10	27	0	6195067	20421	4617	111	1773	4068	20501	2373	12989	460	
FL	-67600	-67600	51	7	0	4	4	62	7	27	0	6184155	20421	4617	111	1773	4068	20501	2373	12989	460	
FL	-67800	-67800	57	10	0	5	5	60	8	21	0	6173314	20421	4617	111	1773	4068	20501	2373	12989	460	
FL	-68000	-68000	53	7	0	3	4	62	5	18	0	6162702	20421	4617	111	1773	4068	20501	2373	12989	460	
FL	-68200	-68200	57	4	0	3	3	62	5	18	0	6151553	20421	4617	111	1773	4068	20501	2373	12989	460	
FL	-68400	-68400	60	8	0	2	3	61	6	18	0	6138942	20421	4617	111	1773	4068	20501	2373	12989	460	
FL	-68600	-68600	55	5	0	3	2	59	5	15	0	6125043	20421	4617	111	1773	4068	20501	2373	12989	460	
FL	-68800	-68800	62	5	0	3	4	59	6	22	0	6112453	20421	4617	111	1773	4068	20501	2373	12989	460	
FL	-69000	-69000	62	5	0	3	4	59	3	20	0	6099882	20421	4617	111	1773	4068	20501	2373	12989	460	
FL	-69200	-69200	61	4	0	3	4	67	4	20	0	6088732	20421	4617	111	1773	4068	20501	2373	12989	460	
FL	-69400	-69400	57	6	0	4	4	67	5	19	0	6078309	20421	4617	111	1773	4068	20501	2373	12989	460	
FL	-69600	-69600	60	11	0	1	3	60	5	18	0	6068430	20421	4617	111	1773	4068	20501	2373	12989	460	
FL	-69800	-69800	62	14	0	2	3	57	5	18	0	6059259	20421	4617	111	1773	4068	20501	2373	12989	460	
FL	-70000	-70000	51	12	0	3	5	49	6	18	1	6049186	20421	4617	111	1773	4068	20501	2373	12989	460	
FL	-70200	-70200	51	11	0	6	4	49	6	20	2	6039817	20421	4617	111	1773	4068	20501	2373	12989	460	
FL	-70400	-70400	51	7	0	5	3	54	5	18	2	6029860	20421	4617	111	1773	4068	20501	2373	12989	460	
FL	-70600	-70600	45	6	0	4	2	56	3	20	2	6021476	20421	4617	111	1773	4068	20501	2373	12989	460	
FL	-70800	-70800	42	5	0	7	2	56	5	22	0	6012520	20421	4617	111	1773	4068	20501	2373	12989	460	
FL	-71000	-71000	46	7	0	6	5	52	4	19	0	6004867	20421	4617	111	1773	4068	20501	2373	12989	460	
FL	-71200	-71200	53	6	0	5	3	48	4	21	0	5998001	20421	4617	111	1773	4068	20501	2373	12989	460	
FL	-71400	-71400	54	6	0	6	4	48	5	19	0	5990279	20421	4617	111	1773	4068	20501	2373	12989	460	
FL	-71600	-71600	53	7	0	7	4	43	6	18	0	5982849	20421	4617	111	1773	4068	20501	2373	12989	460	
FL	-71800	-71800	52	10	0	4	4	52	4	17	0	5974864	20421	4617	111	1773	4068	20501	2373	12989	460	
FL	-72000	-72000	57	8	0	5	5	56	3	13	1	5966217	20421	4617	111	1773	4068	20501	2373	12989	460	
FL	-72200	-72200	59	10	0	4	5	53	2	15	0	5956487	20421	4617	111	1773	4068	20501	2373	12989	460	
FL	-72400	-72400	59	9	0	6	5	53	2	10	1	5947673	20421	4617	111	1773	4068	20501	2373	12989	460	
FL	-72600	-72600	56	5	0	5	7	45	2	14	1	5938535	20421	4617	111	1773	4068	20501	2373	12989	460	
FL	-72800	-72800	53	4	0	5	10	45	1	12	3	5929331	20421	4617	111	1773	4068	20501	2373	12989	460	
FL	-73000	-73000	54	2	0	4	8	47	3	13	3	5919271	20421	4617	111	1773	4068	20501	2373	12989	460	
FL	-73200	-73200	55	5	0	5	6	51	3	14	1	5909613	20421	4617	111	1773	4068	20501	2373	12989	460	
FL	-73400	-73400	47	8	0	4	5	45	2	15	1	5899072	20421	4617	111	1773	4068	20501	2373	12989	460	
FL	-73600	-73600	45	8	0	5	4	48	2	21	1	5887915	20421	4617	111	1773	4068	20501	2373	12989	460	
FL	-73800	-73800	43	7	0	4	6	55	1	21	1	5877139	20421	4617	111	1773	4068	20501	2373	12989	460	
FL	-74000	-74000	46	9	0	4	9	52	2	27	2	5866389	20421	4617	111	1773	4068	20501	2373	12989	460	
FL	-74200	-74200	51	7	0	3	9	48	1	29	1	5856325	20421	4617	111	1773	4068	20501	2373	12989	460	
FL	-74400	-74400	45	7	0	3	8	49	2	26	1	5846069	20421	4617	111	1773	4068	20501	2373	12989	460	
FL	-74600	-74600	47	9	0	4	7	43	3	23	1	5836395	20421	4617	111	1773	4068	20501	2373	12989	460	
FL	-74800	-74800	46	8	0	4	4	48	4	22	0	5828012	20421	4617	111	1773	4068	20501	2373	12989	460	
FL	-75000	-75000	44	8	0	5	3	47	4	20	0	5819603	20421	4617	111	1773	4068	20501	2373	12989	460	
FL	-75200	-75200	43	12	0	7	2	50	3	18	0	5810707	20421	4617	111	1773	4068	20501	2373	12989	460	
FL	-75400	-75400	37	10	0	6	3	51	4	15	0	5801725	20421	4617	111	1773	4068	20501	2373	12989	460	
FL	-75600	-75600	34	6	0	6	3	54	2	15	0	5792817	20421	4617	111	1773	4068	20501	2373	12989	460	
FL	-75800	-75800	38	6	0	5	4	53	3	14	0	5782528	20421	4617	111	1773	4068	20501	2373	12989	460	
FL	-76000	-76000	37	7	0	3	4	41	3	15	1	5772833	20421	4617	111	1773	4068	20501	2373	12989	460	
FL	-76200	-76200	30	11	0	3	4	38	2	17	0	5764506	20421	4617	111	1773	4068	20501	2373	12989	460	
FL	-76400	-76400	34	12	0	4	6	47	0	17	0	5755668	20421	4617	111	1773	4068	20501	2373	12989	460	
FL	-76600	-76600	35	14	0	3	5	48	1	12	0	5747729	20421	4617	111	1773	4068	20501	2373	12989	460	
FL	-76800	-76800	34	14	0	3	5	46	2	12	0	5741954	20421	4617	111	1773	4068	20501	2373	12989	460	
FL	-77000	-77000	30	13	0	3	5	48	3	12	0	5732299	20421	4617	111	1773	4068	20501	2373	12989	460	
FL	-77200	-77200	35	12	0	2	4	49	4	12	0	5722098	20421	4617	111	1773	4068	20501	2373	12989	460	
FL	-77400	-77400	39	11	0	2	5	43	3	12	0	5713739	20421	4617	111	1773	4068	20501	2373	12989	460	
FL	-77600	-77600	47	15	0	2	6	39	3	16	1	5705553	20421	4617	111	1773	4068	20501	2373	12989	460	
FL	-77800	-77800	44	10	0	2	8	35	5	12	1	5697336	20421	4617	111	1773	4068	20501	2373	12989	460	
FL	-78000	-78000	50	9	0	2	5	39	4	13	0	5689014	20421	4617	111	1773	4068	20501	2373	12989	460	
FL	-78200	-78200	52	7	0	2	4	43	5	15	0	5682158	20421	4617	111	1773	4068	20501	2373	12989	460	
FL	-78400	-78400	52	9	0	2	5	43	4	14	0	5674602	20421	4617	111	1773	4068	20501	2373	12989	460	
FL	-78600	-78600	43	8	0	2	2	45	3	15	0	5667711	20421	4617	111	1773	4068	20501	2373	12989	460	
FL	-78800	-78800	42	10	0	0	3	45	4	19	1	5660644	20421	4617	111	1773	4068	20501	2373	12989	460	
FL	-79000	-79000	50	9	0	1	5	37	3	16	1	5653526	20421	4617	111	1773	4068	20501	2373	12989	460	
FL	-79200	-79200	50	9	0	1	4	43	3	13	1	5645692	20421	4617	111	1773	4068	20501	2373	12989	460	
FL	-79400	-79400	50	9	0	1	8	40	3	13	0	5638577	20421	4617	111	1773	4068	20501	2373	12989	460	
FL	-79600	-79600	44	7	0	1	6	43	3	14	0	5629640	20421	4617	111	1773	4068	20501	2373	12989	460	
FL	-79800	-79800	36	10	0	3	7	45	3	16	0	5621090	20421	4617	111	1773	4068	20501	2373	12989	460	
FL	-80000	-80000	35	9	0	3	6	42	5	21	0	5612969	20421	4617	111	1773	4068	20501	2373	12989	460	
FL	-80200	-80200	37	9	0	3	6	47	5	24	0	5604715	20421	4617	111	1773	4068	20501	2373	12989	460	
FL	-80400	-80400	39	11	0	4	5	49	7	25	0	5596986	20421	4617	111	1773	4068	20501	2373	12989	460	
FL	-80600	-80600	44	8	0	4	5	53	6	22	0	5589176	20421	4617	111	1773	4068	20501	2373	12989	460	
FL	-80800	-80800	48	7	0	3	6	46	6	25	1	5581184	20421	4617	111	1773	4068	20501	2373	12989	460	
FL	-81000	-81000	53	7	0	2	5	42	5	26	1	5570926	20421	4617	111	1773	4068	20501	2373	12989	460	
FL	-81200	-81200	47	7	0	2	6	49	5	23	0	5559906	20421	4617	111	1773	4068	20501	2373	12989	460	
FL	-81400	-81400	46	8	0	2	5	45	4	23	0	5549950	20421	4617	111	1773	4068	20501	2373	12989	460	
FL	-81600	-81600	45	6	0	3	2	43	4	25	0	5540560	20421	4617	111	1773	4068	20501	2373	12989	460	
FL	-81800	-81800	40	7	0	3	1	39	3	27	1	5531666	20421	4617	111	1773	4068	20501	2373	12989	460	
FL	-82000	-82000	47	3	0	4	3	47	3	22	1	5523515	20421	4617	111	1773	4068	20501	2373	12989	460	
FL	-82200	-82200	47	2	0	5	3	40	6	21	1	5514127	20421	4617	111	1773	4068	20501	2373	12989	460	
FL	-82400	-82400	40	6	0	3	1	38	6	20	1	5503987	20421	4617	111	1773	4068	20501	2373	12989	460	
FL	-82600	-82600	47	9	0	3	1	40	8	20	0	5495213	20421	4617	111	1773	4068	20501	2373	12989	460	
FL	-82800	-82800	48	10	0	3	1	41	5	19	0	5488127	20421	4617	111	1773	4068	20501	2373	12989	460	
FL	-83000	-83000	46	12	0	3	1	47	6	17	0	5481074	20421	4617	111	1773	4068	20501	2373	12989	460	
FL	-83200	-83200	51	11	0	3	1	45	7	14	0	5474263	20421	4617	111	1773	4068	20501	2373	12989	460	
FL	-83400	-83400	49	12	0	2	2	39	5	16	0	5467000	20421	4617	111	1773	4068	20501	2373	12989	460	
FL	-83600	-83600	53	13	0	3	4	40	3	13	0	5459504	20421	4617	111	1773	4068	20501	2373	12989	460	
FL	-83800	-83800	58	8	1	3	4	41	2	12	2	5451698	20421	4617	111	1773	4068	20501	2373	12989	460	
FL	-84000	-84000	52	7	1	3	1	40	4	13	2	5445197	20421	4617	111	1773	4068	20501	2373	12989	460	
FL	-84200	-84200	43	5	0	5	2	42	3	12	2	5438485	20421	4617	111	1773	4068	20501	2373	12989	460	
FL	-84400	-84400	51	6	0	5	3	42	3	16	1	5431490	20421	4617	111	1773	4068	20501	2373	12989	460	
FL	-84600	-84600	49	6	0	5	2	43	3	17	1	5424878	20421	4617	111	1773	4068	20501	2373	12989	460	
FL	-84800	-84800	59	7	0	4	2	53	3	18	0	5417819	20421	4617	111	1773	4068	20501	2373	12989	460	
FL	-85000	-85000	65	7	0	4	1	48	3	21	0	5410508	20421	4617	111	1773	4068	20501	2373	12989	460	
FL	-85200	-85200	67	6	0	4	1	52	3	21	0	5403043	20421	4617	111	1773	4068	20501	2373	12989	460	
FL	-85400	-85400	61	3	0	4	3	50	5	23	0	5394754	20421	4617	111	1773	4068	20501	2373	12989	460	
FL	-85600	-85600	64	3	0	3	2	57	5	25	0	5386566	20421	4617	111	1773	4068	20501	2373	12989	460	
FL	-85800	-85800	60	2	0	3	0	51	4	21	0	5379169	20421	4617	111	1773	4068	20501	2373	12989	460	
FL	-86000	-86000	61	2	0	4	3	48	2	21	1	5371857	20421	4617	111	1773	4068	20501	2373	12989	460	
FL	-86200	-86200	55	4	0	4	3	51	3	20	1	5363851	20421	4617	111	1773	4068	20501	2373	12989	460	
FL	-86400	-86400	54	3	0	6	3	52	3	18	1	5355462	20421	4617	111	1773	4068	20501	2373	12989	460	
FL	-86600	-86600	44	5	0	6	4	48	5	11	0	5345810	20421	4617	111	1773	4068	20501	2373	12989	460	
FL	-86800	-86800	40	8	0	5	4	47	5	8	0	5335500	20421	4617	111	1773	4068	20501	2373	12989	460	
FL	-87000	-87000	42	10	0	4	1	45	5	10	0	5323969	20421	4617	111	1773	4068	20501	2373	12989	460	
FL	-87200	-87200	36	10	0	4	2	46	4	14	0	5313416	20421	4617	111	1773	4068	20501	2373	12989	460	
FL	-87400	-87400	36	8	0	1	5	41	5	20	1	5303582	20421	4617	111	1773	4068	20501	2373	12989	460	
FL	-87600	-87600	39	6	0	2	7	40	5	22	1	5293174	20421	4617	111	1773	4068	20501	2373	12989	460	
FL	-87800	-87800	36	7	0	2	7	39	6	19	2	5283189	20421	4617	111	1773	4068	20501	2373	12989	460	
FL	-88000	-88000	40	7	0	2	8	38	7	17	1	5274079	20421	4617	111	1773	4068	20501	2373	12989	460	
FL	-88200	-88200	41	6	0	3	8	33	8	20	1	5264990	20421	4617	111	1773	4068	20501	2373	12989	460	
FL	-88400	-88400	41	7	0	4	5	34	7	18	1	5255713	20421	4617	111	1773	4068	20501	2373	12989	460	
FL	-88600	-88600	39	13	0	5	3	37	5	16	0	5245755	20421	4617	111	1773	4068	20501	2373	12989	460	
FL	-88800	-88800	39	12	0	5	2	34	3	18	0	5235182	20421	4617	111	1773	4068	20501	2373	12989	460	
FL	-89000	-89000	36	12	0	2	2	33	4	23	0	5225634	20421	4617	111	1773	4068	20501	2373	12989	460	
FL	-89200	-89200	37	13	0	2	1	33	3	22	1	5217292	20421	4617	111	1773	4068	20501	2373	12989	460	
FL	-89400	-89400	38	11	0	3	2	30	5	18	1	5208685	20421	4617	111	1773	4068	20501	2373	12989	460	
FL	-89600	-89600	36	11	0	5	4	37	5	20	1	5199989	20421	4617	111	1773	4068	20501	2373	12989	460	
FL	-89800	-89800	40	9	0	3	4	36	5	22	0	5191130	20421	4617	111	1773	4068	20501	2373	12989	460	
FL	-90000	-90000	39	7	0	2	4	30	5	19	0	5181614	20421	4617	111	1773	4068	20501	2373	12989	460	
FL	-90200	-90200	46	7	0	2	3	32	4	20	1	5171637	20421	4617	111	1773	4068	20501	2373	12989	460	
FL	-90400	-90400	44	9	0	2	2	35	3	16	1	5161660	20421	4617	111	1773	4068	20501	2373	12989	460	
FL	-90600	-90600	44	7	0	2	3	27	1	18	1	5151958	20421	4617	111	1773	4068	20501	2373	12989	460	
FL	-90800	-90800	50	9	0	2	4	34	2	17	2	5143263	20421	4617	111	1773	4068	20501	2373	12989	460	
FL	-91000	-91000	55	13	0	1	5	43	4	17	2	5134870	20421	4617	111	1773	4068	20501	2373	12989	460	
FL	-91200	-91200	57	10	0	0	5	46	3	20	2	5127665	20421	4617	111	1773	4068	20501	2373	12989	460	
FL	-91400	-91400	53	7	0	0	5	49	3	21	1	5121161	20421	4617	111	1773	4068	20501	2373	12989	460	
FL	-91600	-91600	58	5	0	0	3	53	5	18	1	5115164	20421	4617	111	1773	4068	20501	2373	12989	460	
FL	-91800	-91800	50	5	0	0	3	51	4	16	0	5108624	20421	4617	111	1773	4068	20501	2373	12989	460	
FL	-92000	-92000	47	6	0	0	2	51	2	15	0	5101881	20421	4617	111	1773	4068	20501	2373	12989	460	
FL	-92200	-92200	52	6	0	0	4	44	3	12	0	5095821	20421	4617	111	1773	4068	20501	2373	12989	460	
FL	-92400	-92400	52	9	0	0	4	46	4	15	0	5089937	20421	4617	111	1773	4068	20501	2373	12989	460	
FL	-92600	-92600	51	8	0	0	2	34	5	16	0	5084297	20421	4617	111	1773	4068	20501	2373	12989	460	
FL	-92800	-92800	46	7	0	0	5	41	4	13	1	5077612	20421	4617	111	1773	4068	20501	2373	12989	460	
FL	-93000	-93000	40	8	0	0	5	44	4	16	1	5071363	20421	4617	111	1773	4068	20501	2373	12989	460	
FL	-93200	-93200	50	8	0	0	5	41	7	19	1	5063754	20421	4617	111	1773	4068	20501	2373	12989	460	
FL	-93400	-93400	40	8	0	0	5	41	3	15	1	5054835	20421	4617	111	1773	4068	20501	2373	12989	460	
FL	-93600	-93600	37	4	0	1	5	40	5	18	1	5044907	20421	4617	111	1773	4068	20501	2373	12989	460	
FL	-93800	-93800	36	6	0	2	6	40	6	23	1	5035206	20421	4617	111	1773	4068	20501	2373	12989	460	
FL	-94000	-94000	37	9	0	2	7	42	7	23	1	5026146	20421	4617	111	1773	4068	20501	2373	12989	460	
FL	-94200	-94200	37	7	0	3	10	45	4	20	1	5016773	20421	4617	111	1773	4068	20501	2373	12989	460	
FL	-94400	-94400	37	6	0	2	7	39	6	24	0	5008032	20421	4617	111	1773	4068	20501	2373	12989	460	
FL	-94600	-94600	38	7	0	2	9	39	4	19	0	4999751	20421	4617	111	1773	4068	20501	2373	12989	460	
FL	-94800	-94800	32	7	0	3	8	44	5	15	0	4991743	20421	4617	111	1773	4068	20501	2373	12989	460	
FL	-95000	-95000	27	6	0	2	7	48	5	11	0	4983347	20421	4617	111	1773	4068	20501	2373	12989	460	
FL	-95200	-95200	28	5	0	1	8	53	5	11	0	4974040	20421	4617	111	1773	4068	20501	2373	12989	460	
FL	-95400	-95400	34	5	0	1	9	49	4	13	0	4963989	20421	4617	111	1773	4068	20501	2373	12989	460	
FL	-95600	-95600	33	5	0	1	6	46	4	19	0	4954435	20421	4617	111	1773	4068	20501	2373	12989	460	
FL	-95800	-95800	31	5	0	4	7	45	3	19	1	4945565	20421	4617	111	1773	4068	20501	2373	12989	460	
FL	-96000	-96000	31	6	0	4	7	36	3	23	1	4937583	20421	4617	111	1773	4068	20501	2373	12989	460	
FL	-96200	-96200	37	6	0	3	3	41	4	25	1	4928996	20421	4617	111	1773	4068	20501	2373	12989	460	
FL	-96400	-96400	40	6	0	4	5	46	3	23	1	4921515	20421	4617	111	1773	4068	20501	2373	12989	460	
FL	-96600	-96600	45	8	1	4	6	44	1	16	0	4914410	20421	4617	111	1773	4068	20501	2373	12989	460	
FL	-96800	-96800	39	9	1	4	5	41	1	17	0	4908035	20421	4617	111	1773	4068	20501	2373	12989	460	
FL	-97000	-97000	34	9	1	4	5	45	2	13	0	4901510	20421	4617	111	1773	4068	20501	2373	12989	460	
FL	-97200	-97200	31	9	0	3	4	43	2	17	0	4894689	20421	4617	111	1773	4068	20501	2373	12989	460	
FL	-97400	-97400	31	7	0	6	4	44	2	20	0	4888532	20421	4617	111	1773	4068	20501	2373	12989	460	
FL	-97600	-97600	32	5	1	4	3	42	2	14	0	4882588	20421	4617	111	1773	4068	20501	2373	12989	460	
FL	-97800	-97800	32	6	1	6	3	38	2	16	0	4875565	20421	4617	111	1773	4068	20501	2373	12989	460	
FL	-98000	-98000	31	6	1	6	4	48	1	17	0	4868197	20421	4617	111	1773	4068	20501	2373	12989	460	
FL	-98200	-98200	35	7	1	6	5	53	2	20	0	4861264	20421	4617	111	1773	4068	20501	2373	12989	460	
FL	-98400	-98400	35	6	1	6	6	52	3	18	1	4853594	20421	4617	111	1773	4068	20501	2373	12989	460	
FL	-98600	-98600	38	7	1	6	6	47	3	15	2	4846244	20421	4617	111	1773	4068	20501	2373	12989	460	
FL	-98800	-98800	38	6	1	8	6	44	2	17	2	4837877	20421	4617	111	1773	4068	20501	2373	12989	460	
FL	-99000	-99000	28	8	1	7	5	42	2	15	1	4829849	20421	4617	111	1773	4068	20501	2373	12989	460	
FL	-99200	-99200	26	8	1	7	4	47	2	14	1	4822497	20421	4617	111	1773	4068	20501	2373	12989	460	
FL	-99400	-99400	30	8	0	5	4	47	1	14	0	4814909	20421	4617	111	1773	4068	20501	2373	12989	460	
FL	-99600	-99600	35	9	0	6	4	49	1	17	1	4807630	20421	4617	111	1773	4068	20501	2373	12989	460	
FL	-99800	-99800	34	6	0	6	3	45	1	15	1	4800504	20421	4617	111	1773	4068	20501	2373	12989	460	
FL	-100000	-100000	32	6	0	5	3	47	1	14	1	4793696	20421	4617	111	1773	4068	20501	2373	12989	460	
