FL	0	0	36	30	2	27	20	42	20	80	1	20710000	6075	4775	148	1925	4244	4632	2536	13292	512	
FL	-200	-200	38	32	2	30	20	42	19	82	1	20710000	6075	4775	148	1925	4244	4632	2536	13292	512	
FL	-400	-400	41	32	2	33	22	42	17	84	2	20710000	6075	4775	148	1925	4244	4632	2536	13292	512	
FL	-600	-600	40	32	2	40	23	40	19	91	2	20710000	6075	4775	148	1925	4244	4632	2536	13292	512	
FL	-800	-800	41	34	2	43	21	39	19	92	2	20710000	6075	4775	148	1925	4244	4632	2536	13292	512	
FL	-1000	-1000	41	34	2	45	22	37	18	94	2	20710000	6075	4775	148	1925	4244	4632	2536	13292	512	
FL	-1200	-1200	40	34	2	46	23	36	18	100	2	20710000	6075	4775	148	1925	4244	4632	2536	13292	512	
FL	-1400	-1400	43	34	2	52	25	38	18	95	2	20710000	6075	4775	148	1925	4244	4632	2536	13292	512	
FL	-1600	-1600	43	34	4	51	25	37	18	100	2	20710000	6075	4775	148	1925	4244	4632	2536	13292	512	
FL	-1800	-1800	44	35	4	51	28	35	17	100	3	20710000	6075	4775	148	1925	4244	4632	2536	13292	512	
FL	-2000	-2000	49	33	4	53	32	31	19	103	3	20710000	6075	4775	148	1925	4244	4632	2536	13292	512	
FL	-2200	-2200	50	37	4	60	30	28	17	109	3	20710000	6075	4775	148	1925	4244	4632	2536	13292	512	
FL	-2400	-2400	50	37	4	64	31	28	17	110	3	20710000	6075	4775	148	1925	4244	4632	2536	13292	512	
FL	-2600	-2600	51	37	4	63	29	30	16	109	3	20710000	6075	4775	148	1925	4244	4632	2536	13292	512	
FL	-2800	-2800	50	36	4	62	29	32	17	115	3	20710000	6075	4775	148	1925	4244	4632	2536	13292	512	
FL	-3000	-3000	51	36	4	62	29	31	17	111	3	20710000	6075	4775	148	1925	4244	4632	2536	13292	512	
FL	-3200	-3200	52	35	4	64	29	30	17	112	3	20710000	6075	4775	148	1925	4244	4632	2536	13292	512	
FL	-3400	-3400	50	33	4	64	29	29	15	113	3	20710000	6075	4775	148	1925	4244	4632	2536	13292	512	
FL	-3600	-3600	50	37	4	62	28	26	15	114	3	20710000	6075	4775	148	1925	4244	4632	2536	13292	512	
FL	-3800	-3800	51	36	3	59	27	24	15	119	3	20710000	6075	4775	148	1925	4244	4632	2536	13292	512	
FL	-4000	-4000	49	36	3	51	25	23	14	111	3	20710000	6075	4775	148	1925	4244	4632	2536	13292	512	
FL	-4200	-4200	51	35	3	49	25	27	12	104	3	20710000	6075	4775	148	1925	4244	4632	2536	13292	512	
FL	-4400	-4400	54	34	3	48	24	27	13	104	3	20710000	6075	4775	148	1925	4244	4632	2536	13292	512	
FL	-4600	-4600	58	35	2	47	23	28	13	106	3	20710000	6075	4775	148	1925	4244	4632	2536	13292	512	
FL	-4800	-4800	57	34	2	47	23	28	12	107	3	20710000	6075	4775	148	1925	4244	4632	2536	13292	512	
FL	-5000	-5000	54	31	2	46	24	26	11	106	2	20710000	6075	4775	148	1925	4244	4632	2536	13292	512	
FL	-5200	-5200	52	32	2	46	24	24	12	108	2	20710000	6075	4775	148	1925	4244	4632	2536	13292	512	
FL	-5400	-5400	50	36	2	45	24	24	12	105	1	20710000	6075	4775	148	1925	4244	4632	2536	13292	512	
FL	-5600	-5600	50	38	2	38	24	24	10	103	1	20710000	6075	4775	148	1925	4244	4632	2536	13292	512	
FL	-5800	-5800	51	39	2	36	24	24	11	108	1	20710000	6075	4775	148	1925	4244	4632	2536	13292	512	
FL	-6000	-6000	51	36	2	39	23	23	11	106	2	20710000	6075	4775	148	1925	4244	4632	2536	13292	512	
FL	-6200	-6200	53	37	2	38	22	22	11	105	2	20710000	6075	4775	148	1925	4244	4632	2536	13292	512	
FL	-6400	-6400	51	36	2	32	21	20	9	108	2	20710000	6075	4775	148	1925	4244	4632	2536	13292	512	
FL	-6600	-6600	50	36	0	34	21	19	8	101	2	20710000	6075	4775	148	1925	4244	4632	2536	13292	512	
FL	-6800	-6800	51	36	0	35	19	21	8	102	1	20710000	6075	4775	148	1925	4244	4632	2536	13292	512	
FL	-7000	-7000	46	39	0	32	16	22	6	102	1	20710000	6075	4775	148	1925	4244	4632	2536	13292	512	
FL	-7200	-7200	43	36	0	25	15	24	6	94	1	20710000	6075	4775	148	1925	4244	4632	2536	13292	512	
FL	-7400	-7400	42	37	0	21	14	27	6	92	1	20710000	6075	4775	148	1925	4244	4632	2536	13292	512	
FL	-7600	-7600	42	37	0	21	14	24	6	92	1	20710000	6075	4775	148	1925	4244	4632	2536	13292	512	
FL	-7800	-7800	44	39	1	22	17	22	6	85	1	20710000	6075	4775	148	1925	4244	4632	2536	13292	512	
FL	-8000	-8000	42	39	1	23	17	23	7	88	1	20710000	6075	4775	148	1925	4244	4632	2536	13292	512	
FL	-8200	-8200	41	40	1	20	17	23	7	88	3	20710000	6075	4775	148	1925	4244	4632	2536	13292	512	
FL	-8400	-8400	42	42	1	20	18	26	7	89	3	20710000	6075	4775	148	1925	4244	4632	2536	13292	512	
FL	-8600	-8600	41	39	1	21	18	28	9	87	3	20710000	6075	4775	148	1925	4244	4632	2536	13292	512	
FL	-8800	-8800	43	39	1	22	18	29	8	87	3	20710000	6075	4775	148	1925	4244	4632	2536	13292	512	
FL	-9000	-9000	44	39	1	23	18	31	8	86	3	20710000	6075	4775	148	1925	4244	4632	2536	13292	512	
FL	-9200	-9200	40	38	1	23	17	27	8	89	3	20710000	6075	4775	148	1925	4244	4632	2536	13292	512	
FL	-9400	-9400	36	40	1	22	19	29	8	91	3	20710000	6075	4775	148	1925	4244	4632	2536	13292	512	
FL	-9600	-9600	38	39	1	22	21	28	11	90	3	20710000	6075	4775	148	1925	4244	4632	2536	13292	512	
FL	-9800	-9800	38	40	1	24	21	28	11	87	3	20710000	6075	4775	148	1925	4244	4632	2536	13292	512	
FL	-10000	-10000	39	40	1	23	20	31	11	88	3	20710000	6075	4775	148	1925	4244	4632	2536	13292	512	
FL	-10200	-10200	40	37	1	20	20	31	11	86	3	20710000	6075	4775	148	1925	4244	4632	2536	13292	512	
FL	-10400	-10400	38	35	1	18	19	32	11	87	4	20710000	6075	4775	148	1925	4244	4632	2536	13292	512	
FL	-10600	-10600	38	35	1	18	17	31	11	81	4	20710000	6075	4775	148	1925	4244	4632	2536	13292	512	
FL	-10800	-10800	37	34	1	17	17	31	10	76	4	20710000	6075	4775	148	1925	4244	4632	2536	13292	512	
FL	-11000	-11000	36	35	1	12	17	32	13	79	3	20710000	6075	4775	148	1925	4244	4632	2536	13292	512	
FL	-11200	-11200	37	33	1	13	18	34	13	80	3	20710000	6075	4775	148	1925	4244	4632	2536	13292	512	
FL	-11400	-11400	37	32	1	13	17	37	12	79	3	20710000	6075	4775	148	1925	4244	4632	2536	13292	512	
FL	-11600	-11600	36	32	1	13	19	39	12	78	3	20710000	6075	4775	148	1925	4244	4632	2536	13292	512	
FL	-11800	-11800	35	33	1	14	19	39	12	80	3	20710000	6075	4775	148	1925	4244	4632	2536	13292	512	
FL	-12000	-12000	34	33	1	15	19	37	12	75	3	20710000	6075	4775	148	1925	4244	4632	2536	13292	512	
FL	-12200	-12200	37	33	1	15	19	36	12	72	3	20710000	6075	4775	148	1925	4244	4632	2536	13292	512	
FL	-12400	-12400	38	31	2	15	19	33	13	73	3	20710000	6075	4775	148	1925	4244	4632	2536	13292	512	
FL	-12600	-12600	36	31	2	15	19	36	14	70	3	20710000	6075	4775	148	1925	4244	4632	2536	13292	512	
FL	-12800	-12800	36	30	1	15	17	36	16	71	3	20710000	6075	4775	148	1925	4244	4632	2536	13292	512	
FL	-13000	-13000	40	32	1	15	17	34	15	70	3	20710000	6075	4775	148	1925	4244	4632	2536	13292	512	
FL	-13200	-13200	41	29	1	15	17	34	16	68	1	20710000	6075	4775	148	1925	4244	4632	2536	13292	512	
FL	-13400	-13400	40	29	1	16	17	31	17	70	1	20710000	6075	4775	148	1925	4244	4632	2536	13292	512	
FL	-13600	-13600	42	29	1	21	15	30	16	76	1	20710000	6075	4775	148	1925	4244	4632	2536	13292	512	
FL	-13800	-13800	40	28	1	20	15	31	16	73	1	20710000	6075	4775	148	1925	4244	4632	2536	13292	512	
FL	-14000	-14000	39	29	1	20	15	30	16	74	1	20710000	6075	4775	148	1925	4244	4632	2536	13292	512	
FL	-14200	-14200	39	32	1	20	15	31	18	78	1	20710000	6075	4775	148	1925	4244	4632	2536	13292	512	
FL	-14400	-14400	40	33	1	21	13	29	18	74	1	20710000	6075	4775	148	1925	4244	4632	2536	13292	512	
FL	-14600	-14600	34	34	1	21	12	31	15	78	1	20710000	6075	4775	148	1925	4244	4632	2536	13292	512	
FL	-14800	-14800	35	38	1	19	11	30	15	80	1	20710000	6075	4775	148	1925	4244	4632	2536	13292	512	
FL	-15000	-15000	37	38	1	20	11	29	16	79	1	20710000	6075	4775	148	1925	4244	4632	2536	13292	512	
FL	-15200	-15200	34	38	1	20	12	29	16	80	1	20710000	6075	4775	148	1925	4244	4632	2536	13292	512	
FL	-15400	-15400	36	40	1	19	12	26	18	81	0	20710000	6075	4775	148	1925	4244	4632	2536	13292	512	
FL	-15600	-15600	39	39	1	19	12	25	18	84	0	20710000	6075	4775	148	1925	4244	4632	2536	13292	512	
FL	-15800	-15800	41	37	2	19	13	25	18	84	0	20710000	6075	4775	148	1925	4244	4632	2536	13292	512	
FL	-16000	-16000	40	36	2	20	14	25	15	82	0	20710000	6075	4775	148	1925	4244	4632	2536	13292	512	
FL	-16200	-16200	38	37	2	20	14	24	15	76	0	20710000	6075	4775	148	1925	4244	4632	2536	13292	512	
FL	-16400	-16400	38	40	2	20	15	22	17	74	0	20710000	6075	4775	148	1925	4244	4632	2536	13292	512	
FL	-16600	-16600	41	41	2	18	13	22	17	74	0	20710000	6075	4775	148	1925	4244	4632	2536	13292	512	
FL	-16800	-16800	43	43	2	15	12	23	17	72	0	20710000	6075	4775	148	1925	4244	4632	2536	13292	512	
FL	-17000	-17000	45	43	2	14	11	25	18	72	0	20710000	6075	4775	148	1925	4244	4632	2536	13292	512	
FL	-17200	-17200	44	43	2	14	13	24	20	77	0	20710000	6075	4775	148	1925	4244	4632	2536	13292	512	
FL	-17400	-17400	45	45	1	14	15	25	19	76	0	20710000	6075	4775	148	1925	4244	4632	2536	13292	512	
FL	-17600	-17600	45	45	1	15	15	23	18	80	0	20710000	6075	4775	148	1925	4244	4632	2536	13292	512	
FL	-17800	-17800	44	46	1	14	14	24	16	82	0	20710000	6075	4775	148	1925	4244	4632	2536	13292	512	
FL	-18000	-18000	40	43	1	13	14	25	16	81	0	20710000	6075	4775	148	1925	4244	4632	2536	13292	512	
FL	-18200	-18200	38	44	1	13	13	28	15	82	0	20710000	6075	4775	148	1925	4244	4632	2536	13292	512	
FL	-18400	-18400	40	42	1	14	12	29	14	82	0	20710000	6075	4775	148	1925	4244	4632	2536	13292	512	
FL	-18600	-18600	39	42	1	8	12	28	14	77	0	20710000	6075	4775	148	1925	4244	4632	2536	13292	512	
FL	-18800	-18800	42	44	1	8	11	27	14	77	0	20710000	6075	4775	148	1925	4244	4632	2536	13292	512	
FL	-19000	-19000	46	44	1	7	12	27	15	77	0	20710000	6075	4775	148	1925	4244	4632	2536	13292	512	
FL	-19200	-19200	46	42	1	8	12	29	14	71	0	20710000	6075	4775	148	1925	4244	4632	2536	13292	512	
FL	-19400	-19400	49	42	1	7	14	31	14	72	0	20710000	6075	4775	148	1925	4244	4632	2536	13292	512	
FL	-19600	-19600	52	40	1	7	13	30	14	72	0	20710000	6075	4775	148	1925	4244	4632	2536	13292	512	
FL	-19800	-19800	53	36	1	7	13	33	15	74	0	20710000	6075	4775	148	1925	4244	4632	2536	13292	512	
FL	-20000	-20000	53	35	1	6	15	33	17	72	0	20710000	6075	4775	148	1925	4244	4632	2536	13292	512	
FL	-20200	-20200	54	36	1	6	14	37	19	69	0	20710000	6075	4775	148	1925	4244	4632	2536	13292	512	
FL	-20400	-20400	54	33	1	6	16	40	18	67	0	20710000	6075	4775	148	1925	4244	4632	2536	13292	512	
FL	-20600	-20600	51	33	1	6	16	40	18	65	0	20710000	6075	4775	148	1925	4244	4632	2536	13292	512	
FL	-20800	-20800	50	35	0	6	17	43	19	65	0	20710000	6075	4775	148	1925	4244	4632	2536	13292	512	
FL	-21000	-21000	52	37	0	5	16	44	19	65	0	20710000	6075	4775	148	1925	4244	4632	2536	13292	512	
FL	-21200	-21200	51	39	0	4	16	43	21	69	0	20710000	6075	4775	148	1925	4244	4632	2536	13292	512	
FL	-21400	-21400	51	36	0	4	17	44	20	70	0	20710000	6075	4775	148	1925	4244	4632	2536	13292	512	
FL	-21600	-21600	49	35	0	4	17	44	20	72	0	20710000	6075	4775	148	1925	4244	4632	2536	13292	512	
FL	-21800	-21800	47	32	0	5	18	44	21	73	0	20710000	6075	4775	148	1925	4244	4632	2536	13292	512	
FL	-22000	-22000	51	31	0	6	20	46	21	72	0	20710000	6075	4775	148	1925	4244	4632	2536	13292	512	
FL	-22200	-22200	51	32	0	6	18	48	19	71	0	20710000	6075	4775	148	1925	4244	4632	2536	13292	512	
FL	-22400	-22400	49	32	0	7	16	50	19	73	0	20710000	6075	4775	148	1925	4244	4632	2536	13292	512	
FL	-22600	-22600	52	35	0	7	18	49	21	72	0	20710000	6075	4775	148	1925	4244	4632	2536	13292	512	
FL	-22800	-22800	54	34	0	7	18	50	21	69	0	20710000	6075	4775	148	1925	4244	4632	2536	13292	512	
FL	-23000	-23000	56	35	0	8	18	50	21	71	0	20710000	6075	4775	148	1925	4244	4632	2536	13292	512	
FL	-23200	-23200	60	36	0	8	18	49	21	71	1	20710000	6075	4775	148	1925	4244	4632	2536	13292	512	
FL	-23400	-23400	61	37	0	6	19	48	24	67	1	20710000	6075	4775	148	1925	4244	4632	2536	13292	512	
FL	-23600	-23600	62	37	0	8	19	47	24	71	1	20710000	6075	4775	148	1925	4244	4632	2536	13292	512	
FL	-23800	-23800	59	36	0	8	19	46	26	74	1	20710000	6075	4775	148	1925	4244	4632	2536	13292	512	
FL	-24000	-24000	61	35	0	8	18	45	26	74	1	20710000	6075	4775	148	1925	4244	4632	2536	13292	512	
FL	-24200	-24200	62	36	0	8	18	42	25	74	1	20710000	6075	4775	148	1925	4244	4632	2536	13292	512	
FL	-24400	-24400	58	37	0	9	16	42	24	73	1	20710000	6075	4775	148	1925	4244	4632	2536	13292	512	
FL	-24600	-24600	58	37	0	11	20	41	26	72	1	20710000	6075	4775	148	1925	4244	4632	2536	13292	512	
FL	-24800	-24800	57	36	0	11	20	39	25	73	1	20710000	6075	4775	148	1925	4244	4632	2536	13292	512	
FL	-25000	-25000	54	36	0	11	20	37	23	74	1	20710000	6075	4775	148	1925	4244	4632	2536	13292	512	
FL	-25200	-25200	55	35	0	11	21	35	20	75	1	20710000	6075	4775	148	1925	4244	4632	2536	13292	512	
FL	-25400	-25400	52	36	0	11	20	35	19	74	1	20710000	6075	4775	148	1925	4244	4632	2536	13292	512	
FL	-25600	-25600	57	37	0	11	21	36	19	73	1	20710000	6075	4775	148	1925	4244	4632	2536	13292	512	
FL	-25800	-25800	59	35	0	11	19	34	18	72	1	20710000	6075	4775	148	1925	4244	4632	2536	13292	512	
FL	-26000	-26000	62	34	0	11	22	34	19	73	1	20710000	6075	4775	148	1925	4244	4632	2536	13292	512	
FL	-26200	-26200	62	31	0	13	23	35	18	72	1	20710000	6075	4775	148	1925	4244	4632	2536	13292	512	
FL	-26400	-26400	63	32	0	13	23	33	19	70	1	20710000	6075	4775	148	1925	4244	4632	2536	13292	512	
FL	-26600	-26600	64	32	0	13	23	31	19	72	1	20710000	6075	4775	148	1925	4244	4632	2536	13292	512	
FL	-26800	-26800	66	33	0	12	23	29	20	68	2	20710000	6075	4775	148	1925	4244	4632	2536	13292	512	
FL	-27000	-27000	64	33	0	11	21	25	19	68	2	20710000	6075	4775	148	1925	4244	4632	2536	13292	512	
FL	-27200	-27200	62	31	0	11	21	24	20	67	2	20710000	6075	4775	148	1925	4244	4632	2536	13292	512	
FL	-27400	-27400	65	29	0	10	21	24	21	67	3	20710000	6075	4775	148	1925	4244	4632	2536	13292	512	
FL	-27600	-27600	63	26	0	9	22	24	20	67	3	20710000	6075	4775	148	1925	4244	4632	2536	13292	512	
FL	-27800	-27800	60	29	0	9	25	24	20	73	3	20710000	6075	4775	148	1925	4244	4632	2536	13292	512	
FL	-28000	-28000	62	28	0	8	25	24	21	70	3	20710000	6075	4775	148	1925	4244	4632	2536	13292	512	
FL	-28200	-28200	60	27	0	8	26	22	21	69	2	20710000	6075	4775	148	1925	4244	4632	2536	13292	512	
FL	-28400	-28400	57	27	0	9	25	24	18	75	2	20710000	6075	4775	148	1925	4244	4632	2536	13292	512	
FL	-28600	-28600	59	29	0	8	25	24	17	69	2	20710000	6075	4775	148	1925	4244	4632	2536	13292	512	
FL	-28800	-28800	64	28	0	8	25	24	16	70	2	20710000	6075	4775	148	1925	4244	4632	2536	13292	512	
FL	-29000	-29000	63	30	0	9	26	27	15	71	2	20710000	6075	4775	148	1925	4244	4632	2536	13292	512	
FL	-29200	-29200	62	29	0	8	26	29	17	74	2	20710000	6075	4775	148	1925	4244	4632	2536	13292	512	
FL	-29400	-29400	64	28	0	7	27	29	17	73	2	20710000	6075	4775	148	1925	4244	4632	2536	13292	512	
FL	-29600	-29600	61	31	0	6	24	29	16	70	2	20710000	6075	4775	148	1925	4244	4632	2536	13292	512	
FL	-29800	-29800	59	35	0	7	24	29	17	71	2	20710000	6075	4775	148	1925	4244	4632	2536	13292	512	
FL	-30000	-30000	64	35	0	8	23	30	16	71	2	20710000	6075	4775	148	1925	4244	4632	2536	13292	512	
FL	-30200	-30200	64	34	0	8	23	29	17	71	3	20710000	6075	4775	148	1925	4244	4632	2536	13292	512	
FL	-30400	-30400	66	34	0	9	21	28	18	74	3	20710000	6075	4775	148	1925	4244	4632	2536	13292	512	
FL	-30600	-30600	65	33	1	9	20	28	20	75	3	20710000	6075	4775	148	1925	4244	4632	2536	13292	512	
FL	-30800	-30800	63	33	1	9	21	30	21	76	3	20710000	6075	4775	148	1925	4244	4632	2536	13292	512	
FL	-31000	-31000	60	33	1	9	19	30	20	76	3	20710000	6075	4775	148	1925	4244	4632	2536	13292	512	
FL	-31200	-31200	60	34	1	7	18	31	19	76	3	20710000	6075	4775	148	1925	4244	4632	2536	13292	512	
FL	-31400	-31400	60	33	1	7	17	32	18	83	3	20710000	6075	4775	148	1925	4244	4632	2536	13292	512	
FL	-31600	-31600	59	32	1	7	17	37	20	81	3	20710000	6075	4775	148	1925	4244	4632	2536	13292	512	
FL	-31800	-31800	59	31	1	7	16	37	18	83	4	20710000	6075	4775	148	1925	4244	4632	2536	13292	512	
FL	-32000	-32000	57	29	1	8	16	38	18	90	4	20710000	6075	4775	148	1925	4244	4632	2536	13292	512	
FL	-32200	-32200	59	31	1	9	16	43	17	90	4	20710000	6075	4775	148	1925	4244	4632	2536	13292	512	
FL	-32400	-32400	57	32	3	10	18	42	17	91	3	20710000	6075	4775	148	1925	4244	4632	2536	13292	512	
FL	-32600	-32600	56	34	3	10	15	45	16	91	3	20710000	6075	4775	148	1925	4244	4632	2536	13292	512	
FL	-32800	-32800	59	33	3	10	15	46	15	86	3	20710000	6075	4775	148	1925	4244	4632	2536	13292	512	
FL	-33000	-33000	57	34	3	10	15	47	14	86	3	20710000	6075	4775	148	1925	4244	4632	2536	13292	512	
FL	-33200	-33200	56	36	3	10	15	50	14	93	4	20710000	6075	4775	148	1925	4244	4632	2536	13292	512	
FL	-33400	-33400	58	37	3	10	15	49	14	91	4	20710000	6075	4775	148	1925	4244	4632	2536	13292	512	
FL	-33600	-33600	54	35	3	9	15	49	14	98	4	20710000	6075	4775	148	1925	4244	4632	2536	13292	512	
FL	-33800	-33800	51	38	3	11	15	51	15	96	4	20710000	6075	4775	148	1925	4244	4632	2536	13292	512	
FL	-34000	-34000	51	37	3	10	14	49	17	97	4	20710000	6075	4775	148	1925	4244	4632	2536	13292	512	
FL	-34200	-34200	53	39	3	11	15	49	16	101	4	20710000	6075	4775	148	1925	4244	4632	2536	13292	512	
FL	-34400	-34400	58	37	3	11	14	47	16	103	4	20710000	6075	4775	148	1925	4244	4632	2536	13292	512	
FL	-34600	-34600	59	35	3	10	13	48	16	103	4	20710000	6075	4775	148	1925	4244	4632	2536	13292	512	
FL	-34800	-34800	59	32	3	9	13	48	17	99	4	20710000	6075	4775	148	1925	4244	4632	2536	13292	512	
FL	-35000	-35000	54	34	3	8	12	51	18	98	4	20710000	6075	4775	148	1925	4244	4632	2536	13292	512	
FL	-35200	-35200	53	34	3	8	15	51	17	99	3	20710000	6075	4775	148	1925	4244	4632	2536	13292	512	
FL	-35400	-35400	54	34	3	8	15	51	17	98	5	20710000	6075	4775	148	1925	4244	4632	2536	13292	512	
FL	-35600	-35600	50	35	2	10	15	51	17	103	5	20710000	6075	4775	148	1925	4244	4632	2536	13292	512	
FL	-35800	-35800	50	35	2	10	16	49	18	109	5	20710000	6075	4775	148	1925	4244	4632	2536	13292	512	
FL	-36000	-36000	49	35	2	12	15	48	22	109	5	20710000	6075	4775	148	1925	4244	4632	2536	13292	512	
FL	-36200	-36200	49	35	3	13	14	49	24	114	5	20710000	6075	4775	148	1925	4244	4632	2536	13292	512	
FL	-36400	-36400	49	36	3	13	13	49	23	108	5	20710000	6075	4775	148	1925	4244	4632	2536	13292	512	
FL	-36600	-36600	48	38	3	13	13	45	25	109	5	20710000	6075	4775	148	1925	4244	4632	2536	13292	512	
FL	-36800	-36800	47	40	3	15	13	47	26	111	3	20710000	6075	4775	148	1925	4244	4632	2536	13292	512	
FL	-37000	-37000	46	43	3	16	14	48	27	107	3	20710000	6075	4775	148	1925	4244	4632	2536	13292	512	
FL	-37200	-37200	43	43	3	15	14	44	28	110	3	20710000	6075	4775	148	1925	4244	4632	2536	13292	512	
FL	-37400	-37400	44	42	1	15	12	42	28	110	3	20710000	6075	4775	148	1925	4244	4632	2536	13292	512	
FL	-37600	-37600	47	39	1	15	12	41	28	109	4	20710000	6075	4775	148	1925	4244	4632	2536	13292	512	
FL	-37800	-37800	48	37	1	15	10	39	29	112	5	20710000	6075	4775	148	1925	4244	4632	2536	13292	512	
FL	-38000	-38000	47	37	1	15	11	38	29	113	6	20710000	6075	4775	148	1925	4244	4632	2536	13292	512	
FL	-38200	-38200	47	35	1	15	11	35	29	108	5	20710000	6075	4775	148	1925	4244	4632	2536	13292	512	
FL	-38400	-38400	48	33	1	14	12	35	30	106	5	20710000	6075	4775	148	1925	4244	4632	2536	13292	512	
FL	-38600	-38600	49	36	1	14	12	35	31	99	5	20710000	6075	4775	148	1925	4244	4632	2536	13292	512	
FL	-38800	-38800	48	34	1	12	12	34	30	97	5	20710000	6075	4775	148	1925	4244	4632	2536	13292	512	
FL	-39000	-39000	44	34	1	12	13	35	28	95	5	20710000	6075	4775	148	1925	4244	4632	2536	13292	512	
FL	-39200	-39200	42	31	1	11	14	35	28	90	5	20710000	6075	4775	148	1925	4244	4632	2536	13292	512	
FL	-39400	-39400	35	35	1	11	16	37	28	92	5	20710000	6075	4775	148	1925	4244	4632	2536	13292	512	
FL	-39600	-39600	34	36	1	11	16	37	27	90	5	20710000	6075	4775	148	1925	4244	4632	2536	13292	512	
FL	-39800	-39800	34	37	1	11	17	38	25	90	6	20710000	6075	4775	148	1925	4244	4632	2536	13292	512	
FL	-40000	-40000	35	38	1	12	18	35	27	94	7	20710000	6075	4775	148	1925	4244	4632	2536	13292	512	
FL	-40200	-40200	35	38	1	12	15	37	27	92	7	20710000	6075	4775	148	1925	4244	4632	2536	13292	512	
FL	-40400	-40400	34	37	1	14	15	37	28	92	5	20710000	6075	4775	148	1925	4244	4632	2536	13292	512	
FL	-40600	-40600	34	38	1	12	16	36	26	87	6	20710000	6075	4775	148	1925	4244	4632	2536	13292	512	
FL	-40800	-40800	34	40	1	13	15	35	30	82	6	20710000	6075	4775	148	1925	4244	4632	2536	13292	512	
FL	-41000	-41000	36	39	1	13	16	35	26	81	6	20710000	6075	4775	148	1925	4244	4632	2536	13292	512	
FL	-41200	-41200	39	38	0	15	16	33	24	75	6	20710000	6075	4775	148	1925	4244	4632	2536	13292	512	
FL	-41400	-41400	38	40	0	16	17	32	25	74	6	20710000	6075	4775	148	1925	4244	4632	2536	13292	512	
FL	-41600	-41600	42	41	0	16	18	33	21	74	6	20710000	6075	4775	148	1925	4244	4632	2536	13292	512	
FL	-41800	-41800	41	39	0	15	19	30	20	77	6	20710000	6075	4775	148	1925	4244	4632	2536	13292	512	
FL	-42000	-42000	43	37	0	13	18	30	19	76	6	20710000	6075	4775	148	1925	4244	4632	2536	13292	512	
FL	-42200	-42200	44	37	0	13	19	30	18	72	6	20710000	6075	4775	148	1925	4244	4632	2536	13292	512	
FL	-42400	-42400	42	39	0	12	21	32	19	70	7	20710000	6075	4775	148	1925	4244	4632	2536	13292	512	
FL	-42600	-42600	41	40	0	12	21	31	19	71	6	20710000	6075	4775	148	1925	4244	4632	2536	13292	512	
FL	-42800	-42800	38	43	0	12	23	34	18	72	5	20710000	6075	4775	148	1925	4244	4632	2536	13292	512	
FL	-43000	-43000	38	42	0	12	22	37	18	74	4	20710000	6075	4775	148	1925	4244	4632	2536	13292	512	
FL	-43200	-43200	41	42	0	12	22	37	19	73	4	20710000	6075	4775	148	1925	4244	4632	2536	13292	512	
FL	-43400	-43400	40	42	0	13	23	38	19	70	4	20710000	6075	4775	148	1925	4244	4632	2536	13292	512	
FL	-43600	-43600	41	40	0	13	23	39	25	75	5	20710000	6075	4775	148	1925	4244	4632	2536	13292	512	
FL	-43800	-43800	43	39	0	13	23	39	26	76	5	20710000	6075	4775	148	1925	4244	4632	2536	13292	512	
FL	-44000	-44000	42	38	0	15	22	41	26	79	5	20710000	6075	4775	148	1925	4244	4632	2536	13292	512	
FL	-44200	-44200	43	40	0	15	21	40	25	81	5	20710000	6075	4775	148	1925	4244	4632	2536	13292	512	
FL	-44400	-44400	46	36	0	16	19	39	25	81	5	20710000	6075	4775	148	1925	4244	4632	2536	13292	512	
FL	-44600	-44600	49	34	0	17	19	38	26	81	5	20710000	6075	4775	148	1925	4244	4632	2536	13292	512	
FL	-44800	-44800	54	32	0	17	19	37	28	79	4	20710000	6075	4775	148	1925	4244	4632	2536	13292	512	
FL	-45000	-45000	53	29	0	16	19	36	25	75	3	20710000	6075	4775	148	1925	4244	4632	2536	13292	512	
FL	-45200	-45200	53	29	0	18	21	35	25	79	3	20710000	6075	4775	148	1925	4244	4632	2536	13292	512	
FL	-45400	-45400	51	29	0	15	22	34	27	79	3	20710000	6075	4775	148	1925	4244	4632	2536	13292	512	
FL	-45600	-45600	55	28	0	15	21	37	27	79	2	20710000	6075	4775	148	1925	4244	4632	2536	13292	512	
FL	-45800	-45800	55	30	0	16	20	37	23	77	3	20710000	6075	4775	148	1925	4244	4632	2536	13292	512	
FL	-46000	-46000	52	31	0	14	21	36	23	74	3	20710000	6075	4775	148	1925	4244	4632	2536	13292	512	
FL	-46200	-46200	52	34	0	11	22	37	23	76	3	20710000	6075	4775	148	1925	4244	4632	2536	13292	512	
FL	-46400	-46400	53	32	0	11	22	38	23	80	3	20710000	6075	4775	148	1925	4244	4632	2536	13292	512	
FL	-46600	-46600	49	30	0	11	22	37	23	79	3	20710000	6075	4775	148	1925	4244	4632	2536	13292	512	
FL	-46800	-46800	49	32	0	10	23	39	23	75	3	20710000	6075	4775	148	1925	4244	4632	2536	13292	512	
FL	-47000	-47000	49	33	0	10	24	38	23	75	4	20710000	6075	4775	148	1925	4244	4632	2536	13292	512	
FL	-47200	-47200	49	34	0	10	23	37	25	74	4	20710000	6075	4775	148	1925	4244	4632	2536	13292	512	
FL	-47400	-47400	49	33	0	11	22	35	23	74	3	20710000	6075	4775	148	1925	4244	4632	2536	13292	512	
FL	-47600	-47600	47	32	0	11	22	38	23	75	3	20710000	6075	4775	148	1925	4244	4632	2536	13292	512	
FL	-47800	-47800	46	29	0	11	21	34	23	73	3	20710000	6075	4775	148	1925	4244	4632	2536	13292	512	
FL	-48000	-48000	47	30	0	12	21	30	24	72	3	20710000	6075	4775	148	1925	4244	4632	2536	13292	512	
FL	-48200	-48200	46	32	0	12	21	30	23	72	3	20710000	6075	4775	148	1925	4244	4632	2536	13292	512	
FL	-48400	-48400	49	32	0	12	20	30	22	76	3	20710000	6075	4775	148	1925	4244	4632	2536	13292	512	
FL	-48600	-48600	48	30	1	12	20	30	15	73	3	20710000	6075	4775	148	1925	4244	4632	2536	13292	512	
FL	-48800	-48800	45	31	1	12	21	30	13	77	4	20710000	6075	4775	148	1925	4244	4632	2536	13292	512	
FL	-49000	-49000	47	33	1	10	23	29	15	74	4	20710000	6075	4775	148	1925	4244	4632	2536	13292	512	
FL	-49200	-49200	48	34	1	10	25	28	16	76	4	20710000	6075	4775	148	1925	4244	4632	2536	13292	512	
FL	-49400	-49400	50	34	1	9	27	29	17	73	5	20710000	6075	4775	148	1925	4244	4632	2536	13292	512	
FL	-49600	-49600	50	34	1	10	28	30	17	77	5	20710000	6075	4775	148	1925	4244	4632	2536	13292	512	
FL	-49800	-49800	45	37	1	11	28	29	16	77	5	20710000	6075	4775	148	1925	4244	4632	2536	13292	512	
FL	-50000	-50000	50	38	1	11	27	29	18	79	5	20710000	6075	4775	148	1925	4244	4632	2536	13292	512	
FL	-50200	-50200	49	40	1	10	24	29	18	78	5	20710000	6075	4775	148	1925	4244	4632	2536	13292	512	
FL	-50400	-50400	51	42	1	10	23	29	16	76	5	20710000	6075	4775	148	1925	4244	4632	2536	13292	512	
FL	-50600	-50600	50	42	1	10	23	27	16	75	5	20710000	6075	4775	148	1925	4244	4632	2536	13292	512	
FL	-50800	-50800	48	39	1	8	24	26	15	77	4	20710000	6075	4775	148	1925	4244	4632	2536	13292	512	
FL	-51000	-51000	51	38	1	9	22	27	17	81	4	20710000	6075	4775	148	1925	4244	4632	2536	13292	512	
FL	-51200	-51200	50	37	2	10	22	25	17	76	4	20710000	6075	4775	148	1925	4244	4632	2536	13292	512	
FL	-51400	-51400	49	40	2	9	22	24	17	73	4	20710000	6075	4775	148	1925	4244	4632	2536	13292	512	
FL	-51600	-51600	50	41	2	9	21	23	17	73	4	20710000	6075	4775	148	1925	4244	4632	2536	13292	512	
FL	-51800	-51800	50	40	2	9	20	23	18	73	5	20710000	6075	4775	148	1925	4244	4632	2536	13292	512	
FL	-52000	-52000	48	40	2	9	19	23	18	73	4	20710000	6075	4775	148	1925	4244	4632	2536	13292	512	
FL	-52200	-52200	47	38	2	9	19	23	17	76	4	20710000	6075	4775	148	1925	4244	4632	2536	13292	512	
FL	-52400	-52400	49	37	2	8	21	24	18	76	4	20710000	6075	4775	148	1925	4244	4632	2536	13292	512	
FL	-52600	-52600	50	37	2	8	22	20	19	74	4	20710000	6075	4775	148	1925	4244	4632	2536	13292	512	
FL	-52800	-52800	49	38	2	9	25	21	20	72	4	20710000	6075	4775	148	1925	4244	4632	2536	13292	512	
FL	-53000	-53000	50	38	2	10	25	23	20	70	4	20710000	6075	4775	148	1925	4244	4632	2536	13292	512	
FL	-53200	-53200	50	36	2	11	25	28	21	72	4	20710000	6075	4775	148	1925	4244	4632	2536	13292	512	
FL	-53400	-53400	45	40	2	10	25	27	21	70	5	20710000	6075	4775	148	1925	4244	4632	2536	13292	512	
FL	-53600	-53600	44	40	1	11	25	29	22	71	4	20710000	6075	4775	148	1925	4244	4632	2536	13292	512	
FL	-53800	-53800	47	39	1	12	24	30	22	67	3	20710000	6075	4775	148	1925	4244	4632	2536	13292	512	
FL	-54000	-54000	45	39	1	12	22	30	21	68	3	20710000	6075	4775	148	1925	4244	4632	2536	13292	512	
FL	-54200	-54200	45	36	1	12	19	33	22	65	3	20710000	6075	4775	148	1925	4244	4632	2536	13292	512	
FL	-54400	-54400	40	36	1	15	17	31	22	65	2	20710000	6075	4775	148	1925	4244	4632	2536	13292	512	
FL	-54600	-54600	36	38	1	14	16	32	22	62	2	20710000	6075	4775	148	1925	4244	4632	2536	13292	512	
FL	-54800	-54800	37	37	1	13	15	33	22	62	2	20710000	6075	4775	148	1925	4244	4632	2536	13292	512	
FL	-55000	-55000	34	37	1	13	15	34	21	62	2	20710000	6075	4775	148	1925	4244	4632	2536	13292	512	
FL	-55200	-55200	37	35	1	12	18	34	21	64	2	20710000	6075	4775	148	1925	4244	4632	2536	13292	512	
FL	-55400	-55400	35	32	1	12	20	33	20	68	2	20710000	6075	4775	148	1925	4244	4632	2536	13292	512	
FL	-55600	-55600	36	33	1	12	21	34	20	71	2	20710000	6075	4775	148	1925	4244	4632	2536	13292	512	
FL	-55800	-55800	38	34	1	12	20	37	21	70	2	20710000	6075	4775	148	1925	4244	4632	2536	13292	512	
FL	-56000	-56000	37	35	1	11	21	36	19	71	2	20710000	6075	4775	148	1925	4244	4632	2536	13292	512	
FL	-56200	-56200	36	35	0	11	21	38	21	74	2	20710000	6075	4775	148	1925	4244	4632	2536	13292	512	
FL	-56400	-56400	37	33	0	11	20	39	23	74	2	20710000	6075	4775	148	1925	4244	4632	2536	13292	512	
FL	-56600	-56600	36	31	0	11	20	42	26	76	2	20710000	6075	4775	148	1925	4244	4632	2536	13292	512	
FL	-56800	-56800	37	30	0	11	20	42	25	74	1	20710000	6075	4775	148	1925	4244	4632	2536	13292	512	
FL	-57000	-57000	37	28	1	11	20	42	26	76	1	20710000	6075	4775	148	1925	4244	4632	2536	13292	512	
FL	-57200	-57200	39	30	1	11	20	41	26	74	1	20710000	6075	4775	148	1925	4244	4632	2536	13292	512	
FL	-57400	-57400	39	32	1	11	17	41	25	74	1	20710000	6075	4775	148	1925	4244	4632	2536	13292	512	
FL	-57600	-57600	41	33	1	11	16	42	25	74	1	20710000	6075	4775	148	1925	4244	4632	2536	13292	512	
FL	-57800	-57800	42	32	1	11	12	42	25	76	1	20710000	6075	4775	148	1925	4244	4632	2536	13292	512	
FL	-58000	-58000	44	33	1	9	14	42	25	77	1	20710000	6075	4775	148	1925	4244	4632	2536	13292	512	
FL	-58200	-58200	43	32	1	8	14	40	24	77	1	20710000	6075	4775	148	1925	4244	4632	2536	13292	512	
FL	-58400	-58400	45	32	1	8	14	41	25	79	0	20710000	6075	4775	148	1925	4244	4632	2536	13292	512	
FL	-58600	-58600	45	33	1	7	15	39	24	78	0	20710000	6075	4775	148	1925	4244	4632	2536	13292	512	
FL	-58800	-58800	44	34	1	6	16	39	24	78	1	20710000	6075	4775	148	1925	4244	4632	2536	13292	512	
FL	-59000	-59000	44	33	1	8	17	38	23	81	1	20710000	6075	4775	148	1925	4244	4632	2536	13292	512	
FL	-59200	-59200	42	34	1	9	17	36	21	80	1	20710000	6075	4775	148	1925	4244	4632	2536	13292	512	
FL	-59400	-59400	44	34	1	6	17	38	21	82	1	20710000	6075	4775	148	1925	4244	4632	2536	13292	512	
FL	-59600	-59600	49	33	1	5	19	37	20	81	1	20710000	6075	4775	148	1925	4244	4632	2536	13292	512	
FL	-59800	-59800	48	32	1	6	19	37	19	84	1	20710000	6075	4775	148	1925	4244	4632	2536	13292	512	
FL	-60000	-60000	47	32	1	9	19	37	18	86	1	20710000	6075	4775	148	1925	4244	4632	2536	13292	512	
FL	-60200	-60200	46	32	1	11	19	35	18	81	1	20710000	6075	4775	148	1925	4244	4632	2536	13292	512	
FL	-60400	-60400	45	34	1	11	18	36	20	78	1	20710000	6075	4775	148	1925	4244	4632	2536	13292	512	
FL	-60600	-60600	43	31	1	14	17	35	20	76	1	20710000	6075	4775	148	1925	4244	4632	2536	13292	512	
FL	-60800	-60800	41	30	1	14	17	34	18	81	1	20710000	6075	4775	148	1925	4244	4632	2536	13292	512	
FL	-61000	-61000	45	31	1	14	17	37	18	83	1	20710000	6075	4775	148	1925	4244	4632	2536	13292	512	
FL	-61200	-61200	47	32	1	15	17	38	16	84	1	20710000	6075	4775	148	1925	4244	4632	2536	13292	512	
FL	-61400	-61400	45	32	1	15	19	37	15	85	2	20710000	6075	4775	148	1925	4244	4632	2536	13292	512	
FL	-61600	-61600	47	32	1	15	20	37	13	89	2	20710000	6075	4775	148	1925	4244	4632	2536	13292	512	
FL	-61800	-61800	47	33	1	16	20	37	14	94	3	20710000	6075	4775	148	1925	4244	4632	2536	13292	512	
FL	-62000	-62000	50	33	0	17	20	37	14	94	3	20710000	6075	4775	148	1925	4244	4632	2536	13292	512	
FL	-62200	-62200	53	30	0	17	20	39	14	94	3	20710000	6075	4775	148	1925	4244	4632	2536	13292	512	
FL	-62400	-62400	52	29	0	17	21	39	14	94	3	20710000	6075	4775	148	1925	4244	4632	2536	13292	512	
FL	-62600	-62600	52	28	0	17	21	39	13	96	3	20710000	6075	4775	148	1925	4244	4632	2536	13292	512	
FL	-62800	-62800	53	28	0	16	23	38	13	96	3	20710000	6075	4775	148	1925	4244	4632	2536	13292	512	
FL	-63000	-63000	50	28	0	16	22	38	12	97	3	20710000	6075	4775	148	1925	4244	4632	2536	13292	512	
FL	-63200	-63200	56	28	0	16	21	35	15	99	3	20710000	6075	4775	148	1925	4244	4632	2536	13292	512	
FL	-63400	-63400	54	27	0	17	21	33	14	101	5	20710000	6075	4775	148	1925	4244	4632	2536	13292	512	
FL	-63600	-63600	55	28	1	17	21	34	15	102	5	20710000	6075	4775	148	1925	4244	4632	2536	13292	512	
FL	-63800	-63800	56	29	1	17	20	35	16	104	4	20710000	6075	4775	148	1925	4244	4632	2536	13292	512	
FL	-64000	-64000	57	29	1	16	22	35	17	102	4	20710000	6075	4775	148	1925	4244	4632	2536	13292	512	
FL	-64200	-64200	58	28	2	15	22	35	18	100	4	20710000	6075	4775	148	1925	4244	4632	2536	13292	512	
FL	-64400	-64400	62	28	2	16	22	34	17	97	4	20710000	6075	4775	148	1925	4244	4632	2536	13292	512	
FL	-64600	-64600	59	28	2	16	20	35	17	98	4	20710000	6075	4775	148	1925	4244	4632	2536	13292	512	
FL	-64800	-64800	58	27	2	15	21	35	17	97	4	20710000	6075	4775	148	1925	4244	4632	2536	13292	512	
FL	-65000	-65000	58	26	2	12	21	34	17	94	4	20710000	6075	4775	148	1925	4244	4632	2536	13292	512	
FL	-65200	-65200	59	31	2	10	19	37	19	96	4	20710000	6075	4775	148	1925	4244	4632	2536	13292	512	
FL	-65400	-65400	60	32	2	10	18	38	18	98	4	20710000	6075	4775	148	1925	4244	4632	2536	13292	512	
FL	-65600	-65600	60	33	2	7	18	38	19	98	4	20710000	6075	4775	148	1925	4244	4632	2536	13292	512	
FL	-65800	-65800	63	33	2	8	19	38	19	94	4	20710000	6075	4775	148	1925	4244	4632	2536	13292	512	
FL	-66000	-66000	60	32	2	11	20	36	19	89	4	20710000	6075	4775	148	1925	4244	4632	2536	13292	512	
FL	-66200	-66200	57	30	2	11	20	35	19	89	4	20710000	6075	4775	148	1925	4244	4632	2536	13292	512	
FL	-66400	-66400	57	29	2	14	18	35	18	88	3	20710000	6075	4775	148	1925	4244	4632	2536	13292	512	
FL	-66600	-66600	57	33	2	15	18	34	17	82	3	20710000	6075	4775	148	1925	4244	4632	2536	13292	512	
FL	-66800	-66800	55	36	2	16	20	35	17	76	2	20710000	6075	4775	148	1925	4244	4632	2536	13292	512	
FL	-67000	-67000	52	39	2	15	21	34	18	74	2	20710000	6075	4775	148	1925	4244	4632	2536	13292	512	
FL	-67200	-67200	52	39	2	15	21	32	19	75	2	20710000	6075	4775	148	1925	4244	4632	2536	13292	512	
FL	-67400	-67400	54	39	2	15	20	34	19	74	3	20710000	6075	4775	148	1925	4244	4632	2536	13292	512	
FL	-67600	-67600	51	42	2	16	21	37	20	72	3	20710000	6075	4775	148	1925	4244	4632	2536	13292	512	
FL	-67800	-67800	53	42	2	18	20	42	19	72	3	20710000	6075	4775	148	1925	4244	4632	2536	13292	512	
FL	-68000	-68000	52	45	2	18	19	41	19	71	3	20710000	6075	4775	148	1925	4244	4632	2536	13292	512	
FL	-68200	-68200	45	46	2	18	20	41	16	70	3	20710000	6075	4775	148	1925	4244	4632	2536	13292	512	
FL	-68400	-68400	49	44	2	17	19	45	18	67	1	20710000	6075	4775	148	1925	4244	4632	2536	13292	512	
FL	-68600	-68600	53	47	1	17	20	43	18	67	2	20710000	6075	4775	148	1925	4244	4632	2536	13292	512	
FL	-68800	-68800	49	49	1	19	21	40	18	63	2	20710000	6075	4775	148	1925	4244	4632	2536	13292	512	
FL	-69000	-69000	50	49	1	18	19	39	18	64	2	20710000	6075	4775	148	1925	4244	4632	2536	13292	512	
FL	-69200	-69200	51	51	0	21	20	41	17	67	2	20710000	6075	4775	148	1925	4244	4632	2536	13292	512	
FL	-69400	-69400	48	52	0	21	22	42	17	69	2	20710000	6075	4775	148	1925	4244	4632	2536	13292	512	
FL	-69600	-69600	49	51	0	21	22	43	19	67	2	20710000	6075	4775	148	1925	4244	4632	2536	13292	512	
FL	-69800	-69800	53	52	0	21	21	44	20	70	3	20710000	6075	4775	148	1925	4244	4632	2536	13292	512	
FL	-70000	-70000	55	57	0	21	21	45	20	70	3	20710000	6075	4775	148	1925	4244	4632	2536	13292	512	
FL	-70200	-70200	55	53	1	23	20	43	20	68	3	20710000	6075	4775	148	1925	4244	4632	2536	13292	512	
FL	-70400	-70400	56	54	1	23	20	42	18	66	3	20710000	6075	4775	148	1925	4244	4632	2536	13292	512	
FL	-70600	-70600	55	54	1	23	21	43	19	66	3	20710000	6075	4775	148	1925	4244	4632	2536	13292	512	
FL	-70800	-70800	52	55	1	22	22	44	19	66	3	20710000	6075	4775	148	1925	4244	4632	2536	13292	512	
FL	-71000	-71000	51	57	1	19	20	46	19	66	3	20710000	6075	4775	148	1925	4244	4632	2536	13292	512	
FL	-71200	-71200	51	61	1	17	22	46	21	63	6	20710000	6075	4775	148	1925	4244	4632	2536	13292	512	
FL	-71400	-71400	55	61	1	14	23	50	20	62	6	20710000	6075	4775	148	1925	4244	4632	2536	13292	512	
FL	-71600	-71600	54	59	2	14	22	48	20	61	6	20710000	6075	4775	148	1925	4244	4632	2536	13292	512	
FL	-71800	-71800	55	55	2	12	20	45	19	62	6	20710000	6075	4775	148	1925	4244	4632	2536	13292	512	
FL	-72000	-72000	56	52	2	12	19	46	17	63	6	20710000	6075	4775	148	1925	4244	4632	2536	13292	512	
FL	-72200	-72200	53	55	2	12	21	48	15	63	6	20710000	6075	4775	148	1925	4244	4632	2536	13292	512	
FL	-72400	-72400	53	54	2	12	21	46	15	65	5	20710000	6075	4775	148	1925	4244	4632	2536	13292	512	
FL	-72600	-72600	55	52	2	11	21	42	14	64	5	20710000	6075	4775	148	1925	4244	4632	2536	13292	512	
FL	-72800	-72800	55	52	2	9	20	38	14	65	5	20710000	6075	4775	148	1925	4244	4632	2536	13292	512	
FL	-73000	-73000	56	48	2	9	19	39	14	63	5	20710000	6075	4775	148	1925	4244	4632	2536	13292	512	
FL	-73200	-73200	56	47	2	11	19	40	15	64	5	20710000	6075	4775	148	1925	4244	4632	2536	13292	512	
FL	-73400	-73400	55	46	2	12	22	37	13	63	5	20710000	6075	4775	148	1925	4244	4632	2536	13292	512	
FL	-73600	-73600	56	41	2	13	20	37	12	62	4	20710000	6075	4775	148	1925	4244	4632	2536	13292	512	
FL	-73800	-73800	60	38	2	11	19	39	13	66	4	20710000	6075	4775	148	1925	4244	4632	2536	13292	512	
FL	-74000	-74000	59	37	2	11	19	40	14	64	4	20710000	6075	4775	148	1925	4244	4632	2536	13292	512	
FL	-74200	-74200	59	37	2	8	20	38	15	61	4	20710000	6075	4775	148	1925	4244	4632	2536	13292	512	
FL	-74400	-74400	60	37	2	7	18	37	16	59	4	20710000	6075	4775	148	1925	4244	4632	2536	13292	512	
FL	-74600	-74600	64	42	2	8	20	36	15	62	4	20710000	6075	4775	148	1925	4244	4632	2536	13292	512	
FL	-74800	-74800	60	44	2	8	20	34	15	61	3	20710000	6075	4775	148	1925	4244	4632	2536	13292	512	
FL	-75000	-75000	57	41	2	8	21	35	16	63	3	20710000	6075	4775	148	1925	4244	4632	2536	13292	512	
FL	-75200	-75200	56	42	1	6	22	35	14	65	3	20709800	6075	4775	148	1925	4244	4632	2536	13292	512	
FL	-75400	-75400	55	41	1	6	24	34	14	65	3	20709600	6075	4775	148	1925	4244	4632	2536	13292	512	
FL	-75600	-75600	56	42	1	6	24	35	12	66	3	20709400	6075	4775	148	1925	4244	4632	2536	13292	512	
FL	-75800	-75800	56	42	1	6	23	32	12	66	3	20709200	6075	4775	148	1925	4244	4632	2536	13292	512	
FL	-76000	-76000	58	40	1	6	23	29	13	67	3	20709000	6075	4775	148	1925	4244	4632	2536	13292	512	
FL	-76200	-76200	63	35	1	6	22	28	11	72	0	20708800	6075	4775	148	1925	4244	4632	2536	13292	512	
FL	-76400	-76400	62	35	1	6	22	25	11	74	0	20708600	6075	4775	148	1925	4244	4632	2536	13292	512	
FL	-76600	-76600	62	34	0	5	23	25	11	76	1	20708400	6075	4775	148	1925	4244	4632	2536	13292	512	
FL	-76800	-76800	63	36	0	5	23	26	11	76	1	20708200	6075	4775	148	1925	4244	4632	2536	13292	512	
FL	-77000	-77000	63	36	0	5	25	28	11	77	3	20708000	6075	4775	148	1925	4244	4632	2536	13292	512	
FL	-77200	-77200	62	33	0	5	23	28	14	80	3	20707800	6075	4775	148	1925	4244	4632	2536	13292	512	
FL	-77400	-77400	60	34	0	7	25	31	14	79	3	20707600	6075	4775	148	1925	4244	4632	2536	13292	512	
FL	-77600	-77600	59	33	0	7	24	34	14	83	3	20707400	6075	4775	148	1925	4244	4632	2536	13292	512	
FL	-77800	-77800	57	32	0	7	25	33	16	81	3	20707200	6075	4775	148	1925	4244	4632	2536	13292	512	
FL	-78000	-78000	61	31	0	7	27	31	16	85	3	20707000	6075	4775	148	1925	4244	4632	2536	13292	512	
FL	-78200	-78200	63	31	0	5	26	32	15	81	3	20706800	6075	4775	148	1925	4244	4632	2536	13292	512	
FL	-78400	-78400	61	33	0	5	24	33	16	81	3	20706600	6075	4775	148	1925	4244	4632	2536	13292	512	
FL	-78600	-78600	56	36	0	4	24	35	16	80	3	20706400	6075	4775	148	1925	4244	4632	2536	13292	512	
FL	-78800	-78800	52	37	0	5	24	34	15	75	3	20706200	6075	4775	148	1925	4244	4632	2536	13292	512	
FL	-79000	-79000	54	37	0	7	24	33	14	75	3	20706000	6075	4775	148	1925	4244	4632	2536	13292	512	
FL	-79200	-79200	52	35	0	7	22	34	13	76	3	20705800	6075	4775	148	1925	4244	4632	2536	13292	512	
FL	-79400	-79400	49	33	0	7	24	34	12	78	4	20705600	6075	4775	148	1925	4244	4632	2536	13292	512	
FL	-79600	-79600	47	29	0	7	22	32	11	79	4	20705400	6075	4775	148	1925	4244	4632	2536	13292	512	
FL	-79800	-79800	49	26	0	8	22	34	11	79	4	20705200	6075	4775	148	1925	4244	4632	2536	13292	512	
FL	-80000	-80000	53	25	0	9	22	34	10	77	5	20705000	6075	4775	148	1925	4244	4632	2536	13292	512	
FL	-80200	-80200	53	26	0	10	21	36	11	75	5	20705000	6075	4775	148	1925	4244	4632	2536	13292	512	
FL	-80400	-80400	54	25	0	10	20	37	11	75	6	20705000	6075	4775	148	1925	4244	4632	2536	13292	512	
FL	-80600	-80600	54	25	0	10	20	37	12	77	6	20705000	6075	4775	148	1925	4244	4632	2536	13292	512	
FL	-80800	-80800	56	25	0	10	19	38	12	76	6	20705000	6075	4775	148	1925	4244	4632	2536	13292	512	
FL	-81000	-81000	55	24	0	10	19	40	11	75	6	20705000	6075	4775	148	1925	4244	4632	2536	13292	512	
FL	-81200	-81200	51	25	0	11	17	41	11	72	7	20705000	6075	4775	148	1925	4244	4632	2536	13292	512	
FL	-81400	-81400	50	24	0	11	18	41	13	73	7	20705000	6075	4775	148	1925	4244	4632	2536	13292	512	
FL	-81600	-81600	51	24	0	11	18	42	13	76	6	20705000	6075	4775	148	1925	4244	4632	2536	13292	512	
FL	-81800	-81800	50	21	0	11	17	43	13	74	7	20705000	6075	4775	148	1925	4244	4632	2536	13292	512	
FL	-82000	-82000	50	22	0	11	17	40	13	72	5	20705000	6075	4775	148	1925	4244	4632	2536	13292	512	
FL	-82200	-82200	54	22	0	11	18	39	10	68	5	20705000	6075	4775	148	1925	4244	4632	2536	13292	512	
FL	-82400	-82400	54	22	0	9	16	36	10	67	5	20705000	6075	4775	148	1925	4244	4632	2536	13292	512	
FL	-82600	-82600	53	24	0	10	16	36	11	64	5	20705000	6075	4775	148	1925	4244	4632	2536	13292	512	
FL	-82800	-82800	53	25	0	10	15	37	9	65	5	20705000	6075	4775	148	1925	4244	4632	2536	13292	512	
FL	-83000	-83000	52	27	0	10	14	37	9	66	5	20705000	6075	4775	148	1925	4244	4632	2536	13292	512	
FL	-83200	-83200	49	28	0	10	14	36	10	69	5	20705000	6075	4775	148	1925	4244	4632	2536	13292	512	
FL	-83400	-83400	50	27	0	10	13	34	9	69	5	20705000	6075	4775	148	1925	4244	4632	2536	13292	512	
FL	-83600	-83600	51	25	0	10	14	34	9	69	6	20705000	6075	4775	148	1925	4244	4632	2536	13292	512	
FL	-83800	-83800	54	28	0	9	14	35	10	69	6	20705000	6075	4775	148	1925	4244	4632	2536	13292	512	
FL	-84000	-84000	51	28	0	7	14	34	9	71	7	20705000	6075	4775	148	1925	4244	4632	2536	13292	512	
FL	-84200	-84200	53	30	0	7	14	34	9	71	7	20705000	6075	4775	148	1925	4244	4632	2536	13292	512	
FL	-84400	-84400	55	37	0	7	13	34	10	69	6	20705000	6075	4775	148	1925	4244	4632	2536	13292	512	
FL	-84600	-84600	52	37	0	6	13	40	12	66	6	20705000	6075	4775	148	1925	4244	4632	2536	13292	512	
FL	-84800	-84800	51	41	1	5	13	38	13	69	6	20705000	6075	4775	148	1925	4244	4632	2536	13292	512	
FL	-85000	-85000	50	42	1	4	12	37	14	71	6	20705000	6075	4775	148	1925	4244	4632	2536	13292	512	
FL	-85200	-85200	49	42	1	4	12	34	13	72	6	20704800	6075	4775	148	1925	4244	4632	2536	13292	512	
FL	-85400	-85400	48	40	1	5	11	33	14	74	5	20704600	6075	4775	148	1925	4244	4632	2536	13292	512	
FL	-85600	-85600	48	41	1	5	11	32	14	71	5	20704400	6075	4775	148	1925	4244	4632	2536	13292	512	
FL	-85800	-85800	46	42	1	7	12	31	14	72	5	20704200	6075	4775	148	1925	4244	4632	2536	13292	512	
FL	-86000	-86000	45	44	1	8	13	32	15	74	5	20704000	6075	4775	148	1925	4244	4632	2536	13292	512	
FL	-86200	-86200	45	43	1	7	13	31	15	74	4	20703800	6075	4775	148	1925	4244	4632	2536	13292	512	
FL	-86400	-86400	47	43	1	7	14	34	13	73	4	20703600	6075	4775	148	1925	4244	4632	2536	13292	512	
FL	-86600	-86600	46	42	1	8	13	35	13	69	4	20703400	6075	4775	148	1925	4244	4632	2536	13292	512	
FL	-86800	-86800	48	43	1	8	14	33	13	70	3	20703200	6075	4775	148	1925	4244	4632	2536	13292	512	
FL	-87000	-87000	49	43	1	8	13	36	13	71	3	20703000	6075	4775	148	1925	4244	4632	2536	13292	512	
FL	-87200	-87200	47	43	1	8	12	37	13	71	3	20702800	6075	4775	148	1925	4244	4632	2536	13292	512	
FL	-87400	-87400	47	43	1	8	13	36	13	70	3	20702600	6075	4775	148	1925	4244	4632	2536	13292	512	
FL	-87600	-87600	49	44	2	8	13	34	13	71	3	20702400	6075	4775	148	1925	4244	4632	2536	13292	512	
FL	-87800	-87800	48	43	2	8	14	36	13	68	3	20702200	6075	4775	148	1925	4244	4632	2536	13292	512	
FL	-88000	-88000	44	43	2	8	15	37	13	64	3	20702000	6075	4775	148	1925	4244	4632	2536	13292	512	
FL	-88200	-88200	45	44	2	8	16	38	12	63	3	20701800	6075	4775	148	1925	4244	4632	2536	13292	512	
FL	-88400	-88400	44	45	2	7	17	38	12	65	3	20701600	6075	4775	148	1925	4244	4632	2536	13292	512	
FL	-88600	-88600	45	44	2	7	16	37	12	70	2	20701400	6075	4775	148	1925	4244	4632	2536	13292	512	
FL	-88800	-88800	45	39	2	7	17	36	10	75	2	20701200	6075	4775	148	1925	4244	4632	2536	13292	512	
FL	-89000	-89000	46	40	2	7	16	36	11	75	1	20701000	6075	4775	148	1925	4244	4632	2536	13292	512	
FL	-89200	-89200	45	39	2	8	16	36	12	76	1	20700800	6075	4775	148	1925	4244	4632	2536	13292	512	
FL	-89400	-89400	44	33	2	8	17	37	11	77	1	20700600	6075	4775	148	1925	4244	4632	2536	13292	512	
FL	-89600	-89600	44	34	2	8	18	33	9	81	1	20700400	6075	4775	148	1925	4244	4632	2536	13292	512	
FL	-89800	-89800	44	30	1	8	18	35	9	76	1	20700200	6075	4775	148	1925	4244	4632	2536	13292	512	
FL	-90000	-90000	43	30	1	8	19	34	10	75	0	20700000	6075	4775	148	1925	4244	4632	2536	13292	512	
FL	-90200	-90200	44	27	1	7	20	36	12	78	0	20700000	6075	4775	148	1925	4244	4632	2536	13292	512	
FL	-90400	-90400	47	27	1	6	20	39	11	77	0	20700000	6075	4775	148	1925	4244	4632	2536	13292	512	
FL	-90600	-90600	45	28	1	6	19	39	10	80	0	20700000	6075	4775	148	1925	4244	4632	2536	13292	512	
FL	-90800	-90800	48	27	1	5	20	41	10	78	0	20700000	6075	4775	148	1925	4244	4632	2536	13292	512	
FL	-91000	-91000	49	25	1	4	19	40	10	75	0	20700000	6075	4775	148	1925	4244	4632	2536	13292	512	
FL	-91200	-91200	48	28	1	4	20	41	11	77	0	20700000	6075	4775	148	1925	4244	4632	2536	13292	512	
FL	-91400	-91400	46	30	1	4	19	38	11	81	0	20700000	6075	4775	148	1925	4244	4632	2536	13292	512	
FL	-91600	-91600	48	32	1	3	22	37	11	80	0	20700000	6075	4775	148	1925	4244	4632	2536	13292	512	
FL	-91800	-91800	48	33	1	3	22	37	12	82	0	20700000	6075	4775	148	1925	4244	4632	2536	13292	512	
FL	-92000	-92000	45	34	1	4	23	39	13	82	0	20700000	6075	4775	148	1925	4244	4632	2536	13292	512	
FL	-92200	-92200	45	39	1	4	24	37	13	81	0	20700000	6075	4775	148	1925	4244	4632	2536	13292	512	
FL	-92400	-92400	45	40	1	5	23	38	15	82	0	20700000	6075	4775	148	1925	4244	4632	2536	13292	512	
FL	-92600	-92600	45	37	0	5	25	41	15	80	0	20700000	6075	4775	148	1925	4244	4632	2536	13292	512	
FL	-92800	-92800	45	38	0	5	25	39	15	82	0	20700000	6075	4775	148	1925	4244	4632	2536	13292	512	
FL	-93000	-93000	45	36	0	5	23	40	16	84	0	20700000	6075	4775	148	1925	4244	4632	2536	13292	512	
FL	-93200	-93200	46	34	0	5	22	38	18	85	0	20700000	6075	4775	148	1925	4244	4632	2536	13292	512	
FL	-93400	-93400	48	33	0	5	21	39	19	85	0	20700000	6075	4775	148	1925	4244	4632	2536	13292	512	
FL	-93600	-93600	48	34	0	5	21	38	20	83	0	20700000	6075	4775	148	1925	4244	4632	2536	13292	512	
FL	-93800	-93800	46	34	0	5	21	39	21	81	1	20700000	6075	4775	148	1925	4244	4632	2536	13292	512	
FL	-94000	-94000	48	35	0	5	21	40	21	80	1	20700000	6075	4775	148	1925	4244	4632	2536	13292	512	
FL	-94200	-94200	49	35	0	6	22	40	22	81	1	20700000	6075	4775	148	1925	4244	4632	2536	13292	512	
FL	-94400	-94400	47	34	1	6	21	38	22	82	1	20700000	6075	4775	148	1925	4244	4632	2536	13292	512	
FL	-94600	-94600	46	34	1	6	21	38	23	80	1	20700000	6075	4775	148	1925	4244	4632	2536	13292	512	
FL	-94800	-94800	46	35	1	7	22	39	22	85	1	20700000	6075	4775	148	1925	4244	4632	2536	13292	512	
FL	-95000	-95000	47	34	1	9	21	45	21	89	1	20700000	6075	4775	148	1925	4244	4632	2536	13292	512	
FL	-95200	-95200	46	38	1	9	21	44	21	90	1	20700000	6075	4775	148	1925	4244	4632	2536	13292	512	
FL	-95400	-95400	45	40	1	9	22	42	21	89	1	20700000	6075	4775	148	1925	4244	4632	2536	13292	512	
FL	-95600	-95600	45	36	1	9	22	41	22	87	1	20700000	6075	4775	148	1925	4244	4632	2536	13292	512	
FL	-95800	-95800	48	35	1	8	23	41	23	88	1	20700000	6075	4775	148	1925	4244	4632	2536	13292	512	
FL	-96000	-96000	49	36	1	8	23	40	23	89	1	20700000	6075	4775	148	1925	4244	4632	2536	13292	512	
FL	-96200	-96200	51	33	1	8	23	38	25	87	1	20700000	6075	4775	148	1925	4244	4632	2536	13292	512	
FL	-96400	-96400	50	32	1	8	21	38	25	83	1	20700000	6075	4775	148	1925	4244	4632	2536	13292	512	
FL	-96600	-96600	50	33	1	8	18	38	25	83	1	20700000	6075	4775	148	1925	4244	4632	2536	13292	512	
FL	-96800	-96800	47	33	1	8	17	39	24	79	1	20700000	6075	4775	148	1925	4244	4632	2536	13292	512	
FL	-97000	-97000	52	32	1	7	17	35	24	78	1	20700000	6075	4775	148	1925	4244	4632	2536	13292	512	
FL	-97200	-97200	50	28	1	7	17	37	24	82	1	20700000	6075	4775	148	1925	4244	4632	2536	13292	512	
FL	-97400	-97400	50	27	1	6	17	37	24	81	1	20700000	6075	4775	148	1925	4244	4632	2536	13292	512	
FL	-97600	-97600	51	27	1	5	16	35	24	82	1	20700000	6075	4775	148	1925	4244	4632	2536	13292	512	
FL	-97800	-97800	51	27	1	6	18	35	24	80	1	20700000	6075	4775	148	1925	4244	4632	2536	13292	512	
FL	-98000	-98000	51	29	1	6	19	34	23	82	1	20700000	6075	4775	148	1925	4244	4632	2536	13292	512	
FL	-98200	-98200	52	32	1	6	20	34	22	83	1	20700000	6075	4775	148	1925	4244	4632	2536	13292	512	
FL	-98400	-98400	53	32	1	6	20	33	22	80	1	20700000	6075	4775	148	1925	4244	4632	2536	13292	512	
FL	-98600	-98600	52	32	1	7	20	36	21	80	2	20700000	6075	4775	148	1925	4244	4632	2536	13292	512	
FL	-98800	-98800	52	35	1	7	19	38	20	78	1	20700000	6075	4775	148	1925	4244	4632	2536	13292	512	
FL	-99000	-99000	52	35	1	7	20	38	19	80	1	20700000	6075	4775	148	1925	4244	4632	2536	13292	512	
FL	-99200	-99200	52	35	1	5	20	36	18	80	1	20700000	6075	4775	148	1925	4244	4632	2536	13292	512	
FL	-99400	-99400	54	36	0	6	21	37	18	80	1	20700000	6075	4775	148	1925	4244	4632	2536	13292	512	
FL	-99600	-99600	56	38	0	6	20	39	17	79	1	20700000	6075	4775	148	1925	4244	4632	2536	13292	512	
FL	-99800	-99800	55	37	0	5	20	36	18	76	1	20700000	6075	4775	148	1925	4244	4632	2536	13292	512	
FL	-100000	-100000	56	39	0	3	20	32	17	72	1	20700000	6075	4775	148	1925	4244	4632	2536	13292	512	
