DHL	0	0	4	5	1	1	10	10	4	0	2	3627224	1810	2357	1241	2216	9263	7013	7501	5032	
DHL	-200	-200	4	4	0	0	10	9	4	0	4	3612577	1810	2357	1241	2216	9263	7013	7501	5032	
DHL	-400	-400	3	5	1	0	11	9	6	0	4	3578193	1810	2357	1241	2216	9263	7013	7501	5032	
DHL	-600	-600	3	3	1	1	10	10	7	0	5	3517321	1810	2357	1241	2216	9263	7013	7501	5032	
DHL	-800	-800	2	3	2	2	10	14	5	0	3	3435334	1810	2357	1241	2216	9263	7013	7501	5032	
DHL	-1000	-1000	2	2	1	2	10	13	6	0	3	3344346	1810	2357	1241	2216	9263	7013	7501	5032	
DHL	-1200	-1200	3	2	0	5	13	10	6	0	5	3250734	1810	2357	1241	2216	9263	7013	7501	5032	
DHL	-1400	-1400	2	2	0	4	10	10	4	0	5	3155955	1810	2357	1241	2216	9263	7013	7501	5032	
DHL	-1600	-1600	1	1	0	5	10	11	3	0	3	3066645	1810	2357	1241	2216	9263	7013	7501	5032	
DHL	-1800	-1800	2	4	0	5	8	8	4	0	3	2989544	1810	2357	1241	2216	9263	7013	7501	5032	
DHL	-2000	-2000	2	3	0	4	5	6	4	0	4	2924787	1810	2357	1241	2216	9263	7013	7501	5032	
DHL	-2200	-2200	3	4	0	2	7	4	5	0	2	2869252	1810	2357	1241	2216	9263	7013	7501	5032	
DHL	-2400	-2400	1	5	0	4	7	6	7	0	1	2823325	1810	2357	1241	2216	9263	7013	7501	5032	
DHL	-2600	-2600	1	6	0	3	6	7	7	0	0	2786873	1810	2357	1241	2216	9263	7013	7501	5032	
DHL	-2800	-2800	2	3	1	4	5	8	8	0	1	2757453	1810	2357	1241	2216	9263	7013	7501	5032	
DHL	-3000	-3000	2	4	1	4	2	7	7	0	3	2733282	1810	2357	1241	2216	9263	7013	7501	5032	
DHL	-3200	-3200	2	2	1	4	3	6	5	0	4	2714339	1810	2357	1241	2216	9263	7013	7501	5032	
DHL	-3400	-3400	2	3	1	4	2	3	6	0	2	2697027	1810	2357	1241	2216	9263	7013	7501	5032	
DHL	-3600	-3600	2	4	1	1	2	4	7	0	2	2682030	1810	2357	1241	2216	9263	7013	7501	5032	
DHL	-3800	-3800	3	4	1	1	3	4	6	0	6	2669103	1810	2357	1241	2216	9263	7013	7501	5032	
DHL	-4000	-4000	4	1	1	1	2	3	6	0	5	2658741	1810	2357	1241	2216	9263	7013	7501	5032	
DHL	-4200	-4200	3	1	2	2	5	3	6	0	5	2650281	1810	2357	1241	2216	9263	7013	7501	5032	
DHL	-4400	-4400	3	1	1	2	5	4	6	0	3	2642452	1810	2357	1241	2216	9263	7013	7501	5032	
DHL	-4600	-4600	2	1	0	2	3	3	6	0	4	2635033	1810	2357	1241	2216	9263	7013	7501	5032	
DHL	-4800	-4800	2	1	0	1	3	6	7	0	4	2628305	1810	2357	1241	2216	9263	7013	7501	5032	
DHL	-5000	-5000	2	2	1	1	4	5	7	0	5	2621819	1810	2357	1241	2216	9263	7013	7501	5032	
DHL	-5200	-5200	2	1	1	2	4	5	5	0	4	2615397	1810	2357	1241	2216	9263	7013	7501	5032	
DHL	-5400	-5400	2	1	1	3	6	7	6	0	3	2609048	1810	2357	1241	2216	9263	7013	7501	5032	
DHL	-5600	-5600	2	1	0	2	4	6	6	0	2	2603015	1810	2357	1241	2216	9263	7013	7501	5032	
DHL	-5800	-5800	2	1	0	0	5	6	5	0	2	2597498	1810	2357	1241	2216	9263	7013	7501	5032	
DHL	-6000	-6000	3	0	0	0	8	8	4	0	0	2592835	1810	2357	1241	2216	9263	7013	7501	5032	
DHL	-6200	-6200	2	0	1	0	6	8	5	0	2	2588912	1810	2357	1241	2216	9263	7013	7501	5032	
DHL	-6400	-6400	3	0	1	1	8	9	4	0	4	2585372	1810	2357	1241	2216	9263	7013	7501	5032	
DHL	-6600	-6600	3	0	2	1	7	11	2	0	3	2582017	1810	2357	1241	2216	9263	7013	7501	5032	
DHL	-6800	-6800	3	0	2	1	6	8	2	0	1	2578989	1810	2357	1241	2216	9263	7013	7501	5032	
DHL	-7000	-7000	3	0	2	1	6	5	2	0	2	2575714	1810	2357	1241	2216	9263	7013	7501	5032	
DHL	-7200	-7200	2	0	2	3	5	4	3	0	5	2572521	1810	2357	1241	2216	9263	7013	7501	5032	
DHL	-7400	-7400	4	0	1	2	8	2	3	0	6	2569246	1810	2357	1241	2216	9263	7013	7501	5032	
DHL	-7600	-7600	2	0	0	3	10	3	5	0	6	2566053	1810	2357	1241	2216	9263	7013	7501	5032	
DHL	-7800	-7800	2	0	0	2	11	2	4	0	6	2563353	1810	2357	1241	2216	9263	7013	7501	5032	
DHL	-8000	-8000	2	1	0	3	9	5	2	0	4	2561269	1810	2357	1241	2216	9263	7013	7501	5032	
DHL	-8200	-8200	2	2	0	3	7	5	4	0	3	2559451	1810	2357	1241	2216	9263	7013	7501	5032	
DHL	-8400	-8400	2	1	1	2	6	5	3	0	4	2557867	1810	2357	1241	2216	9263	7013	7501	5032	
DHL	-8600	-8600	2	1	1	3	4	5	3	0	4	2556365	1810	2357	1241	2216	9263	7013	7501	5032	
DHL	-8800	-8800	2	1	1	3	4	5	4	0	4	2554316	1810	2357	1241	2216	9263	7013	7501	5032	
DHL	-9000	-9000	1	2	1	3	5	5	6	0	4	2551970	1810	2357	1241	2216	9263	7013	7501	5032	
DHL	-9200	-9200	2	1	0	2	3	5	6	0	1	2549136	1810	2357	1241	2216	9263	7013	7501	5032	
DHL	-9400	-9400	3	1	0	0	3	6	6	0	1	2545700	1810	2357	1241	2216	9263	7013	7501	5032	
DHL	-9600	-9600	1	1	0	1	4	5	6	0	0	2542243	1810	2357	1241	2216	9263	7013	7501	5032	
DHL	-9800	-9800	1	2	1	3	4	4	5	0	1	2538359	1810	2357	1241	2216	9263	7013	7501	5032	
DHL	-10000	-10000	1	2	3	3	2	5	3	0	2	2534984	1810	2357	1241	2216	9263	7013	7501	5032	
DHL	-10200	-10200	0	2	3	3	2	2	1	0	3	2531925	1810	2357	1241	2216	9263	7013	7501	5032	
DHL	-10400	-10400	0	0	1	3	3	2	1	0	3	2528571	1810	2357	1241	2216	9263	7013	7501	5032	
DHL	-10600	-10600	2	0	2	2	5	3	4	0	3	2525180	1810	2357	1241	2216	9263	7013	7501	5032	
DHL	-10800	-10800	2	0	1	2	5	2	8	0	2	2522143	1810	2357	1241	2216	9263	7013	7501	5032	
DHL	-11000	-11000	2	0	1	2	5	2	6	0	3	2518553	1810	2357	1241	2216	9263	7013	7501	5032	
DHL	-11200	-11200	3	0	2	4	5	3	5	0	2	2515055	1810	2357	1241	2216	9263	7013	7501	5032	
DHL	-11400	-11400	2	0	1	4	5	3	6	0	3	2511784	1810	2357	1241	2216	9263	7013	7501	5032	
DHL	-11600	-11600	0	1	1	3	4	3	5	0	3	2508526	1810	2357	1241	2216	9263	7013	7501	5032	
DHL	-11800	-11800	0	1	1	1	5	1	6	0	4	2504985	1810	2357	1241	2216	9263	7013	7501	5032	
DHL	-12000	-12000	1	2	0	1	4	3	3	0	3	2501098	1810	2357	1241	2216	9263	7013	7501	5032	
DHL	-12200	-12200	1	3	0	1	3	4	3	0	3	2497565	1810	2357	1241	2216	9263	7013	7501	5032	
DHL	-12400	-12400	1	4	0	2	3	3	4	0	4	2494579	1810	2357	1241	2216	9263	7013	7501	5032	
DHL	-12600	-12600	1	2	0	2	3	3	2	0	5	2491207	1810	2357	1241	2216	9263	7013	7501	5032	
DHL	-12800	-12800	1	2	1	1	3	3	2	0	5	2487014	1810	2357	1241	2216	9263	7013	7501	5032	
DHL	-13000	-13000	2	2	1	1	3	3	3	0	4	2483392	1810	2357	1241	2216	9263	7013	7501	5032	
DHL	-13200	-13200	2	1	1	1	2	6	8	0	4	2480505	1810	2357	1241	2216	9263	7013	7501	5032	
DHL	-13400	-13400	2	0	1	0	1	7	9	0	2	2477534	1810	2357	1241	2216	9263	7013	7501	5032	
DHL	-13600	-13600	2	0	1	0	2	10	6	0	3	2474534	1810	2357	1241	2216	9263	7013	7501	5032	
DHL	-13800	-13800	3	1	0	3	3	8	2	0	3	2471371	1810	2357	1241	2216	9263	7013	7501	5032	
DHL	-14000	-14000	1	0	1	2	3	7	2	0	4	2467677	1810	2357	1241	2216	9263	7013	7501	5032	
DHL	-14200	-14200	1	1	1	2	3	9	1	0	5	2464337	1810	2357	1241	2216	9263	7013	7501	5032	
DHL	-14400	-14400	1	2	1	2	3	9	0	0	3	2461370	1810	2357	1241	2216	9263	7013	7501	5032	
DHL	-14600	-14600	1	2	2	1	4	7	2	0	4	2458907	1810	2357	1241	2216	9263	7013	7501	5032	
DHL	-14800	-14800	0	3	2	1	5	6	2	0	5	2456382	1810	2357	1241	2216	9263	7013	7501	5032	
DHL	-15000	-15000	1	3	3	1	5	7	2	0	3	2453820	1810	2357	1241	2216	9263	7013	7501	5032	
DHL	-15200	-15200	2	1	3	1	5	7	4	0	4	2451239	1810	2357	1241	2216	9263	7013	7501	5032	
DHL	-15400	-15400	3	1	4	1	8	7	4	0	5	2448222	1810	2357	1241	2216	9263	7013	7501	5032	
DHL	-15600	-15600	2	0	5	2	5	7	6	0	5	2444902	1810	2357	1241	2216	9263	7013	7501	5032	
DHL	-15800	-15800	2	1	4	2	5	6	2	0	5	2441033	1810	2357	1241	2216	9263	7013	7501	5032	
DHL	-16000	-16000	2	1	3	3	5	5	2	0	4	2436633	1810	2357	1241	2216	9263	7013	7501	5032	
DHL	-16200	-16200	3	0	1	2	6	3	3	0	4	2432430	1810	2357	1241	2216	9263	7013	7501	5032	
DHL	-16400	-16400	2	0	1	2	4	0	5	0	4	2428454	1810	2357	1241	2216	9263	7013	7501	5032	
DHL	-16600	-16600	2	2	1	2	3	1	3	0	3	2424296	1810	2357	1241	2216	9263	7013	7501	5032	
DHL	-16800	-16800	1	2	1	3	4	2	4	0	4	2420157	1810	2357	1241	2216	9263	7013	7501	5032	
DHL	-17000	-17000	1	1	1	3	8	2	5	0	6	2415995	1810	2357	1241	2216	9263	7013	7501	5032	
DHL	-17200	-17200	2	1	1	3	9	1	4	0	7	2412104	1810	2357	1241	2216	9263	7013	7501	5032	
DHL	-17400	-17400	2	1	1	2	7	0	5	0	8	2408250	1810	2357	1241	2216	9263	7013	7501	5032	
DHL	-17600	-17600	1	0	1	2	9	0	6	0	5	2404764	1810	2357	1241	2216	9263	7013	7501	5032	
DHL	-17800	-17800	1	0	1	3	7	1	6	0	3	2401027	1810	2357	1241	2216	9263	7013	7501	5032	
DHL	-18000	-18000	1	0	0	2	8	1	6	0	2	2397428	1810	2357	1241	2216	9263	7013	7501	5032	
DHL	-18200	-18200	2	0	0	2	9	3	5	0	3	2393287	1810	2357	1241	2216	9263	7013	7501	5032	
DHL	-18400	-18400	2	0	0	2	8	5	6	0	1	2389600	1810	2357	1241	2216	9263	7013	7501	5032	
DHL	-18600	-18600	2	1	0	1	7	6	7	0	2	2386320	1810	2357	1241	2216	9263	7013	7501	5032	
DHL	-18800	-18800	1	1	0	1	7	5	6	0	1	2383826	1810	2357	1241	2216	9263	7013	7501	5032	
DHL	-19000	-19000	2	4	0	1	7	6	8	0	2	2381560	1810	2357	1241	2216	9263	7013	7501	5032	
DHL	-19200	-19200	2	4	1	1	4	5	8	0	2	2379121	1810	2357	1241	2216	9263	7013	7501	5032	
DHL	-19400	-19400	2	2	1	1	4	5	7	0	1	2376396	1810	2357	1241	2216	9263	7013	7501	5032	
DHL	-19600	-19600	2	1	1	2	4	5	7	0	1	2373642	1810	2357	1241	2216	9263	7013	7501	5032	
DHL	-19800	-19800	2	2	1	2	2	4	5	0	1	2370683	1810	2357	1241	2216	9263	7013	7501	5032	
DHL	-20000	-20000	2	2	1	2	3	2	6	0	1	2367317	1810	2357	1241	2216	9263	7013	7501	5032	
DHL	-20200	-20200	2	1	0	2	5	2	6	0	4	2364061	1810	2357	1241	2216	9263	7013	7501	5032	
DHL	-20400	-20400	2	1	0	1	5	2	5	0	4	2360795	1810	2357	1241	2216	9263	7013	7501	5032	
DHL	-20600	-20600	0	2	0	0	4	3	5	0	4	2357019	1810	2357	1241	2216	9263	7013	7501	5032	
DHL	-20800	-20800	0	2	0	2	5	2	7	0	4	2352723	1810	2357	1241	2216	9263	7013	7501	5032	
DHL	-21000	-21000	0	2	1	2	10	1	8	0	3	2348926	1810	2357	1241	2216	9263	7013	7501	5032	
DHL	-21200	-21200	1	2	0	2	8	1	7	0	3	2345455	1810	2357	1241	2216	9263	7013	7501	5032	
DHL	-21400	-21400	1	1	0	1	14	1	6	0	3	2342245	1810	2357	1241	2216	9263	7013	7501	5032	
DHL	-21600	-21600	1	1	1	0	15	3	7	0	3	2338248	1810	2357	1241	2216	9263	7013	7501	5032	
DHL	-21800	-21800	1	1	1	0	12	3	8	0	5	2334886	1810	2357	1241	2216	9263	7013	7501	5032	
DHL	-22000	-22000	1	1	1	0	9	4	7	0	5	2331300	1810	2357	1241	2216	9263	7013	7501	5032	
DHL	-22200	-22200	2	1	0	0	7	4	8	0	5	2327865	1810	2357	1241	2216	9263	7013	7501	5032	
DHL	-22400	-22400	3	2	0	1	4	3	8	0	5	2324734	1810	2357	1241	2216	9263	7013	7501	5032	
DHL	-22600	-22600	3	3	0	1	4	4	6	0	6	2321769	1810	2357	1241	2216	9263	7013	7501	5032	
DHL	-22800	-22800	4	2	0	1	4	4	6	0	5	2318732	1810	2357	1241	2216	9263	7013	7501	5032	
DHL	-23000	-23000	5	2	0	1	2	3	5	0	6	2315029	1810	2357	1241	2216	9263	7013	7501	5032	
DHL	-23200	-23200	5	1	0	1	3	1	4	0	6	2311310	1810	2357	1241	2216	9263	7013	7501	5032	
DHL	-23400	-23400	5	1	1	1	3	1	5	0	7	2307676	1810	2357	1241	2216	9263	7013	7501	5032	
DHL	-23600	-23600	5	1	1	1	3	4	7	0	6	2304152	1810	2357	1241	2216	9263	7013	7501	5032	
DHL	-23800	-23800	3	1	1	1	7	3	7	0	6	2300548	1810	2357	1241	2216	9263	7013	7501	5032	
DHL	-24000	-24000	3	1	1	1	6	3	5	0	4	2296308	1810	2357	1241	2216	9263	7013	7501	5032	
DHL	-24200	-24200	3	2	1	1	6	4	5	0	5	2291990	1810	2357	1241	2216	9263	7013	7501	5032	
DHL	-24400	-24400	3	3	1	0	6	3	5	0	5	2288018	1810	2357	1241	2216	9263	7013	7501	5032	
DHL	-24600	-24600	0	3	1	0	5	4	6	0	5	2284005	1810	2357	1241	2216	9263	7013	7501	5032	
DHL	-24800	-24800	0	3	1	1	4	2	5	0	4	2280271	1810	2357	1241	2216	9263	7013	7501	5032	
DHL	-25000	-25000	1	4	0	1	2	2	4	0	4	2277331	1810	2357	1241	2216	9263	7013	7501	5032	
DHL	-25200	-25200	1	3	0	1	2	4	3	0	2	2274526	1810	2357	1241	2216	9263	7013	7501	5032	
DHL	-25400	-25400	1	2	0	0	2	3	3	0	3	2271193	1810	2357	1241	2216	9263	7013	7501	5032	
DHL	-25600	-25600	0	2	0	0	5	10	4	0	4	2268198	1810	2357	1241	2216	9263	7013	7501	5032	
DHL	-25800	-25800	0	2	0	0	7	6	5	0	5	2265071	1810	2357	1241	2216	9263	7013	7501	5032	
DHL	-26000	-26000	0	3	0	0	8	6	9	0	5	2262393	1810	2357	1241	2216	9263	7013	7501	5032	
DHL	-26200	-26200	0	4	0	0	8	5	8	0	4	2260607	1810	2357	1241	2216	9263	7013	7501	5032	
DHL	-26400	-26400	0	5	0	0	7	4	8	0	2	2258767	1810	2357	1241	2216	9263	7013	7501	5032	
DHL	-26600	-26600	1	7	1	0	6	5	7	0	1	2256510	1810	2357	1241	2216	9263	7013	7501	5032	
DHL	-26800	-26800	1	6	1	0	5	5	8	0	1	2254052	1810	2357	1241	2216	9263	7013	7501	5032	
DHL	-27000	-27000	1	4	0	0	5	4	7	0	2	2251370	1810	2357	1241	2216	9263	7013	7501	5032	
DHL	-27200	-27200	1	3	0	0	4	4	10	0	1	2248080	1810	2357	1241	2216	9263	7013	7501	5032	
DHL	-27400	-27400	1	3	1	0	3	6	9	0	1	2244674	1810	2357	1241	2216	9263	7013	7501	5032	
DHL	-27600	-27600	1	3	1	1	3	6	9	0	1	2241492	1810	2357	1241	2216	9263	7013	7501	5032	
DHL	-27800	-27800	1	1	1	1	4	5	5	0	1	2238889	1810	2357	1241	2216	9263	7013	7501	5032	
DHL	-28000	-28000	1	1	1	0	6	4	6	0	2	2235728	1810	2357	1241	2216	9263	7013	7501	5032	
DHL	-28200	-28200	2	1	0	1	6	5	7	0	2	2232021	1810	2357	1241	2216	9263	7013	7501	5032	
DHL	-28400	-28400	0	1	0	1	5	4	5	0	3	2228662	1810	2357	1241	2216	9263	7013	7501	5032	
DHL	-28600	-28600	2	2	0	1	5	4	4	0	3	2225580	1810	2357	1241	2216	9263	7013	7501	5032	
DHL	-28800	-28800	2	2	0	1	6	5	4	0	2	2221930	1810	2357	1241	2216	9263	7013	7501	5032	
DHL	-29000	-29000	0	3	0	2	8	4	5	0	3	2218132	1810	2357	1241	2216	9263	7013	7501	5032	
DHL	-29200	-29200	0	3	1	3	5	5	5	0	3	2214233	1810	2357	1241	2216	9263	7013	7501	5032	
DHL	-29400	-29400	0	2	1	2	6	6	3	0	2	2210530	1810	2357	1241	2216	9263	7013	7501	5032	
DHL	-29600	-29600	0	3	1	1	5	7	3	0	1	2207016	1810	2357	1241	2216	9263	7013	7501	5032	
DHL	-29800	-29800	0	1	1	1	3	5	4	0	2	2203476	1810	2357	1241	2216	9263	7013	7501	5032	
DHL	-30000	-30000	0	1	1	2	3	5	3	0	2	2200736	1810	2357	1241	2216	9263	7013	7501	5032	
DHL	-30200	-30200	0	1	1	0	3	5	4	0	1	2198212	1810	2357	1241	2216	9263	7013	7501	5032	
DHL	-30400	-30400	0	1	1	0	4	2	6	0	0	2195828	1810	2357	1241	2216	9263	7013	7501	5032	
DHL	-30600	-30600	1	1	0	2	4	2	7	0	0	2193570	1810	2357	1241	2216	9263	7013	7501	5032	
DHL	-30800	-30800	1	0	0	2	5	4	6	0	2	2191612	1810	2357	1241	2216	9263	7013	7501	5032	
DHL	-31000	-31000	2	0	0	2	6	4	5	0	3	2189663	1810	2357	1241	2216	9263	7013	7501	5032	
DHL	-31200	-31200	2	0	1	1	5	3	5	0	5	2187160	1810	2357	1241	2216	9263	7013	7501	5032	
DHL	-31400	-31400	2	0	1	1	7	2	7	0	5	2184973	1810	2357	1241	2216	9263	7013	7501	5032	
DHL	-31600	-31600	1	1	1	1	5	2	5	0	3	2182905	1810	2357	1241	2216	9263	7013	7501	5032	
DHL	-31800	-31800	1	1	1	1	5	1	6	0	5	2180881	1810	2357	1241	2216	9263	7013	7501	5032	
DHL	-32000	-32000	1	1	1	0	5	2	5	0	5	2178870	1810	2357	1241	2216	9263	7013	7501	5032	
DHL	-32200	-32200	3	0	1	0	5	3	6	0	4	2176682	1810	2357	1241	2216	9263	7013	7501	5032	
DHL	-32400	-32400	3	0	1	0	3	2	6	0	3	2174186	1810	2357	1241	2216	9263	7013	7501	5032	
DHL	-32600	-32600	3	1	1	0	5	2	6	0	2	2171102	1810	2357	1241	2216	9263	7013	7501	5032	
DHL	-32800	-32800	0	0	1	0	4	2	7	0	3	2167876	1810	2357	1241	2216	9263	7013	7501	5032	
DHL	-33000	-33000	0	0	1	0	6	3	7	0	6	2164911	1810	2357	1241	2216	9263	7013	7501	5032	
DHL	-33200	-33200	0	0	1	0	3	3	6	0	5	2162295	1810	2357	1241	2216	9263	7013	7501	5032	
DHL	-33400	-33400	0	0	1	0	2	2	5	0	7	2159875	1810	2357	1241	2216	9263	7013	7501	5032	
DHL	-33600	-33600	0	1	0	0	2	0	5	0	6	2157215	1810	2357	1241	2216	9263	7013	7501	5032	
DHL	-33800	-33800	0	1	1	0	3	0	4	0	5	2154321	1810	2357	1241	2216	9263	7013	7501	5032	
DHL	-34000	-34000	0	1	2	0	3	0	5	0	4	2151736	1810	2357	1241	2216	9263	7013	7501	5032	
DHL	-34200	-34200	0	1	2	0	2	1	5	0	5	2148953	1810	2357	1241	2216	9263	7013	7501	5032	
DHL	-34400	-34400	1	1	2	0	4	1	6	0	5	2146367	1810	2357	1241	2216	9263	7013	7501	5032	
DHL	-34600	-34600	0	2	1	0	4	2	6	0	4	2143489	1810	2357	1241	2216	9263	7013	7501	5032	
DHL	-34800	-34800	2	0	0	0	3	6	8	0	3	2140476	1810	2357	1241	2216	9263	7013	7501	5032	
DHL	-35000	-35000	2	0	0	0	4	5	6	0	3	2137355	1810	2357	1241	2216	9263	7013	7501	5032	
DHL	-35200	-35200	2	0	0	0	5	2	5	0	5	2134839	1810	2357	1241	2216	9263	7013	7501	5032	
DHL	-35400	-35400	1	1	0	0	5	4	2	0	6	2132673	1810	2357	1241	2216	9263	7013	7501	5032	
DHL	-35600	-35600	0	2	0	1	5	7	3	0	9	2131122	1810	2357	1241	2216	9263	7013	7501	5032	
DHL	-35800	-35800	0	1	0	1	5	4	4	0	8	2129150	1810	2357	1241	2216	9263	7013	7501	5032	
DHL	-36000	-36000	0	0	0	2	6	3	5	0	7	2127115	1810	2357	1241	2216	9263	7013	7501	5032	
DHL	-36200	-36200	1	0	0	3	5	3	4	0	6	2124827	1810	2357	1241	2216	9263	7013	7501	5032	
DHL	-36400	-36400	1	0	0	3	5	2	6	0	6	2122545	1810	2357	1241	2216	9263	7013	7501	5032	
DHL	-36600	-36600	0	0	0	2	6	3	7	0	7	2119697	1810	2357	1241	2216	9263	7013	7501	5032	
DHL	-36800	-36800	1	1	0	3	3	3	6	0	7	2116731	1810	2357	1241	2216	9263	7013	7501	5032	
DHL	-37000	-37000	1	1	0	1	3	3	4	0	7	2113242	1810	2357	1241	2216	9263	7013	7501	5032	
DHL	-37200	-37200	1	1	1	3	3	3	4	0	5	2110071	1810	2357	1241	2216	9263	7013	7501	5032	
DHL	-37400	-37400	1	1	1	0	3	6	3	0	5	2106668	1810	2357	1241	2216	9263	7013	7501	5032	
DHL	-37600	-37600	1	1	1	0	5	5	1	0	5	2102904	1810	2357	1241	2216	9263	7013	7501	5032	
DHL	-37800	-37800	1	3	0	0	7	5	1	0	5	2099536	1810	2357	1241	2216	9263	7013	7501	5032	
DHL	-38000	-38000	1	3	1	1	6	5	1	0	4	2096597	1810	2357	1241	2216	9263	7013	7501	5032	
DHL	-38200	-38200	1	3	1	1	3	6	2	0	4	2093786	1810	2357	1241	2216	9263	7013	7501	5032	
DHL	-38400	-38400	0	2	1	3	5	6	3	0	2	2091151	1810	2357	1241	2216	9263	7013	7501	5032	
DHL	-38600	-38600	1	2	1	4	8	6	6	0	2	2089325	1810	2357	1241	2216	9263	7013	7501	5032	
DHL	-38800	-38800	1	0	1	4	9	4	7	0	3	2087841	1810	2357	1241	2216	9263	7013	7501	5032	
DHL	-39000	-39000	2	0	1	4	9	6	8	0	3	2086227	1810	2357	1241	2216	9263	7013	7501	5032	
DHL	-39200	-39200	1	0	0	3	6	7	7	0	3	2084571	1810	2357	1241	2216	9263	7013	7501	5032	
DHL	-39400	-39400	1	0	1	2	6	8	7	0	3	2083311	1810	2357	1241	2216	9263	7013	7501	5032	
DHL	-39600	-39600	2	0	0	0	7	9	6	0	2	2081878	1810	2357	1241	2216	9263	7013	7501	5032	
DHL	-39800	-39800	2	0	0	0	7	7	5	0	2	2080461	1810	2357	1241	2216	9263	7013	7501	5032	
DHL	-40000	-40000	3	1	0	0	7	3	7	0	3	2079525	1810	2357	1241	2216	9263	7013	7501	5032	
DHL	-40200	-40200	3	2	0	0	6	3	6	0	3	2078263	1810	2357	1241	2216	9263	7013	7501	5032	
DHL	-40400	-40400	5	1	0	0	6	1	5	0	3	2076909	1810	2357	1241	2216	9263	7013	7501	5032	
DHL	-40600	-40600	4	1	0	3	4	1	6	0	3	2075433	1810	2357	1241	2216	9263	7013	7501	5032	
DHL	-40800	-40800	3	2	0	1	4	2	6	0	4	2073573	1810	2357	1241	2216	9263	7013	7501	5032	
DHL	-41000	-41000	3	2	0	1	4	2	5	0	4	2071445	1810	2357	1241	2216	9263	7013	7501	5032	
DHL	-41200	-41200	3	2	0	0	6	2	5	0	2	2069402	1810	2357	1241	2216	9263	7013	7501	5032	
DHL	-41400	-41400	3	3	0	0	4	1	3	0	1	2067475	1810	2357	1241	2216	9263	7013	7501	5032	
DHL	-41600	-41600	3	3	0	0	2	1	2	0	3	2065358	1810	2357	1241	2216	9263	7013	7501	5032	
DHL	-41800	-41800	3	3	0	0	4	2	1	0	2	2063173	1810	2357	1241	2216	9263	7013	7501	5032	
DHL	-42000	-42000	3	3	0	1	4	3	3	0	2	2060730	1810	2357	1241	2216	9263	7013	7501	5032	
DHL	-42200	-42200	1	2	0	1	6	5	2	0	2	2057655	1810	2357	1241	2216	9263	7013	7501	5032	
DHL	-42400	-42400	1	1	1	1	8	6	2	0	2	2054358	1810	2357	1241	2216	9263	7013	7501	5032	
DHL	-42600	-42600	1	1	1	1	9	6	2	0	1	2050890	1810	2357	1241	2216	9263	7013	7501	5032	
DHL	-42800	-42800	0	0	1	0	6	5	3	0	1	2047639	1810	2357	1241	2216	9263	7013	7501	5032	
DHL	-43000	-43000	0	1	2	1	7	4	3	0	1	2044101	1810	2357	1241	2216	9263	7013	7501	5032	
DHL	-43200	-43200	0	1	3	1	6	3	3	0	1	2041018	1810	2357	1241	2216	9263	7013	7501	5032	
DHL	-43400	-43400	0	1	3	1	4	4	4	0	1	2037916	1810	2357	1241	2216	9263	7013	7501	5032	
DHL	-43600	-43600	0	1	3	3	3	4	3	0	1	2034932	1810	2357	1241	2216	9263	7013	7501	5032	
DHL	-43800	-43800	0	1	2	3	3	1	3	0	1	2031849	1810	2357	1241	2216	9263	7013	7501	5032	
DHL	-44000	-44000	0	0	2	2	7	0	4	0	1	2028628	1810	2357	1241	2216	9263	7013	7501	5032	
DHL	-44200	-44200	0	0	1	1	6	1	4	0	1	2025445	1810	2357	1241	2216	9263	7013	7501	5032	
DHL	-44400	-44400	1	0	1	1	8	1	5	0	1	2022863	1810	2357	1241	2216	9263	7013	7501	5032	
DHL	-44600	-44600	2	1	2	1	5	3	4	0	1	2020862	1810	2357	1241	2216	9263	7013	7501	5032	
DHL	-44800	-44800	2	1	0	1	4	2	5	0	2	2019018	1810	2357	1241	2216	9263	7013	7501	5032	
DHL	-45000	-45000	2	1	0	1	3	3	4	0	3	2016948	1810	2357	1241	2216	9263	7013	7501	5032	
DHL	-45200	-45200	1	1	0	2	4	5	5	0	3	2014790	1810	2357	1241	2216	9263	7013	7501	5032	
DHL	-45400	-45400	1	1	0	3	7	5	7	0	2	2012909	1810	2357	1241	2216	9263	7013	7501	5032	
DHL	-45600	-45600	1	0	0	3	6	4	7	0	2	2010515	1810	2357	1241	2216	9263	7013	7501	5032	
DHL	-45800	-45800	1	0	0	3	7	3	6	0	2	2007844	1810	2357	1241	2216	9263	7013	7501	5032	
DHL	-46000	-46000	1	0	0	4	8	3	4	0	2	2004834	1810	2357	1241	2216	9263	7013	7501	5032	
DHL	-46200	-46200	1	0	0	3	6	3	7	0	3	2002119	1810	2357	1241	2216	9263	7013	7501	5032	
DHL	-46400	-46400	2	0	0	2	2	5	5	0	1	2000108	1810	2357	1241	2216	9263	7013	7501	5032	
DHL	-46600	-46600	1	0	0	2	2	5	4	0	2	1998689	1810	2357	1241	2216	9263	7013	7501	5032	
DHL	-46800	-46800	1	0	0	1	2	5	3	0	2	1997122	1810	2357	1241	2216	9263	7013	7501	5032	
DHL	-47000	-47000	1	0	0	1	2	4	2	0	2	1995125	1810	2357	1241	2216	9263	7013	7501	5032	
DHL	-47200	-47200	1	1	0	1	5	6	3	0	0	1992891	1810	2357	1241	2216	9263	7013	7501	5032	
DHL	-47400	-47400	1	2	0	1	6	6	3	0	1	1991092	1810	2357	1241	2216	9263	7013	7501	5032	
DHL	-47600	-47600	1	3	0	0	6	5	2	0	2	1989279	1810	2357	1241	2216	9263	7013	7501	5032	
DHL	-47800	-47800	1	3	0	0	7	5	2	0	4	1986815	1810	2357	1241	2216	9263	7013	7501	5032	
DHL	-48000	-48000	1	3	0	0	9	4	1	0	4	1984505	1810	2357	1241	2216	9263	7013	7501	5032	
DHL	-48200	-48200	1	2	0	0	8	4	0	0	4	1982899	1810	2357	1241	2216	9263	7013	7501	5032	
DHL	-48400	-48400	1	2	0	0	6	7	1	0	3	1981494	1810	2357	1241	2216	9263	7013	7501	5032	
DHL	-48600	-48600	1	1	0	0	8	8	1	0	2	1979833	1810	2357	1241	2216	9263	7013	7501	5032	
DHL	-48800	-48800	1	1	0	0	7	9	2	0	4	1978201	1810	2357	1241	2216	9263	7013	7501	5032	
DHL	-49000	-49000	1	1	0	0	5	6	2	0	3	1976622	1810	2357	1241	2216	9263	7013	7501	5032	
DHL	-49200	-49200	0	2	0	0	6	5	4	0	4	1975511	1810	2357	1241	2216	9263	7013	7501	5032	
DHL	-49400	-49400	0	2	1	1	7	6	5	0	5	1974525	1810	2357	1241	2216	9263	7013	7501	5032	
DHL	-49600	-49600	1	2	1	1	7	6	6	0	5	1973400	1810	2357	1241	2216	9263	7013	7501	5032	
DHL	-49800	-49800	2	2	1	1	7	5	7	0	3	1972294	1810	2357	1241	2216	9263	7013	7501	5032	
DHL	-50000	-50000	1	2	1	0	5	5	7	0	4	1971544	1810	2357	1241	2216	9263	7013	7501	5032	
DHL	-50200	-50200	1	2	1	0	4	6	7	0	4	1970539	1810	2357	1241	2216	9263	7013	7501	5032	
DHL	-50400	-50400	1	2	1	0	4	6	7	0	3	1969107	1810	2357	1241	2216	9263	7013	7501	5032	
DHL	-50600	-50600	1	1	0	0	4	4	4	0	3	1967362	1810	2357	1241	2216	9263	7013	7501	5032	
DHL	-50800	-50800	2	1	1	0	4	3	4	0	6	1965839	1810	2357	1241	2216	9263	7013	7501	5032	
DHL	-51000	-51000	2	0	1	1	5	3	4	0	3	1964553	1810	2357	1241	2216	9263	7013	7501	5032	
DHL	-51200	-51200	1	0	1	1	5	3	5	0	3	1963330	1810	2357	1241	2216	9263	7013	7501	5032	
DHL	-51400	-51400	1	0	2	2	5	2	6	0	3	1961888	1810	2357	1241	2216	9263	7013	7501	5032	
DHL	-51600	-51600	0	0	2	2	5	1	5	0	1	1960430	1810	2357	1241	2216	9263	7013	7501	5032	
DHL	-51800	-51800	0	0	1	2	6	2	3	0	0	1959030	1810	2357	1241	2216	9263	7013	7501	5032	
DHL	-52000	-52000	2	0	2	4	6	3	3	0	0	1957171	1810	2357	1241	2216	9263	7013	7501	5032	
DHL	-52200	-52200	2	0	2	3	6	5	3	0	0	1955447	1810	2357	1241	2216	9263	7013	7501	5032	
DHL	-52400	-52400	1	0	2	4	5	5	4	0	0	1953765	1810	2357	1241	2216	9263	7013	7501	5032	
DHL	-52600	-52600	1	0	2	4	5	3	5	0	0	1952325	1810	2357	1241	2216	9263	7013	7501	5032	
DHL	-52800	-52800	1	1	2	4	6	4	5	0	1	1950356	1810	2357	1241	2216	9263	7013	7501	5032	
DHL	-53000	-53000	1	2	2	2	9	4	5	0	2	1948448	1810	2357	1241	2216	9263	7013	7501	5032	
DHL	-53200	-53200	1	2	3	2	7	3	5	0	1	1946444	1810	2357	1241	2216	9263	7013	7501	5032	
DHL	-53400	-53400	1	0	2	2	7	3	5	0	2	1944520	1810	2357	1241	2216	9263	7013	7501	5032	
DHL	-53600	-53600	1	0	1	5	7	2	4	0	2	1942758	1810	2357	1241	2216	9263	7013	7501	5032	
DHL	-53800	-53800	1	0	0	2	6	3	6	0	3	1941307	1810	2357	1241	2216	9263	7013	7501	5032	
DHL	-54000	-54000	1	0	0	1	7	4	6	0	4	1940008	1810	2357	1241	2216	9263	7013	7501	5032	
DHL	-54200	-54200	1	1	0	0	7	3	3	0	3	1938665	1810	2357	1241	2216	9263	7013	7501	5032	
DHL	-54400	-54400	1	2	1	0	8	4	2	0	2	1937369	1810	2357	1241	2216	9263	7013	7501	5032	
DHL	-54600	-54600	1	1	1	0	6	3	4	0	3	1935904	1810	2357	1241	2216	9263	7013	7501	5032	
DHL	-54800	-54800	0	1	2	0	6	3	3	0	4	1934508	1810	2357	1241	2216	9263	7013	7501	5032	
DHL	-55000	-55000	0	1	1	0	4	3	4	0	5	1933480	1810	2357	1241	2216	9263	7013	7501	5032	
DHL	-55200	-55200	0	1	1	0	7	2	3	0	5	1932408	1810	2357	1241	2216	9263	7013	7501	5032	
DHL	-55400	-55400	0	1	2	0	7	3	6	0	5	1931408	1810	2357	1241	2216	9263	7013	7501	5032	
DHL	-55600	-55600	0	2	2	0	6	3	6	0	3	1930346	1810	2357	1241	2216	9263	7013	7501	5032	
DHL	-55800	-55800	1	3	1	0	9	2	5	0	4	1929170	1810	2357	1241	2216	9263	7013	7501	5032	
DHL	-56000	-56000	1	3	1	0	6	1	4	0	3	1928238	1810	2357	1241	2216	9263	7013	7501	5032	
DHL	-56200	-56200	0	3	1	0	5	2	4	0	3	1927038	1810	2357	1241	2216	9263	7013	7501	5032	
DHL	-56400	-56400	1	3	1	0	7	3	3	0	2	1925701	1810	2357	1241	2216	9263	7013	7501	5032	
DHL	-56600	-56600	1	2	1	2	3	4	5	0	3	1924592	1810	2357	1241	2216	9263	7013	7501	5032	
DHL	-56800	-56800	1	2	1	2	4	4	7	0	2	1922986	1810	2357	1241	2216	9263	7013	7501	5032	
DHL	-57000	-57000	1	2	0	1	5	4	6	0	3	1921457	1810	2357	1241	2216	9263	7013	7501	5032	
DHL	-57200	-57200	1	2	0	2	5	5	5	0	3	1920032	1810	2357	1241	2216	9263	7013	7501	5032	
DHL	-57400	-57400	1	2	0	2	5	5	5	0	4	1918744	1810	2357	1241	2216	9263	7013	7501	5032	
DHL	-57600	-57600	0	3	0	2	5	3	5	0	3	1917497	1810	2357	1241	2216	9263	7013	7501	5032	
DHL	-57800	-57800	0	3	0	1	6	2	4	0	3	1915892	1810	2357	1241	2216	9263	7013	7501	5032	
DHL	-58000	-58000	0	3	0	1	8	0	3	0	3	1913250	1810	2357	1241	2216	9263	7013	7501	5032	
DHL	-58200	-58200	2	3	0	1	4	0	5	0	3	1910416	1810	2357	1241	2216	9263	7013	7501	5032	
DHL	-58400	-58400	3	2	0	1	2	1	2	0	2	1907149	1810	2357	1241	2216	9263	7013	7501	5032	
DHL	-58600	-58600	2	2	0	1	1	2	4	0	2	1904545	1810	2357	1241	2216	9263	7013	7501	5032	
DHL	-58800	-58800	1	1	1	0	1	2	4	0	2	1901895	1810	2357	1241	2216	9263	7013	7501	5032	
DHL	-59000	-59000	1	1	1	0	1	1	5	0	3	1899617	1810	2357	1241	2216	9263	7013	7501	5032	
DHL	-59200	-59200	0	1	1	0	2	3	4	0	3	1897688	1810	2357	1241	2216	9263	7013	7501	5032	
DHL	-59400	-59400	0	0	1	0	2	4	3	0	4	1896304	1810	2357	1241	2216	9263	7013	7501	5032	
DHL	-59600	-59600	0	2	1	1	3	5	2	0	4	1895239	1810	2357	1241	2216	9263	7013	7501	5032	
DHL	-59800	-59800	0	1	1	2	3	5	2	0	5	1894255	1810	2357	1241	2216	9263	7013	7501	5032	
DHL	-60000	-60000	0	1	1	1	4	3	2	0	1	1893172	1810	2357	1241	2216	9263	7013	7501	5032	
DHL	-60200	-60200	0	2	0	2	6	4	5	0	1	1891890	1810	2357	1241	2216	9263	7013	7501	5032	
DHL	-60400	-60400	0	1	0	3	9	4	3	0	1	1890014	1810	2357	1241	2216	9263	7013	7501	5032	
DHL	-60600	-60600	0	1	0	3	8	4	5	0	3	1887875	1810	2357	1241	2216	9263	7013	7501	5032	
DHL	-60800	-60800	0	0	0	2	11	3	5	0	4	1885461	1810	2357	1241	2216	9263	7013	7501	5032	
DHL	-61000	-61000	0	1	0	2	10	4	4	0	3	1883171	1810	2357	1241	2216	9263	7013	7501	5032	
DHL	-61200	-61200	0	1	0	2	10	4	4	0	3	1881078	1810	2357	1241	2216	9263	7013	7501	5032	
DHL	-61400	-61400	0	1	0	2	7	4	3	0	4	1879480	1810	2357	1241	2216	9263	7013	7501	5032	
DHL	-61600	-61600	0	1	0	4	5	3	3	0	3	1878258	1810	2357	1241	2216	9263	7013	7501	5032	
DHL	-61800	-61800	0	1	0	3	6	3	2	0	3	1877022	1810	2357	1241	2216	9263	7013	7501	5032	
DHL	-62000	-62000	0	0	0	3	6	4	3	0	5	1875392	1810	2357	1241	2216	9263	7013	7501	5032	
DHL	-62200	-62200	0	0	0	3	6	5	3	0	5	1873739	1810	2357	1241	2216	9263	7013	7501	5032	
DHL	-62400	-62400	0	0	0	2	1	6	6	0	5	1871604	1810	2357	1241	2216	9263	7013	7501	5032	
DHL	-62600	-62600	0	0	0	2	1	4	5	0	4	1869907	1810	2357	1241	2216	9263	7013	7501	5032	
DHL	-62800	-62800	0	0	0	2	3	5	4	0	4	1868537	1810	2357	1241	2216	9263	7013	7501	5032	
DHL	-63000	-63000	0	0	0	2	6	5	3	0	3	1867377	1810	2357	1241	2216	9263	7013	7501	5032	
DHL	-63200	-63200	0	0	0	2	6	5	2	0	3	1866081	1810	2357	1241	2216	9263	7013	7501	5032	
DHL	-63400	-63400	0	0	0	1	7	5	2	0	3	1864285	1810	2357	1241	2216	9263	7013	7501	5032	
DHL	-63600	-63600	0	0	0	3	5	6	2	0	4	1861985	1810	2357	1241	2216	9263	7013	7501	5032	
DHL	-63800	-63800	0	0	0	4	4	6	3	0	4	1859608	1810	2357	1241	2216	9263	7013	7501	5032	
DHL	-64000	-64000	0	1	0	2	3	5	4	0	2	1857468	1810	2357	1241	2216	9263	7013	7501	5032	
DHL	-64200	-64200	0	2	0	3	3	5	5	0	2	1855295	1810	2357	1241	2216	9263	7013	7501	5032	
DHL	-64400	-64400	0	2	0	3	1	6	5	0	1	1852991	1810	2357	1241	2216	9263	7013	7501	5032	
DHL	-64600	-64600	0	2	0	2	2	7	3	0	1	1850405	1810	2357	1241	2216	9263	7013	7501	5032	
DHL	-64800	-64800	0	2	0	2	2	6	2	0	1	1847182	1810	2357	1241	2216	9263	7013	7501	5032	
DHL	-65000	-65000	0	1	0	3	0	5	4	0	1	1844262	1810	2357	1241	2216	9263	7013	7501	5032	
DHL	-65200	-65200	1	1	0	1	2	5	3	0	1	1841981	1810	2357	1241	2216	9263	7013	7501	5032	
DHL	-65400	-65400	1	0	0	2	4	4	4	0	1	1840177	1810	2357	1241	2216	9263	7013	7501	5032	
DHL	-65600	-65600	1	0	0	2	6	2	3	0	1	1838577	1810	2357	1241	2216	9263	7013	7501	5032	
DHL	-65800	-65800	0	0	0	1	8	3	2	0	2	1836839	1810	2357	1241	2216	9263	7013	7501	5032	
DHL	-66000	-66000	0	1	0	1	9	2	2	0	1	1834885	1810	2357	1241	2216	9263	7013	7501	5032	
DHL	-66200	-66200	0	2	0	1	9	3	2	0	1	1833068	1810	2357	1241	2216	9263	7013	7501	5032	
DHL	-66400	-66400	0	3	0	1	6	3	1	0	2	1831181	1810	2357	1241	2216	9263	7013	7501	5032	
DHL	-66600	-66600	1	3	0	2	4	1	1	0	1	1829612	1810	2357	1241	2216	9263	7013	7501	5032	
DHL	-66800	-66800	1	1	0	2	6	0	0	0	0	1828789	1810	2357	1241	2216	9263	7013	7501	5032	
DHL	-67000	-67000	1	1	0	1	5	0	3	0	0	1827950	1810	2357	1241	2216	9263	7013	7501	5032	
DHL	-67200	-67200	0	2	0	1	5	1	4	0	0	1826856	1810	2357	1241	2216	9263	7013	7501	5032	
DHL	-67400	-67400	1	2	0	0	5	1	7	0	1	1825423	1810	2357	1241	2216	9263	7013	7501	5032	
DHL	-67600	-67600	1	2	0	0	5	1	6	0	1	1824218	1810	2357	1241	2216	9263	7013	7501	5032	
DHL	-67800	-67800	1	2	0	0	6	2	4	0	2	1822999	1810	2357	1241	2216	9263	7013	7501	5032	
DHL	-68000	-68000	0	2	2	0	6	3	4	0	2	1821618	1810	2357	1241	2216	9263	7013	7501	5032	
DHL	-68200	-68200	0	1	2	0	5	3	5	0	3	1820236	1810	2357	1241	2216	9263	7013	7501	5032	
DHL	-68400	-68400	1	1	2	0	4	3	6	0	2	1818803	1810	2357	1241	2216	9263	7013	7501	5032	
DHL	-68600	-68600	0	0	2	0	3	2	4	0	1	1817157	1810	2357	1241	2216	9263	7013	7501	5032	
DHL	-68800	-68800	0	0	2	0	5	2	9	0	0	1816047	1810	2357	1241	2216	9263	7013	7501	5032	
DHL	-69000	-69000	0	1	2	0	3	2	6	0	0	1815062	1810	2357	1241	2216	9263	7013	7501	5032	
DHL	-69200	-69200	0	1	1	0	2	3	6	0	0	1814085	1810	2357	1241	2216	9263	7013	7501	5032	
DHL	-69400	-69400	0	1	1	0	3	3	4	0	0	1813039	1810	2357	1241	2216	9263	7013	7501	5032	
DHL	-69600	-69600	0	1	1	0	2	3	4	0	0	1811640	1810	2357	1241	2216	9263	7013	7501	5032	
DHL	-69800	-69800	1	0	1	1	3	2	3	0	0	1810288	1810	2357	1241	2216	9263	7013	7501	5032	
DHL	-70000	-70000	1	0	1	1	3	2	4	0	1	1808321	1810	2357	1241	2216	9263	7013	7501	5032	
DHL	-70200	-70200	2	0	1	1	4	2	4	0	2	1806654	1810	2357	1241	2216	9263	7013	7501	5032	
DHL	-70400	-70400	2	0	1	1	3	1	5	0	2	1805004	1810	2357	1241	2216	9263	7013	7501	5032	
DHL	-70600	-70600	2	1	1	0	5	0	4	0	3	1803576	1810	2357	1241	2216	9263	7013	7501	5032	
DHL	-70800	-70800	1	1	0	0	5	2	4	0	1	1802072	1810	2357	1241	2216	9263	7013	7501	5032	
DHL	-71000	-71000	0	1	0	2	3	2	5	0	2	1801057	1810	2357	1241	2216	9263	7013	7501	5032	
DHL	-71200	-71200	2	1	0	2	1	3	4	0	1	1800370	1810	2357	1241	2216	9263	7013	7501	5032	
DHL	-71400	-71400	2	1	1	2	2	3	5	0	1	1799513	1810	2357	1241	2216	9263	7013	7501	5032	
DHL	-71600	-71600	2	0	1	2	1	2	5	0	4	1798643	1810	2357	1241	2216	9263	7013	7501	5032	
DHL	-71800	-71800	2	1	1	2	2	1	4	0	4	1798043	1810	2357	1241	2216	9263	7013	7501	5032	
DHL	-72000	-72000	1	0	1	2	2	1	4	0	5	1797561	1810	2357	1241	2216	9263	7013	7501	5032	
DHL	-72200	-72200	1	1	1	0	2	2	4	0	8	1796638	1810	2357	1241	2216	9263	7013	7501	5032	
DHL	-72400	-72400	1	1	1	0	2	3	3	0	5	1795553	1810	2357	1241	2216	9263	7013	7501	5032	
DHL	-72600	-72600	1	1	3	0	1	3	3	0	4	1794653	1810	2357	1241	2216	9263	7013	7501	5032	
DHL	-72800	-72800	1	0	3	0	1	6	2	0	4	1793858	1810	2357	1241	2216	9263	7013	7501	5032	
DHL	-73000	-73000	1	0	3	1	2	6	2	0	5	1793058	1810	2357	1241	2216	9263	7013	7501	5032	
DHL	-73200	-73200	0	0	2	1	1	6	4	0	2	1791903	1810	2357	1241	2216	9263	7013	7501	5032	
DHL	-73400	-73400	0	0	0	2	2	5	3	0	2	1790495	1810	2357	1241	2216	9263	7013	7501	5032	
DHL	-73600	-73600	1	0	0	2	2	3	5	0	1	1788763	1810	2357	1241	2216	9263	7013	7501	5032	
DHL	-73800	-73800	1	1	0	2	3	3	5	0	2	1786104	1810	2357	1241	2216	9263	7013	7501	5032	
DHL	-74000	-74000	1	1	0	1	4	4	6	0	3	1783566	1810	2357	1241	2216	9263	7013	7501	5032	
DHL	-74200	-74200	1	1	1	2	5	6	6	0	3	1781519	1810	2357	1241	2216	9263	7013	7501	5032	
DHL	-74400	-74400	0	0	0	3	5	6	6	0	2	1779633	1810	2357	1241	2216	9263	7013	7501	5032	
DHL	-74600	-74600	0	0	0	3	7	7	6	0	2	1778162	1810	2357	1241	2216	9263	7013	7501	5032	
DHL	-74800	-74800	0	0	0	3	7	5	6	0	2	1777186	1810	2357	1241	2216	9263	7013	7501	5032	
DHL	-75000	-75000	0	0	1	3	5	6	5	0	3	1776030	1810	2357	1241	2216	9263	7013	7501	5032	
DHL	-75200	-75200	0	0	1	2	4	3	5	0	2	1774824	1810	2357	1241	2216	9263	7013	7501	5032	
DHL	-75400	-75400	0	0	1	1	4	6	4	0	3	1773537	1810	2357	1241	2216	9263	7013	7501	5032	
DHL	-75600	-75600	0	0	1	1	1	7	2	0	3	1772502	1810	2357	1241	2216	9263	7013	7501	5032	
DHL	-75800	-75800	0	0	0	2	2	7	2	0	2	1771093	1810	2357	1241	2216	9263	7013	7501	5032	
DHL	-76000	-76000	0	1	0	2	3	6	2	0	4	1769496	1810	2357	1241	2216	9263	7013	7501	5032	
DHL	-76200	-76200	0	1	0	0	4	5	2	0	2	1768417	1810	2357	1241	2216	9263	7013	7501	5032	
DHL	-76400	-76400	0	1	0	0	5	6	2	0	2	1767275	1810	2357	1241	2216	9263	7013	7501	5032	
DHL	-76600	-76600	0	3	0	1	5	8	1	0	3	1766083	1810	2357	1241	2216	9263	7013	7501	5032	
DHL	-76800	-76800	0	3	1	1	4	6	2	0	4	1764501	1810	2357	1241	2216	9263	7013	7501	5032	
DHL	-77000	-77000	0	4	2	1	2	3	2	0	4	1762902	1810	2357	1241	2216	9263	7013	7501	5032	
DHL	-77200	-77200	0	4	1	0	0	2	3	0	4	1761684	1810	2357	1241	2216	9263	7013	7501	5032	
DHL	-77400	-77400	0	3	1	0	1	2	3	0	5	1760486	1810	2357	1241	2216	9263	7013	7501	5032	
DHL	-77600	-77600	0	2	1	1	2	2	4	0	6	1759366	1810	2357	1241	2216	9263	7013	7501	5032	
DHL	-77800	-77800	0	2	1	2	2	3	3	0	6	1758154	1810	2357	1241	2216	9263	7013	7501	5032	
DHL	-78000	-78000	0	1	1	3	3	2	2	0	5	1756754	1810	2357	1241	2216	9263	7013	7501	5032	
DHL	-78200	-78200	0	1	1	4	3	3	4	0	5	1755484	1810	2357	1241	2216	9263	7013	7501	5032	
DHL	-78400	-78400	0	0	1	4	4	3	3	0	2	1754657	1810	2357	1241	2216	9263	7013	7501	5032	
DHL	-78600	-78600	1	0	0	4	6	2	2	0	1	1753714	1810	2357	1241	2216	9263	7013	7501	5032	
DHL	-78800	-78800	1	0	0	3	4	0	2	0	1	1752743	1810	2357	1241	2216	9263	7013	7501	5032	
DHL	-79000	-79000	1	0	0	2	5	0	2	0	2	1751562	1810	2357	1241	2216	9263	7013	7501	5032	
DHL	-79200	-79200	1	0	0	2	4	1	2	0	3	1749993	1810	2357	1241	2216	9263	7013	7501	5032	
DHL	-79400	-79400	0	1	0	0	3	1	3	0	2	1748333	1810	2357	1241	2216	9263	7013	7501	5032	
DHL	-79600	-79600	1	0	0	0	5	2	4	0	2	1746743	1810	2357	1241	2216	9263	7013	7501	5032	
DHL	-79800	-79800	1	0	0	0	6	1	4	0	1	1745449	1810	2357	1241	2216	9263	7013	7501	5032	
DHL	-80000	-80000	1	0	0	1	6	0	4	0	2	1744021	1810	2357	1241	2216	9263	7013	7501	5032	
DHL	-80200	-80200	1	0	0	1	5	1	3	0	3	1742603	1810	2357	1241	2216	9263	7013	7501	5032	
DHL	-80400	-80400	1	0	0	0	5	2	3	0	5	1741336	1810	2357	1241	2216	9263	7013	7501	5032	
DHL	-80600	-80600	1	0	0	0	5	3	2	0	3	1740306	1810	2357	1241	2216	9263	7013	7501	5032	
DHL	-80800	-80800	1	0	0	0	3	3	3	0	3	1739338	1810	2357	1241	2216	9263	7013	7501	5032	
DHL	-81000	-81000	1	0	0	0	4	3	3	0	3	1737699	1810	2357	1241	2216	9263	7013	7501	5032	
DHL	-81200	-81200	1	0	0	0	4	5	5	0	1	1735702	1810	2357	1241	2216	9263	7013	7501	5032	
DHL	-81400	-81400	0	0	1	0	4	5	5	0	0	1734097	1810	2357	1241	2216	9263	7013	7501	5032	
DHL	-81600	-81600	0	0	1	0	5	4	6	0	3	1732230	1810	2357	1241	2216	9263	7013	7501	5032	
DHL	-81800	-81800	0	2	0	0	4	5	5	0	3	1730343	1810	2357	1241	2216	9263	7013	7501	5032	
DHL	-82000	-82000	0	0	0	0	5	3	3	0	3	1728661	1810	2357	1241	2216	9263	7013	7501	5032	
DHL	-82200	-82200	0	1	0	0	8	4	3	0	2	1727393	1810	2357	1241	2216	9263	7013	7501	5032	
DHL	-82400	-82400	0	2	0	0	6	2	3	0	3	1726345	1810	2357	1241	2216	9263	7013	7501	5032	
DHL	-82600	-82600	0	1	0	0	8	2	4	0	5	1725440	1810	2357	1241	2216	9263	7013	7501	5032	
DHL	-82800	-82800	0	1	0	0	8	2	4	0	6	1724646	1810	2357	1241	2216	9263	7013	7501	5032	
DHL	-83000	-83000	1	0	0	0	6	3	6	0	6	1723862	1810	2357	1241	2216	9263	7013	7501	5032	
DHL	-83200	-83200	1	0	0	0	6	3	6	0	7	1723156	1810	2357	1241	2216	9263	7013	7501	5032	
DHL	-83400	-83400	1	1	0	0	6	4	6	0	4	1722291	1810	2357	1241	2216	9263	7013	7501	5032	
DHL	-83600	-83600	1	1	0	0	4	3	2	0	5	1721291	1810	2357	1241	2216	9263	7013	7501	5032	
DHL	-83800	-83800	1	1	0	1	4	4	1	0	5	1720538	1810	2357	1241	2216	9263	7013	7501	5032	
DHL	-84000	-84000	1	1	0	1	5	3	2	0	6	1719905	1810	2357	1241	2216	9263	7013	7501	5032	
DHL	-84200	-84200	1	1	0	1	5	2	1	0	6	1719021	1810	2357	1241	2216	9263	7013	7501	5032	
DHL	-84400	-84400	1	0	1	1	3	3	0	0	6	1718191	1810	2357	1241	2216	9263	7013	7501	5032	
DHL	-84600	-84600	1	0	1	1	3	2	1	0	5	1717404	1810	2357	1241	2216	9263	7013	7501	5032	
DHL	-84800	-84800	1	0	1	2	3	3	1	0	5	1716729	1810	2357	1241	2216	9263	7013	7501	5032	
DHL	-85000	-85000	1	0	1	2	3	3	1	0	5	1715651	1810	2357	1241	2216	9263	7013	7501	5032	
DHL	-85200	-85200	2	0	2	1	3	2	1	0	5	1714053	1810	2357	1241	2216	9263	7013	7501	5032	
DHL	-85400	-85400	1	0	1	0	3	3	3	0	4	1712374	1810	2357	1241	2216	9263	7013	7501	5032	
DHL	-85600	-85600	1	0	1	1	4	4	5	0	3	1710765	1810	2357	1241	2216	9263	7013	7501	5032	
DHL	-85800	-85800	1	0	1	1	4	5	5	0	3	1709422	1810	2357	1241	2216	9263	7013	7501	5032	
DHL	-86000	-86000	1	0	1	1	4	6	6	0	3	1708297	1810	2357	1241	2216	9263	7013	7501	5032	
DHL	-86200	-86200	1	0	1	1	5	9	7	0	3	1707050	1810	2357	1241	2216	9263	7013	7501	5032	
DHL	-86400	-86400	1	0	1	1	4	9	7	0	3	1706047	1810	2357	1241	2216	9263	7013	7501	5032	
DHL	-86600	-86600	2	0	0	1	3	8	5	0	4	1705264	1810	2357	1241	2216	9263	7013	7501	5032	
DHL	-86800	-86800	1	0	1	1	3	7	7	0	2	1704469	1810	2357	1241	2216	9263	7013	7501	5032	
DHL	-87000	-87000	1	0	1	1	6	6	6	0	2	1703872	1810	2357	1241	2216	9263	7013	7501	5032	
DHL	-87200	-87200	1	0	0	2	8	5	6	0	2	1703372	1810	2357	1241	2216	9263	7013	7501	5032	
DHL	-87400	-87400	1	0	1	1	5	4	4	0	3	1702947	1810	2357	1241	2216	9263	7013	7501	5032	
DHL	-87600	-87600	0	0	1	1	7	5	2	0	4	1702331	1810	2357	1241	2216	9263	7013	7501	5032	
DHL	-87800	-87800	0	0	1	1	5	5	3	0	5	1701470	1810	2357	1241	2216	9263	7013	7501	5032	
DHL	-88000	-88000	0	0	1	1	8	5	3	0	5	1701075	1810	2357	1241	2216	9263	7013	7501	5032	
DHL	-88200	-88200	0	0	1	0	8	6	5	0	4	1700790	1810	2357	1241	2216	9263	7013	7501	5032	
DHL	-88400	-88400	0	0	1	0	8	4	4	0	4	1700332	1810	2357	1241	2216	9263	7013	7501	5032	
DHL	-88600	-88600	0	0	0	1	8	4	6	0	4	1699498	1810	2357	1241	2216	9263	7013	7501	5032	
DHL	-88800	-88800	0	0	0	1	6	4	8	0	3	1698406	1810	2357	1241	2216	9263	7013	7501	5032	
DHL	-89000	-89000	0	0	0	0	6	3	7	0	3	1697199	1810	2357	1241	2216	9263	7013	7501	5032	
DHL	-89200	-89200	0	0	0	0	4	3	3	0	3	1696271	1810	2357	1241	2216	9263	7013	7501	5032	
DHL	-89400	-89400	0	1	1	2	4	5	2	0	3	1695171	1810	2357	1241	2216	9263	7013	7501	5032	
DHL	-89600	-89600	0	1	1	3	4	3	2	0	5	1694280	1810	2357	1241	2216	9263	7013	7501	5032	
DHL	-89800	-89800	1	1	1	3	4	4	2	0	5	1693480	1810	2357	1241	2216	9263	7013	7501	5032	
DHL	-90000	-90000	1	1	0	3	5	4	3	0	4	1692776	1810	2357	1241	2216	9263	7013	7501	5032	
DHL	-90200	-90200	1	1	0	4	5	4	4	0	5	1692214	1810	2357	1241	2216	9263	7013	7501	5032	
DHL	-90400	-90400	2	1	0	4	5	4	2	0	3	1691405	1810	2357	1241	2216	9263	7013	7501	5032	
DHL	-90600	-90600	1	1	0	2	5	5	2	0	3	1690222	1810	2357	1241	2216	9263	7013	7501	5032	
DHL	-90800	-90800	1	1	0	2	6	4	2	0	2	1689373	1810	2357	1241	2216	9263	7013	7501	5032	
DHL	-91000	-91000	1	1	0	2	3	3	2	0	1	1688373	1810	2357	1241	2216	9263	7013	7501	5032	
DHL	-91200	-91200	0	0	0	2	2	4	2	0	0	1687560	1810	2357	1241	2216	9263	7013	7501	5032	
DHL	-91400	-91400	0	1	0	0	0	3	1	0	0	1686630	1810	2357	1241	2216	9263	7013	7501	5032	
DHL	-91600	-91600	0	1	0	0	1	3	1	0	1	1685796	1810	2357	1241	2216	9263	7013	7501	5032	
DHL	-91800	-91800	0	0	0	0	3	2	1	0	2	1684631	1810	2357	1241	2216	9263	7013	7501	5032	
DHL	-92000	-92000	0	0	0	0	4	5	2	0	3	1683304	1810	2357	1241	2216	9263	7013	7501	5032	
DHL	-92200	-92200	0	0	0	1	5	6	1	0	3	1682135	1810	2357	1241	2216	9263	7013	7501	5032	
DHL	-92400	-92400	0	0	0	2	5	5	3	0	4	1681078	1810	2357	1241	2216	9263	7013	7501	5032	
DHL	-92600	-92600	0	0	0	2	4	4	3	0	4	1679982	1810	2357	1241	2216	9263	7013	7501	5032	
DHL	-92800	-92800	0	0	0	1	5	4	3	0	3	1678675	1810	2357	1241	2216	9263	7013	7501	5032	
DHL	-93000	-93000	0	0	1	0	6	3	3	0	3	1677426	1810	2357	1241	2216	9263	7013	7501	5032	
DHL	-93200	-93200	0	0	1	0	6	4	4	0	3	1676423	1810	2357	1241	2216	9263	7013	7501	5032	
DHL	-93400	-93400	0	0	0	0	8	4	4	0	4	1675177	1810	2357	1241	2216	9263	7013	7501	5032	
DHL	-93600	-93600	0	0	0	1	6	5	3	0	3	1673854	1810	2357	1241	2216	9263	7013	7501	5032	
DHL	-93800	-93800	0	0	0	2	5	5	3	0	1	1672476	1810	2357	1241	2216	9263	7013	7501	5032	
DHL	-94000	-94000	0	1	0	2	4	5	4	0	1	1670959	1810	2357	1241	2216	9263	7013	7501	5032	
DHL	-94200	-94200	1	1	0	0	2	5	4	0	3	1669441	1810	2357	1241	2216	9263	7013	7501	5032	
DHL	-94400	-94400	1	1	0	0	3	5	4	0	3	1667894	1810	2357	1241	2216	9263	7013	7501	5032	
DHL	-94600	-94600	1	0	0	0	6	3	4	0	2	1666459	1810	2357	1241	2216	9263	7013	7501	5032	
DHL	-94800	-94800	1	0	0	0	7	4	4	0	2	1665091	1810	2357	1241	2216	9263	7013	7501	5032	
DHL	-95000	-95000	1	0	0	0	6	3	4	0	2	1663648	1810	2357	1241	2216	9263	7013	7501	5032	
DHL	-95200	-95200	1	0	0	0	7	3	4	0	4	1662267	1810	2357	1241	2216	9263	7013	7501	5032	
DHL	-95400	-95400	0	0	0	0	4	4	6	0	4	1661339	1810	2357	1241	2216	9263	7013	7501	5032	
DHL	-95600	-95600	0	0	0	0	3	6	3	0	6	1660405	1810	2357	1241	2216	9263	7013	7501	5032	
DHL	-95800	-95800	2	1	0	1	5	6	3	0	6	1659425	1810	2357	1241	2216	9263	7013	7501	5032	
DHL	-96000	-96000	1	1	0	0	7	7	3	0	6	1658636	1810	2357	1241	2216	9263	7013	7501	5032	
DHL	-96200	-96200	1	0	0	0	6	10	4	0	7	1657738	1810	2357	1241	2216	9263	7013	7501	5032	
DHL	-96400	-96400	1	0	0	0	5	9	5	0	7	1657002	1810	2357	1241	2216	9263	7013	7501	5032	
DHL	-96600	-96600	0	0	0	1	5	10	4	0	6	1656326	1810	2357	1241	2216	9263	7013	7501	5032	
DHL	-96800	-96800	1	0	0	1	5	11	5	0	5	1655627	1810	2357	1241	2216	9263	7013	7501	5032	
DHL	-97000	-97000	1	0	2	2	6	6	3	0	3	1654950	1810	2357	1241	2216	9263	7013	7501	5032	
DHL	-97200	-97200	2	0	2	2	7	4	4	0	2	1654120	1810	2357	1241	2216	9263	7013	7501	5032	
DHL	-97400	-97400	3	0	2	2	6	3	7	0	1	1653187	1810	2357	1241	2216	9263	7013	7501	5032	
DHL	-97600	-97600	2	0	2	1	5	3	6	0	2	1651965	1810	2357	1241	2216	9263	7013	7501	5032	
DHL	-97800	-97800	2	0	2	0	4	4	6	0	2	1650331	1810	2357	1241	2216	9263	7013	7501	5032	
DHL	-98000	-98000	2	0	2	0	3	3	6	0	2	1648755	1810	2357	1241	2216	9263	7013	7501	5032	
DHL	-98200	-98200	1	0	0	1	2	1	6	0	6	1647583	1810	2357	1241	2216	9263	7013	7501	5032	
DHL	-98400	-98400	1	0	0	0	3	1	4	0	4	1646584	1810	2357	1241	2216	9263	7013	7501	5032	
DHL	-98600	-98600	2	0	0	0	6	2	4	0	2	1645942	1810	2357	1241	2216	9263	7013	7501	5032	
DHL	-98800	-98800	3	0	1	1	5	3	5	0	2	1645229	1810	2357	1241	2216	9263	7013	7501	5032	
DHL	-99000	-99000	3	1	2	2	6	4	5	0	3	1644639	1810	2357	1241	2216	9263	7013	7501	5032	
DHL	-99200	-99200	2	0	1	3	6	3	6	0	3	1644163	1810	2357	1241	2216	9263	7013	7501	5032	
DHL	-99400	-99400	2	0	1	3	3	3	4	0	3	1643763	1810	2357	1241	2216	9263	7013	7501	5032	
DHL	-99600	-99600	0	0	0	3	4	3	9	0	2	1643064	1810	2357	1241	2216	9263	7013	7501	5032	
DHL	-99800	-99800	0	0	0	2	5	2	7	0	1	1642464	1810	2357	1241	2216	9263	7013	7501	5032	
DHL	-100000	-100000	1	0	0	2	5	2	5	0	1	1641599	1810	2357	1241	2216	9263	7013	7501	5032	
