FL	0	0	5	6	0	3	7	0	1	17	1	3627224	6075	4775	148	1925	4244	4632	2536	13292	512	
FL	-200	-200	5	5	0	3	9	0	1	17	1	3612577	6075	4775	148	1925	4244	4632	2536	13292	512	
FL	-400	-400	7	6	0	1	7	1	1	17	2	3578193	6075	4775	148	1925	4244	4632	2536	13292	512	
FL	-600	-600	5	5	1	1	6	2	2	18	0	3517321	6075	4775	148	1925	4244	4632	2536	13292	512	
FL	-800	-800	4	5	1	2	5	1	1	14	0	3435334	6075	4775	148	1925	4244	4632	2536	13292	512	
FL	-1000	-1000	5	4	0	2	5	2	2	14	0	3344346	6075	4775	148	1925	4244	4632	2536	13292	512	
FL	-1200	-1200	3	2	0	3	6	1	2	11	0	3250734	6075	4775	148	1925	4244	4632	2536	13292	512	
FL	-1400	-1400	5	1	1	3	4	1	2	7	0	3155955	6075	4775	148	1925	4244	4632	2536	13292	512	
FL	-1600	-1600	5	1	1	2	4	1	1	4	0	3066645	6075	4775	148	1925	4244	4632	2536	13292	512	
FL	-1800	-1800	5	1	0	2	3	1	1	5	0	2989544	6075	4775	148	1925	4244	4632	2536	13292	512	
FL	-2000	-2000	4	0	0	1	3	1	0	5	0	2924787	6075	4775	148	1925	4244	4632	2536	13292	512	
FL	-2200	-2200	5	0	0	1	3	1	1	5	0	2869252	6075	4775	148	1925	4244	4632	2536	13292	512	
FL	-2400	-2400	5	1	1	3	6	5	1	6	0	2823325	6075	4775	148	1925	4244	4632	2536	13292	512	
FL	-2600	-2600	4	2	0	3	6	7	1	9	0	2786873	6075	4775	148	1925	4244	4632	2536	13292	512	
FL	-2800	-2800	5	2	0	3	5	7	2	9	0	2757453	6075	4775	148	1925	4244	4632	2536	13292	512	
FL	-3000	-3000	4	3	0	3	4	7	2	9	0	2733282	6075	4775	148	1925	4244	4632	2536	13292	512	
FL	-3200	-3200	4	4	0	2	4	6	1	7	0	2714339	6075	4775	148	1925	4244	4632	2536	13292	512	
FL	-3400	-3400	4	4	0	2	4	5	2	9	0	2697027	6075	4775	148	1925	4244	4632	2536	13292	512	
FL	-3600	-3600	6	6	0	2	0	6	3	10	0	2682030	6075	4775	148	1925	4244	4632	2536	13292	512	
FL	-3800	-3800	5	6	0	1	0	6	2	10	0	2669103	6075	4775	148	1925	4244	4632	2536	13292	512	
FL	-4000	-4000	4	5	0	2	0	6	2	8	0	2658741	6075	4775	148	1925	4244	4632	2536	13292	512	
FL	-4200	-4200	3	5	0	2	1	6	1	10	0	2650281	6075	4775	148	1925	4244	4632	2536	13292	512	
FL	-4400	-4400	6	5	0	2	1	6	1	6	0	2642452	6075	4775	148	1925	4244	4632	2536	13292	512	
FL	-4600	-4600	5	4	0	1	0	5	0	9	0	2635033	6075	4775	148	1925	4244	4632	2536	13292	512	
FL	-4800	-4800	9	6	0	0	1	6	0	12	0	2628305	6075	4775	148	1925	4244	4632	2536	13292	512	
FL	-5000	-5000	11	4	0	0	1	7	2	13	1	2621819	6075	4775	148	1925	4244	4632	2536	13292	512	
FL	-5200	-5200	9	5	0	1	1	6	5	12	1	2615397	6075	4775	148	1925	4244	4632	2536	13292	512	
FL	-5400	-5400	11	5	0	1	1	7	3	10	1	2609048	6075	4775	148	1925	4244	4632	2536	13292	512	
FL	-5600	-5600	9	6	0	1	1	5	3	11	1	2603015	6075	4775	148	1925	4244	4632	2536	13292	512	
FL	-5800	-5800	10	7	0	1	1	6	3	10	0	2597498	6075	4775	148	1925	4244	4632	2536	13292	512	
FL	-6000	-6000	10	6	0	2	1	8	3	11	0	2592835	6075	4775	148	1925	4244	4632	2536	13292	512	
FL	-6200	-6200	10	7	0	2	1	6	3	10	0	2588912	6075	4775	148	1925	4244	4632	2536	13292	512	
FL	-6400	-6400	9	5	0	4	1	4	3	8	0	2585372	6075	4775	148	1925	4244	4632	2536	13292	512	
FL	-6600	-6600	8	4	0	3	2	4	2	7	0	2582017	6075	4775	148	1925	4244	4632	2536	13292	512	
FL	-6800	-6800	6	7	0	0	2	5	2	6	0	2578989	6075	4775	148	1925	4244	4632	2536	13292	512	
FL	-7000	-7000	5	6	0	0	2	7	2	5	0	2575714	6075	4775	148	1925	4244	4632	2536	13292	512	
FL	-7200	-7200	5	5	0	0	2	4	1	6	0	2572521	6075	4775	148	1925	4244	4632	2536	13292	512	
FL	-7400	-7400	6	5	0	0	3	6	0	6	0	2569246	6075	4775	148	1925	4244	4632	2536	13292	512	
FL	-7600	-7600	7	5	0	0	5	4	1	8	0	2566053	6075	4775	148	1925	4244	4632	2536	13292	512	
FL	-7800	-7800	5	5	0	0	5	4	1	9	0	2563353	6075	4775	148	1925	4244	4632	2536	13292	512	
FL	-8000	-8000	5	5	0	0	5	4	1	8	0	2561269	6075	4775	148	1925	4244	4632	2536	13292	512	
FL	-8200	-8200	8	6	0	0	5	2	1	8	0	2559451	6075	4775	148	1925	4244	4632	2536	13292	512	
FL	-8400	-8400	9	5	0	0	5	3	2	8	0	2557867	6075	4775	148	1925	4244	4632	2536	13292	512	
FL	-8600	-8600	7	2	0	0	4	5	2	7	0	2556365	6075	4775	148	1925	4244	4632	2536	13292	512	
FL	-8800	-8800	5	3	0	0	3	2	1	10	0	2554316	6075	4775	148	1925	4244	4632	2536	13292	512	
FL	-9000	-9000	5	2	0	1	3	2	2	13	0	2551970	6075	4775	148	1925	4244	4632	2536	13292	512	
FL	-9200	-9200	5	3	0	1	2	2	2	11	1	2549136	6075	4775	148	1925	4244	4632	2536	13292	512	
FL	-9400	-9400	2	4	0	1	0	2	2	10	1	2545700	6075	4775	148	1925	4244	4632	2536	13292	512	
FL	-9600	-9600	3	4	0	1	0	4	2	11	1	2542243	6075	4775	148	1925	4244	4632	2536	13292	512	
FL	-9800	-9800	3	2	2	0	1	5	1	10	1	2538359	6075	4775	148	1925	4244	4632	2536	13292	512	
FL	-10000	-10000	4	2	2	0	1	3	0	9	1	2534984	6075	4775	148	1925	4244	4632	2536	13292	512	
FL	-10200	-10200	5	2	0	0	0	3	1	7	1	2531925	6075	4775	148	1925	4244	4632	2536	13292	512	
FL	-10400	-10400	3	2	0	0	0	2	0	7	1	2528571	6075	4775	148	1925	4244	4632	2536	13292	512	
FL	-10600	-10600	2	2	0	0	1	2	1	8	0	2525180	6075	4775	148	1925	4244	4632	2536	13292	512	
FL	-10800	-10800	3	4	0	0	1	2	1	12	0	2522143	6075	4775	148	1925	4244	4632	2536	13292	512	
FL	-11000	-11000	5	4	0	1	3	8	1	11	0	2518553	6075	4775	148	1925	4244	4632	2536	13292	512	
FL	-11200	-11200	5	4	0	1	3	7	1	10	0	2515055	6075	4775	148	1925	4244	4632	2536	13292	512	
FL	-11400	-11400	6	1	0	1	3	6	1	9	0	2511784	6075	4775	148	1925	4244	4632	2536	13292	512	
FL	-11600	-11600	10	3	0	1	3	7	1	10	0	2508526	6075	4775	148	1925	4244	4632	2536	13292	512	
FL	-11800	-11800	8	3	0	2	2	7	2	11	0	2504985	6075	4775	148	1925	4244	4632	2536	13292	512	
FL	-12000	-12000	8	4	0	2	3	7	2	6	0	2501098	6075	4775	148	1925	4244	4632	2536	13292	512	
FL	-12200	-12200	7	3	0	3	2	8	1	5	0	2497565	6075	4775	148	1925	4244	4632	2536	13292	512	
FL	-12400	-12400	8	2	0	3	2	8	0	9	0	2494579	6075	4775	148	1925	4244	4632	2536	13292	512	
FL	-12600	-12600	7	3	0	3	4	8	0	6	0	2491207	6075	4775	148	1925	4244	4632	2536	13292	512	
FL	-12800	-12800	2	2	0	3	5	6	1	5	0	2487014	6075	4775	148	1925	4244	4632	2536	13292	512	
FL	-13000	-13000	4	2	0	3	3	5	1	6	0	2483392	6075	4775	148	1925	4244	4632	2536	13292	512	
FL	-13200	-13200	4	2	0	3	2	6	1	10	0	2480505	6075	4775	148	1925	4244	4632	2536	13292	512	
FL	-13400	-13400	6	3	0	2	3	6	1	12	0	2477534	6075	4775	148	1925	4244	4632	2536	13292	512	
FL	-13600	-13600	4	3	0	2	1	7	1	8	0	2474534	6075	4775	148	1925	4244	4632	2536	13292	512	
FL	-13800	-13800	3	2	0	4	2	6	1	5	0	2471371	6075	4775	148	1925	4244	4632	2536	13292	512	
FL	-14000	-14000	1	4	0	3	0	7	2	4	0	2467677	6075	4775	148	1925	4244	4632	2536	13292	512	
FL	-14200	-14200	2	5	0	3	0	7	2	4	0	2464337	6075	4775	148	1925	4244	4632	2536	13292	512	
FL	-14400	-14400	2	3	0	0	0	5	3	4	0	2461370	6075	4775	148	1925	4244	4632	2536	13292	512	
FL	-14600	-14600	1	4	0	0	2	3	1	6	0	2458907	6075	4775	148	1925	4244	4632	2536	13292	512	
FL	-14800	-14800	0	3	0	0	2	4	0	7	0	2456382	6075	4775	148	1925	4244	4632	2536	13292	512	
FL	-15000	-15000	1	4	0	0	2	5	0	5	0	2453820	6075	4775	148	1925	4244	4632	2536	13292	512	
FL	-15200	-15200	3	4	0	1	3	5	1	6	0	2451239	6075	4775	148	1925	4244	4632	2536	13292	512	
FL	-15400	-15400	7	4	0	1	4	4	2	6	0	2448222	6075	4775	148	1925	4244	4632	2536	13292	512	
FL	-15600	-15600	9	4	0	1	5	2	3	7	0	2444902	6075	4775	148	1925	4244	4632	2536	13292	512	
FL	-15800	-15800	9	4	0	1	5	3	4	4	0	2441033	6075	4775	148	1925	4244	4632	2536	13292	512	
FL	-16000	-16000	8	5	0	1	5	3	4	4	0	2436633	6075	4775	148	1925	4244	4632	2536	13292	512	
FL	-16200	-16200	8	5	0	1	5	4	4	6	0	2432430	6075	4775	148	1925	4244	4632	2536	13292	512	
FL	-16400	-16400	9	5	0	1	5	5	4	9	0	2428454	6075	4775	148	1925	4244	4632	2536	13292	512	
FL	-16600	-16600	10	5	0	1	5	3	3	8	0	2424296	6075	4775	148	1925	4244	4632	2536	13292	512	
FL	-16800	-16800	9	6	0	1	3	2	3	10	1	2420157	6075	4775	148	1925	4244	4632	2536	13292	512	
FL	-17000	-17000	8	5	0	1	2	3	3	13	1	2415995	6075	4775	148	1925	4244	4632	2536	13292	512	
FL	-17200	-17200	3	6	0	0	2	2	2	11	1	2412104	6075	4775	148	1925	4244	4632	2536	13292	512	
FL	-17400	-17400	3	4	0	0	5	2	3	11	1	2408250	6075	4775	148	1925	4244	4632	2536	13292	512	
FL	-17600	-17600	4	4	0	0	6	2	4	12	1	2404764	6075	4775	148	1925	4244	4632	2536	13292	512	
FL	-17800	-17800	7	6	0	0	7	1	5	9	1	2401027	6075	4775	148	1925	4244	4632	2536	13292	512	
FL	-18000	-18000	9	5	0	1	4	3	3	12	2	2397428	6075	4775	148	1925	4244	4632	2536	13292	512	
FL	-18200	-18200	6	5	0	2	4	4	3	12	1	2393287	6075	4775	148	1925	4244	4632	2536	13292	512	
FL	-18400	-18400	5	8	0	2	2	2	4	13	1	2389600	6075	4775	148	1925	4244	4632	2536	13292	512	
FL	-18600	-18600	2	8	0	1	2	4	4	14	1	2386320	6075	4775	148	1925	4244	4632	2536	13292	512	
FL	-18800	-18800	2	7	0	1	2	3	2	13	1	2383826	6075	4775	148	1925	4244	4632	2536	13292	512	
FL	-19000	-19000	1	6	0	0	2	3	3	13	0	2381560	6075	4775	148	1925	4244	4632	2536	13292	512	
FL	-19200	-19200	1	4	0	0	2	3	4	14	0	2379121	6075	4775	148	1925	4244	4632	2536	13292	512	
FL	-19400	-19400	2	6	0	0	4	2	4	12	0	2376396	6075	4775	148	1925	4244	4632	2536	13292	512	
FL	-19600	-19600	5	7	0	1	5	3	4	13	0	2373642	6075	4775	148	1925	4244	4632	2536	13292	512	
FL	-19800	-19800	7	6	0	1	4	3	3	12	0	2370683	6075	4775	148	1925	4244	4632	2536	13292	512	
FL	-20000	-20000	9	4	0	0	3	5	3	13	0	2367317	6075	4775	148	1925	4244	4632	2536	13292	512	
FL	-20200	-20200	10	4	0	0	5	6	3	10	0	2364061	6075	4775	148	1925	4244	4632	2536	13292	512	
FL	-20400	-20400	9	3	0	0	7	6	4	9	0	2360795	6075	4775	148	1925	4244	4632	2536	13292	512	
FL	-20600	-20600	8	2	0	0	7	6	3	9	0	2357019	6075	4775	148	1925	4244	4632	2536	13292	512	
FL	-20800	-20800	4	1	0	2	5	3	2	14	1	2352723	6075	4775	148	1925	4244	4632	2536	13292	512	
FL	-21000	-21000	5	1	0	2	4	3	2	15	1	2348926	6075	4775	148	1925	4244	4632	2536	13292	512	
FL	-21200	-21200	5	1	0	1	4	6	2	13	1	2345455	6075	4775	148	1925	4244	4632	2536	13292	512	
FL	-21400	-21400	5	3	0	1	3	6	1	13	1	2342245	6075	4775	148	1925	4244	4632	2536	13292	512	
FL	-21600	-21600	6	2	0	1	2	6	1	11	1	2338248	6075	4775	148	1925	4244	4632	2536	13292	512	
FL	-21800	-21800	4	2	0	1	1	5	2	14	1	2334886	6075	4775	148	1925	4244	4632	2536	13292	512	
FL	-22000	-22000	3	3	0	1	1	4	2	13	0	2331300	6075	4775	148	1925	4244	4632	2536	13292	512	
FL	-22200	-22200	4	2	0	1	2	3	4	15	0	2327865	6075	4775	148	1925	4244	4632	2536	13292	512	
FL	-22400	-22400	5	3	0	0	3	4	3	15	0	2324734	6075	4775	148	1925	4244	4632	2536	13292	512	
FL	-22600	-22600	4	1	0	1	3	4	2	12	0	2321769	6075	4775	148	1925	4244	4632	2536	13292	512	
FL	-22800	-22800	5	3	0	1	3	5	3	10	0	2318732	6075	4775	148	1925	4244	4632	2536	13292	512	
FL	-23000	-23000	4	4	0	0	5	7	2	10	0	2315029	6075	4775	148	1925	4244	4632	2536	13292	512	
FL	-23200	-23200	7	4	0	0	4	7	2	9	0	2311310	6075	4775	148	1925	4244	4632	2536	13292	512	
FL	-23400	-23400	8	3	0	0	5	8	2	9	0	2307676	6075	4775	148	1925	4244	4632	2536	13292	512	
FL	-23600	-23600	10	3	0	1	4	5	2	9	0	2304152	6075	4775	148	1925	4244	4632	2536	13292	512	
FL	-23800	-23800	10	3	0	0	3	7	2	8	0	2300548	6075	4775	148	1925	4244	4632	2536	13292	512	
FL	-24000	-24000	9	3	0	0	2	6	1	7	0	2296308	6075	4775	148	1925	4244	4632	2536	13292	512	
FL	-24200	-24200	8	2	0	0	2	7	0	7	0	2291990	6075	4775	148	1925	4244	4632	2536	13292	512	
FL	-24400	-24400	9	2	0	0	1	3	0	5	0	2288018	6075	4775	148	1925	4244	4632	2536	13292	512	
FL	-24600	-24600	6	3	0	0	1	4	0	8	0	2284005	6075	4775	148	1925	4244	4632	2536	13292	512	
FL	-24800	-24800	7	4	0	0	1	3	0	8	0	2280271	6075	4775	148	1925	4244	4632	2536	13292	512	
FL	-25000	-25000	9	2	0	0	0	5	0	8	0	2277331	6075	4775	148	1925	4244	4632	2536	13292	512	
FL	-25200	-25200	11	3	0	0	0	8	0	6	0	2274526	6075	4775	148	1925	4244	4632	2536	13292	512	
FL	-25400	-25400	10	3	1	0	0	10	1	5	0	2271193	6075	4775	148	1925	4244	4632	2536	13292	512	
FL	-25600	-25600	11	2	1	0	0	9	1	6	0	2268198	6075	4775	148	1925	4244	4632	2536	13292	512	
FL	-25800	-25800	11	2	1	0	2	10	1	6	0	2265071	6075	4775	148	1925	4244	4632	2536	13292	512	
FL	-26000	-26000	12	2	1	0	1	7	0	11	0	2262393	6075	4775	148	1925	4244	4632	2536	13292	512	
FL	-26200	-26200	12	3	1	0	1	7	1	10	0	2260607	6075	4775	148	1925	4244	4632	2536	13292	512	
FL	-26400	-26400	9	3	1	0	2	5	1	9	0	2258767	6075	4775	148	1925	4244	4632	2536	13292	512	
FL	-26600	-26600	9	3	1	1	3	5	1	10	0	2256510	6075	4775	148	1925	4244	4632	2536	13292	512	
FL	-26800	-26800	7	3	1	0	1	6	1	10	0	2254052	6075	4775	148	1925	4244	4632	2536	13292	512	
FL	-27000	-27000	6	2	1	1	1	6	1	11	0	2251370	6075	4775	148	1925	4244	4632	2536	13292	512	
FL	-27200	-27200	6	3	1	1	1	7	2	13	0	2248080	6075	4775	148	1925	4244	4632	2536	13292	512	
FL	-27400	-27400	9	3	0	1	1	6	1	12	0	2244674	6075	4775	148	1925	4244	4632	2536	13292	512	
FL	-27600	-27600	8	5	0	1	0	4	2	14	0	2241492	6075	4775	148	1925	4244	4632	2536	13292	512	
FL	-27800	-27800	9	3	0	1	0	4	3	12	0	2238889	6075	4775	148	1925	4244	4632	2536	13292	512	
FL	-28000	-28000	8	1	0	1	0	4	4	12	0	2235728	6075	4775	148	1925	4244	4632	2536	13292	512	
FL	-28200	-28200	6	4	0	1	1	5	4	12	0	2232021	6075	4775	148	1925	4244	4632	2536	13292	512	
FL	-28400	-28400	7	4	0	1	1	6	4	11	0	2228662	6075	4775	148	1925	4244	4632	2536	13292	512	
FL	-28600	-28600	6	3	0	1	3	8	1	11	0	2225580	6075	4775	148	1925	4244	4632	2536	13292	512	
FL	-28800	-28800	7	3	0	1	3	9	1	5	0	2221930	6075	4775	148	1925	4244	4632	2536	13292	512	
FL	-29000	-29000	8	3	0	1	4	8	2	5	0	2218132	6075	4775	148	1925	4244	4632	2536	13292	512	
FL	-29200	-29200	6	2	0	1	2	7	2	5	0	2214233	6075	4775	148	1925	4244	4632	2536	13292	512	
FL	-29400	-29400	7	2	0	1	5	7	3	5	0	2210530	6075	4775	148	1925	4244	4632	2536	13292	512	
FL	-29600	-29600	8	1	0	1	5	7	4	6	1	2207016	6075	4775	148	1925	4244	4632	2536	13292	512	
FL	-29800	-29800	11	2	0	1	5	7	3	7	1	2203476	6075	4775	148	1925	4244	4632	2536	13292	512	
FL	-30000	-30000	8	3	0	1	6	6	2	10	0	2200736	6075	4775	148	1925	4244	4632	2536	13292	512	
FL	-30200	-30200	6	3	0	1	6	2	1	12	0	2198212	6075	4775	148	1925	4244	4632	2536	13292	512	
FL	-30400	-30400	5	4	0	1	7	2	1	13	0	2195828	6075	4775	148	1925	4244	4632	2536	13292	512	
FL	-30600	-30600	3	4	0	1	5	1	2	17	0	2193570	6075	4775	148	1925	4244	4632	2536	13292	512	
FL	-30800	-30800	6	4	0	1	4	1	1	14	0	2191612	6075	4775	148	1925	4244	4632	2536	13292	512	
FL	-31000	-31000	7	3	0	1	3	0	1	14	1	2189663	6075	4775	148	1925	4244	4632	2536	13292	512	
FL	-31200	-31200	7	4	0	1	3	0	2	17	1	2187160	6075	4775	148	1925	4244	4632	2536	13292	512	
FL	-31400	-31400	7	4	0	1	2	1	2	15	1	2184973	6075	4775	148	1925	4244	4632	2536	13292	512	
FL	-31600	-31600	8	3	0	1	1	1	0	13	1	2182905	6075	4775	148	1925	4244	4632	2536	13292	512	
FL	-31800	-31800	9	4	0	1	2	1	0	16	0	2180881	6075	4775	148	1925	4244	4632	2536	13292	512	
FL	-32000	-32000	9	4	0	1	1	3	1	17	0	2178870	6075	4775	148	1925	4244	4632	2536	13292	512	
FL	-32200	-32200	7	6	0	1	1	4	1	12	1	2176682	6075	4775	148	1925	4244	4632	2536	13292	512	
FL	-32400	-32400	7	4	0	1	1	3	2	11	1	2174186	6075	4775	148	1925	4244	4632	2536	13292	512	
FL	-32600	-32600	6	5	0	2	1	2	2	11	1	2171102	6075	4775	148	1925	4244	4632	2536	13292	512	
FL	-32800	-32800	7	7	0	2	1	4	2	11	0	2167876	6075	4775	148	1925	4244	4632	2536	13292	512	
FL	-33000	-33000	6	6	0	1	2	5	2	10	0	2164911	6075	4775	148	1925	4244	4632	2536	13292	512	
FL	-33200	-33200	7	5	0	1	2	5	1	7	0	2162295	6075	4775	148	1925	4244	4632	2536	13292	512	
FL	-33400	-33400	5	5	0	1	2	5	2	8	0	2159875	6075	4775	148	1925	4244	4632	2536	13292	512	
FL	-33600	-33600	5	3	0	1	3	5	2	8	0	2157215	6075	4775	148	1925	4244	4632	2536	13292	512	
FL	-33800	-33800	5	3	1	2	2	6	2	7	0	2154321	6075	4775	148	1925	4244	4632	2536	13292	512	
FL	-34000	-34000	5	3	1	2	2	3	2	7	0	2151736	6075	4775	148	1925	4244	4632	2536	13292	512	
FL	-34200	-34200	5	4	1	1	1	3	2	4	1	2148953	6075	4775	148	1925	4244	4632	2536	13292	512	
FL	-34400	-34400	6	3	1	0	1	3	3	4	2	2146367	6075	4775	148	1925	4244	4632	2536	13292	512	
FL	-34600	-34600	5	4	1	0	1	3	4	7	2	2143489	6075	4775	148	1925	4244	4632	2536	13292	512	
FL	-34800	-34800	4	6	1	0	1	3	4	6	2	2140476	6075	4775	148	1925	4244	4632	2536	13292	512	
FL	-35000	-35000	7	4	1	0	1	2	2	4	2	2137355	6075	4775	148	1925	4244	4632	2536	13292	512	
FL	-35200	-35200	8	3	0	0	2	2	2	5	1	2134839	6075	4775	148	1925	4244	4632	2536	13292	512	
FL	-35400	-35400	9	3	0	0	2	5	1	4	1	2132673	6075	4775	148	1925	4244	4632	2536	13292	512	
FL	-35600	-35600	7	3	0	1	2	4	2	4	1	2131122	6075	4775	148	1925	4244	4632	2536	13292	512	
FL	-35800	-35800	8	3	0	1	1	5	2	3	1	2129150	6075	4775	148	1925	4244	4632	2536	13292	512	
FL	-36000	-36000	6	2	0	1	1	3	3	3	1	2127115	6075	4775	148	1925	4244	4632	2536	13292	512	
FL	-36200	-36200	7	4	0	1	2	2	3	5	1	2124827	6075	4775	148	1925	4244	4632	2536	13292	512	
FL	-36400	-36400	6	4	0	1	2	3	2	8	1	2122545	6075	4775	148	1925	4244	4632	2536	13292	512	
FL	-36600	-36600	5	4	0	0	2	2	2	11	1	2119697	6075	4775	148	1925	4244	4632	2536	13292	512	
FL	-36800	-36800	4	5	0	0	2	0	2	12	2	2116731	6075	4775	148	1925	4244	4632	2536	13292	512	
FL	-37000	-37000	4	3	0	1	3	1	2	13	2	2113242	6075	4775	148	1925	4244	4632	2536	13292	512	
FL	-37200	-37200	2	3	0	1	3	2	3	10	2	2110071	6075	4775	148	1925	4244	4632	2536	13292	512	
FL	-37400	-37400	3	2	0	1	4	2	3	7	1	2106668	6075	4775	148	1925	4244	4632	2536	13292	512	
FL	-37600	-37600	3	1	0	0	3	1	3	7	1	2102904	6075	4775	148	1925	4244	4632	2536	13292	512	
FL	-37800	-37800	3	2	0	0	3	1	3	8	1	2099536	6075	4775	148	1925	4244	4632	2536	13292	512	
FL	-38000	-38000	2	2	0	0	4	1	3	6	1	2096597	6075	4775	148	1925	4244	4632	2536	13292	512	
FL	-38200	-38200	3	2	0	0	4	2	3	5	1	2093786	6075	4775	148	1925	4244	4632	2536	13292	512	
FL	-38400	-38400	4	0	0	1	4	3	1	6	1	2091151	6075	4775	148	1925	4244	4632	2536	13292	512	
FL	-38600	-38600	4	0	0	0	4	3	0	6	1	2089325	6075	4775	148	1925	4244	4632	2536	13292	512	
FL	-38800	-38800	5	1	0	0	5	3	0	7	1	2087841	6075	4775	148	1925	4244	4632	2536	13292	512	
FL	-39000	-39000	3	1	0	0	7	4	0	7	1	2086227	6075	4775	148	1925	4244	4632	2536	13292	512	
FL	-39200	-39200	2	1	0	0	6	5	1	7	0	2084571	6075	4775	148	1925	4244	4632	2536	13292	512	
FL	-39400	-39400	1	3	0	1	6	6	1	8	0	2083311	6075	4775	148	1925	4244	4632	2536	13292	512	
FL	-39600	-39600	3	4	0	1	6	4	1	10	0	2081878	6075	4775	148	1925	4244	4632	2536	13292	512	
FL	-39800	-39800	4	3	0	1	6	5	0	9	0	2080461	6075	4775	148	1925	4244	4632	2536	13292	512	
FL	-40000	-40000	4	3	0	1	7	6	0	12	0	2079525	6075	4775	148	1925	4244	4632	2536	13292	512	
FL	-40200	-40200	4	1	0	2	5	6	0	11	0	2078263	6075	4775	148	1925	4244	4632	2536	13292	512	
FL	-40400	-40400	5	2	0	2	4	6	1	11	0	2076909	6075	4775	148	1925	4244	4632	2536	13292	512	
FL	-40600	-40600	6	2	0	1	2	4	1	10	0	2075433	6075	4775	148	1925	4244	4632	2536	13292	512	
FL	-40800	-40800	4	1	0	1	2	4	0	6	0	2073573	6075	4775	148	1925	4244	4632	2536	13292	512	
FL	-41000	-41000	4	2	0	0	1	0	0	6	0	2071445	6075	4775	148	1925	4244	4632	2536	13292	512	
FL	-41200	-41200	5	2	0	0	1	0	0	8	0	2069402	6075	4775	148	1925	4244	4632	2536	13292	512	
FL	-41400	-41400	7	2	0	0	1	0	1	8	0	2067475	6075	4775	148	1925	4244	4632	2536	13292	512	
FL	-41600	-41600	7	2	0	1	1	0	2	4	1	2065358	6075	4775	148	1925	4244	4632	2536	13292	512	
FL	-41800	-41800	7	1	0	1	0	0	2	4	1	2063173	6075	4775	148	1925	4244	4632	2536	13292	512	
FL	-42000	-42000	9	1	0	0	1	2	2	6	0	2060730	6075	4775	148	1925	4244	4632	2536	13292	512	
FL	-42200	-42200	9	4	0	0	0	3	2	5	0	2057655	6075	4775	148	1925	4244	4632	2536	13292	512	
FL	-42400	-42400	10	2	0	0	0	4	1	5	1	2054358	6075	4775	148	1925	4244	4632	2536	13292	512	
FL	-42600	-42600	8	1	0	0	0	3	2	5	1	2050890	6075	4775	148	1925	4244	4632	2536	13292	512	
FL	-42800	-42800	5	1	0	2	0	2	2	6	1	2047639	6075	4775	148	1925	4244	4632	2536	13292	512	
FL	-43000	-43000	4	1	0	2	0	3	4	7	1	2044101	6075	4775	148	1925	4244	4632	2536	13292	512	
FL	-43200	-43200	3	2	0	3	0	3	1	5	0	2041018	6075	4775	148	1925	4244	4632	2536	13292	512	
FL	-43400	-43400	2	3	0	2	0	3	2	7	0	2037916	6075	4775	148	1925	4244	4632	2536	13292	512	
FL	-43600	-43600	4	3	0	2	3	3	1	6	0	2034932	6075	4775	148	1925	4244	4632	2536	13292	512	
FL	-43800	-43800	4	2	0	2	3	3	3	9	0	2031849	6075	4775	148	1925	4244	4632	2536	13292	512	
FL	-44000	-44000	4	4	0	2	4	4	3	9	0	2028628	6075	4775	148	1925	4244	4632	2536	13292	512	
FL	-44200	-44200	5	5	0	2	4	4	2	10	0	2025445	6075	4775	148	1925	4244	4632	2536	13292	512	
FL	-44400	-44400	7	4	0	2	4	5	1	9	0	2022863	6075	4775	148	1925	4244	4632	2536	13292	512	
FL	-44600	-44600	5	2	1	2	6	4	1	8	0	2020862	6075	4775	148	1925	4244	4632	2536	13292	512	
FL	-44800	-44800	4	2	1	2	6	2	1	9	1	2019018	6075	4775	148	1925	4244	4632	2536	13292	512	
FL	-45000	-45000	4	2	1	2	4	2	1	7	1	2016948	6075	4775	148	1925	4244	4632	2536	13292	512	
FL	-45200	-45200	3	3	0	2	3	1	0	8	0	2014790	6075	4775	148	1925	4244	4632	2536	13292	512	
FL	-45400	-45400	3	4	1	1	4	1	0	10	0	2012909	6075	4775	148	1925	4244	4632	2536	13292	512	
FL	-45600	-45600	3	3	1	0	4	1	0	9	0	2010515	6075	4775	148	1925	4244	4632	2536	13292	512	
FL	-45800	-45800	6	3	2	0	2	1	1	11	0	2007844	6075	4775	148	1925	4244	4632	2536	13292	512	
FL	-46000	-46000	8	4	2	1	2	0	2	6	0	2004834	6075	4775	148	1925	4244	4632	2536	13292	512	
FL	-46200	-46200	7	4	2	1	1	0	2	9	0	2002119	6075	4775	148	1925	4244	4632	2536	13292	512	
FL	-46400	-46400	8	4	2	1	1	1	1	11	0	2000108	6075	4775	148	1925	4244	4632	2536	13292	512	
FL	-46600	-46600	7	2	2	1	1	2	2	9	0	1998689	6075	4775	148	1925	4244	4632	2536	13292	512	
FL	-46800	-46800	8	3	0	1	2	3	0	9	0	1997122	6075	4775	148	1925	4244	4632	2536	13292	512	
FL	-47000	-47000	9	3	0	1	2	2	0	9	0	1995125	6075	4775	148	1925	4244	4632	2536	13292	512	
FL	-47200	-47200	8	2	0	2	3	2	0	11	0	1992891	6075	4775	148	1925	4244	4632	2536	13292	512	
FL	-47400	-47400	8	3	0	2	3	2	1	10	0	1991092	6075	4775	148	1925	4244	4632	2536	13292	512	
FL	-47600	-47600	8	4	0	1	4	1	1	8	0	1989279	6075	4775	148	1925	4244	4632	2536	13292	512	
FL	-47800	-47800	7	4	0	1	4	0	1	4	0	1986815	6075	4775	148	1925	4244	4632	2536	13292	512	
FL	-48000	-48000	4	3	0	0	3	1	1	4	0	1984505	6075	4775	148	1925	4244	4632	2536	13292	512	
FL	-48200	-48200	4	4	0	1	2	2	0	2	0	1982899	6075	4775	148	1925	4244	4632	2536	13292	512	
FL	-48400	-48400	4	5	0	1	2	3	1	4	0	1981494	6075	4775	148	1925	4244	4632	2536	13292	512	
FL	-48600	-48600	5	6	0	0	4	2	1	3	0	1979833	6075	4775	148	1925	4244	4632	2536	13292	512	
FL	-48800	-48800	5	4	0	0	4	2	1	6	0	1978201	6075	4775	148	1925	4244	4632	2536	13292	512	
FL	-49000	-49000	3	5	0	0	3	2	1	8	0	1976622	6075	4775	148	1925	4244	4632	2536	13292	512	
FL	-49200	-49200	2	4	0	0	3	2	0	10	0	1975511	6075	4775	148	1925	4244	4632	2536	13292	512	
FL	-49400	-49400	2	4	0	1	3	2	0	10	0	1974525	6075	4775	148	1925	4244	4632	2536	13292	512	
FL	-49600	-49600	6	2	0	1	3	1	0	14	0	1973400	6075	4775	148	1925	4244	4632	2536	13292	512	
FL	-49800	-49800	5	3	0	0	2	2	0	14	0	1972294	6075	4775	148	1925	4244	4632	2536	13292	512	
FL	-50000	-50000	5	2	0	0	1	2	0	13	0	1971544	6075	4775	148	1925	4244	4632	2536	13292	512	
FL	-50200	-50200	3	4	0	0	1	2	0	13	0	1970539	6075	4775	148	1925	4244	4632	2536	13292	512	
FL	-50400	-50400	4	6	0	0	1	2	1	13	0	1969107	6075	4775	148	1925	4244	4632	2536	13292	512	
FL	-50600	-50600	4	3	0	0	1	1	1	8	0	1967362	6075	4775	148	1925	4244	4632	2536	13292	512	
FL	-50800	-50800	4	3	0	1	1	1	2	7	0	1965839	6075	4775	148	1925	4244	4632	2536	13292	512	
FL	-51000	-51000	6	3	0	1	1	1	3	8	0	1964553	6075	4775	148	1925	4244	4632	2536	13292	512	
FL	-51200	-51200	6	3	0	1	1	2	3	8	0	1963330	6075	4775	148	1925	4244	4632	2536	13292	512	
FL	-51400	-51400	4	3	0	1	1	2	5	8	1	1961888	6075	4775	148	1925	4244	4632	2536	13292	512	
FL	-51600	-51600	6	2	0	0	2	1	4	4	0	1960430	6075	4775	148	1925	4244	4632	2536	13292	512	
FL	-51800	-51800	4	2	0	2	2	1	4	4	1	1959030	6075	4775	148	1925	4244	4632	2536	13292	512	
FL	-52000	-52000	3	2	0	0	2	2	3	3	1	1957171	6075	4775	148	1925	4244	4632	2536	13292	512	
FL	-52200	-52200	4	3	0	0	4	2	3	5	1	1955447	6075	4775	148	1925	4244	4632	2536	13292	512	
FL	-52400	-52400	4	3	0	1	2	3	3	7	1	1953765	6075	4775	148	1925	4244	4632	2536	13292	512	
FL	-52600	-52600	3	3	0	1	2	3	1	8	1	1952325	6075	4775	148	1925	4244	4632	2536	13292	512	
FL	-52800	-52800	4	5	0	1	2	2	1	9	1	1950356	6075	4775	148	1925	4244	4632	2536	13292	512	
FL	-53000	-53000	4	3	0	1	1	1	1	10	1	1948448	6075	4775	148	1925	4244	4632	2536	13292	512	
FL	-53200	-53200	2	3	0	0	2	1	1	12	0	1946444	6075	4775	148	1925	4244	4632	2536	13292	512	
FL	-53400	-53400	3	3	0	1	2	1	0	10	0	1944520	6075	4775	148	1925	4244	4632	2536	13292	512	
FL	-53600	-53600	4	4	0	0	2	1	0	8	0	1942758	6075	4775	148	1925	4244	4632	2536	13292	512	
FL	-53800	-53800	4	4	0	0	2	1	0	11	0	1941307	6075	4775	148	1925	4244	4632	2536	13292	512	
FL	-54000	-54000	3	5	0	0	2	1	0	10	0	1940008	6075	4775	148	1925	4244	4632	2536	13292	512	
FL	-54200	-54200	3	6	0	0	2	2	0	6	0	1938665	6075	4775	148	1925	4244	4632	2536	13292	512	
FL	-54400	-54400	4	4	0	0	2	2	0	5	0	1937369	6075	4775	148	1925	4244	4632	2536	13292	512	
FL	-54600	-54600	3	4	0	0	4	4	0	4	0	1935904	6075	4775	148	1925	4244	4632	2536	13292	512	
FL	-54800	-54800	3	3	0	0	4	5	0	5	0	1934508	6075	4775	148	1925	4244	4632	2536	13292	512	
FL	-55000	-55000	2	3	0	1	3	4	1	6	0	1933480	6075	4775	148	1925	4244	4632	2536	13292	512	
FL	-55200	-55200	2	3	0	3	3	4	1	4	0	1932408	6075	4775	148	1925	4244	4632	2536	13292	512	
FL	-55400	-55400	1	5	0	2	3	4	2	5	0	1931408	6075	4775	148	1925	4244	4632	2536	13292	512	
FL	-55600	-55600	2	3	0	3	3	3	1	4	1	1930346	6075	4775	148	1925	4244	4632	2536	13292	512	
FL	-55800	-55800	3	3	0	3	3	3	1	4	1	1929170	6075	4775	148	1925	4244	4632	2536	13292	512	
FL	-56000	-56000	3	6	0	1	2	3	1	5	0	1928238	6075	4775	148	1925	4244	4632	2536	13292	512	
FL	-56200	-56200	2	6	0	1	2	3	0	5	0	1927038	6075	4775	148	1925	4244	4632	2536	13292	512	
FL	-56400	-56400	2	7	0	2	2	3	0	4	0	1925701	6075	4775	148	1925	4244	4632	2536	13292	512	
FL	-56600	-56600	3	7	0	2	1	4	1	4	0	1924592	6075	4775	148	1925	4244	4632	2536	13292	512	
FL	-56800	-56800	4	7	0	3	2	2	1	6	0	1922986	6075	4775	148	1925	4244	4632	2536	13292	512	
FL	-57000	-57000	4	6	0	2	1	5	1	4	0	1921457	6075	4775	148	1925	4244	4632	2536	13292	512	
FL	-57200	-57200	2	5	0	2	1	5	1	4	0	1920032	6075	4775	148	1925	4244	4632	2536	13292	512	
FL	-57400	-57400	4	5	0	1	2	4	1	5	0	1918744	6075	4775	148	1925	4244	4632	2536	13292	512	
FL	-57600	-57600	7	6	0	1	1	5	2	6	0	1917497	6075	4775	148	1925	4244	4632	2536	13292	512	
FL	-57800	-57800	7	4	0	0	1	7	1	5	0	1915892	6075	4775	148	1925	4244	4632	2536	13292	512	
FL	-58000	-58000	7	5	0	0	0	7	2	3	1	1913250	6075	4775	148	1925	4244	4632	2536	13292	512	
FL	-58200	-58200	6	3	0	0	2	8	2	6	0	1910416	6075	4775	148	1925	4244	4632	2536	13292	512	
FL	-58400	-58400	8	3	0	0	2	8	2	5	0	1907149	6075	4775	148	1925	4244	4632	2536	13292	512	
FL	-58600	-58600	5	3	0	0	2	6	2	7	0	1904545	6075	4775	148	1925	4244	4632	2536	13292	512	
FL	-58800	-58800	6	3	0	0	3	7	2	5	0	1901895	6075	4775	148	1925	4244	4632	2536	13292	512	
FL	-59000	-59000	5	4	0	0	3	7	2	5	0	1899617	6075	4775	148	1925	4244	4632	2536	13292	512	
FL	-59200	-59200	6	4	0	0	3	7	1	4	0	1897688	6075	4775	148	1925	4244	4632	2536	13292	512	
FL	-59400	-59400	6	2	0	0	2	6	1	6	0	1896304	6075	4775	148	1925	4244	4632	2536	13292	512	
FL	-59600	-59600	8	1	0	0	3	6	1	5	0	1895239	6075	4775	148	1925	4244	4632	2536	13292	512	
FL	-59800	-59800	8	1	0	1	2	7	2	8	0	1894255	6075	4775	148	1925	4244	4632	2536	13292	512	
FL	-60000	-60000	8	1	0	1	4	7	1	8	0	1893172	6075	4775	148	1925	4244	4632	2536	13292	512	
FL	-60200	-60200	9	1	0	1	4	6	1	10	0	1891890	6075	4775	148	1925	4244	4632	2536	13292	512	
FL	-60400	-60400	7	1	0	1	3	7	1	8	2	1890014	6075	4775	148	1925	4244	4632	2536	13292	512	
FL	-60600	-60600	6	1	0	1	2	7	5	7	1	1887875	6075	4775	148	1925	4244	4632	2536	13292	512	
FL	-60800	-60800	6	2	0	1	2	5	4	7	0	1885461	6075	4775	148	1925	4244	4632	2536	13292	512	
FL	-61000	-61000	6	3	0	1	0	5	3	7	0	1883171	6075	4775	148	1925	4244	4632	2536	13292	512	
FL	-61200	-61200	7	3	0	1	1	6	2	7	0	1881078	6075	4775	148	1925	4244	4632	2536	13292	512	
FL	-61400	-61400	5	2	0	1	1	6	1	6	0	1879480	6075	4775	148	1925	4244	4632	2536	13292	512	
FL	-61600	-61600	5	2	0	0	0	6	1	6	0	1878258	6075	4775	148	1925	4244	4632	2536	13292	512	
FL	-61800	-61800	5	2	0	0	0	4	1	7	0	1877022	6075	4775	148	1925	4244	4632	2536	13292	512	
FL	-62000	-62000	6	2	0	0	0	6	2	5	0	1875392	6075	4775	148	1925	4244	4632	2536	13292	512	
FL	-62200	-62200	6	4	0	0	0	8	2	5	0	1873739	6075	4775	148	1925	4244	4632	2536	13292	512	
FL	-62400	-62400	5	5	0	0	1	6	2	8	0	1871604	6075	4775	148	1925	4244	4632	2536	13292	512	
FL	-62600	-62600	4	3	0	0	1	5	2	7	0	1869907	6075	4775	148	1925	4244	4632	2536	13292	512	
FL	-62800	-62800	4	4	0	0	1	6	2	7	0	1868537	6075	4775	148	1925	4244	4632	2536	13292	512	
FL	-63000	-63000	3	4	0	0	2	8	3	8	0	1867377	6075	4775	148	1925	4244	4632	2536	13292	512	
FL	-63200	-63200	5	3	0	0	3	10	3	4	0	1866081	6075	4775	148	1925	4244	4632	2536	13292	512	
FL	-63400	-63400	8	5	0	0	3	9	3	4	0	1864285	6075	4775	148	1925	4244	4632	2536	13292	512	
FL	-63600	-63600	8	4	0	1	5	7	2	6	0	1861985	6075	4775	148	1925	4244	4632	2536	13292	512	
FL	-63800	-63800	10	6	0	3	4	9	3	5	0	1859608	6075	4775	148	1925	4244	4632	2536	13292	512	
FL	-64000	-64000	7	7	0	5	5	5	2	8	0	1857468	6075	4775	148	1925	4244	4632	2536	13292	512	
FL	-64200	-64200	8	7	0	2	6	5	3	7	0	1855295	6075	4775	148	1925	4244	4632	2536	13292	512	
FL	-64400	-64400	9	7	0	2	3	4	1	5	0	1852991	6075	4775	148	1925	4244	4632	2536	13292	512	
FL	-64600	-64600	6	6	0	2	4	3	2	5	0	1850405	6075	4775	148	1925	4244	4632	2536	13292	512	
FL	-64800	-64800	6	6	0	1	4	2	2	4	0	1847182	6075	4775	148	1925	4244	4632	2536	13292	512	
FL	-65000	-65000	6	6	0	1	2	3	2	4	0	1844262	6075	4775	148	1925	4244	4632	2536	13292	512	
FL	-65200	-65200	7	6	0	1	2	2	3	2	0	1841981	6075	4775	148	1925	4244	4632	2536	13292	512	
FL	-65400	-65400	6	5	0	1	1	1	3	3	1	1840177	6075	4775	148	1925	4244	4632	2536	13292	512	
FL	-65600	-65600	4	3	0	2	2	1	3	6	1	1838577	6075	4775	148	1925	4244	4632	2536	13292	512	
FL	-65800	-65800	2	2	0	3	2	3	3	6	1	1836839	6075	4775	148	1925	4244	4632	2536	13292	512	
FL	-66000	-66000	3	2	0	3	2	3	3	7	1	1834885	6075	4775	148	1925	4244	4632	2536	13292	512	
FL	-66200	-66200	3	2	0	3	3	2	2	7	1	1833068	6075	4775	148	1925	4244	4632	2536	13292	512	
FL	-66400	-66400	3	2	0	1	3	4	2	6	1	1831181	6075	4775	148	1925	4244	4632	2536	13292	512	
FL	-66600	-66600	3	2	0	1	4	5	4	4	1	1829612	6075	4775	148	1925	4244	4632	2536	13292	512	
FL	-66800	-66800	3	2	0	1	3	5	4	3	0	1828789	6075	4775	148	1925	4244	4632	2536	13292	512	
FL	-67000	-67000	3	3	0	1	3	5	4	4	0	1827950	6075	4775	148	1925	4244	4632	2536	13292	512	
FL	-67200	-67200	3	1	0	2	3	5	4	5	0	1826856	6075	4775	148	1925	4244	4632	2536	13292	512	
FL	-67400	-67400	3	0	0	3	4	2	4	7	0	1825423	6075	4775	148	1925	4244	4632	2536	13292	512	
FL	-67600	-67600	4	0	0	3	4	2	0	7	0	1824218	6075	4775	148	1925	4244	4632	2536	13292	512	
FL	-67800	-67800	5	3	0	3	4	3	0	8	0	1822999	6075	4775	148	1925	4244	4632	2536	13292	512	
FL	-68000	-68000	4	3	0	1	3	4	0	6	0	1821618	6075	4775	148	1925	4244	4632	2536	13292	512	
FL	-68200	-68200	4	3	0	1	2	3	0	6	0	1820236	6075	4775	148	1925	4244	4632	2536	13292	512	
FL	-68400	-68400	6	4	0	1	2	3	0	7	0	1818803	6075	4775	148	1925	4244	4632	2536	13292	512	
FL	-68600	-68600	8	3	0	1	1	3	0	6	0	1817157	6075	4775	148	1925	4244	4632	2536	13292	512	
FL	-68800	-68800	6	3	0	2	1	3	2	11	0	1816047	6075	4775	148	1925	4244	4632	2536	13292	512	
FL	-69000	-69000	8	2	0	2	1	2	0	8	0	1815062	6075	4775	148	1925	4244	4632	2536	13292	512	
FL	-69200	-69200	8	1	0	2	2	2	0	10	0	1814085	6075	4775	148	1925	4244	4632	2536	13292	512	
FL	-69400	-69400	7	2	0	3	2	2	0	8	0	1813039	6075	4775	148	1925	4244	4632	2536	13292	512	
FL	-69600	-69600	7	5	0	1	1	3	1	10	0	1811640	6075	4775	148	1925	4244	4632	2536	13292	512	
FL	-69800	-69800	8	5	0	1	1	3	1	10	0	1810288	6075	4775	148	1925	4244	4632	2536	13292	512	
FL	-70000	-70000	4	4	0	1	1	3	1	8	0	1808321	6075	4775	148	1925	4244	4632	2536	13292	512	
FL	-70200	-70200	3	4	0	1	0	3	2	9	0	1806654	6075	4775	148	1925	4244	4632	2536	13292	512	
FL	-70400	-70400	1	4	0	1	0	1	2	9	0	1805004	6075	4775	148	1925	4244	4632	2536	13292	512	
FL	-70600	-70600	0	4	0	0	1	2	2	10	0	1803576	6075	4775	148	1925	4244	4632	2536	13292	512	
FL	-70800	-70800	0	4	0	1	1	4	2	10	0	1802072	6075	4775	148	1925	4244	4632	2536	13292	512	
FL	-71000	-71000	2	4	0	1	2	4	1	13	0	1801057	6075	4775	148	1925	4244	4632	2536	13292	512	
FL	-71200	-71200	2	3	0	1	1	4	1	11	0	1800370	6075	4775	148	1925	4244	4632	2536	13292	512	
FL	-71400	-71400	1	3	0	1	3	5	1	12	0	1799513	6075	4775	148	1925	4244	4632	2536	13292	512	
FL	-71600	-71600	2	3	0	1	3	5	1	11	0	1798643	6075	4775	148	1925	4244	4632	2536	13292	512	
FL	-71800	-71800	4	3	0	0	3	3	0	12	0	1798043	6075	4775	148	1925	4244	4632	2536	13292	512	
FL	-72000	-72000	6	3	0	1	4	3	0	13	0	1797561	6075	4775	148	1925	4244	4632	2536	13292	512	
FL	-72200	-72200	5	5	0	1	4	3	0	13	0	1796638	6075	4775	148	1925	4244	4632	2536	13292	512	
FL	-72400	-72400	4	6	0	2	3	6	0	9	0	1795553	6075	4775	148	1925	4244	4632	2536	13292	512	
FL	-72600	-72600	1	3	0	1	5	5	0	11	0	1794653	6075	4775	148	1925	4244	4632	2536	13292	512	
FL	-72800	-72800	3	4	0	1	5	5	0	10	0	1793858	6075	4775	148	1925	4244	4632	2536	13292	512	
FL	-73000	-73000	3	2	0	1	3	5	1	8	0	1793058	6075	4775	148	1925	4244	4632	2536	13292	512	
FL	-73200	-73200	4	1	0	2	2	9	1	9	0	1791903	6075	4775	148	1925	4244	4632	2536	13292	512	
FL	-73400	-73400	3	2	0	2	1	7	0	7	0	1790495	6075	4775	148	1925	4244	4632	2536	13292	512	
FL	-73600	-73600	2	2	0	2	1	8	0	11	0	1788763	6075	4775	148	1925	4244	4632	2536	13292	512	
FL	-73800	-73800	1	1	0	2	1	5	0	11	0	1786104	6075	4775	148	1925	4244	4632	2536	13292	512	
FL	-74000	-74000	0	2	0	2	1	5	0	17	1	1783566	6075	4775	148	1925	4244	4632	2536	13292	512	
FL	-74200	-74200	1	1	0	2	1	5	0	17	0	1781519	6075	4775	148	1925	4244	4632	2536	13292	512	
FL	-74400	-74400	2	1	0	2	1	6	1	16	0	1779633	6075	4775	148	1925	4244	4632	2536	13292	512	
FL	-74600	-74600	1	0	0	3	1	5	2	14	0	1778162	6075	4775	148	1925	4244	4632	2536	13292	512	
FL	-74800	-74800	1	0	0	2	1	5	3	14	0	1777186	6075	4775	148	1925	4244	4632	2536	13292	512	
FL	-75000	-75000	0	2	0	2	0	4	3	13	0	1776030	6075	4775	148	1925	4244	4632	2536	13292	512	
FL	-75200	-75200	0	5	0	3	0	3	2	9	0	1774824	6075	4775	148	1925	4244	4632	2536	13292	512	
FL	-75400	-75400	0	5	0	3	0	2	2	8	0	1773537	6075	4775	148	1925	4244	4632	2536	13292	512	
FL	-75600	-75600	0	3	0	3	0	2	0	6	0	1772502	6075	4775	148	1925	4244	4632	2536	13292	512	
FL	-75800	-75800	2	3	0	2	1	1	0	5	0	1771093	6075	4775	148	1925	4244	4632	2536	13292	512	
FL	-76000	-76000	2	3	0	1	2	1	0	6	0	1769496	6075	4775	148	1925	4244	4632	2536	13292	512	
FL	-76200	-76200	5	4	0	1	2	1	0	5	0	1768417	6075	4775	148	1925	4244	4632	2536	13292	512	
FL	-76400	-76400	6	6	0	1	3	1	0	4	0	1767275	6075	4775	148	1925	4244	4632	2536	13292	512	
FL	-76600	-76600	3	7	0	1	2	2	1	3	0	1766083	6075	4775	148	1925	4244	4632	2536	13292	512	
FL	-76800	-76800	4	5	0	1	2	4	2	2	0	1764501	6075	4775	148	1925	4244	4632	2536	13292	512	
FL	-77000	-77000	3	5	0	2	2	4	2	3	0	1762902	6075	4775	148	1925	4244	4632	2536	13292	512	
FL	-77200	-77200	5	5	0	2	1	6	4	5	0	1761684	6075	4775	148	1925	4244	4632	2536	13292	512	
FL	-77400	-77400	5	5	0	2	1	5	3	4	0	1760486	6075	4775	148	1925	4244	4632	2536	13292	512	
FL	-77600	-77600	6	6	0	2	2	5	3	5	0	1759366	6075	4775	148	1925	4244	4632	2536	13292	512	
FL	-77800	-77800	6	3	0	2	4	2	4	4	0	1758154	6075	4775	148	1925	4244	4632	2536	13292	512	
FL	-78000	-78000	3	2	0	2	2	2	3	5	0	1756754	6075	4775	148	1925	4244	4632	2536	13292	512	
FL	-78200	-78200	4	3	0	2	2	2	3	7	0	1755484	6075	4775	148	1925	4244	4632	2536	13292	512	
FL	-78400	-78400	3	5	0	2	3	3	0	7	0	1754657	6075	4775	148	1925	4244	4632	2536	13292	512	
FL	-78600	-78600	4	5	0	2	1	3	1	8	0	1753714	6075	4775	148	1925	4244	4632	2536	13292	512	
FL	-78800	-78800	5	5	0	0	1	3	1	7	0	1752743	6075	4775	148	1925	4244	4632	2536	13292	512	
FL	-79000	-79000	5	4	0	0	2	2	1	5	0	1751562	6075	4775	148	1925	4244	4632	2536	13292	512	
FL	-79200	-79200	3	3	0	0	2	3	1	3	0	1749993	6075	4775	148	1925	4244	4632	2536	13292	512	
FL	-79400	-79400	2	5	0	0	3	4	1	2	0	1748333	6075	4775	148	1925	4244	4632	2536	13292	512	
FL	-79600	-79600	1	3	0	0	2	4	1	3	0	1746743	6075	4775	148	1925	4244	4632	2536	13292	512	
FL	-79800	-79800	2	5	0	0	3	3	1	7	0	1745449	6075	4775	148	1925	4244	4632	2536	13292	512	
FL	-80000	-80000	1	4	0	0	1	4	1	7	0	1744021	6075	4775	148	1925	4244	4632	2536	13292	512	
FL	-80200	-80200	2	3	0	0	2	4	0	6	0	1742603	6075	4775	148	1925	4244	4632	2536	13292	512	
FL	-80400	-80400	1	3	0	0	2	3	0	6	0	1741336	6075	4775	148	1925	4244	4632	2536	13292	512	
FL	-80600	-80600	2	1	0	0	2	3	0	6	0	1740306	6075	4775	148	1925	4244	4632	2536	13292	512	
FL	-80800	-80800	3	3	0	0	3	3	0	10	0	1739338	6075	4775	148	1925	4244	4632	2536	13292	512	
FL	-81000	-81000	4	3	0	1	3	4	0	11	0	1737699	6075	4775	148	1925	4244	4632	2536	13292	512	
FL	-81200	-81200	3	2	0	1	3	4	1	9	0	1735702	6075	4775	148	1925	4244	4632	2536	13292	512	
FL	-81400	-81400	1	2	0	1	2	4	2	9	0	1734097	6075	4775	148	1925	4244	4632	2536	13292	512	
FL	-81600	-81600	1	4	0	1	1	4	2	9	0	1732230	6075	4775	148	1925	4244	4632	2536	13292	512	
FL	-81800	-81800	1	4	0	1	0	3	2	8	1	1730343	6075	4775	148	1925	4244	4632	2536	13292	512	
FL	-82000	-82000	2	1	0	2	1	2	2	6	1	1728661	6075	4775	148	1925	4244	4632	2536	13292	512	
FL	-82200	-82200	1	1	0	2	1	1	3	7	1	1727393	6075	4775	148	1925	4244	4632	2536	13292	512	
FL	-82400	-82400	1	0	0	3	1	2	3	7	1	1726345	6075	4775	148	1925	4244	4632	2536	13292	512	
FL	-82600	-82600	0	0	0	3	1	4	3	9	0	1725440	6075	4775	148	1925	4244	4632	2536	13292	512	
FL	-82800	-82800	0	1	0	3	1	5	2	9	0	1724646	6075	4775	148	1925	4244	4632	2536	13292	512	
FL	-83000	-83000	0	3	0	3	0	4	2	8	0	1723862	6075	4775	148	1925	4244	4632	2536	13292	512	
FL	-83200	-83200	2	3	0	3	0	3	4	8	0	1723156	6075	4775	148	1925	4244	4632	2536	13292	512	
FL	-83400	-83400	4	3	0	2	0	3	4	9	0	1722291	6075	4775	148	1925	4244	4632	2536	13292	512	
FL	-83600	-83600	5	3	0	2	1	3	3	6	0	1721291	6075	4775	148	1925	4244	4632	2536	13292	512	
FL	-83800	-83800	4	1	0	2	1	2	1	5	2	1720538	6075	4775	148	1925	4244	4632	2536	13292	512	
FL	-84000	-84000	7	1	0	1	1	3	4	7	2	1719905	6075	4775	148	1925	4244	4632	2536	13292	512	
FL	-84200	-84200	6	0	0	2	2	2	4	4	2	1719021	6075	4775	148	1925	4244	4632	2536	13292	512	
FL	-84400	-84400	6	0	0	2	2	2	4	2	1	1718191	6075	4775	148	1925	4244	4632	2536	13292	512	
FL	-84600	-84600	5	0	0	2	1	1	3	3	1	1717404	6075	4775	148	1925	4244	4632	2536	13292	512	
FL	-84800	-84800	5	1	0	1	1	0	4	2	0	1716729	6075	4775	148	1925	4244	4632	2536	13292	512	
FL	-85000	-85000	5	1	0	0	1	1	4	2	0	1715651	6075	4775	148	1925	4244	4632	2536	13292	512	
FL	-85200	-85200	3	1	0	0	1	3	4	3	0	1714053	6075	4775	148	1925	4244	4632	2536	13292	512	
FL	-85400	-85400	2	0	0	0	2	3	4	4	0	1712374	6075	4775	148	1925	4244	4632	2536	13292	512	
FL	-85600	-85600	2	0	0	0	1	3	4	6	0	1710765	6075	4775	148	1925	4244	4632	2536	13292	512	
FL	-85800	-85800	2	1	0	1	0	3	3	7	0	1709422	6075	4775	148	1925	4244	4632	2536	13292	512	
FL	-86000	-86000	3	2	0	1	1	4	2	8	0	1708297	6075	4775	148	1925	4244	4632	2536	13292	512	
FL	-86200	-86200	2	3	0	1	1	4	2	8	0	1707050	6075	4775	148	1925	4244	4632	2536	13292	512	
FL	-86400	-86400	2	2	0	2	1	3	1	7	0	1706047	6075	4775	148	1925	4244	4632	2536	13292	512	
FL	-86600	-86600	1	3	0	2	2	5	2	5	0	1705264	6075	4775	148	1925	4244	4632	2536	13292	512	
FL	-86800	-86800	3	3	0	1	3	4	2	3	0	1704469	6075	4775	148	1925	4244	4632	2536	13292	512	
FL	-87000	-87000	5	5	0	1	1	4	1	3	0	1703872	6075	4775	148	1925	4244	4632	2536	13292	512	
FL	-87200	-87200	3	5	0	2	1	4	1	4	0	1703372	6075	4775	148	1925	4244	4632	2536	13292	512	
FL	-87400	-87400	3	5	0	1	2	3	2	4	1	1702947	6075	4775	148	1925	4244	4632	2536	13292	512	
FL	-87600	-87600	3	4	0	2	2	3	2	5	1	1702331	6075	4775	148	1925	4244	4632	2536	13292	512	
FL	-87800	-87800	3	3	0	2	2	3	3	5	1	1701470	6075	4775	148	1925	4244	4632	2536	13292	512	
FL	-88000	-88000	3	3	0	2	3	4	4	4	1	1701075	6075	4775	148	1925	4244	4632	2536	13292	512	
FL	-88200	-88200	2	3	0	3	3	2	6	8	1	1700790	6075	4775	148	1925	4244	4632	2536	13292	512	
FL	-88400	-88400	2	3	0	3	1	3	4	7	1	1700332	6075	4775	148	1925	4244	4632	2536	13292	512	
FL	-88600	-88600	3	6	0	4	1	4	2	7	0	1699498	6075	4775	148	1925	4244	4632	2536	13292	512	
FL	-88800	-88800	4	5	0	4	1	3	1	7	0	1698406	6075	4775	148	1925	4244	4632	2536	13292	512	
FL	-89000	-89000	5	5	0	2	1	2	2	8	0	1697199	6075	4775	148	1925	4244	4632	2536	13292	512	
FL	-89200	-89200	9	6	0	2	1	1	1	7	1	1696271	6075	4775	148	1925	4244	4632	2536	13292	512	
FL	-89400	-89400	10	4	0	2	1	2	1	8	1	1695171	6075	4775	148	1925	4244	4632	2536	13292	512	
FL	-89600	-89600	11	4	0	3	1	2	1	9	1	1694280	6075	4775	148	1925	4244	4632	2536	13292	512	
FL	-89800	-89800	7	3	0	3	1	3	1	9	0	1693480	6075	4775	148	1925	4244	4632	2536	13292	512	
FL	-90000	-90000	6	2	0	2	1	1	2	9	0	1692776	6075	4775	148	1925	4244	4632	2536	13292	512	
FL	-90200	-90200	6	3	0	2	1	2	2	8	0	1692214	6075	4775	148	1925	4244	4632	2536	13292	512	
FL	-90400	-90400	6	3	0	2	1	3	1	6	0	1691405	6075	4775	148	1925	4244	4632	2536	13292	512	
FL	-90600	-90600	8	3	0	2	1	3	1	7	0	1690222	6075	4775	148	1925	4244	4632	2536	13292	512	
FL	-90800	-90800	8	3	0	2	2	4	1	5	0	1689373	6075	4775	148	1925	4244	4632	2536	13292	512	
FL	-91000	-91000	5	3	0	1	3	5	2	5	0	1688373	6075	4775	148	1925	4244	4632	2536	13292	512	
FL	-91200	-91200	4	3	0	0	3	7	1	6	0	1687560	6075	4775	148	1925	4244	4632	2536	13292	512	
FL	-91400	-91400	5	2	0	0	3	6	1	6	0	1686630	6075	4775	148	1925	4244	4632	2536	13292	512	
FL	-91600	-91600	3	1	0	0	2	3	1	6	0	1685796	6075	4775	148	1925	4244	4632	2536	13292	512	
FL	-91800	-91800	3	2	0	0	2	4	1	4	0	1684631	6075	4775	148	1925	4244	4632	2536	13292	512	
FL	-92000	-92000	5	3	0	0	1	5	0	6	0	1683304	6075	4775	148	1925	4244	4632	2536	13292	512	
FL	-92200	-92200	6	3	0	0	3	5	0	5	0	1682135	6075	4775	148	1925	4244	4632	2536	13292	512	
FL	-92400	-92400	9	4	0	0	3	4	1	7	0	1681078	6075	4775	148	1925	4244	4632	2536	13292	512	
FL	-92600	-92600	7	3	0	0	1	4	1	7	0	1679982	6075	4775	148	1925	4244	4632	2536	13292	512	
FL	-92800	-92800	5	4	0	0	3	4	1	4	1	1678675	6075	4775	148	1925	4244	4632	2536	13292	512	
FL	-93000	-93000	3	4	0	0	3	4	1	5	1	1677426	6075	4775	148	1925	4244	4632	2536	13292	512	
FL	-93200	-93200	4	4	0	0	4	2	1	4	1	1676423	6075	4775	148	1925	4244	4632	2536	13292	512	
FL	-93400	-93400	3	4	0	0	3	1	1	3	1	1675177	6075	4775	148	1925	4244	4632	2536	13292	512	
FL	-93600	-93600	2	2	0	1	3	1	1	2	1	1673854	6075	4775	148	1925	4244	4632	2536	13292	512	
FL	-93800	-93800	3	3	0	1	3	2	2	5	1	1672476	6075	4775	148	1925	4244	4632	2536	13292	512	
FL	-94000	-94000	3	3	0	1	3	3	2	5	1	1670959	6075	4775	148	1925	4244	4632	2536	13292	512	
FL	-94200	-94200	0	3	0	2	5	2	0	3	1	1669441	6075	4775	148	1925	4244	4632	2536	13292	512	
FL	-94400	-94400	0	3	0	2	2	3	2	5	0	1667894	6075	4775	148	1925	4244	4632	2536	13292	512	
FL	-94600	-94600	1	5	0	2	3	1	1	2	0	1666459	6075	4775	148	1925	4244	4632	2536	13292	512	
FL	-94800	-94800	3	5	0	2	3	2	2	1	0	1665091	6075	4775	148	1925	4244	4632	2536	13292	512	
FL	-95000	-95000	3	5	0	1	3	4	2	2	0	1663648	6075	4775	148	1925	4244	4632	2536	13292	512	
FL	-95200	-95200	1	4	0	0	3	4	2	2	0	1662267	6075	4775	148	1925	4244	4632	2536	13292	512	
FL	-95400	-95400	3	4	0	0	4	4	2	5	0	1661339	6075	4775	148	1925	4244	4632	2536	13292	512	
FL	-95600	-95600	3	3	0	0	4	4	1	7	0	1660405	6075	4775	148	1925	4244	4632	2536	13292	512	
FL	-95800	-95800	3	2	0	1	4	3	1	5	0	1659425	6075	4775	148	1925	4244	4632	2536	13292	512	
FL	-96000	-96000	5	3	0	1	4	3	1	5	0	1658636	6075	4775	148	1925	4244	4632	2536	13292	512	
FL	-96200	-96200	5	3	0	1	2	2	1	6	0	1657738	6075	4775	148	1925	4244	4632	2536	13292	512	
FL	-96400	-96400	5	2	0	1	3	3	1	5	0	1657002	6075	4775	148	1925	4244	4632	2536	13292	512	
FL	-96600	-96600	6	3	0	1	4	4	1	5	0	1656326	6075	4775	148	1925	4244	4632	2536	13292	512	
FL	-96800	-96800	3	4	0	1	3	4	1	6	0	1655627	6075	4775	148	1925	4244	4632	2536	13292	512	
FL	-97000	-97000	1	5	0	1	3	4	2	5	0	1654950	6075	4775	148	1925	4244	4632	2536	13292	512	
FL	-97200	-97200	0	4	0	1	2	4	2	6	0	1654120	6075	4775	148	1925	4244	4632	2536	13292	512	
FL	-97400	-97400	0	3	0	1	2	5	2	7	0	1653187	6075	4775	148	1925	4244	4632	2536	13292	512	
FL	-97600	-97600	0	2	0	0	2	5	1	4	0	1651965	6075	4775	148	1925	4244	4632	2536	13292	512	
FL	-97800	-97800	2	3	0	0	1	4	1	5	0	1650331	6075	4775	148	1925	4244	4632	2536	13292	512	
FL	-98000	-98000	2	3	0	0	1	3	1	6	0	1648755	6075	4775	148	1925	4244	4632	2536	13292	512	
FL	-98200	-98200	4	2	0	0	3	3	1	9	0	1647583	6075	4775	148	1925	4244	4632	2536	13292	512	
FL	-98400	-98400	4	2	0	0	3	2	1	5	1	1646584	6075	4775	148	1925	4244	4632	2536	13292	512	
FL	-98600	-98600	4	2	0	0	3	5	1	6	1	1645942	6075	4775	148	1925	4244	4632	2536	13292	512	
FL	-98800	-98800	4	1	0	0	3	6	1	7	1	1645229	6075	4775	148	1925	4244	4632	2536	13292	512	
FL	-99000	-99000	4	1	0	0	3	5	0	6	0	1644639	6075	4775	148	1925	4244	4632	2536	13292	512	
FL	-99200	-99200	2	0	0	0	2	6	0	8	0	1644163	6075	4775	148	1925	4244	4632	2536	13292	512	
FL	-99400	-99400	3	1	0	0	2	5	1	7	0	1643763	6075	4775	148	1925	4244	4632	2536	13292	512	
FL	-99600	-99600	3	0	0	0	3	4	1	12	1	1643064	6075	4775	148	1925	4244	4632	2536	13292	512	
FL	-99800	-99800	3	0	0	1	3	4	1	9	1	1642464	6075	4775	148	1925	4244	4632	2536	13292	512	
FL	-100000	-100000	3	1	0	1	3	3	1	8	1	1641599	6075	4775	148	1925	4244	4632	2536	13292	512	
