DHL	0	0	224	383	6	130	232	259	82	0	58	51323255	257	438	7	134	305	298	119	70	
DHL	-200	-200	217	372	6	130	228	257	82	0	57	51068362	257	438	7	134	305	298	119	70	
DHL	-400	-400	203	361	6	126	220	247	81	0	58	50444241	257	438	7	134	305	298	119	70	
DHL	-600	-600	200	346	6	121	215	246	75	0	54	49761675	257	438	7	134	305	298	119	70	
DHL	-800	-800	190	332	6	110	213	243	72	0	53	49104718	257	438	7	134	305	298	119	70	
DHL	-1000	-1000	180	319	4	102	209	235	67	0	51	48502059	257	438	7	134	305	298	119	70	
DHL	-1200	-1200	169	306	4	95	204	219	61	0	50	47945197	257	438	7	134	305	298	119	70	
DHL	-1400	-1400	163	291	4	91	199	198	57	0	49	47432539	257	438	7	134	305	298	119	70	
DHL	-1600	-1600	153	271	4	82	193	178	51	0	46	46950930	257	438	7	134	305	298	119	70	
DHL	-1800	-1800	139	248	2	82	187	165	51	0	41	46492851	257	438	7	134	305	298	119	70	
DHL	-2000	-2000	137	237	2	81	183	153	46	0	39	46058946	257	438	7	134	305	298	119	70	
DHL	-2200	-2200	127	217	2	75	167	137	39	0	37	45643929	257	438	7	134	305	298	119	70	
DHL	-2400	-2400	120	192	2	67	157	122	37	0	32	45247930	257	438	7	134	305	298	119	70	
DHL	-2600	-2600	110	180	2	60	143	106	35	0	29	44870465	257	438	7	134	305	298	119	70	
DHL	-2800	-2800	106	166	1	49	136	93	35	0	28	44507244	257	438	7	134	305	298	119	70	
DHL	-3000	-3000	99	158	1	38	128	75	23	0	22	44154815	257	438	7	134	305	298	119	70	
DHL	-3200	-3200	93	133	1	33	122	60	18	0	18	43811070	257	438	7	134	305	298	119	70	
DHL	-3400	-3400	88	125	1	27	107	49	17	0	17	43475867	257	438	7	134	305	298	119	70	
DHL	-3600	-3600	86	105	0	26	94	46	15	0	17	43153811	257	438	7	134	305	298	119	70	
DHL	-3800	-3800	84	100	0	26	90	43	14	0	16	42838931	257	438	7	134	305	298	119	70	
DHL	-4000	-4000	76	93	0	22	86	30	11	0	12	42532291	257	438	7	134	305	298	119	70	
DHL	-4200	-4200	67	89	0	21	78	25	10	0	12	42239053	257	438	7	134	305	298	119	70	
DHL	-4400	-4400	59	88	0	21	73	18	9	0	12	41953796	257	438	7	134	305	298	119	70	
DHL	-4600	-4600	59	84	0	17	72	18	10	0	12	41669833	257	438	7	134	305	298	119	70	
DHL	-4800	-4800	53	82	0	14	66	17	9	0	12	41390446	257	438	7	134	305	298	119	70	
DHL	-5000	-5000	48	83	0	8	54	12	8	0	10	41119102	257	438	7	134	305	298	119	70	
DHL	-5200	-5200	44	77	0	8	50	12	7	0	10	40855538	257	438	7	134	305	298	119	70	
DHL	-5400	-5400	43	70	0	8	49	12	8	0	9	40596996	257	438	7	134	305	298	119	70	
DHL	-5600	-5600	41	64	0	5	48	12	12	0	8	40344012	257	438	7	134	305	298	119	70	
DHL	-5800	-5800	40	65	0	4	47	12	9	0	6	40099768	257	438	7	134	305	298	119	70	
DHL	-6000	-6000	37	61	0	4	47	11	6	0	4	39863780	257	438	7	134	305	298	119	70	
DHL	-6200	-6200	36	55	0	4	47	11	6	0	4	39634970	257	438	7	134	305	298	119	70	
DHL	-6400	-6400	36	54	0	4	47	11	6	0	4	39408240	257	438	7	134	305	298	119	70	
DHL	-6600	-6600	36	53	0	4	45	11	6	0	4	39184799	257	438	7	134	305	298	119	70	
DHL	-6800	-6800	36	52	0	4	45	11	5	0	4	38968264	257	438	7	134	305	298	119	70	
DHL	-7000	-7000	36	52	0	4	45	11	5	0	4	38756742	257	438	7	134	305	298	119	70	
DHL	-7200	-7200	36	51	0	4	42	10	5	0	4	38548750	257	438	7	134	305	298	119	70	
DHL	-7400	-7400	35	50	0	4	41	10	5	0	4	38346778	257	438	7	134	305	298	119	70	
DHL	-7600	-7600	30	49	0	2	39	8	5	0	2	38149362	257	438	7	134	305	298	119	70	
DHL	-7800	-7800	29	39	0	1	33	8	5	0	2	37957102	257	438	7	134	305	298	119	70	
DHL	-8000	-8000	27	37	0	1	29	8	2	0	2	37763244	257	438	7	134	305	298	119	70	
DHL	-8200	-8200	27	33	0	1	24	8	2	0	2	37570647	257	438	7	134	305	298	119	70	
DHL	-8400	-8400	27	30	0	1	23	7	1	0	2	37380366	257	438	7	134	305	298	119	70	
DHL	-8600	-8600	25	27	0	1	22	7	1	0	2	37194540	257	438	7	134	305	298	119	70	
DHL	-8800	-8800	22	25	0	1	21	7	1	0	2	37009934	257	438	7	134	305	298	119	70	
DHL	-9000	-9000	19	24	0	1	18	6	1	0	2	36825111	257	438	7	134	305	298	119	70	
DHL	-9200	-9200	15	23	0	1	16	4	1	0	2	36645367	257	438	7	134	305	298	119	70	
DHL	-9400	-9400	14	22	0	1	16	4	1	0	2	36466916	257	438	7	134	305	298	119	70	
DHL	-9600	-9600	14	16	0	0	15	4	1	0	2	36291217	257	438	7	134	305	298	119	70	
DHL	-9800	-9800	14	14	0	0	15	4	2	0	2	36117343	257	438	7	134	305	298	119	70	
DHL	-10000	-10000	14	12	0	0	14	3	2	0	2	35945526	257	438	7	134	305	298	119	70	
DHL	-10200	-10200	14	12	0	0	14	3	2	0	2	35775437	257	438	7	134	305	298	119	70	
DHL	-10400	-10400	14	9	1	0	13	2	4	0	2	35607743	257	438	7	134	305	298	119	70	
DHL	-10600	-10600	14	9	1	0	12	2	4	0	2	35441320	257	438	7	134	305	298	119	70	
DHL	-10800	-10800	14	9	1	0	12	2	4	0	2	35278675	257	438	7	134	305	298	119	70	
DHL	-11000	-11000	13	9	1	0	12	2	4	0	2	35119219	257	438	7	134	305	298	119	70	
DHL	-11200	-11200	13	10	1	0	12	2	4	0	2	34962184	257	438	7	134	305	298	119	70	
DHL	-11400	-11400	13	10	1	0	12	2	4	0	2	34807011	257	438	7	134	305	298	119	70	
DHL	-11600	-11600	13	10	1	0	12	2	4	0	2	34653333	257	438	7	134	305	298	119	70	
DHL	-11800	-11800	13	10	1	0	12	2	4	0	2	34501484	257	438	7	134	305	298	119	70	
DHL	-12000	-12000	13	10	1	0	12	2	4	0	2	34353804	257	438	7	134	305	298	119	70	
DHL	-12200	-12200	13	11	1	0	12	2	4	0	2	34207282	257	438	7	134	305	298	119	70	
DHL	-12400	-12400	13	10	1	0	12	2	4	0	2	34063509	257	438	7	134	305	298	119	70	
DHL	-12600	-12600	13	10	1	0	12	2	4	0	2	33917724	257	438	7	134	305	298	119	70	
DHL	-12800	-12800	13	11	1	0	12	2	4	0	2	33772514	257	438	7	134	305	298	119	70	
DHL	-13000	-13000	13	15	1	0	12	2	4	0	2	33628144	257	438	7	134	305	298	119	70	
DHL	-13200	-13200	13	18	1	0	12	2	4	0	2	33485880	257	438	7	134	305	298	119	70	
DHL	-13400	-13400	12	17	1	0	11	2	4	0	2	33342289	257	438	7	134	305	298	119	70	
DHL	-13600	-13600	11	16	1	0	11	2	4	0	2	33198367	257	438	7	134	305	298	119	70	
DHL	-13800	-13800	9	15	1	0	10	2	4	0	1	33056740	257	438	7	134	305	298	119	70	
DHL	-14000	-14000	8	15	1	0	9	1	4	0	1	32918207	257	438	7	134	305	298	119	70	
DHL	-14200	-14200	8	11	1	0	6	1	4	0	1	32781418	257	438	7	134	305	298	119	70	
DHL	-14400	-14400	7	7	1	0	6	1	4	0	1	32648280	257	438	7	134	305	298	119	70	
DHL	-14600	-14600	4	2	1	0	4	0	4	0	0	32516775	257	438	7	134	305	298	119	70	
DHL	-14800	-14800	4	0	1	0	3	0	3	0	0	32388903	257	438	7	134	305	298	119	70	
DHL	-15000	-15000	3	0	1	0	2	0	2	0	0	32263542	257	438	7	134	305	298	119	70	
DHL	-15200	-15200	3	0	1	0	0	0	2	0	0	32139681	257	438	7	134	305	298	119	70	
DHL	-15400	-15400	2	0	1	0	0	0	2	0	0	32013318	257	438	7	134	305	298	119	70	
DHL	-15600	-15600	0	0	0	0	0	0	0	0	0	31889268	257	438	7	134	305	298	119	70	
DHL	-15800	-15800	0	0	0	0	0	0	0	0	0	31766641	257	438	7	134	305	298	119	70	
DHL	-16000	-16000	0	0	0	0	0	0	0	0	0	31640305	257	438	7	134	305	298	119	70	
DHL	-16200	-16200	0	0	0	0	0	0	0	0	0	31515829	257	438	7	134	305	298	119	70	
DHL	-16400	-16400	0	0	0	0	0	0	0	0	0	31394684	257	438	7	134	305	298	119	70	
DHL	-16600	-16600	0	0	0	0	0	0	0	0	0	31275764	257	438	7	134	305	298	119	70	
DHL	-16800	-16800	0	0	0	0	0	0	0	0	0	31158118	257	438	7	134	305	298	119	70	
DHL	-17000	-17000	0	0	0	0	0	0	0	0	0	31040127	257	438	7	134	305	298	119	70	
DHL	-17200	-17200	0	0	0	0	0	0	0	0	0	30922213	257	438	7	134	305	298	119	70	
DHL	-17400	-17400	0	0	0	0	0	0	0	0	0	30802501	257	438	7	134	305	298	119	70	
DHL	-17600	-17600	0	0	0	0	0	0	0	0	0	30682570	257	438	7	134	305	298	119	70	
DHL	-17800	-17800	0	0	0	0	0	0	0	0	0	30562978	257	438	7	134	305	298	119	70	
DHL	-18000	-18000	0	0	0	0	0	0	0	0	0	30444794	257	438	7	134	305	298	119	70	
DHL	-18200	-18200	0	0	0	0	0	0	0	0	0	30326092	257	438	7	134	305	298	119	70	
DHL	-18400	-18400	0	0	0	0	0	0	0	0	0	30211271	257	438	7	134	305	298	119	70	
DHL	-18600	-18600	0	0	0	0	0	0	0	0	0	30097130	257	438	7	134	305	298	119	70	
DHL	-18800	-18800	0	0	0	0	0	0	0	0	0	29983600	257	438	7	134	305	298	119	70	
DHL	-19000	-19000	0	0	0	0	0	0	0	0	0	29875809	257	438	7	134	305	298	119	70	
DHL	-19200	-19200	0	0	0	0	0	0	0	0	0	29768719	257	438	7	134	305	298	119	70	
DHL	-19400	-19400	0	0	0	0	0	0	0	0	0	29659425	257	438	7	134	305	298	119	70	
DHL	-19600	-19600	0	0	0	0	0	0	0	0	0	29548075	257	438	7	134	305	298	119	70	
DHL	-19800	-19800	0	0	0	0	0	0	0	0	0	29433159	257	438	7	134	305	298	119	70	
DHL	-20000	-20000	0	0	0	0	0	0	0	0	0	29315895	257	438	7	134	305	298	119	70	
DHL	-20200	-20200	0	0	0	0	0	0	0	0	0	29199522	257	438	7	134	305	298	119	70	
DHL	-20400	-20400	0	0	0	0	0	0	0	0	0	29086105	257	438	7	134	305	298	119	70	
DHL	-20600	-20600	0	0	0	0	0	0	0	0	0	28974017	257	438	7	134	305	298	119	70	
DHL	-20800	-20800	0	0	0	0	0	0	0	0	0	28863998	257	438	7	134	305	298	119	70	
DHL	-21000	-21000	0	0	0	0	0	0	0	0	0	28754968	257	438	7	134	305	298	119	70	
DHL	-21200	-21200	0	0	0	0	0	0	0	0	0	28648422	257	438	7	134	305	298	119	70	
DHL	-21400	-21400	0	0	0	0	0	0	0	0	0	28545091	257	438	7	134	305	298	119	70	
DHL	-21600	-21600	1	0	0	0	0	0	0	0	0	28443699	257	438	7	134	305	298	119	70	
DHL	-21800	-21800	1	0	0	0	0	0	0	0	0	28345653	257	438	7	134	305	298	119	70	
DHL	-22000	-22000	0	0	0	0	0	0	0	0	0	28247841	257	438	7	134	305	298	119	70	
DHL	-22200	-22200	0	0	0	0	0	0	0	0	0	28153514	257	438	7	134	305	298	119	70	
DHL	-22400	-22400	0	0	0	0	2	0	0	0	0	28061860	257	438	7	134	305	298	119	70	
DHL	-22600	-22600	2	0	0	0	2	0	0	0	0	27970424	257	438	7	134	305	298	119	70	
DHL	-22800	-22800	2	0	0	0	2	2	0	0	0	27877653	257	438	7	134	305	298	119	70	
DHL	-23000	-23000	0	0	0	0	1	2	0	0	0	27783900	257	438	7	134	305	298	119	70	
DHL	-23200	-23200	0	0	0	0	0	0	0	0	0	27691562	257	438	7	134	305	298	119	70	
DHL	-23400	-23400	0	0	0	0	0	0	0	0	0	27599848	257	438	7	134	305	298	119	70	
DHL	-23600	-23600	0	0	0	0	0	0	0	0	0	27508287	257	438	7	134	305	298	119	70	
DHL	-23800	-23800	4	0	0	0	0	3	0	0	1	27414408	257	438	7	134	305	298	119	70	
DHL	-24000	-24000	5	0	0	0	0	5	0	0	1	27320500	257	438	7	134	305	298	119	70	
DHL	-24200	-24200	5	0	0	0	6	5	0	0	1	27228284	257	438	7	134	305	298	119	70	
DHL	-24400	-24400	5	0	0	0	6	4	0	0	1	27138167	257	438	7	134	305	298	119	70	
DHL	-24600	-24600	1	0	0	0	0	3	0	0	0	27047449	257	438	7	134	305	298	119	70	
DHL	-24800	-24800	0	0	0	0	0	0	0	0	0	26956688	257	438	7	134	305	298	119	70	
DHL	-25000	-25000	0	0	0	0	0	0	0	0	0	26867561	257	438	7	134	305	298	119	70	
DHL	-25200	-25200	0	0	0	0	0	0	0	0	0	26778753	257	438	7	134	305	298	119	70	
DHL	-25400	-25400	0	0	0	0	0	0	0	0	0	26688586	257	438	7	134	305	298	119	70	
DHL	-25600	-25600	0	0	0	0	0	0	0	0	0	26597946	257	438	7	134	305	298	119	70	
DHL	-25800	-25800	0	0	0	0	0	0	0	0	0	26504886	257	438	7	134	305	298	119	70	
DHL	-26000	-26000	0	0	0	0	0	0	0	0	0	26410600	257	438	7	134	305	298	119	70	
DHL	-26200	-26200	0	0	0	2	0	0	0	0	0	26316404	257	438	7	134	305	298	119	70	
DHL	-26400	-26400	0	0	0	2	0	0	0	0	0	26224197	257	438	7	134	305	298	119	70	
DHL	-26600	-26600	0	0	0	2	0	0	0	0	0	26131394	257	438	7	134	305	298	119	70	
DHL	-26800	-26800	0	0	0	0	0	0	0	0	0	26039335	257	438	7	134	305	298	119	70	
DHL	-27000	-27000	0	0	0	0	0	0	0	0	0	25949417	257	438	7	134	305	298	119	70	
DHL	-27200	-27200	0	0	0	0	0	0	0	0	0	25861139	257	438	7	134	305	298	119	70	
DHL	-27400	-27400	0	0	0	0	0	0	0	0	0	25772532	257	438	7	134	305	298	119	70	
DHL	-27600	-27600	0	0	0	0	0	0	0	0	0	25685879	257	438	7	134	305	298	119	70	
DHL	-27800	-27800	0	0	0	0	0	0	0	0	0	25600663	257	438	7	134	305	298	119	70	
DHL	-28000	-28000	0	0	0	0	0	0	0	0	0	25516695	257	438	7	134	305	298	119	70	
DHL	-28200	-28200	0	0	0	0	0	0	0	0	0	25432176	257	438	7	134	305	298	119	70	
DHL	-28400	-28400	0	0	0	0	0	0	0	0	0	25348395	257	438	7	134	305	298	119	70	
DHL	-28600	-28600	0	0	0	0	0	0	0	0	0	25264426	257	438	7	134	305	298	119	70	
DHL	-28800	-28800	0	0	0	0	0	0	0	0	0	25180610	257	438	7	134	305	298	119	70	
DHL	-29000	-29000	0	0	0	0	0	0	0	0	0	25098210	257	438	7	134	305	298	119	70	
DHL	-29200	-29200	0	0	0	0	0	0	0	0	0	25018780	257	438	7	134	305	298	119	70	
DHL	-29400	-29400	0	0	0	0	0	0	0	0	0	24939816	257	438	7	134	305	298	119	70	
DHL	-29600	-29600	0	0	0	0	0	0	0	0	0	24859959	257	438	7	134	305	298	119	70	
DHL	-29800	-29800	0	0	0	0	0	0	0	0	0	24780304	257	438	7	134	305	298	119	70	
DHL	-30000	-30000	0	0	0	0	0	0	0	0	0	24699202	257	438	7	134	305	298	119	70	
DHL	-30200	-30200	0	0	0	0	0	0	0	0	0	24618338	257	438	7	134	305	298	119	70	
DHL	-30400	-30400	0	0	0	0	0	0	0	0	0	24535184	257	438	7	134	305	298	119	70	
DHL	-30600	-30600	0	0	0	0	0	0	0	0	0	24454183	257	438	7	134	305	298	119	70	
DHL	-30800	-30800	0	0	0	0	0	0	0	0	0	24375689	257	438	7	134	305	298	119	70	
DHL	-31000	-31000	0	0	0	0	0	0	0	0	0	24297725	257	438	7	134	305	298	119	70	
DHL	-31200	-31200	0	0	0	0	0	0	0	0	0	24220899	257	438	7	134	305	298	119	70	
DHL	-31400	-31400	0	0	0	0	0	0	0	0	0	24144828	257	438	7	134	305	298	119	70	
DHL	-31600	-31600	0	0	0	0	0	0	0	0	0	24069268	257	438	7	134	305	298	119	70	
DHL	-31800	-31800	0	0	0	0	0	0	0	0	0	23996021	257	438	7	134	305	298	119	70	
DHL	-32000	-32000	0	0	0	0	0	0	0	0	0	23921290	257	438	7	134	305	298	119	70	
DHL	-32200	-32200	0	0	0	0	0	0	0	0	0	23846473	257	438	7	134	305	298	119	70	
DHL	-32400	-32400	0	0	0	0	0	0	0	0	0	23771203	257	438	7	134	305	298	119	70	
DHL	-32600	-32600	0	0	0	0	0	0	0	0	0	23695239	257	438	7	134	305	298	119	70	
DHL	-32800	-32800	0	0	0	0	0	0	0	0	0	23619070	257	438	7	134	305	298	119	70	
DHL	-33000	-33000	0	0	0	0	0	0	0	0	0	23543585	257	438	7	134	305	298	119	70	
DHL	-33200	-33200	0	0	0	0	0	0	0	0	0	23468335	257	438	7	134	305	298	119	70	
DHL	-33400	-33400	0	0	0	0	0	0	0	0	0	23393842	257	438	7	134	305	298	119	70	
DHL	-33600	-33600	0	0	0	0	0	0	0	0	0	23320664	257	438	7	134	305	298	119	70	
DHL	-33800	-33800	0	0	0	0	0	0	0	0	0	23249798	257	438	7	134	305	298	119	70	
DHL	-34000	-34000	0	0	0	0	0	0	0	0	0	23180463	257	438	7	134	305	298	119	70	
DHL	-34200	-34200	0	0	0	0	0	0	0	0	0	23112323	257	438	7	134	305	298	119	70	
DHL	-34400	-34400	0	0	0	0	0	0	0	0	0	23047298	257	438	7	134	305	298	119	70	
DHL	-34600	-34600	0	0	0	0	0	0	0	0	0	22982677	257	438	7	134	305	298	119	70	
DHL	-34800	-34800	0	0	0	0	0	0	0	0	0	22914604	257	438	7	134	305	298	119	70	
DHL	-35000	-35000	0	0	0	0	0	0	0	0	0	22847302	257	438	7	134	305	298	119	70	
DHL	-35200	-35200	0	0	0	0	0	0	0	0	0	22782064	257	438	7	134	305	298	119	70	
DHL	-35400	-35400	0	0	0	0	0	0	0	0	0	22719079	257	438	7	134	305	298	119	70	
DHL	-35600	-35600	0	0	0	0	0	0	0	0	0	22657793	257	438	7	134	305	298	119	70	
DHL	-35800	-35800	0	0	0	0	0	0	0	0	0	22597299	257	438	7	134	305	298	119	70	
DHL	-36000	-36000	0	0	0	0	0	0	0	0	0	22535488	257	438	7	134	305	298	119	70	
DHL	-36200	-36200	0	0	0	0	0	0	0	0	0	22473636	257	438	7	134	305	298	119	70	
DHL	-36400	-36400	0	0	0	0	0	0	0	0	0	22412701	257	438	7	134	305	298	119	70	
DHL	-36600	-36600	0	0	0	0	0	0	0	0	0	22351441	257	438	7	134	305	298	119	70	
DHL	-36800	-36800	0	0	0	0	0	0	0	0	0	22288666	257	438	7	134	305	298	119	70	
DHL	-37000	-37000	0	0	0	0	0	0	0	0	0	22224038	257	438	7	134	305	298	119	70	
DHL	-37200	-37200	0	0	0	0	0	0	0	0	0	22161270	257	438	7	134	305	298	119	70	
DHL	-37400	-37400	0	0	0	0	0	0	0	0	0	22099702	257	438	7	134	305	298	119	70	
DHL	-37600	-37600	0	0	0	0	0	0	0	0	0	22038597	257	438	7	134	305	298	119	70	
DHL	-37800	-37800	0	0	0	0	0	0	0	0	0	21978079	257	438	7	134	305	298	119	70	
DHL	-38000	-38000	0	0	0	0	0	0	0	0	0	21916802	257	438	7	134	305	298	119	70	
DHL	-38200	-38200	0	0	0	0	0	0	0	0	0	21857005	257	438	7	134	305	298	119	70	
DHL	-38400	-38400	0	0	0	0	0	0	0	0	0	21798435	257	438	7	134	305	298	119	70	
DHL	-38600	-38600	0	0	0	0	0	0	0	0	0	21742121	257	438	7	134	305	298	119	70	
DHL	-38800	-38800	0	0	0	0	0	0	0	0	0	21686696	257	438	7	134	305	298	119	70	
DHL	-39000	-39000	0	0	0	0	0	0	0	0	0	21631064	257	438	7	134	305	298	119	70	
DHL	-39200	-39200	0	0	0	0	0	0	0	0	0	21573835	257	438	7	134	305	298	119	70	
DHL	-39400	-39400	0	0	0	0	0	0	0	0	0	21517846	257	438	7	134	305	298	119	70	
DHL	-39600	-39600	0	0	0	0	0	0	0	0	0	21461706	257	438	7	134	305	298	119	70	
DHL	-39800	-39800	0	0	0	0	0	0	0	0	0	21402981	257	438	7	134	305	298	119	70	
DHL	-40000	-40000	0	0	0	0	0	0	0	0	0	21343580	257	438	7	134	305	298	119	70	
DHL	-40200	-40200	0	0	0	0	0	0	0	0	0	21283126	257	438	7	134	305	298	119	70	
DHL	-40400	-40400	0	0	0	0	1	0	0	0	0	21223523	257	438	7	134	305	298	119	70	
DHL	-40600	-40600	0	0	0	0	1	0	1	0	0	21165459	257	438	7	134	305	298	119	70	
DHL	-40800	-40800	0	0	0	0	1	0	1	0	0	21106211	257	438	7	134	305	298	119	70	
DHL	-41000	-41000	0	0	0	0	1	0	1	0	0	21047612	257	438	7	134	305	298	119	70	
DHL	-41200	-41200	0	0	0	0	1	0	1	0	0	20989808	257	438	7	134	305	298	119	70	
DHL	-41400	-41400	0	0	0	0	1	0	2	0	0	20931928	257	438	7	134	305	298	119	70	
DHL	-41600	-41600	0	0	0	0	1	0	2	0	0	20874360	257	438	7	134	305	298	119	70	
DHL	-41800	-41800	0	0	0	0	1	0	2	0	0	20817264	257	438	7	134	305	298	119	70	
DHL	-42000	-42000	0	0	0	0	1	0	2	0	0	20761145	257	438	7	134	305	298	119	70	
DHL	-42200	-42200	0	0	0	0	1	0	2	0	0	20703125	257	438	7	134	305	298	119	70	
DHL	-42400	-42400	0	0	0	0	1	0	2	0	0	20646127	257	438	7	134	305	298	119	70	
DHL	-42600	-42600	0	0	0	0	1	0	1	0	0	20591414	257	438	7	134	305	298	119	70	
DHL	-42800	-42800	0	0	0	0	1	0	1	0	0	20537417	257	438	7	134	305	298	119	70	
DHL	-43000	-43000	0	0	0	0	1	0	1	0	0	20482664	257	438	7	134	305	298	119	70	
DHL	-43200	-43200	0	0	0	0	1	0	1	0	0	20425569	257	438	7	134	305	298	119	70	
DHL	-43400	-43400	0	0	0	0	1	0	1	0	0	20369049	257	438	7	134	305	298	119	70	
DHL	-43600	-43600	0	0	0	0	1	0	0	0	0	20313021	257	438	7	134	305	298	119	70	
DHL	-43800	-43800	0	0	0	0	1	0	0	0	0	20256151	257	438	7	134	305	298	119	70	
DHL	-44000	-44000	0	0	0	0	1	0	0	0	0	20199022	257	438	7	134	305	298	119	70	
DHL	-44200	-44200	0	0	0	0	1	0	0	0	0	20142853	257	438	7	134	305	298	119	70	
DHL	-44400	-44400	0	0	0	0	0	0	0	0	0	20087960	257	438	7	134	305	298	119	70	
DHL	-44600	-44600	0	0	0	0	0	0	0	0	0	20033556	257	438	7	134	305	298	119	70	
DHL	-44800	-44800	0	0	0	0	0	0	0	0	0	19979183	257	438	7	134	305	298	119	70	
DHL	-45000	-45000	0	0	0	0	0	0	0	0	0	19923728	257	438	7	134	305	298	119	70	
DHL	-45200	-45200	0	0	0	0	0	0	0	0	0	19868151	257	438	7	134	305	298	119	70	
DHL	-45400	-45400	0	0	0	0	0	0	0	0	0	19810384	257	438	7	134	305	298	119	70	
DHL	-45600	-45600	0	0	0	0	0	0	0	0	0	19753811	257	438	7	134	305	298	119	70	
DHL	-45800	-45800	0	0	0	0	0	0	0	0	0	19696385	257	438	7	134	305	298	119	70	
DHL	-46000	-46000	0	0	0	0	0	0	0	0	0	19638531	257	438	7	134	305	298	119	70	
DHL	-46200	-46200	0	0	0	0	0	0	0	0	0	19580326	257	438	7	134	305	298	119	70	
DHL	-46400	-46400	0	0	0	0	0	0	0	0	0	19523515	257	438	7	134	305	298	119	70	
DHL	-46600	-46600	0	0	0	0	0	0	0	0	0	19466151	257	438	7	134	305	298	119	70	
DHL	-46800	-46800	0	0	0	0	0	0	0	0	0	19408987	257	438	7	134	305	298	119	70	
DHL	-47000	-47000	0	0	0	0	0	0	0	0	0	19354102	257	438	7	134	305	298	119	70	
DHL	-47200	-47200	0	0	0	0	0	0	0	0	0	19298807	257	438	7	134	305	298	119	70	
DHL	-47400	-47400	0	0	0	0	0	0	0	0	0	19245020	257	438	7	134	305	298	119	70	
DHL	-47600	-47600	0	0	0	0	0	0	0	0	0	19192778	257	438	7	134	305	298	119	70	
DHL	-47800	-47800	0	0	0	0	0	0	0	0	0	19139540	257	438	7	134	305	298	119	70	
DHL	-48000	-48000	0	0	0	0	0	0	0	0	0	19085820	257	438	7	134	305	298	119	70	
DHL	-48200	-48200	0	0	0	0	0	0	0	0	0	19033619	257	438	7	134	305	298	119	70	
DHL	-48400	-48400	0	0	0	0	0	0	0	0	0	18982302	257	438	7	134	305	298	119	70	
DHL	-48600	-48600	0	0	0	0	0	0	0	0	0	18931070	257	438	7	134	305	298	119	70	
DHL	-48800	-48800	0	0	0	0	0	0	0	0	0	18880879	257	438	7	134	305	298	119	70	
DHL	-49000	-49000	0	0	0	0	0	0	0	0	0	18832909	257	438	7	134	305	298	119	70	
DHL	-49200	-49200	0	0	0	0	0	0	0	0	0	18784457	257	438	7	134	305	298	119	70	
DHL	-49400	-49400	0	0	0	0	0	0	0	0	0	18737624	257	438	7	134	305	298	119	70	
DHL	-49600	-49600	0	0	0	0	0	0	0	0	0	18692230	257	438	7	134	305	298	119	70	
DHL	-49800	-49800	0	0	0	0	0	0	0	0	0	18646999	257	438	7	134	305	298	119	70	
DHL	-50000	-50000	0	0	0	0	0	0	0	0	0	18600857	257	438	7	134	305	298	119	70	
DHL	-50200	-50200	0	0	0	0	0	0	0	0	0	18554537	257	438	7	134	305	298	119	70	
DHL	-50400	-50400	0	0	0	0	0	0	0	0	0	18508086	257	438	7	134	305	298	119	70	
DHL	-50600	-50600	0	0	0	0	0	0	0	0	0	18459893	257	438	7	134	305	298	119	70	
DHL	-50800	-50800	0	0	0	0	0	0	0	0	0	18412440	257	438	7	134	305	298	119	70	
DHL	-51000	-51000	0	0	0	0	0	0	0	0	0	18366492	257	438	7	134	305	298	119	70	
DHL	-51200	-51200	0	0	0	0	0	0	0	0	0	18320316	257	438	7	134	305	298	119	70	
DHL	-51400	-51400	0	0	0	0	0	0	0	0	0	18273856	257	438	7	134	305	298	119	70	
DHL	-51600	-51600	0	0	0	0	0	0	0	0	0	18222528	257	438	7	134	305	298	119	70	
DHL	-51800	-51800	0	0	0	0	0	0	0	0	0	18175562	257	438	7	134	305	298	119	70	
DHL	-52000	-52000	0	0	0	0	0	0	0	0	0	18127926	257	438	7	134	305	298	119	70	
DHL	-52200	-52200	0	0	0	0	0	0	0	0	0	18077649	257	438	7	134	305	298	119	70	
DHL	-52400	-52400	0	0	0	0	0	0	0	0	0	18027787	257	438	7	134	305	298	119	70	
DHL	-52600	-52600	0	0	0	0	0	0	0	0	0	17979434	257	438	7	134	305	298	119	70	
DHL	-52800	-52800	0	0	0	0	0	0	0	0	0	17932359	257	438	7	134	305	298	119	70	
DHL	-53000	-53000	0	0	0	0	0	0	0	0	0	17886247	257	438	7	134	305	298	119	70	
DHL	-53200	-53200	0	0	0	0	0	0	0	0	0	17839942	257	438	7	134	305	298	119	70	
DHL	-53400	-53400	0	0	0	0	0	0	0	0	0	17792796	257	438	7	134	305	298	119	70	
DHL	-53600	-53600	0	0	0	0	0	0	0	0	0	17745883	257	438	7	134	305	298	119	70	
DHL	-53800	-53800	0	0	0	0	0	0	0	0	0	17696842	257	438	7	134	305	298	119	70	
DHL	-54000	-54000	0	0	0	0	0	0	0	0	0	17646737	257	438	7	134	305	298	119	70	
DHL	-54200	-54200	0	0	0	0	0	0	0	0	0	17596650	257	438	7	134	305	298	119	70	
DHL	-54400	-54400	0	0	0	0	0	0	0	0	0	17548088	257	438	7	134	305	298	119	70	
DHL	-54600	-54600	0	0	0	0	0	0	0	0	0	17500229	257	438	7	134	305	298	119	70	
DHL	-54800	-54800	0	0	0	0	0	0	0	0	0	17455779	257	438	7	134	305	298	119	70	
DHL	-55000	-55000	0	0	0	0	0	0	0	0	0	17412452	257	438	7	134	305	298	119	70	
DHL	-55200	-55200	0	0	0	0	0	0	0	0	0	17371556	257	438	7	134	305	298	119	70	
DHL	-55400	-55400	0	0	0	0	0	0	0	0	0	17327548	257	438	7	134	305	298	119	70	
DHL	-55600	-55600	0	0	0	0	0	0	0	0	0	17284025	257	438	7	134	305	298	119	70	
DHL	-55800	-55800	0	0	0	0	0	0	0	0	0	17239799	257	438	7	134	305	298	119	70	
DHL	-56000	-56000	0	0	0	0	0	0	0	0	0	17194959	257	438	7	134	305	298	119	70	
DHL	-56200	-56200	0	0	0	0	0	0	0	0	0	17151409	257	438	7	134	305	298	119	70	
DHL	-56400	-56400	0	0	0	0	0	0	0	0	0	17108581	257	438	7	134	305	298	119	70	
DHL	-56600	-56600	0	0	0	0	0	0	0	0	0	17067521	257	438	7	134	305	298	119	70	
DHL	-56800	-56800	0	0	0	0	0	0	0	0	0	17027714	257	438	7	134	305	298	119	70	
DHL	-57000	-57000	0	0	0	0	0	0	0	0	0	16987324	257	438	7	134	305	298	119	70	
DHL	-57200	-57200	0	0	0	0	0	0	0	0	0	16946180	257	438	7	134	305	298	119	70	
DHL	-57400	-57400	0	0	0	0	0	0	0	0	0	16905615	257	438	7	134	305	298	119	70	
DHL	-57600	-57600	0	0	0	0	0	0	0	0	0	16867253	257	438	7	134	305	298	119	70	
DHL	-57800	-57800	0	0	0	0	0	0	0	0	0	16827752	257	438	7	134	305	298	119	70	
DHL	-58000	-58000	0	0	0	0	0	0	0	0	0	16787520	257	438	7	134	305	298	119	70	
DHL	-58200	-58200	0	0	0	0	0	0	0	0	0	16748657	257	438	7	134	305	298	119	70	
DHL	-58400	-58400	0	0	0	0	0	0	0	0	0	16707837	257	438	7	134	305	298	119	70	
DHL	-58600	-58600	0	0	0	0	0	0	0	0	0	16666672	257	438	7	134	305	298	119	70	
DHL	-58800	-58800	0	0	0	0	0	0	0	0	0	16624835	257	438	7	134	305	298	119	70	
DHL	-59000	-59000	0	0	0	0	0	0	0	0	0	16584051	257	438	7	134	305	298	119	70	
DHL	-59200	-59200	0	0	0	0	0	0	0	0	0	16542968	257	438	7	134	305	298	119	70	
DHL	-59400	-59400	0	0	0	0	0	0	0	0	0	16502293	257	438	7	134	305	298	119	70	
DHL	-59600	-59600	0	0	0	0	0	0	0	0	0	16460719	257	438	7	134	305	298	119	70	
DHL	-59800	-59800	0	0	0	0	0	0	0	0	0	16419178	257	438	7	134	305	298	119	70	
DHL	-60000	-60000	0	0	0	0	0	0	0	0	0	16376969	257	438	7	134	305	298	119	70	
DHL	-60200	-60200	0	0	0	0	0	0	0	0	0	16336597	257	438	7	134	305	298	119	70	
DHL	-60400	-60400	0	0	0	0	0	0	0	0	0	16297485	257	438	7	134	305	298	119	70	
DHL	-60600	-60600	0	0	0	0	0	0	0	0	0	16259025	257	438	7	134	305	298	119	70	
DHL	-60800	-60800	0	0	0	0	0	0	0	0	0	16221493	257	438	7	134	305	298	119	70	
DHL	-61000	-61000	0	0	0	0	0	0	0	0	0	16184950	257	438	7	134	305	298	119	70	
DHL	-61200	-61200	0	0	0	0	0	0	0	0	0	16149928	257	438	7	134	305	298	119	70	
DHL	-61400	-61400	0	0	0	0	0	0	0	0	0	16114515	257	438	7	134	305	298	119	70	
DHL	-61600	-61600	0	0	0	0	0	0	0	0	0	16078674	257	438	7	134	305	298	119	70	
DHL	-61800	-61800	0	0	0	0	0	0	0	0	0	16042541	257	438	7	134	305	298	119	70	
DHL	-62000	-62000	0	0	0	0	0	0	0	0	0	16005328	257	438	7	134	305	298	119	70	
DHL	-62200	-62200	0	0	0	0	0	0	0	0	0	15965543	257	438	7	134	305	298	119	70	
DHL	-62400	-62400	0	0	0	0	0	0	0	0	0	15923776	257	438	7	134	305	298	119	70	
DHL	-62600	-62600	0	0	0	0	0	0	0	0	0	15883821	257	438	7	134	305	298	119	70	
DHL	-62800	-62800	0	0	0	0	0	0	0	0	0	15844659	257	438	7	134	305	298	119	70	
DHL	-63000	-63000	0	0	0	0	0	0	0	0	0	15806658	257	438	7	134	305	298	119	70	
DHL	-63200	-63200	0	0	0	0	0	0	0	0	0	15770582	257	438	7	134	305	298	119	70	
DHL	-63400	-63400	0	0	0	0	0	0	0	0	0	15735370	257	438	7	134	305	298	119	70	
DHL	-63600	-63600	0	0	0	0	0	0	0	0	0	15699574	257	438	7	134	305	298	119	70	
DHL	-63800	-63800	0	0	0	0	0	0	0	0	0	15664129	257	438	7	134	305	298	119	70	
DHL	-64000	-64000	1	0	0	0	0	0	0	0	0	15630336	257	438	7	134	305	298	119	70	
DHL	-64200	-64200	1	0	0	0	0	0	0	0	0	15596549	257	438	7	134	305	298	119	70	
DHL	-64400	-64400	1	0	0	0	2	1	0	0	0	15561083	257	438	7	134	305	298	119	70	
DHL	-64600	-64600	2	0	0	0	4	4	0	0	0	15525304	257	438	7	134	305	298	119	70	
DHL	-64800	-64800	3	0	0	0	7	9	0	0	0	15490347	257	438	7	134	305	298	119	70	
DHL	-65000	-65000	3	0	0	0	11	10	0	0	0	15457351	257	438	7	134	305	298	119	70	
DHL	-65200	-65200	3	0	0	0	15	10	0	0	0	15425267	257	438	7	134	305	298	119	70	
DHL	-65400	-65400	3	0	0	0	19	16	0	0	0	15394494	257	438	7	134	305	298	119	70	
DHL	-65600	-65600	4	0	0	0	21	20	0	0	0	15364754	257	438	7	134	305	298	119	70	
DHL	-65800	-65800	4	0	0	0	21	19	1	0	0	15335342	257	438	7	134	305	298	119	70	
DHL	-66000	-66000	3	0	0	0	20	18	1	0	0	15305757	257	438	7	134	305	298	119	70	
DHL	-66200	-66200	2	0	0	0	17	14	1	0	0	15277103	257	438	7	134	305	298	119	70	
DHL	-66400	-66400	2	0	0	0	13	13	1	0	0	15248240	257	438	7	134	305	298	119	70	
DHL	-66600	-66600	2	0	0	0	8	13	1	0	0	15218617	257	438	7	134	305	298	119	70	
DHL	-66800	-66800	1	0	0	0	5	7	1	0	0	15188852	257	438	7	134	305	298	119	70	
DHL	-67000	-67000	0	0	0	0	3	3	1	0	0	15157818	257	438	7	134	305	298	119	70	
DHL	-67200	-67200	0	0	0	0	1	3	0	0	0	15126299	257	438	7	134	305	298	119	70	
DHL	-67400	-67400	0	0	0	0	0	1	0	0	0	15094479	257	438	7	134	305	298	119	70	
DHL	-67600	-67600	0	0	0	0	0	0	0	0	0	15062367	257	438	7	134	305	298	119	70	
DHL	-67800	-67800	0	0	0	0	0	0	0	0	0	15031063	257	438	7	134	305	298	119	70	
DHL	-68000	-68000	0	0	0	0	0	0	0	0	0	14999819	257	438	7	134	305	298	119	70	
DHL	-68200	-68200	0	0	0	0	0	0	0	0	0	14967038	257	438	7	134	305	298	119	70	
DHL	-68400	-68400	0	0	0	0	0	0	0	0	0	14933791	257	438	7	134	305	298	119	70	
DHL	-68600	-68600	0	0	0	0	0	0	0	0	0	14899977	257	438	7	134	305	298	119	70	
DHL	-68800	-68800	0	0	0	0	0	0	0	0	0	14866271	257	438	7	134	305	298	119	70	
DHL	-69000	-69000	0	0	0	0	0	0	0	0	0	14832219	257	438	7	134	305	298	119	70	
DHL	-69200	-69200	0	0	0	0	0	0	0	0	0	14798374	257	438	7	134	305	298	119	70	
DHL	-69400	-69400	0	0	0	0	0	0	0	0	0	14765751	257	438	7	134	305	298	119	70	
DHL	-69600	-69600	0	0	0	0	0	0	0	0	0	14734821	257	438	7	134	305	298	119	70	
DHL	-69800	-69800	0	0	0	0	0	0	0	0	0	14704047	257	438	7	134	305	298	119	70	
DHL	-70000	-70000	0	0	0	0	0	0	0	0	0	14673282	257	438	7	134	305	298	119	70	
DHL	-70200	-70200	0	0	0	0	0	0	0	0	0	14643639	257	438	7	134	305	298	119	70	
DHL	-70400	-70400	0	0	0	0	0	0	0	0	0	14615532	257	438	7	134	305	298	119	70	
DHL	-70600	-70600	0	0	0	0	0	0	0	0	0	14589240	257	438	7	134	305	298	119	70	
DHL	-70800	-70800	0	0	0	0	0	0	0	0	0	14563605	257	438	7	134	305	298	119	70	
DHL	-71000	-71000	0	0	0	0	0	0	0	0	0	14538735	257	438	7	134	305	298	119	70	
DHL	-71200	-71200	0	0	0	0	0	0	0	0	0	14512646	257	438	7	134	305	298	119	70	
DHL	-71400	-71400	0	0	0	0	0	0	0	0	0	14486390	257	438	7	134	305	298	119	70	
DHL	-71600	-71600	0	0	0	0	0	0	0	0	0	14461074	257	438	7	134	305	298	119	70	
DHL	-71800	-71800	0	0	0	0	0	0	0	0	0	14436335	257	438	7	134	305	298	119	70	
DHL	-72000	-72000	0	0	0	0	0	0	0	0	0	14411223	257	438	7	134	305	298	119	70	
DHL	-72200	-72200	0	0	0	0	0	0	0	0	0	14384651	257	438	7	134	305	298	119	70	
DHL	-72400	-72400	0	0	0	0	0	0	0	0	0	14359538	257	438	7	134	305	298	119	70	
DHL	-72600	-72600	0	0	0	0	0	0	0	0	0	14333981	257	438	7	134	305	298	119	70	
DHL	-72800	-72800	0	0	0	0	0	0	0	0	0	14307755	257	438	7	134	305	298	119	70	
DHL	-73000	-73000	0	0	0	0	0	0	0	0	0	14278943	257	438	7	134	305	298	119	70	
DHL	-73200	-73200	0	0	0	0	0	0	0	0	0	14251145	257	438	7	134	305	298	119	70	
DHL	-73400	-73400	0	0	0	0	0	0	0	0	0	14223252	257	438	7	134	305	298	119	70	
DHL	-73600	-73600	0	0	0	0	0	0	0	0	0	14194971	257	438	7	134	305	298	119	70	
DHL	-73800	-73800	0	0	0	0	0	0	0	0	0	14167732	257	438	7	134	305	298	119	70	
DHL	-74000	-74000	0	0	0	0	0	0	0	0	0	14141393	257	438	7	134	305	298	119	70	
DHL	-74200	-74200	0	0	0	0	0	0	0	0	0	14115732	257	438	7	134	305	298	119	70	
DHL	-74400	-74400	0	0	0	0	0	0	0	0	0	14089219	257	438	7	134	305	298	119	70	
DHL	-74600	-74600	0	0	0	0	0	0	0	0	0	14061359	257	438	7	134	305	298	119	70	
DHL	-74800	-74800	0	0	0	0	0	0	0	0	0	14033700	257	438	7	134	305	298	119	70	
DHL	-75000	-75000	0	0	0	0	0	0	0	0	0	14006455	257	438	7	134	305	298	119	70	
DHL	-75200	-75200	0	0	0	0	0	0	0	0	0	13979445	257	438	7	134	305	298	119	70	
DHL	-75400	-75400	0	0	0	0	0	0	0	0	0	13952333	257	438	7	134	305	298	119	70	
DHL	-75600	-75600	0	0	0	0	0	0	0	0	0	13926133	257	438	7	134	305	298	119	70	
DHL	-75800	-75800	0	0	0	0	0	0	0	0	0	13899557	257	438	7	134	305	298	119	70	
DHL	-76000	-76000	0	0	0	0	0	0	0	0	0	13873525	257	438	7	134	305	298	119	70	
DHL	-76200	-76200	0	0	0	0	0	0	0	0	0	13849072	257	438	7	134	305	298	119	70	
DHL	-76400	-76400	0	0	0	0	0	0	0	0	0	13823828	257	438	7	134	305	298	119	70	
DHL	-76600	-76600	0	0	0	0	0	0	0	0	0	13799934	257	438	7	134	305	298	119	70	
DHL	-76800	-76800	0	0	0	0	0	0	0	0	0	13779233	257	438	7	134	305	298	119	70	
DHL	-77000	-77000	0	0	0	0	0	0	0	0	0	13754073	257	438	7	134	305	298	119	70	
DHL	-77200	-77200	0	0	0	0	0	0	0	0	0	13727690	257	438	7	134	305	298	119	70	
DHL	-77400	-77400	0	0	0	0	0	0	0	0	0	13703931	257	438	7	134	305	298	119	70	
DHL	-77600	-77600	0	0	0	0	0	0	0	0	0	13679602	257	438	7	134	305	298	119	70	
DHL	-77800	-77800	0	0	0	0	0	0	0	0	0	13653549	257	438	7	134	305	298	119	70	
DHL	-78000	-78000	0	0	0	0	0	0	0	0	0	13626216	257	438	7	134	305	298	119	70	
DHL	-78200	-78200	0	0	0	0	0	0	0	0	0	13599321	257	438	7	134	305	298	119	70	
DHL	-78400	-78400	0	0	0	0	0	0	0	0	0	13572640	257	438	7	134	305	298	119	70	
DHL	-78600	-78600	0	0	0	0	0	0	0	0	0	13546255	257	438	7	134	305	298	119	70	
DHL	-78800	-78800	0	0	0	0	0	0	0	0	0	13521630	257	438	7	134	305	298	119	70	
DHL	-79000	-79000	0	0	0	0	0	0	0	0	0	13498468	257	438	7	134	305	298	119	70	
DHL	-79200	-79200	0	0	0	0	0	0	0	0	0	13475342	257	438	7	134	305	298	119	70	
DHL	-79400	-79400	0	0	0	0	0	0	0	0	0	13455578	257	438	7	134	305	298	119	70	
DHL	-79600	-79600	0	0	0	0	0	0	0	0	0	13433725	257	438	7	134	305	298	119	70	
DHL	-79800	-79800	0	0	0	0	0	0	0	0	0	13411321	257	438	7	134	305	298	119	70	
DHL	-80000	-80000	0	0	0	0	0	0	0	0	0	13387822	257	438	7	134	305	298	119	70	
DHL	-80200	-80200	0	0	0	0	0	0	0	0	0	13362846	257	438	7	134	305	298	119	70	
DHL	-80400	-80400	0	0	0	0	0	0	0	0	0	13337751	257	438	7	134	305	298	119	70	
DHL	-80600	-80600	0	0	0	0	0	0	0	0	0	13313520	257	438	7	134	305	298	119	70	
DHL	-80800	-80800	0	0	0	0	0	0	0	0	0	13289832	257	438	7	134	305	298	119	70	
DHL	-81000	-81000	0	0	0	0	0	0	0	0	0	13264872	257	438	7	134	305	298	119	70	
DHL	-81200	-81200	0	0	0	0	0	0	0	0	0	13240228	257	438	7	134	305	298	119	70	
DHL	-81400	-81400	0	0	0	0	0	0	0	0	0	13216016	257	438	7	134	305	298	119	70	
DHL	-81600	-81600	0	0	0	0	0	0	0	0	0	13191348	257	438	7	134	305	298	119	70	
DHL	-81800	-81800	0	0	0	0	0	0	0	0	0	13166238	257	438	7	134	305	298	119	70	
DHL	-82000	-82000	0	0	0	0	0	0	0	0	0	13141931	257	438	7	134	305	298	119	70	
DHL	-82200	-82200	0	0	0	0	0	0	0	0	0	13116544	257	438	7	134	305	298	119	70	
DHL	-82400	-82400	0	0	0	0	0	0	0	0	0	13090147	257	438	7	134	305	298	119	70	
DHL	-82600	-82600	0	0	0	0	0	0	0	0	0	13064577	257	438	7	134	305	298	119	70	
DHL	-82800	-82800	0	0	0	0	0	0	0	0	0	13038946	257	438	7	134	305	298	119	70	
DHL	-83000	-83000	0	0	0	0	0	0	0	0	0	13013156	257	438	7	134	305	298	119	70	
DHL	-83200	-83200	0	0	0	0	0	0	0	0	0	12987911	257	438	7	134	305	298	119	70	
DHL	-83400	-83400	0	0	0	0	0	0	0	0	0	12962197	257	438	7	134	305	298	119	70	
DHL	-83600	-83600	0	0	0	0	0	0	0	0	0	12936702	257	438	7	134	305	298	119	70	
DHL	-83800	-83800	0	0	0	0	0	0	0	0	0	12911091	257	438	7	134	305	298	119	70	
DHL	-84000	-84000	0	0	0	0	0	0	0	0	0	12886728	257	438	7	134	305	298	119	70	
DHL	-84200	-84200	0	0	0	0	0	0	0	0	0	12862054	257	438	7	134	305	298	119	70	
DHL	-84400	-84400	0	0	0	0	0	0	0	0	0	12837410	257	438	7	134	305	298	119	70	
DHL	-84600	-84600	0	0	0	0	0	0	0	0	0	12812358	257	438	7	134	305	298	119	70	
DHL	-84800	-84800	0	0	0	0	0	0	0	0	0	12787032	257	438	7	134	305	298	119	70	
DHL	-85000	-85000	0	0	0	0	0	0	0	0	0	12761540	257	438	7	134	305	298	119	70	
DHL	-85200	-85200	0	0	0	0	0	0	0	0	0	12736133	257	438	7	134	305	298	119	70	
DHL	-85400	-85400	0	0	0	0	0	0	0	0	0	12712210	257	438	7	134	305	298	119	70	
DHL	-85600	-85600	0	0	0	0	0	0	0	0	0	12688722	257	438	7	134	305	298	119	70	
DHL	-85800	-85800	0	0	0	0	0	0	0	0	0	12664872	257	438	7	134	305	298	119	70	
DHL	-86000	-86000	0	0	0	0	0	0	0	0	0	12640935	257	438	7	134	305	298	119	70	
DHL	-86200	-86200	0	0	0	0	0	0	0	0	0	12616926	257	438	7	134	305	298	119	70	
DHL	-86400	-86400	0	0	0	0	0	0	0	0	0	12593232	257	438	7	134	305	298	119	70	
DHL	-86600	-86600	0	0	0	0	0	0	0	0	0	12569780	257	438	7	134	305	298	119	70	
DHL	-86800	-86800	0	0	0	0	0	0	0	0	0	12545246	257	438	7	134	305	298	119	70	
DHL	-87000	-87000	0	0	0	0	0	0	0	0	0	12518152	257	438	7	134	305	298	119	70	
DHL	-87200	-87200	0	0	0	0	0	0	0	0	0	12491306	257	438	7	134	305	298	119	70	
DHL	-87400	-87400	0	0	0	0	0	0	0	0	0	12465181	257	438	7	134	305	298	119	70	
DHL	-87600	-87600	0	0	0	0	0	0	0	0	0	12440055	257	438	7	134	305	298	119	70	
DHL	-87800	-87800	0	0	0	0	0	0	0	0	0	12415324	257	438	7	134	305	298	119	70	
DHL	-88000	-88000	0	0	0	0	0	0	0	0	0	12390820	257	438	7	134	305	298	119	70	
DHL	-88200	-88200	0	0	0	0	0	0	0	0	0	12365552	257	438	7	134	305	298	119	70	
DHL	-88400	-88400	0	0	0	0	0	0	0	0	0	12340276	257	438	7	134	305	298	119	70	
DHL	-88600	-88600	0	0	0	0	0	0	0	0	0	12316002	257	438	7	134	305	298	119	70	
DHL	-88800	-88800	0	0	0	0	0	0	0	0	0	12292195	257	438	7	134	305	298	119	70	
DHL	-89000	-89000	0	0	0	0	0	0	0	0	0	12269011	257	438	7	134	305	298	119	70	
DHL	-89200	-89200	0	0	0	0	0	0	0	0	0	12246562	257	438	7	134	305	298	119	70	
DHL	-89400	-89400	0	0	0	0	0	0	0	0	0	12223922	257	438	7	134	305	298	119	70	
DHL	-89600	-89600	0	0	0	0	0	0	0	0	0	12201395	257	438	7	134	305	298	119	70	
DHL	-89800	-89800	0	0	0	0	0	0	0	0	0	12179209	257	438	7	134	305	298	119	70	
DHL	-90000	-90000	0	0	0	0	0	0	0	0	0	12155088	257	438	7	134	305	298	119	70	
DHL	-90200	-90200	0	0	0	0	0	0	0	0	0	12129194	257	438	7	134	305	298	119	70	
DHL	-90400	-90400	0	0	0	0	0	0	0	0	0	12103128	257	438	7	134	305	298	119	70	
DHL	-90600	-90600	0	0	0	0	0	0	0	0	0	12078917	257	438	7	134	305	298	119	70	
DHL	-90800	-90800	0	0	0	0	0	0	0	0	0	12056282	257	438	7	134	305	298	119	70	
DHL	-91000	-91000	0	0	0	0	0	0	0	0	0	12034411	257	438	7	134	305	298	119	70	
DHL	-91200	-91200	0	0	0	0	0	0	0	0	0	12012206	257	438	7	134	305	298	119	70	
DHL	-91400	-91400	0	0	0	0	0	0	0	0	0	11989344	257	438	7	134	305	298	119	70	
DHL	-91600	-91600	0	0	0	0	0	0	0	0	0	11966552	257	438	7	134	305	298	119	70	
DHL	-91800	-91800	0	0	0	0	0	0	0	0	0	11943671	257	438	7	134	305	298	119	70	
DHL	-92000	-92000	0	0	0	0	0	0	0	0	0	11920766	257	438	7	134	305	298	119	70	
DHL	-92200	-92200	0	0	0	0	0	0	0	0	0	11899360	257	438	7	134	305	298	119	70	
DHL	-92400	-92400	0	0	0	0	0	0	0	0	0	11877452	257	438	7	134	305	298	119	70	
DHL	-92600	-92600	0	0	0	0	0	0	0	0	0	11855291	257	438	7	134	305	298	119	70	
DHL	-92800	-92800	0	0	0	0	0	0	0	0	0	11832452	257	438	7	134	305	298	119	70	
DHL	-93000	-93000	0	0	0	0	0	0	0	0	0	11809049	257	438	7	134	305	298	119	70	
DHL	-93200	-93200	0	0	0	0	0	0	0	0	0	11784714	257	438	7	134	305	298	119	70	
DHL	-93400	-93400	0	0	0	0	0	0	0	0	0	11760488	257	438	7	134	305	298	119	70	
DHL	-93600	-93600	0	0	0	0	0	0	0	0	0	11734923	257	438	7	134	305	298	119	70	
DHL	-93800	-93800	0	0	0	0	0	0	0	0	0	11709179	257	438	7	134	305	298	119	70	
DHL	-94000	-94000	0	0	0	0	0	0	0	0	0	11684444	257	438	7	134	305	298	119	70	
DHL	-94200	-94200	0	0	0	0	0	0	0	0	0	11660268	257	438	7	134	305	298	119	70	
DHL	-94400	-94400	0	0	0	0	0	0	0	0	0	11635887	257	438	7	134	305	298	119	70	
DHL	-94600	-94600	0	0	0	0	0	0	0	0	0	11612548	257	438	7	134	305	298	119	70	
DHL	-94800	-94800	0	0	0	0	0	0	0	0	0	11588927	257	438	7	134	305	298	119	70	
DHL	-95000	-95000	0	0	0	0	0	0	0	0	0	11565123	257	438	7	134	305	298	119	70	
DHL	-95200	-95200	0	0	0	0	0	0	0	0	0	11540675	257	438	7	134	305	298	119	70	
DHL	-95400	-95400	0	0	0	0	0	0	0	0	0	11515477	257	438	7	134	305	298	119	70	
DHL	-95600	-95600	0	0	0	0	0	0	0	0	0	11491623	257	438	7	134	305	298	119	70	
DHL	-95800	-95800	0	0	0	0	0	0	0	0	0	11469056	257	438	7	134	305	298	119	70	
DHL	-96000	-96000	0	0	0	0	0	0	0	0	0	11446566	257	438	7	134	305	298	119	70	
DHL	-96200	-96200	0	0	0	0	0	0	0	0	0	11423195	257	438	7	134	305	298	119	70	
DHL	-96400	-96400	0	0	0	0	0	0	0	0	0	11400236	257	438	7	134	305	298	119	70	
DHL	-96600	-96600	0	0	0	0	0	0	0	0	0	11377157	257	438	7	134	305	298	119	70	
DHL	-96800	-96800	0	0	0	0	0	0	0	0	0	11353835	257	438	7	134	305	298	119	70	
DHL	-97000	-97000	0	0	0	0	0	0	0	0	0	11330643	257	438	7	134	305	298	119	70	
DHL	-97200	-97200	0	0	0	0	0	0	0	0	0	11307439	257	438	7	134	305	298	119	70	
DHL	-97400	-97400	0	0	0	0	0	0	0	0	0	11285111	257	438	7	134	305	298	119	70	
DHL	-97600	-97600	0	0	0	0	0	0	0	0	0	11263172	257	438	7	134	305	298	119	70	
DHL	-97800	-97800	0	0	0	0	0	0	0	0	0	11240141	257	438	7	134	305	298	119	70	
DHL	-98000	-98000	0	0	0	0	0	0	0	0	0	11217135	257	438	7	134	305	298	119	70	
DHL	-98200	-98200	0	0	0	0	0	0	0	0	0	11195290	257	438	7	134	305	298	119	70	
DHL	-98400	-98400	0	2	0	0	0	0	0	0	0	11173753	257	438	7	134	305	298	119	70	
DHL	-98600	-98600	0	5	0	0	0	0	0	0	0	11153233	257	438	7	134	305	298	119	70	
DHL	-98800	-98800	0	7	0	0	0	0	0	0	0	11132813	257	438	7	134	305	298	119	70	
DHL	-99000	-99000	0	8	0	0	0	0	0	0	0	11112350	257	438	7	134	305	298	119	70	
DHL	-99200	-99200	0	4	0	0	0	1	0	0	0	11092709	257	438	7	134	305	298	119	70	
DHL	-99400	-99400	0	3	0	0	0	1	0	0	0	11072596	257	438	7	134	305	298	119	70	
DHL	-99600	-99600	0	1	0	0	0	1	0	0	0	11053276	257	438	7	134	305	298	119	70	
DHL	-99800	-99800	0	0	0	0	0	1	0	0	0	11034831	257	438	7	134	305	298	119	70	
DHL	-100000	-100000	0	0	0	0	0	0	0	0	0	11017380	257	438	7	134	305	298	119	70	
