DHL	0	0	224	383	6	130	232	259	82	0	58	51323255	257	438	7	134	305	298	119	70	
DHL	200	200	223	382	6	132	229	262	81	0	58	51068362	257	438	7	134	305	298	119	70	
DHL	400	400	223	368	5	129	227	261	80	0	59	50444597	257	438	7	134	305	298	119	70	
DHL	600	600	221	350	5	120	217	263	75	0	59	49765437	257	438	7	134	305	298	119	70	
DHL	800	800	217	339	5	108	201	260	71	0	55	49117777	257	438	7	134	305	298	119	70	
DHL	1000	1000	210	329	4	101	188	248	59	0	52	48519129	257	438	7	134	305	298	119	70	
DHL	1200	1200	206	322	4	95	177	230	52	0	50	47969469	257	438	7	134	305	298	119	70	
DHL	1400	1400	202	299	4	89	169	222	52	0	46	47461932	257	438	7	134	305	298	119	70	
DHL	1600	1600	196	276	4	81	161	218	50	0	43	46989702	257	438	7	134	305	298	119	70	
DHL	1800	1800	196	260	4	77	155	208	46	0	41	46545057	257	438	7	134	305	298	119	70	
DHL	2000	2000	193	242	4	71	143	193	42	0	40	46124629	257	438	7	134	305	298	119	70	
DHL	2200	2200	182	228	4	59	136	186	38	0	36	45721333	257	438	7	134	305	298	119	70	
DHL	2400	2400	171	202	4	55	123	183	36	0	36	45336986	257	438	7	134	305	298	119	70	
DHL	2600	2600	165	187	4	53	115	182	35	0	36	44974312	257	438	7	134	305	298	119	70	
DHL	2800	2800	159	179	4	52	110	179	36	0	34	44626590	257	438	7	134	305	298	119	70	
DHL	3000	3000	155	168	4	51	109	166	37	0	33	44289591	257	438	7	134	305	298	119	70	
DHL	3200	3200	148	156	4	47	101	154	36	0	28	43959183	257	438	7	134	305	298	119	70	
DHL	3400	3400	140	137	4	43	91	137	31	0	27	43633390	257	438	7	134	305	298	119	70	
DHL	3600	3600	137	127	4	41	83	128	31	0	25	43318989	257	438	7	134	305	298	119	70	
DHL	3800	3800	133	119	4	40	76	125	31	0	24	43011374	257	438	7	134	305	298	119	70	
DHL	4000	4000	120	113	4	38	72	123	31	0	22	42714758	257	438	7	134	305	298	119	70	
DHL	4200	4200	116	105	4	33	66	113	31	0	22	42429941	257	438	7	134	305	298	119	70	
DHL	4400	4400	108	99	4	31	56	109	31	0	20	42153312	257	438	7	134	305	298	119	70	
DHL	4600	4600	99	93	4	29	53	103	29	0	19	41875391	257	438	7	134	305	298	119	70	
DHL	4800	4800	97	91	4	27	51	102	29	0	18	41601345	257	438	7	134	305	298	119	70	
DHL	5000	5000	96	90	4	25	50	102	26	0	17	41335328	257	438	7	134	305	298	119	70	
DHL	5200	5200	95	90	4	25	50	102	26	0	17	41074448	257	438	7	134	305	298	119	70	
DHL	5400	5400	95	90	4	25	49	102	26	0	17	40823769	257	438	7	134	305	298	119	70	
DHL	5600	5600	95	90	4	25	48	102	25	0	17	40578622	257	438	7	134	305	298	119	70	
DHL	5800	5800	94	89	4	25	50	99	23	0	15	40335726	257	438	7	134	305	298	119	70	
DHL	6000	6000	91	89	4	25	49	98	22	0	15	40093340	257	438	7	134	305	298	119	70	
DHL	6200	6200	90	88	4	25	48	97	22	0	15	39856870	257	438	7	134	305	298	119	70	
DHL	6400	6400	90	88	4	25	48	97	22	0	15	39626454	257	438	7	134	305	298	119	70	
DHL	6600	6600	90	87	4	24	47	97	22	0	15	39398774	257	438	7	134	305	298	119	70	
DHL	6800	6800	87	85	4	21	46	96	22	0	15	39177199	257	438	7	134	305	298	119	70	
DHL	7000	7000	83	85	4	20	46	94	22	0	15	38960864	257	438	7	134	305	298	119	70	
DHL	7200	7200	83	85	4	20	45	94	22	0	15	38748733	257	438	7	134	305	298	119	70	
DHL	7400	7400	83	85	4	14	45	90	22	0	15	38540119	257	438	7	134	305	298	119	70	
DHL	7600	7600	79	84	4	12	45	87	22	0	15	38333804	257	438	7	134	305	298	119	70	
DHL	7800	7800	76	83	4	11	45	81	22	0	15	38129343	257	438	7	134	305	298	119	70	
DHL	8000	8000	65	80	4	11	43	73	21	0	15	37928676	257	438	7	134	305	298	119	70	
DHL	8200	8200	63	74	4	10	39	72	21	0	14	37727013	257	438	7	134	305	298	119	70	
DHL	8400	8400	52	69	4	10	34	69	21	0	12	37530662	257	438	7	134	305	298	119	70	
DHL	8600	8600	41	67	2	9	23	62	17	0	11	37336857	257	438	7	134	305	298	119	70	
DHL	8800	8800	36	61	2	8	21	57	17	0	9	37144522	257	438	7	134	305	298	119	70	
DHL	9000	9000	31	58	2	8	19	55	12	0	9	36954391	257	438	7	134	305	298	119	70	
DHL	9200	9200	29	50	0	8	20	51	10	0	9	36769977	257	438	7	134	305	298	119	70	
DHL	9400	9400	22	46	0	6	18	46	9	0	6	36586539	257	438	7	134	305	298	119	70	
DHL	9600	9600	21	40	0	5	13	37	6	0	3	36403735	257	438	7	134	305	298	119	70	
DHL	9800	9800	16	35	0	1	12	26	4	0	1	36223975	257	438	7	134	305	298	119	70	
DHL	10000	10000	12	28	0	0	10	21	4	0	1	36046061	257	438	7	134	305	298	119	70	
DHL	10200	10200	12	21	0	0	10	18	4	0	1	35871966	257	438	7	134	305	298	119	70	
DHL	10400	10400	12	18	0	0	10	11	4	0	0	35701673	257	438	7	134	305	298	119	70	
DHL	10600	10600	11	13	0	0	10	5	3	0	0	35533163	257	438	7	134	305	298	119	70	
DHL	10800	10800	11	12	0	0	10	1	1	0	0	35368106	257	438	7	134	305	298	119	70	
DHL	11000	11000	9	10	0	0	7	1	1	0	0	35206588	257	438	7	134	305	298	119	70	
DHL	11200	11200	9	10	0	0	7	1	1	0	0	35043622	257	438	7	134	305	298	119	70	
DHL	11400	11400	8	10	0	0	7	1	1	0	0	34884417	257	438	7	134	305	298	119	70	
DHL	11600	11600	8	9	0	0	7	1	1	0	0	34729458	257	438	7	134	305	298	119	70	
DHL	11800	11800	6	6	0	0	5	1	0	0	0	34575023	257	438	7	134	305	298	119	70	
DHL	12000	12000	3	6	0	0	1	0	0	0	0	34423917	257	438	7	134	305	298	119	70	
DHL	12200	12200	3	6	0	0	1	0	0	0	0	34274017	257	438	7	134	305	298	119	70	
DHL	12400	12400	3	6	0	0	1	0	0	0	0	34124254	257	438	7	134	305	298	119	70	
DHL	12600	12600	3	5	0	0	1	0	0	0	0	33974515	257	438	7	134	305	298	119	70	
DHL	12800	12800	3	5	0	0	1	0	0	0	0	33825021	257	438	7	134	305	298	119	70	
DHL	13000	13000	2	5	0	0	1	0	0	0	0	33678463	257	438	7	134	305	298	119	70	
DHL	13200	13200	0	5	0	0	1	0	0	0	0	33535847	257	438	7	134	305	298	119	70	
DHL	13400	13400	0	5	0	0	1	0	0	0	0	33394482	257	438	7	134	305	298	119	70	
DHL	13600	13600	0	4	0	0	1	1	0	0	0	33255154	257	438	7	134	305	298	119	70	
DHL	13800	13800	0	6	0	0	1	1	0	0	0	33116682	257	438	7	134	305	298	119	70	
DHL	14000	14000	0	7	0	0	1	0	0	0	0	32980380	257	438	7	134	305	298	119	70	
DHL	14200	14200	0	10	0	0	1	0	0	0	0	32844810	257	438	7	134	305	298	119	70	
DHL	14400	14400	0	8	0	0	1	0	0	0	0	32712908	257	438	7	134	305	298	119	70	
DHL	14600	14600	0	7	0	0	1	0	0	0	0	32582331	257	438	7	134	305	298	119	70	
DHL	14800	14800	0	3	0	0	1	0	0	0	0	32453572	257	438	7	134	305	298	119	70	
DHL	15000	15000	0	3	0	0	1	0	0	0	0	32326641	257	438	7	134	305	298	119	70	
DHL	15200	15200	0	3	0	0	0	0	0	0	0	32200269	257	438	7	134	305	298	119	70	
DHL	15400	15400	0	3	0	0	0	0	0	0	0	32074028	257	438	7	134	305	298	119	70	
DHL	15600	15600	0	3	0	0	0	0	0	0	0	31949267	257	438	7	134	305	298	119	70	
DHL	15800	15800	0	3	0	0	0	0	0	0	0	31827802	257	438	7	134	305	298	119	70	
DHL	16000	16000	0	3	0	0	0	0	0	0	0	31704380	257	438	7	134	305	298	119	70	
DHL	16200	16200	0	1	0	0	0	0	0	0	0	31581268	257	438	7	134	305	298	119	70	
DHL	16400	16400	0	1	0	0	0	0	0	0	0	31460587	257	438	7	134	305	298	119	70	
DHL	16600	16600	0	1	0	0	0	0	0	0	0	31342982	257	438	7	134	305	298	119	70	
DHL	16800	16800	0	4	0	0	0	0	0	0	0	31227361	257	438	7	134	305	298	119	70	
DHL	17000	17000	0	6	0	0	0	0	0	0	0	31112974	257	438	7	134	305	298	119	70	
DHL	17200	17200	0	6	0	0	0	0	1	0	0	30999933	257	438	7	134	305	298	119	70	
DHL	17400	17400	0	6	0	1	1	0	1	0	0	30883923	257	438	7	134	305	298	119	70	
DHL	17600	17600	0	7	0	1	1	0	2	0	0	30768082	257	438	7	134	305	298	119	70	
DHL	17800	17800	0	7	0	1	2	0	2	0	0	30654239	257	438	7	134	305	298	119	70	
DHL	18000	18000	0	7	0	1	2	0	2	0	0	30541846	257	438	7	134	305	298	119	70	
DHL	18200	18200	0	7	0	2	2	0	2	0	0	30429588	257	438	7	134	305	298	119	70	
DHL	18400	18400	0	7	0	2	2	0	2	0	0	30318154	257	438	7	134	305	298	119	70	
DHL	18600	18600	0	7	0	2	2	1	2	0	0	30208950	257	438	7	134	305	298	119	70	
DHL	18800	18800	0	7	0	2	3	3	2	0	0	30102043	257	438	7	134	305	298	119	70	
DHL	19000	19000	0	7	0	2	5	2	3	0	0	29996178	257	438	7	134	305	298	119	70	
DHL	19200	19200	1	7	0	2	6	4	3	0	0	29891446	257	438	7	134	305	298	119	70	
DHL	19400	19400	2	7	0	2	8	10	2	0	0	29785031	257	438	7	134	305	298	119	70	
DHL	19600	19600	1	7	0	2	11	6	2	0	0	29678583	257	438	7	134	305	298	119	70	
DHL	19800	19800	0	7	0	2	12	2	2	0	0	29571315	257	438	7	134	305	298	119	70	
DHL	20000	20000	1	7	0	2	9	6	2	0	0	29464498	257	438	7	134	305	298	119	70	
DHL	20200	20200	3	7	0	2	8	9	2	0	0	29358179	257	438	7	134	305	298	119	70	
DHL	20400	20400	2	7	0	2	7	4	4	0	0	29252323	257	438	7	134	305	298	119	70	
DHL	20600	20600	2	7	0	2	5	1	4	0	0	29145950	257	438	7	134	305	298	119	70	
DHL	20800	20800	3	7	0	2	3	0	4	0	0	29039332	257	438	7	134	305	298	119	70	
DHL	21000	21000	3	7	0	2	4	0	4	0	0	28934676	257	438	7	134	305	298	119	70	
DHL	21200	21200	2	7	0	2	4	0	4	0	0	28832452	257	438	7	134	305	298	119	70	
DHL	21400	21400	2	7	0	2	4	0	4	0	0	28732477	257	438	7	134	305	298	119	70	
DHL	21600	21600	2	7	0	2	4	0	4	0	0	28635008	257	438	7	134	305	298	119	70	
DHL	21800	21800	1	7	0	2	4	0	4	0	0	28539917	257	438	7	134	305	298	119	70	
DHL	22000	22000	0	7	0	2	4	0	4	0	0	28445546	257	438	7	134	305	298	119	70	
DHL	22200	22200	0	7	0	2	3	0	2	0	0	28352657	257	438	7	134	305	298	119	70	
DHL	22400	22400	0	6	0	2	3	0	2	0	0	28261265	257	438	7	134	305	298	119	70	
DHL	22600	22600	0	6	0	2	3	0	2	0	0	28170107	257	438	7	134	305	298	119	70	
DHL	22800	22800	0	6	1	2	2	0	4	0	0	28077004	257	438	7	134	305	298	119	70	
DHL	23000	23000	0	6	1	2	2	0	4	0	0	27983725	257	438	7	134	305	298	119	70	
DHL	23200	23200	0	3	1	2	2	0	4	0	0	27893165	257	438	7	134	305	298	119	70	
DHL	23400	23400	0	1	1	2	4	0	4	0	0	27804161	257	438	7	134	305	298	119	70	
DHL	23600	23600	0	1	1	1	3	0	4	0	0	27714288	257	438	7	134	305	298	119	70	
DHL	23800	23800	1	0	0	1	3	0	1	0	0	27623108	257	438	7	134	305	298	119	70	
DHL	24000	24000	2	0	0	1	2	0	1	0	0	27529855	257	438	7	134	305	298	119	70	
DHL	24200	24200	2	0	0	1	2	0	1	0	0	27437106	257	438	7	134	305	298	119	70	
DHL	24400	24400	2	0	0	0	2	0	1	0	0	27344606	257	438	7	134	305	298	119	70	
DHL	24600	24600	2	0	0	0	2	0	0	0	0	27250729	257	438	7	134	305	298	119	70	
DHL	24800	24800	1	0	0	0	2	0	0	0	0	27155986	257	438	7	134	305	298	119	70	
DHL	25000	25000	2	0	0	0	2	0	0	0	0	27062024	257	438	7	134	305	298	119	70	
DHL	25200	25200	2	0	0	0	0	0	0	0	0	26968337	257	438	7	134	305	298	119	70	
DHL	25400	25400	2	0	0	0	1	0	0	0	0	26872461	257	438	7	134	305	298	119	70	
DHL	25600	25600	2	0	0	0	2	0	0	0	0	26777009	257	438	7	134	305	298	119	70	
DHL	25800	25800	1	0	0	0	2	0	0	0	0	26681572	257	438	7	134	305	298	119	70	
DHL	26000	26000	1	0	0	0	2	0	0	0	0	26585988	257	438	7	134	305	298	119	70	
DHL	26200	26200	1	0	0	0	2	0	0	0	0	26490563	257	438	7	134	305	298	119	70	
DHL	26400	26400	1	0	0	0	2	0	1	0	0	26396536	257	438	7	134	305	298	119	70	
DHL	26600	26600	1	0	0	0	1	0	1	0	0	26303597	257	438	7	134	305	298	119	70	
DHL	26800	26800	0	0	0	0	1	0	1	0	0	26212346	257	438	7	134	305	298	119	70	
DHL	27000	27000	0	0	0	0	1	0	1	0	0	26123411	257	438	7	134	305	298	119	70	
DHL	27200	27200	0	0	0	0	0	0	2	0	0	26035353	257	438	7	134	305	298	119	70	
DHL	27400	27400	0	0	0	0	1	0	1	0	0	25947994	257	438	7	134	305	298	119	70	
DHL	27600	27600	0	0	0	0	1	0	1	0	0	25860349	257	438	7	134	305	298	119	70	
DHL	27800	27800	0	0	0	0	1	0	1	0	0	25773411	257	438	7	134	305	298	119	70	
DHL	28000	28000	0	0	0	0	1	0	1	0	0	25687381	257	438	7	134	305	298	119	70	
DHL	28200	28200	0	0	0	0	1	0	0	0	0	25601570	257	438	7	134	305	298	119	70	
DHL	28400	28400	0	0	0	0	0	0	0	0	0	25515831	257	438	7	134	305	298	119	70	
DHL	28600	28600	0	0	0	0	0	0	0	0	0	25430751	257	438	7	134	305	298	119	70	
DHL	28800	28800	0	0	0	0	0	0	0	0	0	25345906	257	438	7	134	305	298	119	70	
DHL	29000	29000	0	0	0	0	0	0	0	0	0	25261245	257	438	7	134	305	298	119	70	
DHL	29200	29200	0	0	0	0	0	0	0	0	0	25178882	257	438	7	134	305	298	119	70	
DHL	29400	29400	0	0	0	0	0	0	0	0	0	25099594	257	438	7	134	305	298	119	70	
DHL	29600	29600	0	0	0	0	0	0	0	0	0	25019615	257	438	7	134	305	298	119	70	
DHL	29800	29800	0	0	0	0	0	0	0	0	0	24940062	257	438	7	134	305	298	119	70	
DHL	30000	30000	0	0	0	0	0	0	0	0	0	24858158	257	438	7	134	305	298	119	70	
DHL	30200	30200	0	0	0	0	0	0	0	0	0	24775045	257	438	7	134	305	298	119	70	
DHL	30400	30400	0	0	0	0	0	0	0	0	0	24692193	257	438	7	134	305	298	119	70	
DHL	30600	30600	0	0	0	0	0	0	0	0	0	24610701	257	438	7	134	305	298	119	70	
DHL	30800	30800	0	0	0	0	0	0	0	0	0	24530522	257	438	7	134	305	298	119	70	
DHL	31000	31000	0	0	0	0	0	0	0	0	0	24452884	257	438	7	134	305	298	119	70	
DHL	31200	31200	0	0	0	0	0	0	0	0	0	24377524	257	438	7	134	305	298	119	70	
DHL	31400	31400	0	0	0	0	0	0	0	0	0	24303392	257	438	7	134	305	298	119	70	
DHL	31600	31600	0	0	0	0	0	0	0	0	0	24227880	257	438	7	134	305	298	119	70	
DHL	31800	31800	0	0	0	0	0	0	0	0	0	24153402	257	438	7	134	305	298	119	70	
DHL	32000	32000	0	0	0	0	0	0	0	0	0	24078243	257	438	7	134	305	298	119	70	
DHL	32200	32200	0	0	0	0	0	0	0	0	0	24005309	257	438	7	134	305	298	119	70	
DHL	32400	32400	0	0	0	0	0	0	0	0	0	23930942	257	438	7	134	305	298	119	70	
DHL	32600	32600	0	0	0	0	0	0	0	0	0	23858302	257	438	7	134	305	298	119	70	
DHL	32800	32800	0	0	0	0	0	0	0	0	0	23787358	257	438	7	134	305	298	119	70	
DHL	33000	33000	0	0	0	0	0	0	0	0	0	23717753	257	438	7	134	305	298	119	70	
DHL	33200	33200	0	0	0	0	0	0	0	0	0	23650039	257	438	7	134	305	298	119	70	
DHL	33400	33400	0	0	0	0	0	0	0	0	0	23582714	257	438	7	134	305	298	119	70	
DHL	33600	33600	0	0	0	0	0	0	0	0	0	23516630	257	438	7	134	305	298	119	70	
DHL	33800	33800	0	0	0	0	0	0	0	0	0	23450630	257	438	7	134	305	298	119	70	
DHL	34000	34000	0	0	0	0	0	0	0	0	0	23386059	257	438	7	134	305	298	119	70	
DHL	34200	34200	0	0	0	0	0	0	0	0	0	23322349	257	438	7	134	305	298	119	70	
DHL	34400	34400	0	0	0	0	0	0	0	0	0	23258745	257	438	7	134	305	298	119	70	
DHL	34600	34600	0	0	0	0	0	0	0	0	0	23195789	257	438	7	134	305	298	119	70	
DHL	34800	34800	0	0	0	0	0	0	0	0	0	23130022	257	438	7	134	305	298	119	70	
DHL	35000	35000	0	0	0	0	0	0	0	0	0	23065070	257	438	7	134	305	298	119	70	
DHL	35200	35200	0	0	0	0	0	0	0	0	0	23001032	257	438	7	134	305	298	119	70	
DHL	35400	35400	0	0	0	0	0	0	0	0	0	22937735	257	438	7	134	305	298	119	70	
DHL	35600	35600	0	0	0	0	0	0	0	0	0	22876751	257	438	7	134	305	298	119	70	
DHL	35800	35800	0	0	0	0	0	0	0	0	0	22814890	257	438	7	134	305	298	119	70	
DHL	36000	36000	0	0	0	0	0	0	0	0	0	22751235	257	438	7	134	305	298	119	70	
DHL	36200	36200	0	0	0	0	1	0	0	0	0	22687768	257	438	7	134	305	298	119	70	
DHL	36400	36400	0	0	0	0	1	0	1	0	0	22624125	257	438	7	134	305	298	119	70	
DHL	36600	36600	0	0	0	0	2	0	1	0	0	22561475	257	438	7	134	305	298	119	70	
DHL	36800	36800	0	0	0	0	2	0	2	0	0	22499146	257	438	7	134	305	298	119	70	
DHL	37000	37000	0	0	0	0	2	0	2	0	0	22436709	257	438	7	134	305	298	119	70	
DHL	37200	37200	0	0	0	0	2	0	2	0	0	22372965	257	438	7	134	305	298	119	70	
DHL	37400	37400	0	0	0	0	2	0	2	0	0	22309241	257	438	7	134	305	298	119	70	
DHL	37600	37600	0	0	0	0	2	0	2	0	0	22245672	257	438	7	134	305	298	119	70	
DHL	37800	37800	0	0	0	0	2	0	2	0	0	22182884	257	438	7	134	305	298	119	70	
DHL	38000	38000	0	2	0	0	1	0	2	0	0	22120879	257	438	7	134	305	298	119	70	
DHL	38200	38200	0	3	0	0	1	1	1	0	0	22059879	257	438	7	134	305	298	119	70	
DHL	38400	38400	0	3	0	0	0	1	1	0	0	21998249	257	438	7	134	305	298	119	70	
DHL	38600	38600	0	4	0	0	0	1	0	0	0	21938033	257	438	7	134	305	298	119	70	
DHL	38800	38800	0	4	0	0	0	1	0	0	0	21878586	257	438	7	134	305	298	119	70	
DHL	39000	39000	0	4	0	0	0	1	0	0	0	21818507	257	438	7	134	305	298	119	70	
DHL	39200	39200	0	4	0	0	0	1	0	0	0	21759441	257	438	7	134	305	298	119	70	
DHL	39400	39400	0	4	0	0	0	1	0	0	0	21701764	257	438	7	134	305	298	119	70	
DHL	39600	39600	0	4	0	0	0	1	0	0	0	21644528	257	438	7	134	305	298	119	70	
DHL	39800	39800	0	4	0	0	0	1	0	0	0	21586500	257	438	7	134	305	298	119	70	
DHL	40000	40000	0	5	0	0	0	1	0	0	0	21527948	257	438	7	134	305	298	119	70	
DHL	40200	40200	0	5	0	0	0	1	0	0	0	21468507	257	438	7	134	305	298	119	70	
DHL	40400	40400	0	5	0	0	0	1	0	0	0	21408282	257	438	7	134	305	298	119	70	
DHL	40600	40600	0	3	0	0	1	1	0	0	0	21348730	257	438	7	134	305	298	119	70	
DHL	40800	40800	0	2	0	0	1	0	0	0	0	21288509	257	438	7	134	305	298	119	70	
DHL	41000	41000	0	2	0	0	1	0	0	0	0	21227947	257	438	7	134	305	298	119	70	
DHL	41200	41200	0	1	0	0	3	0	0	0	0	21167923	257	438	7	134	305	298	119	70	
DHL	41400	41400	0	1	0	0	3	0	0	0	0	21108206	257	438	7	134	305	298	119	70	
DHL	41600	41600	0	1	0	0	3	0	0	0	0	21048795	257	438	7	134	305	298	119	70	
DHL	41800	41800	0	0	0	0	3	0	0	0	0	20989878	257	438	7	134	305	298	119	70	
DHL	42000	42000	0	0	0	0	3	0	0	0	0	20931497	257	438	7	134	305	298	119	70	
DHL	42200	42200	0	0	0	0	3	0	0	0	0	20872356	257	438	7	134	305	298	119	70	
DHL	42400	42400	0	0	0	0	2	0	0	0	0	20814133	257	438	7	134	305	298	119	70	
DHL	42600	42600	0	0	0	0	2	0	0	0	0	20756068	257	438	7	134	305	298	119	70	
DHL	42800	42800	0	0	0	0	2	0	0	0	0	20697792	257	438	7	134	305	298	119	70	
DHL	43000	43000	0	0	0	0	0	0	0	0	0	20640385	257	438	7	134	305	298	119	70	
DHL	43200	43200	0	0	0	0	0	0	0	0	0	20581299	257	438	7	134	305	298	119	70	
DHL	43400	43400	0	0	0	0	0	0	0	0	0	20522904	257	438	7	134	305	298	119	70	
DHL	43600	43600	0	0	0	0	0	0	0	0	0	20466651	257	438	7	134	305	298	119	70	
DHL	43800	43800	0	0	0	0	0	0	0	0	0	20410303	257	438	7	134	305	298	119	70	
DHL	44000	44000	0	0	0	0	0	0	0	0	0	20356100	257	438	7	134	305	298	119	70	
DHL	44200	44200	0	0	0	0	0	0	0	0	0	20301576	257	438	7	134	305	298	119	70	
DHL	44400	44400	0	0	0	0	0	0	0	0	0	20246365	257	438	7	134	305	298	119	70	
DHL	44600	44600	0	0	0	0	0	0	0	0	0	20193035	257	438	7	134	305	298	119	70	
DHL	44800	44800	0	0	0	0	0	0	0	0	0	20138767	257	438	7	134	305	298	119	70	
DHL	45000	45000	0	0	0	0	0	0	0	0	0	20083616	257	438	7	134	305	298	119	70	
DHL	45200	45200	0	0	0	0	0	0	0	0	0	20027480	257	438	7	134	305	298	119	70	
DHL	45400	45400	0	0	0	0	0	0	0	0	0	19969408	257	438	7	134	305	298	119	70	
DHL	45600	45600	0	0	0	0	0	0	0	0	0	19911238	257	438	7	134	305	298	119	70	
DHL	45800	45800	0	0	0	0	0	0	0	0	0	19853363	257	438	7	134	305	298	119	70	
DHL	46000	46000	0	0	0	0	0	0	0	0	0	19796027	257	438	7	134	305	298	119	70	
DHL	46200	46200	0	0	0	0	0	0	0	0	0	19737546	257	438	7	134	305	298	119	70	
DHL	46400	46400	0	0	0	0	0	0	0	0	0	19678248	257	438	7	134	305	298	119	70	
DHL	46600	46600	0	0	0	0	0	0	0	0	0	19620243	257	438	7	134	305	298	119	70	
DHL	46800	46800	0	0	0	0	0	0	0	0	0	19564104	257	438	7	134	305	298	119	70	
DHL	47000	47000	0	0	0	0	0	0	0	0	0	19508656	257	438	7	134	305	298	119	70	
DHL	47200	47200	0	0	0	0	0	0	0	0	0	19454535	257	438	7	134	305	298	119	70	
DHL	47400	47400	0	0	0	0	0	0	0	0	0	19402843	257	438	7	134	305	298	119	70	
DHL	47600	47600	0	0	0	0	0	0	0	0	0	19351619	257	438	7	134	305	298	119	70	
DHL	47800	47800	0	0	0	0	0	0	0	0	0	19298922	257	438	7	134	305	298	119	70	
DHL	48000	48000	0	0	0	0	0	0	0	0	0	19246680	257	438	7	134	305	298	119	70	
DHL	48200	48200	0	0	0	0	0	0	0	0	0	19194939	257	438	7	134	305	298	119	70	
DHL	48400	48400	0	0	0	0	0	0	0	0	0	19144933	257	438	7	134	305	298	119	70	
DHL	48600	48600	0	0	0	0	0	0	0	0	0	19095587	257	438	7	134	305	298	119	70	
DHL	48800	48800	0	0	0	0	0	0	0	0	0	19047465	257	438	7	134	305	298	119	70	
DHL	49000	49000	0	0	0	0	0	0	0	0	0	18999696	257	438	7	134	305	298	119	70	
DHL	49200	49200	0	0	0	0	0	0	0	0	0	18952093	257	438	7	134	305	298	119	70	
DHL	49400	49400	0	0	0	0	0	0	0	0	0	18904370	257	438	7	134	305	298	119	70	
DHL	49600	49600	0	0	0	0	0	0	0	0	0	18857067	257	438	7	134	305	298	119	70	
DHL	49800	49800	0	0	0	0	0	0	0	0	0	18810307	257	438	7	134	305	298	119	70	
DHL	50000	50000	0	0	0	0	0	0	0	0	0	18762602	257	438	7	134	305	298	119	70	
DHL	50200	50200	0	0	0	0	0	0	0	0	0	18715762	257	438	7	134	305	298	119	70	
DHL	50400	50400	0	0	0	0	0	0	0	0	0	18669158	257	438	7	134	305	298	119	70	
DHL	50600	50600	0	0	0	0	0	0	0	0	0	18623889	257	438	7	134	305	298	119	70	
DHL	50800	50800	0	0	0	0	0	0	0	0	0	18578113	257	438	7	134	305	298	119	70	
DHL	51000	51000	0	0	0	0	0	0	0	0	0	18532616	257	438	7	134	305	298	119	70	
DHL	51200	51200	0	0	0	0	0	0	0	0	0	18488197	257	438	7	134	305	298	119	70	
DHL	51400	51400	0	0	0	0	0	0	0	0	0	18444685	257	438	7	134	305	298	119	70	
DHL	51600	51600	0	0	0	0	0	0	0	0	0	18399385	257	438	7	134	305	298	119	70	
DHL	51800	51800	0	0	0	0	0	0	0	0	0	18354736	257	438	7	134	305	298	119	70	
DHL	52000	52000	0	0	0	0	0	0	0	0	0	18310799	257	438	7	134	305	298	119	70	
DHL	52200	52200	0	0	0	0	0	0	0	0	0	18266163	257	438	7	134	305	298	119	70	
DHL	52400	52400	0	0	0	0	0	0	0	0	0	18222283	257	438	7	134	305	298	119	70	
DHL	52600	52600	0	0	0	0	0	0	0	0	0	18179045	257	438	7	134	305	298	119	70	
DHL	52800	52800	0	0	0	0	0	0	0	0	0	18135320	257	438	7	134	305	298	119	70	
DHL	53000	53000	0	0	0	0	0	0	0	0	0	18091842	257	438	7	134	305	298	119	70	
DHL	53200	53200	0	0	0	0	0	0	0	0	0	18049419	257	438	7	134	305	298	119	70	
DHL	53400	53400	0	0	0	0	0	0	0	0	0	18006541	257	438	7	134	305	298	119	70	
DHL	53600	53600	0	0	0	0	0	0	0	0	0	17962558	257	438	7	134	305	298	119	70	
DHL	53800	53800	0	0	0	0	0	0	0	0	0	17916540	257	438	7	134	305	298	119	70	
DHL	54000	54000	0	0	0	0	0	0	0	0	0	17870803	257	438	7	134	305	298	119	70	
DHL	54200	54200	0	0	0	0	0	0	0	0	0	17824856	257	438	7	134	305	298	119	70	
DHL	54400	54400	0	0	0	0	0	0	0	0	0	17779822	257	438	7	134	305	298	119	70	
DHL	54600	54600	0	0	0	0	0	0	0	0	0	17736846	257	438	7	134	305	298	119	70	
DHL	54800	54800	0	0	0	0	0	0	0	0	0	17694672	257	438	7	134	305	298	119	70	
DHL	55000	55000	0	0	0	0	0	0	0	0	0	17652809	257	438	7	134	305	298	119	70	
DHL	55200	55200	0	0	0	0	0	0	0	0	0	17611686	257	438	7	134	305	298	119	70	
DHL	55400	55400	0	0	0	0	0	0	0	0	0	17571199	257	438	7	134	305	298	119	70	
DHL	55600	55600	0	0	0	0	0	0	0	0	0	17530257	257	438	7	134	305	298	119	70	
DHL	55800	55800	0	0	0	0	0	0	0	0	0	17487984	257	438	7	134	305	298	119	70	
DHL	56000	56000	0	0	0	0	0	0	0	0	0	17445224	257	438	7	134	305	298	119	70	
DHL	56200	56200	0	0	0	0	0	0	0	0	0	17402447	257	438	7	134	305	298	119	70	
DHL	56400	56400	0	0	0	0	0	0	0	0	0	17360035	257	438	7	134	305	298	119	70	
DHL	56600	56600	0	0	0	0	0	0	0	0	0	17318971	257	438	7	134	305	298	119	70	
DHL	56800	56800	0	0	0	0	0	0	0	0	0	17277614	257	438	7	134	305	298	119	70	
DHL	57000	57000	0	0	0	0	0	0	0	0	0	17235964	257	438	7	134	305	298	119	70	
DHL	57200	57200	0	0	0	0	0	0	0	0	0	17194567	257	438	7	134	305	298	119	70	
DHL	57400	57400	0	0	0	0	0	0	0	0	0	17153689	257	438	7	134	305	298	119	70	
DHL	57600	57600	0	0	0	0	0	0	0	0	0	17113308	257	438	7	134	305	298	119	70	
DHL	57800	57800	0	0	0	0	0	0	0	0	0	17072485	257	438	7	134	305	298	119	70	
DHL	58000	58000	0	0	0	0	0	0	0	0	0	17031201	257	438	7	134	305	298	119	70	
DHL	58200	58200	0	0	0	0	0	0	0	0	0	16989662	257	438	7	134	305	298	119	70	
DHL	58400	58400	0	0	0	0	0	0	0	0	0	16946482	257	438	7	134	305	298	119	70	
DHL	58600	58600	0	0	0	0	0	0	0	0	0	16903017	257	438	7	134	305	298	119	70	
DHL	58800	58800	0	0	0	0	0	0	0	0	0	16859248	257	438	7	134	305	298	119	70	
DHL	59000	59000	0	0	0	0	0	0	0	0	0	16816409	257	438	7	134	305	298	119	70	
DHL	59200	59200	0	0	0	0	0	0	0	0	0	16775020	257	438	7	134	305	298	119	70	
DHL	59400	59400	0	0	0	0	0	0	0	0	0	16733994	257	438	7	134	305	298	119	70	
DHL	59600	59600	0	0	0	0	0	0	0	0	0	16693644	257	438	7	134	305	298	119	70	
DHL	59800	59800	0	0	0	0	0	0	0	0	0	16653742	257	438	7	134	305	298	119	70	
DHL	60000	60000	0	0	0	0	0	0	0	0	0	16612800	257	438	7	134	305	298	119	70	
DHL	60200	60200	0	0	0	0	0	0	0	0	0	16572382	257	438	7	134	305	298	119	70	
DHL	60400	60400	0	0	0	0	0	0	0	0	0	16532621	257	438	7	134	305	298	119	70	
DHL	60600	60600	0	0	0	0	0	0	0	0	0	16494886	257	438	7	134	305	298	119	70	
DHL	60800	60800	0	0	0	0	0	0	0	0	0	16459254	257	438	7	134	305	298	119	70	
DHL	61000	61000	0	0	0	0	0	0	0	0	0	16424641	257	438	7	134	305	298	119	70	
DHL	61200	61200	0	0	0	0	0	0	0	0	0	16391060	257	438	7	134	305	298	119	70	
DHL	61400	61400	0	0	0	0	0	0	0	0	0	16355715	257	438	7	134	305	298	119	70	
DHL	61600	61600	0	0	0	0	0	0	0	0	0	16318264	257	438	7	134	305	298	119	70	
DHL	61800	61800	0	0	0	0	0	0	0	0	0	16281351	257	438	7	134	305	298	119	70	
DHL	62000	62000	0	0	0	0	0	0	0	0	0	16243776	257	438	7	134	305	298	119	70	
DHL	62200	62200	0	0	0	0	0	0	0	0	0	16204451	257	438	7	134	305	298	119	70	
DHL	62400	62400	0	0	0	0	0	0	0	0	0	16164610	257	438	7	134	305	298	119	70	
DHL	62600	62600	0	0	0	0	0	0	0	0	0	16125783	257	438	7	134	305	298	119	70	
DHL	62800	62800	0	0	0	0	0	0	0	0	0	16087470	257	438	7	134	305	298	119	70	
DHL	63000	63000	0	0	0	0	0	0	0	0	0	16048777	257	438	7	134	305	298	119	70	
DHL	63200	63200	0	0	0	0	0	0	0	0	0	16011311	257	438	7	134	305	298	119	70	
DHL	63400	63400	0	0	0	0	0	0	0	0	0	15974544	257	438	7	134	305	298	119	70	
DHL	63600	63600	0	0	0	0	0	0	0	0	0	15937715	257	438	7	134	305	298	119	70	
DHL	63800	63800	0	0	0	0	0	0	0	0	0	15902229	257	438	7	134	305	298	119	70	
DHL	64000	64000	0	0	0	0	0	0	0	0	0	15867434	257	438	7	134	305	298	119	70	
DHL	64200	64200	0	0	0	0	0	0	0	0	0	15832450	257	438	7	134	305	298	119	70	
DHL	64400	64400	0	0	0	0	0	0	0	0	0	15796708	257	438	7	134	305	298	119	70	
DHL	64600	64600	0	0	0	0	0	0	0	0	0	15760616	257	438	7	134	305	298	119	70	
DHL	64800	64800	0	0	0	0	0	0	0	0	0	15724847	257	438	7	134	305	298	119	70	
DHL	65000	65000	0	0	0	0	0	0	0	0	0	15689668	257	438	7	134	305	298	119	70	
DHL	65200	65200	0	0	0	0	0	0	0	0	0	15655177	257	438	7	134	305	298	119	70	
DHL	65400	65400	0	0	0	0	0	0	0	0	0	15622147	257	438	7	134	305	298	119	70	
DHL	65600	65600	0	0	0	0	0	0	0	0	0	15590442	257	438	7	134	305	298	119	70	
DHL	65800	65800	0	0	0	0	0	0	0	0	0	15558530	257	438	7	134	305	298	119	70	
DHL	66000	66000	0	0	0	0	0	0	0	0	0	15524922	257	438	7	134	305	298	119	70	
DHL	66200	66200	0	0	0	0	0	0	0	0	0	15492506	257	438	7	134	305	298	119	70	
DHL	66400	66400	0	0	0	0	0	0	0	0	0	15459468	257	438	7	134	305	298	119	70	
DHL	66600	66600	0	0	0	0	0	0	0	0	0	15427367	257	438	7	134	305	298	119	70	
DHL	66800	66800	0	0	0	0	0	0	0	0	0	15396017	257	438	7	134	305	298	119	70	
DHL	67000	67000	0	0	0	0	0	0	0	0	0	15364911	257	438	7	134	305	298	119	70	
DHL	67200	67200	0	0	0	0	0	0	0	0	0	15332859	257	438	7	134	305	298	119	70	
DHL	67400	67400	0	0	0	0	0	0	0	0	0	15301275	257	438	7	134	305	298	119	70	
DHL	67600	67600	0	0	0	0	0	0	0	0	0	15270505	257	438	7	134	305	298	119	70	
DHL	67800	67800	0	0	0	0	0	0	0	0	0	15239426	257	438	7	134	305	298	119	70	
DHL	68000	68000	0	0	0	0	0	0	0	0	0	15207763	257	438	7	134	305	298	119	70	
DHL	68200	68200	0	0	0	0	0	0	0	0	0	15175223	257	438	7	134	305	298	119	70	
DHL	68400	68400	0	0	0	0	0	0	0	0	0	15142657	257	438	7	134	305	298	119	70	
DHL	68600	68600	0	0	0	0	0	0	0	0	0	15108441	257	438	7	134	305	298	119	70	
DHL	68800	68800	0	0	0	0	0	0	0	0	0	15074252	257	438	7	134	305	298	119	70	
DHL	69000	69000	0	0	0	0	0	0	0	0	0	15039965	257	438	7	134	305	298	119	70	
DHL	69200	69200	0	0	0	0	0	0	0	0	0	15005086	257	438	7	134	305	298	119	70	
DHL	69400	69400	0	0	0	0	0	0	0	0	0	14969548	257	438	7	134	305	298	119	70	
DHL	69600	69600	0	0	0	0	0	0	0	0	0	14935061	257	438	7	134	305	298	119	70	
DHL	69800	69800	0	0	0	0	0	0	0	0	0	14901583	257	438	7	134	305	298	119	70	
DHL	70000	70000	0	0	0	0	0	0	0	0	0	14869724	257	438	7	134	305	298	119	70	
DHL	70200	70200	0	0	0	0	0	0	0	0	0	14838854	257	438	7	134	305	298	119	70	
DHL	70400	70400	0	0	0	0	0	0	0	0	0	14808604	257	438	7	134	305	298	119	70	
DHL	70600	70600	0	0	0	0	0	0	0	0	0	14780507	257	438	7	134	305	298	119	70	
DHL	70800	70800	0	0	0	0	0	0	0	0	0	14752070	257	438	7	134	305	298	119	70	
DHL	71000	71000	0	0	0	0	0	0	0	0	0	14723823	257	438	7	134	305	298	119	70	
DHL	71200	71200	0	0	0	0	0	0	0	0	0	14695789	257	438	7	134	305	298	119	70	
DHL	71400	71400	0	0	0	0	0	0	0	0	0	14667579	257	438	7	134	305	298	119	70	
DHL	71600	71600	0	0	0	0	0	0	0	0	0	14640669	257	438	7	134	305	298	119	70	
DHL	71800	71800	0	0	0	0	0	0	0	0	0	14615137	257	438	7	134	305	298	119	70	
DHL	72000	72000	0	0	0	0	0	0	0	0	0	14589824	257	438	7	134	305	298	119	70	
DHL	72200	72200	0	0	0	0	0	0	0	0	0	14563351	257	438	7	134	305	298	119	70	
DHL	72400	72400	0	0	0	0	0	0	0	0	0	14536551	257	438	7	134	305	298	119	70	
DHL	72600	72600	0	0	0	0	0	0	0	0	0	14509712	257	438	7	134	305	298	119	70	
DHL	72800	72800	0	0	0	0	0	0	0	0	0	14482293	257	438	7	134	305	298	119	70	
DHL	73000	73000	0	0	0	0	0	0	0	0	0	14452341	257	438	7	134	305	298	119	70	
DHL	73200	73200	0	0	0	0	0	0	0	0	0	14421759	257	438	7	134	305	298	119	70	
DHL	73400	73400	0	0	0	0	0	0	0	0	0	14391656	257	438	7	134	305	298	119	70	
DHL	73600	73600	0	0	0	0	0	0	0	0	0	14361831	257	438	7	134	305	298	119	70	
DHL	73800	73800	0	0	0	0	0	0	0	0	0	14332488	257	438	7	134	305	298	119	70	
DHL	74000	74000	0	0	0	0	0	0	0	0	0	14304287	257	438	7	134	305	298	119	70	
DHL	74200	74200	0	0	0	0	0	0	0	0	0	14277423	257	438	7	134	305	298	119	70	
DHL	74400	74400	0	0	0	0	0	0	0	0	0	14250620	257	438	7	134	305	298	119	70	
DHL	74600	74600	0	0	0	0	0	0	0	0	0	14222989	257	438	7	134	305	298	119	70	
DHL	74800	74800	0	0	0	0	0	0	0	0	0	14195400	257	438	7	134	305	298	119	70	
DHL	75000	75000	0	0	0	0	0	0	0	0	0	14168155	257	438	7	134	305	298	119	70	
DHL	75200	75200	0	0	0	0	0	0	0	0	0	14141785	257	438	7	134	305	298	119	70	
DHL	75400	75400	0	0	0	0	0	0	0	0	0	14115809	257	438	7	134	305	298	119	70	
DHL	75600	75600	0	0	0	0	0	0	0	0	0	14090337	257	438	7	134	305	298	119	70	
DHL	75800	75800	0	0	0	0	0	0	0	0	0	14063872	257	438	7	134	305	298	119	70	
DHL	76000	76000	0	0	0	0	0	0	0	0	0	14036790	257	438	7	134	305	298	119	70	
DHL	76200	76200	0	0	0	0	0	0	0	0	0	14011168	257	438	7	134	305	298	119	70	
DHL	76400	76400	0	0	0	0	0	0	0	0	0	13985124	257	438	7	134	305	298	119	70	
DHL	76600	76600	0	0	0	0	0	0	0	0	0	13959384	257	438	7	134	305	298	119	70	
DHL	76800	76800	0	0	0	0	0	0	0	0	0	13933444	257	438	7	134	305	298	119	70	
DHL	77000	77000	0	0	0	0	0	0	0	0	0	13905579	257	438	7	134	305	298	119	70	
DHL	77200	77200	0	0	0	0	0	0	0	0	0	13878994	257	438	7	134	305	298	119	70	
DHL	77400	77400	0	0	0	0	0	0	0	0	0	13853107	257	438	7	134	305	298	119	70	
DHL	77600	77600	0	0	0	0	0	0	0	0	0	13827242	257	438	7	134	305	298	119	70	
DHL	77800	77800	0	0	0	0	0	0	0	0	0	13800631	257	438	7	134	305	298	119	70	
DHL	78000	78000	0	0	0	0	0	0	0	0	0	13773700	257	438	7	134	305	298	119	70	
DHL	78200	78200	0	0	0	0	0	0	0	0	0	13747327	257	438	7	134	305	298	119	70	
DHL	78400	78400	0	0	0	0	0	0	0	0	0	13720453	257	438	7	134	305	298	119	70	
DHL	78600	78600	0	0	0	0	0	0	0	0	0	13693856	257	438	7	134	305	298	119	70	
DHL	78800	78800	0	0	0	0	0	0	0	0	0	13668309	257	438	7	134	305	298	119	70	
DHL	79000	79000	0	0	0	0	0	0	0	0	0	13643393	257	438	7	134	305	298	119	70	
DHL	79200	79200	0	0	0	0	0	0	0	0	0	13618437	257	438	7	134	305	298	119	70	
DHL	79400	79400	0	0	0	0	0	0	0	0	0	13594776	257	438	7	134	305	298	119	70	
DHL	79600	79600	0	0	0	0	0	0	0	0	0	13570366	257	438	7	134	305	298	119	70	
DHL	79800	79800	0	0	0	0	0	0	0	0	0	13546210	257	438	7	134	305	298	119	70	
DHL	80000	80000	0	0	0	0	0	0	0	0	0	13522616	257	438	7	134	305	298	119	70	
DHL	80200	80200	0	0	0	0	0	0	0	0	0	13497600	257	438	7	134	305	298	119	70	
DHL	80400	80400	0	0	0	0	0	0	0	0	0	13472183	257	438	7	134	305	298	119	70	
DHL	80600	80600	0	0	0	0	0	0	0	0	0	13446827	257	438	7	134	305	298	119	70	
DHL	80800	80800	0	0	0	0	0	0	0	0	0	13421641	257	438	7	134	305	298	119	70	
DHL	81000	81000	0	0	0	0	0	0	0	0	0	13395297	257	438	7	134	305	298	119	70	
DHL	81200	81200	0	0	0	0	0	0	0	0	0	13368770	257	438	7	134	305	298	119	70	
DHL	81400	81400	0	0	0	0	0	0	0	0	0	13342806	257	438	7	134	305	298	119	70	
DHL	81600	81600	0	0	0	0	0	0	0	0	0	13316749	257	438	7	134	305	298	119	70	
DHL	81800	81800	0	0	0	0	0	0	0	0	0	13290926	257	438	7	134	305	298	119	70	
DHL	82000	82000	0	0	0	0	0	0	0	0	0	13265284	257	438	7	134	305	298	119	70	
DHL	82200	82200	0	0	0	0	0	0	0	0	0	13238426	257	438	7	134	305	298	119	70	
DHL	82400	82400	0	0	0	0	0	0	0	0	0	13211517	257	438	7	134	305	298	119	70	
DHL	82600	82600	0	0	0	0	0	0	0	0	0	13185104	257	438	7	134	305	298	119	70	
DHL	82800	82800	0	0	0	0	0	0	0	0	0	13158996	257	438	7	134	305	298	119	70	
DHL	83000	83000	0	0	0	0	0	0	0	0	0	13132414	257	438	7	134	305	298	119	70	
DHL	83200	83200	0	0	0	0	0	0	0	0	0	13105505	257	438	7	134	305	298	119	70	
DHL	83400	83400	0	0	0	0	0	0	0	0	0	13077745	257	438	7	134	305	298	119	70	
DHL	83600	83600	0	0	0	0	0	0	0	0	0	13049215	257	438	7	134	305	298	119	70	
DHL	83800	83800	0	0	0	0	0	0	0	0	0	13019876	257	438	7	134	305	298	119	70	
DHL	84000	84000	0	0	0	0	0	0	0	0	0	12991940	257	438	7	134	305	298	119	70	
DHL	84200	84200	0	0	0	0	0	0	0	0	0	12964897	257	438	7	134	305	298	119	70	
DHL	84400	84400	0	0	0	0	0	0	0	0	0	12938706	257	438	7	134	305	298	119	70	
DHL	84600	84600	0	0	0	0	0	0	0	0	0	12912791	257	438	7	134	305	298	119	70	
DHL	84800	84800	0	0	0	0	0	0	0	0	0	12886660	257	438	7	134	305	298	119	70	
DHL	85000	85000	0	0	0	0	0	0	0	0	0	12860429	257	438	7	134	305	298	119	70	
DHL	85200	85200	0	0	0	0	0	0	0	0	0	12834992	257	438	7	134	305	298	119	70	
DHL	85400	85400	0	0	0	0	0	0	0	0	0	12808412	257	438	7	134	305	298	119	70	
DHL	85600	85600	0	0	0	0	0	0	0	0	0	12780453	257	438	7	134	305	298	119	70	
DHL	85800	85800	0	0	0	0	0	0	0	0	0	12753219	257	438	7	134	305	298	119	70	
DHL	86000	86000	0	0	0	0	0	0	0	0	0	12727121	257	438	7	134	305	298	119	70	
DHL	86200	86200	0	0	0	0	0	0	0	0	0	12700364	257	438	7	134	305	298	119	70	
DHL	86400	86400	0	0	0	0	0	0	0	0	0	12673530	257	438	7	134	305	298	119	70	
DHL	86600	86600	0	0	0	0	0	0	0	0	0	12646545	257	438	7	134	305	298	119	70	
DHL	86800	86800	0	0	0	0	0	0	0	0	0	12620056	257	438	7	134	305	298	119	70	
DHL	87000	87000	0	0	0	0	0	0	0	0	0	12592936	257	438	7	134	305	298	119	70	
DHL	87200	87200	0	0	0	0	0	0	0	0	0	12566856	257	438	7	134	305	298	119	70	
DHL	87400	87400	0	0	0	0	0	0	0	0	0	12541034	257	438	7	134	305	298	119	70	
DHL	87600	87600	0	0	0	0	0	0	0	0	0	12515682	257	438	7	134	305	298	119	70	
DHL	87800	87800	0	0	0	0	0	0	0	0	0	12490752	257	438	7	134	305	298	119	70	
DHL	88000	88000	0	0	0	0	0	0	0	0	0	12467277	257	438	7	134	305	298	119	70	
DHL	88200	88200	0	0	0	0	0	0	0	0	0	12444613	257	438	7	134	305	298	119	70	
DHL	88400	88400	0	0	0	0	0	0	0	0	0	12421350	257	438	7	134	305	298	119	70	
DHL	88600	88600	0	0	0	0	0	0	0	0	0	12397594	257	438	7	134	305	298	119	70	
DHL	88800	88800	0	0	0	0	0	0	0	0	0	12373426	257	438	7	134	305	298	119	70	
DHL	89000	89000	0	0	0	0	0	0	0	0	0	12349892	257	438	7	134	305	298	119	70	
DHL	89200	89200	0	0	0	0	0	0	0	0	0	12327261	257	438	7	134	305	298	119	70	
DHL	89400	89400	0	0	0	0	0	0	0	0	0	12304304	257	438	7	134	305	298	119	70	
DHL	89600	89600	0	0	0	0	0	0	0	0	0	12280662	257	438	7	134	305	298	119	70	
DHL	89800	89800	0	0	0	0	0	0	0	0	0	12256855	257	438	7	134	305	298	119	70	
DHL	90000	90000	0	0	0	0	0	0	0	0	0	12231578	257	438	7	134	305	298	119	70	
DHL	90200	90200	0	0	0	0	0	0	0	0	0	12204689	257	438	7	134	305	298	119	70	
DHL	90400	90400	0	0	0	0	0	0	0	0	0	12177450	257	438	7	134	305	298	119	70	
DHL	90600	90600	0	0	0	0	0	0	0	0	0	12151260	257	438	7	134	305	298	119	70	
DHL	90800	90800	0	0	0	0	0	0	0	0	0	12127705	257	438	7	134	305	298	119	70	
DHL	91000	91000	0	0	0	0	0	0	0	0	0	12106001	257	438	7	134	305	298	119	70	
DHL	91200	91200	0	0	0	0	0	0	0	0	0	12084333	257	438	7	134	305	298	119	70	
DHL	91400	91400	0	0	0	0	0	0	0	0	0	12062377	257	438	7	134	305	298	119	70	
DHL	91600	91600	0	0	0	0	0	0	0	0	0	12040163	257	438	7	134	305	298	119	70	
DHL	91800	91800	0	0	0	0	0	0	0	0	0	12016834	257	438	7	134	305	298	119	70	
DHL	92000	92000	0	0	0	0	0	0	0	0	0	11993296	257	438	7	134	305	298	119	70	
DHL	92200	92200	0	0	0	0	0	0	0	0	0	11970289	257	438	7	134	305	298	119	70	
DHL	92400	92400	0	0	0	0	0	0	0	0	0	11947737	257	438	7	134	305	298	119	70	
DHL	92600	92600	0	0	0	0	0	0	0	0	0	11924509	257	438	7	134	305	298	119	70	
DHL	92800	92800	0	0	0	0	0	0	0	0	0	11901532	257	438	7	134	305	298	119	70	
DHL	93000	93000	0	0	0	0	0	0	0	0	0	11878442	257	438	7	134	305	298	119	70	
DHL	93200	93200	0	0	0	0	0	0	0	0	0	11855364	257	438	7	134	305	298	119	70	
DHL	93400	93400	0	0	0	0	0	0	0	0	0	11832378	257	438	7	134	305	298	119	70	
DHL	93600	93600	0	0	0	0	0	0	0	0	0	11808158	257	438	7	134	305	298	119	70	
DHL	93800	93800	0	0	0	0	0	0	0	0	0	11783669	257	438	7	134	305	298	119	70	
DHL	94000	94000	0	0	0	0	0	0	0	0	0	11759293	257	438	7	134	305	298	119	70	
DHL	94200	94200	0	0	0	0	0	0	0	0	0	11735186	257	438	7	134	305	298	119	70	
DHL	94400	94400	0	0	0	0	0	0	0	0	0	11711248	257	438	7	134	305	298	119	70	
DHL	94600	94600	0	0	0	0	0	0	0	0	0	11688306	257	438	7	134	305	298	119	70	
DHL	94800	94800	0	0	0	0	0	0	0	0	0	11664636	257	438	7	134	305	298	119	70	
DHL	95000	95000	0	0	0	0	0	0	0	0	0	11640284	257	438	7	134	305	298	119	70	
DHL	95200	95200	0	0	0	0	0	0	0	0	0	11614534	257	438	7	134	305	298	119	70	
DHL	95400	95400	0	0	0	0	0	0	0	0	0	11587574	257	438	7	134	305	298	119	70	
DHL	95600	95600	0	0	0	0	0	0	0	0	0	11561803	257	438	7	134	305	298	119	70	
DHL	95800	95800	0	0	0	0	0	0	0	0	0	11536710	257	438	7	134	305	298	119	70	
DHL	96000	96000	0	0	0	0	0	0	0	0	0	11513681	257	438	7	134	305	298	119	70	
DHL	96200	96200	0	0	0	0	0	0	0	0	0	11490915	257	438	7	134	305	298	119	70	
DHL	96400	96400	0	0	0	0	0	0	0	0	0	11468134	257	438	7	134	305	298	119	70	
DHL	96600	96600	0	0	0	0	0	0	0	0	0	11445977	257	438	7	134	305	298	119	70	
DHL	96800	96800	0	0	0	0	0	0	0	0	0	11424238	257	438	7	134	305	298	119	70	
DHL	97000	97000	0	0	0	0	0	0	0	0	2	11403117	257	438	7	134	305	298	119	70	
DHL	97200	97200	0	0	0	0	0	0	1	0	2	11381421	257	438	7	134	305	298	119	70	
DHL	97400	97400	0	0	0	0	0	0	1	0	2	11360102	257	438	7	134	305	298	119	70	
DHL	97600	97600	0	0	0	0	0	0	1	0	1	11338604	257	438	7	134	305	298	119	70	
DHL	97800	97800	0	0	0	0	0	0	0	0	0	11315771	257	438	7	134	305	298	119	70	
DHL	98000	98000	0	0	0	0	0	0	1	0	0	11292571	257	438	7	134	305	298	119	70	
DHL	98200	98200	0	0	0	0	0	0	1	0	0	11270338	257	438	7	134	305	298	119	70	
DHL	98400	98400	0	0	0	0	0	0	1	0	0	11248861	257	438	7	134	305	298	119	70	
DHL	98600	98600	0	0	0	0	0	0	0	0	0	11226365	257	438	7	134	305	298	119	70	
DHL	98800	98800	0	0	0	0	0	0	0	0	0	11203504	257	438	7	134	305	298	119	70	
DHL	99000	99000	0	0	0	0	0	0	1	0	0	11180523	257	438	7	134	305	298	119	70	
DHL	99200	99200	0	0	0	0	0	0	1	0	0	11157404	257	438	7	134	305	298	119	70	
DHL	99400	99400	0	0	0	0	0	0	1	0	0	11134555	257	438	7	134	305	298	119	70	
DHL	99600	99600	0	0	0	0	0	0	0	0	0	11112733	257	438	7	134	305	298	119	70	
DHL	99800	99800	0	0	0	0	0	0	1	0	0	11091329	257	438	7	134	305	298	119	70	
DHL	100000	100000	0	0	0	0	0	0	1	0	0	11070836	257	438	7	134	305	298	119	70	
