FL	0	0	46	6	2	198	38	11	6	119	5	51323255	49	6	5	212	41	12	8	150	5	
FL	-200	-200	46	6	2	194	38	11	6	120	5	51068362	49	6	5	212	41	12	8	150	5	
FL	-400	-400	44	6	2	187	38	10	5	116	5	50444241	49	6	5	212	41	12	8	150	5	
FL	-600	-600	44	6	2	180	38	9	5	110	5	49761675	49	6	5	212	41	12	8	150	5	
FL	-800	-800	44	5	2	166	35	9	5	107	5	49104718	49	6	5	212	41	12	8	150	5	
FL	-1000	-1000	44	5	2	157	35	9	3	102	5	48502059	49	6	5	212	41	12	8	150	5	
FL	-1200	-1200	44	5	2	147	33	8	3	92	5	47945197	49	6	5	212	41	12	8	150	5	
FL	-1400	-1400	44	5	2	139	31	8	3	85	5	47432539	49	6	5	212	41	12	8	150	5	
FL	-1600	-1600	42	4	2	127	27	8	3	79	5	46950930	49	6	5	212	41	12	8	150	5	
FL	-1800	-1800	40	2	0	120	23	7	3	78	5	46492851	49	6	5	212	41	12	8	150	5	
FL	-2000	-2000	37	1	0	113	21	6	2	72	5	46058946	49	6	5	212	41	12	8	150	5	
FL	-2200	-2200	36	1	0	106	18	6	2	62	2	45643929	49	6	5	212	41	12	8	150	5	
FL	-2400	-2400	36	1	0	97	15	5	2	55	0	45247930	49	6	5	212	41	12	8	150	5	
FL	-2600	-2600	36	1	0	91	14	5	2	51	0	44870465	49	6	5	212	41	12	8	150	5	
FL	-2800	-2800	35	1	0	80	13	5	2	50	0	44507244	49	6	5	212	41	12	8	150	5	
FL	-3000	-3000	32	1	0	65	11	4	2	35	0	44154815	49	6	5	212	41	12	8	150	5	
FL	-3200	-3200	28	0	0	52	10	1	1	30	0	43811070	49	6	5	212	41	12	8	150	5	
FL	-3400	-3400	22	0	0	42	5	1	1	28	0	43475867	49	6	5	212	41	12	8	150	5	
FL	-3600	-3600	21	0	0	34	3	1	1	25	0	43153811	49	6	5	212	41	12	8	150	5	
FL	-3800	-3800	21	0	0	31	2	1	0	22	0	42838931	49	6	5	212	41	12	8	150	5	
FL	-4000	-4000	18	0	0	25	2	2	0	20	0	42532291	49	6	5	212	41	12	8	150	5	
FL	-4200	-4200	16	0	0	24	1	2	1	19	0	42239053	49	6	5	212	41	12	8	150	5	
FL	-4400	-4400	16	0	0	20	1	1	1	12	0	41953796	49	6	5	212	41	12	8	150	5	
FL	-4600	-4600	16	0	0	20	1	1	1	13	0	41669833	49	6	5	212	41	12	8	150	5	
FL	-4800	-4800	16	0	0	18	1	1	0	11	0	41390446	49	6	5	212	41	12	8	150	5	
FL	-5000	-5000	15	0	0	18	1	1	0	10	0	41119102	49	6	5	212	41	12	8	150	5	
FL	-5200	-5200	12	0	0	17	1	1	0	7	0	40855538	49	6	5	212	41	12	8	150	5	
FL	-5400	-5400	11	0	0	16	1	1	0	9	0	40596996	49	6	5	212	41	12	8	150	5	
FL	-5600	-5600	11	0	0	15	1	1	0	14	0	40344012	49	6	5	212	41	12	8	150	5	
FL	-5800	-5800	11	0	0	16	1	1	0	11	0	40099768	49	6	5	212	41	12	8	150	5	
FL	-6000	-6000	11	0	0	16	1	1	0	7	0	39863780	49	6	5	212	41	12	8	150	5	
FL	-6200	-6200	9	0	0	16	1	1	0	7	0	39634970	49	6	5	212	41	12	8	150	5	
FL	-6400	-6400	7	0	0	14	1	1	0	7	0	39408240	49	6	5	212	41	12	8	150	5	
FL	-6600	-6600	7	0	0	13	1	1	0	7	0	39184799	49	6	5	212	41	12	8	150	5	
FL	-6800	-6800	7	0	0	10	1	1	0	6	0	38968264	49	6	5	212	41	12	8	150	5	
FL	-7000	-7000	6	0	0	9	1	1	0	6	0	38756742	49	6	5	212	41	12	8	150	5	
FL	-7200	-7200	6	0	0	9	1	1	0	6	0	38548750	49	6	5	212	41	12	8	150	5	
FL	-7400	-7400	5	0	0	7	1	1	0	6	0	38346778	49	6	5	212	41	12	8	150	5	
FL	-7600	-7600	3	0	0	6	1	1	0	6	0	38149362	49	6	5	212	41	12	8	150	5	
FL	-7800	-7800	3	0	0	6	1	1	0	6	0	37957102	49	6	5	212	41	12	8	150	5	
FL	-8000	-8000	3	0	0	6	1	1	0	3	0	37763244	49	6	5	212	41	12	8	150	5	
FL	-8200	-8200	2	0	0	6	0	1	0	3	0	37570647	49	6	5	212	41	12	8	150	5	
FL	-8400	-8400	2	0	0	6	0	1	0	2	0	37380366	49	6	5	212	41	12	8	150	5	
FL	-8600	-8600	1	0	0	5	0	1	0	2	0	37194540	49	6	5	212	41	12	8	150	5	
FL	-8800	-8800	1	0	0	5	0	1	0	2	0	37009934	49	6	5	212	41	12	8	150	5	
FL	-9000	-9000	1	0	0	4	0	1	0	2	0	36825111	49	6	5	212	41	12	8	150	5	
FL	-9200	-9200	1	0	0	2	0	1	0	1	0	36645367	49	6	5	212	41	12	8	150	5	
FL	-9400	-9400	1	0	0	1	0	1	0	1	0	36466916	49	6	5	212	41	12	8	150	5	
FL	-9600	-9600	0	0	0	1	0	1	0	1	0	36291217	49	6	5	212	41	12	8	150	5	
FL	-9800	-9800	0	0	0	1	0	1	0	2	0	36117343	49	6	5	212	41	12	8	150	5	
FL	-10000	-10000	0	0	0	1	0	1	0	2	0	35945526	49	6	5	212	41	12	8	150	5	
FL	-10200	-10200	0	0	0	1	0	1	0	2	0	35775437	49	6	5	212	41	12	8	150	5	
FL	-10400	-10400	0	0	1	1	0	1	0	2	0	35607743	49	6	5	212	41	12	8	150	5	
FL	-10600	-10600	0	0	1	1	0	1	0	2	0	35441320	49	6	5	212	41	12	8	150	5	
FL	-10800	-10800	0	0	1	1	0	1	0	2	0	35278675	49	6	5	212	41	12	8	150	5	
FL	-11000	-11000	0	0	1	1	0	1	0	2	0	35119219	49	6	5	212	41	12	8	150	5	
FL	-11200	-11200	0	0	1	1	0	1	0	2	0	34962184	49	6	5	212	41	12	8	150	5	
FL	-11400	-11400	0	0	1	1	0	1	0	2	0	34807011	49	6	5	212	41	12	8	150	5	
FL	-11600	-11600	0	0	1	1	0	1	0	2	0	34653333	49	6	5	212	41	12	8	150	5	
FL	-11800	-11800	0	0	1	1	0	1	0	2	0	34501484	49	6	5	212	41	12	8	150	5	
FL	-12000	-12000	0	0	1	1	0	1	0	2	0	34353804	49	6	5	212	41	12	8	150	5	
FL	-12200	-12200	0	0	1	1	0	1	0	2	0	34207282	49	6	5	212	41	12	8	150	5	
FL	-12400	-12400	0	0	1	1	0	1	0	2	0	34063509	49	6	5	212	41	12	8	150	5	
FL	-12600	-12600	0	0	1	1	0	1	0	2	0	33917724	49	6	5	212	41	12	8	150	5	
FL	-12800	-12800	0	0	1	1	0	1	0	2	0	33772514	49	6	5	212	41	12	8	150	5	
FL	-13000	-13000	0	0	1	1	0	1	0	2	0	33628144	49	6	5	212	41	12	8	150	5	
FL	-13200	-13200	0	0	1	1	0	1	0	2	0	33485880	49	6	5	212	41	12	8	150	5	
FL	-13400	-13400	0	0	1	1	0	1	0	2	0	33342289	49	6	5	212	41	12	8	150	5	
FL	-13600	-13600	0	0	1	2	0	1	0	2	0	33198367	49	6	5	212	41	12	8	150	5	
FL	-13800	-13800	0	0	1	2	0	0	0	2	0	33056740	49	6	5	212	41	12	8	150	5	
FL	-14000	-14000	0	0	1	2	0	0	0	2	0	32918207	49	6	5	212	41	12	8	150	5	
FL	-14200	-14200	0	0	1	1	0	0	0	2	0	32781418	49	6	5	212	41	12	8	150	5	
FL	-14400	-14400	0	0	1	1	0	0	0	2	0	32648280	49	6	5	212	41	12	8	150	5	
FL	-14600	-14600	0	0	1	1	0	0	0	2	0	32516775	49	6	5	212	41	12	8	150	5	
FL	-14800	-14800	0	0	1	1	0	0	0	1	0	32388903	49	6	5	212	41	12	8	150	5	
FL	-15000	-15000	0	0	1	0	0	0	0	0	0	32263542	49	6	5	212	41	12	8	150	5	
FL	-15200	-15200	0	0	1	0	0	0	0	0	0	32139681	49	6	5	212	41	12	8	150	5	
FL	-15400	-15400	0	0	1	0	0	0	0	0	0	32013318	49	6	5	212	41	12	8	150	5	
FL	-15600	-15600	0	0	0	0	0	0	0	0	0	31889268	49	6	5	212	41	12	8	150	5	
FL	-15800	-15800	0	0	0	0	0	0	0	0	0	31766641	49	6	5	212	41	12	8	150	5	
FL	-16000	-16000	0	0	0	0	0	0	0	0	0	31640305	49	6	5	212	41	12	8	150	5	
FL	-16200	-16200	0	0	0	0	0	0	0	0	0	31515829	49	6	5	212	41	12	8	150	5	
FL	-16400	-16400	0	0	0	0	0	0	0	0	0	31394684	49	6	5	212	41	12	8	150	5	
FL	-16600	-16600	0	0	0	0	0	0	0	0	0	31275764	49	6	5	212	41	12	8	150	5	
FL	-16800	-16800	0	0	0	0	0	0	0	0	0	31158118	49	6	5	212	41	12	8	150	5	
FL	-17000	-17000	0	0	0	0	0	0	0	0	0	31040127	49	6	5	212	41	12	8	150	5	
FL	-17200	-17200	0	0	0	0	0	0	0	0	0	30922213	49	6	5	212	41	12	8	150	5	
FL	-17400	-17400	0	0	0	0	0	0	0	0	0	30802501	49	6	5	212	41	12	8	150	5	
FL	-17600	-17600	0	0	0	0	0	0	0	0	0	30682570	49	6	5	212	41	12	8	150	5	
FL	-17800	-17800	0	0	0	0	0	0	0	0	0	30562978	49	6	5	212	41	12	8	150	5	
FL	-18000	-18000	0	0	0	0	0	0	0	0	0	30444794	49	6	5	212	41	12	8	150	5	
FL	-18200	-18200	0	0	0	0	0	0	0	0	0	30326092	49	6	5	212	41	12	8	150	5	
FL	-18400	-18400	0	0	0	0	0	0	0	0	0	30211271	49	6	5	212	41	12	8	150	5	
FL	-18600	-18600	0	0	0	0	0	0	0	0	0	30097130	49	6	5	212	41	12	8	150	5	
FL	-18800	-18800	0	0	0	0	0	0	0	0	0	29983600	49	6	5	212	41	12	8	150	5	
FL	-19000	-19000	0	0	0	0	0	0	0	0	0	29875809	49	6	5	212	41	12	8	150	5	
FL	-19200	-19200	0	0	0	0	0	0	0	0	0	29768719	49	6	5	212	41	12	8	150	5	
FL	-19400	-19400	0	0	0	0	0	0	0	0	0	29659425	49	6	5	212	41	12	8	150	5	
FL	-19600	-19600	0	0	0	0	0	0	0	0	0	29548075	49	6	5	212	41	12	8	150	5	
FL	-19800	-19800	0	0	0	0	0	0	0	0	0	29433159	49	6	5	212	41	12	8	150	5	
FL	-20000	-20000	0	0	0	0	0	0	0	0	0	29315895	49	6	5	212	41	12	8	150	5	
FL	-20200	-20200	0	0	0	0	0	0	0	0	0	29199522	49	6	5	212	41	12	8	150	5	
FL	-20400	-20400	0	0	0	0	0	0	0	0	0	29086105	49	6	5	212	41	12	8	150	5	
FL	-20600	-20600	0	0	0	0	0	0	0	0	0	28974017	49	6	5	212	41	12	8	150	5	
FL	-20800	-20800	0	0	0	0	0	0	0	0	0	28863998	49	6	5	212	41	12	8	150	5	
FL	-21000	-21000	0	0	0	0	0	0	0	0	0	28754968	49	6	5	212	41	12	8	150	5	
FL	-21200	-21200	0	0	0	0	0	0	0	0	0	28648422	49	6	5	212	41	12	8	150	5	
FL	-21400	-21400	0	0	0	0	0	0	0	0	0	28545091	49	6	5	212	41	12	8	150	5	
FL	-21600	-21600	0	0	0	0	0	0	0	0	0	28443699	49	6	5	212	41	12	8	150	5	
FL	-21800	-21800	0	0	0	0	0	0	0	0	0	28345653	49	6	5	212	41	12	8	150	5	
FL	-22000	-22000	0	0	0	0	0	0	0	0	0	28247841	49	6	5	212	41	12	8	150	5	
FL	-22200	-22200	0	0	0	0	0	0	0	0	0	28153514	49	6	5	212	41	12	8	150	5	
FL	-22400	-22400	0	0	0	1	0	0	0	0	0	28061860	49	6	5	212	41	12	8	150	5	
FL	-22600	-22600	2	0	0	3	0	0	0	0	0	27970424	49	6	5	212	41	12	8	150	5	
FL	-22800	-22800	2	0	0	2	0	0	0	0	0	27877653	49	6	5	212	41	12	8	150	5	
FL	-23000	-23000	0	0	0	0	0	0	0	0	0	27783900	49	6	5	212	41	12	8	150	5	
FL	-23200	-23200	0	0	0	0	0	0	0	0	0	27691562	49	6	5	212	41	12	8	150	5	
FL	-23400	-23400	0	0	0	0	0	0	0	0	0	27599848	49	6	5	212	41	12	8	150	5	
FL	-23600	-23600	0	0	0	0	0	0	0	0	0	27508287	49	6	5	212	41	12	8	150	5	
FL	-23800	-23800	0	0	0	0	0	0	0	0	0	27414408	49	6	5	212	41	12	8	150	5	
FL	-24000	-24000	0	0	0	2	0	0	0	0	0	27320500	49	6	5	212	41	12	8	150	5	
FL	-24200	-24200	0	0	0	2	0	0	0	0	0	27228284	49	6	5	212	41	12	8	150	5	
FL	-24400	-24400	0	0	0	1	0	0	0	0	0	27138167	49	6	5	212	41	12	8	150	5	
FL	-24600	-24600	0	0	0	0	0	0	0	0	0	27047449	49	6	5	212	41	12	8	150	5	
FL	-24800	-24800	0	0	0	0	0	0	0	0	0	26956688	49	6	5	212	41	12	8	150	5	
FL	-25000	-25000	0	0	0	0	0	0	0	0	0	26867561	49	6	5	212	41	12	8	150	5	
FL	-25200	-25200	0	0	0	0	0	0	0	0	0	26778753	49	6	5	212	41	12	8	150	5	
FL	-25400	-25400	0	0	0	0	0	0	0	0	0	26688586	49	6	5	212	41	12	8	150	5	
FL	-25600	-25600	0	0	0	0	0	0	0	0	0	26597946	49	6	5	212	41	12	8	150	5	
FL	-25800	-25800	0	0	0	0	0	0	0	0	0	26504886	49	6	5	212	41	12	8	150	5	
FL	-26000	-26000	0	0	0	0	0	0	0	0	0	26410600	49	6	5	212	41	12	8	150	5	
FL	-26200	-26200	0	0	0	0	0	0	0	0	0	26316404	49	6	5	212	41	12	8	150	5	
FL	-26400	-26400	0	0	0	0	0	0	0	0	0	26224197	49	6	5	212	41	12	8	150	5	
FL	-26600	-26600	0	0	0	0	0	0	0	0	0	26131394	49	6	5	212	41	12	8	150	5	
FL	-26800	-26800	0	0	0	0	0	0	0	0	0	26039335	49	6	5	212	41	12	8	150	5	
FL	-27000	-27000	0	0	0	0	0	0	0	0	0	25949417	49	6	5	212	41	12	8	150	5	
FL	-27200	-27200	0	0	0	0	0	0	0	0	0	25861139	49	6	5	212	41	12	8	150	5	
FL	-27400	-27400	0	0	0	0	0	0	0	0	0	25772532	49	6	5	212	41	12	8	150	5	
FL	-27600	-27600	0	0	0	0	0	0	0	0	0	25685879	49	6	5	212	41	12	8	150	5	
FL	-27800	-27800	0	0	0	0	0	0	0	0	0	25600663	49	6	5	212	41	12	8	150	5	
FL	-28000	-28000	0	0	0	0	0	0	0	0	0	25516695	49	6	5	212	41	12	8	150	5	
FL	-28200	-28200	0	0	0	0	0	0	0	0	0	25432176	49	6	5	212	41	12	8	150	5	
FL	-28400	-28400	0	0	0	0	0	0	0	0	0	25348395	49	6	5	212	41	12	8	150	5	
FL	-28600	-28600	0	0	0	0	0	0	0	0	0	25264426	49	6	5	212	41	12	8	150	5	
FL	-28800	-28800	0	0	0	0	0	0	0	0	0	25180610	49	6	5	212	41	12	8	150	5	
FL	-29000	-29000	0	0	0	0	0	0	0	0	0	25098210	49	6	5	212	41	12	8	150	5	
FL	-29200	-29200	0	0	0	0	0	0	0	0	0	25018780	49	6	5	212	41	12	8	150	5	
FL	-29400	-29400	0	0	0	0	0	0	0	0	0	24939816	49	6	5	212	41	12	8	150	5	
FL	-29600	-29600	0	0	0	0	0	0	0	0	0	24859959	49	6	5	212	41	12	8	150	5	
FL	-29800	-29800	0	0	0	0	0	0	0	0	0	24780304	49	6	5	212	41	12	8	150	5	
FL	-30000	-30000	0	0	0	0	0	0	0	0	0	24699202	49	6	5	212	41	12	8	150	5	
FL	-30200	-30200	0	0	0	0	0	0	0	0	0	24618338	49	6	5	212	41	12	8	150	5	
FL	-30400	-30400	0	0	0	0	0	0	0	0	0	24535184	49	6	5	212	41	12	8	150	5	
FL	-30600	-30600	0	0	0	0	0	0	0	0	0	24454183	49	6	5	212	41	12	8	150	5	
FL	-30800	-30800	0	0	0	0	0	0	0	0	0	24375689	49	6	5	212	41	12	8	150	5	
FL	-31000	-31000	0	0	0	0	0	0	0	0	0	24297725	49	6	5	212	41	12	8	150	5	
FL	-31200	-31200	0	0	0	0	0	0	0	0	0	24220899	49	6	5	212	41	12	8	150	5	
FL	-31400	-31400	0	0	0	0	0	0	0	0	0	24144828	49	6	5	212	41	12	8	150	5	
FL	-31600	-31600	0	0	0	0	0	0	0	0	0	24069268	49	6	5	212	41	12	8	150	5	
FL	-31800	-31800	0	0	0	0	0	0	0	0	0	23996021	49	6	5	212	41	12	8	150	5	
FL	-32000	-32000	0	0	0	0	0	0	0	0	0	23921290	49	6	5	212	41	12	8	150	5	
FL	-32200	-32200	0	0	0	0	0	0	0	0	0	23846473	49	6	5	212	41	12	8	150	5	
FL	-32400	-32400	0	0	0	0	0	0	0	0	0	23771203	49	6	5	212	41	12	8	150	5	
FL	-32600	-32600	0	0	0	0	0	0	0	0	0	23695239	49	6	5	212	41	12	8	150	5	
FL	-32800	-32800	0	0	0	0	0	0	0	0	0	23619070	49	6	5	212	41	12	8	150	5	
FL	-33000	-33000	0	0	0	0	0	0	0	0	0	23543585	49	6	5	212	41	12	8	150	5	
FL	-33200	-33200	0	0	0	0	0	0	0	0	0	23468335	49	6	5	212	41	12	8	150	5	
FL	-33400	-33400	0	0	0	0	0	0	0	0	0	23393842	49	6	5	212	41	12	8	150	5	
FL	-33600	-33600	0	0	0	0	0	0	0	0	0	23320664	49	6	5	212	41	12	8	150	5	
FL	-33800	-33800	0	0	0	0	0	0	0	0	0	23249798	49	6	5	212	41	12	8	150	5	
FL	-34000	-34000	0	0	0	0	0	0	0	0	0	23180463	49	6	5	212	41	12	8	150	5	
FL	-34200	-34200	0	0	0	0	0	0	0	0	0	23112323	49	6	5	212	41	12	8	150	5	
FL	-34400	-34400	0	0	0	0	0	0	0	0	0	23047298	49	6	5	212	41	12	8	150	5	
FL	-34600	-34600	0	0	0	0	0	0	0	0	0	22982677	49	6	5	212	41	12	8	150	5	
FL	-34800	-34800	0	0	0	0	0	0	0	0	0	22914604	49	6	5	212	41	12	8	150	5	
FL	-35000	-35000	0	0	0	0	0	0	0	0	0	22847302	49	6	5	212	41	12	8	150	5	
FL	-35200	-35200	0	0	0	0	0	0	0	0	0	22782064	49	6	5	212	41	12	8	150	5	
FL	-35400	-35400	0	0	0	0	0	0	0	0	0	22719079	49	6	5	212	41	12	8	150	5	
FL	-35600	-35600	0	0	0	0	0	0	0	0	0	22657793	49	6	5	212	41	12	8	150	5	
FL	-35800	-35800	0	0	0	0	0	0	0	0	0	22597299	49	6	5	212	41	12	8	150	5	
FL	-36000	-36000	0	0	0	0	0	0	0	0	0	22535488	49	6	5	212	41	12	8	150	5	
FL	-36200	-36200	0	0	0	0	0	0	0	0	0	22473636	49	6	5	212	41	12	8	150	5	
FL	-36400	-36400	0	0	0	0	0	0	0	0	0	22412701	49	6	5	212	41	12	8	150	5	
FL	-36600	-36600	0	0	0	0	0	0	0	0	0	22351441	49	6	5	212	41	12	8	150	5	
FL	-36800	-36800	0	0	0	0	0	0	0	0	0	22288666	49	6	5	212	41	12	8	150	5	
FL	-37000	-37000	0	0	0	0	0	0	0	0	0	22224038	49	6	5	212	41	12	8	150	5	
FL	-37200	-37200	0	0	0	0	0	0	0	0	0	22161270	49	6	5	212	41	12	8	150	5	
FL	-37400	-37400	0	0	0	0	0	0	0	0	0	22099702	49	6	5	212	41	12	8	150	5	
FL	-37600	-37600	0	0	0	0	0	0	0	0	0	22038597	49	6	5	212	41	12	8	150	5	
FL	-37800	-37800	0	0	0	0	0	0	0	0	0	21978079	49	6	5	212	41	12	8	150	5	
FL	-38000	-38000	0	0	0	0	0	0	0	0	0	21916802	49	6	5	212	41	12	8	150	5	
FL	-38200	-38200	0	0	0	0	0	0	0	0	0	21857005	49	6	5	212	41	12	8	150	5	
FL	-38400	-38400	0	0	0	0	0	0	0	0	0	21798435	49	6	5	212	41	12	8	150	5	
FL	-38600	-38600	0	0	0	0	0	0	0	0	0	21742121	49	6	5	212	41	12	8	150	5	
FL	-38800	-38800	0	0	0	0	0	0	0	0	0	21686696	49	6	5	212	41	12	8	150	5	
FL	-39000	-39000	0	0	0	0	0	0	0	0	0	21631064	49	6	5	212	41	12	8	150	5	
FL	-39200	-39200	0	0	0	0	0	0	0	0	0	21573835	49	6	5	212	41	12	8	150	5	
FL	-39400	-39400	0	0	0	0	0	0	0	0	0	21517846	49	6	5	212	41	12	8	150	5	
FL	-39600	-39600	0	0	0	0	0	0	0	0	0	21461706	49	6	5	212	41	12	8	150	5	
FL	-39800	-39800	0	0	0	0	0	0	0	0	0	21402981	49	6	5	212	41	12	8	150	5	
FL	-40000	-40000	0	0	0	0	0	0	0	0	0	21343580	49	6	5	212	41	12	8	150	5	
FL	-40200	-40200	0	0	0	0	0	0	0	0	0	21283126	49	6	5	212	41	12	8	150	5	
FL	-40400	-40400	0	0	0	0	0	0	0	0	0	21223523	49	6	5	212	41	12	8	150	5	
FL	-40600	-40600	0	0	0	0	0	0	0	0	0	21165459	49	6	5	212	41	12	8	150	5	
FL	-40800	-40800	0	0	0	0	0	0	0	0	0	21106211	49	6	5	212	41	12	8	150	5	
FL	-41000	-41000	0	0	0	0	0	0	0	0	0	21047612	49	6	5	212	41	12	8	150	5	
FL	-41200	-41200	0	0	0	0	0	0	0	0	0	20989808	49	6	5	212	41	12	8	150	5	
FL	-41400	-41400	0	0	0	0	0	0	1	1	0	20931928	49	6	5	212	41	12	8	150	5	
FL	-41600	-41600	0	0	0	0	0	0	1	1	0	20874360	49	6	5	212	41	12	8	150	5	
FL	-41800	-41800	0	0	0	0	0	0	1	1	0	20817264	49	6	5	212	41	12	8	150	5	
FL	-42000	-42000	0	0	0	0	0	0	1	1	0	20761145	49	6	5	212	41	12	8	150	5	
FL	-42200	-42200	0	0	0	0	0	0	1	1	0	20703125	49	6	5	212	41	12	8	150	5	
FL	-42400	-42400	0	0	0	0	0	0	1	1	0	20646127	49	6	5	212	41	12	8	150	5	
FL	-42600	-42600	0	0	0	0	0	0	1	1	0	20591414	49	6	5	212	41	12	8	150	5	
FL	-42800	-42800	0	0	0	0	0	0	1	1	0	20537417	49	6	5	212	41	12	8	150	5	
FL	-43000	-43000	0	0	0	0	0	0	1	1	0	20482664	49	6	5	212	41	12	8	150	5	
FL	-43200	-43200	0	0	0	0	0	0	1	1	0	20425569	49	6	5	212	41	12	8	150	5	
FL	-43400	-43400	0	0	0	0	0	0	1	1	0	20369049	49	6	5	212	41	12	8	150	5	
FL	-43600	-43600	0	0	0	0	0	0	0	0	0	20313021	49	6	5	212	41	12	8	150	5	
FL	-43800	-43800	0	0	0	0	0	0	0	0	0	20256151	49	6	5	212	41	12	8	150	5	
FL	-44000	-44000	0	0	0	0	0	0	0	0	0	20199022	49	6	5	212	41	12	8	150	5	
FL	-44200	-44200	0	0	0	0	0	0	0	0	0	20142853	49	6	5	212	41	12	8	150	5	
FL	-44400	-44400	0	0	0	0	0	0	0	0	0	20087960	49	6	5	212	41	12	8	150	5	
FL	-44600	-44600	0	0	0	0	0	0	0	0	0	20033556	49	6	5	212	41	12	8	150	5	
FL	-44800	-44800	0	0	0	0	0	0	0	0	0	19979183	49	6	5	212	41	12	8	150	5	
FL	-45000	-45000	0	0	0	0	0	0	0	0	0	19923728	49	6	5	212	41	12	8	150	5	
FL	-45200	-45200	0	0	0	0	0	0	0	0	0	19868151	49	6	5	212	41	12	8	150	5	
FL	-45400	-45400	0	0	0	0	0	0	0	0	0	19810384	49	6	5	212	41	12	8	150	5	
FL	-45600	-45600	0	0	0	0	0	0	0	0	0	19753811	49	6	5	212	41	12	8	150	5	
FL	-45800	-45800	0	0	0	0	0	0	0	0	0	19696385	49	6	5	212	41	12	8	150	5	
FL	-46000	-46000	0	0	0	0	0	0	0	0	0	19638531	49	6	5	212	41	12	8	150	5	
FL	-46200	-46200	0	0	0	0	0	0	0	0	0	19580326	49	6	5	212	41	12	8	150	5	
FL	-46400	-46400	0	0	0	0	0	0	0	0	0	19523515	49	6	5	212	41	12	8	150	5	
FL	-46600	-46600	0	0	0	0	0	0	0	0	0	19466151	49	6	5	212	41	12	8	150	5	
FL	-46800	-46800	0	0	0	0	0	0	0	0	0	19408987	49	6	5	212	41	12	8	150	5	
FL	-47000	-47000	0	0	0	0	0	0	0	0	0	19354102	49	6	5	212	41	12	8	150	5	
FL	-47200	-47200	0	0	0	0	0	0	0	0	0	19298807	49	6	5	212	41	12	8	150	5	
FL	-47400	-47400	0	0	0	0	0	0	0	0	0	19245020	49	6	5	212	41	12	8	150	5	
FL	-47600	-47600	0	0	0	0	0	0	0	0	0	19192778	49	6	5	212	41	12	8	150	5	
FL	-47800	-47800	0	0	0	0	0	0	0	0	0	19139540	49	6	5	212	41	12	8	150	5	
FL	-48000	-48000	0	0	0	0	0	0	0	0	0	19085820	49	6	5	212	41	12	8	150	5	
FL	-48200	-48200	0	0	0	0	0	0	0	0	0	19033619	49	6	5	212	41	12	8	150	5	
FL	-48400	-48400	0	0	0	0	0	0	0	0	0	18982302	49	6	5	212	41	12	8	150	5	
FL	-48600	-48600	0	0	0	0	0	0	0	0	0	18931070	49	6	5	212	41	12	8	150	5	
FL	-48800	-48800	0	0	0	0	0	0	0	0	0	18880879	49	6	5	212	41	12	8	150	5	
FL	-49000	-49000	0	0	0	0	0	0	0	0	0	18832909	49	6	5	212	41	12	8	150	5	
FL	-49200	-49200	0	0	0	0	0	0	0	0	0	18784457	49	6	5	212	41	12	8	150	5	
FL	-49400	-49400	0	0	0	0	0	0	0	0	0	18737624	49	6	5	212	41	12	8	150	5	
FL	-49600	-49600	0	0	0	0	0	0	0	0	0	18692230	49	6	5	212	41	12	8	150	5	
FL	-49800	-49800	0	0	0	0	0	0	0	0	0	18646999	49	6	5	212	41	12	8	150	5	
FL	-50000	-50000	0	0	0	0	0	0	0	0	0	18600857	49	6	5	212	41	12	8	150	5	
FL	-50200	-50200	0	0	0	0	0	0	0	0	0	18554537	49	6	5	212	41	12	8	150	5	
FL	-50400	-50400	0	0	0	0	0	0	0	0	0	18508086	49	6	5	212	41	12	8	150	5	
FL	-50600	-50600	0	0	0	0	0	0	0	0	0	18459893	49	6	5	212	41	12	8	150	5	
FL	-50800	-50800	0	0	0	0	0	0	0	0	0	18412440	49	6	5	212	41	12	8	150	5	
FL	-51000	-51000	0	0	0	0	0	0	0	0	0	18366492	49	6	5	212	41	12	8	150	5	
FL	-51200	-51200	0	0	0	0	0	0	0	0	0	18320316	49	6	5	212	41	12	8	150	5	
FL	-51400	-51400	0	0	0	0	0	0	0	0	0	18273856	49	6	5	212	41	12	8	150	5	
FL	-51600	-51600	0	0	0	0	0	0	0	0	0	18222528	49	6	5	212	41	12	8	150	5	
FL	-51800	-51800	0	0	0	0	0	0	0	0	0	18175562	49	6	5	212	41	12	8	150	5	
FL	-52000	-52000	0	0	0	0	0	0	0	0	0	18127926	49	6	5	212	41	12	8	150	5	
FL	-52200	-52200	0	0	0	0	0	0	0	0	0	18077649	49	6	5	212	41	12	8	150	5	
FL	-52400	-52400	0	0	0	0	0	0	0	0	0	18027787	49	6	5	212	41	12	8	150	5	
FL	-52600	-52600	0	0	0	0	0	0	0	0	0	17979434	49	6	5	212	41	12	8	150	5	
FL	-52800	-52800	0	0	0	0	0	0	0	0	0	17932359	49	6	5	212	41	12	8	150	5	
FL	-53000	-53000	0	0	0	0	0	0	0	0	0	17886247	49	6	5	212	41	12	8	150	5	
FL	-53200	-53200	0	0	0	0	0	0	0	0	0	17839942	49	6	5	212	41	12	8	150	5	
FL	-53400	-53400	0	0	0	0	0	0	0	0	0	17792796	49	6	5	212	41	12	8	150	5	
FL	-53600	-53600	0	0	0	0	0	0	0	0	0	17745883	49	6	5	212	41	12	8	150	5	
FL	-53800	-53800	0	0	0	0	0	0	0	0	0	17696842	49	6	5	212	41	12	8	150	5	
FL	-54000	-54000	0	0	0	0	0	0	0	0	0	17646737	49	6	5	212	41	12	8	150	5	
FL	-54200	-54200	0	0	0	0	0	0	0	0	0	17596650	49	6	5	212	41	12	8	150	5	
FL	-54400	-54400	0	0	0	0	0	0	0	0	0	17548088	49	6	5	212	41	12	8	150	5	
FL	-54600	-54600	0	0	0	0	0	0	0	0	0	17500229	49	6	5	212	41	12	8	150	5	
FL	-54800	-54800	0	0	0	0	0	0	0	0	0	17455779	49	6	5	212	41	12	8	150	5	
FL	-55000	-55000	0	0	0	0	0	0	0	0	0	17412452	49	6	5	212	41	12	8	150	5	
FL	-55200	-55200	0	0	0	0	0	0	0	0	0	17371556	49	6	5	212	41	12	8	150	5	
FL	-55400	-55400	0	0	0	0	0	0	0	0	0	17327548	49	6	5	212	41	12	8	150	5	
FL	-55600	-55600	0	0	0	0	0	0	0	0	0	17284025	49	6	5	212	41	12	8	150	5	
FL	-55800	-55800	0	0	0	0	0	0	0	0	0	17239799	49	6	5	212	41	12	8	150	5	
FL	-56000	-56000	0	0	0	0	0	0	0	0	0	17194959	49	6	5	212	41	12	8	150	5	
FL	-56200	-56200	0	0	0	0	0	0	0	0	0	17151409	49	6	5	212	41	12	8	150	5	
FL	-56400	-56400	0	0	0	0	0	0	0	0	0	17108581	49	6	5	212	41	12	8	150	5	
FL	-56600	-56600	0	0	0	0	0	0	0	0	0	17067521	49	6	5	212	41	12	8	150	5	
FL	-56800	-56800	0	0	0	0	0	0	0	0	0	17027714	49	6	5	212	41	12	8	150	5	
FL	-57000	-57000	0	0	0	0	0	0	0	0	0	16987324	49	6	5	212	41	12	8	150	5	
FL	-57200	-57200	0	0	0	0	0	0	0	0	0	16946180	49	6	5	212	41	12	8	150	5	
FL	-57400	-57400	0	0	0	0	0	0	0	0	0	16905615	49	6	5	212	41	12	8	150	5	
FL	-57600	-57600	0	0	0	0	0	0	0	0	0	16867253	49	6	5	212	41	12	8	150	5	
FL	-57800	-57800	0	0	0	0	0	0	0	0	0	16827752	49	6	5	212	41	12	8	150	5	
FL	-58000	-58000	0	0	0	0	0	0	0	0	0	16787520	49	6	5	212	41	12	8	150	5	
FL	-58200	-58200	0	0	0	0	0	0	0	0	0	16748657	49	6	5	212	41	12	8	150	5	
FL	-58400	-58400	0	0	0	0	0	0	0	0	0	16707837	49	6	5	212	41	12	8	150	5	
FL	-58600	-58600	0	0	0	0	0	0	0	0	0	16666672	49	6	5	212	41	12	8	150	5	
FL	-58800	-58800	0	0	0	0	0	0	0	0	0	16624835	49	6	5	212	41	12	8	150	5	
FL	-59000	-59000	0	0	0	0	0	0	0	0	0	16584051	49	6	5	212	41	12	8	150	5	
FL	-59200	-59200	0	0	0	0	0	0	0	0	0	16542968	49	6	5	212	41	12	8	150	5	
FL	-59400	-59400	0	0	0	0	0	0	0	0	0	16502293	49	6	5	212	41	12	8	150	5	
FL	-59600	-59600	0	0	0	0	0	0	0	0	0	16460719	49	6	5	212	41	12	8	150	5	
FL	-59800	-59800	0	0	0	0	0	0	0	0	0	16419178	49	6	5	212	41	12	8	150	5	
FL	-60000	-60000	0	0	0	0	0	0	0	0	0	16376969	49	6	5	212	41	12	8	150	5	
FL	-60200	-60200	0	0	0	0	0	0	0	0	0	16336597	49	6	5	212	41	12	8	150	5	
FL	-60400	-60400	0	0	0	0	0	0	0	0	0	16297485	49	6	5	212	41	12	8	150	5	
FL	-60600	-60600	0	0	0	0	0	0	0	0	0	16259025	49	6	5	212	41	12	8	150	5	
FL	-60800	-60800	0	0	0	0	0	0	0	0	0	16221493	49	6	5	212	41	12	8	150	5	
FL	-61000	-61000	0	0	0	0	0	0	0	0	0	16184950	49	6	5	212	41	12	8	150	5	
FL	-61200	-61200	0	0	0	0	0	0	0	0	0	16149928	49	6	5	212	41	12	8	150	5	
FL	-61400	-61400	0	0	0	0	0	0	0	0	0	16114515	49	6	5	212	41	12	8	150	5	
FL	-61600	-61600	0	0	0	0	0	0	0	0	0	16078674	49	6	5	212	41	12	8	150	5	
FL	-61800	-61800	0	0	0	0	0	0	0	0	0	16042541	49	6	5	212	41	12	8	150	5	
FL	-62000	-62000	0	0	0	0	0	0	0	0	0	16005328	49	6	5	212	41	12	8	150	5	
FL	-62200	-62200	0	0	0	0	0	0	0	0	0	15965543	49	6	5	212	41	12	8	150	5	
FL	-62400	-62400	0	0	0	0	0	0	0	0	0	15923776	49	6	5	212	41	12	8	150	5	
FL	-62600	-62600	0	0	0	0	0	0	0	0	0	15883821	49	6	5	212	41	12	8	150	5	
FL	-62800	-62800	0	0	0	0	0	0	0	0	0	15844659	49	6	5	212	41	12	8	150	5	
FL	-63000	-63000	0	0	0	0	0	0	0	0	0	15806658	49	6	5	212	41	12	8	150	5	
FL	-63200	-63200	0	0	0	0	0	0	0	0	0	15770582	49	6	5	212	41	12	8	150	5	
FL	-63400	-63400	0	0	0	0	0	0	0	0	0	15735370	49	6	5	212	41	12	8	150	5	
FL	-63600	-63600	0	0	0	0	0	0	0	0	0	15699574	49	6	5	212	41	12	8	150	5	
FL	-63800	-63800	0	0	0	0	0	0	0	0	0	15664129	49	6	5	212	41	12	8	150	5	
FL	-64000	-64000	0	0	0	0	0	0	0	0	0	15630336	49	6	5	212	41	12	8	150	5	
FL	-64200	-64200	0	0	0	0	0	0	0	0	0	15596549	49	6	5	212	41	12	8	150	5	
FL	-64400	-64400	0	0	0	0	0	0	0	0	0	15561083	49	6	5	212	41	12	8	150	5	
FL	-64600	-64600	0	0	0	0	0	0	0	0	0	15525304	49	6	5	212	41	12	8	150	5	
FL	-64800	-64800	0	0	0	0	0	0	0	0	0	15490347	49	6	5	212	41	12	8	150	5	
FL	-65000	-65000	0	0	0	0	0	0	0	0	0	15457351	49	6	5	212	41	12	8	150	5	
FL	-65200	-65200	0	0	2	0	0	0	0	0	0	15425267	49	6	5	212	41	12	8	150	5	
FL	-65400	-65400	0	0	2	0	0	0	0	0	0	15394494	49	6	5	212	41	12	8	150	5	
FL	-65600	-65600	0	0	2	0	0	0	0	1	0	15364754	49	6	5	212	41	12	8	150	5	
FL	-65800	-65800	0	0	2	0	0	0	0	2	0	15335342	49	6	5	212	41	12	8	150	5	
FL	-66000	-66000	0	0	2	0	0	0	0	3	0	15305757	49	6	5	212	41	12	8	150	5	
FL	-66200	-66200	0	0	2	0	0	0	0	3	0	15277103	49	6	5	212	41	12	8	150	5	
FL	-66400	-66400	0	0	2	0	0	0	0	3	0	15248240	49	6	5	212	41	12	8	150	5	
FL	-66600	-66600	0	0	0	0	0	0	0	3	0	15218617	49	6	5	212	41	12	8	150	5	
FL	-66800	-66800	0	0	0	0	0	0	0	3	0	15188852	49	6	5	212	41	12	8	150	5	
FL	-67000	-67000	0	0	0	0	0	0	0	2	0	15157818	49	6	5	212	41	12	8	150	5	
FL	-67200	-67200	0	0	0	0	0	0	0	1	0	15126299	49	6	5	212	41	12	8	150	5	
FL	-67400	-67400	0	0	0	0	0	0	0	0	0	15094479	49	6	5	212	41	12	8	150	5	
FL	-67600	-67600	0	0	0	0	0	0	0	0	0	15062367	49	6	5	212	41	12	8	150	5	
FL	-67800	-67800	0	0	0	0	0	0	0	0	0	15031063	49	6	5	212	41	12	8	150	5	
FL	-68000	-68000	0	0	0	0	0	0	0	0	0	14999819	49	6	5	212	41	12	8	150	5	
FL	-68200	-68200	0	0	0	0	0	0	0	0	0	14967038	49	6	5	212	41	12	8	150	5	
FL	-68400	-68400	0	0	0	0	0	0	0	0	0	14933791	49	6	5	212	41	12	8	150	5	
FL	-68600	-68600	0	0	0	0	0	0	0	0	0	14899977	49	6	5	212	41	12	8	150	5	
FL	-68800	-68800	0	0	0	0	0	0	0	0	0	14866271	49	6	5	212	41	12	8	150	5	
FL	-69000	-69000	0	0	0	0	0	0	0	0	0	14832219	49	6	5	212	41	12	8	150	5	
FL	-69200	-69200	0	0	0	0	0	0	0	0	0	14798374	49	6	5	212	41	12	8	150	5	
FL	-69400	-69400	0	0	0	0	0	0	0	0	0	14765751	49	6	5	212	41	12	8	150	5	
FL	-69600	-69600	0	0	0	0	0	0	0	0	0	14734821	49	6	5	212	41	12	8	150	5	
FL	-69800	-69800	0	0	0	0	0	0	0	0	0	14704047	49	6	5	212	41	12	8	150	5	
FL	-70000	-70000	0	0	0	0	0	0	0	0	0	14673282	49	6	5	212	41	12	8	150	5	
FL	-70200	-70200	0	0	0	0	0	0	0	0	0	14643639	49	6	5	212	41	12	8	150	5	
FL	-70400	-70400	0	0	0	0	0	0	0	0	0	14615532	49	6	5	212	41	12	8	150	5	
FL	-70600	-70600	0	0	0	0	0	0	0	0	0	14589240	49	6	5	212	41	12	8	150	5	
FL	-70800	-70800	0	0	0	0	0	0	0	0	0	14563605	49	6	5	212	41	12	8	150	5	
FL	-71000	-71000	0	0	0	0	0	0	0	0	0	14538735	49	6	5	212	41	12	8	150	5	
FL	-71200	-71200	0	0	0	0	0	0	0	0	0	14512646	49	6	5	212	41	12	8	150	5	
FL	-71400	-71400	0	0	0	0	0	0	0	0	0	14486390	49	6	5	212	41	12	8	150	5	
FL	-71600	-71600	0	0	0	0	0	0	0	0	0	14461074	49	6	5	212	41	12	8	150	5	
FL	-71800	-71800	0	0	0	0	0	0	0	0	0	14436335	49	6	5	212	41	12	8	150	5	
FL	-72000	-72000	0	0	0	0	0	0	0	0	0	14411223	49	6	5	212	41	12	8	150	5	
FL	-72200	-72200	0	0	0	0	0	0	0	0	0	14384651	49	6	5	212	41	12	8	150	5	
FL	-72400	-72400	0	0	0	0	0	0	0	0	0	14359538	49	6	5	212	41	12	8	150	5	
FL	-72600	-72600	0	0	0	0	0	0	0	0	0	14333981	49	6	5	212	41	12	8	150	5	
FL	-72800	-72800	0	0	0	0	0	0	0	0	0	14307755	49	6	5	212	41	12	8	150	5	
FL	-73000	-73000	0	0	0	0	0	0	0	0	0	14278943	49	6	5	212	41	12	8	150	5	
FL	-73200	-73200	0	0	0	0	0	0	0	0	0	14251145	49	6	5	212	41	12	8	150	5	
FL	-73400	-73400	0	0	0	0	0	0	0	0	0	14223252	49	6	5	212	41	12	8	150	5	
FL	-73600	-73600	0	0	0	0	0	0	0	0	0	14194971	49	6	5	212	41	12	8	150	5	
FL	-73800	-73800	0	0	0	0	0	0	0	0	0	14167732	49	6	5	212	41	12	8	150	5	
FL	-74000	-74000	0	0	0	0	0	0	0	0	0	14141393	49	6	5	212	41	12	8	150	5	
FL	-74200	-74200	0	0	0	0	0	0	0	0	0	14115732	49	6	5	212	41	12	8	150	5	
FL	-74400	-74400	0	0	0	0	0	0	0	0	0	14089219	49	6	5	212	41	12	8	150	5	
FL	-74600	-74600	0	0	0	0	0	0	0	0	0	14061359	49	6	5	212	41	12	8	150	5	
FL	-74800	-74800	0	0	0	0	0	0	0	0	0	14033700	49	6	5	212	41	12	8	150	5	
FL	-75000	-75000	0	0	0	0	0	0	0	0	0	14006455	49	6	5	212	41	12	8	150	5	
FL	-75200	-75200	0	0	0	0	0	0	0	0	0	13979445	49	6	5	212	41	12	8	150	5	
FL	-75400	-75400	0	0	0	0	0	0	0	0	0	13952333	49	6	5	212	41	12	8	150	5	
FL	-75600	-75600	0	0	0	0	0	0	0	0	0	13926133	49	6	5	212	41	12	8	150	5	
FL	-75800	-75800	0	0	0	0	0	0	0	0	0	13899557	49	6	5	212	41	12	8	150	5	
FL	-76000	-76000	0	0	0	0	0	0	0	0	0	13873525	49	6	5	212	41	12	8	150	5	
FL	-76200	-76200	0	0	0	0	0	0	0	0	0	13849072	49	6	5	212	41	12	8	150	5	
FL	-76400	-76400	0	0	0	0	0	0	0	0	0	13823828	49	6	5	212	41	12	8	150	5	
FL	-76600	-76600	0	0	0	0	0	0	0	0	0	13799934	49	6	5	212	41	12	8	150	5	
FL	-76800	-76800	0	0	0	0	0	0	0	0	0	13779233	49	6	5	212	41	12	8	150	5	
FL	-77000	-77000	0	0	0	0	0	0	0	0	0	13754073	49	6	5	212	41	12	8	150	5	
FL	-77200	-77200	0	0	0	0	0	0	0	0	0	13727690	49	6	5	212	41	12	8	150	5	
FL	-77400	-77400	0	0	0	0	0	0	0	0	0	13703931	49	6	5	212	41	12	8	150	5	
FL	-77600	-77600	0	0	0	0	0	0	0	0	0	13679602	49	6	5	212	41	12	8	150	5	
FL	-77800	-77800	0	0	0	0	0	0	0	0	0	13653549	49	6	5	212	41	12	8	150	5	
FL	-78000	-78000	0	0	0	0	0	0	0	0	0	13626216	49	6	5	212	41	12	8	150	5	
FL	-78200	-78200	0	0	0	0	0	0	0	0	0	13599321	49	6	5	212	41	12	8	150	5	
FL	-78400	-78400	0	0	0	0	0	0	0	0	0	13572640	49	6	5	212	41	12	8	150	5	
FL	-78600	-78600	0	0	0	0	0	0	0	0	0	13546255	49	6	5	212	41	12	8	150	5	
FL	-78800	-78800	0	0	0	0	0	0	0	0	0	13521630	49	6	5	212	41	12	8	150	5	
FL	-79000	-79000	0	0	0	0	0	0	0	0	0	13498468	49	6	5	212	41	12	8	150	5	
FL	-79200	-79200	0	0	0	0	0	0	0	0	0	13475342	49	6	5	212	41	12	8	150	5	
FL	-79400	-79400	0	0	0	0	0	0	0	0	0	13455578	49	6	5	212	41	12	8	150	5	
FL	-79600	-79600	0	0	0	0	0	0	0	0	0	13433725	49	6	5	212	41	12	8	150	5	
FL	-79800	-79800	0	0	0	0	0	0	0	0	0	13411321	49	6	5	212	41	12	8	150	5	
FL	-80000	-80000	0	0	0	0	0	0	0	0	0	13387822	49	6	5	212	41	12	8	150	5	
FL	-80200	-80200	0	0	0	0	0	0	0	0	0	13362846	49	6	5	212	41	12	8	150	5	
FL	-80400	-80400	0	0	0	0	0	0	0	0	0	13337751	49	6	5	212	41	12	8	150	5	
FL	-80600	-80600	0	0	0	0	0	0	0	0	0	13313520	49	6	5	212	41	12	8	150	5	
FL	-80800	-80800	0	0	0	0	0	0	0	0	0	13289832	49	6	5	212	41	12	8	150	5	
FL	-81000	-81000	0	0	0	0	0	0	0	0	0	13264872	49	6	5	212	41	12	8	150	5	
FL	-81200	-81200	0	0	0	0	0	0	0	0	0	13240228	49	6	5	212	41	12	8	150	5	
FL	-81400	-81400	0	0	0	0	0	0	0	0	0	13216016	49	6	5	212	41	12	8	150	5	
FL	-81600	-81600	0	0	0	0	0	0	0	0	0	13191348	49	6	5	212	41	12	8	150	5	
FL	-81800	-81800	0	0	0	0	0	0	0	0	0	13166238	49	6	5	212	41	12	8	150	5	
FL	-82000	-82000	0	0	0	0	0	0	0	0	0	13141931	49	6	5	212	41	12	8	150	5	
FL	-82200	-82200	0	0	0	0	0	0	0	0	0	13116544	49	6	5	212	41	12	8	150	5	
FL	-82400	-82400	0	0	0	0	0	0	0	0	0	13090147	49	6	5	212	41	12	8	150	5	
FL	-82600	-82600	0	0	0	0	0	0	0	0	0	13064577	49	6	5	212	41	12	8	150	5	
FL	-82800	-82800	0	0	0	0	0	0	0	0	0	13038946	49	6	5	212	41	12	8	150	5	
FL	-83000	-83000	0	0	0	0	0	0	0	0	0	13013156	49	6	5	212	41	12	8	150	5	
FL	-83200	-83200	0	0	0	0	0	0	0	0	0	12987911	49	6	5	212	41	12	8	150	5	
FL	-83400	-83400	0	0	0	0	0	0	0	0	0	12962197	49	6	5	212	41	12	8	150	5	
FL	-83600	-83600	0	0	0	0	0	0	0	0	0	12936702	49	6	5	212	41	12	8	150	5	
FL	-83800	-83800	0	0	0	0	0	0	0	0	0	12911091	49	6	5	212	41	12	8	150	5	
FL	-84000	-84000	0	0	0	0	0	0	0	0	0	12886728	49	6	5	212	41	12	8	150	5	
FL	-84200	-84200	0	0	0	0	0	0	0	0	0	12862054	49	6	5	212	41	12	8	150	5	
FL	-84400	-84400	0	0	0	0	0	0	0	0	0	12837410	49	6	5	212	41	12	8	150	5	
FL	-84600	-84600	0	0	0	0	0	0	0	0	0	12812358	49	6	5	212	41	12	8	150	5	
FL	-84800	-84800	0	0	0	0	0	0	0	0	0	12787032	49	6	5	212	41	12	8	150	5	
FL	-85000	-85000	0	0	0	0	0	0	0	0	0	12761540	49	6	5	212	41	12	8	150	5	
FL	-85200	-85200	0	0	0	0	0	0	0	0	0	12736133	49	6	5	212	41	12	8	150	5	
FL	-85400	-85400	0	0	0	0	0	0	0	0	0	12712210	49	6	5	212	41	12	8	150	5	
FL	-85600	-85600	0	0	0	0	0	0	0	0	0	12688722	49	6	5	212	41	12	8	150	5	
FL	-85800	-85800	0	0	0	0	0	0	0	0	0	12664872	49	6	5	212	41	12	8	150	5	
FL	-86000	-86000	0	0	0	0	0	0	0	0	0	12640935	49	6	5	212	41	12	8	150	5	
FL	-86200	-86200	0	0	0	0	0	0	0	0	0	12616926	49	6	5	212	41	12	8	150	5	
FL	-86400	-86400	0	0	0	0	0	0	0	0	0	12593232	49	6	5	212	41	12	8	150	5	
FL	-86600	-86600	0	0	0	0	0	0	0	0	0	12569780	49	6	5	212	41	12	8	150	5	
FL	-86800	-86800	0	0	0	0	0	0	0	0	0	12545246	49	6	5	212	41	12	8	150	5	
FL	-87000	-87000	0	0	0	0	0	0	0	0	0	12518152	49	6	5	212	41	12	8	150	5	
FL	-87200	-87200	0	0	0	0	0	0	0	0	0	12491306	49	6	5	212	41	12	8	150	5	
FL	-87400	-87400	0	0	0	0	0	0	0	0	0	12465181	49	6	5	212	41	12	8	150	5	
FL	-87600	-87600	0	0	0	0	0	0	0	0	0	12440055	49	6	5	212	41	12	8	150	5	
FL	-87800	-87800	0	0	0	0	0	0	0	0	0	12415324	49	6	5	212	41	12	8	150	5	
FL	-88000	-88000	0	0	0	0	0	0	0	0	0	12390820	49	6	5	212	41	12	8	150	5	
FL	-88200	-88200	0	0	0	0	0	0	0	0	0	12365552	49	6	5	212	41	12	8	150	5	
FL	-88400	-88400	0	0	0	0	0	0	0	0	0	12340276	49	6	5	212	41	12	8	150	5	
FL	-88600	-88600	0	0	0	0	0	0	0	0	0	12316002	49	6	5	212	41	12	8	150	5	
FL	-88800	-88800	0	0	0	0	0	0	0	0	0	12292195	49	6	5	212	41	12	8	150	5	
FL	-89000	-89000	0	0	0	0	0	0	0	0	0	12269011	49	6	5	212	41	12	8	150	5	
FL	-89200	-89200	0	0	0	0	0	0	0	0	0	12246562	49	6	5	212	41	12	8	150	5	
FL	-89400	-89400	0	0	0	0	0	0	0	0	0	12223922	49	6	5	212	41	12	8	150	5	
FL	-89600	-89600	0	0	0	0	0	0	0	0	0	12201395	49	6	5	212	41	12	8	150	5	
FL	-89800	-89800	0	0	0	0	0	0	0	0	0	12179209	49	6	5	212	41	12	8	150	5	
FL	-90000	-90000	0	0	0	0	0	0	0	0	0	12155088	49	6	5	212	41	12	8	150	5	
FL	-90200	-90200	0	0	0	0	0	0	0	0	0	12129194	49	6	5	212	41	12	8	150	5	
FL	-90400	-90400	0	0	0	0	0	0	0	0	0	12103128	49	6	5	212	41	12	8	150	5	
FL	-90600	-90600	0	0	0	0	0	0	0	0	0	12078917	49	6	5	212	41	12	8	150	5	
FL	-90800	-90800	0	0	0	0	0	0	0	0	0	12056282	49	6	5	212	41	12	8	150	5	
FL	-91000	-91000	0	0	0	0	0	0	0	0	0	12034411	49	6	5	212	41	12	8	150	5	
FL	-91200	-91200	0	0	0	0	0	0	0	0	0	12012206	49	6	5	212	41	12	8	150	5	
FL	-91400	-91400	0	0	0	0	0	0	0	0	0	11989344	49	6	5	212	41	12	8	150	5	
FL	-91600	-91600	0	0	0	0	0	0	0	0	0	11966552	49	6	5	212	41	12	8	150	5	
FL	-91800	-91800	0	0	0	0	0	0	0	0	0	11943671	49	6	5	212	41	12	8	150	5	
FL	-92000	-92000	0	0	0	0	0	0	0	0	0	11920766	49	6	5	212	41	12	8	150	5	
FL	-92200	-92200	0	0	0	0	0	0	0	0	0	11899360	49	6	5	212	41	12	8	150	5	
FL	-92400	-92400	0	0	0	0	0	0	0	0	0	11877452	49	6	5	212	41	12	8	150	5	
FL	-92600	-92600	0	0	0	0	0	0	0	0	0	11855291	49	6	5	212	41	12	8	150	5	
FL	-92800	-92800	0	0	0	0	0	0	0	0	0	11832452	49	6	5	212	41	12	8	150	5	
FL	-93000	-93000	0	0	0	0	0	0	0	0	0	11809049	49	6	5	212	41	12	8	150	5	
FL	-93200	-93200	0	0	0	0	0	0	0	0	0	11784714	49	6	5	212	41	12	8	150	5	
FL	-93400	-93400	0	0	0	0	0	0	0	0	0	11760488	49	6	5	212	41	12	8	150	5	
FL	-93600	-93600	0	0	0	0	0	0	0	0	0	11734923	49	6	5	212	41	12	8	150	5	
FL	-93800	-93800	0	0	0	0	0	0	0	0	0	11709179	49	6	5	212	41	12	8	150	5	
FL	-94000	-94000	0	0	0	0	0	0	0	0	0	11684444	49	6	5	212	41	12	8	150	5	
FL	-94200	-94200	0	0	0	0	0	0	0	0	0	11660268	49	6	5	212	41	12	8	150	5	
FL	-94400	-94400	0	0	0	0	0	0	0	0	0	11635887	49	6	5	212	41	12	8	150	5	
FL	-94600	-94600	0	0	0	0	0	0	0	0	0	11612548	49	6	5	212	41	12	8	150	5	
FL	-94800	-94800	0	0	0	0	0	0	0	0	0	11588927	49	6	5	212	41	12	8	150	5	
FL	-95000	-95000	0	0	0	0	0	0	0	0	0	11565123	49	6	5	212	41	12	8	150	5	
FL	-95200	-95200	0	0	0	0	0	0	0	0	0	11540675	49	6	5	212	41	12	8	150	5	
FL	-95400	-95400	0	0	0	0	0	0	0	0	0	11515477	49	6	5	212	41	12	8	150	5	
FL	-95600	-95600	0	0	0	0	0	0	0	0	0	11491623	49	6	5	212	41	12	8	150	5	
FL	-95800	-95800	0	0	0	0	0	0	0	0	0	11469056	49	6	5	212	41	12	8	150	5	
FL	-96000	-96000	0	0	0	0	0	0	0	0	0	11446566	49	6	5	212	41	12	8	150	5	
FL	-96200	-96200	0	0	0	0	0	0	0	0	0	11423195	49	6	5	212	41	12	8	150	5	
FL	-96400	-96400	0	0	0	0	0	0	0	0	0	11400236	49	6	5	212	41	12	8	150	5	
FL	-96600	-96600	0	0	0	0	0	0	0	0	0	11377157	49	6	5	212	41	12	8	150	5	
FL	-96800	-96800	0	0	0	0	0	0	0	0	0	11353835	49	6	5	212	41	12	8	150	5	
FL	-97000	-97000	0	0	0	0	0	0	0	0	0	11330643	49	6	5	212	41	12	8	150	5	
FL	-97200	-97200	0	0	0	0	0	0	0	0	0	11307439	49	6	5	212	41	12	8	150	5	
FL	-97400	-97400	0	0	0	0	0	0	0	0	0	11285111	49	6	5	212	41	12	8	150	5	
FL	-97600	-97600	0	0	0	0	0	0	0	0	0	11263172	49	6	5	212	41	12	8	150	5	
FL	-97800	-97800	0	0	0	0	0	0	0	0	0	11240141	49	6	5	212	41	12	8	150	5	
FL	-98000	-98000	0	0	0	0	0	0	0	0	0	11217135	49	6	5	212	41	12	8	150	5	
FL	-98200	-98200	0	0	0	0	0	0	0	0	0	11195290	49	6	5	212	41	12	8	150	5	
FL	-98400	-98400	0	0	0	0	0	0	0	0	0	11173753	49	6	5	212	41	12	8	150	5	
FL	-98600	-98600	0	0	0	0	0	0	0	0	0	11153233	49	6	5	212	41	12	8	150	5	
FL	-98800	-98800	0	0	0	0	0	0	0	0	0	11132813	49	6	5	212	41	12	8	150	5	
FL	-99000	-99000	0	0	0	0	0	0	0	0	0	11112350	49	6	5	212	41	12	8	150	5	
FL	-99200	-99200	0	0	0	0	0	0	0	0	0	11092709	49	6	5	212	41	12	8	150	5	
FL	-99400	-99400	0	0	0	0	0	0	0	0	0	11072596	49	6	5	212	41	12	8	150	5	
FL	-99600	-99600	0	0	0	0	0	0	0	0	0	11053276	49	6	5	212	41	12	8	150	5	
FL	-99800	-99800	0	0	0	0	0	0	0	0	0	11034831	49	6	5	212	41	12	8	150	5	
FL	-100000	-100000	0	0	0	0	0	0	0	0	0	11017380	49	6	5	212	41	12	8	150	5	
