FL	0	0	79	90	1	47	40	43	27	193	3	38977462	6075	4775	148	1925	4244	4632	2536	13292	512	
FL	-200	-200	79	91	2	54	40	51	26	192	3	38782843	6075	4775	148	1925	4244	4632	2536	13292	512	
FL	-400	-400	77	82	2	56	46	60	31	194	3	38230700	6075	4775	148	1925	4244	4632	2536	13292	512	
FL	-600	-600	78	82	2	59	43	64	30	196	3	37422383	6075	4775	148	1925	4244	4632	2536	13292	512	
FL	-800	-800	80	79	3	67	46	60	29	180	3	36430008	6075	4775	148	1925	4244	4632	2536	13292	512	
FL	-1000	-1000	86	74	3	68	51	58	28	176	3	35311950	6075	4775	148	1925	4244	4632	2536	13292	512	
FL	-1200	-1200	85	71	2	64	52	61	32	172	3	34123753	6075	4775	148	1925	4244	4632	2536	13292	512	
FL	-1400	-1400	87	65	3	71	46	53	31	161	3	32911054	6075	4775	148	1925	4244	4632	2536	13292	512	
FL	-1600	-1600	87	71	3	58	44	53	31	164	3	31720468	6075	4775	148	1925	4244	4632	2536	13292	512	
FL	-1800	-1800	89	67	2	50	43	54	31	160	3	30567065	6075	4775	148	1925	4244	4632	2536	13292	512	
FL	-2000	-2000	85	68	2	49	41	50	32	168	4	29449932	6075	4775	148	1925	4244	4632	2536	13292	512	
FL	-2200	-2200	84	58	1	45	40	47	30	164	6	28390788	6075	4775	148	1925	4244	4632	2536	13292	512	
FL	-2400	-2400	76	59	1	48	39	48	31	166	6	27389667	6075	4775	148	1925	4244	4632	2536	13292	512	
FL	-2600	-2600	76	57	1	56	35	45	32	161	4	26451579	6075	4775	148	1925	4244	4632	2536	13292	512	
FL	-2800	-2800	67	56	0	58	30	44	32	159	4	25565465	6075	4775	148	1925	4244	4632	2536	13292	512	
FL	-3000	-3000	63	56	0	55	31	42	31	150	6	24728746	6075	4775	148	1925	4244	4632	2536	13292	512	
FL	-3200	-3200	63	56	0	52	30	43	32	146	5	23948097	6075	4775	148	1925	4244	4632	2536	13292	512	
FL	-3400	-3400	82	54	0	41	28	40	31	140	4	23219369	6075	4775	148	1925	4244	4632	2536	13292	512	
FL	-3600	-3600	81	55	0	38	25	37	32	137	4	22539136	6075	4775	148	1925	4244	4632	2536	13292	512	
FL	-3800	-3800	80	50	0	34	23	38	32	137	4	21894847	6075	4775	148	1925	4244	4632	2536	13292	512	
FL	-4000	-4000	73	48	0	27	25	36	31	131	4	21291745	6075	4775	148	1925	4244	4632	2536	13292	512	
FL	-4200	-4200	72	47	1	24	24	35	28	131	4	20724760	6075	4775	148	1925	4244	4632	2536	13292	512	
FL	-4400	-4400	71	41	1	26	24	34	30	129	4	20186358	6075	4775	148	1925	4244	4632	2536	13292	512	
FL	-4600	-4600	66	42	1	26	25	37	31	127	4	19678857	6075	4775	148	1925	4244	4632	2536	13292	512	
FL	-4800	-4800	60	44	1	26	23	39	31	129	6	19196810	6075	4775	148	1925	4244	4632	2536	13292	512	
FL	-5000	-5000	60	44	2	22	22	39	27	126	5	18740608	6075	4775	148	1925	4244	4632	2536	13292	512	
FL	-5200	-5200	53	44	2	23	21	39	26	115	5	18310016	6075	4775	148	1925	4244	4632	2536	13292	512	
FL	-5400	-5400	48	40	2	26	19	38	28	105	4	17902290	6075	4775	148	1925	4244	4632	2536	13292	512	
FL	-5600	-5600	46	38	2	24	14	36	26	96	3	17511652	6075	4775	148	1925	4244	4632	2536	13292	512	
FL	-5800	-5800	43	33	2	20	14	31	24	96	2	17141670	6075	4775	148	1925	4244	4632	2536	13292	512	
FL	-6000	-6000	37	32	2	19	16	31	25	93	3	16789984	6075	4775	148	1925	4244	4632	2536	13292	512	
FL	-6200	-6200	37	34	2	18	15	31	26	96	3	16458944	6075	4775	148	1925	4244	4632	2536	13292	512	
FL	-6400	-6400	36	28	2	19	13	28	25	91	1	16144588	6075	4775	148	1925	4244	4632	2536	13292	512	
FL	-6600	-6600	37	25	1	22	13	25	21	93	1	15844204	6075	4775	148	1925	4244	4632	2536	13292	512	
FL	-6800	-6800	38	21	1	23	8	26	18	91	1	15559724	6075	4775	148	1925	4244	4632	2536	13292	512	
FL	-7000	-7000	38	21	1	19	9	26	18	88	1	15290748	6075	4775	148	1925	4244	4632	2536	13292	512	
FL	-7200	-7200	36	21	0	19	9	25	16	85	1	15035468	6075	4775	148	1925	4244	4632	2536	13292	512	
FL	-7400	-7400	39	19	0	19	10	28	14	89	1	14789707	6075	4775	148	1925	4244	4632	2536	13292	512	
FL	-7600	-7600	42	22	1	19	12	27	17	93	1	14558098	6075	4775	148	1925	4244	4632	2536	13292	512	
FL	-7800	-7800	41	22	0	14	13	31	17	88	1	14342659	6075	4775	148	1925	4244	4632	2536	13292	512	
FL	-8000	-8000	43	23	0	15	9	30	15	87	1	14137327	6075	4775	148	1925	4244	4632	2536	13292	512	
FL	-8200	-8200	41	21	0	21	9	30	13	95	1	13939515	6075	4775	148	1925	4244	4632	2536	13292	512	
FL	-8400	-8400	43	22	0	19	9	28	13	93	1	13749155	6075	4775	148	1925	4244	4632	2536	13292	512	
FL	-8600	-8600	42	22	0	25	9	30	13	86	1	13566729	6075	4775	148	1925	4244	4632	2536	13292	512	
FL	-8800	-8800	37	17	0	26	8	28	13	79	1	13392348	6075	4775	148	1925	4244	4632	2536	13292	512	
FL	-9000	-9000	39	22	0	30	10	35	13	79	1	13224447	6075	4775	148	1925	4244	4632	2536	13292	512	
FL	-9200	-9200	46	20	0	32	11	33	14	73	1	13064595	6075	4775	148	1925	4244	4632	2536	13292	512	
FL	-9400	-9400	40	16	0	34	9	32	11	67	1	12908841	6075	4775	148	1925	4244	4632	2536	13292	512	
FL	-9600	-9600	37	14	0	28	7	26	13	65	1	12761211	6075	4775	148	1925	4244	4632	2536	13292	512	
FL	-9800	-9800	35	14	0	24	6	28	16	59	1	12620481	6075	4775	148	1925	4244	4632	2536	13292	512	
FL	-10000	-10000	33	16	0	21	9	26	14	54	1	12484292	6075	4775	148	1925	4244	4632	2536	13292	512	
FL	-10200	-10200	27	17	0	20	6	25	16	55	1	12350541	6075	4775	148	1925	4244	4632	2536	13292	512	
FL	-10400	-10400	24	18	0	20	6	27	16	53	1	12222467	6075	4775	148	1925	4244	4632	2536	13292	512	
FL	-10600	-10600	22	20	1	18	7	27	12	56	1	12102002	6075	4775	148	1925	4244	4632	2536	13292	512	
FL	-10800	-10800	25	20	1	15	7	27	9	55	1	11986076	6075	4775	148	1925	4244	4632	2536	13292	512	
FL	-11000	-11000	27	23	1	18	7	33	12	52	1	11871399	6075	4775	148	1925	4244	4632	2536	13292	512	
FL	-11200	-11200	27	22	2	14	7	37	11	53	1	11757306	6075	4775	148	1925	4244	4632	2536	13292	512	
FL	-11400	-11400	26	22	2	15	8	37	10	51	1	11645499	6075	4775	148	1925	4244	4632	2536	13292	512	
FL	-11600	-11600	24	20	1	16	8	33	10	49	0	11537910	6075	4775	148	1925	4244	4632	2536	13292	512	
FL	-11800	-11800	19	20	1	16	8	24	9	54	0	11435699	6075	4775	148	1925	4244	4632	2536	13292	512	
FL	-12000	-12000	28	17	1	16	5	26	11	53	1	11337321	6075	4775	148	1925	4244	4632	2536	13292	512	
FL	-12200	-12200	28	18	1	17	7	25	12	57	1	11238039	6075	4775	148	1925	4244	4632	2536	13292	512	
FL	-12400	-12400	25	16	1	16	6	25	13	56	1	11140493	6075	4775	148	1925	4244	4632	2536	13292	512	
FL	-12600	-12600	19	15	1	15	7	22	13	59	2	11047283	6075	4775	148	1925	4244	4632	2536	13292	512	
FL	-12800	-12800	15	15	1	14	6	22	12	58	1	10958679	6075	4775	148	1925	4244	4632	2536	13292	512	
FL	-13000	-13000	18	15	2	12	7	20	11	59	1	10875592	6075	4775	148	1925	4244	4632	2536	13292	512	
FL	-13200	-13200	17	11	1	12	8	15	9	55	0	10792708	6075	4775	148	1925	4244	4632	2536	13292	512	
FL	-13400	-13400	19	15	1	11	7	16	9	50	1	10709066	6075	4775	148	1925	4244	4632	2536	13292	512	
FL	-13600	-13600	17	15	1	14	7	15	8	45	1	10626841	6075	4775	148	1925	4244	4632	2536	13292	512	
FL	-13800	-13800	19	15	2	14	8	18	9	49	1	10545047	6075	4775	148	1925	4244	4632	2536	13292	512	
FL	-14000	-14000	19	12	2	14	5	18	9	48	2	10465181	6075	4775	148	1925	4244	4632	2536	13292	512	
FL	-14200	-14200	22	10	0	15	5	16	9	52	2	10387579	6075	4775	148	1925	4244	4632	2536	13292	512	
FL	-14400	-14400	28	13	0	15	5	18	9	49	2	10313753	6075	4775	148	1925	4244	4632	2536	13292	512	
FL	-14600	-14600	27	16	1	14	5	20	10	50	3	10241803	6075	4775	148	1925	4244	4632	2536	13292	512	
FL	-14800	-14800	26	17	1	11	6	23	12	48	3	10172566	6075	4775	148	1925	4244	4632	2536	13292	512	
FL	-15000	-15000	23	14	1	10	8	27	14	50	2	10105945	6075	4775	148	1925	4244	4632	2536	13292	512	
FL	-15200	-15200	23	13	1	8	7	25	13	53	2	10042215	6075	4775	148	1925	4244	4632	2536	13292	512	
FL	-15400	-15400	24	14	1	7	9	24	14	57	1	9978872	6075	4775	148	1925	4244	4632	2536	13292	512	
FL	-15600	-15600	22	17	1	7	10	23	15	62	1	9914844	6075	4775	148	1925	4244	4632	2536	13292	512	
FL	-15800	-15800	22	19	0	9	10	22	16	63	2	9850836	6075	4775	148	1925	4244	4632	2536	13292	512	
FL	-16000	-16000	21	18	0	12	9	22	16	63	1	9787921	6075	4775	148	1925	4244	4632	2536	13292	512	
FL	-16200	-16200	23	16	0	11	9	20	20	67	1	9725946	6075	4775	148	1925	4244	4632	2536	13292	512	
FL	-16400	-16400	19	18	0	7	11	20	18	65	1	9665266	6075	4775	148	1925	4244	4632	2536	13292	512	
FL	-16600	-16600	18	17	0	7	9	21	17	66	1	9605446	6075	4775	148	1925	4244	4632	2536	13292	512	
FL	-16800	-16800	19	14	0	7	7	20	14	66	2	9548217	6075	4775	148	1925	4244	4632	2536	13292	512	
FL	-17000	-17000	18	15	0	7	7	20	10	65	2	9494461	6075	4775	148	1925	4244	4632	2536	13292	512	
FL	-17200	-17200	15	18	0	8	5	20	9	63	2	9441738	6075	4775	148	1925	4244	4632	2536	13292	512	
FL	-17400	-17400	14	22	0	7	4	20	11	61	2	9388067	6075	4775	148	1925	4244	4632	2536	13292	512	
FL	-17600	-17600	14	22	0	9	4	21	12	60	2	9335323	6075	4775	148	1925	4244	4632	2536	13292	512	
FL	-17800	-17800	20	22	0	9	3	24	14	59	2	9283559	6075	4775	148	1925	4244	4632	2536	13292	512	
FL	-18000	-18000	18	18	0	9	4	20	16	51	2	9233444	6075	4775	148	1925	4244	4632	2536	13292	512	
FL	-18200	-18200	17	18	0	9	4	22	15	43	2	9183469	6075	4775	148	1925	4244	4632	2536	13292	512	
FL	-18400	-18400	16	20	0	8	3	16	18	45	2	9134229	6075	4775	148	1925	4244	4632	2536	13292	512	
FL	-18600	-18600	14	17	0	8	4	17	18	47	2	9086833	6075	4775	148	1925	4244	4632	2536	13292	512	
FL	-18800	-18800	12	20	0	8	5	19	17	52	2	9039768	6075	4775	148	1925	4244	4632	2536	13292	512	
FL	-19000	-19000	15	20	0	8	6	15	14	52	2	8992072	6075	4775	148	1925	4244	4632	2536	13292	512	
FL	-19200	-19200	16	16	0	8	5	16	13	56	2	8943293	6075	4775	148	1925	4244	4632	2536	13292	512	
FL	-19400	-19400	16	16	0	9	4	14	14	59	2	8894772	6075	4775	148	1925	4244	4632	2536	13292	512	
FL	-19600	-19600	18	17	1	9	7	13	13	58	3	8845981	6075	4775	148	1925	4244	4632	2536	13292	512	
FL	-19800	-19800	16	14	1	9	7	15	13	58	2	8797750	6075	4775	148	1925	4244	4632	2536	13292	512	
FL	-20000	-20000	16	15	3	7	5	15	14	51	2	8750800	6075	4775	148	1925	4244	4632	2536	13292	512	
FL	-20200	-20200	21	17	3	7	4	19	13	51	2	8702672	6075	4775	148	1925	4244	4632	2536	13292	512	
FL	-20400	-20400	24	17	3	6	3	18	15	50	1	8651261	6075	4775	148	1925	4244	4632	2536	13292	512	
FL	-20600	-20600	23	19	3	6	3	17	15	49	1	8601789	6075	4775	148	1925	4244	4632	2536	13292	512	
FL	-20800	-20800	27	18	3	6	4	17	13	49	1	8553529	6075	4775	148	1925	4244	4632	2536	13292	512	
FL	-21000	-21000	30	23	3	6	7	17	11	49	1	8505257	6075	4775	148	1925	4244	4632	2536	13292	512	
FL	-21200	-21200	29	19	2	6	9	17	12	46	1	8458205	6075	4775	148	1925	4244	4632	2536	13292	512	
FL	-21400	-21400	25	19	0	6	8	20	12	44	1	8412966	6075	4775	148	1925	4244	4632	2536	13292	512	
FL	-21600	-21600	20	17	0	5	7	20	11	43	1	8368626	6075	4775	148	1925	4244	4632	2536	13292	512	
FL	-21800	-21800	17	16	1	4	6	16	8	46	1	8326352	6075	4775	148	1925	4244	4632	2536	13292	512	
FL	-22000	-22000	14	18	1	4	3	14	9	50	0	8285345	6075	4775	148	1925	4244	4632	2536	13292	512	
FL	-22200	-22200	15	16	1	5	2	17	11	48	0	8244276	6075	4775	148	1925	4244	4632	2536	13292	512	
FL	-22400	-22400	16	13	1	5	2	19	15	51	0	8205119	6075	4775	148	1925	4244	4632	2536	13292	512	
FL	-22600	-22600	14	11	0	5	2	18	14	49	0	8166795	6075	4775	148	1925	4244	4632	2536	13292	512	
FL	-22800	-22800	19	9	0	5	3	18	18	53	0	8128588	6075	4775	148	1925	4244	4632	2536	13292	512	
FL	-23000	-23000	20	8	0	5	4	15	19	47	0	8089446	6075	4775	148	1925	4244	4632	2536	13292	512	
FL	-23200	-23200	18	9	0	5	4	14	18	45	0	8053938	6075	4775	148	1925	4244	4632	2536	13292	512	
FL	-23400	-23400	15	10	0	5	4	13	17	45	0	8018239	6075	4775	148	1925	4244	4632	2536	13292	512	
FL	-23600	-23600	17	11	0	6	4	15	15	44	0	7983315	6075	4775	148	1925	4244	4632	2536	13292	512	
FL	-23800	-23800	11	10	0	6	3	12	15	38	0	7947257	6075	4775	148	1925	4244	4632	2536	13292	512	
FL	-24000	-24000	14	8	0	5	4	17	13	37	0	7909893	6075	4775	148	1925	4244	4632	2536	13292	512	
FL	-24200	-24200	16	9	0	6	5	16	13	33	0	7873342	6075	4775	148	1925	4244	4632	2536	13292	512	
FL	-24400	-24400	20	13	0	7	6	16	10	30	0	7836876	6075	4775	148	1925	4244	4632	2536	13292	512	
FL	-24600	-24600	18	14	0	6	5	19	8	32	0	7801902	6075	4775	148	1925	4244	4632	2536	13292	512	
FL	-24800	-24800	19	16	0	5	4	22	8	34	0	7766653	6075	4775	148	1925	4244	4632	2536	13292	512	
FL	-25000	-25000	22	16	0	5	4	21	6	32	0	7730935	6075	4775	148	1925	4244	4632	2536	13292	512	
FL	-25200	-25200	17	17	0	5	3	23	5	27	0	7693589	6075	4775	148	1925	4244	4632	2536	13292	512	
FL	-25400	-25400	21	14	0	4	3	21	5	28	1	7657897	6075	4775	148	1925	4244	4632	2536	13292	512	
FL	-25600	-25600	20	13	0	3	2	19	5	27	1	7623517	6075	4775	148	1925	4244	4632	2536	13292	512	
FL	-25800	-25800	20	14	0	2	5	20	3	26	1	7589791	6075	4775	148	1925	4244	4632	2536	13292	512	
FL	-26000	-26000	19	17	0	3	5	21	3	20	1	7556774	6075	4775	148	1925	4244	4632	2536	13292	512	
FL	-26200	-26200	18	15	1	3	6	18	4	22	1	7524900	6075	4775	148	1925	4244	4632	2536	13292	512	
FL	-26400	-26400	18	15	0	4	6	18	3	20	1	7495171	6075	4775	148	1925	4244	4632	2536	13292	512	
FL	-26600	-26600	20	17	0	4	6	13	4	21	1	7466983	6075	4775	148	1925	4244	4632	2536	13292	512	
FL	-26800	-26800	18	14	0	4	4	15	4	21	1	7439320	6075	4775	148	1925	4244	4632	2536	13292	512	
FL	-27000	-27000	17	15	0	6	3	13	5	14	1	7410496	6075	4775	148	1925	4244	4632	2536	13292	512	
FL	-27200	-27200	18	10	0	12	4	12	4	16	1	7382284	6075	4775	148	1925	4244	4632	2536	13292	512	
FL	-27400	-27400	15	7	0	19	4	13	5	22	1	7352893	6075	4775	148	1925	4244	4632	2536	13292	512	
FL	-27600	-27600	16	10	0	20	6	15	3	24	1	7322783	6075	4775	148	1925	4244	4632	2536	13292	512	
FL	-27800	-27800	15	11	0	23	4	19	3	18	1	7292557	6075	4775	148	1925	4244	4632	2536	13292	512	
FL	-28000	-28000	19	14	0	21	3	16	4	17	1	7263204	6075	4775	148	1925	4244	4632	2536	13292	512	
FL	-28200	-28200	15	12	0	19	3	14	4	19	1	7233155	6075	4775	148	1925	4244	4632	2536	13292	512	
FL	-28400	-28400	17	12	0	10	5	15	3	12	1	7202507	6075	4775	148	1925	4244	4632	2536	13292	512	
FL	-28600	-28600	20	12	0	8	7	17	3	11	1	7171329	6075	4775	148	1925	4244	4632	2536	13292	512	
FL	-28800	-28800	18	11	0	5	9	13	2	15	1	7140651	6075	4775	148	1925	4244	4632	2536	13292	512	
FL	-29000	-29000	20	11	0	4	9	14	2	20	1	7111890	6075	4775	148	1925	4244	4632	2536	13292	512	
FL	-29200	-29200	19	12	0	4	10	12	2	20	1	7079897	6075	4775	148	1925	4244	4632	2536	13292	512	
FL	-29400	-29400	19	13	0	5	10	11	6	20	1	7050115	6075	4775	148	1925	4244	4632	2536	13292	512	
FL	-29600	-29600	17	9	0	5	9	10	5	16	1	7020676	6075	4775	148	1925	4244	4632	2536	13292	512	
FL	-29800	-29800	13	7	0	5	9	15	7	19	1	6991581	6075	4775	148	1925	4244	4632	2536	13292	512	
FL	-30000	-30000	16	8	0	6	8	15	7	18	1	6962667	6075	4775	148	1925	4244	4632	2536	13292	512	
FL	-30200	-30200	15	9	0	7	8	13	6	17	1	6933145	6075	4775	148	1925	4244	4632	2536	13292	512	
FL	-30400	-30400	16	7	0	4	9	14	7	16	1	6904757	6075	4775	148	1925	4244	4632	2536	13292	512	
FL	-30600	-30600	17	11	1	4	8	12	7	21	1	6875594	6075	4775	148	1925	4244	4632	2536	13292	512	
FL	-30800	-30800	16	9	1	6	8	12	7	22	1	6847193	6075	4775	148	1925	4244	4632	2536	13292	512	
FL	-31000	-31000	17	10	0	6	5	12	8	21	2	6819638	6075	4775	148	1925	4244	4632	2536	13292	512	
FL	-31200	-31200	17	13	0	6	6	13	6	26	2	6791908	6075	4775	148	1925	4244	4632	2536	13292	512	
FL	-31400	-31400	12	12	0	2	5	11	6	22	2	6765231	6075	4775	148	1925	4244	4632	2536	13292	512	
FL	-31600	-31600	9	13	0	2	4	9	5	26	1	6740427	6075	4775	148	1925	4244	4632	2536	13292	512	
FL	-31800	-31800	9	16	0	1	4	8	6	24	1	6717905	6075	4775	148	1925	4244	4632	2536	13292	512	
FL	-32000	-32000	10	17	0	2	5	10	7	22	1	6697118	6075	4775	148	1925	4244	4632	2536	13292	512	
FL	-32200	-32200	13	17	0	2	5	14	7	23	1	6674949	6075	4775	148	1925	4244	4632	2536	13292	512	
FL	-32400	-32400	13	17	0	2	5	14	8	21	0	6651277	6075	4775	148	1925	4244	4632	2536	13292	512	
FL	-32600	-32600	15	14	0	3	3	14	7	22	0	6626990	6075	4775	148	1925	4244	4632	2536	13292	512	
FL	-32800	-32800	13	13	0	4	3	15	8	24	0	6602504	6075	4775	148	1925	4244	4632	2536	13292	512	
FL	-33000	-33000	14	12	0	7	2	15	6	24	0	6577602	6075	4775	148	1925	4244	4632	2536	13292	512	
FL	-33200	-33200	15	13	0	7	4	12	5	21	0	6552889	6075	4775	148	1925	4244	4632	2536	13292	512	
FL	-33400	-33400	16	11	0	5	4	13	4	20	0	6530161	6075	4775	148	1925	4244	4632	2536	13292	512	
FL	-33600	-33600	16	10	0	5	3	13	2	20	1	6507429	6075	4775	148	1925	4244	4632	2536	13292	512	
FL	-33800	-33800	14	11	0	8	3	13	4	23	2	6485714	6075	4775	148	1925	4244	4632	2536	13292	512	
FL	-34000	-34000	15	14	0	8	3	13	4	24	3	6464859	6075	4775	148	1925	4244	4632	2536	13292	512	
FL	-34200	-34200	15	19	0	6	5	11	3	22	2	6442820	6075	4775	148	1925	4244	4632	2536	13292	512	
FL	-34400	-34400	14	17	0	5	8	15	5	19	2	6421128	6075	4775	148	1925	4244	4632	2536	13292	512	
FL	-34600	-34600	14	17	0	4	9	12	8	19	2	6399792	6075	4775	148	1925	4244	4632	2536	13292	512	
FL	-34800	-34800	13	17	0	6	10	13	8	20	1	6377702	6075	4775	148	1925	4244	4632	2536	13292	512	
FL	-35000	-35000	14	15	0	4	7	13	8	21	1	6354379	6075	4775	148	1925	4244	4632	2536	13292	512	
FL	-35200	-35200	11	13	0	3	9	18	6	23	1	6330986	6075	4775	148	1925	4244	4632	2536	13292	512	
FL	-35400	-35400	13	12	1	2	10	19	7	27	1	6307046	6075	4775	148	1925	4244	4632	2536	13292	512	
FL	-35600	-35600	18	12	1	2	11	19	7	26	0	6282672	6075	4775	148	1925	4244	4632	2536	13292	512	
FL	-35800	-35800	17	13	1	1	13	17	8	22	0	6260918	6075	4775	148	1925	4244	4632	2536	13292	512	
FL	-36000	-36000	17	11	0	2	10	16	9	20	0	6237567	6075	4775	148	1925	4244	4632	2536	13292	512	
FL	-36200	-36200	19	11	0	3	9	17	8	17	0	6215045	6075	4775	148	1925	4244	4632	2536	13292	512	
FL	-36400	-36400	18	13	0	5	5	17	8	20	0	6193766	6075	4775	148	1925	4244	4632	2536	13292	512	
FL	-36600	-36600	18	13	0	3	3	15	10	19	0	6173414	6075	4775	148	1925	4244	4632	2536	13292	512	
FL	-36800	-36800	20	13	0	2	4	16	9	14	0	6153495	6075	4775	148	1925	4244	4632	2536	13292	512	
FL	-37000	-37000	20	12	0	2	5	16	7	14	0	6133300	6075	4775	148	1925	4244	4632	2536	13292	512	
FL	-37200	-37200	18	14	0	2	6	16	6	16	0	6114449	6075	4775	148	1925	4244	4632	2536	13292	512	
FL	-37400	-37400	14	15	0	2	5	13	8	18	0	6095307	6075	4775	148	1925	4244	4632	2536	13292	512	
FL	-37600	-37600	11	14	0	1	5	11	8	14	0	6076019	6075	4775	148	1925	4244	4632	2536	13292	512	
FL	-37800	-37800	8	16	0	0	4	12	5	18	0	6056344	6075	4775	148	1925	4244	4632	2536	13292	512	
FL	-38000	-38000	9	12	0	1	4	12	4	19	1	6035231	6075	4775	148	1925	4244	4632	2536	13292	512	
FL	-38200	-38200	12	11	0	2	4	11	4	19	1	6016983	6075	4775	148	1925	4244	4632	2536	13292	512	
FL	-38400	-38400	11	7	0	2	6	15	5	22	2	6000385	6075	4775	148	1925	4244	4632	2536	13292	512	
FL	-38600	-38600	13	7	0	2	6	14	4	21	2	5982918	6075	4775	148	1925	4244	4632	2536	13292	512	
FL	-38800	-38800	10	7	0	3	5	11	3	22	3	5964882	6075	4775	148	1925	4244	4632	2536	13292	512	
FL	-39000	-39000	8	8	0	4	5	12	3	19	3	5945639	6075	4775	148	1925	4244	4632	2536	13292	512	
FL	-39200	-39200	7	5	0	3	6	14	3	20	4	5926413	6075	4775	148	1925	4244	4632	2536	13292	512	
FL	-39400	-39400	7	8	0	3	6	13	3	18	4	5907611	6075	4775	148	1925	4244	4632	2536	13292	512	
FL	-39600	-39600	7	9	0	3	5	10	7	19	3	5888129	6075	4775	148	1925	4244	4632	2536	13292	512	
FL	-39800	-39800	11	11	0	2	5	10	4	18	1	5868079	6075	4775	148	1925	4244	4632	2536	13292	512	
FL	-40000	-40000	9	12	0	2	5	8	3	19	1	5848384	6075	4775	148	1925	4244	4632	2536	13292	512	
FL	-40200	-40200	11	12	0	3	4	7	2	18	0	5828886	6075	4775	148	1925	4244	4632	2536	13292	512	
FL	-40400	-40400	15	12	0	2	4	6	3	20	0	5808757	6075	4775	148	1925	4244	4632	2536	13292	512	
FL	-40600	-40600	19	10	0	3	5	6	5	20	0	5788851	6075	4775	148	1925	4244	4632	2536	13292	512	
FL	-40800	-40800	20	10	1	3	5	7	5	25	1	5770275	6075	4775	148	1925	4244	4632	2536	13292	512	
FL	-41000	-41000	20	11	1	3	5	8	6	26	1	5751714	6075	4775	148	1925	4244	4632	2536	13292	512	
FL	-41200	-41200	16	11	1	3	5	10	6	24	1	5733582	6075	4775	148	1925	4244	4632	2536	13292	512	
FL	-41400	-41400	13	7	1	3	4	10	7	27	1	5717070	6075	4775	148	1925	4244	4632	2536	13292	512	
FL	-41600	-41600	14	9	0	4	4	13	5	26	1	5700086	6075	4775	148	1925	4244	4632	2536	13292	512	
FL	-41800	-41800	13	10	0	5	1	13	7	24	1	5682890	6075	4775	148	1925	4244	4632	2536	13292	512	
FL	-42000	-42000	15	8	0	6	3	12	5	20	0	5666206	6075	4775	148	1925	4244	4632	2536	13292	512	
FL	-42200	-42200	16	10	0	6	5	13	7	21	1	5650088	6075	4775	148	1925	4244	4632	2536	13292	512	
FL	-42400	-42400	18	8	0	6	4	12	6	18	0	5634360	6075	4775	148	1925	4244	4632	2536	13292	512	
FL	-42600	-42600	17	7	0	6	3	11	4	17	0	5618563	6075	4775	148	1925	4244	4632	2536	13292	512	
FL	-42800	-42800	17	10	0	4	3	11	4	17	0	5603048	6075	4775	148	1925	4244	4632	2536	13292	512	
FL	-43000	-43000	16	9	0	4	3	11	4	14	0	5588349	6075	4775	148	1925	4244	4632	2536	13292	512	
FL	-43200	-43200	17	11	0	4	4	7	3	17	0	5573282	6075	4775	148	1925	4244	4632	2536	13292	512	
FL	-43400	-43400	13	14	0	3	4	9	4	9	0	5558159	6075	4775	148	1925	4244	4632	2536	13292	512	
FL	-43600	-43600	10	11	0	3	5	8	6	7	0	5544173	6075	4775	148	1925	4244	4632	2536	13292	512	
FL	-43800	-43800	11	10	0	3	4	7	5	9	0	5529607	6075	4775	148	1925	4244	4632	2536	13292	512	
FL	-44000	-44000	10	10	0	4	4	8	5	12	0	5514283	6075	4775	148	1925	4244	4632	2536	13292	512	
FL	-44200	-44200	12	9	0	3	3	8	6	13	0	5497266	6075	4775	148	1925	4244	4632	2536	13292	512	
FL	-44400	-44400	10	9	0	1	2	11	6	10	0	5480556	6075	4775	148	1925	4244	4632	2536	13292	512	
FL	-44600	-44600	8	10	0	1	2	12	5	9	0	5465285	6075	4775	148	1925	4244	4632	2536	13292	512	
FL	-44800	-44800	10	10	0	0	4	13	5	15	0	5451505	6075	4775	148	1925	4244	4632	2536	13292	512	
FL	-45000	-45000	8	9	0	0	2	16	5	19	0	5438375	6075	4775	148	1925	4244	4632	2536	13292	512	
FL	-45200	-45200	8	8	0	0	3	12	6	20	0	5424898	6075	4775	148	1925	4244	4632	2536	13292	512	
FL	-45400	-45400	12	6	0	0	2	12	7	25	1	5411486	6075	4775	148	1925	4244	4632	2536	13292	512	
FL	-45600	-45600	10	6	0	0	3	12	3	22	1	5396770	6075	4775	148	1925	4244	4632	2536	13292	512	
FL	-45800	-45800	10	6	0	0	5	15	3	22	1	5383365	6075	4775	148	1925	4244	4632	2536	13292	512	
FL	-46000	-46000	15	7	0	1	5	14	4	23	1	5369664	6075	4775	148	1925	4244	4632	2536	13292	512	
FL	-46200	-46200	15	9	0	1	4	9	4	18	1	5356482	6075	4775	148	1925	4244	4632	2536	13292	512	
FL	-46400	-46400	13	8	0	2	6	10	5	18	0	5342824	6075	4775	148	1925	4244	4632	2536	13292	512	
FL	-46600	-46600	13	7	0	2	7	11	3	16	0	5330809	6075	4775	148	1925	4244	4632	2536	13292	512	
FL	-46800	-46800	12	6	0	1	5	13	3	17	0	5318838	6075	4775	148	1925	4244	4632	2536	13292	512	
FL	-47000	-47000	13	7	0	1	5	14	4	17	0	5305570	6075	4775	148	1925	4244	4632	2536	13292	512	
FL	-47200	-47200	14	4	0	1	6	17	7	18	0	5293682	6075	4775	148	1925	4244	4632	2536	13292	512	
FL	-47400	-47400	10	5	0	1	4	18	7	15	0	5281664	6075	4775	148	1925	4244	4632	2536	13292	512	
FL	-47600	-47600	10	6	0	1	5	16	7	13	0	5268553	6075	4775	148	1925	4244	4632	2536	13292	512	
FL	-47800	-47800	9	7	0	3	5	16	6	13	0	5255271	6075	4775	148	1925	4244	4632	2536	13292	512	
FL	-48000	-48000	14	9	1	4	3	15	8	16	0	5241488	6075	4775	148	1925	4244	4632	2536	13292	512	
FL	-48200	-48200	11	10	1	4	4	12	9	15	0	5228155	6075	4775	148	1925	4244	4632	2536	13292	512	
FL	-48400	-48400	12	11	1	3	4	9	8	16	0	5214549	6075	4775	148	1925	4244	4632	2536	13292	512	
FL	-48600	-48600	13	11	1	2	3	10	8	15	0	5201713	6075	4775	148	1925	4244	4632	2536	13292	512	
FL	-48800	-48800	12	13	1	1	5	8	10	15	0	5189085	6075	4775	148	1925	4244	4632	2536	13292	512	
FL	-49000	-49000	13	10	1	1	5	13	11	16	0	5177066	6075	4775	148	1925	4244	4632	2536	13292	512	
FL	-49200	-49200	11	12	1	1	5	11	10	15	0	5164572	6075	4775	148	1925	4244	4632	2536	13292	512	
FL	-49400	-49400	9	11	1	2	4	10	10	18	0	5151697	6075	4775	148	1925	4244	4632	2536	13292	512	
FL	-49600	-49600	12	12	1	3	4	8	10	17	0	5139344	6075	4775	148	1925	4244	4632	2536	13292	512	
FL	-49800	-49800	11	13	1	3	4	8	12	16	0	5127358	6075	4775	148	1925	4244	4632	2536	13292	512	
FL	-50000	-50000	11	9	1	3	4	9	11	15	0	5114968	6075	4775	148	1925	4244	4632	2536	13292	512	
FL	-50200	-50200	15	9	1	1	6	12	11	15	0	5102857	6075	4775	148	1925	4244	4632	2536	13292	512	
FL	-50400	-50400	13	9	1	3	5	11	10	13	0	5091264	6075	4775	148	1925	4244	4632	2536	13292	512	
FL	-50600	-50600	11	7	1	3	4	11	7	11	0	5079890	6075	4775	148	1925	4244	4632	2536	13292	512	
FL	-50800	-50800	11	6	1	3	5	9	6	8	0	5067951	6075	4775	148	1925	4244	4632	2536	13292	512	
FL	-51000	-51000	12	6	1	1	5	10	6	8	0	5054620	6075	4775	148	1925	4244	4632	2536	13292	512	
FL	-51200	-51200	11	6	0	1	4	7	5	11	0	5041819	6075	4775	148	1925	4244	4632	2536	13292	512	
FL	-51400	-51400	10	5	0	1	2	9	7	13	0	5029981	6075	4775	148	1925	4244	4632	2536	13292	512	
FL	-51600	-51600	12	5	0	1	3	9	7	12	0	5017484	6075	4775	148	1925	4244	4632	2536	13292	512	
FL	-51800	-51800	11	6	0	1	3	13	7	12	0	5004126	6075	4775	148	1925	4244	4632	2536	13292	512	
FL	-52000	-52000	11	6	0	0	3	13	7	12	0	4992546	6075	4775	148	1925	4244	4632	2536	13292	512	
FL	-52200	-52200	10	7	0	0	4	12	5	14	0	4980197	6075	4775	148	1925	4244	4632	2536	13292	512	
FL	-52400	-52400	12	6	0	0	5	15	4	14	0	4967016	6075	4775	148	1925	4244	4632	2536	13292	512	
FL	-52600	-52600	14	6	0	0	3	15	5	14	0	4953464	6075	4775	148	1925	4244	4632	2536	13292	512	
FL	-52800	-52800	16	7	0	0	3	13	6	14	0	4940819	6075	4775	148	1925	4244	4632	2536	13292	512	
FL	-53000	-53000	15	5	0	0	3	15	6	20	0	4929259	6075	4775	148	1925	4244	4632	2536	13292	512	
FL	-53200	-53200	12	6	0	0	3	15	5	22	0	4918180	6075	4775	148	1925	4244	4632	2536	13292	512	
FL	-53400	-53400	11	4	0	0	4	11	4	21	0	4907743	6075	4775	148	1925	4244	4632	2536	13292	512	
FL	-53600	-53600	11	5	1	0	3	10	2	20	0	4897166	6075	4775	148	1925	4244	4632	2536	13292	512	
FL	-53800	-53800	13	4	1	0	1	10	1	19	0	4886573	6075	4775	148	1925	4244	4632	2536	13292	512	
FL	-54000	-54000	13	5	1	2	4	7	0	13	0	4875501	6075	4775	148	1925	4244	4632	2536	13292	512	
FL	-54200	-54200	13	4	1	3	4	8	0	15	0	4864729	6075	4775	148	1925	4244	4632	2536	13292	512	
FL	-54400	-54400	12	4	1	3	3	8	1	15	0	4853895	6075	4775	148	1925	4244	4632	2536	13292	512	
FL	-54600	-54600	13	5	1	2	4	10	1	16	0	4842560	6075	4775	148	1925	4244	4632	2536	13292	512	
FL	-54800	-54800	9	4	1	2	3	9	1	20	0	4831982	6075	4775	148	1925	4244	4632	2536	13292	512	
FL	-55000	-55000	12	4	1	1	3	12	3	20	0	4820205	6075	4775	148	1925	4244	4632	2536	13292	512	
FL	-55200	-55200	11	4	1	1	2	12	3	18	0	4807310	6075	4775	148	1925	4244	4632	2536	13292	512	
FL	-55400	-55400	10	3	1	1	3	10	3	18	0	4794054	6075	4775	148	1925	4244	4632	2536	13292	512	
FL	-55600	-55600	9	3	0	0	3	10	3	15	0	4781375	6075	4775	148	1925	4244	4632	2536	13292	512	
FL	-55800	-55800	8	4	1	0	5	9	3	17	0	4768709	6075	4775	148	1925	4244	4632	2536	13292	512	
FL	-56000	-56000	8	5	1	2	3	6	3	14	0	4756987	6075	4775	148	1925	4244	4632	2536	13292	512	
FL	-56200	-56200	7	5	1	2	3	5	4	16	0	4746145	6075	4775	148	1925	4244	4632	2536	13292	512	
FL	-56400	-56400	11	5	1	2	2	4	5	12	0	4734862	6075	4775	148	1925	4244	4632	2536	13292	512	
FL	-56600	-56600	12	5	1	1	2	3	3	12	0	4723054	6075	4775	148	1925	4244	4632	2536	13292	512	
FL	-56800	-56800	13	6	1	1	3	6	5	13	0	4710884	6075	4775	148	1925	4244	4632	2536	13292	512	
FL	-57000	-57000	10	9	1	1	4	7	6	11	0	4699137	6075	4775	148	1925	4244	4632	2536	13292	512	
FL	-57200	-57200	8	9	1	1	3	6	4	12	0	4687261	6075	4775	148	1925	4244	4632	2536	13292	512	
FL	-57400	-57400	7	8	0	0	2	6	3	11	0	4676306	6075	4775	148	1925	4244	4632	2536	13292	512	
FL	-57600	-57600	11	10	0	0	2	7	3	11	0	4665646	6075	4775	148	1925	4244	4632	2536	13292	512	
FL	-57800	-57800	8	9	0	0	2	7	2	9	1	4654675	6075	4775	148	1925	4244	4632	2536	13292	512	
FL	-58000	-58000	9	11	0	0	2	9	3	8	1	4643392	6075	4775	148	1925	4244	4632	2536	13292	512	
FL	-58200	-58200	9	14	0	0	2	10	4	12	1	4632430	6075	4775	148	1925	4244	4632	2536	13292	512	
FL	-58400	-58400	10	11	0	0	2	12	4	13	1	4622150	6075	4775	148	1925	4244	4632	2536	13292	512	
FL	-58600	-58600	11	14	0	1	2	13	2	14	1	4611115	6075	4775	148	1925	4244	4632	2536	13292	512	
FL	-58800	-58800	11	13	1	1	2	15	1	11	1	4599752	6075	4775	148	1925	4244	4632	2536	13292	512	
FL	-59000	-59000	13	13	1	1	1	12	1	11	1	4588498	6075	4775	148	1925	4244	4632	2536	13292	512	
FL	-59200	-59200	12	11	1	1	1	13	1	10	1	4577755	6075	4775	148	1925	4244	4632	2536	13292	512	
FL	-59400	-59400	10	8	1	1	1	13	2	10	1	4566537	6075	4775	148	1925	4244	4632	2536	13292	512	
FL	-59600	-59600	12	8	1	1	3	13	1	11	1	4556583	6075	4775	148	1925	4244	4632	2536	13292	512	
FL	-59800	-59800	11	8	0	2	3	13	2	11	1	4545961	6075	4775	148	1925	4244	4632	2536	13292	512	
FL	-60000	-60000	11	11	0	2	1	13	3	9	1	4535941	6075	4775	148	1925	4244	4632	2536	13292	512	
FL	-60200	-60200	9	12	0	2	1	12	2	7	1	4525748	6075	4775	148	1925	4244	4632	2536	13292	512	
FL	-60400	-60400	9	16	0	2	1	12	3	6	1	4514833	6075	4775	148	1925	4244	4632	2536	13292	512	
FL	-60600	-60600	10	12	0	2	2	9	3	4	1	4505279	6075	4775	148	1925	4244	4632	2536	13292	512	
FL	-60800	-60800	9	12	0	2	1	10	4	4	1	4496963	6075	4775	148	1925	4244	4632	2536	13292	512	
FL	-61000	-61000	10	15	0	3	1	11	3	5	1	4489424	6075	4775	148	1925	4244	4632	2536	13292	512	
FL	-61200	-61200	12	15	0	3	1	15	2	4	0	4481995	6075	4775	148	1925	4244	4632	2536	13292	512	
FL	-61400	-61400	8	12	0	3	1	16	2	5	0	4474369	6075	4775	148	1925	4244	4632	2536	13292	512	
FL	-61600	-61600	8	12	0	3	2	12	2	6	0	4465858	6075	4775	148	1925	4244	4632	2536	13292	512	
FL	-61800	-61800	9	11	0	1	1	9	1	9	0	4457921	6075	4775	148	1925	4244	4632	2536	13292	512	
FL	-62000	-62000	10	10	0	0	2	9	2	10	0	4449821	6075	4775	148	1925	4244	4632	2536	13292	512	
FL	-62200	-62200	10	11	0	0	2	8	2	10	0	4440727	6075	4775	148	1925	4244	4632	2536	13292	512	
FL	-62400	-62400	10	12	0	1	3	10	3	10	0	4430861	6075	4775	148	1925	4244	4632	2536	13292	512	
FL	-62600	-62600	9	10	0	0	3	12	3	14	0	4420800	6075	4775	148	1925	4244	4632	2536	13292	512	
FL	-62800	-62800	11	10	0	2	4	13	3	17	0	4411326	6075	4775	148	1925	4244	4632	2536	13292	512	
FL	-63000	-63000	9	7	0	2	5	8	4	19	0	4401753	6075	4775	148	1925	4244	4632	2536	13292	512	
FL	-63200	-63200	7	6	0	2	4	11	3	16	0	4391721	6075	4775	148	1925	4244	4632	2536	13292	512	
FL	-63400	-63400	10	7	0	2	3	10	4	15	0	4381767	6075	4775	148	1925	4244	4632	2536	13292	512	
FL	-63600	-63600	11	6	0	3	2	7	4	16	0	4372072	6075	4775	148	1925	4244	4632	2536	13292	512	
FL	-63800	-63800	9	6	0	3	2	6	3	14	0	4361257	6075	4775	148	1925	4244	4632	2536	13292	512	
FL	-64000	-64000	10	6	0	3	2	6	2	10	0	4350215	6075	4775	148	1925	4244	4632	2536	13292	512	
FL	-64200	-64200	9	5	0	3	4	6	1	9	0	4339700	6075	4775	148	1925	4244	4632	2536	13292	512	
FL	-64400	-64400	6	4	0	3	5	4	1	8	0	4329154	6075	4775	148	1925	4244	4632	2536	13292	512	
FL	-64600	-64600	6	5	0	4	6	5	1	4	0	4319298	6075	4775	148	1925	4244	4632	2536	13292	512	
FL	-64800	-64800	11	5	0	2	7	7	2	6	0	4309372	6075	4775	148	1925	4244	4632	2536	13292	512	
FL	-65000	-65000	12	6	0	0	6	8	2	6	0	4300514	6075	4775	148	1925	4244	4632	2536	13292	512	
FL	-65200	-65200	7	6	0	0	6	7	1	10	0	4291037	6075	4775	148	1925	4244	4632	2536	13292	512	
FL	-65400	-65400	7	5	0	2	6	8	1	9	1	4281084	6075	4775	148	1925	4244	4632	2536	13292	512	
FL	-65600	-65600	7	5	0	2	5	7	1	10	1	4270879	6075	4775	148	1925	4244	4632	2536	13292	512	
FL	-65800	-65800	10	4	0	2	6	8	2	8	1	4261110	6075	4775	148	1925	4244	4632	2536	13292	512	
FL	-66000	-66000	9	5	0	3	7	7	3	8	1	4252802	6075	4775	148	1925	4244	4632	2536	13292	512	
FL	-66200	-66200	6	4	0	0	7	8	6	9	1	4245238	6075	4775	148	1925	4244	4632	2536	13292	512	
FL	-66400	-66400	6	6	0	0	7	8	6	9	1	4237703	6075	4775	148	1925	4244	4632	2536	13292	512	
FL	-66600	-66600	5	6	0	0	4	7	4	10	1	4229295	6075	4775	148	1925	4244	4632	2536	13292	512	
FL	-66800	-66800	5	8	0	0	4	7	3	11	1	4220526	6075	4775	148	1925	4244	4632	2536	13292	512	
FL	-67000	-67000	7	9	0	0	4	8	1	12	0	4211369	6075	4775	148	1925	4244	4632	2536	13292	512	
FL	-67200	-67200	8	7	0	0	5	6	1	15	0	4202645	6075	4775	148	1925	4244	4632	2536	13292	512	
FL	-67400	-67400	8	7	0	0	5	6	2	14	0	4194465	6075	4775	148	1925	4244	4632	2536	13292	512	
FL	-67600	-67600	8	7	0	0	5	7	2	12	0	4186286	6075	4775	148	1925	4244	4632	2536	13292	512	
FL	-67800	-67800	7	7	0	1	5	6	3	13	0	4177431	6075	4775	148	1925	4244	4632	2536	13292	512	
FL	-68000	-68000	7	6	0	0	5	7	4	9	0	4168986	6075	4775	148	1925	4244	4632	2536	13292	512	
FL	-68200	-68200	9	5	0	1	3	6	4	11	0	4160807	6075	4775	148	1925	4244	4632	2536	13292	512	
FL	-68400	-68400	11	4	0	1	5	4	4	8	0	4152855	6075	4775	148	1925	4244	4632	2536	13292	512	
FL	-68600	-68600	11	6	0	1	3	5	3	7	0	4144894	6075	4775	148	1925	4244	4632	2536	13292	512	
FL	-68800	-68800	9	6	0	1	2	4	2	8	0	4136772	6075	4775	148	1925	4244	4632	2536	13292	512	
FL	-69000	-69000	9	6	0	1	2	4	1	12	0	4129519	6075	4775	148	1925	4244	4632	2536	13292	512	
FL	-69200	-69200	9	6	0	1	3	5	0	14	0	4122603	6075	4775	148	1925	4244	4632	2536	13292	512	
FL	-69400	-69400	10	5	0	1	2	4	0	16	0	4116402	6075	4775	148	1925	4244	4632	2536	13292	512	
FL	-69600	-69600	7	6	0	1	2	6	0	15	0	4111376	6075	4775	148	1925	4244	4632	2536	13292	512	
FL	-69800	-69800	4	5	0	0	2	9	1	14	0	4106951	6075	4775	148	1925	4244	4632	2536	13292	512	
FL	-70000	-70000	4	3	0	0	2	10	1	14	0	4101639	6075	4775	148	1925	4244	4632	2536	13292	512	
FL	-70200	-70200	4	4	0	0	4	9	0	14	0	4096862	6075	4775	148	1925	4244	4632	2536	13292	512	
FL	-70400	-70400	5	6	0	0	5	10	2	20	0	4092559	6075	4775	148	1925	4244	4632	2536	13292	512	
FL	-70600	-70600	7	6	0	1	5	7	2	21	0	4088339	6075	4775	148	1925	4244	4632	2536	13292	512	
FL	-70800	-70800	6	6	0	1	5	6	5	22	0	4083913	6075	4775	148	1925	4244	4632	2536	13292	512	
FL	-71000	-71000	6	5	0	1	6	6	5	20	0	4078792	6075	4775	148	1925	4244	4632	2536	13292	512	
FL	-71200	-71200	7	6	0	1	5	6	6	21	0	4072623	6075	4775	148	1925	4244	4632	2536	13292	512	
FL	-71400	-71400	7	5	0	0	4	5	6	20	0	4066464	6075	4775	148	1925	4244	4632	2536	13292	512	
FL	-71600	-71600	5	6	0	0	5	6	6	22	0	4059939	6075	4775	148	1925	4244	4632	2536	13292	512	
FL	-71800	-71800	6	7	0	0	5	9	6	16	0	4052882	6075	4775	148	1925	4244	4632	2536	13292	512	
FL	-72000	-72000	7	7	0	0	5	11	5	14	0	4045234	6075	4775	148	1925	4244	4632	2536	13292	512	
FL	-72200	-72200	9	6	0	0	6	10	5	13	0	4039285	6075	4775	148	1925	4244	4632	2536	13292	512	
FL	-72400	-72400	9	11	0	0	6	10	5	12	0	4033850	6075	4775	148	1925	4244	4632	2536	13292	512	
FL	-72600	-72600	11	11	0	0	6	8	4	12	0	4028136	6075	4775	148	1925	4244	4632	2536	13292	512	
FL	-72800	-72800	11	11	0	0	5	5	3	11	0	4021774	6075	4775	148	1925	4244	4632	2536	13292	512	
FL	-73000	-73000	11	9	0	0	4	5	3	12	0	4016251	6075	4775	148	1925	4244	4632	2536	13292	512	
FL	-73200	-73200	13	8	0	1	4	7	3	12	0	4011325	6075	4775	148	1925	4244	4632	2536	13292	512	
FL	-73400	-73400	14	7	0	2	3	6	5	13	0	4006531	6075	4775	148	1925	4244	4632	2536	13292	512	
FL	-73600	-73600	13	6	0	3	6	8	5	12	0	4001654	6075	4775	148	1925	4244	4632	2536	13292	512	
FL	-73800	-73800	10	7	0	2	5	6	5	15	0	3996188	6075	4775	148	1925	4244	4632	2536	13292	512	
FL	-74000	-74000	10	9	0	2	5	7	3	12	0	3989846	6075	4775	148	1925	4244	4632	2536	13292	512	
FL	-74200	-74200	16	8	0	3	6	6	3	12	0	3983553	6075	4775	148	1925	4244	4632	2536	13292	512	
FL	-74400	-74400	16	10	0	3	3	4	2	11	0	3977586	6075	4775	148	1925	4244	4632	2536	13292	512	
FL	-74600	-74600	14	11	0	3	3	6	2	10	0	3971883	6075	4775	148	1925	4244	4632	2536	13292	512	
FL	-74800	-74800	10	11	0	4	2	8	2	11	0	3965265	6075	4775	148	1925	4244	4632	2536	13292	512	
FL	-75000	-75000	8	11	1	2	4	9	2	11	0	3958082	6075	4775	148	1925	4244	4632	2536	13292	512	
FL	-75200	-75200	6	9	1	2	3	9	2	10	0	3950202	6075	4775	148	1925	4244	4632	2536	13292	512	
FL	-75400	-75400	9	8	1	1	3	11	3	11	0	3943346	6075	4775	148	1925	4244	4632	2536	13292	512	
FL	-75600	-75600	9	7	1	2	3	10	3	9	0	3936855	6075	4775	148	1925	4244	4632	2536	13292	512	
FL	-75800	-75800	7	6	1	2	3	10	2	10	0	3929588	6075	4775	148	1925	4244	4632	2536	13292	512	
FL	-76000	-76000	9	8	1	1	3	7	1	8	1	3921574	6075	4775	148	1925	4244	4632	2536	13292	512	
FL	-76200	-76200	9	7	1	1	3	7	2	8	1	3914175	6075	4775	148	1925	4244	4632	2536	13292	512	
FL	-76400	-76400	8	5	1	1	4	9	0	6	1	3907105	6075	4775	148	1925	4244	4632	2536	13292	512	
FL	-76600	-76600	6	7	1	1	2	9	0	4	1	3900558	6075	4775	148	1925	4244	4632	2536	13292	512	
FL	-76800	-76800	7	7	1	1	1	5	0	2	2	3894763	6075	4775	148	1925	4244	4632	2536	13292	512	
FL	-77000	-77000	8	7	1	2	1	5	0	8	3	3889569	6075	4775	148	1925	4244	4632	2536	13292	512	
FL	-77200	-77200	10	8	1	2	1	5	2	7	3	3884182	6075	4775	148	1925	4244	4632	2536	13292	512	
FL	-77400	-77400	10	5	0	2	2	5	2	6	3	3878609	6075	4775	148	1925	4244	4632	2536	13292	512	
FL	-77600	-77600	7	6	0	1	1	5	1	5	2	3873187	6075	4775	148	1925	4244	4632	2536	13292	512	
FL	-77800	-77800	7	7	0	1	1	4	2	3	1	3867589	6075	4775	148	1925	4244	4632	2536	13292	512	
FL	-78000	-78000	9	6	0	1	1	4	2	4	0	3860452	6075	4775	148	1925	4244	4632	2536	13292	512	
FL	-78200	-78200	8	6	0	1	1	4	2	8	0	3853333	6075	4775	148	1925	4244	4632	2536	13292	512	
FL	-78400	-78400	9	5	0	1	2	6	2	9	0	3846321	6075	4775	148	1925	4244	4632	2536	13292	512	
FL	-78600	-78600	3	6	0	2	2	6	2	10	0	3839607	6075	4775	148	1925	4244	4632	2536	13292	512	
FL	-78800	-78800	3	4	1	2	1	11	2	8	0	3833690	6075	4775	148	1925	4244	4632	2536	13292	512	
FL	-79000	-79000	7	3	1	2	0	10	2	6	0	3826975	6075	4775	148	1925	4244	4632	2536	13292	512	
FL	-79200	-79200	5	4	1	2	0	8	3	6	0	3820108	6075	4775	148	1925	4244	4632	2536	13292	512	
FL	-79400	-79400	8	4	1	1	0	10	5	7	0	3813473	6075	4775	148	1925	4244	4632	2536	13292	512	
FL	-79600	-79600	5	5	1	2	0	7	6	7	0	3807125	6075	4775	148	1925	4244	4632	2536	13292	512	
FL	-79800	-79800	7	4	1	2	0	7	7	8	0	3800081	6075	4775	148	1925	4244	4632	2536	13292	512	
FL	-80000	-80000	8	6	0	2	1	5	8	9	0	3792610	6075	4775	148	1925	4244	4632	2536	13292	512	
FL	-80200	-80200	9	5	0	2	1	5	5	8	0	3785048	6075	4775	148	1925	4244	4632	2536	13292	512	
FL	-80400	-80400	8	4	0	3	1	7	5	9	0	3778449	6075	4775	148	1925	4244	4632	2536	13292	512	
FL	-80600	-80600	7	5	0	2	2	6	5	9	0	3772510	6075	4775	148	1925	4244	4632	2536	13292	512	
FL	-80800	-80800	8	8	0	2	3	6	4	7	0	3767550	6075	4775	148	1925	4244	4632	2536	13292	512	
FL	-81000	-81000	6	8	0	2	3	6	5	5	0	3762492	6075	4775	148	1925	4244	4632	2536	13292	512	
FL	-81200	-81200	5	8	0	2	3	6	6	6	1	3757486	6075	4775	148	1925	4244	4632	2536	13292	512	
FL	-81400	-81400	5	8	0	1	4	7	7	6	2	3751833	6075	4775	148	1925	4244	4632	2536	13292	512	
FL	-81600	-81600	5	8	0	0	3	5	6	8	1	3747011	6075	4775	148	1925	4244	4632	2536	13292	512	
FL	-81800	-81800	4	8	0	0	4	3	5	8	0	3742515	6075	4775	148	1925	4244	4632	2536	13292	512	
FL	-82000	-82000	7	7	0	0	3	3	6	8	0	3737868	6075	4775	148	1925	4244	4632	2536	13292	512	
FL	-82200	-82200	10	8	0	0	3	4	6	6	0	3732132	6075	4775	148	1925	4244	4632	2536	13292	512	
FL	-82400	-82400	12	6	0	1	4	2	5	8	0	3725629	6075	4775	148	1925	4244	4632	2536	13292	512	
FL	-82600	-82600	14	4	0	1	3	4	4	6	0	3719359	6075	4775	148	1925	4244	4632	2536	13292	512	
FL	-82800	-82800	13	5	0	1	2	5	4	6	0	3713078	6075	4775	148	1925	4244	4632	2536	13292	512	
FL	-83000	-83000	15	5	0	1	1	8	3	9	0	3706618	6075	4775	148	1925	4244	4632	2536	13292	512	
FL	-83200	-83200	12	4	0	1	1	7	3	8	0	3700401	6075	4775	148	1925	4244	4632	2536	13292	512	
FL	-83400	-83400	12	5	0	0	1	7	3	7	0	3694221	6075	4775	148	1925	4244	4632	2536	13292	512	
FL	-83600	-83600	12	4	0	0	1	9	3	7	0	3687522	6075	4775	148	1925	4244	4632	2536	13292	512	
FL	-83800	-83800	14	6	0	0	2	10	4	8	0	3680847	6075	4775	148	1925	4244	4632	2536	13292	512	
FL	-84000	-84000	14	5	0	0	3	13	4	8	0	3672537	6075	4775	148	1925	4244	4632	2536	13292	512	
FL	-84200	-84200	9	3	1	0	3	11	2	10	0	3666220	6075	4775	148	1925	4244	4632	2536	13292	512	
FL	-84400	-84400	8	4	1	1	4	12	2	12	0	3660711	6075	4775	148	1925	4244	4632	2536	13292	512	
FL	-84600	-84600	8	4	1	2	4	9	1	9	0	3655586	6075	4775	148	1925	4244	4632	2536	13292	512	
FL	-84800	-84800	7	4	1	2	5	10	1	8	0	3650518	6075	4775	148	1925	4244	4632	2536	13292	512	
FL	-85000	-85000	6	2	1	2	7	8	0	8	0	3645210	6075	4775	148	1925	4244	4632	2536	13292	512	
FL	-85200	-85200	4	1	1	2	6	7	0	7	0	3639870	6075	4775	148	1925	4244	4632	2536	13292	512	
FL	-85400	-85400	6	3	0	1	4	8	0	8	0	3633851	6075	4775	148	1925	4244	4632	2536	13292	512	
FL	-85600	-85600	9	3	0	0	3	8	0	9	1	3627635	6075	4775	148	1925	4244	4632	2536	13292	512	
FL	-85800	-85800	8	2	0	0	4	8	0	9	1	3621555	6075	4775	148	1925	4244	4632	2536	13292	512	
FL	-86000	-86000	6	3	0	0	3	7	0	7	0	3614783	6075	4775	148	1925	4244	4632	2536	13292	512	
FL	-86200	-86200	6	4	0	0	2	5	1	6	0	3608093	6075	4775	148	1925	4244	4632	2536	13292	512	
FL	-86400	-86400	5	6	0	0	4	5	2	10	0	3601912	6075	4775	148	1925	4244	4632	2536	13292	512	
FL	-86600	-86600	4	6	0	0	4	4	1	12	0	3595746	6075	4775	148	1925	4244	4632	2536	13292	512	
FL	-86800	-86800	6	7	0	0	5	4	1	14	1	3590309	6075	4775	148	1925	4244	4632	2536	13292	512	
FL	-87000	-87000	5	7	0	0	5	5	0	15	1	3585406	6075	4775	148	1925	4244	4632	2536	13292	512	
FL	-87200	-87200	5	7	0	1	5	6	0	14	1	3580258	6075	4775	148	1925	4244	4632	2536	13292	512	
FL	-87400	-87400	8	7	0	1	4	4	0	16	1	3574780	6075	4775	148	1925	4244	4632	2536	13292	512	
FL	-87600	-87600	9	8	0	1	3	1	2	14	1	3569043	6075	4775	148	1925	4244	4632	2536	13292	512	
FL	-87800	-87800	8	8	0	2	2	4	3	14	0	3562369	6075	4775	148	1925	4244	4632	2536	13292	512	
FL	-88000	-88000	8	11	0	3	2	4	3	11	0	3556030	6075	4775	148	1925	4244	4632	2536	13292	512	
FL	-88200	-88200	7	11	0	2	1	4	2	13	0	3549554	6075	4775	148	1925	4244	4632	2536	13292	512	
FL	-88400	-88400	8	9	0	2	2	6	2	14	0	3543697	6075	4775	148	1925	4244	4632	2536	13292	512	
FL	-88600	-88600	8	9	0	1	2	6	2	16	0	3538635	6075	4775	148	1925	4244	4632	2536	13292	512	
FL	-88800	-88800	10	10	0	1	2	7	4	10	1	3534089	6075	4775	148	1925	4244	4632	2536	13292	512	
FL	-89000	-89000	9	10	0	1	1	8	4	7	1	3529658	6075	4775	148	1925	4244	4632	2536	13292	512	
FL	-89200	-89200	9	10	0	1	1	9	3	7	1	3524684	6075	4775	148	1925	4244	4632	2536	13292	512	
FL	-89400	-89400	12	11	0	1	0	8	3	8	1	3519323	6075	4775	148	1925	4244	4632	2536	13292	512	
FL	-89600	-89600	13	11	0	1	0	8	2	8	1	3513222	6075	4775	148	1925	4244	4632	2536	13292	512	
FL	-89800	-89800	13	10	0	1	0	10	1	7	1	3507269	6075	4775	148	1925	4244	4632	2536	13292	512	
FL	-90000	-90000	13	9	0	1	0	10	2	8	1	3501827	6075	4775	148	1925	4244	4632	2536	13292	512	
FL	-90200	-90200	10	9	0	1	0	8	1	10	1	3496491	6075	4775	148	1925	4244	4632	2536	13292	512	
FL	-90400	-90400	8	7	0	1	0	6	2	13	1	3491054	6075	4775	148	1925	4244	4632	2536	13292	512	
FL	-90600	-90600	5	5	0	1	1	5	2	13	1	3485681	6075	4775	148	1925	4244	4632	2536	13292	512	
FL	-90800	-90800	5	5	0	1	1	4	2	14	1	3480745	6075	4775	148	1925	4244	4632	2536	13292	512	
FL	-91000	-91000	7	6	0	0	2	4	0	15	1	3475543	6075	4775	148	1925	4244	4632	2536	13292	512	
FL	-91200	-91200	7	6	0	0	2	4	0	17	1	3470275	6075	4775	148	1925	4244	4632	2536	13292	512	
FL	-91400	-91400	6	5	0	0	3	7	0	16	0	3465292	6075	4775	148	1925	4244	4632	2536	13292	512	
FL	-91600	-91600	6	5	0	0	3	6	0	16	0	3459830	6075	4775	148	1925	4244	4632	2536	13292	512	
FL	-91800	-91800	5	5	0	0	4	6	1	15	0	3455033	6075	4775	148	1925	4244	4632	2536	13292	512	
FL	-92000	-92000	4	7	0	0	4	6	0	11	0	3450082	6075	4775	148	1925	4244	4632	2536	13292	512	
FL	-92200	-92200	5	7	0	0	3	8	0	9	1	3445757	6075	4775	148	1925	4244	4632	2536	13292	512	
FL	-92400	-92400	4	8	0	0	2	7	0	10	1	3441449	6075	4775	148	1925	4244	4632	2536	13292	512	
FL	-92600	-92600	4	5	0	0	2	7	0	8	1	3437590	6075	4775	148	1925	4244	4632	2536	13292	512	
FL	-92800	-92800	5	3	0	0	3	7	2	9	1	3433459	6075	4775	148	1925	4244	4632	2536	13292	512	
FL	-93000	-93000	5	3	0	0	3	5	2	9	1	3428729	6075	4775	148	1925	4244	4632	2536	13292	512	
FL	-93200	-93200	4	4	0	0	1	5	2	12	0	3423755	6075	4775	148	1925	4244	4632	2536	13292	512	
FL	-93400	-93400	5	4	0	0	2	4	2	14	0	3418768	6075	4775	148	1925	4244	4632	2536	13292	512	
FL	-93600	-93600	6	4	0	0	2	3	2	14	0	3414280	6075	4775	148	1925	4244	4632	2536	13292	512	
FL	-93800	-93800	9	6	0	0	2	3	2	15	0	3410548	6075	4775	148	1925	4244	4632	2536	13292	512	
FL	-94000	-94000	9	7	0	0	2	2	1	13	0	3407034	6075	4775	148	1925	4244	4632	2536	13292	512	
FL	-94200	-94200	9	7	0	0	2	3	1	9	0	3403659	6075	4775	148	1925	4244	4632	2536	13292	512	
FL	-94400	-94400	6	3	0	0	2	4	0	10	0	3400588	6075	4775	148	1925	4244	4632	2536	13292	512	
FL	-94600	-94600	6	4	0	0	3	4	2	13	0	3397226	6075	4775	148	1925	4244	4632	2536	13292	512	
FL	-94800	-94800	6	5	0	2	3	5	2	13	0	3393703	6075	4775	148	1925	4244	4632	2536	13292	512	
FL	-95000	-95000	6	6	0	2	3	6	2	16	0	3389846	6075	4775	148	1925	4244	4632	2536	13292	512	
FL	-95200	-95200	6	5	0	3	3	5	2	16	0	3385865	6075	4775	148	1925	4244	4632	2536	13292	512	
FL	-95400	-95400	5	6	0	3	2	3	2	16	0	3381728	6075	4775	148	1925	4244	4632	2536	13292	512	
FL	-95600	-95600	6	4	0	3	2	3	2	15	0	3377916	6075	4775	148	1925	4244	4632	2536	13292	512	
FL	-95800	-95800	7	4	0	2	1	3	4	15	0	3373573	6075	4775	148	1925	4244	4632	2536	13292	512	
FL	-96000	-96000	8	4	0	2	0	3	3	16	0	3369176	6075	4775	148	1925	4244	4632	2536	13292	512	
FL	-96200	-96200	7	4	0	2	0	3	2	15	0	3364953	6075	4775	148	1925	4244	4632	2536	13292	512	
FL	-96400	-96400	7	4	0	1	1	5	2	17	0	3360069	6075	4775	148	1925	4244	4632	2536	13292	512	
FL	-96600	-96600	6	6	0	1	1	5	1	16	0	3354742	6075	4775	148	1925	4244	4632	2536	13292	512	
FL	-96800	-96800	9	7	0	1	1	7	1	15	0	3349541	6075	4775	148	1925	4244	4632	2536	13292	512	
FL	-97000	-97000	8	4	0	1	1	7	1	17	0	3344431	6075	4775	148	1925	4244	4632	2536	13292	512	
FL	-97200	-97200	9	5	1	1	1	7	2	14	0	3339034	6075	4775	148	1925	4244	4632	2536	13292	512	
FL	-97400	-97400	11	5	1	1	0	5	1	12	0	3333445	6075	4775	148	1925	4244	4632	2536	13292	512	
FL	-97600	-97600	8	5	1	0	1	5	2	10	0	3327374	6075	4775	148	1925	4244	4632	2536	13292	512	
FL	-97800	-97800	9	7	1	0	2	6	1	7	0	3321936	6075	4775	148	1925	4244	4632	2536	13292	512	
FL	-98000	-98000	9	6	1	0	2	7	1	8	0	3316799	6075	4775	148	1925	4244	4632	2536	13292	512	
FL	-98200	-98200	9	7	1	0	2	7	1	10	1	3311912	6075	4775	148	1925	4244	4632	2536	13292	512	
FL	-98400	-98400	10	7	1	0	1	8	2	8	1	3306627	6075	4775	148	1925	4244	4632	2536	13292	512	
FL	-98600	-98600	10	6	1	0	1	8	2	9	1	3300898	6075	4775	148	1925	4244	4632	2536	13292	512	
FL	-98800	-98800	11	6	1	0	2	6	3	5	1	3295519	6075	4775	148	1925	4244	4632	2536	13292	512	
FL	-99000	-99000	9	5	1	1	2	5	1	6	0	3290414	6075	4775	148	1925	4244	4632	2536	13292	512	
FL	-99200	-99200	10	5	1	1	3	7	2	8	0	3285273	6075	4775	148	1925	4244	4632	2536	13292	512	
FL	-99400	-99400	11	5	1	1	3	8	1	10	0	3279857	6075	4775	148	1925	4244	4632	2536	13292	512	
FL	-99600	-99600	12	7	0	1	1	8	4	10	0	3274064	6075	4775	148	1925	4244	4632	2536	13292	512	
FL	-99800	-99800	10	10	0	1	1	5	4	9	0	3267617	6075	4775	148	1925	4244	4632	2536	13292	512	
FL	-100000	-100000	9	9	0	1	1	5	3	7	0	3260526	6075	4775	148	1925	4244	4632	2536	13292	512	
