DHL	0	0	58	176	13	58	148	122	124	0	40	38977462	1810	2357	1241	2216	9263	7013	7501	5032	
DHL	-200	-200	65	181	13	50	153	120	131	0	37	38782843	1810	2357	1241	2216	9263	7013	7501	5032	
DHL	-400	-400	66	176	12	53	142	116	118	0	34	38230700	1810	2357	1241	2216	9263	7013	7501	5032	
DHL	-600	-600	63	175	14	51	132	109	125	0	32	37422383	1810	2357	1241	2216	9263	7013	7501	5032	
DHL	-800	-800	72	176	15	56	123	120	118	0	27	36430008	1810	2357	1241	2216	9263	7013	7501	5032	
DHL	-1000	-1000	69	164	17	58	122	105	119	0	30	35311950	1810	2357	1241	2216	9263	7013	7501	5032	
DHL	-1200	-1200	68	172	15	55	110	111	118	0	29	34123753	1810	2357	1241	2216	9263	7013	7501	5032	
DHL	-1400	-1400	69	175	17	60	96	134	112	0	29	32911054	1810	2357	1241	2216	9263	7013	7501	5032	
DHL	-1600	-1600	72	180	16	71	97	136	111	0	27	31720468	1810	2357	1241	2216	9263	7013	7501	5032	
DHL	-1800	-1800	80	176	15	64	102	133	104	0	31	30567065	1810	2357	1241	2216	9263	7013	7501	5032	
DHL	-2000	-2000	74	180	14	64	99	130	102	0	31	29449932	1810	2357	1241	2216	9263	7013	7501	5032	
DHL	-2200	-2200	76	188	15	73	105	127	101	0	32	28390788	1810	2357	1241	2216	9263	7013	7501	5032	
DHL	-2400	-2400	76	188	17	73	108	128	103	0	34	27389667	1810	2357	1241	2216	9263	7013	7501	5032	
DHL	-2600	-2600	70	193	19	66	106	130	95	0	29	26451579	1810	2357	1241	2216	9263	7013	7501	5032	
DHL	-2800	-2800	62	187	20	72	97	123	86	0	29	25565465	1810	2357	1241	2216	9263	7013	7501	5032	
DHL	-3000	-3000	55	168	16	65	89	116	85	0	23	24728746	1810	2357	1241	2216	9263	7013	7501	5032	
DHL	-3200	-3200	57	178	13	57	86	110	91	0	23	23948097	1810	2357	1241	2216	9263	7013	7501	5032	
DHL	-3400	-3400	53	160	14	50	95	120	87	0	23	23219369	1810	2357	1241	2216	9263	7013	7501	5032	
DHL	-3600	-3600	51	151	12	47	101	112	92	0	18	22539136	1810	2357	1241	2216	9263	7013	7501	5032	
DHL	-3800	-3800	49	123	8	43	93	107	87	0	20	21894847	1810	2357	1241	2216	9263	7013	7501	5032	
DHL	-4000	-4000	51	116	9	39	90	105	84	0	20	21291745	1810	2357	1241	2216	9263	7013	7501	5032	
DHL	-4200	-4200	60	116	7	38	93	95	85	0	22	20724760	1810	2357	1241	2216	9263	7013	7501	5032	
DHL	-4400	-4400	67	113	7	33	90	94	87	0	21	20186358	1810	2357	1241	2216	9263	7013	7501	5032	
DHL	-4600	-4600	62	100	7	33	88	90	90	0	19	19678857	1810	2357	1241	2216	9263	7013	7501	5032	
DHL	-4800	-4800	63	90	6	36	97	85	98	0	19	19196810	1810	2357	1241	2216	9263	7013	7501	5032	
DHL	-5000	-5000	61	88	6	42	100	88	96	0	20	18740608	1810	2357	1241	2216	9263	7013	7501	5032	
DHL	-5200	-5200	59	85	6	38	102	89	91	0	19	18310016	1810	2357	1241	2216	9263	7013	7501	5032	
DHL	-5400	-5400	59	82	5	38	97	87	79	0	18	17902290	1810	2357	1241	2216	9263	7013	7501	5032	
DHL	-5600	-5600	54	82	5	37	91	72	66	0	18	17511652	1810	2357	1241	2216	9263	7013	7501	5032	
DHL	-5800	-5800	49	77	6	36	91	63	65	0	19	17141670	1810	2357	1241	2216	9263	7013	7501	5032	
DHL	-6000	-6000	44	73	6	33	81	61	64	0	23	16789984	1810	2357	1241	2216	9263	7013	7501	5032	
DHL	-6200	-6200	43	74	8	38	83	60	64	0	23	16458944	1810	2357	1241	2216	9263	7013	7501	5032	
DHL	-6400	-6400	35	76	7	38	80	51	62	0	22	16144588	1810	2357	1241	2216	9263	7013	7501	5032	
DHL	-6600	-6600	34	80	6	34	74	48	60	0	21	15844204	1810	2357	1241	2216	9263	7013	7501	5032	
DHL	-6800	-6800	36	81	6	34	68	46	61	0	24	15559724	1810	2357	1241	2216	9263	7013	7501	5032	
DHL	-7000	-7000	37	76	7	35	64	43	59	0	23	15290748	1810	2357	1241	2216	9263	7013	7501	5032	
DHL	-7200	-7200	33	82	6	33	65	47	59	0	21	15035468	1810	2357	1241	2216	9263	7013	7501	5032	
DHL	-7400	-7400	36	79	6	34	52	45	57	0	19	14789707	1810	2357	1241	2216	9263	7013	7501	5032	
DHL	-7600	-7600	36	73	5	35	50	50	61	0	20	14558098	1810	2357	1241	2216	9263	7013	7501	5032	
DHL	-7800	-7800	30	80	5	35	56	48	59	0	20	14342659	1810	2357	1241	2216	9263	7013	7501	5032	
DHL	-8000	-8000	27	82	3	39	54	51	62	0	18	14137327	1810	2357	1241	2216	9263	7013	7501	5032	
DHL	-8200	-8200	23	71	4	39	54	40	68	0	14	13939515	1810	2357	1241	2216	9263	7013	7501	5032	
DHL	-8400	-8400	23	67	2	37	49	44	67	0	15	13749155	1810	2357	1241	2216	9263	7013	7501	5032	
DHL	-8600	-8600	25	65	3	33	47	40	62	0	15	13566729	1810	2357	1241	2216	9263	7013	7501	5032	
DHL	-8800	-8800	24	58	2	34	45	37	59	0	14	13392348	1810	2357	1241	2216	9263	7013	7501	5032	
DHL	-9000	-9000	17	58	1	33	45	34	59	0	13	13224447	1810	2357	1241	2216	9263	7013	7501	5032	
DHL	-9200	-9200	20	57	2	32	42	34	53	0	12	13064595	1810	2357	1241	2216	9263	7013	7501	5032	
DHL	-9400	-9400	16	57	1	28	32	30	46	0	13	12908841	1810	2357	1241	2216	9263	7013	7501	5032	
DHL	-9600	-9600	13	60	1	28	30	33	44	0	15	12761211	1810	2357	1241	2216	9263	7013	7501	5032	
DHL	-9800	-9800	11	60	2	27	28	34	43	0	18	12620481	1810	2357	1241	2216	9263	7013	7501	5032	
DHL	-10000	-10000	8	62	2	27	30	26	41	0	18	12484292	1810	2357	1241	2216	9263	7013	7501	5032	
DHL	-10200	-10200	9	59	4	25	26	23	41	0	17	12350541	1810	2357	1241	2216	9263	7013	7501	5032	
DHL	-10400	-10400	9	60	5	25	28	27	39	0	19	12222467	1810	2357	1241	2216	9263	7013	7501	5032	
DHL	-10600	-10600	10	60	4	27	27	23	39	0	18	12102002	1810	2357	1241	2216	9263	7013	7501	5032	
DHL	-10800	-10800	9	57	4	25	24	19	39	0	18	11986076	1810	2357	1241	2216	9263	7013	7501	5032	
DHL	-11000	-11000	11	57	3	27	25	19	37	0	17	11871399	1810	2357	1241	2216	9263	7013	7501	5032	
DHL	-11200	-11200	11	50	3	28	23	20	35	0	15	11757306	1810	2357	1241	2216	9263	7013	7501	5032	
DHL	-11400	-11400	15	47	5	25	24	24	35	0	14	11645499	1810	2357	1241	2216	9263	7013	7501	5032	
DHL	-11600	-11600	14	43	7	23	25	28	35	0	19	11537910	1810	2357	1241	2216	9263	7013	7501	5032	
DHL	-11800	-11800	15	44	7	23	27	26	35	0	20	11435699	1810	2357	1241	2216	9263	7013	7501	5032	
DHL	-12000	-12000	16	42	7	22	25	22	34	0	18	11337321	1810	2357	1241	2216	9263	7013	7501	5032	
DHL	-12200	-12200	14	42	6	21	24	21	39	0	17	11238039	1810	2357	1241	2216	9263	7013	7501	5032	
DHL	-12400	-12400	14	45	5	20	22	19	38	0	16	11140493	1810	2357	1241	2216	9263	7013	7501	5032	
DHL	-12600	-12600	12	44	4	21	24	21	38	0	17	11047283	1810	2357	1241	2216	9263	7013	7501	5032	
DHL	-12800	-12800	13	41	4	19	29	19	35	0	15	10958679	1810	2357	1241	2216	9263	7013	7501	5032	
DHL	-13000	-13000	13	41	2	20	31	21	35	0	15	10875592	1810	2357	1241	2216	9263	7013	7501	5032	
DHL	-13200	-13200	11	40	1	18	31	22	40	0	13	10792708	1810	2357	1241	2216	9263	7013	7501	5032	
DHL	-13400	-13400	10	40	2	20	29	27	37	0	12	10709066	1810	2357	1241	2216	9263	7013	7501	5032	
DHL	-13600	-13600	11	38	2	19	30	30	37	0	12	10626841	1810	2357	1241	2216	9263	7013	7501	5032	
DHL	-13800	-13800	14	40	3	21	28	27	43	0	13	10545047	1810	2357	1241	2216	9263	7013	7501	5032	
DHL	-14000	-14000	16	37	2	21	25	26	41	0	13	10465181	1810	2357	1241	2216	9263	7013	7501	5032	
DHL	-14200	-14200	17	40	2	22	25	27	41	0	11	10387579	1810	2357	1241	2216	9263	7013	7501	5032	
DHL	-14400	-14400	17	40	1	23	23	29	41	0	11	10313753	1810	2357	1241	2216	9263	7013	7501	5032	
DHL	-14600	-14600	18	42	1	20	23	31	38	0	10	10241803	1810	2357	1241	2216	9263	7013	7501	5032	
DHL	-14800	-14800	17	39	2	22	22	30	38	0	11	10172566	1810	2357	1241	2216	9263	7013	7501	5032	
DHL	-15000	-15000	18	38	2	21	22	27	39	0	12	10105945	1810	2357	1241	2216	9263	7013	7501	5032	
DHL	-15200	-15200	15	37	2	20	25	27	37	0	10	10042215	1810	2357	1241	2216	9263	7013	7501	5032	
DHL	-15400	-15400	15	39	2	19	26	29	43	0	10	9978872	1810	2357	1241	2216	9263	7013	7501	5032	
DHL	-15600	-15600	11	39	3	17	29	30	40	0	14	9914844	1810	2357	1241	2216	9263	7013	7501	5032	
DHL	-15800	-15800	9	38	2	17	28	27	37	0	14	9850836	1810	2357	1241	2216	9263	7013	7501	5032	
DHL	-16000	-16000	10	37	2	17	27	24	35	0	14	9787921	1810	2357	1241	2216	9263	7013	7501	5032	
DHL	-16200	-16200	10	35	3	17	27	23	37	0	11	9725946	1810	2357	1241	2216	9263	7013	7501	5032	
DHL	-16400	-16400	8	34	4	17	23	20	38	0	11	9665266	1810	2357	1241	2216	9263	7013	7501	5032	
DHL	-16600	-16600	8	30	4	18	24	18	37	0	9	9605446	1810	2357	1241	2216	9263	7013	7501	5032	
DHL	-16800	-16800	7	31	4	19	28	20	37	0	7	9548217	1810	2357	1241	2216	9263	7013	7501	5032	
DHL	-17000	-17000	10	31	4	18	27	21	38	0	8	9494461	1810	2357	1241	2216	9263	7013	7501	5032	
DHL	-17200	-17200	8	33	3	17	25	20	35	0	8	9441738	1810	2357	1241	2216	9263	7013	7501	5032	
DHL	-17400	-17400	10	32	2	15	26	24	37	0	10	9388067	1810	2357	1241	2216	9263	7013	7501	5032	
DHL	-17600	-17600	13	31	3	14	34	24	34	0	12	9335323	1810	2357	1241	2216	9263	7013	7501	5032	
DHL	-17800	-17800	11	24	3	15	35	30	37	0	10	9283559	1810	2357	1241	2216	9263	7013	7501	5032	
DHL	-18000	-18000	10	23	3	16	31	28	29	0	9	9233444	1810	2357	1241	2216	9263	7013	7501	5032	
DHL	-18200	-18200	10	27	2	13	37	24	29	0	13	9183469	1810	2357	1241	2216	9263	7013	7501	5032	
DHL	-18400	-18400	5	31	3	13	37	27	30	0	13	9134229	1810	2357	1241	2216	9263	7013	7501	5032	
DHL	-18600	-18600	5	29	2	16	30	27	30	0	12	9086833	1810	2357	1241	2216	9263	7013	7501	5032	
DHL	-18800	-18800	4	27	2	15	30	28	37	0	9	9039768	1810	2357	1241	2216	9263	7013	7501	5032	
DHL	-19000	-19000	4	25	3	14	33	26	39	0	9	8992072	1810	2357	1241	2216	9263	7013	7501	5032	
DHL	-19200	-19200	5	27	3	15	34	21	37	0	10	8943293	1810	2357	1241	2216	9263	7013	7501	5032	
DHL	-19400	-19400	6	24	2	15	39	22	38	0	10	8894772	1810	2357	1241	2216	9263	7013	7501	5032	
DHL	-19600	-19600	6	26	2	12	44	21	35	0	9	8845981	1810	2357	1241	2216	9263	7013	7501	5032	
DHL	-19800	-19800	7	28	2	12	44	27	33	0	7	8797750	1810	2357	1241	2216	9263	7013	7501	5032	
DHL	-20000	-20000	8	32	4	13	48	25	30	0	10	8750800	1810	2357	1241	2216	9263	7013	7501	5032	
DHL	-20200	-20200	9	34	3	12	51	26	31	0	8	8702672	1810	2357	1241	2216	9263	7013	7501	5032	
DHL	-20400	-20400	9	35	3	13	51	28	31	0	10	8651261	1810	2357	1241	2216	9263	7013	7501	5032	
DHL	-20600	-20600	10	30	2	12	50	32	32	0	9	8601789	1810	2357	1241	2216	9263	7013	7501	5032	
DHL	-20800	-20800	13	23	2	14	46	32	33	0	10	8553529	1810	2357	1241	2216	9263	7013	7501	5032	
DHL	-21000	-21000	9	25	2	16	42	24	34	0	10	8505257	1810	2357	1241	2216	9263	7013	7501	5032	
DHL	-21200	-21200	8	28	2	16	36	24	35	0	8	8458205	1810	2357	1241	2216	9263	7013	7501	5032	
DHL	-21400	-21400	4	27	3	16	31	23	34	0	9	8412966	1810	2357	1241	2216	9263	7013	7501	5032	
DHL	-21600	-21600	4	25	1	13	22	19	35	0	9	8368626	1810	2357	1241	2216	9263	7013	7501	5032	
DHL	-21800	-21800	3	23	1	13	22	13	34	0	9	8326352	1810	2357	1241	2216	9263	7013	7501	5032	
DHL	-22000	-22000	3	23	0	13	14	13	36	0	9	8285345	1810	2357	1241	2216	9263	7013	7501	5032	
DHL	-22200	-22200	3	21	0	13	16	12	37	0	9	8244276	1810	2357	1241	2216	9263	7013	7501	5032	
DHL	-22400	-22400	4	22	0	14	15	11	37	0	11	8205119	1810	2357	1241	2216	9263	7013	7501	5032	
DHL	-22600	-22600	4	21	0	17	11	13	37	0	12	8166795	1810	2357	1241	2216	9263	7013	7501	5032	
DHL	-22800	-22800	4	22	0	17	13	13	40	0	10	8128588	1810	2357	1241	2216	9263	7013	7501	5032	
DHL	-23000	-23000	5	22	0	18	10	11	37	0	7	8089446	1810	2357	1241	2216	9263	7013	7501	5032	
DHL	-23200	-23200	5	20	0	17	8	11	36	0	7	8053938	1810	2357	1241	2216	9263	7013	7501	5032	
DHL	-23400	-23400	7	19	0	17	10	9	36	0	7	8018239	1810	2357	1241	2216	9263	7013	7501	5032	
DHL	-23600	-23600	4	18	0	15	12	12	35	0	8	7983315	1810	2357	1241	2216	9263	7013	7501	5032	
DHL	-23800	-23800	4	17	0	14	10	12	29	0	10	7947257	1810	2357	1241	2216	9263	7013	7501	5032	
DHL	-24000	-24000	4	17	1	8	13	16	28	0	9	7909893	1810	2357	1241	2216	9263	7013	7501	5032	
DHL	-24200	-24200	5	16	1	6	11	18	25	0	8	7873342	1810	2357	1241	2216	9263	7013	7501	5032	
DHL	-24400	-24400	5	15	2	8	10	14	26	0	6	7836876	1810	2357	1241	2216	9263	7013	7501	5032	
DHL	-24600	-24600	5	14	4	4	9	13	26	0	5	7801902	1810	2357	1241	2216	9263	7013	7501	5032	
DHL	-24800	-24800	4	16	3	5	14	13	28	0	3	7766653	1810	2357	1241	2216	9263	7013	7501	5032	
DHL	-25000	-25000	4	12	3	6	16	16	22	0	5	7730935	1810	2357	1241	2216	9263	7013	7501	5032	
DHL	-25200	-25200	5	9	3	4	15	17	18	0	5	7693589	1810	2357	1241	2216	9263	7013	7501	5032	
DHL	-25400	-25400	4	10	1	4	16	15	19	0	6	7657897	1810	2357	1241	2216	9263	7013	7501	5032	
DHL	-25600	-25600	4	14	1	5	16	14	13	0	7	7623517	1810	2357	1241	2216	9263	7013	7501	5032	
DHL	-25800	-25800	1	17	2	5	17	14	13	0	8	7589791	1810	2357	1241	2216	9263	7013	7501	5032	
DHL	-26000	-26000	2	16	1	8	15	15	10	0	6	7556774	1810	2357	1241	2216	9263	7013	7501	5032	
DHL	-26200	-26200	2	15	3	8	14	16	11	0	7	7524900	1810	2357	1241	2216	9263	7013	7501	5032	
DHL	-26400	-26400	1	16	2	10	14	19	12	0	6	7495171	1810	2357	1241	2216	9263	7013	7501	5032	
DHL	-26600	-26600	1	16	3	10	15	17	14	0	6	7466983	1810	2357	1241	2216	9263	7013	7501	5032	
DHL	-26800	-26800	2	16	2	10	10	13	16	0	5	7439320	1810	2357	1241	2216	9263	7013	7501	5032	
DHL	-27000	-27000	2	19	2	11	11	14	13	0	5	7410496	1810	2357	1241	2216	9263	7013	7501	5032	
DHL	-27200	-27200	3	20	2	13	16	17	10	0	5	7382284	1810	2357	1241	2216	9263	7013	7501	5032	
DHL	-27400	-27400	3	18	2	12	18	20	19	0	5	7352893	1810	2357	1241	2216	9263	7013	7501	5032	
DHL	-27600	-27600	4	12	1	12	18	21	17	0	9	7322783	1810	2357	1241	2216	9263	7013	7501	5032	
DHL	-27800	-27800	6	13	1	14	18	23	16	0	9	7292557	1810	2357	1241	2216	9263	7013	7501	5032	
DHL	-28000	-28000	6	10	3	13	17	23	16	0	9	7263204	1810	2357	1241	2216	9263	7013	7501	5032	
DHL	-28200	-28200	6	9	4	10	16	21	21	0	9	7233155	1810	2357	1241	2216	9263	7013	7501	5032	
DHL	-28400	-28400	8	11	3	8	13	13	12	0	8	7202507	1810	2357	1241	2216	9263	7013	7501	5032	
DHL	-28600	-28600	8	10	3	8	11	14	11	0	6	7171329	1810	2357	1241	2216	9263	7013	7501	5032	
DHL	-28800	-28800	7	10	3	6	9	13	10	0	4	7140651	1810	2357	1241	2216	9263	7013	7501	5032	
DHL	-29000	-29000	7	5	3	4	5	13	10	0	4	7111890	1810	2357	1241	2216	9263	7013	7501	5032	
DHL	-29200	-29200	7	4	3	3	6	13	9	0	5	7079897	1810	2357	1241	2216	9263	7013	7501	5032	
DHL	-29400	-29400	7	4	4	4	8	13	10	0	5	7050115	1810	2357	1241	2216	9263	7013	7501	5032	
DHL	-29600	-29600	7	5	4	5	10	18	11	0	5	7020676	1810	2357	1241	2216	9263	7013	7501	5032	
DHL	-29800	-29800	4	6	5	5	11	19	12	0	4	6991581	1810	2357	1241	2216	9263	7013	7501	5032	
DHL	-30000	-30000	4	8	4	3	9	19	13	0	5	6962667	1810	2357	1241	2216	9263	7013	7501	5032	
DHL	-30200	-30200	4	5	2	1	8	17	15	0	5	6933145	1810	2357	1241	2216	9263	7013	7501	5032	
DHL	-30400	-30400	5	4	2	2	9	18	11	0	5	6904757	1810	2357	1241	2216	9263	7013	7501	5032	
DHL	-30600	-30600	4	3	3	2	8	15	10	0	5	6875594	1810	2357	1241	2216	9263	7013	7501	5032	
DHL	-30800	-30800	3	8	4	2	7	11	11	0	7	6847193	1810	2357	1241	2216	9263	7013	7501	5032	
DHL	-31000	-31000	4	5	3	3	6	10	9	0	5	6819638	1810	2357	1241	2216	9263	7013	7501	5032	
DHL	-31200	-31200	3	6	4	2	6	10	10	0	7	6791908	1810	2357	1241	2216	9263	7013	7501	5032	
DHL	-31400	-31400	1	6	3	2	8	10	9	0	8	6765231	1810	2357	1241	2216	9263	7013	7501	5032	
DHL	-31600	-31600	1	4	4	3	12	13	14	0	10	6740427	1810	2357	1241	2216	9263	7013	7501	5032	
DHL	-31800	-31800	2	4	4	3	13	14	11	0	11	6717905	1810	2357	1241	2216	9263	7013	7501	5032	
DHL	-32000	-32000	3	4	6	3	13	13	8	0	10	6697118	1810	2357	1241	2216	9263	7013	7501	5032	
DHL	-32200	-32200	3	2	6	3	7	11	8	0	10	6674949	1810	2357	1241	2216	9263	7013	7501	5032	
DHL	-32400	-32400	3	2	4	3	8	13	8	0	6	6651277	1810	2357	1241	2216	9263	7013	7501	5032	
DHL	-32600	-32600	3	2	4	1	7	14	7	0	8	6626990	1810	2357	1241	2216	9263	7013	7501	5032	
DHL	-32800	-32800	3	4	5	1	7	13	7	0	7	6602504	1810	2357	1241	2216	9263	7013	7501	5032	
DHL	-33000	-33000	3	4	5	1	5	15	8	0	7	6577602	1810	2357	1241	2216	9263	7013	7501	5032	
DHL	-33200	-33200	3	5	2	0	6	16	6	0	7	6552889	1810	2357	1241	2216	9263	7013	7501	5032	
DHL	-33400	-33400	2	7	2	3	9	13	8	0	6	6530161	1810	2357	1241	2216	9263	7013	7501	5032	
DHL	-33600	-33600	2	6	2	4	11	11	6	0	8	6507429	1810	2357	1241	2216	9263	7013	7501	5032	
DHL	-33800	-33800	1	7	3	6	9	9	7	0	11	6485714	1810	2357	1241	2216	9263	7013	7501	5032	
DHL	-34000	-34000	1	7	3	5	11	9	6	0	12	6464859	1810	2357	1241	2216	9263	7013	7501	5032	
DHL	-34200	-34200	1	7	1	5	14	8	7	0	12	6442820	1810	2357	1241	2216	9263	7013	7501	5032	
DHL	-34400	-34400	3	6	0	5	17	7	5	0	12	6421128	1810	2357	1241	2216	9263	7013	7501	5032	
DHL	-34600	-34600	4	4	0	4	16	9	6	0	12	6399792	1810	2357	1241	2216	9263	7013	7501	5032	
DHL	-34800	-34800	4	5	1	4	15	10	6	0	11	6377702	1810	2357	1241	2216	9263	7013	7501	5032	
DHL	-35000	-35000	4	5	1	2	14	9	6	0	8	6354379	1810	2357	1241	2216	9263	7013	7501	5032	
DHL	-35200	-35200	5	5	1	2	14	9	6	0	7	6330986	1810	2357	1241	2216	9263	7013	7501	5032	
DHL	-35400	-35400	6	4	2	5	14	6	8	0	8	6307046	1810	2357	1241	2216	9263	7013	7501	5032	
DHL	-35600	-35600	6	3	1	6	10	8	9	0	10	6282672	1810	2357	1241	2216	9263	7013	7501	5032	
DHL	-35800	-35800	6	3	1	6	10	11	11	0	9	6260918	1810	2357	1241	2216	9263	7013	7501	5032	
DHL	-36000	-36000	5	3	1	6	11	10	10	0	7	6237567	1810	2357	1241	2216	9263	7013	7501	5032	
DHL	-36200	-36200	3	3	1	4	13	10	8	0	6	6215045	1810	2357	1241	2216	9263	7013	7501	5032	
DHL	-36400	-36400	4	2	1	4	14	10	9	0	7	6193766	1810	2357	1241	2216	9263	7013	7501	5032	
DHL	-36600	-36600	4	2	1	3	10	8	9	0	10	6173414	1810	2357	1241	2216	9263	7013	7501	5032	
DHL	-36800	-36800	3	5	1	2	8	7	7	0	10	6153495	1810	2357	1241	2216	9263	7013	7501	5032	
DHL	-37000	-37000	3	4	0	2	9	7	7	0	9	6133300	1810	2357	1241	2216	9263	7013	7501	5032	
DHL	-37200	-37200	2	4	1	7	7	8	8	0	11	6114449	1810	2357	1241	2216	9263	7013	7501	5032	
DHL	-37400	-37400	4	6	1	7	8	9	7	0	10	6095307	1810	2357	1241	2216	9263	7013	7501	5032	
DHL	-37600	-37600	4	7	1	7	9	10	6	0	7	6076019	1810	2357	1241	2216	9263	7013	7501	5032	
DHL	-37800	-37800	4	8	1	7	8	10	2	0	7	6056344	1810	2357	1241	2216	9263	7013	7501	5032	
DHL	-38000	-38000	2	8	1	7	6	13	4	0	9	6035231	1810	2357	1241	2216	9263	7013	7501	5032	
DHL	-38200	-38200	5	8	2	8	8	12	7	0	9	6016983	1810	2357	1241	2216	9263	7013	7501	5032	
DHL	-38400	-38400	5	8	3	9	5	11	11	0	8	6000385	1810	2357	1241	2216	9263	7013	7501	5032	
DHL	-38600	-38600	4	8	3	7	8	12	12	0	7	5982918	1810	2357	1241	2216	9263	7013	7501	5032	
DHL	-38800	-38800	4	4	2	4	9	9	11	0	7	5964882	1810	2357	1241	2216	9263	7013	7501	5032	
DHL	-39000	-39000	4	8	2	5	9	11	9	0	6	5945639	1810	2357	1241	2216	9263	7013	7501	5032	
DHL	-39200	-39200	5	9	3	5	8	7	10	0	4	5926413	1810	2357	1241	2216	9263	7013	7501	5032	
DHL	-39400	-39400	4	9	3	6	7	6	10	0	4	5907611	1810	2357	1241	2216	9263	7013	7501	5032	
DHL	-39600	-39600	5	9	3	7	7	10	9	0	6	5888129	1810	2357	1241	2216	9263	7013	7501	5032	
DHL	-39800	-39800	4	11	3	4	8	8	9	0	6	5868079	1810	2357	1241	2216	9263	7013	7501	5032	
DHL	-40000	-40000	3	11	3	4	11	6	10	0	6	5848384	1810	2357	1241	2216	9263	7013	7501	5032	
DHL	-40200	-40200	3	11	3	4	12	6	11	0	6	5828886	1810	2357	1241	2216	9263	7013	7501	5032	
DHL	-40400	-40400	3	11	3	3	10	7	10	0	7	5808757	1810	2357	1241	2216	9263	7013	7501	5032	
DHL	-40600	-40600	3	11	3	3	12	3	9	0	8	5788851	1810	2357	1241	2216	9263	7013	7501	5032	
DHL	-40800	-40800	3	11	2	3	10	6	10	0	8	5770275	1810	2357	1241	2216	9263	7013	7501	5032	
DHL	-41000	-41000	3	9	2	2	9	6	12	0	7	5751714	1810	2357	1241	2216	9263	7013	7501	5032	
DHL	-41200	-41200	5	9	2	2	7	5	10	0	5	5733582	1810	2357	1241	2216	9263	7013	7501	5032	
DHL	-41400	-41400	4	10	2	2	8	7	14	0	4	5717070	1810	2357	1241	2216	9263	7013	7501	5032	
DHL	-41600	-41600	3	11	2	2	9	11	15	0	3	5700086	1810	2357	1241	2216	9263	7013	7501	5032	
DHL	-41800	-41800	4	10	2	3	8	9	13	0	2	5682890	1810	2357	1241	2216	9263	7013	7501	5032	
DHL	-42000	-42000	2	8	2	4	7	8	11	0	1	5666206	1810	2357	1241	2216	9263	7013	7501	5032	
DHL	-42200	-42200	2	6	2	4	8	6	9	0	6	5650088	1810	2357	1241	2216	9263	7013	7501	5032	
DHL	-42400	-42400	1	7	2	3	12	6	8	0	6	5634360	1810	2357	1241	2216	9263	7013	7501	5032	
DHL	-42600	-42600	1	7	1	6	13	6	6	0	6	5618563	1810	2357	1241	2216	9263	7013	7501	5032	
DHL	-42800	-42800	2	4	1	5	13	6	5	0	5	5603048	1810	2357	1241	2216	9263	7013	7501	5032	
DHL	-43000	-43000	2	3	1	7	13	6	4	0	4	5588349	1810	2357	1241	2216	9263	7013	7501	5032	
DHL	-43200	-43200	2	2	1	8	12	9	6	0	4	5573282	1810	2357	1241	2216	9263	7013	7501	5032	
DHL	-43400	-43400	3	1	1	10	11	7	7	0	2	5558159	1810	2357	1241	2216	9263	7013	7501	5032	
DHL	-43600	-43600	3	2	0	6	11	5	5	0	3	5544173	1810	2357	1241	2216	9263	7013	7501	5032	
DHL	-43800	-43800	3	2	0	6	10	5	7	0	2	5529607	1810	2357	1241	2216	9263	7013	7501	5032	
DHL	-44000	-44000	3	2	1	5	9	8	7	0	2	5514283	1810	2357	1241	2216	9263	7013	7501	5032	
DHL	-44200	-44200	3	2	1	5	6	8	10	0	3	5497266	1810	2357	1241	2216	9263	7013	7501	5032	
DHL	-44400	-44400	2	2	1	4	6	9	12	0	3	5480556	1810	2357	1241	2216	9263	7013	7501	5032	
DHL	-44600	-44600	1	2	1	4	7	9	10	0	3	5465285	1810	2357	1241	2216	9263	7013	7501	5032	
DHL	-44800	-44800	2	2	1	2	8	14	10	0	4	5451505	1810	2357	1241	2216	9263	7013	7501	5032	
DHL	-45000	-45000	2	2	1	3	11	14	11	0	2	5438375	1810	2357	1241	2216	9263	7013	7501	5032	
DHL	-45200	-45200	3	1	1	3	10	12	12	0	5	5424898	1810	2357	1241	2216	9263	7013	7501	5032	
DHL	-45400	-45400	4	4	1	4	9	12	14	0	7	5411486	1810	2357	1241	2216	9263	7013	7501	5032	
DHL	-45600	-45600	4	6	2	4	8	12	14	0	8	5396770	1810	2357	1241	2216	9263	7013	7501	5032	
DHL	-45800	-45800	4	4	1	3	11	15	13	0	10	5383365	1810	2357	1241	2216	9263	7013	7501	5032	
DHL	-46000	-46000	4	3	1	3	12	16	13	0	8	5369664	1810	2357	1241	2216	9263	7013	7501	5032	
DHL	-46200	-46200	4	5	1	3	10	12	12	0	8	5356482	1810	2357	1241	2216	9263	7013	7501	5032	
DHL	-46400	-46400	4	7	1	3	9	8	11	0	9	5342824	1810	2357	1241	2216	9263	7013	7501	5032	
DHL	-46600	-46600	5	7	2	3	7	11	11	0	8	5330809	1810	2357	1241	2216	9263	7013	7501	5032	
DHL	-46800	-46800	6	5	1	2	5	10	11	0	8	5318838	1810	2357	1241	2216	9263	7013	7501	5032	
DHL	-47000	-47000	8	6	1	2	4	10	11	0	8	5305570	1810	2357	1241	2216	9263	7013	7501	5032	
DHL	-47200	-47200	8	5	1	4	8	11	8	0	6	5293682	1810	2357	1241	2216	9263	7013	7501	5032	
DHL	-47400	-47400	8	4	2	4	8	11	9	0	5	5281664	1810	2357	1241	2216	9263	7013	7501	5032	
DHL	-47600	-47600	4	2	1	2	9	14	8	0	6	5268553	1810	2357	1241	2216	9263	7013	7501	5032	
DHL	-47800	-47800	3	4	1	1	9	18	8	0	5	5255271	1810	2357	1241	2216	9263	7013	7501	5032	
DHL	-48000	-48000	3	5	1	1	12	21	6	0	7	5241488	1810	2357	1241	2216	9263	7013	7501	5032	
DHL	-48200	-48200	3	7	1	0	12	19	4	0	8	5228155	1810	2357	1241	2216	9263	7013	7501	5032	
DHL	-48400	-48400	3	6	2	0	14	17	8	0	7	5214549	1810	2357	1241	2216	9263	7013	7501	5032	
DHL	-48600	-48600	5	4	1	3	13	14	10	0	4	5201713	1810	2357	1241	2216	9263	7013	7501	5032	
DHL	-48800	-48800	4	5	0	2	11	12	11	0	3	5189085	1810	2357	1241	2216	9263	7013	7501	5032	
DHL	-49000	-49000	4	4	0	2	10	9	12	0	4	5177066	1810	2357	1241	2216	9263	7013	7501	5032	
DHL	-49200	-49200	3	4	0	2	9	7	11	0	5	5164572	1810	2357	1241	2216	9263	7013	7501	5032	
DHL	-49400	-49400	4	2	0	2	11	5	12	0	4	5151697	1810	2357	1241	2216	9263	7013	7501	5032	
DHL	-49600	-49600	3	2	0	2	7	5	12	0	4	5139344	1810	2357	1241	2216	9263	7013	7501	5032	
DHL	-49800	-49800	2	2	1	4	7	6	10	0	5	5127358	1810	2357	1241	2216	9263	7013	7501	5032	
DHL	-50000	-50000	3	4	1	4	10	7	9	0	3	5114968	1810	2357	1241	2216	9263	7013	7501	5032	
DHL	-50200	-50200	4	2	1	4	11	8	8	0	2	5102857	1810	2357	1241	2216	9263	7013	7501	5032	
DHL	-50400	-50400	4	1	2	3	11	8	9	0	4	5091264	1810	2357	1241	2216	9263	7013	7501	5032	
DHL	-50600	-50600	4	1	2	4	11	9	8	0	4	5079890	1810	2357	1241	2216	9263	7013	7501	5032	
DHL	-50800	-50800	4	1	2	3	12	11	6	0	3	5067951	1810	2357	1241	2216	9263	7013	7501	5032	
DHL	-51000	-51000	3	1	2	3	11	10	9	0	4	5054620	1810	2357	1241	2216	9263	7013	7501	5032	
DHL	-51200	-51200	2	1	2	4	12	9	11	0	4	5041819	1810	2357	1241	2216	9263	7013	7501	5032	
DHL	-51400	-51400	2	3	2	5	12	11	10	0	5	5029981	1810	2357	1241	2216	9263	7013	7501	5032	
DHL	-51600	-51600	1	2	2	6	10	10	10	0	5	5017484	1810	2357	1241	2216	9263	7013	7501	5032	
DHL	-51800	-51800	1	4	2	6	7	10	13	0	5	5004126	1810	2357	1241	2216	9263	7013	7501	5032	
DHL	-52000	-52000	1	4	1	6	7	11	11	0	6	4992546	1810	2357	1241	2216	9263	7013	7501	5032	
DHL	-52200	-52200	1	4	1	5	7	13	14	0	7	4980197	1810	2357	1241	2216	9263	7013	7501	5032	
DHL	-52400	-52400	1	3	3	4	9	14	14	0	6	4967016	1810	2357	1241	2216	9263	7013	7501	5032	
DHL	-52600	-52600	1	3	3	5	8	15	16	0	5	4953464	1810	2357	1241	2216	9263	7013	7501	5032	
DHL	-52800	-52800	1	3	3	4	9	13	17	0	5	4940819	1810	2357	1241	2216	9263	7013	7501	5032	
DHL	-53000	-53000	1	2	3	6	10	12	19	0	6	4929259	1810	2357	1241	2216	9263	7013	7501	5032	
DHL	-53200	-53200	1	1	4	5	9	9	19	0	6	4918180	1810	2357	1241	2216	9263	7013	7501	5032	
DHL	-53400	-53400	1	1	4	5	9	7	17	0	5	4907743	1810	2357	1241	2216	9263	7013	7501	5032	
DHL	-53600	-53600	1	1	4	3	7	8	13	0	5	4897166	1810	2357	1241	2216	9263	7013	7501	5032	
DHL	-53800	-53800	2	1	2	4	6	8	11	0	6	4886573	1810	2357	1241	2216	9263	7013	7501	5032	
DHL	-54000	-54000	2	3	3	4	7	10	8	0	6	4875501	1810	2357	1241	2216	9263	7013	7501	5032	
DHL	-54200	-54200	2	4	3	3	5	9	8	0	7	4864729	1810	2357	1241	2216	9263	7013	7501	5032	
DHL	-54400	-54400	4	3	3	4	6	11	9	0	6	4853895	1810	2357	1241	2216	9263	7013	7501	5032	
DHL	-54600	-54600	5	5	2	5	7	12	9	0	8	4842560	1810	2357	1241	2216	9263	7013	7501	5032	
DHL	-54800	-54800	5	4	2	4	6	9	11	0	8	4831982	1810	2357	1241	2216	9263	7013	7501	5032	
DHL	-55000	-55000	4	3	3	4	6	10	11	0	8	4820205	1810	2357	1241	2216	9263	7013	7501	5032	
DHL	-55200	-55200	5	4	2	2	6	8	11	0	8	4807310	1810	2357	1241	2216	9263	7013	7501	5032	
DHL	-55400	-55400	6	5	2	3	6	9	13	0	5	4794054	1810	2357	1241	2216	9263	7013	7501	5032	
DHL	-55600	-55600	4	6	1	3	5	9	11	0	6	4781375	1810	2357	1241	2216	9263	7013	7501	5032	
DHL	-55800	-55800	5	5	1	2	7	6	8	0	6	4768709	1810	2357	1241	2216	9263	7013	7501	5032	
DHL	-56000	-56000	3	4	1	2	8	3	9	0	6	4756987	1810	2357	1241	2216	9263	7013	7501	5032	
DHL	-56200	-56200	2	5	1	3	8	5	8	0	7	4746145	1810	2357	1241	2216	9263	7013	7501	5032	
DHL	-56400	-56400	2	3	1	3	10	5	7	0	6	4734862	1810	2357	1241	2216	9263	7013	7501	5032	
DHL	-56600	-56600	1	3	1	3	11	4	4	0	8	4723054	1810	2357	1241	2216	9263	7013	7501	5032	
DHL	-56800	-56800	2	3	0	4	10	3	4	0	8	4710884	1810	2357	1241	2216	9263	7013	7501	5032	
DHL	-57000	-57000	4	3	0	5	11	3	5	0	7	4699137	1810	2357	1241	2216	9263	7013	7501	5032	
DHL	-57200	-57200	3	2	2	6	10	3	7	0	6	4687261	1810	2357	1241	2216	9263	7013	7501	5032	
DHL	-57400	-57400	2	0	1	5	8	3	6	0	5	4676306	1810	2357	1241	2216	9263	7013	7501	5032	
DHL	-57600	-57600	3	1	2	5	8	6	7	0	5	4665646	1810	2357	1241	2216	9263	7013	7501	5032	
DHL	-57800	-57800	2	2	3	5	10	6	6	0	6	4654675	1810	2357	1241	2216	9263	7013	7501	5032	
DHL	-58000	-58000	2	2	2	4	10	11	4	0	6	4643392	1810	2357	1241	2216	9263	7013	7501	5032	
DHL	-58200	-58200	3	3	0	3	8	10	5	0	8	4632430	1810	2357	1241	2216	9263	7013	7501	5032	
DHL	-58400	-58400	4	2	0	2	9	11	7	0	8	4622150	1810	2357	1241	2216	9263	7013	7501	5032	
DHL	-58600	-58600	4	2	0	2	9	8	7	0	8	4611115	1810	2357	1241	2216	9263	7013	7501	5032	
DHL	-58800	-58800	4	2	0	2	8	12	7	0	5	4599752	1810	2357	1241	2216	9263	7013	7501	5032	
DHL	-59000	-59000	5	3	0	2	6	10	7	0	5	4588498	1810	2357	1241	2216	9263	7013	7501	5032	
DHL	-59200	-59200	5	1	0	2	7	10	8	0	5	4577755	1810	2357	1241	2216	9263	7013	7501	5032	
DHL	-59400	-59400	5	2	0	2	8	11	11	0	4	4566537	1810	2357	1241	2216	9263	7013	7501	5032	
DHL	-59600	-59600	7	2	0	2	6	11	10	0	2	4556583	1810	2357	1241	2216	9263	7013	7501	5032	
DHL	-59800	-59800	7	2	0	1	5	10	9	0	3	4545961	1810	2357	1241	2216	9263	7013	7501	5032	
DHL	-60000	-60000	7	3	0	0	5	14	8	0	4	4535941	1810	2357	1241	2216	9263	7013	7501	5032	
DHL	-60200	-60200	7	3	0	0	5	16	6	0	6	4525748	1810	2357	1241	2216	9263	7013	7501	5032	
DHL	-60400	-60400	7	3	0	0	6	14	5	0	8	4514833	1810	2357	1241	2216	9263	7013	7501	5032	
DHL	-60600	-60600	4	2	0	1	7	15	6	0	8	4505279	1810	2357	1241	2216	9263	7013	7501	5032	
DHL	-60800	-60800	3	2	0	1	7	17	5	0	9	4496963	1810	2357	1241	2216	9263	7013	7501	5032	
DHL	-61000	-61000	4	2	0	1	7	12	6	0	8	4489424	1810	2357	1241	2216	9263	7013	7501	5032	
DHL	-61200	-61200	4	0	0	1	8	9	6	0	8	4481995	1810	2357	1241	2216	9263	7013	7501	5032	
DHL	-61400	-61400	4	1	1	1	7	6	6	0	6	4474369	1810	2357	1241	2216	9263	7013	7501	5032	
DHL	-61600	-61600	4	1	1	3	6	6	7	0	7	4465858	1810	2357	1241	2216	9263	7013	7501	5032	
DHL	-61800	-61800	4	0	1	3	7	5	9	0	6	4457921	1810	2357	1241	2216	9263	7013	7501	5032	
DHL	-62000	-62000	3	0	1	2	3	7	8	0	7	4449821	1810	2357	1241	2216	9263	7013	7501	5032	
DHL	-62200	-62200	4	1	0	2	3	9	6	0	7	4440727	1810	2357	1241	2216	9263	7013	7501	5032	
DHL	-62400	-62400	5	1	0	2	4	7	6	0	5	4430861	1810	2357	1241	2216	9263	7013	7501	5032	
DHL	-62600	-62600	4	2	0	2	3	6	8	0	6	4420800	1810	2357	1241	2216	9263	7013	7501	5032	
DHL	-62800	-62800	4	3	0	1	3	6	8	0	6	4411326	1810	2357	1241	2216	9263	7013	7501	5032	
DHL	-63000	-63000	4	5	0	1	5	5	11	0	5	4401753	1810	2357	1241	2216	9263	7013	7501	5032	
DHL	-63200	-63200	3	4	0	1	5	4	9	0	6	4391721	1810	2357	1241	2216	9263	7013	7501	5032	
DHL	-63400	-63400	2	9	0	2	7	4	7	0	6	4381767	1810	2357	1241	2216	9263	7013	7501	5032	
DHL	-63600	-63600	2	9	0	3	7	4	9	0	4	4372072	1810	2357	1241	2216	9263	7013	7501	5032	
DHL	-63800	-63800	2	2	1	3	6	10	7	0	4	4361257	1810	2357	1241	2216	9263	7013	7501	5032	
DHL	-64000	-64000	1	2	0	1	10	8	4	0	4	4350215	1810	2357	1241	2216	9263	7013	7501	5032	
DHL	-64200	-64200	1	1	1	2	12	6	5	0	5	4339700	1810	2357	1241	2216	9263	7013	7501	5032	
DHL	-64400	-64400	1	3	1	1	11	6	4	0	4	4329154	1810	2357	1241	2216	9263	7013	7501	5032	
DHL	-64600	-64600	1	3	1	1	12	6	1	0	2	4319298	1810	2357	1241	2216	9263	7013	7501	5032	
DHL	-64800	-64800	1	3	1	1	10	6	1	0	1	4309372	1810	2357	1241	2216	9263	7013	7501	5032	
DHL	-65000	-65000	1	5	1	1	10	5	2	0	2	4300514	1810	2357	1241	2216	9263	7013	7501	5032	
DHL	-65200	-65200	1	4	1	0	9	5	3	0	2	4291037	1810	2357	1241	2216	9263	7013	7501	5032	
DHL	-65400	-65400	1	3	1	0	10	5	4	0	2	4281084	1810	2357	1241	2216	9263	7013	7501	5032	
DHL	-65600	-65600	1	2	1	0	10	4	4	0	2	4270879	1810	2357	1241	2216	9263	7013	7501	5032	
DHL	-65800	-65800	1	3	2	1	8	4	4	0	1	4261110	1810	2357	1241	2216	9263	7013	7501	5032	
DHL	-66000	-66000	3	2	2	0	6	4	4	0	1	4252802	1810	2357	1241	2216	9263	7013	7501	5032	
DHL	-66200	-66200	4	2	3	0	8	6	5	0	2	4245238	1810	2357	1241	2216	9263	7013	7501	5032	
DHL	-66400	-66400	4	2	3	0	9	6	6	0	1	4237703	1810	2357	1241	2216	9263	7013	7501	5032	
DHL	-66600	-66600	2	3	3	0	11	7	7	0	3	4229295	1810	2357	1241	2216	9263	7013	7501	5032	
DHL	-66800	-66800	1	5	3	0	11	8	5	0	4	4220526	1810	2357	1241	2216	9263	7013	7501	5032	
DHL	-67000	-67000	1	5	2	1	12	8	4	0	4	4211369	1810	2357	1241	2216	9263	7013	7501	5032	
DHL	-67200	-67200	1	2	2	0	12	7	7	0	3	4202645	1810	2357	1241	2216	9263	7013	7501	5032	
DHL	-67400	-67400	1	1	3	1	11	7	6	0	5	4194465	1810	2357	1241	2216	9263	7013	7501	5032	
DHL	-67600	-67600	1	0	4	1	10	5	6	0	6	4186286	1810	2357	1241	2216	9263	7013	7501	5032	
DHL	-67800	-67800	1	0	4	1	8	5	9	0	5	4177431	1810	2357	1241	2216	9263	7013	7501	5032	
DHL	-68000	-68000	2	0	2	1	8	4	8	0	4	4168986	1810	2357	1241	2216	9263	7013	7501	5032	
DHL	-68200	-68200	2	2	2	1	7	2	7	0	4	4160807	1810	2357	1241	2216	9263	7013	7501	5032	
DHL	-68400	-68400	3	3	2	1	7	4	3	0	2	4152855	1810	2357	1241	2216	9263	7013	7501	5032	
DHL	-68600	-68600	3	3	2	2	8	6	3	0	3	4144894	1810	2357	1241	2216	9263	7013	7501	5032	
DHL	-68800	-68800	4	3	2	3	9	7	6	0	3	4136772	1810	2357	1241	2216	9263	7013	7501	5032	
DHL	-69000	-69000	4	3	2	3	9	9	8	0	2	4129519	1810	2357	1241	2216	9263	7013	7501	5032	
DHL	-69200	-69200	4	4	3	4	8	9	8	0	2	4122603	1810	2357	1241	2216	9263	7013	7501	5032	
DHL	-69400	-69400	4	4	1	4	7	9	10	0	5	4116402	1810	2357	1241	2216	9263	7013	7501	5032	
DHL	-69600	-69600	4	4	1	5	7	8	8	0	5	4111376	1810	2357	1241	2216	9263	7013	7501	5032	
DHL	-69800	-69800	4	5	1	4	7	8	8	0	5	4106951	1810	2357	1241	2216	9263	7013	7501	5032	
DHL	-70000	-70000	4	6	1	2	9	8	9	0	6	4101639	1810	2357	1241	2216	9263	7013	7501	5032	
DHL	-70200	-70200	4	7	1	2	10	5	8	0	5	4096862	1810	2357	1241	2216	9263	7013	7501	5032	
DHL	-70400	-70400	5	7	0	2	10	7	9	0	5	4092559	1810	2357	1241	2216	9263	7013	7501	5032	
DHL	-70600	-70600	4	7	0	3	10	8	10	0	3	4088339	1810	2357	1241	2216	9263	7013	7501	5032	
DHL	-70800	-70800	5	8	0	3	12	6	11	0	3	4083913	1810	2357	1241	2216	9263	7013	7501	5032	
DHL	-71000	-71000	4	7	1	4	12	6	10	0	3	4078792	1810	2357	1241	2216	9263	7013	7501	5032	
DHL	-71200	-71200	4	6	2	4	10	8	11	0	5	4072623	1810	2357	1241	2216	9263	7013	7501	5032	
DHL	-71400	-71400	3	4	2	4	11	8	9	0	4	4066464	1810	2357	1241	2216	9263	7013	7501	5032	
DHL	-71600	-71600	3	4	2	2	13	8	9	0	6	4059939	1810	2357	1241	2216	9263	7013	7501	5032	
DHL	-71800	-71800	3	4	2	2	13	8	6	0	5	4052882	1810	2357	1241	2216	9263	7013	7501	5032	
DHL	-72000	-72000	3	3	2	2	11	6	4	0	4	4045234	1810	2357	1241	2216	9263	7013	7501	5032	
DHL	-72200	-72200	3	3	1	1	9	7	5	0	4	4039285	1810	2357	1241	2216	9263	7013	7501	5032	
DHL	-72400	-72400	3	3	1	0	5	4	6	0	3	4033850	1810	2357	1241	2216	9263	7013	7501	5032	
DHL	-72600	-72600	3	3	0	1	5	4	8	0	3	4028136	1810	2357	1241	2216	9263	7013	7501	5032	
DHL	-72800	-72800	3	3	0	0	2	3	7	0	2	4021774	1810	2357	1241	2216	9263	7013	7501	5032	
DHL	-73000	-73000	3	4	0	0	3	2	7	0	1	4016251	1810	2357	1241	2216	9263	7013	7501	5032	
DHL	-73200	-73200	3	3	0	0	2	1	6	0	1	4011325	1810	2357	1241	2216	9263	7013	7501	5032	
DHL	-73400	-73400	5	3	1	0	2	2	5	0	1	4006531	1810	2357	1241	2216	9263	7013	7501	5032	
DHL	-73600	-73600	5	4	1	0	2	3	5	0	2	4001654	1810	2357	1241	2216	9263	7013	7501	5032	
DHL	-73800	-73800	7	4	2	0	1	3	6	0	1	3996188	1810	2357	1241	2216	9263	7013	7501	5032	
DHL	-74000	-74000	7	5	2	0	2	4	4	0	1	3989846	1810	2357	1241	2216	9263	7013	7501	5032	
DHL	-74200	-74200	7	5	2	1	3	6	5	0	2	3983553	1810	2357	1241	2216	9263	7013	7501	5032	
DHL	-74400	-74400	8	4	4	1	3	6	5	0	2	3977586	1810	2357	1241	2216	9263	7013	7501	5032	
DHL	-74600	-74600	9	5	4	2	4	5	5	0	2	3971883	1810	2357	1241	2216	9263	7013	7501	5032	
DHL	-74800	-74800	7	5	3	2	5	6	6	0	5	3965265	1810	2357	1241	2216	9263	7013	7501	5032	
DHL	-75000	-75000	6	7	3	2	5	4	5	0	6	3958082	1810	2357	1241	2216	9263	7013	7501	5032	
DHL	-75200	-75200	5	7	3	2	7	3	6	0	8	3950202	1810	2357	1241	2216	9263	7013	7501	5032	
DHL	-75400	-75400	5	7	2	2	6	4	7	0	9	3943346	1810	2357	1241	2216	9263	7013	7501	5032	
DHL	-75600	-75600	4	7	2	1	4	3	6	0	8	3936855	1810	2357	1241	2216	9263	7013	7501	5032	
DHL	-75800	-75800	3	7	2	1	4	3	5	0	7	3929588	1810	2357	1241	2216	9263	7013	7501	5032	
DHL	-76000	-76000	2	4	1	1	3	5	4	0	7	3921574	1810	2357	1241	2216	9263	7013	7501	5032	
DHL	-76200	-76200	1	3	2	1	4	6	4	0	6	3914175	1810	2357	1241	2216	9263	7013	7501	5032	
DHL	-76400	-76400	1	3	2	2	4	5	6	0	6	3907105	1810	2357	1241	2216	9263	7013	7501	5032	
DHL	-76600	-76600	1	5	2	3	4	4	5	0	4	3900558	1810	2357	1241	2216	9263	7013	7501	5032	
DHL	-76800	-76800	1	5	1	3	4	5	6	0	6	3894763	1810	2357	1241	2216	9263	7013	7501	5032	
DHL	-77000	-77000	1	5	1	3	4	5	10	0	6	3889569	1810	2357	1241	2216	9263	7013	7501	5032	
DHL	-77200	-77200	1	7	1	2	4	4	8	0	7	3884182	1810	2357	1241	2216	9263	7013	7501	5032	
DHL	-77400	-77400	2	7	1	3	5	7	7	0	8	3878609	1810	2357	1241	2216	9263	7013	7501	5032	
DHL	-77600	-77600	2	7	2	3	8	5	6	0	7	3873187	1810	2357	1241	2216	9263	7013	7501	5032	
DHL	-77800	-77800	3	8	3	3	8	5	8	0	7	3867589	1810	2357	1241	2216	9263	7013	7501	5032	
DHL	-78000	-78000	3	5	4	3	7	6	8	0	8	3860452	1810	2357	1241	2216	9263	7013	7501	5032	
DHL	-78200	-78200	3	4	4	3	6	4	10	0	8	3853333	1810	2357	1241	2216	9263	7013	7501	5032	
DHL	-78400	-78400	3	4	4	2	7	3	8	0	8	3846321	1810	2357	1241	2216	9263	7013	7501	5032	
DHL	-78600	-78600	4	2	4	1	7	3	8	0	9	3839607	1810	2357	1241	2216	9263	7013	7501	5032	
DHL	-78800	-78800	4	2	5	2	7	3	6	0	8	3833690	1810	2357	1241	2216	9263	7013	7501	5032	
DHL	-79000	-79000	5	1	5	2	7	3	5	0	7	3826975	1810	2357	1241	2216	9263	7013	7501	5032	
DHL	-79200	-79200	3	2	4	1	6	4	5	0	5	3820108	1810	2357	1241	2216	9263	7013	7501	5032	
DHL	-79400	-79400	3	3	4	1	6	5	8	0	4	3813473	1810	2357	1241	2216	9263	7013	7501	5032	
DHL	-79600	-79600	3	2	4	1	5	5	7	0	4	3807125	1810	2357	1241	2216	9263	7013	7501	5032	
DHL	-79800	-79800	3	2	2	2	6	6	8	0	5	3800081	1810	2357	1241	2216	9263	7013	7501	5032	
DHL	-80000	-80000	2	3	5	1	4	5	10	0	6	3792610	1810	2357	1241	2216	9263	7013	7501	5032	
DHL	-80200	-80200	1	3	5	2	4	6	6	0	6	3785048	1810	2357	1241	2216	9263	7013	7501	5032	
DHL	-80400	-80400	0	3	5	2	6	7	5	0	8	3778449	1810	2357	1241	2216	9263	7013	7501	5032	
DHL	-80600	-80600	0	1	5	2	6	9	5	0	8	3772510	1810	2357	1241	2216	9263	7013	7501	5032	
DHL	-80800	-80800	0	1	6	3	5	8	4	0	9	3767550	1810	2357	1241	2216	9263	7013	7501	5032	
DHL	-81000	-81000	0	1	6	1	5	6	3	0	7	3762492	1810	2357	1241	2216	9263	7013	7501	5032	
DHL	-81200	-81200	0	1	6	1	6	7	3	0	7	3757486	1810	2357	1241	2216	9263	7013	7501	5032	
DHL	-81400	-81400	4	1	5	4	5	5	2	0	7	3751833	1810	2357	1241	2216	9263	7013	7501	5032	
DHL	-81600	-81600	3	1	7	4	5	5	4	0	6	3747011	1810	2357	1241	2216	9263	7013	7501	5032	
DHL	-81800	-81800	3	1	5	5	4	4	5	0	5	3742515	1810	2357	1241	2216	9263	7013	7501	5032	
DHL	-82000	-82000	4	2	4	5	5	3	8	0	7	3737868	1810	2357	1241	2216	9263	7013	7501	5032	
DHL	-82200	-82200	1	3	3	5	6	4	7	0	6	3732132	1810	2357	1241	2216	9263	7013	7501	5032	
DHL	-82400	-82400	1	3	2	5	6	5	7	0	6	3725629	1810	2357	1241	2216	9263	7013	7501	5032	
DHL	-82600	-82600	0	3	5	5	5	5	7	0	5	3719359	1810	2357	1241	2216	9263	7013	7501	5032	
DHL	-82800	-82800	1	3	5	5	5	6	6	0	5	3713078	1810	2357	1241	2216	9263	7013	7501	5032	
DHL	-83000	-83000	1	3	3	3	5	6	7	0	5	3706618	1810	2357	1241	2216	9263	7013	7501	5032	
DHL	-83200	-83200	1	2	3	1	4	7	8	0	5	3700401	1810	2357	1241	2216	9263	7013	7501	5032	
DHL	-83400	-83400	1	2	3	2	5	8	9	0	5	3694221	1810	2357	1241	2216	9263	7013	7501	5032	
DHL	-83600	-83600	0	2	5	1	4	10	10	0	5	3687522	1810	2357	1241	2216	9263	7013	7501	5032	
DHL	-83800	-83800	2	1	5	2	8	11	7	0	5	3680847	1810	2357	1241	2216	9263	7013	7501	5032	
DHL	-84000	-84000	1	1	2	2	7	11	8	0	4	3672537	1810	2357	1241	2216	9263	7013	7501	5032	
DHL	-84200	-84200	2	1	5	2	8	9	10	0	4	3666220	1810	2357	1241	2216	9263	7013	7501	5032	
DHL	-84400	-84400	2	0	4	3	5	7	8	0	4	3660711	1810	2357	1241	2216	9263	7013	7501	5032	
DHL	-84600	-84600	2	0	3	2	6	10	7	0	5	3655586	1810	2357	1241	2216	9263	7013	7501	5032	
DHL	-84800	-84800	3	0	3	3	6	11	6	0	7	3650518	1810	2357	1241	2216	9263	7013	7501	5032	
DHL	-85000	-85000	2	1	3	3	6	12	4	0	8	3645210	1810	2357	1241	2216	9263	7013	7501	5032	
DHL	-85200	-85200	2	1	3	2	5	11	8	0	6	3639870	1810	2357	1241	2216	9263	7013	7501	5032	
DHL	-85400	-85400	3	1	3	2	5	10	7	0	5	3633851	1810	2357	1241	2216	9263	7013	7501	5032	
DHL	-85600	-85600	4	1	3	1	3	9	5	0	4	3627635	1810	2357	1241	2216	9263	7013	7501	5032	
DHL	-85800	-85800	4	1	3	1	3	12	5	0	5	3621555	1810	2357	1241	2216	9263	7013	7501	5032	
DHL	-86000	-86000	5	2	2	2	2	11	4	0	5	3614783	1810	2357	1241	2216	9263	7013	7501	5032	
DHL	-86200	-86200	4	1	3	2	1	12	4	0	7	3608093	1810	2357	1241	2216	9263	7013	7501	5032	
DHL	-86400	-86400	3	1	3	2	3	11	6	0	6	3601912	1810	2357	1241	2216	9263	7013	7501	5032	
DHL	-86600	-86600	3	1	2	2	3	11	8	0	6	3595746	1810	2357	1241	2216	9263	7013	7501	5032	
DHL	-86800	-86800	2	1	2	3	2	10	10	0	5	3590309	1810	2357	1241	2216	9263	7013	7501	5032	
DHL	-87000	-87000	1	1	2	1	1	11	9	0	6	3585406	1810	2357	1241	2216	9263	7013	7501	5032	
DHL	-87200	-87200	1	2	4	0	2	11	10	0	4	3580258	1810	2357	1241	2216	9263	7013	7501	5032	
DHL	-87400	-87400	1	3	3	1	3	10	11	0	3	3574780	1810	2357	1241	2216	9263	7013	7501	5032	
DHL	-87600	-87600	1	2	2	2	2	9	12	0	2	3569043	1810	2357	1241	2216	9263	7013	7501	5032	
DHL	-87800	-87800	0	2	2	2	3	5	12	0	2	3562369	1810	2357	1241	2216	9263	7013	7501	5032	
DHL	-88000	-88000	0	1	2	3	2	5	12	0	1	3556030	1810	2357	1241	2216	9263	7013	7501	5032	
DHL	-88200	-88200	0	1	2	3	2	5	12	0	2	3549554	1810	2357	1241	2216	9263	7013	7501	5032	
DHL	-88400	-88400	1	1	3	3	2	5	10	0	1	3543697	1810	2357	1241	2216	9263	7013	7501	5032	
DHL	-88600	-88600	1	1	2	4	2	4	11	0	0	3538635	1810	2357	1241	2216	9263	7013	7501	5032	
DHL	-88800	-88800	2	1	2	3	1	3	8	0	1	3534089	1810	2357	1241	2216	9263	7013	7501	5032	
DHL	-89000	-89000	3	2	2	2	3	4	6	0	1	3529658	1810	2357	1241	2216	9263	7013	7501	5032	
DHL	-89200	-89200	3	3	2	1	4	6	6	0	2	3524684	1810	2357	1241	2216	9263	7013	7501	5032	
DHL	-89400	-89400	1	3	2	1	4	6	5	0	1	3519323	1810	2357	1241	2216	9263	7013	7501	5032	
DHL	-89600	-89600	2	3	2	2	4	8	5	0	1	3513222	1810	2357	1241	2216	9263	7013	7501	5032	
DHL	-89800	-89800	2	3	1	3	5	7	5	0	1	3507269	1810	2357	1241	2216	9263	7013	7501	5032	
DHL	-90000	-90000	1	4	1	3	3	8	5	0	1	3501827	1810	2357	1241	2216	9263	7013	7501	5032	
DHL	-90200	-90200	1	5	1	4	3	3	7	0	3	3496491	1810	2357	1241	2216	9263	7013	7501	5032	
DHL	-90400	-90400	1	4	1	3	3	4	9	0	3	3491054	1810	2357	1241	2216	9263	7013	7501	5032	
DHL	-90600	-90600	1	3	1	3	3	3	10	0	2	3485681	1810	2357	1241	2216	9263	7013	7501	5032	
DHL	-90800	-90800	2	3	2	2	2	2	9	0	2	3480745	1810	2357	1241	2216	9263	7013	7501	5032	
DHL	-91000	-91000	2	3	2	2	2	3	9	0	2	3475543	1810	2357	1241	2216	9263	7013	7501	5032	
DHL	-91200	-91200	1	1	2	2	2	3	9	0	1	3470275	1810	2357	1241	2216	9263	7013	7501	5032	
DHL	-91400	-91400	1	1	2	3	3	3	10	0	2	3465292	1810	2357	1241	2216	9263	7013	7501	5032	
DHL	-91600	-91600	1	0	2	3	3	4	10	0	3	3459830	1810	2357	1241	2216	9263	7013	7501	5032	
DHL	-91800	-91800	2	0	2	3	3	3	8	0	4	3455033	1810	2357	1241	2216	9263	7013	7501	5032	
DHL	-92000	-92000	2	1	1	2	3	2	5	0	3	3450082	1810	2357	1241	2216	9263	7013	7501	5032	
DHL	-92200	-92200	2	2	1	1	3	3	4	0	2	3445757	1810	2357	1241	2216	9263	7013	7501	5032	
DHL	-92400	-92400	2	2	1	1	5	3	5	0	4	3441449	1810	2357	1241	2216	9263	7013	7501	5032	
DHL	-92600	-92600	1	2	1	1	5	4	2	0	5	3437590	1810	2357	1241	2216	9263	7013	7501	5032	
DHL	-92800	-92800	1	3	2	1	5	5	6	0	5	3433459	1810	2357	1241	2216	9263	7013	7501	5032	
DHL	-93000	-93000	1	3	2	1	5	5	5	0	5	3428729	1810	2357	1241	2216	9263	7013	7501	5032	
DHL	-93200	-93200	1	2	2	0	5	6	7	0	5	3423755	1810	2357	1241	2216	9263	7013	7501	5032	
DHL	-93400	-93400	1	2	2	0	7	7	9	0	5	3418768	1810	2357	1241	2216	9263	7013	7501	5032	
DHL	-93600	-93600	1	2	2	0	8	6	11	0	5	3414280	1810	2357	1241	2216	9263	7013	7501	5032	
DHL	-93800	-93800	1	2	2	0	6	8	11	0	2	3410548	1810	2357	1241	2216	9263	7013	7501	5032	
DHL	-94000	-94000	1	2	3	0	5	7	10	0	1	3407034	1810	2357	1241	2216	9263	7013	7501	5032	
DHL	-94200	-94200	1	3	2	0	3	8	10	0	1	3403659	1810	2357	1241	2216	9263	7013	7501	5032	
DHL	-94400	-94400	1	3	2	0	3	10	10	0	1	3400588	1810	2357	1241	2216	9263	7013	7501	5032	
DHL	-94600	-94600	1	4	2	0	2	10	11	0	2	3397226	1810	2357	1241	2216	9263	7013	7501	5032	
DHL	-94800	-94800	1	3	1	0	2	10	13	0	2	3393703	1810	2357	1241	2216	9263	7013	7501	5032	
DHL	-95000	-95000	3	2	0	0	2	9	13	0	2	3389846	1810	2357	1241	2216	9263	7013	7501	5032	
DHL	-95200	-95200	3	1	1	0	2	8	11	0	2	3385865	1810	2357	1241	2216	9263	7013	7501	5032	
DHL	-95400	-95400	2	4	1	0	2	9	11	0	3	3381728	1810	2357	1241	2216	9263	7013	7501	5032	
DHL	-95600	-95600	2	3	1	1	2	7	10	0	3	3377916	1810	2357	1241	2216	9263	7013	7501	5032	
DHL	-95800	-95800	2	2	1	1	3	7	9	0	2	3373573	1810	2357	1241	2216	9263	7013	7501	5032	
DHL	-96000	-96000	3	2	1	1	3	7	9	0	2	3369176	1810	2357	1241	2216	9263	7013	7501	5032	
DHL	-96200	-96200	2	2	1	1	3	7	8	0	3	3364953	1810	2357	1241	2216	9263	7013	7501	5032	
DHL	-96400	-96400	2	2	2	2	3	8	7	0	4	3360069	1810	2357	1241	2216	9263	7013	7501	5032	
DHL	-96600	-96600	2	2	2	2	5	7	5	0	4	3354742	1810	2357	1241	2216	9263	7013	7501	5032	
DHL	-96800	-96800	1	2	2	3	5	5	4	0	5	3349541	1810	2357	1241	2216	9263	7013	7501	5032	
DHL	-97000	-97000	1	2	2	3	5	5	7	0	5	3344431	1810	2357	1241	2216	9263	7013	7501	5032	
DHL	-97200	-97200	1	0	1	3	4	5	7	0	4	3339034	1810	2357	1241	2216	9263	7013	7501	5032	
DHL	-97400	-97400	1	0	1	3	4	5	6	0	4	3333445	1810	2357	1241	2216	9263	7013	7501	5032	
DHL	-97600	-97600	1	0	1	2	4	6	5	0	4	3327374	1810	2357	1241	2216	9263	7013	7501	5032	
DHL	-97800	-97800	3	0	1	2	3	6	5	0	3	3321936	1810	2357	1241	2216	9263	7013	7501	5032	
DHL	-98000	-98000	4	1	1	2	2	8	5	0	3	3316799	1810	2357	1241	2216	9263	7013	7501	5032	
DHL	-98200	-98200	4	1	1	2	2	8	6	0	3	3311912	1810	2357	1241	2216	9263	7013	7501	5032	
DHL	-98400	-98400	5	1	2	1	3	6	4	0	2	3306627	1810	2357	1241	2216	9263	7013	7501	5032	
DHL	-98600	-98600	4	2	1	1	4	8	5	0	1	3300898	1810	2357	1241	2216	9263	7013	7501	5032	
DHL	-98800	-98800	4	2	1	1	4	9	3	0	1	3295519	1810	2357	1241	2216	9263	7013	7501	5032	
DHL	-99000	-99000	4	3	1	1	5	8	1	0	1	3290414	1810	2357	1241	2216	9263	7013	7501	5032	
DHL	-99200	-99200	4	4	2	1	5	8	2	0	4	3285273	1810	2357	1241	2216	9263	7013	7501	5032	
DHL	-99400	-99400	5	4	1	2	3	6	2	0	3	3279857	1810	2357	1241	2216	9263	7013	7501	5032	
DHL	-99600	-99600	6	4	1	3	4	6	5	0	3	3274064	1810	2357	1241	2216	9263	7013	7501	5032	
DHL	-99800	-99800	5	5	1	3	3	6	5	0	6	3267617	1810	2357	1241	2216	9263	7013	7501	5032	
DHL	-100000	-100000	5	4	1	3	3	6	4	0	4	3260526	1810	2357	1241	2216	9263	7013	7501	5032	
