FL	0	0	79	90	1	47	40	43	27	193	3	38977462	6075	4775	148	1925	4244	4632	2536	13292	512	
FL	200	200	77	90	1	51	43	45	28	186	3	38783487	6075	4775	148	1925	4244	4632	2536	13292	512	
FL	400	400	80	84	1	60	47	51	27	201	3	38229873	6075	4775	148	1925	4244	4632	2536	13292	512	
FL	600	600	88	84	2	66	40	54	29	200	4	37421019	6075	4775	148	1925	4244	4632	2536	13292	512	
FL	800	800	85	86	3	69	43	44	31	208	3	36426788	6075	4775	148	1925	4244	4632	2536	13292	512	
FL	1000	1000	80	76	3	69	44	42	26	209	3	35307741	6075	4775	148	1925	4244	4632	2536	13292	512	
FL	1200	1200	72	62	3	60	41	47	29	204	3	34114011	6075	4775	148	1925	4244	4632	2536	13292	512	
FL	1400	1400	69	58	3	54	41	44	29	192	5	32892112	6075	4775	148	1925	4244	4632	2536	13292	512	
FL	1600	1600	58	59	3	52	32	47	31	186	5	31692551	6075	4775	148	1925	4244	4632	2536	13292	512	
FL	1800	1800	59	52	1	57	31	51	29	179	3	30530390	6075	4775	148	1925	4244	4632	2536	13292	512	
FL	2000	2000	60	56	1	57	29	46	29	176	3	29414538	6075	4775	148	1925	4244	4632	2536	13292	512	
FL	2200	2200	58	49	1	57	29	37	33	177	2	28359421	6075	4775	148	1925	4244	4632	2536	13292	512	
FL	2400	2400	56	49	1	53	31	32	32	188	0	27356415	6075	4775	148	1925	4244	4632	2536	13292	512	
FL	2600	2600	54	49	0	56	30	34	30	180	1	26412693	6075	4775	148	1925	4244	4632	2536	13292	512	
FL	2800	2800	59	49	0	57	28	32	26	175	1	25523041	6075	4775	148	1925	4244	4632	2536	13292	512	
FL	3000	3000	59	48	0	62	28	32	26	171	1	24682022	6075	4775	148	1925	4244	4632	2536	13292	512	
FL	3200	3200	60	49	0	68	23	35	29	163	1	23891669	6075	4775	148	1925	4244	4632	2536	13292	512	
FL	3400	3400	59	48	0	68	24	37	31	172	3	23141918	6075	4775	148	1925	4244	4632	2536	13292	512	
FL	3600	3600	55	51	0	71	22	37	27	170	1	22438920	6075	4775	148	1925	4244	4632	2536	13292	512	
FL	3800	3800	54	51	0	72	24	37	25	155	1	21780311	6075	4775	148	1925	4244	4632	2536	13292	512	
FL	4000	4000	57	51	0	77	24	34	25	146	1	21165920	6075	4775	148	1925	4244	4632	2536	13292	512	
FL	4200	4200	50	42	0	65	23	35	21	135	2	20584869	6075	4775	148	1925	4244	4632	2536	13292	512	
FL	4400	4400	51	43	0	63	24	32	19	121	2	20035620	6075	4775	148	1925	4244	4632	2536	13292	512	
FL	4600	4600	51	42	0	57	23	36	20	113	3	19519328	6075	4775	148	1925	4244	4632	2536	13292	512	
FL	4800	4800	56	45	0	49	18	31	17	104	3	19033052	6075	4775	148	1925	4244	4632	2536	13292	512	
FL	5000	5000	55	39	0	47	17	30	19	98	1	18569431	6075	4775	148	1925	4244	4632	2536	13292	512	
FL	5200	5200	55	38	0	41	15	28	20	89	1	18133163	6075	4775	148	1925	4244	4632	2536	13292	512	
FL	5400	5400	49	37	0	38	13	29	19	85	1	17716769	6075	4775	148	1925	4244	4632	2536	13292	512	
FL	5600	5600	48	34	0	32	14	26	19	85	0	17320317	6075	4775	148	1925	4244	4632	2536	13292	512	
FL	5800	5800	42	30	0	27	12	23	17	82	0	16951169	6075	4775	148	1925	4244	4632	2536	13292	512	
FL	6000	6000	45	30	0	28	15	25	17	75	0	16601226	6075	4775	148	1925	4244	4632	2536	13292	512	
FL	6200	6200	42	28	0	24	15	22	18	71	2	16272373	6075	4775	148	1925	4244	4632	2536	13292	512	
FL	6400	6400	40	25	1	21	14	23	18	66	1	15962614	6075	4775	148	1925	4244	4632	2536	13292	512	
FL	6600	6600	38	27	2	19	14	20	19	61	1	15670910	6075	4775	148	1925	4244	4632	2536	13292	512	
FL	6800	6800	35	29	2	21	12	18	17	63	1	15394752	6075	4775	148	1925	4244	4632	2536	13292	512	
FL	7000	7000	32	29	2	19	13	18	17	61	1	15131681	6075	4775	148	1925	4244	4632	2536	13292	512	
FL	7200	7200	36	31	2	20	13	17	14	61	2	14880434	6075	4775	148	1925	4244	4632	2536	13292	512	
FL	7400	7400	34	29	2	21	10	21	14	66	2	14641093	6075	4775	148	1925	4244	4632	2536	13292	512	
FL	7600	7600	38	28	2	22	9	22	14	67	2	14411732	6075	4775	148	1925	4244	4632	2536	13292	512	
FL	7800	7800	35	26	2	22	7	21	12	69	2	14198688	6075	4775	148	1925	4244	4632	2536	13292	512	
FL	8000	8000	34	26	2	19	11	24	12	71	2	13994680	6075	4775	148	1925	4244	4632	2536	13292	512	
FL	8200	8200	37	29	2	21	13	29	15	69	2	13801464	6075	4775	148	1925	4244	4632	2536	13292	512	
FL	8400	8400	34	27	1	22	11	23	14	63	1	13614866	6075	4775	148	1925	4244	4632	2536	13292	512	
FL	8600	8600	32	27	1	23	12	24	14	55	2	13437497	6075	4775	148	1925	4244	4632	2536	13292	512	
FL	8800	8800	28	32	1	20	11	25	13	48	1	13268258	6075	4775	148	1925	4244	4632	2536	13292	512	
FL	9000	9000	29	31	0	20	9	27	13	50	1	13103565	6075	4775	148	1925	4244	4632	2536	13292	512	
FL	9200	9200	25	31	0	18	9	28	14	49	1	12945573	6075	4775	148	1925	4244	4632	2536	13292	512	
FL	9400	9400	24	33	0	18	9	24	14	50	2	12796216	6075	4775	148	1925	4244	4632	2536	13292	512	
FL	9600	9600	25	32	0	11	8	26	14	54	2	12652659	6075	4775	148	1925	4244	4632	2536	13292	512	
FL	9800	9800	25	30	0	9	8	24	13	52	1	12513215	6075	4775	148	1925	4244	4632	2536	13292	512	
FL	10000	10000	26	31	0	7	7	24	14	50	1	12376718	6075	4775	148	1925	4244	4632	2536	13292	512	
FL	10200	10200	26	31	0	8	8	26	14	45	1	12244538	6075	4775	148	1925	4244	4632	2536	13292	512	
FL	10400	10400	30	33	0	10	9	27	14	50	1	12117165	6075	4775	148	1925	4244	4632	2536	13292	512	
FL	10600	10600	33	29	0	12	8	24	17	53	2	11995030	6075	4775	148	1925	4244	4632	2536	13292	512	
FL	10800	10800	26	30	0	14	8	21	18	45	2	11878319	6075	4775	148	1925	4244	4632	2536	13292	512	
FL	11000	11000	27	30	0	13	8	22	15	44	2	11763160	6075	4775	148	1925	4244	4632	2536	13292	512	
FL	11200	11200	26	27	0	15	5	21	13	46	3	11651278	6075	4775	148	1925	4244	4632	2536	13292	512	
FL	11400	11400	29	26	0	15	6	24	12	46	4	11544139	6075	4775	148	1925	4244	4632	2536	13292	512	
FL	11600	11600	27	27	1	16	6	24	9	46	4	11443671	6075	4775	148	1925	4244	4632	2536	13292	512	
FL	11800	11800	29	25	0	15	7	25	6	46	4	11344650	6075	4775	148	1925	4244	4632	2536	13292	512	
FL	12000	12000	28	23	0	13	5	24	6	43	1	11246559	6075	4775	148	1925	4244	4632	2536	13292	512	
FL	12200	12200	27	22	0	13	8	23	6	45	1	11148736	6075	4775	148	1925	4244	4632	2536	13292	512	
FL	12400	12400	27	24	0	15	10	26	6	51	1	11055148	6075	4775	148	1925	4244	4632	2536	13292	512	
FL	12600	12600	24	21	0	15	11	25	8	50	1	10963365	6075	4775	148	1925	4244	4632	2536	13292	512	
FL	12800	12800	27	17	0	14	10	25	7	51	1	10873794	6075	4775	148	1925	4244	4632	2536	13292	512	
FL	13000	13000	26	18	0	15	11	21	8	43	1	10789241	6075	4775	148	1925	4244	4632	2536	13292	512	
FL	13200	13200	32	20	0	16	12	21	7	41	1	10704506	6075	4775	148	1925	4244	4632	2536	13292	512	
FL	13400	13400	30	18	0	15	13	24	9	38	1	10620994	6075	4775	148	1925	4244	4632	2536	13292	512	
FL	13600	13600	33	17	0	14	13	25	9	42	2	10540042	6075	4775	148	1925	4244	4632	2536	13292	512	
FL	13800	13800	32	18	1	17	12	24	9	41	2	10460422	6075	4775	148	1925	4244	4632	2536	13292	512	
FL	14000	14000	29	20	1	16	11	21	8	38	2	10382072	6075	4775	148	1925	4244	4632	2536	13292	512	
FL	14200	14200	28	21	1	16	9	21	7	41	0	10305963	6075	4775	148	1925	4244	4632	2536	13292	512	
FL	14400	14400	30	22	1	16	10	22	10	46	0	10231789	6075	4775	148	1925	4244	4632	2536	13292	512	
FL	14600	14600	27	23	0	16	9	19	11	52	0	10159512	6075	4775	148	1925	4244	4632	2536	13292	512	
FL	14800	14800	26	25	0	15	10	20	11	50	0	10088555	6075	4775	148	1925	4244	4632	2536	13292	512	
FL	15000	15000	24	23	0	15	12	20	12	49	0	10018001	6075	4775	148	1925	4244	4632	2536	13292	512	
FL	15200	15200	21	18	0	16	11	19	11	48	1	9950010	6075	4775	148	1925	4244	4632	2536	13292	512	
FL	15400	15400	21	22	0	16	10	18	11	52	1	9884521	6075	4775	148	1925	4244	4632	2536	13292	512	
FL	15600	15600	21	25	0	15	9	18	12	51	1	9819502	6075	4775	148	1925	4244	4632	2536	13292	512	
FL	15800	15800	21	22	0	16	10	14	13	49	0	9754864	6075	4775	148	1925	4244	4632	2536	13292	512	
FL	16000	16000	19	16	0	14	11	13	10	44	0	9690384	6075	4775	148	1925	4244	4632	2536	13292	512	
FL	16200	16200	21	19	0	13	11	12	12	45	0	9626790	6075	4775	148	1925	4244	4632	2536	13292	512	
FL	16400	16400	23	16	1	14	10	16	11	36	0	9565985	6075	4775	148	1925	4244	4632	2536	13292	512	
FL	16600	16600	25	17	2	14	8	16	10	37	0	9506494	6075	4775	148	1925	4244	4632	2536	13292	512	
FL	16800	16800	27	20	4	13	8	15	12	33	0	9448470	6075	4775	148	1925	4244	4632	2536	13292	512	
FL	17000	17000	30	17	4	13	12	16	10	31	0	9391446	6075	4775	148	1925	4244	4632	2536	13292	512	
FL	17200	17200	29	15	3	13	12	15	10	30	0	9335691	6075	4775	148	1925	4244	4632	2536	13292	512	
FL	17400	17400	32	14	3	10	12	16	13	32	0	9280766	6075	4775	148	1925	4244	4632	2536	13292	512	
FL	17600	17600	37	16	3	9	11	16	12	35	0	9227969	6075	4775	148	1925	4244	4632	2536	13292	512	
FL	17800	17800	29	16	3	9	9	15	15	31	0	9175571	6075	4775	148	1925	4244	4632	2536	13292	512	
FL	18000	18000	27	18	3	10	10	15	14	34	0	9122032	6075	4775	148	1925	4244	4632	2536	13292	512	
FL	18200	18200	24	15	3	9	10	17	15	37	0	9067411	6075	4775	148	1925	4244	4632	2536	13292	512	
FL	18400	18400	22	14	2	8	8	21	14	32	0	9013197	6075	4775	148	1925	4244	4632	2536	13292	512	
FL	18600	18600	22	17	2	8	8	16	14	29	0	8960116	6075	4775	148	1925	4244	4632	2536	13292	512	
FL	18800	18800	22	16	2	8	5	18	13	33	1	8908284	6075	4775	148	1925	4244	4632	2536	13292	512	
FL	19000	19000	21	15	2	8	5	18	13	31	1	8857043	6075	4775	148	1925	4244	4632	2536	13292	512	
FL	19200	19200	21	11	3	6	6	16	13	36	0	8805856	6075	4775	148	1925	4244	4632	2536	13292	512	
FL	19400	19400	15	12	3	6	6	11	12	36	1	8755652	6075	4775	148	1925	4244	4632	2536	13292	512	
FL	19600	19600	18	12	2	7	6	13	10	36	2	8706754	6075	4775	148	1925	4244	4632	2536	13292	512	
FL	19800	19800	19	13	3	8	7	15	9	38	2	8658344	6075	4775	148	1925	4244	4632	2536	13292	512	
FL	20000	20000	22	8	3	4	6	14	9	37	2	8610824	6075	4775	148	1925	4244	4632	2536	13292	512	
FL	20200	20200	24	11	3	3	7	13	9	38	2	8563386	6075	4775	148	1925	4244	4632	2536	13292	512	
FL	20400	20400	23	14	2	4	8	18	10	38	1	8512450	6075	4775	148	1925	4244	4632	2536	13292	512	
FL	20600	20600	23	15	3	5	8	16	10	34	1	8461326	6075	4775	148	1925	4244	4632	2536	13292	512	
FL	20800	20800	26	12	3	5	7	14	12	33	1	8410490	6075	4775	148	1925	4244	4632	2536	13292	512	
FL	21000	21000	25	14	4	6	8	14	12	38	1	8359755	6075	4775	148	1925	4244	4632	2536	13292	512	
FL	21200	21200	24	13	3	5	9	15	13	41	1	8311038	6075	4775	148	1925	4244	4632	2536	13292	512	
FL	21400	21400	26	18	1	6	9	12	12	36	1	8264874	6075	4775	148	1925	4244	4632	2536	13292	512	
FL	21600	21600	24	20	1	6	8	10	11	36	1	8219196	6075	4775	148	1925	4244	4632	2536	13292	512	
FL	21800	21800	26	20	1	8	7	10	8	37	2	8176062	6075	4775	148	1925	4244	4632	2536	13292	512	
FL	22000	22000	29	19	1	8	6	13	7	33	1	8134127	6075	4775	148	1925	4244	4632	2536	13292	512	
FL	22200	22200	28	14	1	7	8	16	9	25	1	8093493	6075	4775	148	1925	4244	4632	2536	13292	512	
FL	22400	22400	28	12	1	5	8	13	9	24	2	8054766	6075	4775	148	1925	4244	4632	2536	13292	512	
FL	22600	22600	28	15	1	4	8	14	10	25	2	8016305	6075	4775	148	1925	4244	4632	2536	13292	512	
FL	22800	22800	23	16	1	4	6	17	10	33	2	7978805	6075	4775	148	1925	4244	4632	2536	13292	512	
FL	23000	23000	26	19	1	2	7	14	10	35	2	7943536	6075	4775	148	1925	4244	4632	2536	13292	512	
FL	23200	23200	26	20	1	2	8	16	11	36	2	7909655	6075	4775	148	1925	4244	4632	2536	13292	512	
FL	23400	23400	29	18	1	1	9	13	11	41	3	7874743	6075	4775	148	1925	4244	4632	2536	13292	512	
FL	23600	23600	29	16	1	1	9	12	9	35	1	7840424	6075	4775	148	1925	4244	4632	2536	13292	512	
FL	23800	23800	25	14	1	0	8	14	9	41	1	7804431	6075	4775	148	1925	4244	4632	2536	13292	512	
FL	24000	24000	23	15	0	0	6	12	8	41	1	7768156	6075	4775	148	1925	4244	4632	2536	13292	512	
FL	24200	24200	24	13	1	1	8	11	7	39	1	7731888	6075	4775	148	1925	4244	4632	2536	13292	512	
FL	24400	24400	21	11	0	1	8	11	7	37	1	7696064	6075	4775	148	1925	4244	4632	2536	13292	512	
FL	24600	24600	21	9	0	1	7	13	5	33	1	7661724	6075	4775	148	1925	4244	4632	2536	13292	512	
FL	24800	24800	19	7	0	1	6	12	2	30	1	7628953	6075	4775	148	1925	4244	4632	2536	13292	512	
FL	25000	25000	17	8	0	1	8	13	3	29	1	7593728	6075	4775	148	1925	4244	4632	2536	13292	512	
FL	25200	25200	18	7	0	1	8	13	3	26	1	7557268	6075	4775	148	1925	4244	4632	2536	13292	512	
FL	25400	25400	20	7	0	1	9	13	4	25	2	7521907	6075	4775	148	1925	4244	4632	2536	13292	512	
FL	25600	25600	14	5	0	1	8	10	5	24	2	7487162	6075	4775	148	1925	4244	4632	2536	13292	512	
FL	25800	25800	16	6	0	1	7	11	5	22	2	7453327	6075	4775	148	1925	4244	4632	2536	13292	512	
FL	26000	26000	17	7	0	2	6	10	6	18	2	7420525	6075	4775	148	1925	4244	4632	2536	13292	512	
FL	26200	26200	20	10	0	3	6	10	6	19	2	7387680	6075	4775	148	1925	4244	4632	2536	13292	512	
FL	26400	26400	23	10	1	5	5	12	6	19	1	7356630	6075	4775	148	1925	4244	4632	2536	13292	512	
FL	26600	26600	22	9	1	5	5	15	7	21	1	7326930	6075	4775	148	1925	4244	4632	2536	13292	512	
FL	26800	26800	24	10	1	3	4	13	5	25	0	7297572	6075	4775	148	1925	4244	4632	2536	13292	512	
FL	27000	27000	24	9	1	4	3	13	5	23	0	7266724	6075	4775	148	1925	4244	4632	2536	13292	512	
FL	27200	27200	21	6	1	5	3	14	6	24	0	7234989	6075	4775	148	1925	4244	4632	2536	13292	512	
FL	27400	27400	23	5	1	5	2	11	7	26	1	7202143	6075	4775	148	1925	4244	4632	2536	13292	512	
FL	27600	27600	21	5	1	4	2	13	7	27	1	7168534	6075	4775	148	1925	4244	4632	2536	13292	512	
FL	27800	27800	24	8	1	2	2	15	9	27	1	7135053	6075	4775	148	1925	4244	4632	2536	13292	512	
FL	28000	28000	24	13	1	2	2	14	9	22	1	7103117	6075	4775	148	1925	4244	4632	2536	13292	512	
FL	28200	28200	22	12	1	3	2	16	7	21	1	7071786	6075	4775	148	1925	4244	4632	2536	13292	512	
FL	28400	28400	20	12	1	3	3	16	6	21	1	7039927	6075	4775	148	1925	4244	4632	2536	13292	512	
FL	28600	28600	22	13	1	2	4	14	6	19	2	7007191	6075	4775	148	1925	4244	4632	2536	13292	512	
FL	28800	28800	22	16	2	2	3	14	6	18	1	6975535	6075	4775	148	1925	4244	4632	2536	13292	512	
FL	29000	29000	29	19	2	2	3	13	7	20	1	6945320	6075	4775	148	1925	4244	4632	2536	13292	512	
FL	29200	29200	26	14	1	2	1	12	8	18	1	6917663	6075	4775	148	1925	4244	4632	2536	13292	512	
FL	29400	29400	24	14	1	3	1	14	7	16	1	6892182	6075	4775	148	1925	4244	4632	2536	13292	512	
FL	29600	29600	23	16	1	2	1	12	8	15	1	6867188	6075	4775	148	1925	4244	4632	2536	13292	512	
FL	29800	29800	20	20	0	2	1	14	7	18	1	6841622	6075	4775	148	1925	4244	4632	2536	13292	512	
FL	30000	30000	21	19	0	2	1	16	8	22	1	6816415	6075	4775	148	1925	4244	4632	2536	13292	512	
FL	30200	30200	23	18	0	2	1	15	9	26	1	6791009	6075	4775	148	1925	4244	4632	2536	13292	512	
FL	30400	30400	17	20	0	3	1	16	7	27	1	6764960	6075	4775	148	1925	4244	4632	2536	13292	512	
FL	30600	30600	22	16	0	3	1	13	7	28	1	6738665	6075	4775	148	1925	4244	4632	2536	13292	512	
FL	30800	30800	21	16	0	2	3	11	9	23	1	6711089	6075	4775	148	1925	4244	4632	2536	13292	512	
FL	31000	31000	19	15	0	2	2	12	5	22	1	6684480	6075	4775	148	1925	4244	4632	2536	13292	512	
FL	31200	31200	20	15	0	2	3	8	6	17	1	6658649	6075	4775	148	1925	4244	4632	2536	13292	512	
FL	31400	31400	22	13	0	2	3	9	8	15	1	6634034	6075	4775	148	1925	4244	4632	2536	13292	512	
FL	31600	31600	21	14	0	2	2	8	4	16	1	6610333	6075	4775	148	1925	4244	4632	2536	13292	512	
FL	31800	31800	19	15	0	3	2	8	4	19	1	6587039	6075	4775	148	1925	4244	4632	2536	13292	512	
FL	32000	32000	16	12	0	3	2	12	4	19	1	6564502	6075	4775	148	1925	4244	4632	2536	13292	512	
FL	32200	32200	16	12	0	3	2	14	3	18	1	6540558	6075	4775	148	1925	4244	4632	2536	13292	512	
FL	32400	32400	19	11	0	4	3	12	3	21	1	6516090	6075	4775	148	1925	4244	4632	2536	13292	512	
FL	32600	32600	16	8	0	2	5	12	3	19	1	6491072	6075	4775	148	1925	4244	4632	2536	13292	512	
FL	32800	32800	14	9	1	1	3	10	3	21	1	6465248	6075	4775	148	1925	4244	4632	2536	13292	512	
FL	33000	33000	10	9	2	1	1	11	3	21	1	6439035	6075	4775	148	1925	4244	4632	2536	13292	512	
FL	33200	33200	14	12	2	2	1	13	2	22	0	6412414	6075	4775	148	1925	4244	4632	2536	13292	512	
FL	33400	33400	15	9	2	2	2	12	2	23	0	6388187	6075	4775	148	1925	4244	4632	2536	13292	512	
FL	33600	33600	13	12	1	3	2	12	3	23	0	6363755	6075	4775	148	1925	4244	4632	2536	13292	512	
FL	33800	33800	13	11	0	2	3	14	3	24	0	6340551	6075	4775	148	1925	4244	4632	2536	13292	512	
FL	34000	34000	12	12	0	1	4	11	3	22	0	6318746	6075	4775	148	1925	4244	4632	2536	13292	512	
FL	34200	34200	14	9	0	1	4	13	3	22	0	6297322	6075	4775	148	1925	4244	4632	2536	13292	512	
FL	34400	34400	13	10	0	2	4	12	4	18	0	6277667	6075	4775	148	1925	4244	4632	2536	13292	512	
FL	34600	34600	14	11	0	2	4	12	2	19	1	6257924	6075	4775	148	1925	4244	4632	2536	13292	512	
FL	34800	34800	11	11	0	2	5	16	3	20	1	6237392	6075	4775	148	1925	4244	4632	2536	13292	512	
FL	35000	35000	14	9	0	2	4	13	5	19	1	6216345	6075	4775	148	1925	4244	4632	2536	13292	512	
FL	35200	35200	13	9	0	4	5	12	5	17	0	6194293	6075	4775	148	1925	4244	4632	2536	13292	512	
FL	35400	35400	12	11	0	3	6	11	5	17	0	6171765	6075	4775	148	1925	4244	4632	2536	13292	512	
FL	35600	35600	15	10	0	1	6	12	6	19	0	6147573	6075	4775	148	1925	4244	4632	2536	13292	512	
FL	35800	35800	14	11	0	1	4	10	8	20	0	6125269	6075	4775	148	1925	4244	4632	2536	13292	512	
FL	36000	36000	16	17	0	2	4	10	7	21	0	6102552	6075	4775	148	1925	4244	4632	2536	13292	512	
FL	36200	36200	15	16	0	2	3	11	8	25	0	6079030	6075	4775	148	1925	4244	4632	2536	13292	512	
FL	36400	36400	17	15	0	1	3	10	9	23	0	6055635	6075	4775	148	1925	4244	4632	2536	13292	512	
FL	36600	36600	17	15	0	2	3	10	9	24	0	6032660	6075	4775	148	1925	4244	4632	2536	13292	512	
FL	36800	36800	16	13	0	2	3	10	8	23	0	6010495	6075	4775	148	1925	4244	4632	2536	13292	512	
FL	37000	37000	11	10	0	1	4	10	5	19	0	5988903	6075	4775	148	1925	4244	4632	2536	13292	512	
FL	37200	37200	10	12	0	0	5	10	5	20	0	5967658	6075	4775	148	1925	4244	4632	2536	13292	512	
FL	37400	37400	11	12	0	1	4	8	7	23	1	5947856	6075	4775	148	1925	4244	4632	2536	13292	512	
FL	37600	37600	13	11	0	3	4	10	6	25	1	5928638	6075	4775	148	1925	4244	4632	2536	13292	512	
FL	37800	37800	11	5	0	2	4	12	5	28	1	5908440	6075	4775	148	1925	4244	4632	2536	13292	512	
FL	38000	38000	13	5	0	2	2	10	5	25	1	5888067	6075	4775	148	1925	4244	4632	2536	13292	512	
FL	38200	38200	15	5	0	3	2	11	6	26	1	5868049	6075	4775	148	1925	4244	4632	2536	13292	512	
FL	38400	38400	15	8	0	2	3	11	6	26	1	5848711	6075	4775	148	1925	4244	4632	2536	13292	512	
FL	38600	38600	11	7	0	2	2	12	6	23	1	5831157	6075	4775	148	1925	4244	4632	2536	13292	512	
FL	38800	38800	12	7	0	2	2	11	4	20	1	5812911	6075	4775	148	1925	4244	4632	2536	13292	512	
FL	39000	39000	14	8	0	3	3	12	4	23	0	5794061	6075	4775	148	1925	4244	4632	2536	13292	512	
FL	39200	39200	15	10	0	3	4	12	5	22	0	5774806	6075	4775	148	1925	4244	4632	2536	13292	512	
FL	39400	39400	18	12	0	2	6	13	5	18	0	5756068	6075	4775	148	1925	4244	4632	2536	13292	512	
FL	39600	39600	15	12	0	2	5	10	7	13	0	5738307	6075	4775	148	1925	4244	4632	2536	13292	512	
FL	39800	39800	14	12	0	2	5	10	8	10	0	5720055	6075	4775	148	1925	4244	4632	2536	13292	512	
FL	40000	40000	12	13	0	2	6	7	8	11	0	5701901	6075	4775	148	1925	4244	4632	2536	13292	512	
FL	40200	40200	14	12	0	2	7	9	6	17	0	5684110	6075	4775	148	1925	4244	4632	2536	13292	512	
FL	40400	40400	12	13	0	4	5	13	8	18	1	5665912	6075	4775	148	1925	4244	4632	2536	13292	512	
FL	40600	40600	13	15	0	4	5	10	8	19	0	5648381	6075	4775	148	1925	4244	4632	2536	13292	512	
FL	40800	40800	10	13	0	5	4	9	6	20	0	5631369	6075	4775	148	1925	4244	4632	2536	13292	512	
FL	41000	41000	15	14	0	5	4	12	4	17	0	5614558	6075	4775	148	1925	4244	4632	2536	13292	512	
FL	41200	41200	16	15	0	5	3	15	4	15	0	5598390	6075	4775	148	1925	4244	4632	2536	13292	512	
FL	41400	41400	16	13	0	5	2	13	3	18	0	5582280	6075	4775	148	1925	4244	4632	2536	13292	512	
FL	41600	41600	12	13	0	5	3	10	4	25	0	5565599	6075	4775	148	1925	4244	4632	2536	13292	512	
FL	41800	41800	15	16	0	3	4	8	3	22	0	5548528	6075	4775	148	1925	4244	4632	2536	13292	512	
FL	42000	42000	15	11	0	3	3	7	3	18	0	5530751	6075	4775	148	1925	4244	4632	2536	13292	512	
FL	42200	42200	9	12	0	4	2	5	2	21	0	5513110	6075	4775	148	1925	4244	4632	2536	13292	512	
FL	42400	42400	9	10	0	3	2	5	3	18	0	5495500	6075	4775	148	1925	4244	4632	2536	13292	512	
FL	42600	42600	11	11	0	2	2	8	5	14	0	5477341	6075	4775	148	1925	4244	4632	2536	13292	512	
FL	42800	42800	10	9	0	3	1	8	7	14	0	5458999	6075	4775	148	1925	4244	4632	2536	13292	512	
FL	43000	43000	10	10	0	3	1	9	7	15	0	5440785	6075	4775	148	1925	4244	4632	2536	13292	512	
FL	43200	43200	8	8	0	3	0	9	5	20	0	5422121	6075	4775	148	1925	4244	4632	2536	13292	512	
FL	43400	43400	8	10	0	4	0	9	5	18	0	5403541	6075	4775	148	1925	4244	4632	2536	13292	512	
FL	43600	43600	11	8	0	3	0	10	3	18	0	5387048	6075	4775	148	1925	4244	4632	2536	13292	512	
FL	43800	43800	17	8	0	3	0	5	2	16	0	5370573	6075	4775	148	1925	4244	4632	2536	13292	512	
FL	44000	44000	18	7	0	3	1	8	5	12	1	5354452	6075	4775	148	1925	4244	4632	2536	13292	512	
FL	44200	44200	14	7	0	3	1	8	5	14	1	5337946	6075	4775	148	1925	4244	4632	2536	13292	512	
FL	44400	44400	13	5	0	3	2	7	3	14	1	5320937	6075	4775	148	1925	4244	4632	2536	13292	512	
FL	44600	44600	14	5	0	3	4	7	3	14	1	5304594	6075	4775	148	1925	4244	4632	2536	13292	512	
FL	44800	44800	11	5	1	3	4	10	3	11	0	5289199	6075	4775	148	1925	4244	4632	2536	13292	512	
FL	45000	45000	8	6	1	4	5	8	3	13	0	5273044	6075	4775	148	1925	4244	4632	2536	13292	512	
FL	45200	45200	9	5	1	5	4	7	2	17	0	5257108	6075	4775	148	1925	4244	4632	2536	13292	512	
FL	45400	45400	12	5	1	5	3	8	0	20	0	5241501	6075	4775	148	1925	4244	4632	2536	13292	512	
FL	45600	45600	13	4	1	6	3	7	0	17	0	5227064	6075	4775	148	1925	4244	4632	2536	13292	512	
FL	45800	45800	12	3	2	4	1	4	0	17	1	5213068	6075	4775	148	1925	4244	4632	2536	13292	512	
FL	46000	46000	15	3	2	3	0	6	0	15	1	5199276	6075	4775	148	1925	4244	4632	2536	13292	512	
FL	46200	46200	14	5	2	3	1	7	1	16	1	5185647	6075	4775	148	1925	4244	4632	2536	13292	512	
FL	46400	46400	14	4	2	3	2	8	2	16	0	5172125	6075	4775	148	1925	4244	4632	2536	13292	512	
FL	46600	46600	16	4	1	3	2	9	2	14	0	5158073	6075	4775	148	1925	4244	4632	2536	13292	512	
FL	46800	46800	10	5	1	2	3	6	2	16	0	5144406	6075	4775	148	1925	4244	4632	2536	13292	512	
FL	47000	47000	7	5	1	2	3	7	3	16	0	5130378	6075	4775	148	1925	4244	4632	2536	13292	512	
FL	47200	47200	8	5	1	2	4	11	1	15	0	5117228	6075	4775	148	1925	4244	4632	2536	13292	512	
FL	47400	47400	10	5	1	2	4	10	4	14	0	5104129	6075	4775	148	1925	4244	4632	2536	13292	512	
FL	47600	47600	9	5	1	1	6	10	5	12	0	5090338	6075	4775	148	1925	4244	4632	2536	13292	512	
FL	47800	47800	9	5	1	0	8	12	5	13	0	5077631	6075	4775	148	1925	4244	4632	2536	13292	512	
FL	48000	48000	7	4	1	0	9	9	5	14	0	5065362	6075	4775	148	1925	4244	4632	2536	13292	512	
FL	48200	48200	10	4	1	0	9	9	5	14	0	5053559	6075	4775	148	1925	4244	4632	2536	13292	512	
FL	48400	48400	9	5	1	0	8	10	5	14	0	5040803	6075	4775	148	1925	4244	4632	2536	13292	512	
FL	48600	48600	10	6	1	0	7	7	4	14	0	5027069	6075	4775	148	1925	4244	4632	2536	13292	512	
FL	48800	48800	10	8	1	0	5	7	2	18	0	5013064	6075	4775	148	1925	4244	4632	2536	13292	512	
FL	49000	49000	10	11	1	1	5	7	3	18	1	5000371	6075	4775	148	1925	4244	4632	2536	13292	512	
FL	49200	49200	9	11	1	1	4	7	4	18	1	4986828	6075	4775	148	1925	4244	4632	2536	13292	512	
FL	49400	49400	11	9	1	1	5	7	5	18	1	4973471	6075	4775	148	1925	4244	4632	2536	13292	512	
FL	49600	49600	14	9	1	0	4	8	4	17	0	4961157	6075	4775	148	1925	4244	4632	2536	13292	512	
FL	49800	49800	13	11	0	0	4	8	5	17	0	4949783	6075	4775	148	1925	4244	4632	2536	13292	512	
FL	50000	50000	12	12	0	0	5	6	5	16	0	4937313	6075	4775	148	1925	4244	4632	2536	13292	512	
FL	50200	50200	12	14	0	0	4	7	5	15	0	4924755	6075	4775	148	1925	4244	4632	2536	13292	512	
FL	50400	50400	14	12	0	0	3	5	4	17	0	4912791	6075	4775	148	1925	4244	4632	2536	13292	512	
FL	50600	50600	14	11	0	2	3	5	3	11	0	4901627	6075	4775	148	1925	4244	4632	2536	13292	512	
FL	50800	50800	13	9	0	2	3	5	3	17	0	4889879	6075	4775	148	1925	4244	4632	2536	13292	512	
FL	51000	51000	13	9	0	3	4	6	2	20	0	4876908	6075	4775	148	1925	4244	4632	2536	13292	512	
FL	51200	51200	12	8	0	2	4	7	1	18	0	4863617	6075	4775	148	1925	4244	4632	2536	13292	512	
FL	51400	51400	11	9	0	2	3	7	3	19	0	4849538	6075	4775	148	1925	4244	4632	2536	13292	512	
FL	51600	51600	10	9	1	2	3	7	3	16	0	4835762	6075	4775	148	1925	4244	4632	2536	13292	512	
FL	51800	51800	11	8	1	3	2	9	4	16	0	4820271	6075	4775	148	1925	4244	4632	2536	13292	512	
FL	52000	52000	14	8	1	3	2	11	5	16	0	4805567	6075	4775	148	1925	4244	4632	2536	13292	512	
FL	52200	52200	14	5	2	3	2	10	5	16	0	4791068	6075	4775	148	1925	4244	4632	2536	13292	512	
FL	52400	52400	14	5	2	2	3	7	5	15	0	4777391	6075	4775	148	1925	4244	4632	2536	13292	512	
FL	52600	52600	12	7	2	2	3	6	6	15	1	4763590	6075	4775	148	1925	4244	4632	2536	13292	512	
FL	52800	52800	12	6	0	3	6	5	5	13	1	4750729	6075	4775	148	1925	4244	4632	2536	13292	512	
FL	53000	53000	11	6	0	3	8	7	5	13	1	4739483	6075	4775	148	1925	4244	4632	2536	13292	512	
FL	53200	53200	7	6	0	3	7	7	6	15	0	4729847	6075	4775	148	1925	4244	4632	2536	13292	512	
FL	53400	53400	10	6	0	3	9	8	5	17	0	4720550	6075	4775	148	1925	4244	4632	2536	13292	512	
FL	53600	53600	9	5	0	1	7	8	4	17	0	4710562	6075	4775	148	1925	4244	4632	2536	13292	512	
FL	53800	53800	11	5	0	1	6	8	4	19	0	4700498	6075	4775	148	1925	4244	4632	2536	13292	512	
FL	54000	54000	11	6	0	1	7	11	4	17	1	4689639	6075	4775	148	1925	4244	4632	2536	13292	512	
FL	54200	54200	10	7	0	2	6	8	4	17	1	4678992	6075	4775	148	1925	4244	4632	2536	13292	512	
FL	54400	54400	10	7	0	1	10	8	3	20	1	4668494	6075	4775	148	1925	4244	4632	2536	13292	512	
FL	54600	54600	10	5	0	1	11	6	3	18	1	4657556	6075	4775	148	1925	4244	4632	2536	13292	512	
FL	54800	54800	9	5	0	1	9	5	4	20	0	4646991	6075	4775	148	1925	4244	4632	2536	13292	512	
FL	55000	55000	9	7	0	1	7	6	3	16	0	4636033	6075	4775	148	1925	4244	4632	2536	13292	512	
FL	55200	55200	6	8	0	1	6	7	6	15	0	4624489	6075	4775	148	1925	4244	4632	2536	13292	512	
FL	55400	55400	6	9	0	2	6	5	6	14	0	4613227	6075	4775	148	1925	4244	4632	2536	13292	512	
FL	55600	55600	6	9	0	3	4	5	5	14	0	4602947	6075	4775	148	1925	4244	4632	2536	13292	512	
FL	55800	55800	8	11	0	3	3	6	3	17	0	4593058	6075	4775	148	1925	4244	4632	2536	13292	512	
FL	56000	56000	8	11	0	2	2	9	2	20	0	4584084	6075	4775	148	1925	4244	4632	2536	13292	512	
FL	56200	56200	6	11	0	2	3	10	1	17	0	4576814	6075	4775	148	1925	4244	4632	2536	13292	512	
FL	56400	56400	7	8	0	1	3	11	1	16	0	4569068	6075	4775	148	1925	4244	4632	2536	13292	512	
FL	56600	56600	7	11	0	1	3	13	1	14	0	4560570	6075	4775	148	1925	4244	4632	2536	13292	512	
FL	56800	56800	7	10	0	1	2	13	1	14	0	4551094	6075	4775	148	1925	4244	4632	2536	13292	512	
FL	57000	57000	7	10	0	2	2	11	1	13	0	4541955	6075	4775	148	1925	4244	4632	2536	13292	512	
FL	57200	57200	10	9	0	2	2	12	1	14	0	4532146	6075	4775	148	1925	4244	4632	2536	13292	512	
FL	57400	57400	11	7	0	2	3	9	2	12	0	4522867	6075	4775	148	1925	4244	4632	2536	13292	512	
FL	57600	57600	9	6	0	2	3	13	2	12	0	4514182	6075	4775	148	1925	4244	4632	2536	13292	512	
FL	57800	57800	12	7	0	2	4	14	2	12	0	4505598	6075	4775	148	1925	4244	4632	2536	13292	512	
FL	58000	58000	13	9	0	2	1	14	2	12	0	4495938	6075	4775	148	1925	4244	4632	2536	13292	512	
FL	58200	58200	12	8	0	2	1	12	2	13	0	4486439	6075	4775	148	1925	4244	4632	2536	13292	512	
FL	58400	58400	11	7	0	2	0	9	2	15	0	4477989	6075	4775	148	1925	4244	4632	2536	13292	512	
FL	58600	58600	14	7	0	1	1	7	2	16	0	4468491	6075	4775	148	1925	4244	4632	2536	13292	512	
FL	58800	58800	11	4	0	1	1	6	2	17	0	4458856	6075	4775	148	1925	4244	4632	2536	13292	512	
FL	59000	59000	9	3	0	1	1	6	3	19	0	4449181	6075	4775	148	1925	4244	4632	2536	13292	512	
FL	59200	59200	10	5	0	1	2	7	3	20	0	4439472	6075	4775	148	1925	4244	4632	2536	13292	512	
FL	59400	59400	10	8	0	1	2	7	3	18	0	4429695	6075	4775	148	1925	4244	4632	2536	13292	512	
FL	59600	59600	9	9	0	0	2	6	3	16	0	4420267	6075	4775	148	1925	4244	4632	2536	13292	512	
FL	59800	59800	11	10	0	1	1	7	3	15	0	4410645	6075	4775	148	1925	4244	4632	2536	13292	512	
FL	60000	60000	12	7	0	1	1	6	3	13	0	4401029	6075	4775	148	1925	4244	4632	2536	13292	512	
FL	60200	60200	11	7	0	1	1	5	2	12	0	4390839	6075	4775	148	1925	4244	4632	2536	13292	512	
FL	60400	60400	10	5	0	1	2	5	1	14	0	4380794	6075	4775	148	1925	4244	4632	2536	13292	512	
FL	60600	60600	10	7	0	0	2	5	1	14	0	4371435	6075	4775	148	1925	4244	4632	2536	13292	512	
FL	60800	60800	12	7	0	0	3	5	2	14	1	4363482	6075	4775	148	1925	4244	4632	2536	13292	512	
FL	61000	61000	12	7	0	0	2	4	2	15	1	4355752	6075	4775	148	1925	4244	4632	2536	13292	512	
FL	61200	61200	13	7	0	2	0	3	2	12	1	4347660	6075	4775	148	1925	4244	4632	2536	13292	512	
FL	61400	61400	13	6	0	1	0	3	3	12	1	4338874	6075	4775	148	1925	4244	4632	2536	13292	512	
FL	61600	61600	13	6	0	1	0	6	2	12	1	4329686	6075	4775	148	1925	4244	4632	2536	13292	512	
FL	61800	61800	13	8	0	1	0	6	3	12	1	4321238	6075	4775	148	1925	4244	4632	2536	13292	512	
FL	62000	62000	11	11	0	1	0	7	3	14	0	4313227	6075	4775	148	1925	4244	4632	2536	13292	512	
FL	62200	62200	9	13	0	1	0	6	3	15	0	4304698	6075	4775	148	1925	4244	4632	2536	13292	512	
FL	62400	62400	10	9	0	2	1	5	3	17	0	4296116	6075	4775	148	1925	4244	4632	2536	13292	512	
FL	62600	62600	10	8	0	3	2	6	2	13	0	4287199	6075	4775	148	1925	4244	4632	2536	13292	512	
FL	62800	62800	11	5	0	3	3	8	1	14	0	4278148	6075	4775	148	1925	4244	4632	2536	13292	512	
FL	63000	63000	10	4	0	3	3	4	1	12	0	4269520	6075	4775	148	1925	4244	4632	2536	13292	512	
FL	63200	63200	7	6	0	3	4	6	2	13	0	4261213	6075	4775	148	1925	4244	4632	2536	13292	512	
FL	63400	63400	13	7	0	5	4	11	4	12	0	4253523	6075	4775	148	1925	4244	4632	2536	13292	512	
FL	63600	63600	11	7	0	6	4	11	5	14	0	4246425	6075	4775	148	1925	4244	4632	2536	13292	512	
FL	63800	63800	15	6	0	5	2	13	6	14	0	4237752	6075	4775	148	1925	4244	4632	2536	13292	512	
FL	64000	64000	10	4	0	3	2	13	6	17	0	4228311	6075	4775	148	1925	4244	4632	2536	13292	512	
FL	64200	64200	8	4	0	1	3	8	5	21	0	4218439	6075	4775	148	1925	4244	4632	2536	13292	512	
FL	64400	64400	8	4	0	1	2	8	7	22	0	4208988	6075	4775	148	1925	4244	4632	2536	13292	512	
FL	64600	64600	8	2	0	1	2	5	8	20	1	4200192	6075	4775	148	1925	4244	4632	2536	13292	512	
FL	64800	64800	9	1	0	1	2	7	7	23	1	4191817	6075	4775	148	1925	4244	4632	2536	13292	512	
FL	65000	65000	8	3	1	1	5	5	8	22	1	4183959	6075	4775	148	1925	4244	4632	2536	13292	512	
FL	65200	65200	9	3	1	0	4	4	8	23	0	4176062	6075	4775	148	1925	4244	4632	2536	13292	512	
FL	65400	65400	10	3	1	2	3	5	9	22	0	4167848	6075	4775	148	1925	4244	4632	2536	13292	512	
FL	65600	65600	10	3	1	1	3	6	7	22	0	4160845	6075	4775	148	1925	4244	4632	2536	13292	512	
FL	65800	65800	9	2	0	1	3	6	7	23	0	4153561	6075	4775	148	1925	4244	4632	2536	13292	512	
FL	66000	66000	8	4	0	2	3	5	5	22	0	4146784	6075	4775	148	1925	4244	4632	2536	13292	512	
FL	66200	66200	6	4	0	3	2	4	5	16	0	4140133	6075	4775	148	1925	4244	4632	2536	13292	512	
FL	66400	66400	7	3	0	2	2	7	5	13	0	4133504	6075	4775	148	1925	4244	4632	2536	13292	512	
FL	66600	66600	7	6	0	2	2	7	5	17	0	4126898	6075	4775	148	1925	4244	4632	2536	13292	512	
FL	66800	66800	8	6	0	2	2	8	4	20	0	4120455	6075	4775	148	1925	4244	4632	2536	13292	512	
FL	67000	67000	7	8	0	3	2	10	3	23	0	4114648	6075	4775	148	1925	4244	4632	2536	13292	512	
FL	67200	67200	9	7	0	4	3	10	3	29	0	4108614	6075	4775	148	1925	4244	4632	2536	13292	512	
FL	67400	67400	8	6	0	4	1	8	3	26	0	4101984	6075	4775	148	1925	4244	4632	2536	13292	512	
FL	67600	67600	9	5	0	4	1	10	4	28	0	4095390	6075	4775	148	1925	4244	4632	2536	13292	512	
FL	67800	67800	9	4	0	4	1	8	4	26	1	4088728	6075	4775	148	1925	4244	4632	2536	13292	512	
FL	68000	68000	8	4	0	1	1	7	3	21	1	4081962	6075	4775	148	1925	4244	4632	2536	13292	512	
FL	68200	68200	6	3	0	1	1	6	4	16	0	4075176	6075	4775	148	1925	4244	4632	2536	13292	512	
FL	68400	68400	7	3	0	1	1	7	2	12	1	4068377	6075	4775	148	1925	4244	4632	2536	13292	512	
FL	68600	68600	7	2	0	2	2	8	2	13	2	4061199	6075	4775	148	1925	4244	4632	2536	13292	512	
FL	68800	68800	9	3	0	1	2	7	2	12	2	4053660	6075	4775	148	1925	4244	4632	2536	13292	512	
FL	69000	69000	10	2	0	0	2	8	3	16	2	4045639	6075	4775	148	1925	4244	4632	2536	13292	512	
FL	69200	69200	10	2	0	0	4	8	5	13	1	4037366	6075	4775	148	1925	4244	4632	2536	13292	512	
FL	69400	69400	9	4	0	2	4	9	4	15	0	4029628	6075	4775	148	1925	4244	4632	2536	13292	512	
FL	69600	69600	10	7	0	2	3	11	3	11	0	4022711	6075	4775	148	1925	4244	4632	2536	13292	512	
FL	69800	69800	9	8	0	2	4	7	2	11	0	4016197	6075	4775	148	1925	4244	4632	2536	13292	512	
FL	70000	70000	8	9	0	1	3	8	2	11	0	4009448	6075	4775	148	1925	4244	4632	2536	13292	512	
FL	70200	70200	6	8	0	1	3	9	3	11	0	4003307	6075	4775	148	1925	4244	4632	2536	13292	512	
FL	70400	70400	6	8	0	0	5	10	4	7	0	3997410	6075	4775	148	1925	4244	4632	2536	13292	512	
FL	70600	70600	4	8	0	0	2	11	4	8	0	3991923	6075	4775	148	1925	4244	4632	2536	13292	512	
FL	70800	70800	5	8	0	0	1	9	3	7	0	3986472	6075	4775	148	1925	4244	4632	2536	13292	512	
FL	71000	71000	6	8	0	0	1	7	2	12	0	3980779	6075	4775	148	1925	4244	4632	2536	13292	512	
FL	71200	71200	5	5	0	0	1	8	2	16	0	3974986	6075	4775	148	1925	4244	4632	2536	13292	512	
FL	71400	71400	4	4	0	0	1	9	1	19	0	3969202	6075	4775	148	1925	4244	4632	2536	13292	512	
FL	71600	71600	3	5	0	0	1	8	1	18	0	3964285	6075	4775	148	1925	4244	4632	2536	13292	512	
FL	71800	71800	5	3	0	1	2	12	2	17	0	3959402	6075	4775	148	1925	4244	4632	2536	13292	512	
FL	72000	72000	7	6	0	1	2	12	1	15	0	3954053	6075	4775	148	1925	4244	4632	2536	13292	512	
FL	72200	72200	7	9	0	1	3	12	3	9	0	3949181	6075	4775	148	1925	4244	4632	2536	13292	512	
FL	72400	72400	7	10	1	1	2	10	4	9	0	3944282	6075	4775	148	1925	4244	4632	2536	13292	512	
FL	72600	72600	7	9	1	2	2	12	3	9	0	3939598	6075	4775	148	1925	4244	4632	2536	13292	512	
FL	72800	72800	7	7	1	1	4	11	3	7	0	3934461	6075	4775	148	1925	4244	4632	2536	13292	512	
FL	73000	73000	5	6	1	1	7	11	3	9	0	3929727	6075	4775	148	1925	4244	4632	2536	13292	512	
FL	73200	73200	4	7	1	1	7	10	3	12	0	3925676	6075	4775	148	1925	4244	4632	2536	13292	512	
FL	73400	73400	8	7	1	1	7	12	3	12	0	3921854	6075	4775	148	1925	4244	4632	2536	13292	512	
FL	73600	73600	9	6	1	2	7	12	3	7	1	3917592	6075	4775	148	1925	4244	4632	2536	13292	512	
FL	73800	73800	11	8	1	3	9	12	2	7	1	3912168	6075	4775	148	1925	4244	4632	2536	13292	512	
FL	74000	74000	11	7	1	3	4	10	3	8	0	3906047	6075	4775	148	1925	4244	4632	2536	13292	512	
FL	74200	74200	11	6	1	4	4	12	3	10	0	3898873	6075	4775	148	1925	4244	4632	2536	13292	512	
FL	74400	74400	11	7	1	4	3	13	3	10	0	3890937	6075	4775	148	1925	4244	4632	2536	13292	512	
FL	74600	74600	9	7	1	4	4	13	5	8	0	3883120	6075	4775	148	1925	4244	4632	2536	13292	512	
FL	74800	74800	6	6	1	3	6	12	4	12	0	3874832	6075	4775	148	1925	4244	4632	2536	13292	512	
FL	75000	75000	6	7	2	3	8	10	3	14	1	3867146	6075	4775	148	1925	4244	4632	2536	13292	512	
FL	75200	75200	6	6	3	3	5	11	2	16	1	3857952	6075	4775	148	1925	4244	4632	2536	13292	512	
FL	75400	75400	8	8	2	2	5	14	1	15	2	3848527	6075	4775	148	1925	4244	4632	2536	13292	512	
FL	75600	75600	8	7	2	1	5	13	1	14	2	3839718	6075	4775	148	1925	4244	4632	2536	13292	512	
FL	75800	75800	6	9	2	1	3	12	1	17	2	3831466	6075	4775	148	1925	4244	4632	2536	13292	512	
FL	76000	76000	7	7	2	1	3	11	2	17	1	3822732	6075	4775	148	1925	4244	4632	2536	13292	512	
FL	76200	76200	7	4	1	0	3	13	1	16	0	3814593	6075	4775	148	1925	4244	4632	2536	13292	512	
FL	76400	76400	7	6	0	0	2	14	0	14	0	3807222	6075	4775	148	1925	4244	4632	2536	13292	512	
FL	76600	76600	8	4	0	0	1	12	0	13	0	3801203	6075	4775	148	1925	4244	4632	2536	13292	512	
FL	76800	76800	9	6	0	0	2	12	2	12	0	3796167	6075	4775	148	1925	4244	4632	2536	13292	512	
FL	77000	77000	8	4	0	0	2	8	1	13	0	3791823	6075	4775	148	1925	4244	4632	2536	13292	512	
FL	77200	77200	9	4	1	0	3	9	1	12	0	3787399	6075	4775	148	1925	4244	4632	2536	13292	512	
FL	77400	77400	10	4	1	0	3	9	1	9	0	3782824	6075	4775	148	1925	4244	4632	2536	13292	512	
FL	77600	77600	12	5	1	0	4	8	0	9	1	3778691	6075	4775	148	1925	4244	4632	2536	13292	512	
FL	77800	77800	8	5	0	1	4	10	0	10	1	3774242	6075	4775	148	1925	4244	4632	2536	13292	512	
FL	78000	78000	11	7	0	1	4	10	1	10	1	3768007	6075	4775	148	1925	4244	4632	2536	13292	512	
FL	78200	78200	8	5	0	2	4	8	3	5	1	3761527	6075	4775	148	1925	4244	4632	2536	13292	512	
FL	78400	78400	7	7	0	4	4	8	4	10	1	3754924	6075	4775	148	1925	4244	4632	2536	13292	512	
FL	78600	78600	7	6	0	6	2	10	5	14	1	3748439	6075	4775	148	1925	4244	4632	2536	13292	512	
FL	78800	78800	5	6	0	6	3	9	5	11	0	3742332	6075	4775	148	1925	4244	4632	2536	13292	512	
FL	79000	79000	5	6	0	7	3	6	5	12	0	3735215	6075	4775	148	1925	4244	4632	2536	13292	512	
FL	79200	79200	7	6	0	8	3	7	4	14	0	3727808	6075	4775	148	1925	4244	4632	2536	13292	512	
FL	79400	79400	5	6	0	6	2	8	5	13	1	3720230	6075	4775	148	1925	4244	4632	2536	13292	512	
FL	79600	79600	6	7	0	6	1	8	5	12	1	3712003	6075	4775	148	1925	4244	4632	2536	13292	512	
FL	79800	79800	8	6	0	6	1	7	5	14	1	3703421	6075	4775	148	1925	4244	4632	2536	13292	512	
FL	80000	80000	5	6	0	5	3	7	4	16	2	3694916	6075	4775	148	1925	4244	4632	2536	13292	512	
FL	80200	80200	5	8	0	2	5	8	4	13	1	3685967	6075	4775	148	1925	4244	4632	2536	13292	512	
FL	80400	80400	4	7	0	2	5	5	4	15	1	3677796	6075	4775	148	1925	4244	4632	2536	13292	512	
FL	80600	80600	3	7	0	2	4	6	3	15	0	3669784	6075	4775	148	1925	4244	4632	2536	13292	512	
FL	80800	80800	5	7	0	2	4	4	3	14	0	3662374	6075	4775	148	1925	4244	4632	2536	13292	512	
FL	81000	81000	6	7	0	0	3	5	2	13	0	3655346	6075	4775	148	1925	4244	4632	2536	13292	512	
FL	81200	81200	7	6	0	1	3	6	1	12	0	3648273	6075	4775	148	1925	4244	4632	2536	13292	512	
FL	81400	81400	9	8	0	1	3	4	1	11	0	3641028	6075	4775	148	1925	4244	4632	2536	13292	512	
FL	81600	81600	7	9	0	1	3	5	2	13	0	3634811	6075	4775	148	1925	4244	4632	2536	13292	512	
FL	81800	81800	9	8	0	1	5	6	3	16	0	3629047	6075	4775	148	1925	4244	4632	2536	13292	512	
FL	82000	82000	9	7	0	2	7	5	3	13	0	3623256	6075	4775	148	1925	4244	4632	2536	13292	512	
FL	82200	82200	9	7	0	2	7	3	3	10	0	3616921	6075	4775	148	1925	4244	4632	2536	13292	512	
FL	82400	82400	11	9	0	3	5	5	3	12	0	3610129	6075	4775	148	1925	4244	4632	2536	13292	512	
FL	82600	82600	9	10	0	3	5	6	3	12	0	3603604	6075	4775	148	1925	4244	4632	2536	13292	512	
FL	82800	82800	8	12	0	1	5	6	3	11	0	3597609	6075	4775	148	1925	4244	4632	2536	13292	512	
FL	83000	83000	9	11	0	2	3	8	3	6	0	3591389	6075	4775	148	1925	4244	4632	2536	13292	512	
FL	83200	83200	9	12	0	2	3	8	5	7	0	3585287	6075	4775	148	1925	4244	4632	2536	13292	512	
FL	83400	83400	10	13	0	2	3	8	4	6	0	3579878	6075	4775	148	1925	4244	4632	2536	13292	512	
FL	83600	83600	9	11	0	3	3	8	3	6	0	3573982	6075	4775	148	1925	4244	4632	2536	13292	512	
FL	83800	83800	10	10	0	3	3	7	5	4	0	3568240	6075	4775	148	1925	4244	4632	2536	13292	512	
FL	84000	84000	7	11	0	3	4	5	5	7	0	3562616	6075	4775	148	1925	4244	4632	2536	13292	512	
FL	84200	84200	9	11	0	2	4	4	4	6	0	3556866	6075	4775	148	1925	4244	4632	2536	13292	512	
FL	84400	84400	9	11	0	2	4	3	3	7	0	3550944	6075	4775	148	1925	4244	4632	2536	13292	512	
FL	84600	84600	9	8	0	1	5	3	2	8	0	3546067	6075	4775	148	1925	4244	4632	2536	13292	512	
FL	84800	84800	7	8	0	1	7	3	2	8	0	3541905	6075	4775	148	1925	4244	4632	2536	13292	512	
FL	85000	85000	8	8	0	1	8	3	1	8	0	3537480	6075	4775	148	1925	4244	4632	2536	13292	512	
FL	85200	85200	7	7	0	0	9	5	1	9	0	3532881	6075	4775	148	1925	4244	4632	2536	13292	512	
FL	85400	85400	6	8	0	0	9	6	1	10	0	3527958	6075	4775	148	1925	4244	4632	2536	13292	512	
FL	85600	85600	6	10	0	0	8	8	2	12	0	3522583	6075	4775	148	1925	4244	4632	2536	13292	512	
FL	85800	85800	8	9	0	2	7	6	2	15	0	3517637	6075	4775	148	1925	4244	4632	2536	13292	512	
FL	86000	86000	13	9	0	1	7	5	4	18	0	3512225	6075	4775	148	1925	4244	4632	2536	13292	512	
FL	86200	86200	11	11	0	1	6	4	4	21	0	3505619	6075	4775	148	1925	4244	4632	2536	13292	512	
FL	86400	86400	11	11	0	1	5	6	4	19	0	3498898	6075	4775	148	1925	4244	4632	2536	13292	512	
FL	86600	86600	9	12	0	1	6	6	4	20	0	3491839	6075	4775	148	1925	4244	4632	2536	13292	512	
FL	86800	86800	14	8	0	0	6	6	4	18	0	3485518	6075	4775	148	1925	4244	4632	2536	13292	512	
FL	87000	87000	12	9	0	0	6	6	5	16	0	3479865	6075	4775	148	1925	4244	4632	2536	13292	512	
FL	87200	87200	13	7	0	0	8	6	4	17	0	3474207	6075	4775	148	1925	4244	4632	2536	13292	512	
FL	87400	87400	17	7	0	0	11	7	4	17	0	3468405	6075	4775	148	1925	4244	4632	2536	13292	512	
FL	87600	87600	15	7	0	0	14	7	2	14	0	3462471	6075	4775	148	1925	4244	4632	2536	13292	512	
FL	87800	87800	13	7	0	0	9	7	1	13	0	3455848	6075	4775	148	1925	4244	4632	2536	13292	512	
FL	88000	88000	13	8	0	0	7	7	1	15	0	3449636	6075	4775	148	1925	4244	4632	2536	13292	512	
FL	88200	88200	14	7	0	1	7	8	1	12	0	3443359	6075	4775	148	1925	4244	4632	2536	13292	512	
FL	88400	88400	14	8	0	2	8	7	1	12	0	3436722	6075	4775	148	1925	4244	4632	2536	13292	512	
FL	88600	88600	11	10	0	2	8	8	2	14	0	3430252	6075	4775	148	1925	4244	4632	2536	13292	512	
FL	88800	88800	9	6	0	1	6	6	3	16	0	3424137	6075	4775	148	1925	4244	4632	2536	13292	512	
FL	89000	89000	8	6	0	1	6	4	2	14	0	3419165	6075	4775	148	1925	4244	4632	2536	13292	512	
FL	89200	89200	8	6	0	2	6	3	1	13	0	3413786	6075	4775	148	1925	4244	4632	2536	13292	512	
FL	89400	89400	7	6	0	2	6	4	1	11	0	3408627	6075	4775	148	1925	4244	4632	2536	13292	512	
FL	89600	89600	11	6	0	2	6	4	2	12	0	3403661	6075	4775	148	1925	4244	4632	2536	13292	512	
FL	89800	89800	11	8	0	1	6	5	3	14	0	3398997	6075	4775	148	1925	4244	4632	2536	13292	512	
FL	90000	90000	11	10	0	2	6	4	2	15	0	3394012	6075	4775	148	1925	4244	4632	2536	13292	512	
FL	90200	90200	12	9	0	1	5	7	3	13	0	3388774	6075	4775	148	1925	4244	4632	2536	13292	512	
FL	90400	90400	12	9	0	1	6	10	3	11	0	3384041	6075	4775	148	1925	4244	4632	2536	13292	512	
FL	90600	90600	13	11	0	1	5	9	3	12	0	3379822	6075	4775	148	1925	4244	4632	2536	13292	512	
FL	90800	90800	11	12	0	0	5	10	2	10	0	3375811	6075	4775	148	1925	4244	4632	2536	13292	512	
FL	91000	91000	10	12	0	0	6	9	2	11	0	3371805	6075	4775	148	1925	4244	4632	2536	13292	512	
FL	91200	91200	10	9	0	0	6	8	1	8	1	3367528	6075	4775	148	1925	4244	4632	2536	13292	512	
FL	91400	91400	9	8	0	0	6	7	1	6	1	3363261	6075	4775	148	1925	4244	4632	2536	13292	512	
FL	91600	91600	9	7	0	2	5	4	2	8	1	3358967	6075	4775	148	1925	4244	4632	2536	13292	512	
FL	91800	91800	9	6	0	2	5	4	2	11	1	3355383	6075	4775	148	1925	4244	4632	2536	13292	512	
FL	92000	92000	7	5	0	5	4	4	3	13	1	3352153	6075	4775	148	1925	4244	4632	2536	13292	512	
FL	92200	92200	8	7	1	5	4	4	4	11	1	3348702	6075	4775	148	1925	4244	4632	2536	13292	512	
FL	92400	92400	10	7	1	4	5	3	3	9	1	3344873	6075	4775	148	1925	4244	4632	2536	13292	512	
FL	92600	92600	11	10	1	4	5	4	3	10	1	3341329	6075	4775	148	1925	4244	4632	2536	13292	512	
FL	92800	92800	11	11	1	4	7	5	3	10	1	3337281	6075	4775	148	1925	4244	4632	2536	13292	512	
FL	93000	93000	11	10	1	4	6	3	4	15	1	3332119	6075	4775	148	1925	4244	4632	2536	13292	512	
FL	93200	93200	7	10	1	5	6	3	4	20	1	3326508	6075	4775	148	1925	4244	4632	2536	13292	512	
FL	93400	93400	7	11	1	5	6	6	4	21	1	3321109	6075	4775	148	1925	4244	4632	2536	13292	512	
FL	93600	93600	6	9	1	2	6	5	1	21	1	3316539	6075	4775	148	1925	4244	4632	2536	13292	512	
FL	93800	93800	6	6	1	2	5	6	2	25	1	3312832	6075	4775	148	1925	4244	4632	2536	13292	512	
FL	94000	94000	8	6	1	3	5	6	1	24	0	3309250	6075	4775	148	1925	4244	4632	2536	13292	512	
FL	94200	94200	6	7	2	4	5	7	2	23	0	3305644	6075	4775	148	1925	4244	4632	2536	13292	512	
FL	94400	94400	8	5	2	3	2	6	2	25	0	3302493	6075	4775	148	1925	4244	4632	2536	13292	512	
FL	94600	94600	7	5	1	4	2	6	3	22	0	3299048	6075	4775	148	1925	4244	4632	2536	13292	512	
FL	94800	94800	8	5	1	5	2	6	4	23	0	3295405	6075	4775	148	1925	4244	4632	2536	13292	512	
FL	95000	95000	8	7	1	4	3	6	4	23	0	3291352	6075	4775	148	1925	4244	4632	2536	13292	512	
FL	95200	95200	9	8	1	4	2	6	4	18	0	3287419	6075	4775	148	1925	4244	4632	2536	13292	512	
FL	95400	95400	10	7	1	4	1	5	3	15	0	3283760	6075	4775	148	1925	4244	4632	2536	13292	512	
FL	95600	95600	7	5	0	4	0	5	3	16	0	3280790	6075	4775	148	1925	4244	4632	2536	13292	512	
FL	95800	95800	8	6	0	4	0	5	3	12	0	3277572	6075	4775	148	1925	4244	4632	2536	13292	512	
FL	96000	96000	7	6	0	3	1	5	3	12	0	3274290	6075	4775	148	1925	4244	4632	2536	13292	512	
FL	96200	96200	7	5	0	3	1	4	3	9	0	3271342	6075	4775	148	1925	4244	4632	2536	13292	512	
FL	96400	96400	9	6	0	2	1	7	4	8	0	3267619	6075	4775	148	1925	4244	4632	2536	13292	512	
FL	96600	96600	10	8	0	2	1	7	3	6	0	3263152	6075	4775	148	1925	4244	4632	2536	13292	512	
FL	96800	96800	13	7	0	2	0	8	4	7	0	3259024	6075	4775	148	1925	4244	4632	2536	13292	512	
FL	97000	97000	11	5	0	2	0	6	4	8	0	3255232	6075	4775	148	1925	4244	4632	2536	13292	512	
FL	97200	97200	10	4	0	1	0	6	4	8	0	3251016	6075	4775	148	1925	4244	4632	2536	13292	512	
FL	97400	97400	9	4	0	0	0	6	4	8	0	3247542	6075	4775	148	1925	4244	4632	2536	13292	512	
FL	97600	97600	8	4	0	0	0	3	4	9	0	3243720	6075	4775	148	1925	4244	4632	2536	13292	512	
FL	97800	97800	7	4	0	0	1	3	3	9	0	3240000	6075	4775	148	1925	4244	4632	2536	13292	512	
FL	98000	98000	2	6	0	0	1	4	2	9	0	3235918	6075	4775	148	1925	4244	4632	2536	13292	512	
FL	98200	98200	3	6	0	1	1	3	2	9	0	3231262	6075	4775	148	1925	4244	4632	2536	13292	512	
FL	98400	98400	3	6	0	1	2	4	1	10	0	3226666	6075	4775	148	1925	4244	4632	2536	13292	512	
FL	98600	98600	5	6	0	1	6	6	1	8	0	3221892	6075	4775	148	1925	4244	4632	2536	13292	512	
FL	98800	98800	5	5	1	0	7	6	1	8	0	3216715	6075	4775	148	1925	4244	4632	2536	13292	512	
FL	99000	99000	6	4	0	0	8	6	0	8	0	3211632	6075	4775	148	1925	4244	4632	2536	13292	512	
FL	99200	99200	6	4	0	1	8	6	0	7	0	3206436	6075	4775	148	1925	4244	4632	2536	13292	512	
FL	99400	99400	5	7	0	1	7	7	0	8	0	3201049	6075	4775	148	1925	4244	4632	2536	13292	512	
FL	99600	99600	4	8	0	1	4	5	0	8	0	3195137	6075	4775	148	1925	4244	4632	2536	13292	512	
FL	99800	99800	2	6	0	1	4	5	1	10	0	3188486	6075	4775	148	1925	4244	4632	2536	13292	512	
FL	100000	100000	2	4	0	1	3	3	1	12	0	3182674	6075	4775	148	1925	4244	4632	2536	13292	512	
