DHL	0	0	22	84	10	43	103	105	58	0	74	18092303	1810	2357	1241	2216	9263	7013	7501	5032	
DHL	-200	-200	24	85	10	43	94	102	63	0	75	18006976	1810	2357	1241	2216	9263	7013	7501	5032	
DHL	-400	-400	24	83	10	40	91	101	66	0	79	17771106	1810	2357	1241	2216	9263	7013	7501	5032	
DHL	-600	-600	23	85	8	41	88	100	63	0	74	17482289	1810	2357	1241	2216	9263	7013	7501	5032	
DHL	-800	-800	24	88	6	39	82	102	61	0	74	17179630	1810	2357	1241	2216	9263	7013	7501	5032	
DHL	-1000	-1000	24	87	6	39	78	99	60	0	69	16881557	1810	2357	1241	2216	9263	7013	7501	5032	
DHL	-1200	-1200	22	84	5	36	72	97	54	0	65	16586676	1810	2357	1241	2216	9263	7013	7501	5032	
DHL	-1400	-1400	22	82	4	38	74	94	52	0	65	16302498	1810	2357	1241	2216	9263	7013	7501	5032	
DHL	-1600	-1600	20	80	3	38	77	91	54	0	59	16026944	1810	2357	1241	2216	9263	7013	7501	5032	
DHL	-1800	-1800	18	74	3	36	78	91	55	0	53	15761387	1810	2357	1241	2216	9263	7013	7501	5032	
DHL	-2000	-2000	18	72	3	36	80	90	56	0	52	15501199	1810	2357	1241	2216	9263	7013	7501	5032	
DHL	-2200	-2200	18	75	3	36	79	86	57	0	52	15250528	1810	2357	1241	2216	9263	7013	7501	5032	
DHL	-2400	-2400	18	74	3	33	76	87	51	0	52	15008459	1810	2357	1241	2216	9263	7013	7501	5032	
DHL	-2600	-2600	18	69	4	34	72	81	47	0	50	14775744	1810	2357	1241	2216	9263	7013	7501	5032	
DHL	-2800	-2800	19	66	4	34	68	81	42	0	49	14551242	1810	2357	1241	2216	9263	7013	7501	5032	
DHL	-3000	-3000	18	62	4	35	71	75	43	0	48	14334352	1810	2357	1241	2216	9263	7013	7501	5032	
DHL	-3200	-3200	17	61	4	36	69	79	37	0	45	14127049	1810	2357	1241	2216	9263	7013	7501	5032	
DHL	-3400	-3400	17	58	4	36	70	81	36	0	45	13928136	1810	2357	1241	2216	9263	7013	7501	5032	
DHL	-3600	-3600	16	53	3	38	69	78	39	0	47	13736019	1810	2357	1241	2216	9263	7013	7501	5032	
DHL	-3800	-3800	15	48	3	34	59	78	40	0	41	13549549	1810	2357	1241	2216	9263	7013	7501	5032	
DHL	-4000	-4000	14	47	2	35	63	78	39	0	39	13368580	1810	2357	1241	2216	9263	7013	7501	5032	
DHL	-4200	-4200	13	45	2	34	61	83	36	0	39	13192197	1810	2357	1241	2216	9263	7013	7501	5032	
DHL	-4400	-4400	13	43	2	37	63	82	38	0	38	13022925	1810	2357	1241	2216	9263	7013	7501	5032	
DHL	-4600	-4600	12	41	4	38	62	79	37	0	30	12858942	1810	2357	1241	2216	9263	7013	7501	5032	
DHL	-4800	-4800	11	38	4	37	54	73	37	0	30	12698584	1810	2357	1241	2216	9263	7013	7501	5032	
DHL	-5000	-5000	11	37	4	34	53	63	29	0	28	12542271	1810	2357	1241	2216	9263	7013	7501	5032	
DHL	-5200	-5200	10	33	3	36	51	53	27	0	25	12389326	1810	2357	1241	2216	9263	7013	7501	5032	
DHL	-5400	-5400	9	27	3	35	51	49	23	0	25	12240641	1810	2357	1241	2216	9263	7013	7501	5032	
DHL	-5600	-5600	10	24	3	33	51	44	27	0	26	12093620	1810	2357	1241	2216	9263	7013	7501	5032	
DHL	-5800	-5800	8	23	3	34	48	39	28	0	24	11950428	1810	2357	1241	2216	9263	7013	7501	5032	
DHL	-6000	-6000	6	24	4	32	44	31	29	0	22	11808954	1810	2357	1241	2216	9263	7013	7501	5032	
DHL	-6200	-6200	6	25	4	31	41	30	23	0	21	11670251	1810	2357	1241	2216	9263	7013	7501	5032	
DHL	-6400	-6400	6	26	4	29	39	27	28	0	18	11536147	1810	2357	1241	2216	9263	7013	7501	5032	
DHL	-6600	-6600	6	24	4	27	39	27	28	0	13	11404904	1810	2357	1241	2216	9263	7013	7501	5032	
DHL	-6800	-6800	5	23	3	27	40	31	27	0	14	11276790	1810	2357	1241	2216	9263	7013	7501	5032	
DHL	-7000	-7000	4	23	2	26	38	31	26	0	16	11153356	1810	2357	1241	2216	9263	7013	7501	5032	
DHL	-7200	-7200	4	20	3	23	42	33	24	0	15	11033500	1810	2357	1241	2216	9263	7013	7501	5032	
DHL	-7400	-7400	5	20	4	23	45	35	24	0	15	10917567	1810	2357	1241	2216	9263	7013	7501	5032	
DHL	-7600	-7600	7	18	4	21	43	35	24	0	15	10804800	1810	2357	1241	2216	9263	7013	7501	5032	
DHL	-7800	-7800	5	17	4	21	42	30	22	0	13	10695510	1810	2357	1241	2216	9263	7013	7501	5032	
DHL	-8000	-8000	6	16	4	19	41	28	20	0	17	10589467	1810	2357	1241	2216	9263	7013	7501	5032	
DHL	-8200	-8200	6	16	3	19	35	29	20	0	17	10489056	1810	2357	1241	2216	9263	7013	7501	5032	
DHL	-8400	-8400	7	15	2	19	34	31	18	0	17	10391688	1810	2357	1241	2216	9263	7013	7501	5032	
DHL	-8600	-8600	8	12	2	18	31	37	18	0	18	10297530	1810	2357	1241	2216	9263	7013	7501	5032	
DHL	-8800	-8800	9	14	3	17	31	36	15	0	18	10205723	1810	2357	1241	2216	9263	7013	7501	5032	
DHL	-9000	-9000	9	13	3	18	27	36	15	0	16	10117630	1810	2357	1241	2216	9263	7013	7501	5032	
DHL	-9200	-9200	9	15	3	18	29	40	16	0	16	10031800	1810	2357	1241	2216	9263	7013	7501	5032	
DHL	-9400	-9400	10	16	3	22	25	38	15	0	15	9947380	1810	2357	1241	2216	9263	7013	7501	5032	
DHL	-9600	-9600	13	15	3	22	26	38	15	0	14	9864784	1810	2357	1241	2216	9263	7013	7501	5032	
DHL	-9800	-9800	13	15	3	20	28	36	16	0	13	9784880	1810	2357	1241	2216	9263	7013	7501	5032	
DHL	-10000	-10000	13	15	3	20	25	37	16	0	13	9706402	1810	2357	1241	2216	9263	7013	7501	5032	
DHL	-10200	-10200	13	14	3	19	23	40	13	0	15	9631039	1810	2357	1241	2216	9263	7013	7501	5032	
DHL	-10400	-10400	12	14	4	19	25	43	12	0	17	9557452	1810	2357	1241	2216	9263	7013	7501	5032	
DHL	-10600	-10600	12	14	4	19	23	37	12	0	18	9483519	1810	2357	1241	2216	9263	7013	7501	5032	
DHL	-10800	-10800	12	14	4	20	22	37	12	0	17	9410339	1810	2357	1241	2216	9263	7013	7501	5032	
DHL	-11000	-11000	11	15	4	21	27	35	13	0	15	9339828	1810	2357	1241	2216	9263	7013	7501	5032	
DHL	-11200	-11200	9	15	3	20	27	30	12	0	17	9270744	1810	2357	1241	2216	9263	7013	7501	5032	
DHL	-11400	-11400	8	12	4	19	27	28	16	0	16	9205851	1810	2357	1241	2216	9263	7013	7501	5032	
DHL	-11600	-11600	8	10	3	17	26	27	20	0	16	9143730	1810	2357	1241	2216	9263	7013	7501	5032	
DHL	-11800	-11800	7	9	3	14	23	28	18	0	16	9082659	1810	2357	1241	2216	9263	7013	7501	5032	
DHL	-12000	-12000	5	9	3	13	25	31	18	0	15	9021571	1810	2357	1241	2216	9263	7013	7501	5032	
DHL	-12200	-12200	6	9	5	14	25	28	20	0	15	8962137	1810	2357	1241	2216	9263	7013	7501	5032	
DHL	-12400	-12400	7	9	4	15	26	25	21	0	13	8903525	1810	2357	1241	2216	9263	7013	7501	5032	
DHL	-12600	-12600	7	9	4	14	25	24	23	0	12	8847039	1810	2357	1241	2216	9263	7013	7501	5032	
DHL	-12800	-12800	7	9	3	15	26	22	22	0	11	8791270	1810	2357	1241	2216	9263	7013	7501	5032	
DHL	-13000	-13000	7	9	5	15	25	22	20	0	12	8735779	1810	2357	1241	2216	9263	7013	7501	5032	
DHL	-13200	-13200	7	10	5	16	26	24	18	0	14	8682070	1810	2357	1241	2216	9263	7013	7501	5032	
DHL	-13400	-13400	6	10	7	18	26	29	15	0	14	8630126	1810	2357	1241	2216	9263	7013	7501	5032	
DHL	-13600	-13600	6	9	6	18	28	30	12	0	12	8577536	1810	2357	1241	2216	9263	7013	7501	5032	
DHL	-13800	-13800	6	9	7	17	26	28	10	0	12	8526461	1810	2357	1241	2216	9263	7013	7501	5032	
DHL	-14000	-14000	6	8	5	18	24	31	10	0	12	8477473	1810	2357	1241	2216	9263	7013	7501	5032	
DHL	-14200	-14200	5	8	5	20	25	29	10	0	13	8432542	1810	2357	1241	2216	9263	7013	7501	5032	
DHL	-14400	-14400	4	8	4	21	26	26	13	0	13	8389892	1810	2357	1241	2216	9263	7013	7501	5032	
DHL	-14600	-14600	3	8	4	21	25	26	13	0	15	8348472	1810	2357	1241	2216	9263	7013	7501	5032	
DHL	-14800	-14800	2	8	4	20	25	25	11	0	16	8305977	1810	2357	1241	2216	9263	7013	7501	5032	
DHL	-15000	-15000	3	8	4	21	27	23	11	0	13	8264434	1810	2357	1241	2216	9263	7013	7501	5032	
DHL	-15200	-15200	3	11	4	20	26	26	11	0	12	8222550	1810	2357	1241	2216	9263	7013	7501	5032	
DHL	-15400	-15400	3	9	4	20	29	23	17	0	12	8181388	1810	2357	1241	2216	9263	7013	7501	5032	
DHL	-15600	-15600	4	9	3	23	27	23	19	0	12	8140906	1810	2357	1241	2216	9263	7013	7501	5032	
DHL	-15800	-15800	4	8	4	22	24	21	20	0	12	8100917	1810	2357	1241	2216	9263	7013	7501	5032	
DHL	-16000	-16000	5	8	4	22	25	21	20	0	12	8059092	1810	2357	1241	2216	9263	7013	7501	5032	
DHL	-16200	-16200	3	3	5	20	25	19	18	0	12	8016644	1810	2357	1241	2216	9263	7013	7501	5032	
DHL	-16400	-16400	4	4	5	19	25	13	16	0	12	7974320	1810	2357	1241	2216	9263	7013	7501	5032	
DHL	-16600	-16600	3	4	5	19	25	12	15	0	9	7932680	1810	2357	1241	2216	9263	7013	7501	5032	
DHL	-16800	-16800	3	3	6	20	27	15	12	0	8	7891889	1810	2357	1241	2216	9263	7013	7501	5032	
DHL	-17000	-17000	3	4	5	19	24	18	10	0	8	7851939	1810	2357	1241	2216	9263	7013	7501	5032	
DHL	-17200	-17200	3	4	5	19	28	18	12	0	7	7814559	1810	2357	1241	2216	9263	7013	7501	5032	
DHL	-17400	-17400	3	4	5	20	32	18	10	0	10	7777499	1810	2357	1241	2216	9263	7013	7501	5032	
DHL	-17600	-17600	4	5	5	20	34	19	13	0	12	7740467	1810	2357	1241	2216	9263	7013	7501	5032	
DHL	-17800	-17800	3	7	4	18	36	16	13	0	14	7703377	1810	2357	1241	2216	9263	7013	7501	5032	
DHL	-18000	-18000	4	5	4	18	32	17	14	0	12	7667995	1810	2357	1241	2216	9263	7013	7501	5032	
DHL	-18200	-18200	5	6	3	18	30	19	17	0	13	7632395	1810	2357	1241	2216	9263	7013	7501	5032	
DHL	-18400	-18400	5	6	2	19	30	20	18	0	16	7596976	1810	2357	1241	2216	9263	7013	7501	5032	
DHL	-18600	-18600	4	5	1	21	29	22	21	0	12	7561559	1810	2357	1241	2216	9263	7013	7501	5032	
DHL	-18800	-18800	4	4	1	19	28	21	19	0	13	7527869	1810	2357	1241	2216	9263	7013	7501	5032	
DHL	-19000	-19000	4	4	1	19	23	18	20	0	12	7494836	1810	2357	1241	2216	9263	7013	7501	5032	
DHL	-19200	-19200	5	4	1	20	20	20	21	0	11	7462283	1810	2357	1241	2216	9263	7013	7501	5032	
DHL	-19400	-19400	7	4	1	21	22	20	24	0	12	7429877	1810	2357	1241	2216	9263	7013	7501	5032	
DHL	-19600	-19600	6	4	1	21	23	19	24	0	13	7397604	1810	2357	1241	2216	9263	7013	7501	5032	
DHL	-19800	-19800	6	4	1	21	23	19	23	0	15	7365456	1810	2357	1241	2216	9263	7013	7501	5032	
DHL	-20000	-20000	6	4	1	21	21	18	22	0	14	7332510	1810	2357	1241	2216	9263	7013	7501	5032	
DHL	-20200	-20200	6	7	1	20	19	19	20	0	14	7299200	1810	2357	1241	2216	9263	7013	7501	5032	
DHL	-20400	-20400	4	7	1	20	22	22	21	0	15	7267971	1810	2357	1241	2216	9263	7013	7501	5032	
DHL	-20600	-20600	4	6	1	17	22	23	22	0	17	7237798	1810	2357	1241	2216	9263	7013	7501	5032	
DHL	-20800	-20800	3	6	1	19	25	23	22	0	18	7209524	1810	2357	1241	2216	9263	7013	7501	5032	
DHL	-21000	-21000	3	6	1	21	24	21	23	0	16	7182189	1810	2357	1241	2216	9263	7013	7501	5032	
DHL	-21200	-21200	3	6	1	21	25	19	23	0	13	7154503	1810	2357	1241	2216	9263	7013	7501	5032	
DHL	-21400	-21400	2	5	2	23	25	14	23	0	13	7126737	1810	2357	1241	2216	9263	7013	7501	5032	
DHL	-21600	-21600	3	3	1	24	24	15	21	0	14	7099876	1810	2357	1241	2216	9263	7013	7501	5032	
DHL	-21800	-21800	3	4	1	24	22	17	20	0	12	7072896	1810	2357	1241	2216	9263	7013	7501	5032	
DHL	-22000	-22000	4	4	1	24	22	16	22	0	13	7047642	1810	2357	1241	2216	9263	7013	7501	5032	
DHL	-22200	-22200	3	4	1	24	25	14	22	0	13	7022461	1810	2357	1241	2216	9263	7013	7501	5032	
DHL	-22400	-22400	3	5	0	24	25	12	23	0	14	6997319	1810	2357	1241	2216	9263	7013	7501	5032	
DHL	-22600	-22600	3	6	0	24	26	12	21	0	15	6972184	1810	2357	1241	2216	9263	7013	7501	5032	
DHL	-22800	-22800	3	6	1	23	25	11	21	0	18	6947180	1810	2357	1241	2216	9263	7013	7501	5032	
DHL	-23000	-23000	4	6	1	23	21	12	23	0	17	6923689	1810	2357	1241	2216	9263	7013	7501	5032	
DHL	-23200	-23200	3	7	1	22	21	14	20	0	14	6901258	1810	2357	1241	2216	9263	7013	7501	5032	
DHL	-23400	-23400	3	6	1	21	21	16	19	0	15	6880071	1810	2357	1241	2216	9263	7013	7501	5032	
DHL	-23600	-23600	3	5	1	19	22	14	17	0	12	6859373	1810	2357	1241	2216	9263	7013	7501	5032	
DHL	-23800	-23800	3	5	1	20	19	13	17	0	10	6838096	1810	2357	1241	2216	9263	7013	7501	5032	
DHL	-24000	-24000	3	3	2	19	20	13	18	0	10	6816541	1810	2357	1241	2216	9263	7013	7501	5032	
DHL	-24200	-24200	3	3	2	18	17	12	18	0	10	6794697	1810	2357	1241	2216	9263	7013	7501	5032	
DHL	-24400	-24400	4	3	2	19	16	12	16	0	10	6772788	1810	2357	1241	2216	9263	7013	7501	5032	
DHL	-24600	-24600	4	4	1	19	17	15	15	0	7	6751155	1810	2357	1241	2216	9263	7013	7501	5032	
DHL	-24800	-24800	3	7	1	19	15	15	14	0	7	6730713	1810	2357	1241	2216	9263	7013	7501	5032	
DHL	-25000	-25000	2	8	2	16	18	15	11	0	7	6709963	1810	2357	1241	2216	9263	7013	7501	5032	
DHL	-25200	-25200	3	9	3	15	17	14	14	0	8	6689377	1810	2357	1241	2216	9263	7013	7501	5032	
DHL	-25400	-25400	6	8	3	15	18	16	16	0	10	6668855	1810	2357	1241	2216	9263	7013	7501	5032	
DHL	-25600	-25600	6	9	3	15	17	21	17	0	9	6648648	1810	2357	1241	2216	9263	7013	7501	5032	
DHL	-25800	-25800	6	9	3	15	23	26	18	0	8	6628505	1810	2357	1241	2216	9263	7013	7501	5032	
DHL	-26000	-26000	5	9	2	16	21	26	18	0	10	6608440	1810	2357	1241	2216	9263	7013	7501	5032	
DHL	-26200	-26200	2	10	2	16	20	26	19	0	5	6588007	1810	2357	1241	2216	9263	7013	7501	5032	
DHL	-26400	-26400	2	9	1	14	19	24	21	0	6	6567626	1810	2357	1241	2216	9263	7013	7501	5032	
DHL	-26600	-26600	3	6	1	14	16	27	20	0	7	6547171	1810	2357	1241	2216	9263	7013	7501	5032	
DHL	-26800	-26800	3	6	2	14	18	27	22	0	7	6526998	1810	2357	1241	2216	9263	7013	7501	5032	
DHL	-27000	-27000	2	6	2	15	23	26	20	0	9	6506556	1810	2357	1241	2216	9263	7013	7501	5032	
DHL	-27200	-27200	3	6	2	14	24	21	20	0	9	6487029	1810	2357	1241	2216	9263	7013	7501	5032	
DHL	-27400	-27400	3	6	2	15	22	21	18	0	8	6468728	1810	2357	1241	2216	9263	7013	7501	5032	
DHL	-27600	-27600	3	6	1	15	22	21	18	0	8	6449560	1810	2357	1241	2216	9263	7013	7501	5032	
DHL	-27800	-27800	3	5	1	15	22	21	18	0	6	6429997	1810	2357	1241	2216	9263	7013	7501	5032	
DHL	-28000	-28000	4	5	1	16	21	22	23	0	7	6410646	1810	2357	1241	2216	9263	7013	7501	5032	
DHL	-28200	-28200	4	5	1	16	18	24	23	0	8	6392357	1810	2357	1241	2216	9263	7013	7501	5032	
DHL	-28400	-28400	5	4	2	13	18	22	21	0	7	6373295	1810	2357	1241	2216	9263	7013	7501	5032	
DHL	-28600	-28600	4	5	2	14	19	22	21	0	6	6353360	1810	2357	1241	2216	9263	7013	7501	5032	
DHL	-28800	-28800	4	5	2	15	20	21	18	0	6	6334306	1810	2357	1241	2216	9263	7013	7501	5032	
DHL	-29000	-29000	4	2	2	15	21	21	16	0	7	6315501	1810	2357	1241	2216	9263	7013	7501	5032	
DHL	-29200	-29200	3	3	1	15	23	25	15	0	8	6298300	1810	2357	1241	2216	9263	7013	7501	5032	
DHL	-29400	-29400	3	4	0	15	22	25	14	0	10	6282334	1810	2357	1241	2216	9263	7013	7501	5032	
DHL	-29600	-29600	2	4	0	15	22	28	11	0	12	6267088	1810	2357	1241	2216	9263	7013	7501	5032	
DHL	-29800	-29800	1	5	0	15	18	29	12	0	13	6253402	1810	2357	1241	2216	9263	7013	7501	5032	
DHL	-30000	-30000	1	5	0	13	20	30	14	0	12	6240033	1810	2357	1241	2216	9263	7013	7501	5032	
DHL	-30200	-30200	1	4	0	15	19	28	14	0	11	6226267	1810	2357	1241	2216	9263	7013	7501	5032	
DHL	-30400	-30400	1	4	0	14	17	27	15	0	12	6212687	1810	2357	1241	2216	9263	7013	7501	5032	
DHL	-30600	-30600	1	4	0	14	17	26	16	0	11	6199476	1810	2357	1241	2216	9263	7013	7501	5032	
DHL	-30800	-30800	1	4	0	14	18	24	13	0	8	6185736	1810	2357	1241	2216	9263	7013	7501	5032	
DHL	-31000	-31000	3	5	0	14	19	25	14	0	6	6171149	1810	2357	1241	2216	9263	7013	7501	5032	
DHL	-31200	-31200	3	4	0	15	20	23	16	0	8	6156656	1810	2357	1241	2216	9263	7013	7501	5032	
DHL	-31400	-31400	3	4	1	14	18	24	13	0	8	6142406	1810	2357	1241	2216	9263	7013	7501	5032	
DHL	-31600	-31600	3	5	2	15	18	21	13	0	11	6127150	1810	2357	1241	2216	9263	7013	7501	5032	
DHL	-31800	-31800	3	5	2	15	17	19	13	0	14	6112237	1810	2357	1241	2216	9263	7013	7501	5032	
DHL	-32000	-32000	2	5	2	15	16	19	13	0	14	6097292	1810	2357	1241	2216	9263	7013	7501	5032	
DHL	-32200	-32200	1	5	2	16	16	22	12	0	18	6082883	1810	2357	1241	2216	9263	7013	7501	5032	
DHL	-32400	-32400	2	5	2	16	16	23	9	0	16	6068255	1810	2357	1241	2216	9263	7013	7501	5032	
DHL	-32600	-32600	2	5	2	18	16	21	11	0	17	6053936	1810	2357	1241	2216	9263	7013	7501	5032	
DHL	-32800	-32800	3	5	2	18	15	22	11	0	15	6040026	1810	2357	1241	2216	9263	7013	7501	5032	
DHL	-33000	-33000	3	5	2	18	19	24	11	0	14	6025856	1810	2357	1241	2216	9263	7013	7501	5032	
DHL	-33200	-33200	3	5	1	18	19	23	10	0	13	6010963	1810	2357	1241	2216	9263	7013	7501	5032	
DHL	-33400	-33400	4	5	2	19	18	24	12	0	11	5996494	1810	2357	1241	2216	9263	7013	7501	5032	
DHL	-33600	-33600	4	4	2	17	19	23	12	0	11	5982141	1810	2357	1241	2216	9263	7013	7501	5032	
DHL	-33800	-33800	4	4	2	16	20	21	11	0	13	5967288	1810	2357	1241	2216	9263	7013	7501	5032	
DHL	-34000	-34000	4	5	2	16	20	18	9	0	14	5952626	1810	2357	1241	2216	9263	7013	7501	5032	
DHL	-34200	-34200	4	6	2	17	19	16	9	0	13	5938322	1810	2357	1241	2216	9263	7013	7501	5032	
DHL	-34400	-34400	3	7	1	16	16	17	8	0	11	5924804	1810	2357	1241	2216	9263	7013	7501	5032	
DHL	-34600	-34600	5	8	2	19	13	14	9	0	13	5912375	1810	2357	1241	2216	9263	7013	7501	5032	
DHL	-34800	-34800	6	8	3	19	13	14	9	0	12	5900093	1810	2357	1241	2216	9263	7013	7501	5032	
DHL	-35000	-35000	7	8	3	19	13	14	13	0	13	5888464	1810	2357	1241	2216	9263	7013	7501	5032	
DHL	-35200	-35200	7	8	3	19	15	14	12	0	14	5876141	1810	2357	1241	2216	9263	7013	7501	5032	
DHL	-35400	-35400	5	8	1	19	15	15	12	0	16	5862909	1810	2357	1241	2216	9263	7013	7501	5032	
DHL	-35600	-35600	3	8	1	17	18	15	12	0	16	5848812	1810	2357	1241	2216	9263	7013	7501	5032	
DHL	-35800	-35800	3	6	1	14	15	17	11	0	16	5834024	1810	2357	1241	2216	9263	7013	7501	5032	
DHL	-36000	-36000	3	5	1	13	16	18	10	0	18	5819665	1810	2357	1241	2216	9263	7013	7501	5032	
DHL	-36200	-36200	5	4	1	14	15	17	11	0	18	5805911	1810	2357	1241	2216	9263	7013	7501	5032	
DHL	-36400	-36400	4	4	3	13	17	17	12	0	16	5792408	1810	2357	1241	2216	9263	7013	7501	5032	
DHL	-36600	-36600	4	4	3	13	16	17	13	0	15	5779220	1810	2357	1241	2216	9263	7013	7501	5032	
DHL	-36800	-36800	4	4	3	13	13	16	13	0	14	5765456	1810	2357	1241	2216	9263	7013	7501	5032	
DHL	-37000	-37000	3	5	3	12	10	16	12	0	13	5751844	1810	2357	1241	2216	9263	7013	7501	5032	
DHL	-37200	-37200	3	5	4	11	14	12	11	0	12	5738709	1810	2357	1241	2216	9263	7013	7501	5032	
DHL	-37400	-37400	4	5	4	10	13	11	13	0	12	5726956	1810	2357	1241	2216	9263	7013	7501	5032	
DHL	-37600	-37600	4	5	4	9	15	13	11	0	12	5715889	1810	2357	1241	2216	9263	7013	7501	5032	
DHL	-37800	-37800	4	5	3	8	15	12	10	0	11	5704555	1810	2357	1241	2216	9263	7013	7501	5032	
DHL	-38000	-38000	5	4	3	7	14	10	8	0	12	5692575	1810	2357	1241	2216	9263	7013	7501	5032	
DHL	-38200	-38200	5	4	3	7	16	10	8	0	12	5680530	1810	2357	1241	2216	9263	7013	7501	5032	
DHL	-38400	-38400	6	4	3	7	16	12	7	0	12	5668149	1810	2357	1241	2216	9263	7013	7501	5032	
DHL	-38600	-38600	6	4	3	7	17	11	10	0	14	5656302	1810	2357	1241	2216	9263	7013	7501	5032	
DHL	-38800	-38800	6	4	2	8	17	10	12	0	14	5644279	1810	2357	1241	2216	9263	7013	7501	5032	
DHL	-39000	-39000	5	4	3	8	18	12	12	0	13	5632587	1810	2357	1241	2216	9263	7013	7501	5032	
DHL	-39200	-39200	5	2	3	8	16	13	11	0	9	5621314	1810	2357	1241	2216	9263	7013	7501	5032	
DHL	-39400	-39400	4	2	3	8	17	15	13	0	10	5610455	1810	2357	1241	2216	9263	7013	7501	5032	
DHL	-39600	-39600	4	2	3	9	14	14	15	0	12	5600164	1810	2357	1241	2216	9263	7013	7501	5032	
DHL	-39800	-39800	2	2	2	9	14	14	15	0	12	5589639	1810	2357	1241	2216	9263	7013	7501	5032	
DHL	-40000	-40000	3	4	2	9	13	15	16	0	13	5578754	1810	2357	1241	2216	9263	7013	7501	5032	
DHL	-40200	-40200	3	4	2	10	11	13	14	0	14	5567260	1810	2357	1241	2216	9263	7013	7501	5032	
DHL	-40400	-40400	3	4	2	10	11	15	16	0	13	5555047	1810	2357	1241	2216	9263	7013	7501	5032	
DHL	-40600	-40600	3	3	2	7	10	13	20	0	12	5543161	1810	2357	1241	2216	9263	7013	7501	5032	
DHL	-40800	-40800	4	3	2	10	10	12	19	0	13	5531255	1810	2357	1241	2216	9263	7013	7501	5032	
DHL	-41000	-41000	4	3	2	10	9	11	18	0	11	5519460	1810	2357	1241	2216	9263	7013	7501	5032	
DHL	-41200	-41200	3	2	2	11	12	11	17	0	13	5507027	1810	2357	1241	2216	9263	7013	7501	5032	
DHL	-41400	-41400	3	2	3	10	17	10	16	0	15	5494921	1810	2357	1241	2216	9263	7013	7501	5032	
DHL	-41600	-41600	3	3	2	9	17	11	17	0	14	5483368	1810	2357	1241	2216	9263	7013	7501	5032	
DHL	-41800	-41800	3	1	2	6	17	11	18	0	14	5472096	1810	2357	1241	2216	9263	7013	7501	5032	
DHL	-42000	-42000	3	1	2	5	14	11	17	0	14	5461157	1810	2357	1241	2216	9263	7013	7501	5032	
DHL	-42200	-42200	2	2	2	5	14	12	16	0	11	5450536	1810	2357	1241	2216	9263	7013	7501	5032	
DHL	-42400	-42400	3	3	2	5	14	12	14	0	11	5439522	1810	2357	1241	2216	9263	7013	7501	5032	
DHL	-42600	-42600	3	2	2	5	14	13	14	0	10	5428842	1810	2357	1241	2216	9263	7013	7501	5032	
DHL	-42800	-42800	3	2	0	5	15	12	15	0	10	5418523	1810	2357	1241	2216	9263	7013	7501	5032	
DHL	-43000	-43000	3	2	0	4	15	16	13	0	11	5407718	1810	2357	1241	2216	9263	7013	7501	5032	
DHL	-43200	-43200	2	0	0	7	17	13	14	0	11	5397807	1810	2357	1241	2216	9263	7013	7501	5032	
DHL	-43400	-43400	2	0	0	8	20	12	13	0	10	5388343	1810	2357	1241	2216	9263	7013	7501	5032	
DHL	-43600	-43600	3	0	1	8	18	11	11	0	11	5379075	1810	2357	1241	2216	9263	7013	7501	5032	
DHL	-43800	-43800	4	0	1	8	17	13	11	0	11	5368849	1810	2357	1241	2216	9263	7013	7501	5032	
DHL	-44000	-44000	3	1	1	9	15	14	11	0	11	5358312	1810	2357	1241	2216	9263	7013	7501	5032	
DHL	-44200	-44200	3	1	1	9	16	15	10	0	11	5347706	1810	2357	1241	2216	9263	7013	7501	5032	
DHL	-44400	-44400	2	1	1	8	17	16	7	0	11	5337307	1810	2357	1241	2216	9263	7013	7501	5032	
DHL	-44600	-44600	2	1	1	7	18	12	8	0	11	5325594	1810	2357	1241	2216	9263	7013	7501	5032	
DHL	-44800	-44800	2	2	1	8	17	13	8	0	9	5313335	1810	2357	1241	2216	9263	7013	7501	5032	
DHL	-45000	-45000	3	2	2	8	15	12	7	0	8	5302063	1810	2357	1241	2216	9263	7013	7501	5032	
DHL	-45200	-45200	3	3	2	6	14	10	7	0	9	5291551	1810	2357	1241	2216	9263	7013	7501	5032	
DHL	-45400	-45400	3	5	2	6	14	11	7	0	11	5282218	1810	2357	1241	2216	9263	7013	7501	5032	
DHL	-45600	-45600	3	6	2	5	15	10	8	0	11	5273752	1810	2357	1241	2216	9263	7013	7501	5032	
DHL	-45800	-45800	2	5	4	5	13	11	6	0	11	5264766	1810	2357	1241	2216	9263	7013	7501	5032	
DHL	-46000	-46000	2	5	3	6	16	17	6	0	12	5254985	1810	2357	1241	2216	9263	7013	7501	5032	
DHL	-46200	-46200	2	5	3	8	14	17	7	0	12	5244880	1810	2357	1241	2216	9263	7013	7501	5032	
DHL	-46400	-46400	3	5	3	8	18	19	9	0	15	5234679	1810	2357	1241	2216	9263	7013	7501	5032	
DHL	-46600	-46600	3	5	3	6	20	17	11	0	13	5225066	1810	2357	1241	2216	9263	7013	7501	5032	
DHL	-46800	-46800	3	5	3	5	20	17	11	0	14	5216394	1810	2357	1241	2216	9263	7013	7501	5032	
DHL	-47000	-47000	2	5	4	5	22	17	13	0	13	5207639	1810	2357	1241	2216	9263	7013	7501	5032	
DHL	-47200	-47200	2	5	4	7	23	14	12	0	13	5198865	1810	2357	1241	2216	9263	7013	7501	5032	
DHL	-47400	-47400	1	5	3	6	24	13	11	0	13	5189650	1810	2357	1241	2216	9263	7013	7501	5032	
DHL	-47600	-47600	1	5	3	8	22	12	9	0	10	5180484	1810	2357	1241	2216	9263	7013	7501	5032	
DHL	-47800	-47800	1	4	2	7	22	13	11	0	9	5171620	1810	2357	1241	2216	9263	7013	7501	5032	
DHL	-48000	-48000	1	3	0	6	22	14	12	0	10	5162818	1810	2357	1241	2216	9263	7013	7501	5032	
DHL	-48200	-48200	1	3	0	6	24	11	12	0	13	5154376	1810	2357	1241	2216	9263	7013	7501	5032	
DHL	-48400	-48400	1	3	0	5	25	11	11	0	10	5146682	1810	2357	1241	2216	9263	7013	7501	5032	
DHL	-48600	-48600	1	4	0	6	28	10	11	0	12	5139764	1810	2357	1241	2216	9263	7013	7501	5032	
DHL	-48800	-48800	1	3	0	7	30	11	10	0	11	5132722	1810	2357	1241	2216	9263	7013	7501	5032	
DHL	-49000	-49000	1	3	0	7	29	13	12	0	10	5125875	1810	2357	1241	2216	9263	7013	7501	5032	
DHL	-49200	-49200	2	3	0	7	25	13	11	0	11	5119183	1810	2357	1241	2216	9263	7013	7501	5032	
DHL	-49400	-49400	2	3	0	6	23	11	11	0	10	5112888	1810	2357	1241	2216	9263	7013	7501	5032	
DHL	-49600	-49600	2	2	0	5	22	12	10	0	10	5107152	1810	2357	1241	2216	9263	7013	7501	5032	
DHL	-49800	-49800	1	2	0	4	22	14	12	0	10	5101266	1810	2357	1241	2216	9263	7013	7501	5032	
DHL	-50000	-50000	1	2	0	5	22	12	9	0	9	5095607	1810	2357	1241	2216	9263	7013	7501	5032	
DHL	-50200	-50200	1	1	0	3	21	12	12	0	10	5089423	1810	2357	1241	2216	9263	7013	7501	5032	
DHL	-50400	-50400	2	1	0	2	21	13	12	0	8	5082960	1810	2357	1241	2216	9263	7013	7501	5032	
DHL	-50600	-50600	2	1	0	2	22	12	13	0	8	5076083	1810	2357	1241	2216	9263	7013	7501	5032	
DHL	-50800	-50800	2	1	0	3	22	14	11	0	7	5069269	1810	2357	1241	2216	9263	7013	7501	5032	
DHL	-51000	-51000	1	1	0	2	22	13	13	0	7	5062190	1810	2357	1241	2216	9263	7013	7501	5032	
DHL	-51200	-51200	2	1	0	4	16	14	13	0	7	5054706	1810	2357	1241	2216	9263	7013	7501	5032	
DHL	-51400	-51400	3	1	0	5	14	9	12	0	7	5047222	1810	2357	1241	2216	9263	7013	7501	5032	
DHL	-51600	-51600	2	2	0	4	13	9	11	0	9	5039445	1810	2357	1241	2216	9263	7013	7501	5032	
DHL	-51800	-51800	2	1	0	4	11	10	12	0	8	5031346	1810	2357	1241	2216	9263	7013	7501	5032	
DHL	-52000	-52000	2	2	0	2	14	11	11	0	10	5022430	1810	2357	1241	2216	9263	7013	7501	5032	
DHL	-52200	-52200	2	2	1	3	17	11	13	0	12	5014164	1810	2357	1241	2216	9263	7013	7501	5032	
DHL	-52400	-52400	1	3	2	3	18	11	11	0	12	5005861	1810	2357	1241	2216	9263	7013	7501	5032	
DHL	-52600	-52600	2	3	2	5	20	12	10	0	10	4997796	1810	2357	1241	2216	9263	7013	7501	5032	
DHL	-52800	-52800	2	2	2	6	21	11	9	0	9	4990051	1810	2357	1241	2216	9263	7013	7501	5032	
DHL	-53000	-53000	2	2	2	6	20	10	6	0	8	4981729	1810	2357	1241	2216	9263	7013	7501	5032	
DHL	-53200	-53200	2	2	2	7	19	10	6	0	6	4972959	1810	2357	1241	2216	9263	7013	7501	5032	
DHL	-53400	-53400	1	2	3	7	18	11	6	0	5	4964990	1810	2357	1241	2216	9263	7013	7501	5032	
DHL	-53600	-53600	0	2	3	7	22	13	7	0	4	4957370	1810	2357	1241	2216	9263	7013	7501	5032	
DHL	-53800	-53800	0	2	5	7	20	10	8	0	4	4949467	1810	2357	1241	2216	9263	7013	7501	5032	
DHL	-54000	-54000	0	2	4	7	24	10	8	0	4	4941453	1810	2357	1241	2216	9263	7013	7501	5032	
DHL	-54200	-54200	0	3	4	9	20	11	10	0	3	4933833	1810	2357	1241	2216	9263	7013	7501	5032	
DHL	-54400	-54400	0	2	4	8	21	11	13	0	7	4926722	1810	2357	1241	2216	9263	7013	7501	5032	
DHL	-54600	-54600	1	3	4	8	20	8	13	0	8	4919767	1810	2357	1241	2216	9263	7013	7501	5032	
DHL	-54800	-54800	1	4	3	8	18	11	14	0	10	4912486	1810	2357	1241	2216	9263	7013	7501	5032	
DHL	-55000	-55000	2	4	3	8	19	12	11	0	11	4905428	1810	2357	1241	2216	9263	7013	7501	5032	
DHL	-55200	-55200	3	4	3	7	17	12	9	0	14	4898185	1810	2357	1241	2216	9263	7013	7501	5032	
DHL	-55400	-55400	3	4	4	7	14	14	8	0	12	4891656	1810	2357	1241	2216	9263	7013	7501	5032	
DHL	-55600	-55600	3	3	3	6	13	15	10	0	12	4885472	1810	2357	1241	2216	9263	7013	7501	5032	
DHL	-55800	-55800	3	3	2	5	12	14	7	0	12	4878556	1810	2357	1241	2216	9263	7013	7501	5032	
DHL	-56000	-56000	2	3	2	5	14	14	8	0	11	4872274	1810	2357	1241	2216	9263	7013	7501	5032	
DHL	-56200	-56200	1	3	1	5	15	14	8	0	12	4866060	1810	2357	1241	2216	9263	7013	7501	5032	
DHL	-56400	-56400	3	3	1	5	11	11	8	0	11	4860286	1810	2357	1241	2216	9263	7013	7501	5032	
DHL	-56600	-56600	3	2	1	5	15	14	9	0	11	4854282	1810	2357	1241	2216	9263	7013	7501	5032	
DHL	-56800	-56800	2	2	0	3	14	14	12	0	13	4847339	1810	2357	1241	2216	9263	7013	7501	5032	
DHL	-57000	-57000	2	4	0	8	18	11	13	0	11	4839961	1810	2357	1241	2216	9263	7013	7501	5032	
DHL	-57200	-57200	2	4	0	7	18	12	14	0	11	4832411	1810	2357	1241	2216	9263	7013	7501	5032	
DHL	-57400	-57400	1	5	0	6	18	13	13	0	10	4824847	1810	2357	1241	2216	9263	7013	7501	5032	
DHL	-57600	-57600	2	10	0	10	20	13	13	0	11	4817034	1810	2357	1241	2216	9263	7013	7501	5032	
DHL	-57800	-57800	2	9	0	11	17	15	13	0	9	4808686	1810	2357	1241	2216	9263	7013	7501	5032	
DHL	-58000	-58000	3	13	1	10	12	19	12	0	9	4800442	1810	2357	1241	2216	9263	7013	7501	5032	
DHL	-58200	-58200	2	16	1	9	14	20	12	0	6	4792346	1810	2357	1241	2216	9263	7013	7501	5032	
DHL	-58400	-58400	2	16	1	9	13	20	12	0	7	4783806	1810	2357	1241	2216	9263	7013	7501	5032	
DHL	-58600	-58600	2	16	1	10	16	19	13	0	8	4775219	1810	2357	1241	2216	9263	7013	7501	5032	
DHL	-58800	-58800	2	18	2	10	17	19	14	0	8	4766875	1810	2357	1241	2216	9263	7013	7501	5032	
DHL	-59000	-59000	2	18	2	11	19	19	14	0	7	4758325	1810	2357	1241	2216	9263	7013	7501	5032	
DHL	-59200	-59200	2	18	3	12	18	19	12	0	10	4749220	1810	2357	1241	2216	9263	7013	7501	5032	
DHL	-59400	-59400	2	18	3	13	17	19	12	0	9	4739907	1810	2357	1241	2216	9263	7013	7501	5032	
DHL	-59600	-59600	2	18	3	13	13	19	11	0	8	4730736	1810	2357	1241	2216	9263	7013	7501	5032	
DHL	-59800	-59800	2	16	3	13	13	21	11	0	7	4722057	1810	2357	1241	2216	9263	7013	7501	5032	
DHL	-60000	-60000	3	15	3	13	17	20	12	0	6	4713407	1810	2357	1241	2216	9263	7013	7501	5032	
DHL	-60200	-60200	3	14	3	12	18	19	10	0	7	4704976	1810	2357	1241	2216	9263	7013	7501	5032	
DHL	-60400	-60400	2	14	2	12	17	20	10	0	9	4696914	1810	2357	1241	2216	9263	7013	7501	5032	
DHL	-60600	-60600	1	14	2	12	17	23	10	0	9	4689247	1810	2357	1241	2216	9263	7013	7501	5032	
DHL	-60800	-60800	2	14	2	12	20	21	11	0	10	4681532	1810	2357	1241	2216	9263	7013	7501	5032	
DHL	-61000	-61000	2	13	3	12	19	21	8	0	10	4673534	1810	2357	1241	2216	9263	7013	7501	5032	
DHL	-61200	-61200	2	13	3	12	21	19	8	0	7	4665793	1810	2357	1241	2216	9263	7013	7501	5032	
DHL	-61400	-61400	2	13	2	11	21	16	6	0	6	4658445	1810	2357	1241	2216	9263	7013	7501	5032	
DHL	-61600	-61600	2	13	2	13	23	16	5	0	7	4651661	1810	2357	1241	2216	9263	7013	7501	5032	
DHL	-61800	-61800	1	13	2	14	25	15	6	0	6	4645708	1810	2357	1241	2216	9263	7013	7501	5032	
DHL	-62000	-62000	1	13	2	8	24	14	7	0	7	4639255	1810	2357	1241	2216	9263	7013	7501	5032	
DHL	-62200	-62200	1	12	2	8	26	16	11	0	7	4633005	1810	2357	1241	2216	9263	7013	7501	5032	
DHL	-62400	-62400	0	12	2	8	26	17	12	0	8	4627969	1810	2357	1241	2216	9263	7013	7501	5032	
DHL	-62600	-62600	0	8	1	6	27	19	13	0	9	4623295	1810	2357	1241	2216	9263	7013	7501	5032	
DHL	-62800	-62800	1	7	1	6	21	21	15	0	12	4618595	1810	2357	1241	2216	9263	7013	7501	5032	
DHL	-63000	-63000	1	6	1	5	17	19	12	0	11	4613745	1810	2357	1241	2216	9263	7013	7501	5032	
DHL	-63200	-63200	1	4	1	5	15	19	12	0	11	4608435	1810	2357	1241	2216	9263	7013	7501	5032	
DHL	-63400	-63400	3	2	1	4	13	18	10	0	11	4602717	1810	2357	1241	2216	9263	7013	7501	5032	
DHL	-63600	-63600	3	3	1	3	14	19	12	0	8	4596628	1810	2357	1241	2216	9263	7013	7501	5032	
DHL	-63800	-63800	2	3	1	3	13	19	10	0	7	4590935	1810	2357	1241	2216	9263	7013	7501	5032	
DHL	-64000	-64000	2	2	0	4	15	15	9	0	7	4585782	1810	2357	1241	2216	9263	7013	7501	5032	
DHL	-64200	-64200	2	1	0	4	13	12	9	0	4	4580432	1810	2357	1241	2216	9263	7013	7501	5032	
DHL	-64400	-64400	3	0	0	6	15	12	10	0	4	4574733	1810	2357	1241	2216	9263	7013	7501	5032	
DHL	-64600	-64600	3	0	0	6	15	12	7	0	4	4570204	1810	2357	1241	2216	9263	7013	7501	5032	
DHL	-64800	-64800	3	0	0	7	13	10	8	0	4	4565808	1810	2357	1241	2216	9263	7013	7501	5032	
DHL	-65000	-65000	3	0	1	7	15	10	10	0	4	4561843	1810	2357	1241	2216	9263	7013	7501	5032	
DHL	-65200	-65200	4	1	1	6	15	9	13	0	5	4558085	1810	2357	1241	2216	9263	7013	7501	5032	
DHL	-65400	-65400	4	1	1	3	14	10	13	0	6	4554492	1810	2357	1241	2216	9263	7013	7501	5032	
DHL	-65600	-65600	4	1	1	3	15	12	14	0	5	4551172	1810	2357	1241	2216	9263	7013	7501	5032	
DHL	-65800	-65800	3	1	1	3	15	12	14	0	6	4547543	1810	2357	1241	2216	9263	7013	7501	5032	
DHL	-66000	-66000	2	1	0	3	17	10	13	0	7	4543807	1810	2357	1241	2216	9263	7013	7501	5032	
DHL	-66200	-66200	2	1	0	3	17	10	14	0	7	4539939	1810	2357	1241	2216	9263	7013	7501	5032	
DHL	-66400	-66400	2	1	0	4	17	9	14	0	8	4535650	1810	2357	1241	2216	9263	7013	7501	5032	
DHL	-66600	-66600	2	1	0	4	20	10	11	0	12	4531220	1810	2357	1241	2216	9263	7013	7501	5032	
DHL	-66800	-66800	2	1	0	4	18	10	10	0	14	4526496	1810	2357	1241	2216	9263	7013	7501	5032	
DHL	-67000	-67000	2	1	0	4	18	10	9	0	14	4521326	1810	2357	1241	2216	9263	7013	7501	5032	
DHL	-67200	-67200	3	1	0	4	22	9	11	0	15	4516802	1810	2357	1241	2216	9263	7013	7501	5032	
DHL	-67400	-67400	2	2	0	5	23	12	10	0	14	4512773	1810	2357	1241	2216	9263	7013	7501	5032	
DHL	-67600	-67600	2	3	0	5	22	13	11	0	16	4509040	1810	2357	1241	2216	9263	7013	7501	5032	
DHL	-67800	-67800	2	3	0	5	19	12	11	0	17	4505000	1810	2357	1241	2216	9263	7013	7501	5032	
DHL	-68000	-68000	2	3	1	4	16	12	11	0	15	4500239	1810	2357	1241	2216	9263	7013	7501	5032	
DHL	-68200	-68200	0	3	1	4	16	11	13	0	13	4495774	1810	2357	1241	2216	9263	7013	7501	5032	
DHL	-68400	-68400	0	4	1	4	15	10	8	0	12	4491418	1810	2357	1241	2216	9263	7013	7501	5032	
DHL	-68600	-68600	1	3	0	3	14	9	8	0	15	4486997	1810	2357	1241	2216	9263	7013	7501	5032	
DHL	-68800	-68800	2	3	0	4	14	11	8	0	14	4482245	1810	2357	1241	2216	9263	7013	7501	5032	
DHL	-69000	-69000	2	3	0	2	14	12	10	0	14	4477305	1810	2357	1241	2216	9263	7013	7501	5032	
DHL	-69200	-69200	1	3	1	2	14	12	10	0	13	4472724	1810	2357	1241	2216	9263	7013	7501	5032	
DHL	-69400	-69400	1	4	1	3	13	12	10	0	12	4468049	1810	2357	1241	2216	9263	7013	7501	5032	
DHL	-69600	-69600	1	4	1	3	16	11	10	0	12	4463653	1810	2357	1241	2216	9263	7013	7501	5032	
DHL	-69800	-69800	1	4	2	2	18	11	7	0	12	4459113	1810	2357	1241	2216	9263	7013	7501	5032	
DHL	-70000	-70000	1	4	2	2	16	13	8	0	12	4455014	1810	2357	1241	2216	9263	7013	7501	5032	
DHL	-70200	-70200	1	4	2	2	16	12	8	0	14	4450731	1810	2357	1241	2216	9263	7013	7501	5032	
DHL	-70400	-70400	0	4	2	3	16	12	5	0	15	4446227	1810	2357	1241	2216	9263	7013	7501	5032	
DHL	-70600	-70600	1	3	2	2	15	11	5	0	16	4441194	1810	2357	1241	2216	9263	7013	7501	5032	
DHL	-70800	-70800	2	3	2	2	16	10	7	0	13	4436870	1810	2357	1241	2216	9263	7013	7501	5032	
DHL	-71000	-71000	2	3	2	1	17	12	8	0	15	4432605	1810	2357	1241	2216	9263	7013	7501	5032	
DHL	-71200	-71200	2	3	2	1	17	10	9	0	15	4427850	1810	2357	1241	2216	9263	7013	7501	5032	
DHL	-71400	-71400	1	3	1	1	18	8	7	0	14	4422269	1810	2357	1241	2216	9263	7013	7501	5032	
DHL	-71600	-71600	1	5	1	2	19	8	7	0	12	4416662	1810	2357	1241	2216	9263	7013	7501	5032	
DHL	-71800	-71800	1	4	1	2	15	8	8	0	11	4411309	1810	2357	1241	2216	9263	7013	7501	5032	
DHL	-72000	-72000	1	3	1	2	14	8	7	0	11	4406620	1810	2357	1241	2216	9263	7013	7501	5032	
DHL	-72200	-72200	1	1	1	2	11	8	8	0	11	4402058	1810	2357	1241	2216	9263	7013	7501	5032	
DHL	-72400	-72400	1	1	1	1	14	7	9	0	10	4397806	1810	2357	1241	2216	9263	7013	7501	5032	
DHL	-72600	-72600	1	1	3	1	16	11	9	0	9	4394073	1810	2357	1241	2216	9263	7013	7501	5032	
DHL	-72800	-72800	1	1	3	1	16	13	10	0	10	4390106	1810	2357	1241	2216	9263	7013	7501	5032	
DHL	-73000	-73000	1	1	3	1	17	11	9	0	11	4385877	1810	2357	1241	2216	9263	7013	7501	5032	
DHL	-73200	-73200	1	3	2	0	17	13	11	0	11	4381532	1810	2357	1241	2216	9263	7013	7501	5032	
DHL	-73400	-73400	1	3	2	0	16	12	13	0	10	4377135	1810	2357	1241	2216	9263	7013	7501	5032	
DHL	-73600	-73600	0	3	1	0	15	12	13	0	10	4372435	1810	2357	1241	2216	9263	7013	7501	5032	
DHL	-73800	-73800	1	3	1	0	14	11	13	0	11	4367722	1810	2357	1241	2216	9263	7013	7501	5032	
DHL	-74000	-74000	1	2	1	0	16	9	16	0	11	4363408	1810	2357	1241	2216	9263	7013	7501	5032	
DHL	-74200	-74200	1	2	1	0	18	9	15	0	10	4359483	1810	2357	1241	2216	9263	7013	7501	5032	
DHL	-74400	-74400	1	2	1	0	20	8	15	0	9	4355485	1810	2357	1241	2216	9263	7013	7501	5032	
DHL	-74600	-74600	2	2	3	0	21	6	17	0	10	4351351	1810	2357	1241	2216	9263	7013	7501	5032	
DHL	-74800	-74800	2	1	3	0	19	6	18	0	10	4346617	1810	2357	1241	2216	9263	7013	7501	5032	
DHL	-75000	-75000	2	2	2	0	17	10	19	0	9	4341639	1810	2357	1241	2216	9263	7013	7501	5032	
DHL	-75200	-75200	1	2	2	1	19	13	18	0	8	4336846	1810	2357	1241	2216	9263	7013	7501	5032	
DHL	-75400	-75400	2	2	2	1	21	13	17	0	7	4332429	1810	2357	1241	2216	9263	7013	7501	5032	
DHL	-75600	-75600	2	3	2	2	21	15	15	0	7	4328005	1810	2357	1241	2216	9263	7013	7501	5032	
DHL	-75800	-75800	2	3	3	2	20	14	12	0	7	4323134	1810	2357	1241	2216	9263	7013	7501	5032	
DHL	-76000	-76000	2	3	3	2	20	16	11	0	6	4318760	1810	2357	1241	2216	9263	7013	7501	5032	
DHL	-76200	-76200	2	3	3	2	17	16	13	0	8	4314368	1810	2357	1241	2216	9263	7013	7501	5032	
DHL	-76400	-76400	2	3	3	1	19	12	13	0	8	4310271	1810	2357	1241	2216	9263	7013	7501	5032	
DHL	-76600	-76600	2	2	3	1	17	12	14	0	8	4306556	1810	2357	1241	2216	9263	7013	7501	5032	
DHL	-76800	-76800	2	2	3	1	18	12	15	0	7	4302979	1810	2357	1241	2216	9263	7013	7501	5032	
DHL	-77000	-77000	2	2	3	1	18	10	14	0	8	4299571	1810	2357	1241	2216	9263	7013	7501	5032	
DHL	-77200	-77200	2	1	4	1	20	9	14	0	6	4295728	1810	2357	1241	2216	9263	7013	7501	5032	
DHL	-77400	-77400	2	1	2	2	21	9	13	0	6	4291490	1810	2357	1241	2216	9263	7013	7501	5032	
DHL	-77600	-77600	2	1	2	2	21	9	13	0	6	4286705	1810	2357	1241	2216	9263	7013	7501	5032	
DHL	-77800	-77800	3	1	2	2	24	9	15	0	7	4281994	1810	2357	1241	2216	9263	7013	7501	5032	
DHL	-78000	-78000	3	0	1	2	22	10	16	0	7	4277670	1810	2357	1241	2216	9263	7013	7501	5032	
DHL	-78200	-78200	3	0	0	3	21	9	15	0	6	4273360	1810	2357	1241	2216	9263	7013	7501	5032	
DHL	-78400	-78400	3	0	0	3	21	8	13	0	4	4269157	1810	2357	1241	2216	9263	7013	7501	5032	
DHL	-78600	-78600	2	1	1	4	21	7	13	0	5	4264192	1810	2357	1241	2216	9263	7013	7501	5032	
DHL	-78800	-78800	2	1	2	4	23	9	13	0	9	4258983	1810	2357	1241	2216	9263	7013	7501	5032	
DHL	-79000	-79000	2	2	2	4	23	9	14	0	10	4253920	1810	2357	1241	2216	9263	7013	7501	5032	
DHL	-79200	-79200	2	2	3	5	23	11	12	0	10	4248867	1810	2357	1241	2216	9263	7013	7501	5032	
DHL	-79400	-79400	3	2	3	5	23	8	13	0	13	4243655	1810	2357	1241	2216	9263	7013	7501	5032	
DHL	-79600	-79600	2	2	3	4	23	8	13	0	15	4238493	1810	2357	1241	2216	9263	7013	7501	5032	
DHL	-79800	-79800	2	2	3	5	21	8	14	0	17	4233814	1810	2357	1241	2216	9263	7013	7501	5032	
DHL	-80000	-80000	2	2	3	5	20	9	13	0	16	4228928	1810	2357	1241	2216	9263	7013	7501	5032	
DHL	-80200	-80200	2	2	3	5	19	8	13	0	13	4223396	1810	2357	1241	2216	9263	7013	7501	5032	
DHL	-80400	-80400	2	2	3	5	18	8	15	0	13	4217911	1810	2357	1241	2216	9263	7013	7501	5032	
DHL	-80600	-80600	3	2	2	5	18	11	15	0	13	4212122	1810	2357	1241	2216	9263	7013	7501	5032	
DHL	-80800	-80800	3	3	2	6	15	10	13	0	12	4206523	1810	2357	1241	2216	9263	7013	7501	5032	
DHL	-81000	-81000	3	3	2	5	15	12	11	0	11	4201265	1810	2357	1241	2216	9263	7013	7501	5032	
DHL	-81200	-81200	3	3	2	5	16	12	13	0	10	4196846	1810	2357	1241	2216	9263	7013	7501	5032	
DHL	-81400	-81400	2	3	2	4	16	11	15	0	9	4192181	1810	2357	1241	2216	9263	7013	7501	5032	
DHL	-81600	-81600	2	3	1	5	18	9	16	0	9	4187204	1810	2357	1241	2216	9263	7013	7501	5032	
DHL	-81800	-81800	2	2	1	5	19	9	11	0	7	4181921	1810	2357	1241	2216	9263	7013	7501	5032	
DHL	-82000	-82000	2	2	1	5	21	8	10	0	4	4176587	1810	2357	1241	2216	9263	7013	7501	5032	
DHL	-82200	-82200	1	1	0	5	23	9	12	0	4	4171915	1810	2357	1241	2216	9263	7013	7501	5032	
DHL	-82400	-82400	1	1	0	7	21	11	10	0	4	4167680	1810	2357	1241	2216	9263	7013	7501	5032	
DHL	-82600	-82600	1	1	0	6	23	11	10	0	3	4163880	1810	2357	1241	2216	9263	7013	7501	5032	
DHL	-82800	-82800	1	1	1	6	23	13	11	0	3	4159921	1810	2357	1241	2216	9263	7013	7501	5032	
DHL	-83000	-83000	1	1	2	6	21	13	12	0	3	4156237	1810	2357	1241	2216	9263	7013	7501	5032	
DHL	-83200	-83200	1	1	2	5	20	12	14	0	4	4152791	1810	2357	1241	2216	9263	7013	7501	5032	
DHL	-83400	-83400	1	1	2	4	18	10	12	0	6	4149538	1810	2357	1241	2216	9263	7013	7501	5032	
DHL	-83600	-83600	1	2	1	4	17	9	14	0	6	4146478	1810	2357	1241	2216	9263	7013	7501	5032	
DHL	-83800	-83800	1	2	1	2	21	6	14	0	6	4143762	1810	2357	1241	2216	9263	7013	7501	5032	
DHL	-84000	-84000	2	2	1	2	19	6	14	0	7	4141252	1810	2357	1241	2216	9263	7013	7501	5032	
DHL	-84200	-84200	2	2	2	2	19	5	11	0	8	4138804	1810	2357	1241	2216	9263	7013	7501	5032	
DHL	-84400	-84400	2	3	2	1	19	6	11	0	8	4136161	1810	2357	1241	2216	9263	7013	7501	5032	
DHL	-84600	-84600	1	3	2	1	20	8	15	0	7	4133349	1810	2357	1241	2216	9263	7013	7501	5032	
DHL	-84800	-84800	1	3	2	1	19	7	17	0	9	4130361	1810	2357	1241	2216	9263	7013	7501	5032	
DHL	-85000	-85000	0	3	1	1	18	7	15	0	7	4126830	1810	2357	1241	2216	9263	7013	7501	5032	
DHL	-85200	-85200	0	3	1	2	17	7	14	0	7	4123115	1810	2357	1241	2216	9263	7013	7501	5032	
DHL	-85400	-85400	0	3	0	3	18	7	13	0	7	4118998	1810	2357	1241	2216	9263	7013	7501	5032	
DHL	-85600	-85600	0	3	0	2	18	6	13	0	7	4114222	1810	2357	1241	2216	9263	7013	7501	5032	
DHL	-85800	-85800	1	4	0	2	17	6	11	0	8	4109270	1810	2357	1241	2216	9263	7013	7501	5032	
DHL	-86000	-86000	1	5	0	2	17	5	10	0	7	4104066	1810	2357	1241	2216	9263	7013	7501	5032	
DHL	-86200	-86200	1	5	0	2	15	6	13	0	7	4098873	1810	2357	1241	2216	9263	7013	7501	5032	
DHL	-86400	-86400	1	6	0	2	16	8	12	0	8	4093723	1810	2357	1241	2216	9263	7013	7501	5032	
DHL	-86600	-86600	1	5	1	1	17	9	13	0	8	4088865	1810	2357	1241	2216	9263	7013	7501	5032	
DHL	-86800	-86800	1	4	1	3	16	8	13	0	8	4084153	1810	2357	1241	2216	9263	7013	7501	5032	
DHL	-87000	-87000	2	4	1	4	16	7	14	0	8	4079200	1810	2357	1241	2216	9263	7013	7501	5032	
DHL	-87200	-87200	2	3	0	2	14	8	14	0	8	4074322	1810	2357	1241	2216	9263	7013	7501	5032	
DHL	-87400	-87400	2	4	0	3	15	9	13	0	7	4069447	1810	2357	1241	2216	9263	7013	7501	5032	
DHL	-87600	-87600	4	3	0	3	13	9	13	0	5	4064517	1810	2357	1241	2216	9263	7013	7501	5032	
DHL	-87800	-87800	4	4	0	2	17	9	14	0	5	4059826	1810	2357	1241	2216	9263	7013	7501	5032	
DHL	-88000	-88000	3	3	0	2	15	9	15	0	5	4055388	1810	2357	1241	2216	9263	7013	7501	5032	
DHL	-88200	-88200	2	3	0	4	14	10	14	0	5	4051122	1810	2357	1241	2216	9263	7013	7501	5032	
DHL	-88400	-88400	2	5	0	4	13	11	13	0	5	4046922	1810	2357	1241	2216	9263	7013	7501	5032	
DHL	-88600	-88600	2	5	1	3	11	12	12	0	5	4042725	1810	2357	1241	2216	9263	7013	7501	5032	
DHL	-88800	-88800	2	6	1	4	12	13	12	0	3	4038631	1810	2357	1241	2216	9263	7013	7501	5032	
DHL	-89000	-89000	2	7	1	4	10	14	12	0	4	4034497	1810	2357	1241	2216	9263	7013	7501	5032	
DHL	-89200	-89200	2	7	1	4	7	13	12	0	5	4029749	1810	2357	1241	2216	9263	7013	7501	5032	
DHL	-89400	-89400	2	7	0	4	8	13	11	0	3	4024669	1810	2357	1241	2216	9263	7013	7501	5032	
DHL	-89600	-89600	2	8	0	4	9	14	10	0	5	4020139	1810	2357	1241	2216	9263	7013	7501	5032	
DHL	-89800	-89800	3	8	0	4	12	15	10	0	6	4015924	1810	2357	1241	2216	9263	7013	7501	5032	
DHL	-90000	-90000	3	7	0	3	10	16	9	0	6	4011021	1810	2357	1241	2216	9263	7013	7501	5032	
DHL	-90200	-90200	3	7	0	3	9	16	8	0	7	4005940	1810	2357	1241	2216	9263	7013	7501	5032	
DHL	-90400	-90400	4	6	2	3	6	15	10	0	7	4001014	1810	2357	1241	2216	9263	7013	7501	5032	
DHL	-90600	-90600	3	6	2	6	9	13	10	0	7	3996614	1810	2357	1241	2216	9263	7013	7501	5032	
DHL	-90800	-90800	3	5	2	7	9	12	8	0	5	3991965	1810	2357	1241	2216	9263	7013	7501	5032	
DHL	-91000	-91000	4	4	2	6	8	14	8	0	5	3988168	1810	2357	1241	2216	9263	7013	7501	5032	
DHL	-91200	-91200	6	4	2	6	10	13	9	0	4	3984889	1810	2357	1241	2216	9263	7013	7501	5032	
DHL	-91400	-91400	8	3	2	6	9	10	11	0	4	3981489	1810	2357	1241	2216	9263	7013	7501	5032	
DHL	-91600	-91600	8	3	2	5	11	10	17	0	2	3978173	1810	2357	1241	2216	9263	7013	7501	5032	
DHL	-91800	-91800	8	3	3	5	11	7	21	0	2	3974866	1810	2357	1241	2216	9263	7013	7501	5032	
DHL	-92000	-92000	5	3	3	4	11	4	19	0	2	3971391	1810	2357	1241	2216	9263	7013	7501	5032	
DHL	-92200	-92200	6	3	3	4	10	3	17	0	2	3967927	1810	2357	1241	2216	9263	7013	7501	5032	
DHL	-92400	-92400	6	3	3	4	7	3	13	0	3	3964327	1810	2357	1241	2216	9263	7013	7501	5032	
DHL	-92600	-92600	6	3	3	5	10	3	14	0	4	3960483	1810	2357	1241	2216	9263	7013	7501	5032	
DHL	-92800	-92800	6	2	3	6	12	2	14	0	4	3956483	1810	2357	1241	2216	9263	7013	7501	5032	
DHL	-93000	-93000	6	1	2	6	9	4	13	0	4	3952454	1810	2357	1241	2216	9263	7013	7501	5032	
DHL	-93200	-93200	4	1	1	5	10	5	15	0	4	3948615	1810	2357	1241	2216	9263	7013	7501	5032	
DHL	-93400	-93400	4	1	1	5	10	6	12	0	3	3945350	1810	2357	1241	2216	9263	7013	7501	5032	
DHL	-93600	-93600	4	2	1	4	10	6	11	0	6	3942268	1810	2357	1241	2216	9263	7013	7501	5032	
DHL	-93800	-93800	5	2	1	3	9	4	10	0	7	3939478	1810	2357	1241	2216	9263	7013	7501	5032	
DHL	-94000	-94000	5	2	1	2	5	5	8	0	8	3937198	1810	2357	1241	2216	9263	7013	7501	5032	
DHL	-94200	-94200	5	2	2	4	6	5	10	0	7	3934998	1810	2357	1241	2216	9263	7013	7501	5032	
DHL	-94400	-94400	2	2	3	3	6	6	10	0	9	3932663	1810	2357	1241	2216	9263	7013	7501	5032	
DHL	-94600	-94600	2	2	2	4	5	6	10	0	9	3930263	1810	2357	1241	2216	9263	7013	7501	5032	
DHL	-94800	-94800	2	2	2	4	6	4	8	0	8	3928012	1810	2357	1241	2216	9263	7013	7501	5032	
DHL	-95000	-95000	2	2	3	4	6	4	8	0	7	3925580	1810	2357	1241	2216	9263	7013	7501	5032	
DHL	-95200	-95200	2	2	3	5	9	2	7	0	6	3922794	1810	2357	1241	2216	9263	7013	7501	5032	
DHL	-95400	-95400	3	2	3	5	9	1	8	0	6	3919587	1810	2357	1241	2216	9263	7013	7501	5032	
DHL	-95600	-95600	3	2	3	5	10	2	9	0	7	3916174	1810	2357	1241	2216	9263	7013	7501	5032	
DHL	-95800	-95800	3	2	3	5	12	3	8	0	8	3913011	1810	2357	1241	2216	9263	7013	7501	5032	
DHL	-96000	-96000	5	2	3	5	13	5	9	0	8	3910165	1810	2357	1241	2216	9263	7013	7501	5032	
DHL	-96200	-96200	4	2	3	4	15	5	8	0	8	3907678	1810	2357	1241	2216	9263	7013	7501	5032	
DHL	-96400	-96400	4	2	2	4	16	7	8	0	10	3904809	1810	2357	1241	2216	9263	7013	7501	5032	
DHL	-96600	-96600	3	2	2	5	13	6	7	0	10	3902005	1810	2357	1241	2216	9263	7013	7501	5032	
DHL	-96800	-96800	3	3	2	4	15	8	7	0	9	3899190	1810	2357	1241	2216	9263	7013	7501	5032	
DHL	-97000	-97000	3	3	2	4	15	11	7	0	10	3896680	1810	2357	1241	2216	9263	7013	7501	5032	
DHL	-97200	-97200	2	3	2	5	15	12	8	0	9	3893878	1810	2357	1241	2216	9263	7013	7501	5032	
DHL	-97400	-97400	1	2	2	4	16	11	12	0	9	3890943	1810	2357	1241	2216	9263	7013	7501	5032	
DHL	-97600	-97600	1	2	2	3	16	9	12	0	9	3887805	1810	2357	1241	2216	9263	7013	7501	5032	
DHL	-97800	-97800	1	2	1	2	15	10	10	0	8	3884604	1810	2357	1241	2216	9263	7013	7501	5032	
DHL	-98000	-98000	2	2	1	2	14	8	13	0	9	3881030	1810	2357	1241	2216	9263	7013	7501	5032	
DHL	-98200	-98200	3	2	1	2	13	10	14	0	10	3877430	1810	2357	1241	2216	9263	7013	7501	5032	
DHL	-98400	-98400	3	2	2	4	15	10	17	0	10	3873840	1810	2357	1241	2216	9263	7013	7501	5032	
DHL	-98600	-98600	3	1	2	5	12	10	15	0	9	3870134	1810	2357	1241	2216	9263	7013	7501	5032	
DHL	-98800	-98800	3	1	2	5	10	10	15	0	11	3866720	1810	2357	1241	2216	9263	7013	7501	5032	
DHL	-99000	-99000	2	1	2	4	10	9	13	0	10	3863895	1810	2357	1241	2216	9263	7013	7501	5032	
DHL	-99200	-99200	2	2	3	3	11	11	13	0	5	3861148	1810	2357	1241	2216	9263	7013	7501	5032	
DHL	-99400	-99400	2	2	3	4	11	9	14	0	4	3858217	1810	2357	1241	2216	9263	7013	7501	5032	
DHL	-99600	-99600	3	2	4	3	10	9	13	0	9	3855095	1810	2357	1241	2216	9263	7013	7501	5032	
DHL	-99800	-99800	4	2	4	3	11	10	14	0	10	3851813	1810	2357	1241	2216	9263	7013	7501	5032	
DHL	-100000	-100000	5	2	4	3	16	11	12	0	10	3848407	1810	2357	1241	2216	9263	7013	7501	5032	
