DHL	0	0	22	84	10	43	103	105	58	0	74	18092303	1810	2357	1241	2216	9263	7013	7501	5032	
DHL	200	200	23	84	10	42	97	105	54	0	74	18006976	1810	2357	1241	2216	9263	7013	7501	5032	
DHL	400	400	22	82	9	39	91	102	53	0	74	17771034	1810	2357	1241	2216	9263	7013	7501	5032	
DHL	600	600	22	81	8	33	92	100	53	0	73	17482772	1810	2357	1241	2216	9263	7013	7501	5032	
DHL	800	800	22	82	7	35	86	96	54	0	76	17181343	1810	2357	1241	2216	9263	7013	7501	5032	
DHL	1000	1000	22	79	9	34	91	92	57	0	73	16883933	1810	2357	1241	2216	9263	7013	7501	5032	
DHL	1200	1200	20	79	10	33	91	95	56	0	75	16594116	1810	2357	1241	2216	9263	7013	7501	5032	
DHL	1400	1400	19	79	9	34	91	97	54	0	73	16312284	1810	2357	1241	2216	9263	7013	7501	5032	
DHL	1600	1600	17	78	9	33	87	99	54	0	74	16039158	1810	2357	1241	2216	9263	7013	7501	5032	
DHL	1800	1800	18	75	7	30	87	101	51	0	74	15776128	1810	2357	1241	2216	9263	7013	7501	5032	
DHL	2000	2000	19	73	7	29	82	97	46	0	75	15520164	1810	2357	1241	2216	9263	7013	7501	5032	
DHL	2200	2200	16	71	8	28	84	94	49	0	73	15272796	1810	2357	1241	2216	9263	7013	7501	5032	
DHL	2400	2400	16	69	6	29	88	93	48	0	69	15035025	1810	2357	1241	2216	9263	7013	7501	5032	
DHL	2600	2600	15	69	8	29	89	87	49	0	70	14805657	1810	2357	1241	2216	9263	7013	7501	5032	
DHL	2800	2800	13	69	8	27	89	85	52	0	70	14582197	1810	2357	1241	2216	9263	7013	7501	5032	
DHL	3000	3000	13	70	8	25	88	76	52	0	72	14362243	1810	2357	1241	2216	9263	7013	7501	5032	
DHL	3200	3200	11	67	8	25	90	75	49	0	72	14151389	1810	2357	1241	2216	9263	7013	7501	5032	
DHL	3400	3400	11	66	8	26	89	75	48	0	69	13949341	1810	2357	1241	2216	9263	7013	7501	5032	
DHL	3600	3600	10	66	8	28	87	76	49	0	67	13754740	1810	2357	1241	2216	9263	7013	7501	5032	
DHL	3800	3800	8	64	7	27	74	75	49	0	67	13567546	1810	2357	1241	2216	9263	7013	7501	5032	
DHL	4000	4000	8	64	6	29	74	75	45	0	68	13387855	1810	2357	1241	2216	9263	7013	7501	5032	
DHL	4200	4200	8	63	5	28	69	72	46	0	66	13212496	1810	2357	1241	2216	9263	7013	7501	5032	
DHL	4400	4400	7	63	7	24	66	70	42	0	62	13044357	1810	2357	1241	2216	9263	7013	7501	5032	
DHL	4600	4600	7	61	6	24	58	67	39	0	62	12882644	1810	2357	1241	2216	9263	7013	7501	5032	
DHL	4800	4800	6	60	6	24	57	66	41	0	61	12723953	1810	2357	1241	2216	9263	7013	7501	5032	
DHL	5000	5000	7	60	6	22	54	67	39	0	63	12569745	1810	2357	1241	2216	9263	7013	7501	5032	
DHL	5200	5200	7	61	6	20	53	68	39	0	63	12418552	1810	2357	1241	2216	9263	7013	7501	5032	
DHL	5400	5400	6	61	6	20	57	67	38	0	65	12271501	1810	2357	1241	2216	9263	7013	7501	5032	
DHL	5600	5600	4	55	6	20	61	66	38	0	67	12125462	1810	2357	1241	2216	9263	7013	7501	5032	
DHL	5800	5800	5	52	4	19	59	63	40	0	63	11982101	1810	2357	1241	2216	9263	7013	7501	5032	
DHL	6000	6000	5	54	4	20	55	66	37	0	60	11840275	1810	2357	1241	2216	9263	7013	7501	5032	
DHL	6200	6200	7	53	5	21	57	68	37	0	58	11702999	1810	2357	1241	2216	9263	7013	7501	5032	
DHL	6400	6400	6	51	7	25	54	68	35	0	58	11570722	1810	2357	1241	2216	9263	7013	7501	5032	
DHL	6600	6600	9	48	7	24	52	67	33	0	57	11441621	1810	2357	1241	2216	9263	7013	7501	5032	
DHL	6800	6800	8	47	7	25	48	69	35	0	59	11317491	1810	2357	1241	2216	9263	7013	7501	5032	
DHL	7000	7000	5	46	7	23	52	70	37	0	57	11196273	1810	2357	1241	2216	9263	7013	7501	5032	
DHL	7200	7200	4	45	4	19	55	68	40	0	57	11079623	1810	2357	1241	2216	9263	7013	7501	5032	
DHL	7400	7400	4	46	1	21	47	65	38	0	53	10968374	1810	2357	1241	2216	9263	7013	7501	5032	
DHL	7600	7600	4	43	1	21	41	62	42	0	55	10861096	1810	2357	1241	2216	9263	7013	7501	5032	
DHL	7800	7800	4	44	1	19	40	60	40	0	56	10757451	1810	2357	1241	2216	9263	7013	7501	5032	
DHL	8000	8000	3	44	1	19	38	59	39	0	60	10655072	1810	2357	1241	2216	9263	7013	7501	5032	
DHL	8200	8200	4	43	1	21	35	61	35	0	58	10556610	1810	2357	1241	2216	9263	7013	7501	5032	
DHL	8400	8400	4	41	1	22	33	61	32	0	57	10460475	1810	2357	1241	2216	9263	7013	7501	5032	
DHL	8600	8600	4	42	1	20	35	65	33	0	56	10364489	1810	2357	1241	2216	9263	7013	7501	5032	
DHL	8800	8800	5	41	1	18	32	64	34	0	55	10271877	1810	2357	1241	2216	9263	7013	7501	5032	
DHL	9000	9000	6	40	2	18	35	63	33	0	54	10181599	1810	2357	1241	2216	9263	7013	7501	5032	
DHL	9200	9200	5	39	2	18	38	65	34	0	54	10094031	1810	2357	1241	2216	9263	7013	7501	5032	
DHL	9400	9400	8	39	3	18	42	67	34	0	55	10009960	1810	2357	1241	2216	9263	7013	7501	5032	
DHL	9600	9600	8	39	3	19	41	69	37	0	54	9929099	1810	2357	1241	2216	9263	7013	7501	5032	
DHL	9800	9800	7	39	2	18	40	66	38	0	56	9851691	1810	2357	1241	2216	9263	7013	7501	5032	
DHL	10000	10000	8	39	1	20	38	66	38	0	59	9775520	1810	2357	1241	2216	9263	7013	7501	5032	
DHL	10200	10200	9	42	1	21	35	66	37	0	57	9703632	1810	2357	1241	2216	9263	7013	7501	5032	
DHL	10400	10400	10	42	2	22	30	65	40	0	56	9633495	1810	2357	1241	2216	9263	7013	7501	5032	
DHL	10600	10600	9	42	2	19	31	65	38	0	55	9562464	1810	2357	1241	2216	9263	7013	7501	5032	
DHL	10800	10800	9	42	3	19	31	67	36	0	53	9492343	1810	2357	1241	2216	9263	7013	7501	5032	
DHL	11000	11000	9	45	1	21	27	65	40	0	51	9423688	1810	2357	1241	2216	9263	7013	7501	5032	
DHL	11200	11200	8	44	1	18	30	63	35	0	52	9356451	1810	2357	1241	2216	9263	7013	7501	5032	
DHL	11400	11400	7	44	2	18	27	64	34	0	51	9292736	1810	2357	1241	2216	9263	7013	7501	5032	
DHL	11600	11600	7	47	2	15	23	67	35	0	50	9230750	1810	2357	1241	2216	9263	7013	7501	5032	
DHL	11800	11800	8	44	2	15	19	67	36	0	52	9169728	1810	2357	1241	2216	9263	7013	7501	5032	
DHL	12000	12000	8	44	3	15	19	63	33	0	54	9108848	1810	2357	1241	2216	9263	7013	7501	5032	
DHL	12200	12200	7	43	3	15	18	63	30	0	57	9048632	1810	2357	1241	2216	9263	7013	7501	5032	
DHL	12400	12400	5	39	3	17	17	61	29	0	56	8989861	1810	2357	1241	2216	9263	7013	7501	5032	
DHL	12600	12600	5	39	3	17	17	58	28	0	58	8932184	1810	2357	1241	2216	9263	7013	7501	5032	
DHL	12800	12800	6	38	3	18	17	56	26	0	58	8875089	1810	2357	1241	2216	9263	7013	7501	5032	
DHL	13000	13000	6	36	2	18	17	40	25	0	57	8819785	1810	2357	1241	2216	9263	7013	7501	5032	
DHL	13200	13200	7	35	2	21	22	38	25	0	58	8766561	1810	2357	1241	2216	9263	7013	7501	5032	
DHL	13400	13400	6	32	2	18	24	37	25	0	57	8715284	1810	2357	1241	2216	9263	7013	7501	5032	
DHL	13600	13600	5	26	2	18	21	34	24	0	52	8664630	1810	2357	1241	2216	9263	7013	7501	5032	
DHL	13800	13800	5	21	1	19	21	24	27	0	51	8615463	1810	2357	1241	2216	9263	7013	7501	5032	
DHL	14000	14000	5	20	1	17	25	24	26	0	52	8567896	1810	2357	1241	2216	9263	7013	7501	5032	
DHL	14200	14200	5	18	0	16	25	21	26	0	49	8523748	1810	2357	1241	2216	9263	7013	7501	5032	
DHL	14400	14400	5	19	0	16	25	21	22	0	46	8480931	1810	2357	1241	2216	9263	7013	7501	5032	
DHL	14600	14600	3	16	0	16	26	19	23	0	43	8439800	1810	2357	1241	2216	9263	7013	7501	5032	
DHL	14800	14800	2	12	0	16	25	19	21	0	44	8399152	1810	2357	1241	2216	9263	7013	7501	5032	
DHL	15000	15000	2	13	0	12	28	18	18	0	45	8358822	1810	2357	1241	2216	9263	7013	7501	5032	
DHL	15200	15200	2	8	0	12	33	15	24	0	48	8318485	1810	2357	1241	2216	9263	7013	7501	5032	
DHL	15400	15400	2	7	0	12	34	14	24	0	46	8278903	1810	2357	1241	2216	9263	7013	7501	5032	
DHL	15600	15600	1	10	0	12	33	17	26	0	44	8239800	1810	2357	1241	2216	9263	7013	7501	5032	
DHL	15800	15800	1	7	0	13	36	16	26	0	43	8199847	1810	2357	1241	2216	9263	7013	7501	5032	
DHL	16000	16000	4	8	1	14	39	22	26	0	42	8158045	1810	2357	1241	2216	9263	7013	7501	5032	
DHL	16200	16200	4	8	1	14	35	25	29	0	42	8115447	1810	2357	1241	2216	9263	7013	7501	5032	
DHL	16400	16400	5	7	1	13	32	23	32	0	42	8074621	1810	2357	1241	2216	9263	7013	7501	5032	
DHL	16600	16600	5	7	3	13	33	23	31	0	43	8034836	1810	2357	1241	2216	9263	7013	7501	5032	
DHL	16800	16800	5	7	3	15	35	25	31	0	43	7997088	1810	2357	1241	2216	9263	7013	7501	5032	
DHL	17000	17000	5	7	4	14	32	26	33	0	44	7958896	1810	2357	1241	2216	9263	7013	7501	5032	
DHL	17200	17200	4	8	5	15	30	24	31	0	44	7920948	1810	2357	1241	2216	9263	7013	7501	5032	
DHL	17400	17400	4	8	5	13	30	23	30	0	43	7882136	1810	2357	1241	2216	9263	7013	7501	5032	
DHL	17600	17600	4	8	5	14	31	23	27	0	43	7843520	1810	2357	1241	2216	9263	7013	7501	5032	
DHL	17800	17800	4	9	4	15	32	24	27	0	44	7805149	1810	2357	1241	2216	9263	7013	7501	5032	
DHL	18000	18000	4	12	4	15	29	23	29	0	49	7768167	1810	2357	1241	2216	9263	7013	7501	5032	
DHL	18200	18200	5	12	3	14	34	20	25	0	48	7730133	1810	2357	1241	2216	9263	7013	7501	5032	
DHL	18400	18400	5	9	3	15	37	20	22	0	49	7692614	1810	2357	1241	2216	9263	7013	7501	5032	
DHL	18600	18600	6	10	4	15	35	19	23	0	49	7654788	1810	2357	1241	2216	9263	7013	7501	5032	
DHL	18800	18800	6	7	3	17	33	17	22	0	48	7618514	1810	2357	1241	2216	9263	7013	7501	5032	
DHL	19000	19000	6	7	3	18	33	14	24	0	49	7582773	1810	2357	1241	2216	9263	7013	7501	5032	
DHL	19200	19200	2	7	4	15	32	14	28	0	49	7547608	1810	2357	1241	2216	9263	7013	7501	5032	
DHL	19400	19400	3	7	4	16	29	15	26	0	50	7512516	1810	2357	1241	2216	9263	7013	7501	5032	
DHL	19600	19600	4	6	4	15	27	14	22	0	51	7476367	1810	2357	1241	2216	9263	7013	7501	5032	
DHL	19800	19800	5	7	3	15	29	14	22	0	51	7439713	1810	2357	1241	2216	9263	7013	7501	5032	
DHL	20000	20000	5	6	3	16	29	14	21	0	51	7401759	1810	2357	1241	2216	9263	7013	7501	5032	
DHL	20200	20200	5	5	3	16	28	13	20	0	52	7363601	1810	2357	1241	2216	9263	7013	7501	5032	
DHL	20400	20400	5	6	2	15	29	11	19	0	50	7326531	1810	2357	1241	2216	9263	7013	7501	5032	
DHL	20600	20600	5	6	2	16	35	12	20	0	52	7289295	1810	2357	1241	2216	9263	7013	7501	5032	
DHL	20800	20800	5	5	2	13	32	13	20	0	52	7253529	1810	2357	1241	2216	9263	7013	7501	5032	
DHL	21000	21000	4	6	2	13	34	13	21	0	55	7220234	1810	2357	1241	2216	9263	7013	7501	5032	
DHL	21200	21200	5	6	3	13	32	10	19	0	56	7187713	1810	2357	1241	2216	9263	7013	7501	5032	
DHL	21400	21400	5	6	3	13	30	11	22	0	56	7156531	1810	2357	1241	2216	9263	7013	7501	5032	
DHL	21600	21600	5	6	3	13	27	13	23	0	56	7127000	1810	2357	1241	2216	9263	7013	7501	5032	
DHL	21800	21800	2	4	3	14	26	13	22	0	54	7096340	1810	2357	1241	2216	9263	7013	7501	5032	
DHL	22000	22000	2	5	3	15	22	15	22	0	51	7067172	1810	2357	1241	2216	9263	7013	7501	5032	
DHL	22200	22200	3	5	3	13	23	13	19	0	50	7038272	1810	2357	1241	2216	9263	7013	7501	5032	
DHL	22400	22400	3	3	4	15	26	10	19	0	48	7011116	1810	2357	1241	2216	9263	7013	7501	5032	
DHL	22600	22600	3	3	4	15	22	13	20	0	47	6984535	1810	2357	1241	2216	9263	7013	7501	5032	
DHL	22800	22800	3	3	3	15	24	14	20	0	46	6957517	1810	2357	1241	2216	9263	7013	7501	5032	
DHL	23000	23000	4	3	4	14	23	13	20	0	46	6931761	1810	2357	1241	2216	9263	7013	7501	5032	
DHL	23200	23200	5	3	3	14	25	14	18	0	47	6907482	1810	2357	1241	2216	9263	7013	7501	5032	
DHL	23400	23400	4	3	4	12	25	16	17	0	45	6884812	1810	2357	1241	2216	9263	7013	7501	5032	
DHL	23600	23600	4	3	5	12	29	17	15	0	42	6863142	1810	2357	1241	2216	9263	7013	7501	5032	
DHL	23800	23800	5	3	4	12	27	17	14	0	45	6840877	1810	2357	1241	2216	9263	7013	7501	5032	
DHL	24000	24000	4	3	4	12	29	20	19	0	44	6818723	1810	2357	1241	2216	9263	7013	7501	5032	
DHL	24200	24200	5	3	4	12	31	19	18	0	43	6796823	1810	2357	1241	2216	9263	7013	7501	5032	
DHL	24400	24400	5	3	3	13	27	16	17	0	43	6775105	1810	2357	1241	2216	9263	7013	7501	5032	
DHL	24600	24600	5	3	3	13	30	12	17	0	46	6753109	1810	2357	1241	2216	9263	7013	7501	5032	
DHL	24800	24800	5	3	3	13	31	12	16	0	44	6732444	1810	2357	1241	2216	9263	7013	7501	5032	
DHL	25000	25000	5	2	2	14	32	11	16	0	43	6712171	1810	2357	1241	2216	9263	7013	7501	5032	
DHL	25200	25200	3	1	1	14	32	11	21	0	43	6691214	1810	2357	1241	2216	9263	7013	7501	5032	
DHL	25400	25400	3	2	2	14	32	11	20	0	46	6669974	1810	2357	1241	2216	9263	7013	7501	5032	
DHL	25600	25600	2	1	2	14	29	10	18	0	47	6649600	1810	2357	1241	2216	9263	7013	7501	5032	
DHL	25800	25800	2	1	2	15	27	11	21	0	47	6629022	1810	2357	1241	2216	9263	7013	7501	5032	
DHL	26000	26000	2	1	2	12	26	15	18	0	46	6608313	1810	2357	1241	2216	9263	7013	7501	5032	
DHL	26200	26200	2	1	2	12	24	15	20	0	46	6587198	1810	2357	1241	2216	9263	7013	7501	5032	
DHL	26400	26400	2	2	1	13	26	16	20	0	47	6566007	1810	2357	1241	2216	9263	7013	7501	5032	
DHL	26600	26600	1	2	1	13	19	18	19	0	46	6545330	1810	2357	1241	2216	9263	7013	7501	5032	
DHL	26800	26800	1	2	1	12	18	20	22	0	45	6525261	1810	2357	1241	2216	9263	7013	7501	5032	
DHL	27000	27000	1	2	0	13	18	22	21	0	45	6504407	1810	2357	1241	2216	9263	7013	7501	5032	
DHL	27200	27200	1	2	1	14	21	22	22	0	43	6483203	1810	2357	1241	2216	9263	7013	7501	5032	
DHL	27400	27400	2	3	1	13	24	21	22	0	44	6462209	1810	2357	1241	2216	9263	7013	7501	5032	
DHL	27600	27600	4	5	2	12	25	20	25	0	47	6441250	1810	2357	1241	2216	9263	7013	7501	5032	
DHL	27800	27800	4	5	2	12	24	17	27	0	45	6419538	1810	2357	1241	2216	9263	7013	7501	5032	
DHL	28000	28000	4	4	1	11	24	15	26	0	44	6398946	1810	2357	1241	2216	9263	7013	7501	5032	
DHL	28200	28200	4	2	1	11	30	16	26	0	45	6379857	1810	2357	1241	2216	9263	7013	7501	5032	
DHL	28400	28400	3	2	1	12	28	16	29	0	45	6359918	1810	2357	1241	2216	9263	7013	7501	5032	
DHL	28600	28600	3	2	1	12	27	14	28	0	47	6340138	1810	2357	1241	2216	9263	7013	7501	5032	
DHL	28800	28800	2	4	1	12	28	13	23	0	43	6320878	1810	2357	1241	2216	9263	7013	7501	5032	
DHL	29000	29000	1	4	1	12	25	10	21	0	47	6302143	1810	2357	1241	2216	9263	7013	7501	5032	
DHL	29200	29200	1	3	1	12	26	11	21	0	46	6284549	1810	2357	1241	2216	9263	7013	7501	5032	
DHL	29400	29400	1	4	1	12	27	10	22	0	44	6267450	1810	2357	1241	2216	9263	7013	7501	5032	
DHL	29600	29600	1	5	1	12	28	9	20	0	45	6250889	1810	2357	1241	2216	9263	7013	7501	5032	
DHL	29800	29800	1	4	1	11	27	8	19	0	46	6235718	1810	2357	1241	2216	9263	7013	7501	5032	
DHL	30000	30000	1	3	2	11	24	8	18	0	47	6220088	1810	2357	1241	2216	9263	7013	7501	5032	
DHL	30200	30200	1	2	2	10	22	6	18	0	43	6204033	1810	2357	1241	2216	9263	7013	7501	5032	
DHL	30400	30400	1	3	3	7	20	7	18	0	44	6188288	1810	2357	1241	2216	9263	7013	7501	5032	
DHL	30600	30600	2	3	3	6	18	7	16	0	46	6173577	1810	2357	1241	2216	9263	7013	7501	5032	
DHL	30800	30800	2	3	3	8	19	7	18	0	47	6159745	1810	2357	1241	2216	9263	7013	7501	5032	
DHL	31000	31000	2	5	4	8	21	7	19	0	45	6145649	1810	2357	1241	2216	9263	7013	7501	5032	
DHL	31200	31200	2	6	5	5	21	9	19	0	44	6131937	1810	2357	1241	2216	9263	7013	7501	5032	
DHL	31400	31400	2	6	5	5	27	9	18	0	44	6118529	1810	2357	1241	2216	9263	7013	7501	5032	
DHL	31600	31600	2	6	4	4	26	11	18	0	44	6104516	1810	2357	1241	2216	9263	7013	7501	5032	
DHL	31800	31800	2	6	3	4	28	12	19	0	45	6090269	1810	2357	1241	2216	9263	7013	7501	5032	
DHL	32000	32000	4	7	3	5	26	11	22	0	45	6075989	1810	2357	1241	2216	9263	7013	7501	5032	
DHL	32200	32200	4	7	2	3	24	12	20	0	44	6062304	1810	2357	1241	2216	9263	7013	7501	5032	
DHL	32400	32400	4	6	2	4	27	12	18	0	44	6048858	1810	2357	1241	2216	9263	7013	7501	5032	
DHL	32600	32600	6	6	1	4	29	8	18	0	42	6035786	1810	2357	1241	2216	9263	7013	7501	5032	
DHL	32800	32800	6	4	1	5	28	9	15	0	40	6022812	1810	2357	1241	2216	9263	7013	7501	5032	
DHL	33000	33000	6	4	1	6	26	10	15	0	41	6010214	1810	2357	1241	2216	9263	7013	7501	5032	
DHL	33200	33200	3	3	2	7	30	11	16	0	40	5996584	1810	2357	1241	2216	9263	7013	7501	5032	
DHL	33400	33400	2	1	2	5	30	13	17	0	38	5982110	1810	2357	1241	2216	9263	7013	7501	5032	
DHL	33600	33600	2	1	3	5	29	14	18	0	38	5967629	1810	2357	1241	2216	9263	7013	7501	5032	
DHL	33800	33800	3	2	3	8	27	13	18	0	37	5952647	1810	2357	1241	2216	9263	7013	7501	5032	
DHL	34000	34000	4	4	4	8	26	10	17	0	38	5937726	1810	2357	1241	2216	9263	7013	7501	5032	
DHL	34200	34200	6	5	4	7	22	11	17	0	37	5923909	1810	2357	1241	2216	9263	7013	7501	5032	
DHL	34400	34400	5	4	4	7	20	10	15	0	34	5910258	1810	2357	1241	2216	9263	7013	7501	5032	
DHL	34600	34600	5	4	3	5	19	12	14	0	36	5897737	1810	2357	1241	2216	9263	7013	7501	5032	
DHL	34800	34800	5	4	3	4	20	14	13	0	36	5885354	1810	2357	1241	2216	9263	7013	7501	5032	
DHL	35000	35000	5	4	3	4	17	17	18	0	38	5873061	1810	2357	1241	2216	9263	7013	7501	5032	
DHL	35200	35200	4	6	3	4	18	14	17	0	37	5859964	1810	2357	1241	2216	9263	7013	7501	5032	
DHL	35400	35400	4	6	3	5	19	15	17	0	33	5845752	1810	2357	1241	2216	9263	7013	7501	5032	
DHL	35600	35600	4	6	3	4	19	17	18	0	31	5830609	1810	2357	1241	2216	9263	7013	7501	5032	
DHL	35800	35800	4	5	3	5	18	16	17	0	28	5814942	1810	2357	1241	2216	9263	7013	7501	5032	
DHL	36000	36000	4	6	3	5	15	14	18	0	31	5799610	1810	2357	1241	2216	9263	7013	7501	5032	
DHL	36200	36200	4	5	4	5	16	16	18	0	28	5785424	1810	2357	1241	2216	9263	7013	7501	5032	
DHL	36400	36400	3	4	4	5	17	18	18	0	29	5771400	1810	2357	1241	2216	9263	7013	7501	5032	
DHL	36600	36600	3	5	3	6	17	18	18	0	25	5757456	1810	2357	1241	2216	9263	7013	7501	5032	
DHL	36800	36800	3	5	3	6	23	19	19	0	24	5743147	1810	2357	1241	2216	9263	7013	7501	5032	
DHL	37000	37000	4	5	4	8	24	17	20	0	20	5728957	1810	2357	1241	2216	9263	7013	7501	5032	
DHL	37200	37200	4	5	4	10	27	15	19	0	17	5715517	1810	2357	1241	2216	9263	7013	7501	5032	
DHL	37400	37400	4	5	5	11	23	11	20	0	13	5702644	1810	2357	1241	2216	9263	7013	7501	5032	
DHL	37600	37600	4	3	5	14	26	9	18	0	10	5690526	1810	2357	1241	2216	9263	7013	7501	5032	
DHL	37800	37800	3	3	5	12	26	8	18	0	10	5678127	1810	2357	1241	2216	9263	7013	7501	5032	
DHL	38000	38000	3	3	4	11	21	8	17	0	9	5665208	1810	2357	1241	2216	9263	7013	7501	5032	
DHL	38200	38200	1	2	4	10	18	8	20	0	9	5652273	1810	2357	1241	2216	9263	7013	7501	5032	
DHL	38400	38400	3	2	4	10	16	9	19	0	8	5639611	1810	2357	1241	2216	9263	7013	7501	5032	
DHL	38600	38600	3	2	4	6	14	11	19	0	9	5628296	1810	2357	1241	2216	9263	7013	7501	5032	
DHL	38800	38800	1	2	4	6	15	9	19	0	11	5616924	1810	2357	1241	2216	9263	7013	7501	5032	
DHL	39000	39000	0	2	3	5	16	7	17	0	10	5605897	1810	2357	1241	2216	9263	7013	7501	5032	
DHL	39200	39200	1	1	3	5	13	9	17	0	9	5595046	1810	2357	1241	2216	9263	7013	7501	5032	
DHL	39400	39400	1	0	3	5	13	9	15	0	9	5584591	1810	2357	1241	2216	9263	7013	7501	5032	
DHL	39600	39600	1	1	1	4	13	11	14	0	9	5574087	1810	2357	1241	2216	9263	7013	7501	5032	
DHL	39800	39800	3	1	1	3	12	11	14	0	7	5563399	1810	2357	1241	2216	9263	7013	7501	5032	
DHL	40000	40000	4	1	2	3	14	12	14	0	4	5552050	1810	2357	1241	2216	9263	7013	7501	5032	
DHL	40200	40200	4	2	2	3	13	12	12	0	4	5540026	1810	2357	1241	2216	9263	7013	7501	5032	
DHL	40400	40400	4	2	2	2	15	11	13	0	4	5527332	1810	2357	1241	2216	9263	7013	7501	5032	
DHL	40600	40600	3	3	2	2	15	7	14	0	6	5515820	1810	2357	1241	2216	9263	7013	7501	5032	
DHL	40800	40800	3	3	2	2	15	7	15	0	7	5504458	1810	2357	1241	2216	9263	7013	7501	5032	
DHL	41000	41000	3	3	2	1	15	8	15	0	7	5493516	1810	2357	1241	2216	9263	7013	7501	5032	
DHL	41200	41200	2	2	2	2	12	9	18	0	10	5482369	1810	2357	1241	2216	9263	7013	7501	5032	
DHL	41400	41400	1	2	2	1	13	11	18	0	10	5471661	1810	2357	1241	2216	9263	7013	7501	5032	
DHL	41600	41600	1	2	2	6	14	11	15	0	10	5461381	1810	2357	1241	2216	9263	7013	7501	5032	
DHL	41800	41800	2	2	3	7	14	11	14	0	8	5450859	1810	2357	1241	2216	9263	7013	7501	5032	
DHL	42000	42000	3	2	4	6	15	10	15	0	7	5441186	1810	2357	1241	2216	9263	7013	7501	5032	
DHL	42200	42200	3	2	3	6	14	13	15	0	8	5431589	1810	2357	1241	2216	9263	7013	7501	5032	
DHL	42400	42400	3	2	3	6	9	13	16	0	8	5422341	1810	2357	1241	2216	9263	7013	7501	5032	
DHL	42600	42600	2	3	2	5	12	15	14	0	10	5413781	1810	2357	1241	2216	9263	7013	7501	5032	
DHL	42800	42800	3	1	2	4	13	15	14	0	10	5405087	1810	2357	1241	2216	9263	7013	7501	5032	
DHL	43000	43000	1	1	2	3	13	16	13	0	8	5395148	1810	2357	1241	2216	9263	7013	7501	5032	
DHL	43200	43200	1	3	2	3	14	16	12	0	8	5385274	1810	2357	1241	2216	9263	7013	7501	5032	
DHL	43400	43400	1	3	2	3	13	14	12	0	9	5375749	1810	2357	1241	2216	9263	7013	7501	5032	
DHL	43600	43600	2	2	2	3	10	14	14	0	10	5367429	1810	2357	1241	2216	9263	7013	7501	5032	
DHL	43800	43800	1	2	2	3	9	16	13	0	10	5358292	1810	2357	1241	2216	9263	7013	7501	5032	
DHL	44000	44000	1	1	2	3	13	16	13	0	10	5348871	1810	2357	1241	2216	9263	7013	7501	5032	
DHL	44200	44200	1	1	2	5	15	14	13	0	9	5339041	1810	2357	1241	2216	9263	7013	7501	5032	
DHL	44400	44400	0	1	2	4	17	14	15	0	9	5328708	1810	2357	1241	2216	9263	7013	7501	5032	
DHL	44600	44600	0	1	1	5	18	13	14	0	9	5317328	1810	2357	1241	2216	9263	7013	7501	5032	
DHL	44800	44800	0	1	1	6	17	11	11	0	9	5305524	1810	2357	1241	2216	9263	7013	7501	5032	
DHL	45000	45000	0	1	1	5	17	12	9	0	8	5294336	1810	2357	1241	2216	9263	7013	7501	5032	
DHL	45200	45200	0	1	2	5	22	11	9	0	7	5283027	1810	2357	1241	2216	9263	7013	7501	5032	
DHL	45400	45400	1	3	3	7	22	11	8	0	7	5271718	1810	2357	1241	2216	9263	7013	7501	5032	
DHL	45600	45600	6	3	2	7	22	10	7	0	7	5261014	1810	2357	1241	2216	9263	7013	7501	5032	
DHL	45800	45800	2	2	2	8	27	13	8	0	6	5251107	1810	2357	1241	2216	9263	7013	7501	5032	
DHL	46000	46000	1	2	2	8	27	13	7	0	9	5240483	1810	2357	1241	2216	9263	7013	7501	5032	
DHL	46200	46200	4	2	1	7	29	16	6	0	10	5229512	1810	2357	1241	2216	9263	7013	7501	5032	
DHL	46400	46400	4	7	1	7	25	13	4	0	10	5218734	1810	2357	1241	2216	9263	7013	7501	5032	
DHL	46600	46600	2	6	0	6	21	11	5	0	11	5208730	1810	2357	1241	2216	9263	7013	7501	5032	
DHL	46800	46800	2	7	0	7	21	10	8	0	11	5199869	1810	2357	1241	2216	9263	7013	7501	5032	
DHL	47000	47000	2	6	0	7	19	7	9	0	9	5191280	1810	2357	1241	2216	9263	7013	7501	5032	
DHL	47200	47200	3	7	0	7	14	8	11	0	11	5182760	1810	2357	1241	2216	9263	7013	7501	5032	
DHL	47400	47400	3	8	0	7	11	8	11	0	11	5174380	1810	2357	1241	2216	9263	7013	7501	5032	
DHL	47600	47600	2	9	0	5	12	9	9	0	10	5165816	1810	2357	1241	2216	9263	7013	7501	5032	
DHL	47800	47800	3	8	2	5	10	8	8	0	10	5157645	1810	2357	1241	2216	9263	7013	7501	5032	
DHL	48000	48000	2	8	2	6	11	8	9	0	9	5149797	1810	2357	1241	2216	9263	7013	7501	5032	
DHL	48200	48200	2	8	2	7	9	8	9	0	10	5142222	1810	2357	1241	2216	9263	7013	7501	5032	
DHL	48400	48400	2	8	3	7	8	9	9	0	9	5135425	1810	2357	1241	2216	9263	7013	7501	5032	
DHL	48600	48600	3	7	4	7	6	8	10	0	9	5129004	1810	2357	1241	2216	9263	7013	7501	5032	
DHL	48800	48800	1	6	4	6	6	8	11	0	13	5122710	1810	2357	1241	2216	9263	7013	7501	5032	
DHL	49000	49000	1	5	3	6	6	7	13	0	13	5116355	1810	2357	1241	2216	9263	7013	7501	5032	
DHL	49200	49200	2	5	3	6	7	8	14	0	16	5109919	1810	2357	1241	2216	9263	7013	7501	5032	
DHL	49400	49400	1	5	3	4	8	8	13	0	17	5104044	1810	2357	1241	2216	9263	7013	7501	5032	
DHL	49600	49600	1	4	2	4	6	7	13	0	16	5098292	1810	2357	1241	2216	9263	7013	7501	5032	
DHL	49800	49800	1	3	3	5	7	7	13	0	14	5092425	1810	2357	1241	2216	9263	7013	7501	5032	
DHL	50000	50000	1	3	2	5	6	7	11	0	13	5086817	1810	2357	1241	2216	9263	7013	7501	5032	
DHL	50200	50200	1	2	2	5	8	7	13	0	11	5081104	1810	2357	1241	2216	9263	7013	7501	5032	
DHL	50400	50400	1	1	0	4	8	8	16	0	8	5075087	1810	2357	1241	2216	9263	7013	7501	5032	
DHL	50600	50600	2	1	0	5	7	6	16	0	10	5068745	1810	2357	1241	2216	9263	7013	7501	5032	
DHL	50800	50800	3	2	0	4	10	5	16	0	11	5062467	1810	2357	1241	2216	9263	7013	7501	5032	
DHL	51000	51000	3	2	0	4	9	7	16	0	12	5055944	1810	2357	1241	2216	9263	7013	7501	5032	
DHL	51200	51200	4	3	0	7	16	7	17	0	13	5048849	1810	2357	1241	2216	9263	7013	7501	5032	
DHL	51400	51400	4	4	1	7	17	8	16	0	10	5041399	1810	2357	1241	2216	9263	7013	7501	5032	
DHL	51600	51600	7	4	1	6	19	8	14	0	10	5033142	1810	2357	1241	2216	9263	7013	7501	5032	
DHL	51800	51800	7	4	2	6	16	7	16	0	8	5024896	1810	2357	1241	2216	9263	7013	7501	5032	
DHL	52000	52000	7	4	2	7	12	9	19	0	7	5016824	1810	2357	1241	2216	9263	7013	7501	5032	
DHL	52200	52200	5	3	3	7	10	9	18	0	7	5009763	1810	2357	1241	2216	9263	7013	7501	5032	
DHL	52400	52400	5	3	3	7	10	8	18	0	6	5002971	1810	2357	1241	2216	9263	7013	7501	5032	
DHL	52600	52600	4	3	3	8	9	9	18	0	6	4996260	1810	2357	1241	2216	9263	7013	7501	5032	
DHL	52800	52800	4	3	2	8	9	9	15	0	4	4989147	1810	2357	1241	2216	9263	7013	7501	5032	
DHL	53000	53000	5	4	2	10	9	9	14	0	5	4981592	1810	2357	1241	2216	9263	7013	7501	5032	
DHL	53200	53200	5	4	2	9	8	8	14	0	5	4973701	1810	2357	1241	2216	9263	7013	7501	5032	
DHL	53400	53400	7	4	2	8	9	8	14	0	5	4966601	1810	2357	1241	2216	9263	7013	7501	5032	
DHL	53600	53600	6	4	1	8	9	10	12	0	7	4959996	1810	2357	1241	2216	9263	7013	7501	5032	
DHL	53800	53800	6	4	1	7	10	9	11	0	7	4952998	1810	2357	1241	2216	9263	7013	7501	5032	
DHL	54000	54000	6	4	0	5	12	10	11	0	7	4945885	1810	2357	1241	2216	9263	7013	7501	5032	
DHL	54200	54200	6	4	1	5	14	13	11	0	7	4939540	1810	2357	1241	2216	9263	7013	7501	5032	
DHL	54400	54400	7	4	1	6	16	12	11	0	7	4933715	1810	2357	1241	2216	9263	7013	7501	5032	
DHL	54600	54600	7	3	1	5	18	11	10	0	8	4928048	1810	2357	1241	2216	9263	7013	7501	5032	
DHL	54800	54800	6	3	1	5	17	11	11	0	9	4922000	1810	2357	1241	2216	9263	7013	7501	5032	
DHL	55000	55000	3	3	1	4	14	10	11	0	9	4916192	1810	2357	1241	2216	9263	7013	7501	5032	
DHL	55200	55200	3	3	1	4	19	10	10	0	10	4910082	1810	2357	1241	2216	9263	7013	7501	5032	
DHL	55400	55400	2	3	0	3	17	11	9	0	10	4904121	1810	2357	1241	2216	9263	7013	7501	5032	
DHL	55600	55600	2	3	1	4	17	10	8	0	8	4898013	1810	2357	1241	2216	9263	7013	7501	5032	
DHL	55800	55800	3	5	1	4	19	9	8	0	11	4891447	1810	2357	1241	2216	9263	7013	7501	5032	
DHL	56000	56000	3	5	1	4	16	9	8	0	10	4885217	1810	2357	1241	2216	9263	7013	7501	5032	
DHL	56200	56200	3	5	1	5	12	10	9	0	10	4879183	1810	2357	1241	2216	9263	7013	7501	5032	
DHL	56400	56400	2	5	2	5	13	13	12	0	9	4873545	1810	2357	1241	2216	9263	7013	7501	5032	
DHL	56600	56600	2	5	2	5	12	13	11	0	9	4868069	1810	2357	1241	2216	9263	7013	7501	5032	
DHL	56800	56800	2	5	1	5	11	13	14	0	10	4861921	1810	2357	1241	2216	9263	7013	7501	5032	
DHL	57000	57000	3	4	1	5	10	11	15	0	11	4855208	1810	2357	1241	2216	9263	7013	7501	5032	
DHL	57200	57200	2	5	1	4	12	10	15	0	14	4847860	1810	2357	1241	2216	9263	7013	7501	5032	
DHL	57400	57400	2	5	1	3	15	11	14	0	13	4840427	1810	2357	1241	2216	9263	7013	7501	5032	
DHL	57600	57600	2	5	0	2	14	10	14	0	13	4833387	1810	2357	1241	2216	9263	7013	7501	5032	
DHL	57800	57800	3	5	0	3	13	13	15	0	12	4825927	1810	2357	1241	2216	9263	7013	7501	5032	
DHL	58000	58000	3	5	0	3	10	13	15	0	10	4818751	1810	2357	1241	2216	9263	7013	7501	5032	
DHL	58200	58200	4	4	0	3	11	14	16	0	8	4810856	1810	2357	1241	2216	9263	7013	7501	5032	
DHL	58400	58400	5	4	0	3	10	14	17	0	7	4802744	1810	2357	1241	2216	9263	7013	7501	5032	
DHL	58600	58600	4	3	0	4	10	14	17	0	9	4794863	1810	2357	1241	2216	9263	7013	7501	5032	
DHL	58800	58800	4	3	1	5	11	13	14	0	9	4787257	1810	2357	1241	2216	9263	7013	7501	5032	
DHL	59000	59000	3	5	1	5	12	9	15	0	10	4779551	1810	2357	1241	2216	9263	7013	7501	5032	
DHL	59200	59200	3	5	1	5	12	10	15	0	10	4771331	1810	2357	1241	2216	9263	7013	7501	5032	
DHL	59400	59400	4	5	1	2	12	7	12	0	11	4763220	1810	2357	1241	2216	9263	7013	7501	5032	
DHL	59600	59600	4	5	1	2	13	8	8	0	11	4755565	1810	2357	1241	2216	9263	7013	7501	5032	
DHL	59800	59800	4	5	1	2	11	9	7	0	11	4748221	1810	2357	1241	2216	9263	7013	7501	5032	
DHL	60000	60000	4	5	1	3	14	8	7	0	11	4740999	1810	2357	1241	2216	9263	7013	7501	5032	
DHL	60200	60200	3	6	1	4	17	7	6	0	11	4734331	1810	2357	1241	2216	9263	7013	7501	5032	
DHL	60400	60400	3	6	2	4	18	7	6	0	9	4727735	1810	2357	1241	2216	9263	7013	7501	5032	
DHL	60600	60600	3	5	2	4	18	8	7	0	8	4720707	1810	2357	1241	2216	9263	7013	7501	5032	
DHL	60800	60800	3	5	2	5	22	9	7	0	8	4713402	1810	2357	1241	2216	9263	7013	7501	5032	
DHL	61000	61000	3	6	2	6	24	9	5	0	9	4706299	1810	2357	1241	2216	9263	7013	7501	5032	
DHL	61200	61200	3	6	2	5	26	9	4	0	10	4698986	1810	2357	1241	2216	9263	7013	7501	5032	
DHL	61400	61400	3	7	1	5	26	9	1	0	10	4691834	1810	2357	1241	2216	9263	7013	7501	5032	
DHL	61600	61600	3	7	0	5	26	9	2	0	12	4685857	1810	2357	1241	2216	9263	7013	7501	5032	
DHL	61800	61800	3	7	0	3	22	10	2	0	13	4680635	1810	2357	1241	2216	9263	7013	7501	5032	
DHL	62000	62000	4	7	0	3	24	10	3	0	13	4674603	1810	2357	1241	2216	9263	7013	7501	5032	
DHL	62200	62200	4	4	0	4	18	12	3	0	10	4668492	1810	2357	1241	2216	9263	7013	7501	5032	
DHL	62400	62400	3	2	0	3	17	12	3	0	10	4662626	1810	2357	1241	2216	9263	7013	7501	5032	
DHL	62600	62600	3	2	0	3	13	11	5	0	12	4657163	1810	2357	1241	2216	9263	7013	7501	5032	
DHL	62800	62800	3	2	1	4	14	11	5	0	12	4652434	1810	2357	1241	2216	9263	7013	7501	5032	
DHL	63000	63000	1	2	1	6	13	12	4	0	15	4647569	1810	2357	1241	2216	9263	7013	7501	5032	
DHL	63200	63200	3	2	1	6	14	12	6	0	14	4641935	1810	2357	1241	2216	9263	7013	7501	5032	
DHL	63400	63400	3	2	1	7	14	14	10	0	13	4635868	1810	2357	1241	2216	9263	7013	7501	5032	
DHL	63600	63600	3	2	1	8	13	13	10	0	12	4629346	1810	2357	1241	2216	9263	7013	7501	5032	
DHL	63800	63800	4	2	1	9	11	11	14	0	15	4623036	1810	2357	1241	2216	9263	7013	7501	5032	
DHL	64000	64000	4	2	1	7	13	12	14	0	12	4617069	1810	2357	1241	2216	9263	7013	7501	5032	
DHL	64200	64200	3	2	2	6	13	12	13	0	11	4611486	1810	2357	1241	2216	9263	7013	7501	5032	
DHL	64400	64400	3	3	4	7	10	15	12	0	12	4605238	1810	2357	1241	2216	9263	7013	7501	5032	
DHL	64600	64600	2	3	3	7	13	15	12	0	13	4598939	1810	2357	1241	2216	9263	7013	7501	5032	
DHL	64800	64800	2	4	4	8	14	12	13	0	13	4592996	1810	2357	1241	2216	9263	7013	7501	5032	
DHL	65000	65000	2	4	3	7	12	14	12	0	12	4587957	1810	2357	1241	2216	9263	7013	7501	5032	
DHL	65200	65200	1	2	2	7	13	16	11	0	11	4583250	1810	2357	1241	2216	9263	7013	7501	5032	
DHL	65400	65400	1	2	2	7	13	16	10	0	10	4578524	1810	2357	1241	2216	9263	7013	7501	5032	
DHL	65600	65600	1	1	2	6	15	15	12	0	10	4574194	1810	2357	1241	2216	9263	7013	7501	5032	
DHL	65800	65800	2	1	2	6	13	14	11	0	9	4569984	1810	2357	1241	2216	9263	7013	7501	5032	
DHL	66000	66000	2	1	2	6	11	12	10	0	9	4565837	1810	2357	1241	2216	9263	7013	7501	5032	
DHL	66200	66200	2	2	3	5	11	15	10	0	6	4561802	1810	2357	1241	2216	9263	7013	7501	5032	
DHL	66400	66400	1	2	3	5	13	15	10	0	6	4557542	1810	2357	1241	2216	9263	7013	7501	5032	
DHL	66600	66600	2	1	3	4	12	12	10	0	6	4552827	1810	2357	1241	2216	9263	7013	7501	5032	
DHL	66800	66800	4	3	3	2	12	12	10	0	6	4547971	1810	2357	1241	2216	9263	7013	7501	5032	
DHL	67000	67000	4	2	2	2	11	14	8	0	6	4542742	1810	2357	1241	2216	9263	7013	7501	5032	
DHL	67200	67200	4	2	3	2	11	14	6	0	6	4537671	1810	2357	1241	2216	9263	7013	7501	5032	
DHL	67400	67400	3	2	3	1	12	13	6	0	8	4532718	1810	2357	1241	2216	9263	7013	7501	5032	
DHL	67600	67600	3	2	3	1	10	12	5	0	8	4527922	1810	2357	1241	2216	9263	7013	7501	5032	
DHL	67800	67800	3	2	2	1	9	10	5	0	9	4522974	1810	2357	1241	2216	9263	7013	7501	5032	
DHL	68000	68000	4	2	1	1	13	9	7	0	9	4517338	1810	2357	1241	2216	9263	7013	7501	5032	
DHL	68200	68200	4	2	1	1	14	7	8	0	9	4511552	1810	2357	1241	2216	9263	7013	7501	5032	
DHL	68400	68400	4	3	1	1	14	8	8	0	6	4505602	1810	2357	1241	2216	9263	7013	7501	5032	
DHL	68600	68600	3	3	1	2	16	8	9	0	7	4499872	1810	2357	1241	2216	9263	7013	7501	5032	
DHL	68800	68800	3	2	1	2	15	9	7	0	7	4494172	1810	2357	1241	2216	9263	7013	7501	5032	
DHL	69000	69000	4	2	1	2	14	10	10	0	9	4488362	1810	2357	1241	2216	9263	7013	7501	5032	
DHL	69200	69200	4	2	0	2	13	9	10	0	8	4482701	1810	2357	1241	2216	9263	7013	7501	5032	
DHL	69400	69400	4	2	0	1	13	10	10	0	9	4476807	1810	2357	1241	2216	9263	7013	7501	5032	
DHL	69600	69600	3	2	0	1	12	9	10	0	11	4471409	1810	2357	1241	2216	9263	7013	7501	5032	
DHL	69800	69800	4	2	1	2	15	11	10	0	8	4465734	1810	2357	1241	2216	9263	7013	7501	5032	
DHL	70000	70000	4	3	1	2	16	10	9	0	9	4459926	1810	2357	1241	2216	9263	7013	7501	5032	
DHL	70200	70200	5	3	1	1	16	9	11	0	9	4454066	1810	2357	1241	2216	9263	7013	7501	5032	
DHL	70400	70400	6	2	1	2	16	10	13	0	9	4448290	1810	2357	1241	2216	9263	7013	7501	5032	
DHL	70600	70600	5	2	2	3	18	11	11	0	11	4442117	1810	2357	1241	2216	9263	7013	7501	5032	
DHL	70800	70800	6	4	2	2	20	12	11	0	11	4435936	1810	2357	1241	2216	9263	7013	7501	5032	
DHL	71000	71000	4	6	2	3	19	10	10	0	9	4430185	1810	2357	1241	2216	9263	7013	7501	5032	
DHL	71200	71200	4	7	2	2	20	11	10	0	10	4423422	1810	2357	1241	2216	9263	7013	7501	5032	
DHL	71400	71400	5	7	2	2	22	11	11	0	10	4416009	1810	2357	1241	2216	9263	7013	7501	5032	
DHL	71600	71600	5	7	2	4	23	15	11	0	9	4408743	1810	2357	1241	2216	9263	7013	7501	5032	
DHL	71800	71800	5	6	2	3	23	17	12	0	10	4401994	1810	2357	1241	2216	9263	7013	7501	5032	
DHL	72000	72000	3	7	1	2	20	15	11	0	10	4395429	1810	2357	1241	2216	9263	7013	7501	5032	
DHL	72200	72200	3	7	1	2	19	14	12	0	9	4388889	1810	2357	1241	2216	9263	7013	7501	5032	
DHL	72400	72400	3	7	1	2	20	16	14	0	8	4382380	1810	2357	1241	2216	9263	7013	7501	5032	
DHL	72600	72600	4	6	1	1	15	15	16	0	8	4376293	1810	2357	1241	2216	9263	7013	7501	5032	
DHL	72800	72800	5	5	1	1	19	13	16	0	8	4370259	1810	2357	1241	2216	9263	7013	7501	5032	
DHL	73000	73000	5	5	1	0	21	10	15	0	6	4364429	1810	2357	1241	2216	9263	7013	7501	5032	
DHL	73200	73200	5	3	1	0	20	8	15	0	5	4358744	1810	2357	1241	2216	9263	7013	7501	5032	
DHL	73400	73400	5	4	1	0	20	6	10	0	4	4353092	1810	2357	1241	2216	9263	7013	7501	5032	
DHL	73600	73600	5	4	1	0	19	8	11	0	3	4347841	1810	2357	1241	2216	9263	7013	7501	5032	
DHL	73800	73800	5	2	1	1	16	9	13	0	3	4342783	1810	2357	1241	2216	9263	7013	7501	5032	
DHL	74000	74000	6	2	2	1	13	10	13	0	5	4338199	1810	2357	1241	2216	9263	7013	7501	5032	
DHL	74200	74200	5	2	1	2	10	11	14	0	3	4334031	1810	2357	1241	2216	9263	7013	7501	5032	
DHL	74400	74400	4	2	2	3	10	10	13	0	3	4329673	1810	2357	1241	2216	9263	7013	7501	5032	
DHL	74600	74600	3	2	2	3	13	10	11	0	4	4325411	1810	2357	1241	2216	9263	7013	7501	5032	
DHL	74800	74800	3	2	2	2	13	8	11	0	4	4320428	1810	2357	1241	2216	9263	7013	7501	5032	
DHL	75000	75000	2	2	3	1	13	7	10	0	4	4315272	1810	2357	1241	2216	9263	7013	7501	5032	
DHL	75200	75200	1	2	2	2	15	7	10	0	3	4309935	1810	2357	1241	2216	9263	7013	7501	5032	
DHL	75400	75400	1	2	2	2	11	7	9	0	5	4304994	1810	2357	1241	2216	9263	7013	7501	5032	
DHL	75600	75600	1	1	1	2	13	7	9	0	6	4299977	1810	2357	1241	2216	9263	7013	7501	5032	
DHL	75800	75800	1	2	1	2	13	7	8	0	8	4294784	1810	2357	1241	2216	9263	7013	7501	5032	
DHL	76000	76000	0	2	0	2	13	7	6	0	8	4289839	1810	2357	1241	2216	9263	7013	7501	5032	
DHL	76200	76200	0	2	0	2	14	8	8	0	11	4284876	1810	2357	1241	2216	9263	7013	7501	5032	
DHL	76400	76400	0	1	0	2	13	6	12	0	14	4280494	1810	2357	1241	2216	9263	7013	7501	5032	
DHL	76600	76600	1	1	1	3	14	4	13	0	13	4276035	1810	2357	1241	2216	9263	7013	7501	5032	
DHL	76800	76800	1	1	1	3	15	5	13	0	13	4271614	1810	2357	1241	2216	9263	7013	7501	5032	
DHL	77000	77000	1	0	1	1	16	6	11	0	14	4267600	1810	2357	1241	2216	9263	7013	7501	5032	
DHL	77200	77200	1	0	1	1	15	8	11	0	11	4264001	1810	2357	1241	2216	9263	7013	7501	5032	
DHL	77400	77400	1	0	2	1	16	9	12	0	10	4260265	1810	2357	1241	2216	9263	7013	7501	5032	
DHL	77600	77600	1	0	2	1	15	8	13	0	10	4256050	1810	2357	1241	2216	9263	7013	7501	5032	
DHL	77800	77800	1	0	2	2	14	8	13	0	11	4251717	1810	2357	1241	2216	9263	7013	7501	5032	
DHL	78000	78000	1	0	2	3	14	10	14	0	11	4247517	1810	2357	1241	2216	9263	7013	7501	5032	
DHL	78200	78200	1	0	0	3	16	9	16	0	10	4243018	1810	2357	1241	2216	9263	7013	7501	5032	
DHL	78400	78400	1	0	0	3	16	9	16	0	7	4238669	1810	2357	1241	2216	9263	7013	7501	5032	
DHL	78600	78600	2	0	0	4	18	10	16	0	7	4233667	1810	2357	1241	2216	9263	7013	7501	5032	
DHL	78800	78800	4	0	0	3	19	11	15	0	7	4228486	1810	2357	1241	2216	9263	7013	7501	5032	
DHL	79000	79000	4	0	0	3	18	11	16	0	6	4223475	1810	2357	1241	2216	9263	7013	7501	5032	
DHL	79200	79200	3	0	0	3	19	10	18	0	7	4218801	1810	2357	1241	2216	9263	7013	7501	5032	
DHL	79400	79400	3	0	0	3	18	9	20	0	7	4214218	1810	2357	1241	2216	9263	7013	7501	5032	
DHL	79600	79600	2	1	0	3	20	11	19	0	8	4209492	1810	2357	1241	2216	9263	7013	7501	5032	
DHL	79800	79800	2	1	1	3	20	11	18	0	9	4205232	1810	2357	1241	2216	9263	7013	7501	5032	
DHL	80000	80000	1	2	1	4	17	10	19	0	9	4201237	1810	2357	1241	2216	9263	7013	7501	5032	
DHL	80200	80200	1	2	2	3	18	8	20	0	8	4196579	1810	2357	1241	2216	9263	7013	7501	5032	
DHL	80400	80400	1	2	2	3	17	8	19	0	9	4191695	1810	2357	1241	2216	9263	7013	7501	5032	
DHL	80600	80600	1	1	2	4	17	8	22	0	9	4186912	1810	2357	1241	2216	9263	7013	7501	5032	
DHL	80800	80800	2	1	2	4	18	9	22	0	8	4182384	1810	2357	1241	2216	9263	7013	7501	5032	
DHL	81000	81000	2	1	3	4	17	11	22	0	8	4177989	1810	2357	1241	2216	9263	7013	7501	5032	
DHL	81200	81200	2	2	3	4	17	14	22	0	8	4173633	1810	2357	1241	2216	9263	7013	7501	5032	
DHL	81400	81400	2	2	3	4	17	13	20	0	11	4169496	1810	2357	1241	2216	9263	7013	7501	5032	
DHL	81600	81600	2	2	3	3	15	11	19	0	9	4165873	1810	2357	1241	2216	9263	7013	7501	5032	
DHL	81800	81800	1	3	3	4	16	10	21	0	8	4161988	1810	2357	1241	2216	9263	7013	7501	5032	
DHL	82000	82000	1	3	3	4	16	8	21	0	7	4158548	1810	2357	1241	2216	9263	7013	7501	5032	
DHL	82200	82200	1	2	1	3	18	10	22	0	6	4155502	1810	2357	1241	2216	9263	7013	7501	5032	
DHL	82400	82400	1	1	1	3	21	9	22	0	6	4152271	1810	2357	1241	2216	9263	7013	7501	5032	
DHL	82600	82600	1	1	1	4	22	12	17	0	6	4149087	1810	2357	1241	2216	9263	7013	7501	5032	
DHL	82800	82800	1	1	1	3	21	11	15	0	4	4146083	1810	2357	1241	2216	9263	7013	7501	5032	
DHL	83000	83000	1	1	1	3	21	11	17	0	3	4142763	1810	2357	1241	2216	9263	7013	7501	5032	
DHL	83200	83200	1	0	2	4	23	10	17	0	4	4138996	1810	2357	1241	2216	9263	7013	7501	5032	
DHL	83400	83400	0	0	2	5	20	12	20	0	4	4135074	1810	2357	1241	2216	9263	7013	7501	5032	
DHL	83600	83600	0	0	2	5	20	12	15	0	5	4131226	1810	2357	1241	2216	9263	7013	7501	5032	
DHL	83800	83800	0	0	2	4	15	12	14	0	6	4127729	1810	2357	1241	2216	9263	7013	7501	5032	
DHL	84000	84000	0	0	2	3	12	10	12	0	5	4124923	1810	2357	1241	2216	9263	7013	7501	5032	
DHL	84200	84200	0	0	2	4	11	8	13	0	6	4122167	1810	2357	1241	2216	9263	7013	7501	5032	
DHL	84400	84400	0	0	2	5	11	8	14	0	8	4119290	1810	2357	1241	2216	9263	7013	7501	5032	
DHL	84600	84600	0	0	2	5	11	7	15	0	8	4116663	1810	2357	1241	2216	9263	7013	7501	5032	
DHL	84800	84800	0	0	3	4	10	9	15	0	9	4113704	1810	2357	1241	2216	9263	7013	7501	5032	
DHL	85000	85000	0	0	3	5	11	11	16	0	8	4110506	1810	2357	1241	2216	9263	7013	7501	5032	
DHL	85200	85200	0	1	1	5	11	12	17	0	9	4107272	1810	2357	1241	2216	9263	7013	7501	5032	
DHL	85400	85400	1	1	0	5	9	11	17	0	8	4103589	1810	2357	1241	2216	9263	7013	7501	5032	
DHL	85600	85600	1	1	0	3	10	8	17	0	9	4099219	1810	2357	1241	2216	9263	7013	7501	5032	
DHL	85800	85800	1	1	1	2	12	11	12	0	9	4094559	1810	2357	1241	2216	9263	7013	7501	5032	
DHL	86000	86000	1	2	1	2	13	10	11	0	8	4090170	1810	2357	1241	2216	9263	7013	7501	5032	
DHL	86200	86200	1	2	0	2	13	9	10	0	8	4085871	1810	2357	1241	2216	9263	7013	7501	5032	
DHL	86400	86400	1	2	0	3	14	10	12	0	12	4081674	1810	2357	1241	2216	9263	7013	7501	5032	
DHL	86600	86600	0	2	0	3	18	8	16	0	12	4077685	1810	2357	1241	2216	9263	7013	7501	5032	
DHL	86800	86800	0	2	0	3	19	9	19	0	12	4073583	1810	2357	1241	2216	9263	7013	7501	5032	
DHL	87000	87000	0	2	0	3	20	9	18	0	11	4069983	1810	2357	1241	2216	9263	7013	7501	5032	
DHL	87200	87200	1	1	0	3	20	9	19	0	12	4066683	1810	2357	1241	2216	9263	7013	7501	5032	
DHL	87400	87400	1	1	0	4	17	8	21	0	12	4063164	1810	2357	1241	2216	9263	7013	7501	5032	
DHL	87600	87600	1	0	0	4	16	8	20	0	13	4059468	1810	2357	1241	2216	9263	7013	7501	5032	
DHL	87800	87800	2	0	0	4	16	9	21	0	14	4055861	1810	2357	1241	2216	9263	7013	7501	5032	
DHL	88000	88000	2	0	0	4	16	9	20	0	15	4052869	1810	2357	1241	2216	9263	7013	7501	5032	
DHL	88200	88200	2	0	0	4	16	9	20	0	14	4049928	1810	2357	1241	2216	9263	7013	7501	5032	
DHL	88400	88400	2	0	0	4	14	9	20	0	16	4047134	1810	2357	1241	2216	9263	7013	7501	5032	
DHL	88600	88600	2	1	0	3	16	9	20	0	17	4044949	1810	2357	1241	2216	9263	7013	7501	5032	
DHL	88800	88800	3	2	0	3	16	10	21	0	14	4042635	1810	2357	1241	2216	9263	7013	7501	5032	
DHL	89000	89000	4	2	0	2	17	9	20	0	15	4040002	1810	2357	1241	2216	9263	7013	7501	5032	
DHL	89200	89200	3	2	0	2	21	9	18	0	15	4036687	1810	2357	1241	2216	9263	7013	7501	5032	
DHL	89400	89400	3	4	0	2	19	5	21	0	15	4033072	1810	2357	1241	2216	9263	7013	7501	5032	
DHL	89600	89600	3	3	0	3	20	6	19	0	14	4029215	1810	2357	1241	2216	9263	7013	7501	5032	
DHL	89800	89800	3	1	0	3	17	7	18	0	11	4025112	1810	2357	1241	2216	9263	7013	7501	5032	
DHL	90000	90000	3	1	0	6	15	7	12	0	10	4020781	1810	2357	1241	2216	9263	7013	7501	5032	
DHL	90200	90200	3	2	1	5	15	5	11	0	10	4016005	1810	2357	1241	2216	9263	7013	7501	5032	
DHL	90400	90400	3	1	1	5	13	5	9	0	10	4011745	1810	2357	1241	2216	9263	7013	7501	5032	
DHL	90600	90600	3	1	1	5	15	5	10	0	10	4007647	1810	2357	1241	2216	9263	7013	7501	5032	
DHL	90800	90800	1	2	1	6	14	6	11	0	10	4003473	1810	2357	1241	2216	9263	7013	7501	5032	
DHL	91000	91000	1	3	2	5	10	8	12	0	10	3999351	1810	2357	1241	2216	9263	7013	7501	5032	
DHL	91200	91200	1	3	2	5	11	11	11	0	8	3995457	1810	2357	1241	2216	9263	7013	7501	5032	
DHL	91400	91400	1	3	3	5	12	10	12	0	8	3991791	1810	2357	1241	2216	9263	7013	7501	5032	
DHL	91600	91600	1	2	3	4	11	12	9	0	7	3988224	1810	2357	1241	2216	9263	7013	7501	5032	
DHL	91800	91800	1	2	3	4	11	14	8	0	8	3984717	1810	2357	1241	2216	9263	7013	7501	5032	
DHL	92000	92000	2	2	4	4	12	14	10	0	6	3981085	1810	2357	1241	2216	9263	7013	7501	5032	
DHL	92200	92200	2	1	4	4	11	16	10	0	6	3977235	1810	2357	1241	2216	9263	7013	7501	5032	
DHL	92400	92400	2	1	3	3	11	16	11	0	6	3973318	1810	2357	1241	2216	9263	7013	7501	5032	
DHL	92600	92600	2	0	2	3	12	16	11	0	6	3969513	1810	2357	1241	2216	9263	7013	7501	5032	
DHL	92800	92800	2	0	2	3	13	15	10	0	6	3965713	1810	2357	1241	2216	9263	7013	7501	5032	
DHL	93000	93000	2	0	1	3	11	15	11	0	6	3962034	1810	2357	1241	2216	9263	7013	7501	5032	
DHL	93200	93200	1	0	1	3	10	12	11	0	7	3958396	1810	2357	1241	2216	9263	7013	7501	5032	
DHL	93400	93400	0	0	1	4	10	12	9	0	9	3954979	1810	2357	1241	2216	9263	7013	7501	5032	
DHL	93600	93600	0	0	1	4	10	10	12	0	9	3951660	1810	2357	1241	2216	9263	7013	7501	5032	
DHL	93800	93800	0	0	1	4	10	11	13	0	7	3948284	1810	2357	1241	2216	9263	7013	7501	5032	
DHL	94000	94000	0	0	0	5	11	11	12	0	8	3945206	1810	2357	1241	2216	9263	7013	7501	5032	
DHL	94200	94200	0	0	0	5	11	10	11	0	9	3942138	1810	2357	1241	2216	9263	7013	7501	5032	
DHL	94400	94400	0	0	0	5	14	10	10	0	8	3938893	1810	2357	1241	2216	9263	7013	7501	5032	
DHL	94600	94600	1	1	0	3	12	11	11	0	7	3935753	1810	2357	1241	2216	9263	7013	7501	5032	
DHL	94800	94800	1	1	0	2	11	7	11	0	6	3932941	1810	2357	1241	2216	9263	7013	7501	5032	
DHL	95000	95000	1	1	0	3	10	7	11	0	6	3929797	1810	2357	1241	2216	9263	7013	7501	5032	
DHL	95200	95200	0	1	2	4	10	8	12	0	6	3926149	1810	2357	1241	2216	9263	7013	7501	5032	
DHL	95400	95400	0	1	2	5	9	9	10	0	4	3922679	1810	2357	1241	2216	9263	7013	7501	5032	
DHL	95600	95600	0	2	2	6	11	8	8	0	4	3919243	1810	2357	1241	2216	9263	7013	7501	5032	
DHL	95800	95800	0	2	2	6	12	4	11	0	6	3915662	1810	2357	1241	2216	9263	7013	7501	5032	
DHL	96000	96000	0	2	3	6	14	4	11	0	7	3912166	1810	2357	1241	2216	9263	7013	7501	5032	
DHL	96200	96200	0	2	3	5	13	4	11	0	8	3908639	1810	2357	1241	2216	9263	7013	7501	5032	
DHL	96400	96400	1	2	2	5	12	5	11	0	9	3904903	1810	2357	1241	2216	9263	7013	7501	5032	
DHL	96600	96600	1	1	2	5	12	7	14	0	8	3901708	1810	2357	1241	2216	9263	7013	7501	5032	
DHL	96800	96800	1	1	1	6	12	8	13	0	9	3898820	1810	2357	1241	2216	9263	7013	7501	5032	
DHL	97000	97000	1	2	1	7	10	8	12	0	8	3896269	1810	2357	1241	2216	9263	7013	7501	5032	
DHL	97200	97200	1	2	1	7	11	7	10	0	9	3893467	1810	2357	1241	2216	9263	7013	7501	5032	
DHL	97400	97400	1	2	1	6	12	7	9	0	9	3890811	1810	2357	1241	2216	9263	7013	7501	5032	
DHL	97600	97600	1	2	0	4	12	6	8	0	9	3887930	1810	2357	1241	2216	9263	7013	7501	5032	
DHL	97800	97800	1	2	0	3	12	8	11	0	10	3884459	1810	2357	1241	2216	9263	7013	7501	5032	
DHL	98000	98000	1	2	1	2	11	8	13	0	13	3881044	1810	2357	1241	2216	9263	7013	7501	5032	
DHL	98200	98200	1	2	2	2	8	7	16	0	9	3877783	1810	2357	1241	2216	9263	7013	7501	5032	
DHL	98400	98400	1	2	2	1	8	8	14	0	11	3874755	1810	2357	1241	2216	9263	7013	7501	5032	
DHL	98600	98600	0	2	2	1	10	10	11	0	11	3871441	1810	2357	1241	2216	9263	7013	7501	5032	
DHL	98800	98800	0	2	2	2	11	10	11	0	10	3868578	1810	2357	1241	2216	9263	7013	7501	5032	
DHL	99000	99000	0	3	2	2	11	10	14	0	7	3865774	1810	2357	1241	2216	9263	7013	7501	5032	
DHL	99200	99200	0	2	3	1	15	9	12	0	7	3862826	1810	2357	1241	2216	9263	7013	7501	5032	
DHL	99400	99400	1	1	3	2	14	9	11	0	6	3859852	1810	2357	1241	2216	9263	7013	7501	5032	
DHL	99600	99600	1	1	3	2	13	9	10	0	6	3856844	1810	2357	1241	2216	9263	7013	7501	5032	
DHL	99800	99800	1	1	3	2	10	9	11	0	5	3853667	1810	2357	1241	2216	9263	7013	7501	5032	
DHL	100000	100000	1	1	1	3	14	9	12	0	6	3850586	1810	2357	1241	2216	9263	7013	7501	5032	
