DHL	0	0	39	63	8	27	73	56	53	0	28	19965058	1810	2357	1241	2216	9263	7013	7501	5032	
DHL	-25	-25	39	57	8	29	78	56	52	0	26	19964889	1810	2357	1241	2216	9263	7013	7501	5032	
DHL	-50	-50	37	56	9	30	78	52	52	0	24	19964383	1810	2357	1241	2216	9263	7013	7501	5032	
DHL	-75	-75	39	55	10	31	80	53	51	0	24	19963624	1810	2357	1241	2216	9263	7013	7501	5032	
DHL	-100	-100	38	59	10	31	80	52	47	0	25	19962619	1810	2357	1241	2216	9263	7013	7501	5032	
DHL	-125	-125	36	59	11	30	79	52	45	0	24	19961381	1810	2357	1241	2216	9263	7013	7501	5032	
DHL	-150	-150	35	53	11	28	74	52	46	0	24	19959811	1810	2357	1241	2216	9263	7013	7501	5032	
DHL	-175	-175	39	50	11	28	78	53	41	0	25	19957948	1810	2357	1241	2216	9263	7013	7501	5032	
DHL	-200	-200	42	52	11	26	73	52	36	0	25	19955655	1810	2357	1241	2216	9263	7013	7501	5032	
DHL	-225	-225	43	50	12	24	70	53	33	0	26	19952903	1810	2357	1241	2216	9263	7013	7501	5032	
DHL	-250	-250	39	51	11	22	67	55	31	0	28	19949548	1810	2357	1241	2216	9263	7013	7501	5032	
DHL	-275	-275	36	51	12	23	67	53	34	0	28	19945565	1810	2357	1241	2216	9263	7013	7501	5032	
DHL	-300	-300	36	50	14	25	68	60	36	0	27	19940917	1810	2357	1241	2216	9263	7013	7501	5032	
DHL	-325	-325	37	49	14	25	67	66	35	0	28	19935635	1810	2357	1241	2216	9263	7013	7501	5032	
DHL	-350	-350	36	48	13	24	67	66	34	0	27	19929480	1810	2357	1241	2216	9263	7013	7501	5032	
DHL	-375	-375	37	50	13	24	66	63	34	0	31	19922353	1810	2357	1241	2216	9263	7013	7501	5032	
DHL	-400	-400	34	48	13	23	67	65	33	0	31	19914157	1810	2357	1241	2216	9263	7013	7501	5032	
DHL	-425	-425	34	50	14	22	65	67	32	0	31	19904841	1810	2357	1241	2216	9263	7013	7501	5032	
DHL	-450	-450	37	47	14	22	67	66	33	0	31	19894687	1810	2357	1241	2216	9263	7013	7501	5032	
DHL	-475	-475	35	48	14	20	65	67	32	0	34	19884010	1810	2357	1241	2216	9263	7013	7501	5032	
DHL	-500	-500	38	52	14	20	65	68	39	0	34	19872429	1810	2357	1241	2216	9263	7013	7501	5032	
DHL	-525	-525	38	52	14	19	64	66	39	0	35	19859975	1810	2357	1241	2216	9263	7013	7501	5032	
DHL	-550	-550	39	54	14	20	62	67	42	0	32	19846644	1810	2357	1241	2216	9263	7013	7501	5032	
DHL	-575	-575	36	55	14	19	60	68	46	0	32	19832731	1810	2357	1241	2216	9263	7013	7501	5032	
DHL	-600	-600	36	57	13	17	59	64	45	0	33	19818130	1810	2357	1241	2216	9263	7013	7501	5032	
DHL	-625	-625	36	58	12	16	57	67	44	0	33	19803022	1810	2357	1241	2216	9263	7013	7501	5032	
DHL	-650	-650	35	59	11	14	57	69	44	0	33	19787150	1810	2357	1241	2216	9263	7013	7501	5032	
DHL	-675	-675	33	57	10	12	59	67	43	0	36	19770677	1810	2357	1241	2216	9263	7013	7501	5032	
DHL	-700	-700	32	59	10	14	60	67	45	0	36	19753709	1810	2357	1241	2216	9263	7013	7501	5032	
DHL	-725	-725	27	59	9	14	55	69	45	0	38	19736585	1810	2357	1241	2216	9263	7013	7501	5032	
DHL	-750	-750	30	59	9	14	53	70	44	0	38	19719403	1810	2357	1241	2216	9263	7013	7501	5032	
DHL	-775	-775	27	59	8	17	53	70	39	0	39	19702242	1810	2357	1241	2216	9263	7013	7501	5032	
DHL	-800	-800	26	57	8	18	47	72	42	0	38	19684898	1810	2357	1241	2216	9263	7013	7501	5032	
DHL	-825	-825	29	57	8	16	43	75	37	0	37	19667296	1810	2357	1241	2216	9263	7013	7501	5032	
DHL	-850	-850	31	55	5	17	46	75	33	0	37	19649583	1810	2357	1241	2216	9263	7013	7501	5032	
DHL	-875	-875	30	57	4	17	48	70	31	0	38	19631883	1810	2357	1241	2216	9263	7013	7501	5032	
DHL	-900	-900	29	55	4	18	47	71	31	0	38	19613981	1810	2357	1241	2216	9263	7013	7501	5032	
DHL	-925	-925	28	60	3	17	49	70	31	0	39	19595838	1810	2357	1241	2216	9263	7013	7501	5032	
DHL	-950	-950	28	60	2	16	50	69	30	0	39	19577648	1810	2357	1241	2216	9263	7013	7501	5032	
DHL	-975	-975	28	64	2	17	48	70	33	0	38	19559500	1810	2357	1241	2216	9263	7013	7501	5032	
DHL	-1000	-1000	29	65	2	16	46	71	31	0	40	19541299	1810	2357	1241	2216	9263	7013	7501	5032	
DHL	-1025	-1025	28	65	2	16	49	70	30	0	37	19523109	1810	2357	1241	2216	9263	7013	7501	5032	
DHL	-1050	-1050	25	63	2	16	51	68	31	0	37	19504928	1810	2357	1241	2216	9263	7013	7501	5032	
DHL	-1075	-1075	25	64	2	17	54	70	32	0	37	19487160	1810	2357	1241	2216	9263	7013	7501	5032	
DHL	-1100	-1100	27	59	3	18	57	71	33	0	39	19469519	1810	2357	1241	2216	9263	7013	7501	5032	
DHL	-1125	-1125	30	59	3	19	59	68	34	0	37	19452122	1810	2357	1241	2216	9263	7013	7501	5032	
DHL	-1150	-1150	31	59	3	17	58	62	37	0	36	19434835	1810	2357	1241	2216	9263	7013	7501	5032	
DHL	-1175	-1175	32	60	5	15	58	65	39	0	37	19417436	1810	2357	1241	2216	9263	7013	7501	5032	
DHL	-1200	-1200	32	62	6	14	52	65	41	0	38	19400031	1810	2357	1241	2216	9263	7013	7501	5032	
DHL	-1225	-1225	31	60	7	16	50	63	41	0	38	19382955	1810	2357	1241	2216	9263	7013	7501	5032	
DHL	-1250	-1250	33	59	7	16	48	59	39	0	39	19366228	1810	2357	1241	2216	9263	7013	7501	5032	
DHL	-1275	-1275	33	58	7	18	53	55	41	0	39	19349503	1810	2357	1241	2216	9263	7013	7501	5032	
DHL	-1300	-1300	34	56	9	19	51	53	44	0	38	19332704	1810	2357	1241	2216	9263	7013	7501	5032	
DHL	-1325	-1325	34	56	9	20	56	50	42	0	36	19315555	1810	2357	1241	2216	9263	7013	7501	5032	
DHL	-1350	-1350	33	56	10	20	53	51	41	0	37	19298530	1810	2357	1241	2216	9263	7013	7501	5032	
DHL	-1375	-1375	32	55	10	21	51	49	42	0	38	19281639	1810	2357	1241	2216	9263	7013	7501	5032	
DHL	-1400	-1400	30	55	10	23	49	50	45	0	37	19264647	1810	2357	1241	2216	9263	7013	7501	5032	
DHL	-1425	-1425	31	50	8	25	49	51	44	0	39	19247541	1810	2357	1241	2216	9263	7013	7501	5032	
DHL	-1450	-1450	29	53	8	26	49	53	47	0	40	19230356	1810	2357	1241	2216	9263	7013	7501	5032	
DHL	-1475	-1475	28	51	10	25	53	57	46	0	40	19213286	1810	2357	1241	2216	9263	7013	7501	5032	
DHL	-1500	-1500	27	50	10	25	52	59	48	0	37	19196861	1810	2357	1241	2216	9263	7013	7501	5032	
DHL	-1525	-1525	24	47	9	23	54	60	51	0	38	19180755	1810	2357	1241	2216	9263	7013	7501	5032	
DHL	-1550	-1550	21	45	9	21	53	57	50	0	38	19164981	1810	2357	1241	2216	9263	7013	7501	5032	
DHL	-1575	-1575	18	44	10	18	51	56	49	0	33	19149174	1810	2357	1241	2216	9263	7013	7501	5032	
DHL	-1600	-1600	16	52	10	18	46	57	47	0	32	19133352	1810	2357	1241	2216	9263	7013	7501	5032	
DHL	-1625	-1625	17	52	11	18	49	55	48	0	33	19117506	1810	2357	1241	2216	9263	7013	7501	5032	
DHL	-1650	-1650	16	49	12	19	48	54	47	0	32	19101986	1810	2357	1241	2216	9263	7013	7501	5032	
DHL	-1675	-1675	16	49	11	20	48	56	50	0	30	19086489	1810	2357	1241	2216	9263	7013	7501	5032	
DHL	-1700	-1700	18	47	11	20	45	56	49	0	28	19071281	1810	2357	1241	2216	9263	7013	7501	5032	
DHL	-1725	-1725	18	45	10	20	47	53	51	0	26	19056013	1810	2357	1241	2216	9263	7013	7501	5032	
DHL	-1750	-1750	19	42	10	19	47	53	51	0	23	19040605	1810	2357	1241	2216	9263	7013	7501	5032	
DHL	-1775	-1775	21	43	10	20	46	53	50	0	23	19025340	1810	2357	1241	2216	9263	7013	7501	5032	
DHL	-1800	-1800	23	36	10	19	47	58	51	0	23	19009889	1810	2357	1241	2216	9263	7013	7501	5032	
DHL	-1825	-1825	22	35	10	20	49	62	51	0	23	18994537	1810	2357	1241	2216	9263	7013	7501	5032	
DHL	-1850	-1850	21	33	10	22	49	63	47	0	23	18979301	1810	2357	1241	2216	9263	7013	7501	5032	
DHL	-1875	-1875	24	33	10	20	50	62	45	0	22	18964210	1810	2357	1241	2216	9263	7013	7501	5032	
DHL	-1900	-1900	23	31	10	18	49	63	45	0	20	18949189	1810	2357	1241	2216	9263	7013	7501	5032	
DHL	-1925	-1925	22	28	8	22	51	65	46	0	19	18934206	1810	2357	1241	2216	9263	7013	7501	5032	
DHL	-1950	-1950	22	29	8	21	51	63	49	0	17	18919295	1810	2357	1241	2216	9263	7013	7501	5032	
DHL	-1975	-1975	24	26	8	21	55	61	50	0	19	18904172	1810	2357	1241	2216	9263	7013	7501	5032	
DHL	-2000	-2000	24	28	8	20	52	59	49	0	21	18888847	1810	2357	1241	2216	9263	7013	7501	5032	
DHL	-2025	-2025	24	28	7	19	49	58	48	0	22	18873604	1810	2357	1241	2216	9263	7013	7501	5032	
DHL	-2050	-2050	26	32	7	18	49	59	49	0	22	18858563	1810	2357	1241	2216	9263	7013	7501	5032	
DHL	-2075	-2075	27	32	6	18	48	60	52	0	22	18843501	1810	2357	1241	2216	9263	7013	7501	5032	
DHL	-2100	-2100	27	33	7	18	49	58	54	0	24	18828345	1810	2357	1241	2216	9263	7013	7501	5032	
DHL	-2125	-2125	29	32	9	18	52	62	55	0	28	18813066	1810	2357	1241	2216	9263	7013	7501	5032	
DHL	-2150	-2150	30	30	9	17	51	57	56	0	29	18798157	1810	2357	1241	2216	9263	7013	7501	5032	
DHL	-2175	-2175	32	29	8	16	52	57	57	0	29	18783647	1810	2357	1241	2216	9263	7013	7501	5032	
DHL	-2200	-2200	33	30	8	17	54	55	56	0	31	18769093	1810	2357	1241	2216	9263	7013	7501	5032	
DHL	-2225	-2225	34	30	10	15	53	53	52	0	31	18754584	1810	2357	1241	2216	9263	7013	7501	5032	
DHL	-2250	-2250	33	29	11	15	51	52	48	0	32	18740023	1810	2357	1241	2216	9263	7013	7501	5032	
DHL	-2275	-2275	32	29	11	15	51	49	46	0	30	18725461	1810	2357	1241	2216	9263	7013	7501	5032	
DHL	-2300	-2300	33	30	12	17	50	48	46	0	31	18711061	1810	2357	1241	2216	9263	7013	7501	5032	
DHL	-2325	-2325	30	30	12	17	54	45	48	0	34	18696689	1810	2357	1241	2216	9263	7013	7501	5032	
DHL	-2350	-2350	31	32	12	15	53	47	47	0	32	18682399	1810	2357	1241	2216	9263	7013	7501	5032	
DHL	-2375	-2375	29	31	11	12	52	44	47	0	33	18668053	1810	2357	1241	2216	9263	7013	7501	5032	
DHL	-2400	-2400	29	30	11	14	51	43	48	0	32	18653659	1810	2357	1241	2216	9263	7013	7501	5032	
DHL	-2425	-2425	28	28	11	16	48	41	47	0	30	18639266	1810	2357	1241	2216	9263	7013	7501	5032	
DHL	-2450	-2450	27	28	13	17	48	44	44	0	34	18624998	1810	2357	1241	2216	9263	7013	7501	5032	
DHL	-2475	-2475	29	29	12	18	50	43	42	0	34	18610736	1810	2357	1241	2216	9263	7013	7501	5032	
DHL	-2500	-2500	30	29	12	21	45	44	42	0	34	18596733	1810	2357	1241	2216	9263	7013	7501	5032	
DHL	-2525	-2525	31	30	10	21	42	43	39	0	30	18582641	1810	2357	1241	2216	9263	7013	7501	5032	
DHL	-2550	-2550	32	27	12	20	42	40	38	0	32	18568573	1810	2357	1241	2216	9263	7013	7501	5032	
DHL	-2575	-2575	29	24	12	20	42	38	37	0	30	18554423	1810	2357	1241	2216	9263	7013	7501	5032	
DHL	-2600	-2600	26	25	13	20	44	41	36	0	29	18540313	1810	2357	1241	2216	9263	7013	7501	5032	
DHL	-2625	-2625	24	26	14	17	41	43	35	0	27	18526335	1810	2357	1241	2216	9263	7013	7501	5032	
DHL	-2650	-2650	24	29	14	15	39	43	32	0	22	18512457	1810	2357	1241	2216	9263	7013	7501	5032	
DHL	-2675	-2675	24	34	13	13	36	43	33	0	21	18498776	1810	2357	1241	2216	9263	7013	7501	5032	
DHL	-2700	-2700	22	34	13	13	37	47	33	0	20	18484985	1810	2357	1241	2216	9263	7013	7501	5032	
DHL	-2725	-2725	21	32	14	13	37	48	31	0	21	18470891	1810	2357	1241	2216	9263	7013	7501	5032	
DHL	-2750	-2750	18	34	13	14	37	44	32	0	22	18456874	1810	2357	1241	2216	9263	7013	7501	5032	
DHL	-2775	-2775	21	37	11	14	35	45	33	0	19	18443139	1810	2357	1241	2216	9263	7013	7501	5032	
DHL	-2800	-2800	18	37	8	14	38	47	36	0	22	18429571	1810	2357	1241	2216	9263	7013	7501	5032	
DHL	-2825	-2825	18	36	7	13	38	56	35	0	22	18416184	1810	2357	1241	2216	9263	7013	7501	5032	
DHL	-2850	-2850	17	37	6	11	38	55	34	0	22	18403050	1810	2357	1241	2216	9263	7013	7501	5032	
DHL	-2875	-2875	15	31	6	12	37	52	37	0	20	18390161	1810	2357	1241	2216	9263	7013	7501	5032	
DHL	-2900	-2900	14	32	5	15	39	54	38	0	20	18377154	1810	2357	1241	2216	9263	7013	7501	5032	
DHL	-2925	-2925	11	29	5	15	41	51	36	0	19	18363883	1810	2357	1241	2216	9263	7013	7501	5032	
DHL	-2950	-2950	11	33	4	20	42	52	36	0	17	18350708	1810	2357	1241	2216	9263	7013	7501	5032	
DHL	-2975	-2975	12	33	4	20	44	53	37	0	21	18337758	1810	2357	1241	2216	9263	7013	7501	5032	
DHL	-3000	-3000	12	32	3	19	45	57	37	0	20	18324629	1810	2357	1241	2216	9263	7013	7501	5032	
DHL	-3025	-3025	12	30	4	20	46	57	36	0	22	18311612	1810	2357	1241	2216	9263	7013	7501	5032	
DHL	-3050	-3050	13	31	5	20	45	57	34	0	22	18298511	1810	2357	1241	2216	9263	7013	7501	5032	
DHL	-3075	-3075	11	33	5	19	47	58	33	0	22	18285495	1810	2357	1241	2216	9263	7013	7501	5032	
DHL	-3100	-3100	10	35	5	18	48	59	34	0	21	18272636	1810	2357	1241	2216	9263	7013	7501	5032	
DHL	-3125	-3125	11	35	4	19	47	59	30	0	21	18259764	1810	2357	1241	2216	9263	7013	7501	5032	
DHL	-3150	-3150	12	33	4	20	48	56	28	0	21	18246802	1810	2357	1241	2216	9263	7013	7501	5032	
DHL	-3175	-3175	10	37	4	20	46	57	28	0	23	18233722	1810	2357	1241	2216	9263	7013	7501	5032	
DHL	-3200	-3200	10	33	4	22	45	58	29	0	25	18220518	1810	2357	1241	2216	9263	7013	7501	5032	
DHL	-3225	-3225	12	37	4	21	47	58	31	0	25	18207245	1810	2357	1241	2216	9263	7013	7501	5032	
DHL	-3250	-3250	14	35	4	20	48	54	31	0	26	18193898	1810	2357	1241	2216	9263	7013	7501	5032	
DHL	-3275	-3275	13	34	4	19	48	52	28	0	26	18180553	1810	2357	1241	2216	9263	7013	7501	5032	
DHL	-3300	-3300	13	34	4	19	48	48	33	0	25	18167269	1810	2357	1241	2216	9263	7013	7501	5032	
DHL	-3325	-3325	12	34	4	20	50	43	31	0	25	18154222	1810	2357	1241	2216	9263	7013	7501	5032	
DHL	-3350	-3350	14	34	4	18	48	41	33	0	24	18141020	1810	2357	1241	2216	9263	7013	7501	5032	
DHL	-3375	-3375	15	35	5	20	48	45	36	0	22	18127840	1810	2357	1241	2216	9263	7013	7501	5032	
DHL	-3400	-3400	16	36	5	18	53	46	37	0	22	18114547	1810	2357	1241	2216	9263	7013	7501	5032	
DHL	-3425	-3425	16	36	5	19	55	43	36	0	21	18100961	1810	2357	1241	2216	9263	7013	7501	5032	
DHL	-3450	-3450	16	40	5	20	56	45	36	0	19	18087482	1810	2357	1241	2216	9263	7013	7501	5032	
DHL	-3475	-3475	17	40	6	21	55	46	32	0	20	18074308	1810	2357	1241	2216	9263	7013	7501	5032	
DHL	-3500	-3500	17	43	6	23	53	45	32	0	23	18060935	1810	2357	1241	2216	9263	7013	7501	5032	
DHL	-3525	-3525	17	45	5	23	55	48	32	0	23	18047359	1810	2357	1241	2216	9263	7013	7501	5032	
DHL	-3550	-3550	19	44	6	22	53	47	34	0	23	18034019	1810	2357	1241	2216	9263	7013	7501	5032	
DHL	-3575	-3575	20	45	5	22	55	46	36	0	20	18020829	1810	2357	1241	2216	9263	7013	7501	5032	
DHL	-3600	-3600	19	43	5	27	54	47	38	0	20	18007570	1810	2357	1241	2216	9263	7013	7501	5032	
DHL	-3625	-3625	22	42	5	28	54	49	39	0	20	17994294	1810	2357	1241	2216	9263	7013	7501	5032	
DHL	-3650	-3650	22	41	5	28	52	51	39	0	21	17980923	1810	2357	1241	2216	9263	7013	7501	5032	
DHL	-3675	-3675	22	39	5	28	49	52	45	0	20	17967622	1810	2357	1241	2216	9263	7013	7501	5032	
DHL	-3700	-3700	21	40	7	27	50	49	42	0	19	17954466	1810	2357	1241	2216	9263	7013	7501	5032	
DHL	-3725	-3725	20	39	6	29	51	51	41	0	19	17941325	1810	2357	1241	2216	9263	7013	7501	5032	
DHL	-3750	-3750	20	38	6	27	47	51	40	0	19	17928278	1810	2357	1241	2216	9263	7013	7501	5032	
DHL	-3775	-3775	20	40	6	29	48	52	41	0	21	17915643	1810	2357	1241	2216	9263	7013	7501	5032	
DHL	-3800	-3800	19	41	6	31	46	56	39	0	23	17902908	1810	2357	1241	2216	9263	7013	7501	5032	
DHL	-3825	-3825	18	43	6	28	50	57	38	0	25	17890002	1810	2357	1241	2216	9263	7013	7501	5032	
DHL	-3850	-3850	18	43	7	30	51	61	37	0	23	17877175	1810	2357	1241	2216	9263	7013	7501	5032	
DHL	-3875	-3875	20	42	7	29	50	65	38	0	25	17864461	1810	2357	1241	2216	9263	7013	7501	5032	
DHL	-3900	-3900	17	42	7	30	50	62	34	0	27	17851965	1810	2357	1241	2216	9263	7013	7501	5032	
DHL	-3925	-3925	17	43	6	28	50	62	36	0	30	17839391	1810	2357	1241	2216	9263	7013	7501	5032	
DHL	-3950	-3950	17	44	5	23	46	61	36	0	28	17826987	1810	2357	1241	2216	9263	7013	7501	5032	
DHL	-3975	-3975	14	46	5	24	46	64	36	0	28	17814848	1810	2357	1241	2216	9263	7013	7501	5032	
DHL	-4000	-4000	15	45	4	25	48	63	36	0	27	17802825	1810	2357	1241	2216	9263	7013	7501	5032	
DHL	-4025	-4025	14	43	4	25	50	63	34	0	25	17790728	1810	2357	1241	2216	9263	7013	7501	5032	
DHL	-4050	-4050	15	40	4	25	49	63	35	0	25	17778628	1810	2357	1241	2216	9263	7013	7501	5032	
DHL	-4075	-4075	14	40	4	26	48	64	35	0	25	17766518	1810	2357	1241	2216	9263	7013	7501	5032	
DHL	-4100	-4100	15	41	4	25	48	62	36	0	25	17754498	1810	2357	1241	2216	9263	7013	7501	5032	
DHL	-4125	-4125	15	37	5	24	47	63	32	0	24	17742660	1810	2357	1241	2216	9263	7013	7501	5032	
DHL	-4150	-4150	15	36	5	22	47	60	33	0	24	17730826	1810	2357	1241	2216	9263	7013	7501	5032	
DHL	-4175	-4175	14	36	5	22	49	56	34	0	24	17719028	1810	2357	1241	2216	9263	7013	7501	5032	
DHL	-4200	-4200	14	35	5	22	52	54	37	0	22	17707027	1810	2357	1241	2216	9263	7013	7501	5032	
DHL	-4225	-4225	14	36	5	20	51	55	36	0	22	17694993	1810	2357	1241	2216	9263	7013	7501	5032	
DHL	-4250	-4250	13	37	4	17	51	57	38	0	21	17682782	1810	2357	1241	2216	9263	7013	7501	5032	
DHL	-4275	-4275	15	36	4	17	52	59	38	0	22	17670727	1810	2357	1241	2216	9263	7013	7501	5032	
DHL	-4300	-4300	17	34	3	18	54	56	38	0	23	17658933	1810	2357	1241	2216	9263	7013	7501	5032	
DHL	-4325	-4325	16	30	4	18	55	52	36	0	26	17647138	1810	2357	1241	2216	9263	7013	7501	5032	
DHL	-4350	-4350	17	25	4	16	52	46	38	0	25	17635325	1810	2357	1241	2216	9263	7013	7501	5032	
DHL	-4375	-4375	18	25	4	15	52	46	38	0	22	17623584	1810	2357	1241	2216	9263	7013	7501	5032	
DHL	-4400	-4400	18	23	4	14	51	42	35	0	23	17611803	1810	2357	1241	2216	9263	7013	7501	5032	
DHL	-4425	-4425	16	20	4	15	51	37	35	0	21	17599753	1810	2357	1241	2216	9263	7013	7501	5032	
DHL	-4450	-4450	15	21	5	18	51	35	37	0	20	17587719	1810	2357	1241	2216	9263	7013	7501	5032	
DHL	-4475	-4475	15	19	5	18	51	37	38	0	22	17575689	1810	2357	1241	2216	9263	7013	7501	5032	
DHL	-4500	-4500	13	20	4	17	55	40	40	0	22	17563808	1810	2357	1241	2216	9263	7013	7501	5032	
DHL	-4525	-4525	14	22	5	18	53	38	41	0	22	17552021	1810	2357	1241	2216	9263	7013	7501	5032	
DHL	-4550	-4550	15	23	5	18	45	33	40	0	23	17540211	1810	2357	1241	2216	9263	7013	7501	5032	
DHL	-4575	-4575	14	24	5	18	48	36	38	0	20	17528613	1810	2357	1241	2216	9263	7013	7501	5032	
DHL	-4600	-4600	13	27	4	18	45	35	38	0	21	17517098	1810	2357	1241	2216	9263	7013	7501	5032	
DHL	-4625	-4625	12	29	5	17	48	34	35	0	21	17505527	1810	2357	1241	2216	9263	7013	7501	5032	
DHL	-4650	-4650	12	29	4	15	46	34	36	0	20	17494087	1810	2357	1241	2216	9263	7013	7501	5032	
DHL	-4675	-4675	11	28	5	15	48	34	37	0	20	17482472	1810	2357	1241	2216	9263	7013	7501	5032	
DHL	-4700	-4700	12	31	5	15	52	34	35	0	20	17470799	1810	2357	1241	2216	9263	7013	7501	5032	
DHL	-4725	-4725	13	29	6	15	55	35	35	0	18	17459113	1810	2357	1241	2216	9263	7013	7501	5032	
DHL	-4750	-4750	11	32	5	15	55	34	32	0	19	17447485	1810	2357	1241	2216	9263	7013	7501	5032	
DHL	-4775	-4775	10	34	5	16	51	34	33	0	20	17436031	1810	2357	1241	2216	9263	7013	7501	5032	
DHL	-4800	-4800	10	31	5	17	52	34	34	0	21	17424808	1810	2357	1241	2216	9263	7013	7501	5032	
DHL	-4825	-4825	9	29	7	17	51	34	31	0	19	17413696	1810	2357	1241	2216	9263	7013	7501	5032	
DHL	-4850	-4850	9	33	7	18	54	30	30	0	20	17402570	1810	2357	1241	2216	9263	7013	7501	5032	
DHL	-4875	-4875	11	35	7	17	54	30	30	0	19	17391536	1810	2357	1241	2216	9263	7013	7501	5032	
DHL	-4900	-4900	11	35	9	18	53	34	29	0	17	17380366	1810	2357	1241	2216	9263	7013	7501	5032	
DHL	-4925	-4925	11	37	9	18	55	33	26	0	17	17369199	1810	2357	1241	2216	9263	7013	7501	5032	
DHL	-4950	-4950	11	37	8	18	55	33	25	0	19	17357961	1810	2357	1241	2216	9263	7013	7501	5032	
DHL	-4975	-4975	10	37	8	16	53	34	23	0	19	17346670	1810	2357	1241	2216	9263	7013	7501	5032	
DHL	-5000	-5000	11	36	7	16	58	34	23	0	20	17335468	1810	2357	1241	2216	9263	7013	7501	5032	
DHL	-5025	-5025	11	33	7	17	55	32	25	0	21	17324225	1810	2357	1241	2216	9263	7013	7501	5032	
DHL	-5050	-5050	13	31	7	21	49	35	28	0	23	17313047	1810	2357	1241	2216	9263	7013	7501	5032	
DHL	-5075	-5075	16	33	8	22	51	35	31	0	22	17301738	1810	2357	1241	2216	9263	7013	7501	5032	
DHL	-5100	-5100	17	32	8	22	50	36	33	0	22	17290530	1810	2357	1241	2216	9263	7013	7501	5032	
DHL	-5125	-5125	17	32	8	22	46	34	36	0	25	17279044	1810	2357	1241	2216	9263	7013	7501	5032	
DHL	-5150	-5150	17	31	9	23	47	36	36	0	24	17267509	1810	2357	1241	2216	9263	7013	7501	5032	
DHL	-5175	-5175	17	27	8	21	46	37	39	0	24	17256252	1810	2357	1241	2216	9263	7013	7501	5032	
DHL	-5200	-5200	17	27	8	20	46	34	34	0	24	17244938	1810	2357	1241	2216	9263	7013	7501	5032	
DHL	-5225	-5225	18	25	9	20	47	35	36	0	28	17233649	1810	2357	1241	2216	9263	7013	7501	5032	
DHL	-5250	-5250	19	25	10	18	46	39	40	0	29	17222235	1810	2357	1241	2216	9263	7013	7501	5032	
DHL	-5275	-5275	19	25	10	18	44	39	41	0	27	17210826	1810	2357	1241	2216	9263	7013	7501	5032	
DHL	-5300	-5300	21	25	9	17	45	42	41	0	27	17199502	1810	2357	1241	2216	9263	7013	7501	5032	
DHL	-5325	-5325	20	23	9	18	49	41	40	0	27	17188128	1810	2357	1241	2216	9263	7013	7501	5032	
DHL	-5350	-5350	20	23	8	19	49	39	42	0	29	17176499	1810	2357	1241	2216	9263	7013	7501	5032	
DHL	-5375	-5375	21	23	7	18	50	42	46	0	32	17165115	1810	2357	1241	2216	9263	7013	7501	5032	
DHL	-5400	-5400	18	23	9	17	47	45	49	0	31	17154011	1810	2357	1241	2216	9263	7013	7501	5032	
DHL	-5425	-5425	20	20	9	16	45	46	48	0	30	17142996	1810	2357	1241	2216	9263	7013	7501	5032	
DHL	-5450	-5450	18	22	9	17	42	43	48	0	32	17131867	1810	2357	1241	2216	9263	7013	7501	5032	
DHL	-5475	-5475	19	24	9	16	43	45	49	0	34	17120633	1810	2357	1241	2216	9263	7013	7501	5032	
DHL	-5500	-5500	18	25	8	15	45	46	49	0	33	17109536	1810	2357	1241	2216	9263	7013	7501	5032	
DHL	-5525	-5525	18	27	9	15	43	48	46	0	32	17098350	1810	2357	1241	2216	9263	7013	7501	5032	
DHL	-5550	-5550	17	29	11	14	42	49	46	0	32	17087101	1810	2357	1241	2216	9263	7013	7501	5032	
DHL	-5575	-5575	16	29	11	14	39	52	46	0	27	17075994	1810	2357	1241	2216	9263	7013	7501	5032	
DHL	-5600	-5600	17	28	11	11	42	55	45	0	28	17065075	1810	2357	1241	2216	9263	7013	7501	5032	
DHL	-5625	-5625	17	29	10	11	40	54	46	0	30	17054269	1810	2357	1241	2216	9263	7013	7501	5032	
DHL	-5650	-5650	15	30	10	10	42	55	44	0	31	17043385	1810	2357	1241	2216	9263	7013	7501	5032	
DHL	-5675	-5675	17	31	10	9	45	54	43	0	29	17032460	1810	2357	1241	2216	9263	7013	7501	5032	
DHL	-5700	-5700	16	30	9	10	46	49	41	0	27	17021575	1810	2357	1241	2216	9263	7013	7501	5032	
DHL	-5725	-5725	16	30	9	10	46	48	39	0	29	17010691	1810	2357	1241	2216	9263	7013	7501	5032	
DHL	-5750	-5750	15	32	8	10	44	52	36	0	27	16999887	1810	2357	1241	2216	9263	7013	7501	5032	
DHL	-5775	-5775	18	33	8	10	43	50	34	0	29	16989118	1810	2357	1241	2216	9263	7013	7501	5032	
DHL	-5800	-5800	17	33	6	9	44	49	33	0	27	16978614	1810	2357	1241	2216	9263	7013	7501	5032	
DHL	-5825	-5825	16	32	6	10	45	50	31	0	24	16968284	1810	2357	1241	2216	9263	7013	7501	5032	
DHL	-5850	-5850	17	30	7	10	46	50	37	0	22	16957759	1810	2357	1241	2216	9263	7013	7501	5032	
DHL	-5875	-5875	17	32	7	10	45	50	37	0	21	16947211	1810	2357	1241	2216	9263	7013	7501	5032	
DHL	-5900	-5900	16	33	7	10	42	54	39	0	23	16936644	1810	2357	1241	2216	9263	7013	7501	5032	
DHL	-5925	-5925	16	30	8	10	42	51	39	0	22	16926162	1810	2357	1241	2216	9263	7013	7501	5032	
DHL	-5950	-5950	16	28	6	7	42	51	36	0	23	16915554	1810	2357	1241	2216	9263	7013	7501	5032	
DHL	-5975	-5975	15	27	6	7	41	48	34	0	23	16905020	1810	2357	1241	2216	9263	7013	7501	5032	
DHL	-6000	-6000	15	28	6	7	39	47	35	0	22	16894255	1810	2357	1241	2216	9263	7013	7501	5032	
DHL	-6025	-6025	13	27	5	6	37	52	37	0	23	16883524	1810	2357	1241	2216	9263	7013	7501	5032	
DHL	-6050	-6050	12	25	6	6	38	51	32	0	23	16872904	1810	2357	1241	2216	9263	7013	7501	5032	
DHL	-6075	-6075	12	23	6	6	42	50	31	0	23	16862195	1810	2357	1241	2216	9263	7013	7501	5032	
DHL	-6100	-6100	14	23	5	6	43	50	34	0	23	16851349	1810	2357	1241	2216	9263	7013	7501	5032	
DHL	-6125	-6125	13	22	4	7	44	49	36	0	23	16840345	1810	2357	1241	2216	9263	7013	7501	5032	
DHL	-6150	-6150	13	21	4	7	43	48	34	0	24	16829407	1810	2357	1241	2216	9263	7013	7501	5032	
DHL	-6175	-6175	13	21	6	7	44	47	31	0	27	16818647	1810	2357	1241	2216	9263	7013	7501	5032	
DHL	-6200	-6200	14	20	8	6	44	44	31	0	27	16807742	1810	2357	1241	2216	9263	7013	7501	5032	
DHL	-6225	-6225	12	19	8	6	43	44	31	0	29	16796802	1810	2357	1241	2216	9263	7013	7501	5032	
DHL	-6250	-6250	11	20	8	5	42	41	30	0	28	16785957	1810	2357	1241	2216	9263	7013	7501	5032	
DHL	-6275	-6275	10	19	8	5	41	46	32	0	29	16774957	1810	2357	1241	2216	9263	7013	7501	5032	
DHL	-6300	-6300	10	21	7	5	44	44	32	0	29	16764076	1810	2357	1241	2216	9263	7013	7501	5032	
DHL	-6325	-6325	10	22	8	6	44	41	33	0	27	16753357	1810	2357	1241	2216	9263	7013	7501	5032	
DHL	-6350	-6350	9	22	9	6	40	43	31	0	27	16742579	1810	2357	1241	2216	9263	7013	7501	5032	
DHL	-6375	-6375	8	20	9	6	40	44	33	0	26	16731967	1810	2357	1241	2216	9263	7013	7501	5032	
DHL	-6400	-6400	7	20	10	5	37	42	37	0	26	16721240	1810	2357	1241	2216	9263	7013	7501	5032	
DHL	-6425	-6425	7	20	10	5	39	43	37	0	25	16710501	1810	2357	1241	2216	9263	7013	7501	5032	
DHL	-6450	-6450	7	18	10	5	36	42	34	0	25	16699887	1810	2357	1241	2216	9263	7013	7501	5032	
DHL	-6475	-6475	7	16	10	4	35	40	36	0	24	16689374	1810	2357	1241	2216	9263	7013	7501	5032	
DHL	-6500	-6500	7	17	9	3	33	42	38	0	27	16678754	1810	2357	1241	2216	9263	7013	7501	5032	
DHL	-6525	-6525	7	20	12	3	36	40	39	0	25	16668152	1810	2357	1241	2216	9263	7013	7501	5032	
DHL	-6550	-6550	7	20	12	3	38	37	40	0	26	16657821	1810	2357	1241	2216	9263	7013	7501	5032	
DHL	-6575	-6575	8	20	12	4	42	36	38	0	25	16647722	1810	2357	1241	2216	9263	7013	7501	5032	
DHL	-6600	-6600	7	20	14	4	43	36	39	0	25	16637528	1810	2357	1241	2216	9263	7013	7501	5032	
DHL	-6625	-6625	7	21	14	6	47	37	40	0	27	16627248	1810	2357	1241	2216	9263	7013	7501	5032	
DHL	-6650	-6650	7	20	15	8	47	35	40	0	27	16616997	1810	2357	1241	2216	9263	7013	7501	5032	
DHL	-6675	-6675	8	20	15	8	48	36	38	0	24	16606910	1810	2357	1241	2216	9263	7013	7501	5032	
DHL	-6700	-6700	9	20	15	8	46	35	40	0	24	16596842	1810	2357	1241	2216	9263	7013	7501	5032	
DHL	-6725	-6725	10	18	15	9	47	34	38	0	20	16586595	1810	2357	1241	2216	9263	7013	7501	5032	
DHL	-6750	-6750	8	19	13	8	49	33	38	0	20	16576377	1810	2357	1241	2216	9263	7013	7501	5032	
DHL	-6775	-6775	9	20	15	9	49	28	39	0	18	16566194	1810	2357	1241	2216	9263	7013	7501	5032	
DHL	-6800	-6800	9	22	14	9	47	31	38	0	16	16555975	1810	2357	1241	2216	9263	7013	7501	5032	
DHL	-6825	-6825	8	23	14	10	49	31	39	0	20	16545752	1810	2357	1241	2216	9263	7013	7501	5032	
DHL	-6850	-6850	7	23	13	11	48	31	38	0	21	16535448	1810	2357	1241	2216	9263	7013	7501	5032	
DHL	-6875	-6875	5	23	13	10	48	35	39	0	19	16524969	1810	2357	1241	2216	9263	7013	7501	5032	
DHL	-6900	-6900	5	23	15	9	49	38	38	0	19	16514414	1810	2357	1241	2216	9263	7013	7501	5032	
DHL	-6925	-6925	5	23	15	11	50	35	39	0	17	16503879	1810	2357	1241	2216	9263	7013	7501	5032	
DHL	-6950	-6950	5	29	13	12	49	38	42	0	20	16493365	1810	2357	1241	2216	9263	7013	7501	5032	
DHL	-6975	-6975	6	29	11	15	47	40	42	0	21	16482824	1810	2357	1241	2216	9263	7013	7501	5032	
DHL	-7000	-7000	7	29	11	14	47	38	42	0	21	16472466	1810	2357	1241	2216	9263	7013	7501	5032	
DHL	-7025	-7025	7	28	11	14	46	37	41	0	21	16462167	1810	2357	1241	2216	9263	7013	7501	5032	
DHL	-7050	-7050	7	29	11	14	45	38	39	0	21	16452030	1810	2357	1241	2216	9263	7013	7501	5032	
DHL	-7075	-7075	8	30	9	13	44	41	36	0	19	16442141	1810	2357	1241	2216	9263	7013	7501	5032	
DHL	-7100	-7100	9	29	9	13	41	38	34	0	19	16432330	1810	2357	1241	2216	9263	7013	7501	5032	
DHL	-7125	-7125	9	30	10	14	38	38	30	0	19	16422548	1810	2357	1241	2216	9263	7013	7501	5032	
DHL	-7150	-7150	10	30	9	14	36	39	29	0	19	16412703	1810	2357	1241	2216	9263	7013	7501	5032	
DHL	-7175	-7175	10	29	8	14	33	37	30	0	18	16402911	1810	2357	1241	2216	9263	7013	7501	5032	
DHL	-7200	-7200	11	30	7	15	33	37	32	0	19	16393231	1810	2357	1241	2216	9263	7013	7501	5032	
DHL	-7225	-7225	11	31	7	16	31	35	37	0	21	16383403	1810	2357	1241	2216	9263	7013	7501	5032	
DHL	-7250	-7250	9	30	7	16	30	35	35	0	23	16373518	1810	2357	1241	2216	9263	7013	7501	5032	
DHL	-7275	-7275	9	30	6	16	30	35	36	0	25	16363665	1810	2357	1241	2216	9263	7013	7501	5032	
DHL	-7300	-7300	9	30	5	16	29	34	35	0	23	16353719	1810	2357	1241	2216	9263	7013	7501	5032	
DHL	-7325	-7325	10	28	3	15	30	37	34	0	22	16343761	1810	2357	1241	2216	9263	7013	7501	5032	
DHL	-7350	-7350	10	25	3	14	32	33	36	0	23	16333869	1810	2357	1241	2216	9263	7013	7501	5032	
DHL	-7375	-7375	10	25	3	15	33	31	34	0	23	16324072	1810	2357	1241	2216	9263	7013	7501	5032	
DHL	-7400	-7400	10	24	3	13	33	34	35	0	21	16314117	1810	2357	1241	2216	9263	7013	7501	5032	
DHL	-7425	-7425	8	22	3	15	32	36	37	0	22	16304075	1810	2357	1241	2216	9263	7013	7501	5032	
DHL	-7450	-7450	7	24	5	15	29	37	37	0	24	16294216	1810	2357	1241	2216	9263	7013	7501	5032	
DHL	-7475	-7475	7	23	5	13	30	37	34	0	24	16284459	1810	2357	1241	2216	9263	7013	7501	5032	
DHL	-7500	-7500	6	23	4	14	30	36	33	0	26	16274795	1810	2357	1241	2216	9263	7013	7501	5032	
DHL	-7525	-7525	6	24	4	14	31	34	35	0	29	16265220	1810	2357	1241	2216	9263	7013	7501	5032	
DHL	-7550	-7550	6	25	4	13	27	32	36	0	29	16255692	1810	2357	1241	2216	9263	7013	7501	5032	
DHL	-7575	-7575	7	27	4	13	29	33	39	0	29	16246351	1810	2357	1241	2216	9263	7013	7501	5032	
DHL	-7600	-7600	6	28	3	11	30	32	39	0	31	16236679	1810	2357	1241	2216	9263	7013	7501	5032	
DHL	-7625	-7625	6	28	3	12	32	34	39	0	30	16226819	1810	2357	1241	2216	9263	7013	7501	5032	
DHL	-7650	-7650	5	28	3	13	33	35	38	0	28	16216921	1810	2357	1241	2216	9263	7013	7501	5032	
DHL	-7675	-7675	5	26	3	14	33	36	38	0	29	16206873	1810	2357	1241	2216	9263	7013	7501	5032	
DHL	-7700	-7700	5	25	2	13	32	36	36	0	31	16196893	1810	2357	1241	2216	9263	7013	7501	5032	
DHL	-7725	-7725	5	22	2	14	34	36	37	0	30	16186983	1810	2357	1241	2216	9263	7013	7501	5032	
DHL	-7750	-7750	6	24	2	17	35	36	39	0	30	16177147	1810	2357	1241	2216	9263	7013	7501	5032	
DHL	-7775	-7775	6	24	2	17	36	37	36	0	29	16167328	1810	2357	1241	2216	9263	7013	7501	5032	
DHL	-7800	-7800	6	24	2	16	35	37	37	0	27	16157616	1810	2357	1241	2216	9263	7013	7501	5032	
DHL	-7825	-7825	6	21	2	16	33	40	40	0	27	16147848	1810	2357	1241	2216	9263	7013	7501	5032	
DHL	-7850	-7850	7	19	1	16	33	39	37	0	28	16138204	1810	2357	1241	2216	9263	7013	7501	5032	
DHL	-7875	-7875	7	19	1	20	35	40	38	0	27	16128420	1810	2357	1241	2216	9263	7013	7501	5032	
DHL	-7900	-7900	7	19	1	23	36	43	37	0	26	16118644	1810	2357	1241	2216	9263	7013	7501	5032	
DHL	-7925	-7925	7	17	1	22	30	44	39	0	27	16108821	1810	2357	1241	2216	9263	7013	7501	5032	
DHL	-7950	-7950	6	17	1	22	32	49	39	0	26	16098910	1810	2357	1241	2216	9263	7013	7501	5032	
DHL	-7975	-7975	6	20	1	22	34	48	40	0	24	16089112	1810	2357	1241	2216	9263	7013	7501	5032	
DHL	-8000	-8000	6	22	0	22	34	48	41	0	23	16079488	1810	2357	1241	2216	9263	7013	7501	5032	
DHL	-8025	-8025	9	21	0	25	34	48	41	0	23	16069737	1810	2357	1241	2216	9263	7013	7501	5032	
DHL	-8050	-8050	9	20	0	25	31	50	40	0	24	16060124	1810	2357	1241	2216	9263	7013	7501	5032	
DHL	-8075	-8075	11	17	0	27	28	50	38	0	25	16050505	1810	2357	1241	2216	9263	7013	7501	5032	
DHL	-8100	-8100	13	15	2	25	29	49	36	0	25	16040666	1810	2357	1241	2216	9263	7013	7501	5032	
DHL	-8125	-8125	13	14	2	24	32	48	36	0	24	16030819	1810	2357	1241	2216	9263	7013	7501	5032	
DHL	-8150	-8150	12	12	2	22	30	47	34	0	24	16021035	1810	2357	1241	2216	9263	7013	7501	5032	
DHL	-8175	-8175	13	15	2	23	32	49	33	0	23	16011215	1810	2357	1241	2216	9263	7013	7501	5032	
DHL	-8200	-8200	12	15	2	19	29	47	29	0	23	16001139	1810	2357	1241	2216	9263	7013	7501	5032	
DHL	-8225	-8225	12	13	3	19	29	44	30	0	22	15991180	1810	2357	1241	2216	9263	7013	7501	5032	
DHL	-8250	-8250	13	13	3	19	29	47	30	0	20	15981500	1810	2357	1241	2216	9263	7013	7501	5032	
DHL	-8275	-8275	13	15	4	20	29	48	32	0	20	15972000	1810	2357	1241	2216	9263	7013	7501	5032	
DHL	-8300	-8300	12	15	4	20	31	48	33	0	17	15962468	1810	2357	1241	2216	9263	7013	7501	5032	
DHL	-8325	-8325	9	16	4	19	33	50	33	0	19	15952977	1810	2357	1241	2216	9263	7013	7501	5032	
DHL	-8350	-8350	8	18	6	20	34	50	31	0	19	15943558	1810	2357	1241	2216	9263	7013	7501	5032	
DHL	-8375	-8375	9	18	5	20	34	53	31	0	20	15934192	1810	2357	1241	2216	9263	7013	7501	5032	
DHL	-8400	-8400	8	18	5	18	34	55	30	0	20	15924804	1810	2357	1241	2216	9263	7013	7501	5032	
DHL	-8425	-8425	7	16	5	17	32	53	32	0	21	15915555	1810	2357	1241	2216	9263	7013	7501	5032	
DHL	-8450	-8450	7	14	4	16	34	52	32	0	20	15906171	1810	2357	1241	2216	9263	7013	7501	5032	
DHL	-8475	-8475	7	15	4	16	35	53	33	0	21	15896722	1810	2357	1241	2216	9263	7013	7501	5032	
DHL	-8500	-8500	7	16	4	14	35	47	32	0	22	15887467	1810	2357	1241	2216	9263	7013	7501	5032	
DHL	-8525	-8525	8	15	3	14	33	45	31	0	22	15878249	1810	2357	1241	2216	9263	7013	7501	5032	
DHL	-8550	-8550	12	14	5	13	34	47	29	0	22	15868625	1810	2357	1241	2216	9263	7013	7501	5032	
DHL	-8575	-8575	11	13	4	12	33	45	27	0	23	15858884	1810	2357	1241	2216	9263	7013	7501	5032	
DHL	-8600	-8600	11	13	4	13	37	47	28	0	23	15849392	1810	2357	1241	2216	9263	7013	7501	5032	
DHL	-8625	-8625	11	12	4	13	39	44	28	0	27	15840032	1810	2357	1241	2216	9263	7013	7501	5032	
DHL	-8650	-8650	10	11	4	13	37	41	25	0	27	15830690	1810	2357	1241	2216	9263	7013	7501	5032	
DHL	-8675	-8675	10	9	4	14	38	39	29	0	28	15821306	1810	2357	1241	2216	9263	7013	7501	5032	
DHL	-8700	-8700	10	8	4	14	41	42	32	0	27	15811773	1810	2357	1241	2216	9263	7013	7501	5032	
DHL	-8725	-8725	9	8	5	14	41	42	35	0	29	15802192	1810	2357	1241	2216	9263	7013	7501	5032	
DHL	-8750	-8750	9	8	5	12	40	44	31	0	33	15792413	1810	2357	1241	2216	9263	7013	7501	5032	
DHL	-8775	-8775	9	8	5	11	42	45	31	0	32	15782654	1810	2357	1241	2216	9263	7013	7501	5032	
DHL	-8800	-8800	9	9	5	11	42	45	31	0	31	15772902	1810	2357	1241	2216	9263	7013	7501	5032	
DHL	-8825	-8825	8	7	5	10	45	46	32	0	31	15763306	1810	2357	1241	2216	9263	7013	7501	5032	
DHL	-8850	-8850	8	6	5	10	47	44	35	0	28	15753811	1810	2357	1241	2216	9263	7013	7501	5032	
DHL	-8875	-8875	10	7	5	10	51	38	34	0	28	15744300	1810	2357	1241	2216	9263	7013	7501	5032	
DHL	-8900	-8900	10	8	5	10	48	39	35	0	28	15734793	1810	2357	1241	2216	9263	7013	7501	5032	
DHL	-8925	-8925	11	8	5	11	49	37	33	0	26	15725348	1810	2357	1241	2216	9263	7013	7501	5032	
DHL	-8950	-8950	12	8	5	12	45	36	31	0	25	15716060	1810	2357	1241	2216	9263	7013	7501	5032	
DHL	-8975	-8975	12	8	6	14	44	39	30	0	23	15706831	1810	2357	1241	2216	9263	7013	7501	5032	
DHL	-9000	-9000	13	8	3	16	41	41	28	0	22	15697693	1810	2357	1241	2216	9263	7013	7501	5032	
DHL	-9025	-9025	13	8	3	16	38	40	27	0	22	15688643	1810	2357	1241	2216	9263	7013	7501	5032	
DHL	-9050	-9050	13	10	3	14	41	40	24	0	23	15679592	1810	2357	1241	2216	9263	7013	7501	5032	
DHL	-9075	-9075	13	11	4	14	41	42	26	0	23	15670460	1810	2357	1241	2216	9263	7013	7501	5032	
DHL	-9100	-9100	14	11	4	13	41	39	28	0	23	15661398	1810	2357	1241	2216	9263	7013	7501	5032	
DHL	-9125	-9125	14	12	5	12	40	37	27	0	24	15652320	1810	2357	1241	2216	9263	7013	7501	5032	
DHL	-9150	-9150	12	13	5	13	38	37	30	0	25	15643236	1810	2357	1241	2216	9263	7013	7501	5032	
DHL	-9175	-9175	12	13	5	14	36	35	32	0	22	15634166	1810	2357	1241	2216	9263	7013	7501	5032	
DHL	-9200	-9200	11	14	6	13	39	35	31	0	24	15625168	1810	2357	1241	2216	9263	7013	7501	5032	
DHL	-9225	-9225	12	15	6	13	37	34	29	0	25	15616362	1810	2357	1241	2216	9263	7013	7501	5032	
DHL	-9250	-9250	12	15	6	12	36	34	28	0	25	15607695	1810	2357	1241	2216	9263	7013	7501	5032	
DHL	-9275	-9275	10	17	5	11	36	34	30	0	25	15599084	1810	2357	1241	2216	9263	7013	7501	5032	
DHL	-9300	-9300	9	17	4	10	34	34	30	0	24	15590564	1810	2357	1241	2216	9263	7013	7501	5032	
DHL	-9325	-9325	8	19	4	10	35	35	29	0	22	15582012	1810	2357	1241	2216	9263	7013	7501	5032	
DHL	-9350	-9350	8	21	4	8	35	36	28	0	19	15573502	1810	2357	1241	2216	9263	7013	7501	5032	
DHL	-9375	-9375	7	22	4	8	38	34	29	0	17	15565145	1810	2357	1241	2216	9263	7013	7501	5032	
DHL	-9400	-9400	7	22	4	9	39	32	29	0	17	15557061	1810	2357	1241	2216	9263	7013	7501	5032	
DHL	-9425	-9425	6	22	4	9	39	30	32	0	17	15548784	1810	2357	1241	2216	9263	7013	7501	5032	
DHL	-9450	-9450	4	22	4	10	42	30	32	0	15	15540491	1810	2357	1241	2216	9263	7013	7501	5032	
DHL	-9475	-9475	4	21	4	10	44	30	36	0	17	15532193	1810	2357	1241	2216	9263	7013	7501	5032	
DHL	-9500	-9500	4	21	4	10	40	34	35	0	17	15523859	1810	2357	1241	2216	9263	7013	7501	5032	
DHL	-9525	-9525	5	21	4	12	43	31	35	0	19	15515576	1810	2357	1241	2216	9263	7013	7501	5032	
DHL	-9550	-9550	5	20	6	13	47	32	34	0	18	15507257	1810	2357	1241	2216	9263	7013	7501	5032	
DHL	-9575	-9575	5	20	6	12	49	31	34	0	20	15498871	1810	2357	1241	2216	9263	7013	7501	5032	
DHL	-9600	-9600	6	20	7	12	50	33	34	0	20	15490368	1810	2357	1241	2216	9263	7013	7501	5032	
DHL	-9625	-9625	6	21	9	13	50	33	34	0	22	15481783	1810	2357	1241	2216	9263	7013	7501	5032	
DHL	-9650	-9650	6	21	8	15	50	34	34	0	23	15473225	1810	2357	1241	2216	9263	7013	7501	5032	
DHL	-9675	-9675	6	19	7	17	47	34	35	0	23	15464781	1810	2357	1241	2216	9263	7013	7501	5032	
DHL	-9700	-9700	8	17	8	16	48	38	34	0	20	15456248	1810	2357	1241	2216	9263	7013	7501	5032	
DHL	-9725	-9725	8	16	8	15	50	37	30	0	20	15447598	1810	2357	1241	2216	9263	7013	7501	5032	
DHL	-9750	-9750	8	17	7	14	52	35	32	0	19	15438964	1810	2357	1241	2216	9263	7013	7501	5032	
DHL	-9775	-9775	8	15	7	14	52	34	32	0	19	15430253	1810	2357	1241	2216	9263	7013	7501	5032	
DHL	-9800	-9800	9	15	9	14	50	34	33	0	19	15421453	1810	2357	1241	2216	9263	7013	7501	5032	
DHL	-9825	-9825	9	15	9	13	49	33	34	0	22	15412717	1810	2357	1241	2216	9263	7013	7501	5032	
DHL	-9850	-9850	10	13	9	13	45	32	37	0	21	15404016	1810	2357	1241	2216	9263	7013	7501	5032	
DHL	-9875	-9875	9	13	10	13	43	34	36	0	18	15395308	1810	2357	1241	2216	9263	7013	7501	5032	
DHL	-9900	-9900	8	11	11	13	40	35	36	0	18	15386675	1810	2357	1241	2216	9263	7013	7501	5032	
DHL	-9925	-9925	9	9	12	13	38	36	34	0	17	15378298	1810	2357	1241	2216	9263	7013	7501	5032	
DHL	-9950	-9950	7	10	12	13	40	35	35	0	18	15369868	1810	2357	1241	2216	9263	7013	7501	5032	
DHL	-9975	-9975	7	11	13	12	41	37	38	0	16	15361420	1810	2357	1241	2216	9263	7013	7501	5032	
DHL	-10000	-10000	8	11	13	11	42	42	37	0	16	15352851	1810	2357	1241	2216	9263	7013	7501	5032	
DHL	-10025	-10025	8	11	12	12	40	44	38	0	18	15344297	1810	2357	1241	2216	9263	7013	7501	5032	
DHL	-10050	-10050	8	12	11	13	39	43	40	0	22	15335905	1810	2357	1241	2216	9263	7013	7501	5032	
DHL	-10075	-10075	8	12	11	13	37	44	41	0	22	15327569	1810	2357	1241	2216	9263	7013	7501	5032	
DHL	-10100	-10100	7	12	12	13	37	45	39	0	23	15319240	1810	2357	1241	2216	9263	7013	7501	5032	
DHL	-10125	-10125	8	12	11	13	37	43	39	0	23	15310952	1810	2357	1241	2216	9263	7013	7501	5032	
DHL	-10150	-10150	9	10	11	14	35	42	40	0	24	15302374	1810	2357	1241	2216	9263	7013	7501	5032	
DHL	-10175	-10175	9	11	10	13	35	43	40	0	23	15293777	1810	2357	1241	2216	9263	7013	7501	5032	
DHL	-10200	-10200	10	13	9	10	38	45	41	0	23	15285209	1810	2357	1241	2216	9263	7013	7501	5032	
DHL	-10225	-10225	10	16	9	10	41	48	36	0	23	15276665	1810	2357	1241	2216	9263	7013	7501	5032	
DHL	-10250	-10250	10	16	10	13	41	48	39	0	25	15268197	1810	2357	1241	2216	9263	7013	7501	5032	
DHL	-10275	-10275	11	17	10	12	39	45	36	0	22	15259770	1810	2357	1241	2216	9263	7013	7501	5032	
DHL	-10300	-10300	11	17	9	11	42	45	37	0	19	15251318	1810	2357	1241	2216	9263	7013	7501	5032	
DHL	-10325	-10325	10	15	9	11	43	46	38	0	22	15242865	1810	2357	1241	2216	9263	7013	7501	5032	
DHL	-10350	-10350	9	14	10	10	45	48	35	0	25	15234491	1810	2357	1241	2216	9263	7013	7501	5032	
DHL	-10375	-10375	9	14	10	10	49	49	34	0	25	15225966	1810	2357	1241	2216	9263	7013	7501	5032	
DHL	-10400	-10400	9	14	9	9	49	47	35	0	25	15217529	1810	2357	1241	2216	9263	7013	7501	5032	
DHL	-10425	-10425	10	14	7	7	51	45	38	0	27	15209064	1810	2357	1241	2216	9263	7013	7501	5032	
DHL	-10450	-10450	9	13	9	7	51	46	39	0	28	15200647	1810	2357	1241	2216	9263	7013	7501	5032	
DHL	-10475	-10475	8	12	8	8	51	45	36	0	27	15192269	1810	2357	1241	2216	9263	7013	7501	5032	
DHL	-10500	-10500	8	13	8	8	51	43	33	0	28	15183736	1810	2357	1241	2216	9263	7013	7501	5032	
DHL	-10525	-10525	7	13	8	10	51	39	34	0	28	15175229	1810	2357	1241	2216	9263	7013	7501	5032	
DHL	-10550	-10550	7	12	8	10	50	40	35	0	26	15166880	1810	2357	1241	2216	9263	7013	7501	5032	
DHL	-10575	-10575	7	13	7	8	49	43	37	0	28	15158668	1810	2357	1241	2216	9263	7013	7501	5032	
DHL	-10600	-10600	7	13	8	8	48	39	37	0	28	15150697	1810	2357	1241	2216	9263	7013	7501	5032	
DHL	-10625	-10625	6	14	8	7	46	40	36	0	27	15143020	1810	2357	1241	2216	9263	7013	7501	5032	
DHL	-10650	-10650	6	12	9	7	45	41	37	0	26	15135414	1810	2357	1241	2216	9263	7013	7501	5032	
DHL	-10675	-10675	8	11	8	6	46	39	38	0	26	15127723	1810	2357	1241	2216	9263	7013	7501	5032	
DHL	-10700	-10700	7	10	9	7	49	41	37	0	28	15120014	1810	2357	1241	2216	9263	7013	7501	5032	
DHL	-10725	-10725	6	10	10	8	48	39	35	0	29	15112181	1810	2357	1241	2216	9263	7013	7501	5032	
DHL	-10750	-10750	8	11	10	8	49	40	35	0	29	15104386	1810	2357	1241	2216	9263	7013	7501	5032	
DHL	-10775	-10775	9	11	9	7	45	36	34	0	26	15096400	1810	2357	1241	2216	9263	7013	7501	5032	
DHL	-10800	-10800	10	10	9	7	40	36	37	0	27	15088282	1810	2357	1241	2216	9263	7013	7501	5032	
DHL	-10825	-10825	11	10	8	8	39	37	35	0	26	15080081	1810	2357	1241	2216	9263	7013	7501	5032	
DHL	-10850	-10850	13	7	7	8	40	34	36	0	25	15071803	1810	2357	1241	2216	9263	7013	7501	5032	
DHL	-10875	-10875	13	8	7	8	39	34	36	0	24	15063220	1810	2357	1241	2216	9263	7013	7501	5032	
DHL	-10900	-10900	13	7	7	7	40	36	36	0	24	15054935	1810	2357	1241	2216	9263	7013	7501	5032	
DHL	-10925	-10925	14	7	7	7	42	36	34	0	25	15046607	1810	2357	1241	2216	9263	7013	7501	5032	
DHL	-10950	-10950	15	7	7	8	41	34	31	0	26	15038056	1810	2357	1241	2216	9263	7013	7501	5032	
DHL	-10975	-10975	15	7	7	8	39	32	29	0	24	15029327	1810	2357	1241	2216	9263	7013	7501	5032	
DHL	-11000	-11000	15	8	7	9	40	33	30	0	22	15020473	1810	2357	1241	2216	9263	7013	7501	5032	
DHL	-11025	-11025	18	8	7	9	38	32	31	0	22	15011766	1810	2357	1241	2216	9263	7013	7501	5032	
DHL	-11050	-11050	17	7	8	8	40	32	32	0	23	15003183	1810	2357	1241	2216	9263	7013	7501	5032	
DHL	-11075	-11075	17	8	8	9	36	31	31	0	22	14994655	1810	2357	1241	2216	9263	7013	7501	5032	
DHL	-11100	-11100	17	7	7	9	37	31	31	0	24	14986192	1810	2357	1241	2216	9263	7013	7501	5032	
DHL	-11125	-11125	16	6	7	9	35	30	27	0	21	14977606	1810	2357	1241	2216	9263	7013	7501	5032	
DHL	-11150	-11150	15	7	6	9	35	31	26	0	19	14969092	1810	2357	1241	2216	9263	7013	7501	5032	
DHL	-11175	-11175	15	7	6	6	33	30	27	0	21	14960882	1810	2357	1241	2216	9263	7013	7501	5032	
DHL	-11200	-11200	15	7	6	6	34	30	28	0	21	14952775	1810	2357	1241	2216	9263	7013	7501	5032	
DHL	-11225	-11225	14	7	6	7	33	28	28	0	20	14944579	1810	2357	1241	2216	9263	7013	7501	5032	
DHL	-11250	-11250	14	6	6	7	33	25	31	0	21	14936433	1810	2357	1241	2216	9263	7013	7501	5032	
DHL	-11275	-11275	13	6	6	7	34	23	31	0	19	14928468	1810	2357	1241	2216	9263	7013	7501	5032	
DHL	-11300	-11300	14	4	6	7	36	21	31	0	21	14920583	1810	2357	1241	2216	9263	7013	7501	5032	
DHL	-11325	-11325	13	4	6	7	34	22	33	0	20	14911922	1810	2357	1241	2216	9263	7013	7501	5032	
DHL	-11350	-11350	14	3	5	6	33	22	34	0	20	14903906	1810	2357	1241	2216	9263	7013	7501	5032	
DHL	-11375	-11375	14	4	5	6	39	21	37	0	20	14896007	1810	2357	1241	2216	9263	7013	7501	5032	
DHL	-11400	-11400	13	4	5	4	39	23	34	0	22	14887965	1810	2357	1241	2216	9263	7013	7501	5032	
DHL	-11425	-11425	11	3	6	5	40	23	36	0	22	14879578	1810	2357	1241	2216	9263	7013	7501	5032	
DHL	-11450	-11450	13	3	6	5	41	20	40	0	22	14871500	1810	2357	1241	2216	9263	7013	7501	5032	
DHL	-11475	-11475	13	3	6	6	39	18	40	0	22	14863455	1810	2357	1241	2216	9263	7013	7501	5032	
DHL	-11500	-11500	12	5	7	6	41	20	41	0	22	14855484	1810	2357	1241	2216	9263	7013	7501	5032	
DHL	-11525	-11525	12	7	7	6	41	21	40	0	22	14847580	1810	2357	1241	2216	9263	7013	7501	5032	
DHL	-11550	-11550	11	11	7	7	41	18	42	0	22	14839664	1810	2357	1241	2216	9263	7013	7501	5032	
DHL	-11575	-11575	12	14	6	8	39	18	41	0	21	14831754	1810	2357	1241	2216	9263	7013	7501	5032	
DHL	-11600	-11600	12	15	6	8	37	21	43	0	21	14823554	1810	2357	1241	2216	9263	7013	7501	5032	
DHL	-11625	-11625	11	14	6	8	37	19	44	0	22	14815118	1810	2357	1241	2216	9263	7013	7501	5032	
DHL	-11650	-11650	11	14	6	7	35	20	42	0	21	14805855	1810	2357	1241	2216	9263	7013	7501	5032	
DHL	-11675	-11675	9	11	6	6	32	17	42	0	21	14797245	1810	2357	1241	2216	9263	7013	7501	5032	
DHL	-11700	-11700	9	10	5	6	34	17	40	0	20	14788797	1810	2357	1241	2216	9263	7013	7501	5032	
DHL	-11725	-11725	9	10	5	6	33	19	39	0	21	14780353	1810	2357	1241	2216	9263	7013	7501	5032	
DHL	-11750	-11750	9	10	5	5	32	22	39	0	19	14771878	1810	2357	1241	2216	9263	7013	7501	5032	
DHL	-11775	-11775	9	9	5	6	32	27	39	0	22	14763448	1810	2357	1241	2216	9263	7013	7501	5032	
DHL	-11800	-11800	9	10	4	8	31	26	35	0	23	14755007	1810	2357	1241	2216	9263	7013	7501	5032	
DHL	-11825	-11825	9	11	6	9	29	24	35	0	25	14747203	1810	2357	1241	2216	9263	7013	7501	5032	
DHL	-11850	-11850	9	12	5	12	35	27	38	0	20	14738671	1810	2357	1241	2216	9263	7013	7501	5032	
DHL	-11875	-11875	8	16	6	12	35	27	36	0	21	14730096	1810	2357	1241	2216	9263	7013	7501	5032	
DHL	-11900	-11900	6	17	5	13	35	27	35	0	21	14721395	1810	2357	1241	2216	9263	7013	7501	5032	
DHL	-11925	-11925	5	17	5	13	35	27	34	0	19	14712644	1810	2357	1241	2216	9263	7013	7501	5032	
DHL	-11950	-11950	3	18	4	14	37	27	35	0	20	14703909	1810	2357	1241	2216	9263	7013	7501	5032	
DHL	-11975	-11975	5	20	4	16	37	30	36	0	18	14695254	1810	2357	1241	2216	9263	7013	7501	5032	
DHL	-12000	-12000	6	20	5	16	38	31	34	0	16	14686789	1810	2357	1241	2216	9263	7013	7501	5032	
DHL	-12025	-12025	6	20	5	15	36	30	34	0	16	14678465	1810	2357	1241	2216	9263	7013	7501	5032	
DHL	-12050	-12050	8	20	5	14	38	31	35	0	15	14670201	1810	2357	1241	2216	9263	7013	7501	5032	
DHL	-12075	-12075	9	17	4	13	38	31	35	0	13	14661950	1810	2357	1241	2216	9263	7013	7501	5032	
DHL	-12100	-12100	10	19	6	13	40	32	36	0	11	14653746	1810	2357	1241	2216	9263	7013	7501	5032	
DHL	-12125	-12125	11	17	7	14	41	34	36	0	13	14645583	1810	2357	1241	2216	9263	7013	7501	5032	
DHL	-12150	-12150	11	20	9	14	41	33	37	0	15	14637542	1810	2357	1241	2216	9263	7013	7501	5032	
DHL	-12175	-12175	11	20	9	14	43	31	40	0	15	14629637	1810	2357	1241	2216	9263	7013	7501	5032	
DHL	-12200	-12200	12	18	9	14	42	32	42	0	16	14622054	1810	2357	1241	2216	9263	7013	7501	5032	
DHL	-12225	-12225	12	20	9	12	40	34	42	0	15	14614672	1810	2357	1241	2216	9263	7013	7501	5032	
DHL	-12250	-12250	11	21	8	11	36	36	44	0	15	14607344	1810	2357	1241	2216	9263	7013	7501	5032	
DHL	-12275	-12275	10	21	8	11	39	37	41	0	16	14599964	1810	2357	1241	2216	9263	7013	7501	5032	
DHL	-12300	-12300	11	21	9	9	37	36	40	0	17	14592749	1810	2357	1241	2216	9263	7013	7501	5032	
DHL	-12325	-12325	9	20	9	9	37	35	39	0	17	14585507	1810	2357	1241	2216	9263	7013	7501	5032	
DHL	-12350	-12350	8	22	9	8	38	34	37	0	17	14578434	1810	2357	1241	2216	9263	7013	7501	5032	
DHL	-12375	-12375	8	22	10	8	40	33	38	0	17	14571282	1810	2357	1241	2216	9263	7013	7501	5032	
DHL	-12400	-12400	8	21	10	9	44	33	40	0	18	14564153	1810	2357	1241	2216	9263	7013	7501	5032	
DHL	-12425	-12425	8	20	10	8	41	31	40	0	20	14556861	1810	2357	1241	2216	9263	7013	7501	5032	
DHL	-12450	-12450	9	21	9	9	38	29	42	0	22	14549449	1810	2357	1241	2216	9263	7013	7501	5032	
DHL	-12475	-12475	11	21	10	9	40	28	42	0	21	14542091	1810	2357	1241	2216	9263	7013	7501	5032	
DHL	-12500	-12500	9	20	9	9	41	28	42	0	20	14534775	1810	2357	1241	2216	9263	7013	7501	5032	
