DHL	0	0	39	63	8	27	73	56	53	0	28	19965058	1810	2357	1241	2216	9263	7013	7501	5032	
DHL	25	25	38	69	8	26	80	58	57	0	24	19964889	1810	2357	1241	2216	9263	7013	7501	5032	
DHL	50	50	40	74	10	28	84	59	60	0	25	19964383	1810	2357	1241	2216	9263	7013	7501	5032	
DHL	75	75	43	78	10	25	84	61	60	0	27	19963624	1810	2357	1241	2216	9263	7013	7501	5032	
DHL	100	100	45	82	11	27	82	66	59	0	28	19962619	1810	2357	1241	2216	9263	7013	7501	5032	
DHL	125	125	42	83	12	25	81	69	58	0	28	19961378	1810	2357	1241	2216	9263	7013	7501	5032	
DHL	150	150	44	85	11	23	85	67	59	0	28	19959763	1810	2357	1241	2216	9263	7013	7501	5032	
DHL	175	175	45	87	11	23	91	68	62	0	28	19957810	1810	2357	1241	2216	9263	7013	7501	5032	
DHL	200	200	44	85	11	28	92	69	63	0	28	19955394	1810	2357	1241	2216	9263	7013	7501	5032	
DHL	225	225	43	90	11	29	88	71	68	0	30	19952507	1810	2357	1241	2216	9263	7013	7501	5032	
DHL	250	250	48	88	11	32	88	75	69	0	28	19949004	1810	2357	1241	2216	9263	7013	7501	5032	
DHL	275	275	49	88	11	31	84	80	70	0	31	19944878	1810	2357	1241	2216	9263	7013	7501	5032	
DHL	300	300	50	88	12	34	83	78	68	0	34	19940073	1810	2357	1241	2216	9263	7013	7501	5032	
DHL	325	325	49	84	12	35	85	82	69	0	37	19934629	1810	2357	1241	2216	9263	7013	7501	5032	
DHL	350	350	46	84	10	35	79	81	71	0	35	19928306	1810	2357	1241	2216	9263	7013	7501	5032	
DHL	375	375	44	86	10	37	79	81	68	0	35	19921054	1810	2357	1241	2216	9263	7013	7501	5032	
DHL	400	400	44	83	11	37	83	81	63	0	34	19912714	1810	2357	1241	2216	9263	7013	7501	5032	
DHL	425	425	45	81	10	35	78	79	61	0	35	19903252	1810	2357	1241	2216	9263	7013	7501	5032	
DHL	450	450	44	81	9	32	72	78	64	0	35	19892934	1810	2357	1241	2216	9263	7013	7501	5032	
DHL	475	475	45	85	9	30	70	78	61	0	36	19882033	1810	2357	1241	2216	9263	7013	7501	5032	
DHL	500	500	47	88	8	29	67	78	53	0	32	19870317	1810	2357	1241	2216	9263	7013	7501	5032	
DHL	525	525	46	89	7	28	66	77	53	0	33	19857768	1810	2357	1241	2216	9263	7013	7501	5032	
DHL	550	550	47	86	5	25	64	78	57	0	33	19844394	1810	2357	1241	2216	9263	7013	7501	5032	
DHL	575	575	45	79	5	24	57	73	55	0	32	19830351	1810	2357	1241	2216	9263	7013	7501	5032	
DHL	600	600	47	75	5	25	54	75	59	0	33	19815693	1810	2357	1241	2216	9263	7013	7501	5032	
DHL	625	625	45	71	6	27	57	80	66	0	34	19800376	1810	2357	1241	2216	9263	7013	7501	5032	
DHL	650	650	43	71	7	26	59	75	66	0	31	19784456	1810	2357	1241	2216	9263	7013	7501	5032	
DHL	675	675	42	71	8	25	60	74	66	0	29	19767915	1810	2357	1241	2216	9263	7013	7501	5032	
DHL	700	700	39	73	8	23	62	70	69	0	27	19750783	1810	2357	1241	2216	9263	7013	7501	5032	
DHL	725	725	40	71	8	22	64	71	68	0	27	19733473	1810	2357	1241	2216	9263	7013	7501	5032	
DHL	750	750	40	70	7	23	60	72	70	0	27	19716271	1810	2357	1241	2216	9263	7013	7501	5032	
DHL	775	775	42	70	6	23	58	70	73	0	24	19699280	1810	2357	1241	2216	9263	7013	7501	5032	
DHL	800	800	38	67	7	20	57	71	71	0	24	19682292	1810	2357	1241	2216	9263	7013	7501	5032	
DHL	825	825	41	69	9	21	54	73	70	0	24	19664936	1810	2357	1241	2216	9263	7013	7501	5032	
DHL	850	850	40	70	9	17	54	71	71	0	23	19647383	1810	2357	1241	2216	9263	7013	7501	5032	
DHL	875	875	38	69	8	18	54	71	71	0	22	19629801	1810	2357	1241	2216	9263	7013	7501	5032	
DHL	900	900	36	66	8	17	49	69	71	0	21	19612339	1810	2357	1241	2216	9263	7013	7501	5032	
DHL	925	925	36	65	8	17	51	65	64	0	24	19594986	1810	2357	1241	2216	9263	7013	7501	5032	
DHL	950	950	39	68	9	17	48	69	63	0	24	19577811	1810	2357	1241	2216	9263	7013	7501	5032	
DHL	975	975	40	65	9	18	47	72	62	0	25	19560809	1810	2357	1241	2216	9263	7013	7501	5032	
DHL	1000	1000	39	60	8	14	49	71	59	0	23	19543752	1810	2357	1241	2216	9263	7013	7501	5032	
DHL	1025	1025	38	58	8	13	50	69	61	0	23	19526676	1810	2357	1241	2216	9263	7013	7501	5032	
DHL	1050	1050	37	59	10	15	49	61	62	0	23	19509468	1810	2357	1241	2216	9263	7013	7501	5032	
DHL	1075	1075	35	53	10	16	51	58	57	0	22	19492482	1810	2357	1241	2216	9263	7013	7501	5032	
DHL	1100	1100	32	57	10	18	47	56	60	0	24	19475498	1810	2357	1241	2216	9263	7013	7501	5032	
DHL	1125	1125	31	61	9	19	50	53	54	0	25	19458709	1810	2357	1241	2216	9263	7013	7501	5032	
DHL	1150	1150	29	60	10	19	53	52	52	0	23	19441997	1810	2357	1241	2216	9263	7013	7501	5032	
DHL	1175	1175	30	62	9	18	52	47	54	0	21	19425059	1810	2357	1241	2216	9263	7013	7501	5032	
DHL	1200	1200	28	63	9	17	52	44	52	0	23	19407965	1810	2357	1241	2216	9263	7013	7501	5032	
DHL	1225	1225	28	62	9	16	49	42	54	0	20	19391154	1810	2357	1241	2216	9263	7013	7501	5032	
DHL	1250	1250	26	60	9	18	49	43	53	0	20	19374504	1810	2357	1241	2216	9263	7013	7501	5032	
DHL	1275	1275	25	61	9	18	51	46	53	0	22	19357959	1810	2357	1241	2216	9263	7013	7501	5032	
DHL	1300	1300	20	59	10	20	53	49	54	0	24	19341399	1810	2357	1241	2216	9263	7013	7501	5032	
DHL	1325	1325	19	58	10	19	53	50	54	0	23	19324626	1810	2357	1241	2216	9263	7013	7501	5032	
DHL	1350	1350	19	53	10	20	53	48	54	0	24	19307769	1810	2357	1241	2216	9263	7013	7501	5032	
DHL	1375	1375	19	55	9	21	53	48	57	0	20	19291398	1810	2357	1241	2216	9263	7013	7501	5032	
DHL	1400	1400	17	54	8	19	51	47	58	0	23	19275102	1810	2357	1241	2216	9263	7013	7501	5032	
DHL	1425	1425	16	54	8	20	55	49	57	0	23	19258931	1810	2357	1241	2216	9263	7013	7501	5032	
DHL	1450	1450	18	54	7	17	54	47	57	0	24	19242809	1810	2357	1241	2216	9263	7013	7501	5032	
DHL	1475	1475	20	55	7	17	52	48	56	0	24	19226624	1810	2357	1241	2216	9263	7013	7501	5032	
DHL	1500	1500	20	54	6	18	54	50	54	0	23	19210740	1810	2357	1241	2216	9263	7013	7501	5032	
DHL	1525	1525	20	57	6	18	58	49	52	0	24	19194909	1810	2357	1241	2216	9263	7013	7501	5032	
DHL	1550	1550	19	60	6	18	57	52	57	0	24	19179234	1810	2357	1241	2216	9263	7013	7501	5032	
DHL	1575	1575	20	59	7	18	55	49	56	0	24	19163472	1810	2357	1241	2216	9263	7013	7501	5032	
DHL	1600	1600	19	60	10	15	50	49	61	0	25	19147662	1810	2357	1241	2216	9263	7013	7501	5032	
DHL	1625	1625	17	58	11	15	50	51	60	0	28	19132033	1810	2357	1241	2216	9263	7013	7501	5032	
DHL	1650	1650	19	56	9	16	50	52	60	0	28	19116598	1810	2357	1241	2216	9263	7013	7501	5032	
DHL	1675	1675	19	53	9	16	49	53	61	0	27	19101152	1810	2357	1241	2216	9263	7013	7501	5032	
DHL	1700	1700	22	51	9	17	52	56	57	0	27	19085795	1810	2357	1241	2216	9263	7013	7501	5032	
DHL	1725	1725	21	47	8	17	53	56	59	0	27	19070466	1810	2357	1241	2216	9263	7013	7501	5032	
DHL	1750	1750	17	47	8	16	50	56	61	0	26	19055083	1810	2357	1241	2216	9263	7013	7501	5032	
DHL	1775	1775	14	46	7	15	49	59	60	0	24	19039738	1810	2357	1241	2216	9263	7013	7501	5032	
DHL	1800	1800	15	45	8	14	45	63	58	0	24	19024452	1810	2357	1241	2216	9263	7013	7501	5032	
DHL	1825	1825	16	44	8	14	47	64	58	0	25	19009299	1810	2357	1241	2216	9263	7013	7501	5032	
DHL	1850	1850	16	46	8	14	47	66	58	0	25	18994082	1810	2357	1241	2216	9263	7013	7501	5032	
DHL	1875	1875	17	44	9	14	47	70	59	0	26	18978964	1810	2357	1241	2216	9263	7013	7501	5032	
DHL	1900	1900	16	44	10	14	47	71	58	0	27	18963879	1810	2357	1241	2216	9263	7013	7501	5032	
DHL	1925	1925	17	44	10	13	49	72	58	0	28	18948753	1810	2357	1241	2216	9263	7013	7501	5032	
DHL	1950	1950	17	42	9	12	50	69	59	0	27	18933782	1810	2357	1241	2216	9263	7013	7501	5032	
DHL	1975	1975	17	40	11	12	50	68	61	0	31	18918774	1810	2357	1241	2216	9263	7013	7501	5032	
DHL	2000	2000	16	38	10	13	49	68	61	0	30	18903424	1810	2357	1241	2216	9263	7013	7501	5032	
DHL	2025	2025	14	40	10	14	50	67	59	0	30	18888226	1810	2357	1241	2216	9263	7013	7501	5032	
DHL	2050	2050	17	40	13	11	48	67	54	0	32	18873106	1810	2357	1241	2216	9263	7013	7501	5032	
DHL	2075	2075	20	42	13	11	47	66	51	0	34	18857952	1810	2357	1241	2216	9263	7013	7501	5032	
DHL	2100	2100	21	42	12	11	47	69	48	0	30	18842998	1810	2357	1241	2216	9263	7013	7501	5032	
DHL	2125	2125	21	44	12	11	53	66	49	0	30	18828117	1810	2357	1241	2216	9263	7013	7501	5032	
DHL	2150	2150	20	44	11	12	56	69	46	0	30	18813193	1810	2357	1241	2216	9263	7013	7501	5032	
DHL	2175	2175	22	45	11	13	54	66	41	0	29	18798233	1810	2357	1241	2216	9263	7013	7501	5032	
DHL	2200	2200	22	49	11	15	57	64	42	0	27	18783295	1810	2357	1241	2216	9263	7013	7501	5032	
DHL	2225	2225	22	48	11	16	56	60	41	0	30	18768405	1810	2357	1241	2216	9263	7013	7501	5032	
DHL	2250	2250	21	50	14	15	56	58	39	0	28	18753447	1810	2357	1241	2216	9263	7013	7501	5032	
DHL	2275	2275	21	49	13	16	54	56	35	0	27	18738692	1810	2357	1241	2216	9263	7013	7501	5032	
DHL	2300	2300	21	49	13	18	55	52	34	0	26	18724249	1810	2357	1241	2216	9263	7013	7501	5032	
DHL	2325	2325	22	48	11	19	55	53	34	0	27	18709990	1810	2357	1241	2216	9263	7013	7501	5032	
DHL	2350	2350	24	45	11	18	57	51	36	0	26	18695813	1810	2357	1241	2216	9263	7013	7501	5032	
DHL	2375	2375	25	43	12	19	55	48	36	0	24	18681806	1810	2357	1241	2216	9263	7013	7501	5032	
DHL	2400	2400	25	42	14	21	51	43	35	0	22	18667648	1810	2357	1241	2216	9263	7013	7501	5032	
DHL	2425	2425	25	42	12	18	56	44	37	0	23	18653456	1810	2357	1241	2216	9263	7013	7501	5032	
DHL	2450	2450	23	48	12	21	59	47	35	0	22	18639573	1810	2357	1241	2216	9263	7013	7501	5032	
DHL	2475	2475	22	46	11	24	61	48	41	0	21	18625965	1810	2357	1241	2216	9263	7013	7501	5032	
DHL	2500	2500	25	41	11	23	65	49	44	0	21	18612638	1810	2357	1241	2216	9263	7013	7501	5032	
DHL	2525	2525	26	42	12	22	65	50	44	0	19	18599237	1810	2357	1241	2216	9263	7013	7501	5032	
DHL	2550	2550	25	43	13	21	64	49	45	0	16	18585649	1810	2357	1241	2216	9263	7013	7501	5032	
DHL	2575	2575	25	40	12	18	63	49	45	0	16	18571967	1810	2357	1241	2216	9263	7013	7501	5032	
DHL	2600	2600	27	39	11	18	64	48	48	0	18	18558186	1810	2357	1241	2216	9263	7013	7501	5032	
DHL	2625	2625	27	38	10	17	59	50	48	0	19	18544288	1810	2357	1241	2216	9263	7013	7501	5032	
DHL	2650	2650	26	37	11	17	59	50	46	0	21	18530516	1810	2357	1241	2216	9263	7013	7501	5032	
DHL	2675	2675	26	38	11	16	56	52	44	0	22	18516914	1810	2357	1241	2216	9263	7013	7501	5032	
DHL	2700	2700	27	37	10	14	55	54	43	0	21	18503139	1810	2357	1241	2216	9263	7013	7501	5032	
DHL	2725	2725	29	38	11	15	54	54	42	0	22	18489134	1810	2357	1241	2216	9263	7013	7501	5032	
DHL	2750	2750	27	36	11	14	51	55	45	0	24	18475159	1810	2357	1241	2216	9263	7013	7501	5032	
DHL	2775	2775	24	34	11	16	52	54	46	0	25	18461242	1810	2357	1241	2216	9263	7013	7501	5032	
DHL	2800	2800	24	30	11	17	51	54	47	0	25	18447423	1810	2357	1241	2216	9263	7013	7501	5032	
DHL	2825	2825	23	28	12	16	50	55	46	0	25	18433834	1810	2357	1241	2216	9263	7013	7501	5032	
DHL	2850	2850	25	27	11	17	48	57	46	0	25	18420527	1810	2357	1241	2216	9263	7013	7501	5032	
DHL	2875	2875	26	23	9	16	49	56	46	0	25	18407470	1810	2357	1241	2216	9263	7013	7501	5032	
DHL	2900	2900	25	27	10	15	47	55	43	0	25	18394651	1810	2357	1241	2216	9263	7013	7501	5032	
DHL	2925	2925	24	26	11	16	48	54	43	0	23	18381738	1810	2357	1241	2216	9263	7013	7501	5032	
DHL	2950	2950	22	26	12	19	49	54	42	0	23	18368899	1810	2357	1241	2216	9263	7013	7501	5032	
DHL	2975	2975	23	25	11	20	48	51	46	0	21	18356286	1810	2357	1241	2216	9263	7013	7501	5032	
DHL	3000	3000	22	25	11	22	46	50	48	0	22	18343474	1810	2357	1241	2216	9263	7013	7501	5032	
DHL	3025	3025	23	25	10	23	50	47	47	0	19	18330674	1810	2357	1241	2216	9263	7013	7501	5032	
DHL	3050	3050	23	27	9	24	48	44	45	0	22	18317887	1810	2357	1241	2216	9263	7013	7501	5032	
DHL	3075	3075	21	26	11	24	45	46	43	0	21	18305077	1810	2357	1241	2216	9263	7013	7501	5032	
DHL	3100	3100	21	26	11	25	49	46	42	0	23	18292203	1810	2357	1241	2216	9263	7013	7501	5032	
DHL	3125	3125	21	27	11	22	44	44	42	0	27	18279631	1810	2357	1241	2216	9263	7013	7501	5032	
DHL	3150	3150	20	26	10	24	42	43	42	0	25	18267012	1810	2357	1241	2216	9263	7013	7501	5032	
DHL	3175	3175	18	27	10	22	47	47	44	0	26	18254092	1810	2357	1241	2216	9263	7013	7501	5032	
DHL	3200	3200	17	25	8	21	47	46	47	0	24	18241203	1810	2357	1241	2216	9263	7013	7501	5032	
DHL	3225	3225	18	23	8	20	46	44	44	0	23	18228502	1810	2357	1241	2216	9263	7013	7501	5032	
DHL	3250	3250	18	22	8	20	47	40	45	0	25	18215756	1810	2357	1241	2216	9263	7013	7501	5032	
DHL	3275	3275	16	22	8	17	51	37	43	0	25	18202800	1810	2357	1241	2216	9263	7013	7501	5032	
DHL	3300	3300	16	23	8	18	49	38	48	0	26	18190079	1810	2357	1241	2216	9263	7013	7501	5032	
DHL	3325	3325	13	23	8	19	47	41	47	0	26	18177338	1810	2357	1241	2216	9263	7013	7501	5032	
DHL	3350	3350	14	23	7	19	48	41	45	0	24	18164499	1810	2357	1241	2216	9263	7013	7501	5032	
DHL	3375	3375	12	26	7	16	48	41	44	0	25	18151580	1810	2357	1241	2216	9263	7013	7501	5032	
DHL	3400	3400	13	28	5	17	47	44	43	0	24	18138593	1810	2357	1241	2216	9263	7013	7501	5032	
DHL	3425	3425	10	29	6	18	51	46	43	0	26	18125469	1810	2357	1241	2216	9263	7013	7501	5032	
DHL	3450	3450	11	27	6	15	49	46	41	0	23	18112334	1810	2357	1241	2216	9263	7013	7501	5032	
DHL	3475	3475	12	27	5	16	48	44	43	0	23	18099342	1810	2357	1241	2216	9263	7013	7501	5032	
DHL	3500	3500	14	27	5	16	46	47	43	0	22	18086224	1810	2357	1241	2216	9263	7013	7501	5032	
DHL	3525	3525	14	26	4	16	44	51	40	0	24	18072863	1810	2357	1241	2216	9263	7013	7501	5032	
DHL	3550	3550	16	26	4	14	43	47	41	0	23	18059620	1810	2357	1241	2216	9263	7013	7501	5032	
DHL	3575	3575	16	23	3	16	43	47	41	0	21	18046394	1810	2357	1241	2216	9263	7013	7501	5032	
DHL	3600	3600	15	25	3	16	46	51	39	0	21	18033047	1810	2357	1241	2216	9263	7013	7501	5032	
DHL	3625	3625	16	24	4	15	47	47	40	0	22	18019893	1810	2357	1241	2216	9263	7013	7501	5032	
DHL	3650	3650	16	23	4	15	45	49	42	0	23	18006942	1810	2357	1241	2216	9263	7013	7501	5032	
DHL	3675	3675	15	22	3	14	45	54	40	0	22	17994088	1810	2357	1241	2216	9263	7013	7501	5032	
DHL	3700	3700	14	21	3	15	42	53	39	0	21	17981208	1810	2357	1241	2216	9263	7013	7501	5032	
DHL	3725	3725	13	22	2	13	42	53	41	0	16	17968521	1810	2357	1241	2216	9263	7013	7501	5032	
DHL	3750	3750	15	22	4	13	42	56	40	0	17	17955926	1810	2357	1241	2216	9263	7013	7501	5032	
DHL	3775	3775	13	22	4	12	43	54	38	0	17	17943304	1810	2357	1241	2216	9263	7013	7501	5032	
DHL	3800	3800	13	23	4	12	41	52	37	0	20	17930614	1810	2357	1241	2216	9263	7013	7501	5032	
DHL	3825	3825	13	24	5	10	41	49	34	0	21	17917775	1810	2357	1241	2216	9263	7013	7501	5032	
DHL	3850	3850	14	27	5	10	38	46	35	0	21	17904885	1810	2357	1241	2216	9263	7013	7501	5032	
DHL	3875	3875	14	29	7	13	39	45	33	0	21	17892040	1810	2357	1241	2216	9263	7013	7501	5032	
DHL	3900	3900	15	28	7	14	36	45	32	0	22	17879312	1810	2357	1241	2216	9263	7013	7501	5032	
DHL	3925	3925	14	30	6	10	37	48	31	0	22	17866569	1810	2357	1241	2216	9263	7013	7501	5032	
DHL	3950	3950	14	32	8	12	36	52	33	0	25	17853988	1810	2357	1241	2216	9263	7013	7501	5032	
DHL	3975	3975	14	33	9	12	37	50	34	0	25	17841539	1810	2357	1241	2216	9263	7013	7501	5032	
DHL	4000	4000	12	31	9	11	38	49	31	0	28	17829184	1810	2357	1241	2216	9263	7013	7501	5032	
DHL	4025	4025	12	29	9	10	38	54	28	0	30	17816640	1810	2357	1241	2216	9263	7013	7501	5032	
DHL	4050	4050	12	28	7	10	38	54	27	0	31	17804050	1810	2357	1241	2216	9263	7013	7501	5032	
DHL	4075	4075	12	30	7	12	41	51	28	0	31	17791411	1810	2357	1241	2216	9263	7013	7501	5032	
DHL	4100	4100	13	30	7	13	41	47	26	0	29	17778712	1810	2357	1241	2216	9263	7013	7501	5032	
DHL	4125	4125	14	32	7	13	43	46	27	0	28	17766133	1810	2357	1241	2216	9263	7013	7501	5032	
DHL	4150	4150	12	29	7	11	43	46	28	0	28	17753860	1810	2357	1241	2216	9263	7013	7501	5032	
DHL	4175	4175	11	28	7	12	43	44	25	0	28	17741585	1810	2357	1241	2216	9263	7013	7501	5032	
DHL	4200	4200	11	27	7	12	42	45	28	0	27	17729065	1810	2357	1241	2216	9263	7013	7501	5032	
DHL	4225	4225	13	27	7	10	41	42	29	0	26	17716558	1810	2357	1241	2216	9263	7013	7501	5032	
DHL	4250	4250	13	26	8	12	43	39	32	0	25	17704060	1810	2357	1241	2216	9263	7013	7501	5032	
DHL	4275	4275	14	25	8	11	40	39	35	0	27	17691734	1810	2357	1241	2216	9263	7013	7501	5032	
DHL	4300	4300	14	24	8	11	41	35	37	0	29	17679518	1810	2357	1241	2216	9263	7013	7501	5032	
DHL	4325	4325	14	24	8	12	43	34	36	0	28	17667271	1810	2357	1241	2216	9263	7013	7501	5032	
DHL	4350	4350	14	24	8	15	44	30	34	0	27	17655037	1810	2357	1241	2216	9263	7013	7501	5032	
DHL	4375	4375	13	27	8	15	47	32	35	0	26	17643044	1810	2357	1241	2216	9263	7013	7501	5032	
DHL	4400	4400	12	26	8	14	46	33	32	0	25	17631015	1810	2357	1241	2216	9263	7013	7501	5032	
DHL	4425	4425	12	26	8	14	47	35	32	0	23	17618842	1810	2357	1241	2216	9263	7013	7501	5032	
DHL	4450	4450	10	27	6	13	43	34	34	0	23	17606739	1810	2357	1241	2216	9263	7013	7501	5032	
DHL	4475	4475	11	25	6	13	46	32	34	0	24	17594784	1810	2357	1241	2216	9263	7013	7501	5032	
DHL	4500	4500	12	27	7	13	45	35	36	0	20	17582914	1810	2357	1241	2216	9263	7013	7501	5032	
DHL	4525	4525	13	23	7	14	41	38	34	0	20	17571154	1810	2357	1241	2216	9263	7013	7501	5032	
DHL	4550	4550	13	23	8	14	41	44	33	0	19	17559578	1810	2357	1241	2216	9263	7013	7501	5032	
DHL	4575	4575	14	22	8	13	37	45	33	0	19	17548099	1810	2357	1241	2216	9263	7013	7501	5032	
DHL	4600	4600	12	22	9	12	38	46	35	0	18	17536605	1810	2357	1241	2216	9263	7013	7501	5032	
DHL	4625	4625	12	21	9	12	38	48	34	0	17	17525050	1810	2357	1241	2216	9263	7013	7501	5032	
DHL	4650	4650	10	23	9	10	38	49	33	0	17	17513560	1810	2357	1241	2216	9263	7013	7501	5032	
DHL	4675	4675	10	21	8	10	38	51	30	0	16	17502045	1810	2357	1241	2216	9263	7013	7501	5032	
DHL	4700	4700	10	20	9	10	38	49	31	0	14	17490728	1810	2357	1241	2216	9263	7013	7501	5032	
DHL	4725	4725	11	21	8	10	36	49	32	0	13	17479403	1810	2357	1241	2216	9263	7013	7501	5032	
DHL	4750	4750	11	18	8	10	35	53	30	0	13	17468054	1810	2357	1241	2216	9263	7013	7501	5032	
DHL	4775	4775	12	17	9	9	40	52	26	0	13	17457065	1810	2357	1241	2216	9263	7013	7501	5032	
DHL	4800	4800	12	18	9	11	39	52	26	0	13	17446202	1810	2357	1241	2216	9263	7013	7501	5032	
DHL	4825	4825	12	16	9	13	37	55	29	0	14	17435322	1810	2357	1241	2216	9263	7013	7501	5032	
DHL	4850	4850	13	17	12	13	38	53	30	0	13	17424398	1810	2357	1241	2216	9263	7013	7501	5032	
DHL	4875	4875	15	17	11	12	36	55	30	0	12	17413529	1810	2357	1241	2216	9263	7013	7501	5032	
DHL	4900	4900	15	19	11	10	36	56	31	0	11	17402665	1810	2357	1241	2216	9263	7013	7501	5032	
DHL	4925	4925	14	20	10	11	34	57	30	0	12	17391727	1810	2357	1241	2216	9263	7013	7501	5032	
DHL	4950	4950	12	20	11	10	34	57	30	0	11	17380838	1810	2357	1241	2216	9263	7013	7501	5032	
DHL	4975	4975	12	22	11	9	34	57	33	0	10	17369943	1810	2357	1241	2216	9263	7013	7501	5032	
DHL	5000	5000	11	22	11	10	36	53	36	0	11	17358965	1810	2357	1241	2216	9263	7013	7501	5032	
DHL	5025	5025	14	24	11	9	34	52	39	0	12	17348011	1810	2357	1241	2216	9263	7013	7501	5032	
DHL	5050	5050	14	24	10	9	34	50	47	0	13	17337105	1810	2357	1241	2216	9263	7013	7501	5032	
DHL	5075	5075	13	25	9	9	36	49	50	0	17	17326233	1810	2357	1241	2216	9263	7013	7501	5032	
DHL	5100	5100	13	26	9	12	36	46	49	0	19	17315440	1810	2357	1241	2216	9263	7013	7501	5032	
DHL	5125	5125	13	25	8	13	40	45	48	0	18	17304543	1810	2357	1241	2216	9263	7013	7501	5032	
DHL	5150	5150	13	27	8	13	42	41	52	0	19	17293517	1810	2357	1241	2216	9263	7013	7501	5032	
DHL	5175	5175	15	29	7	15	41	42	49	0	21	17282626	1810	2357	1241	2216	9263	7013	7501	5032	
DHL	5200	5200	15	30	6	15	44	42	50	0	21	17271786	1810	2357	1241	2216	9263	7013	7501	5032	
DHL	5225	5225	15	30	6	16	43	39	50	0	23	17260810	1810	2357	1241	2216	9263	7013	7501	5032	
DHL	5250	5250	15	28	7	17	44	40	52	0	24	17249680	1810	2357	1241	2216	9263	7013	7501	5032	
DHL	5275	5275	13	28	7	20	43	38	50	0	24	17238411	1810	2357	1241	2216	9263	7013	7501	5032	
DHL	5300	5300	13	26	8	18	43	41	52	0	24	17227169	1810	2357	1241	2216	9263	7013	7501	5032	
DHL	5325	5325	13	28	7	19	41	38	51	0	26	17216010	1810	2357	1241	2216	9263	7013	7501	5032	
DHL	5350	5350	13	26	7	19	39	36	52	0	28	17204681	1810	2357	1241	2216	9263	7013	7501	5032	
DHL	5375	5375	13	25	8	16	40	39	49	0	26	17193614	1810	2357	1241	2216	9263	7013	7501	5032	
DHL	5400	5400	13	26	8	17	40	37	45	0	25	17182646	1810	2357	1241	2216	9263	7013	7501	5032	
DHL	5425	5425	12	23	7	15	40	35	41	0	25	17171567	1810	2357	1241	2216	9263	7013	7501	5032	
DHL	5450	5450	12	21	7	15	41	33	41	0	25	17160405	1810	2357	1241	2216	9263	7013	7501	5032	
DHL	5475	5475	12	17	7	16	39	35	44	0	24	17149373	1810	2357	1241	2216	9263	7013	7501	5032	
DHL	5500	5500	12	17	7	18	41	35	44	0	25	17138499	1810	2357	1241	2216	9263	7013	7501	5032	
DHL	5525	5525	13	15	5	17	43	35	48	0	24	17127637	1810	2357	1241	2216	9263	7013	7501	5032	
DHL	5550	5550	12	13	5	18	42	32	43	0	23	17116898	1810	2357	1241	2216	9263	7013	7501	5032	
DHL	5575	5575	11	13	6	18	43	31	41	0	24	17106314	1810	2357	1241	2216	9263	7013	7501	5032	
DHL	5600	5600	10	15	5	18	47	31	39	0	23	17095720	1810	2357	1241	2216	9263	7013	7501	5032	
DHL	5625	5625	11	16	5	19	46	30	38	0	23	17085166	1810	2357	1241	2216	9263	7013	7501	5032	
DHL	5650	5650	12	17	5	18	47	29	38	0	22	17074471	1810	2357	1241	2216	9263	7013	7501	5032	
DHL	5675	5675	9	16	5	16	45	30	35	0	21	17063662	1810	2357	1241	2216	9263	7013	7501	5032	
DHL	5700	5700	9	15	5	16	45	33	32	0	19	17052843	1810	2357	1241	2216	9263	7013	7501	5032	
DHL	5725	5725	9	14	6	15	46	33	33	0	19	17042202	1810	2357	1241	2216	9263	7013	7501	5032	
DHL	5750	5750	8	13	7	15	43	36	32	0	19	17031491	1810	2357	1241	2216	9263	7013	7501	5032	
DHL	5775	5775	8	13	6	14	40	39	31	0	19	17020954	1810	2357	1241	2216	9263	7013	7501	5032	
DHL	5800	5800	4	13	7	13	40	43	31	0	22	17010552	1810	2357	1241	2216	9263	7013	7501	5032	
DHL	5825	5825	4	10	7	14	39	44	31	0	23	17000343	1810	2357	1241	2216	9263	7013	7501	5032	
DHL	5850	5850	5	11	7	13	41	42	31	0	23	16990088	1810	2357	1241	2216	9263	7013	7501	5032	
DHL	5875	5875	8	15	7	13	41	43	31	0	22	16979728	1810	2357	1241	2216	9263	7013	7501	5032	
DHL	5900	5900	8	16	8	12	40	43	31	0	21	16969524	1810	2357	1241	2216	9263	7013	7501	5032	
DHL	5925	5925	8	15	9	13	43	42	31	0	19	16959355	1810	2357	1241	2216	9263	7013	7501	5032	
DHL	5950	5950	8	13	8	14	45	43	31	0	20	16949071	1810	2357	1241	2216	9263	7013	7501	5032	
DHL	5975	5975	8	13	8	14	45	45	33	0	19	16938916	1810	2357	1241	2216	9263	7013	7501	5032	
DHL	6000	6000	9	13	9	16	45	48	35	0	20	16928526	1810	2357	1241	2216	9263	7013	7501	5032	
DHL	6025	6025	9	13	8	15	42	48	36	0	19	16918113	1810	2357	1241	2216	9263	7013	7501	5032	
DHL	6050	6050	12	14	6	13	40	46	35	0	19	16907563	1810	2357	1241	2216	9263	7013	7501	5032	
DHL	6075	6075	12	15	6	12	39	41	36	0	18	16897006	1810	2357	1241	2216	9263	7013	7501	5032	
DHL	6100	6100	15	13	6	12	41	41	37	0	18	16886487	1810	2357	1241	2216	9263	7013	7501	5032	
DHL	6125	6125	15	12	6	13	37	41	39	0	18	16875735	1810	2357	1241	2216	9263	7013	7501	5032	
DHL	6150	6150	14	14	6	14	34	42	41	0	17	16864859	1810	2357	1241	2216	9263	7013	7501	5032	
DHL	6175	6175	17	15	6	15	37	44	43	0	17	16854162	1810	2357	1241	2216	9263	7013	7501	5032	
DHL	6200	6200	17	13	6	14	36	45	41	0	17	16843518	1810	2357	1241	2216	9263	7013	7501	5032	
DHL	6225	6225	17	15	6	13	34	46	42	0	17	16832912	1810	2357	1241	2216	9263	7013	7501	5032	
DHL	6250	6250	18	16	9	13	38	43	44	0	16	16822422	1810	2357	1241	2216	9263	7013	7501	5032	
DHL	6275	6275	17	18	9	13	35	40	43	0	14	16811698	1810	2357	1241	2216	9263	7013	7501	5032	
DHL	6300	6300	16	18	6	12	36	38	46	0	16	16801041	1810	2357	1241	2216	9263	7013	7501	5032	
DHL	6325	6325	14	20	6	12	37	40	44	0	16	16790514	1810	2357	1241	2216	9263	7013	7501	5032	
DHL	6350	6350	15	21	6	11	37	39	42	0	15	16779848	1810	2357	1241	2216	9263	7013	7501	5032	
DHL	6375	6375	14	21	6	10	39	39	41	0	17	16769157	1810	2357	1241	2216	9263	7013	7501	5032	
DHL	6400	6400	14	20	6	11	41	41	37	0	16	16758575	1810	2357	1241	2216	9263	7013	7501	5032	
DHL	6425	6425	15	21	5	11	40	41	39	0	15	16748039	1810	2357	1241	2216	9263	7013	7501	5032	
DHL	6450	6450	15	23	4	9	39	40	39	0	13	16737363	1810	2357	1241	2216	9263	7013	7501	5032	
DHL	6475	6475	15	23	4	9	36	38	37	0	13	16726793	1810	2357	1241	2216	9263	7013	7501	5032	
DHL	6500	6500	15	22	4	9	35	37	37	0	12	16716185	1810	2357	1241	2216	9263	7013	7501	5032	
DHL	6525	6525	15	20	4	9	37	37	40	0	13	16705599	1810	2357	1241	2216	9263	7013	7501	5032	
DHL	6550	6550	16	20	4	8	36	38	41	0	14	16695282	1810	2357	1241	2216	9263	7013	7501	5032	
DHL	6575	6575	16	19	4	8	37	40	39	0	13	16685185	1810	2357	1241	2216	9263	7013	7501	5032	
DHL	6600	6600	17	17	5	10	38	42	36	0	16	16674971	1810	2357	1241	2216	9263	7013	7501	5032	
DHL	6625	6625	16	16	5	11	39	39	37	0	18	16664441	1810	2357	1241	2216	9263	7013	7501	5032	
DHL	6650	6650	15	16	5	11	41	38	35	0	22	16653691	1810	2357	1241	2216	9263	7013	7501	5032	
DHL	6675	6675	16	14	7	13	42	41	39	0	21	16643028	1810	2357	1241	2216	9263	7013	7501	5032	
DHL	6700	6700	16	13	6	13	43	37	35	0	21	16632274	1810	2357	1241	2216	9263	7013	7501	5032	
DHL	6725	6725	16	11	5	11	44	35	36	0	20	16621589	1810	2357	1241	2216	9263	7013	7501	5032	
DHL	6750	6750	15	12	6	10	46	35	34	0	22	16610986	1810	2357	1241	2216	9263	7013	7501	5032	
DHL	6775	6775	17	13	6	11	47	37	35	0	22	16600268	1810	2357	1241	2216	9263	7013	7501	5032	
DHL	6800	6800	18	14	6	11	51	39	34	0	23	16589507	1810	2357	1241	2216	9263	7013	7501	5032	
DHL	6825	6825	21	14	6	12	52	37	30	0	24	16578883	1810	2357	1241	2216	9263	7013	7501	5032	
DHL	6850	6850	23	13	6	12	54	36	30	0	23	16568327	1810	2357	1241	2216	9263	7013	7501	5032	
DHL	6875	6875	23	12	6	13	52	31	29	0	23	16557777	1810	2357	1241	2216	9263	7013	7501	5032	
DHL	6900	6900	23	13	6	12	54	29	29	0	22	16547150	1810	2357	1241	2216	9263	7013	7501	5032	
DHL	6925	6925	22	13	6	10	55	26	32	0	22	16536661	1810	2357	1241	2216	9263	7013	7501	5032	
DHL	6950	6950	23	14	6	9	53	25	30	0	26	16526167	1810	2357	1241	2216	9263	7013	7501	5032	
DHL	6975	6975	22	16	6	10	54	25	27	0	24	16515726	1810	2357	1241	2216	9263	7013	7501	5032	
DHL	7000	7000	20	14	5	10	53	25	27	0	22	16505312	1810	2357	1241	2216	9263	7013	7501	5032	
DHL	7025	7025	22	14	6	11	51	26	28	0	22	16494703	1810	2357	1241	2216	9263	7013	7501	5032	
DHL	7050	7050	22	14	6	12	54	26	26	0	21	16484155	1810	2357	1241	2216	9263	7013	7501	5032	
DHL	7075	7075	22	15	5	14	57	28	26	0	20	16473890	1810	2357	1241	2216	9263	7013	7501	5032	
DHL	7100	7100	20	17	6	14	58	28	27	0	17	16463727	1810	2357	1241	2216	9263	7013	7501	5032	
DHL	7125	7125	19	18	7	13	54	28	28	0	17	16453637	1810	2357	1241	2216	9263	7013	7501	5032	
DHL	7150	7150	19	18	8	13	51	32	28	0	14	16443654	1810	2357	1241	2216	9263	7013	7501	5032	
DHL	7175	7175	20	17	9	13	49	32	31	0	14	16433712	1810	2357	1241	2216	9263	7013	7501	5032	
DHL	7200	7200	20	16	9	14	48	32	33	0	13	16423885	1810	2357	1241	2216	9263	7013	7501	5032	
DHL	7225	7225	19	15	8	14	49	31	30	0	13	16413986	1810	2357	1241	2216	9263	7013	7501	5032	
DHL	7250	7250	19	14	8	15	45	29	28	0	14	16403908	1810	2357	1241	2216	9263	7013	7501	5032	
DHL	7275	7275	18	15	8	15	44	31	28	0	13	16393996	1810	2357	1241	2216	9263	7013	7501	5032	
DHL	7300	7300	17	16	8	16	44	32	31	0	12	16383952	1810	2357	1241	2216	9263	7013	7501	5032	
DHL	7325	7325	16	16	9	14	43	34	31	0	11	16373924	1810	2357	1241	2216	9263	7013	7501	5032	
DHL	7350	7350	17	17	9	13	46	33	34	0	13	16363964	1810	2357	1241	2216	9263	7013	7501	5032	
DHL	7375	7375	15	15	9	14	48	32	31	0	14	16354165	1810	2357	1241	2216	9263	7013	7501	5032	
DHL	7400	7400	12	16	9	14	48	31	32	0	13	16344198	1810	2357	1241	2216	9263	7013	7501	5032	
DHL	7425	7425	10	18	9	14	49	32	32	0	16	16334218	1810	2357	1241	2216	9263	7013	7501	5032	
DHL	7450	7450	11	19	8	14	50	31	28	0	16	16324345	1810	2357	1241	2216	9263	7013	7501	5032	
DHL	7475	7475	11	19	6	13	50	32	30	0	14	16314540	1810	2357	1241	2216	9263	7013	7501	5032	
DHL	7500	7500	10	17	6	14	52	30	30	0	15	16304953	1810	2357	1241	2216	9263	7013	7501	5032	
DHL	7525	7525	10	18	7	14	51	32	30	0	15	16295553	1810	2357	1241	2216	9263	7013	7501	5032	
DHL	7550	7550	10	16	6	15	54	32	27	0	15	16286335	1810	2357	1241	2216	9263	7013	7501	5032	
DHL	7575	7575	9	19	5	15	54	28	26	0	16	16277160	1810	2357	1241	2216	9263	7013	7501	5032	
DHL	7600	7600	7	19	6	14	53	30	26	0	15	16267756	1810	2357	1241	2216	9263	7013	7501	5032	
DHL	7625	7625	6	21	6	15	52	29	27	0	15	16258301	1810	2357	1241	2216	9263	7013	7501	5032	
DHL	7650	7650	6	21	6	17	49	30	29	0	15	16248791	1810	2357	1241	2216	9263	7013	7501	5032	
DHL	7675	7675	6	25	5	16	50	33	32	0	16	16239067	1810	2357	1241	2216	9263	7013	7501	5032	
DHL	7700	7700	8	24	5	16	54	33	28	0	17	16229442	1810	2357	1241	2216	9263	7013	7501	5032	
DHL	7725	7725	6	25	5	16	50	30	29	0	17	16219829	1810	2357	1241	2216	9263	7013	7501	5032	
DHL	7750	7750	10	24	6	17	50	32	27	0	18	16210212	1810	2357	1241	2216	9263	7013	7501	5032	
DHL	7775	7775	11	23	6	16	54	31	25	0	19	16200625	1810	2357	1241	2216	9263	7013	7501	5032	
DHL	7800	7800	13	22	6	16	56	31	25	0	20	16191155	1810	2357	1241	2216	9263	7013	7501	5032	
DHL	7825	7825	15	25	5	17	59	27	26	0	20	16181835	1810	2357	1241	2216	9263	7013	7501	5032	
DHL	7850	7850	16	26	6	18	55	28	24	0	21	16172439	1810	2357	1241	2216	9263	7013	7501	5032	
DHL	7875	7875	17	25	7	17	56	30	28	0	21	16163039	1810	2357	1241	2216	9263	7013	7501	5032	
DHL	7900	7900	18	28	7	15	53	28	27	0	22	16153602	1810	2357	1241	2216	9263	7013	7501	5032	
DHL	7925	7925	17	28	7	16	51	32	26	0	25	16144122	1810	2357	1241	2216	9263	7013	7501	5032	
DHL	7950	7950	17	29	7	13	53	35	30	0	25	16134579	1810	2357	1241	2216	9263	7013	7501	5032	
DHL	7975	7975	17	28	8	12	53	35	31	0	24	16125055	1810	2357	1241	2216	9263	7013	7501	5032	
DHL	8000	8000	14	27	8	11	51	37	32	0	26	16115598	1810	2357	1241	2216	9263	7013	7501	5032	
DHL	8025	8025	14	27	6	11	48	37	31	0	26	16106053	1810	2357	1241	2216	9263	7013	7501	5032	
DHL	8050	8050	12	29	6	11	46	37	31	0	27	16096813	1810	2357	1241	2216	9263	7013	7501	5032	
DHL	8075	8075	12	27	6	11	47	35	34	0	27	16087457	1810	2357	1241	2216	9263	7013	7501	5032	
DHL	8100	8100	12	28	6	11	43	37	33	0	27	16077941	1810	2357	1241	2216	9263	7013	7501	5032	
DHL	8125	8125	12	28	6	11	47	40	33	0	26	16068494	1810	2357	1241	2216	9263	7013	7501	5032	
DHL	8150	8150	13	26	6	13	45	40	34	0	24	16059038	1810	2357	1241	2216	9263	7013	7501	5032	
DHL	8175	8175	13	27	7	12	39	37	35	0	23	16049498	1810	2357	1241	2216	9263	7013	7501	5032	
DHL	8200	8200	12	26	8	13	36	37	33	0	24	16039645	1810	2357	1241	2216	9263	7013	7501	5032	
DHL	8225	8225	12	23	7	13	32	35	31	0	21	16029953	1810	2357	1241	2216	9263	7013	7501	5032	
DHL	8250	8250	12	24	7	15	37	38	29	0	21	16020358	1810	2357	1241	2216	9263	7013	7501	5032	
DHL	8275	8275	11	24	6	18	36	39	29	0	20	16010941	1810	2357	1241	2216	9263	7013	7501	5032	
DHL	8300	8300	7	22	6	18	35	39	28	0	19	16001609	1810	2357	1241	2216	9263	7013	7501	5032	
DHL	8325	8325	9	22	7	19	35	37	28	0	17	15992252	1810	2357	1241	2216	9263	7013	7501	5032	
DHL	8350	8350	8	22	7	19	34	37	29	0	19	15982887	1810	2357	1241	2216	9263	7013	7501	5032	
DHL	8375	8375	7	22	8	19	36	36	28	0	20	15973597	1810	2357	1241	2216	9263	7013	7501	5032	
DHL	8400	8400	9	19	8	20	31	35	24	0	20	15964295	1810	2357	1241	2216	9263	7013	7501	5032	
DHL	8425	8425	9	21	8	20	32	32	24	0	22	15954999	1810	2357	1241	2216	9263	7013	7501	5032	
DHL	8450	8450	9	21	8	22	31	31	28	0	24	15945632	1810	2357	1241	2216	9263	7013	7501	5032	
DHL	8475	8475	9	19	7	22	34	31	28	0	24	15936157	1810	2357	1241	2216	9263	7013	7501	5032	
DHL	8500	8500	8	17	7	20	38	30	29	0	23	15926656	1810	2357	1241	2216	9263	7013	7501	5032	
DHL	8525	8525	7	15	5	20	37	31	30	0	24	15917138	1810	2357	1241	2216	9263	7013	7501	5032	
DHL	8550	8550	8	14	6	21	40	35	29	0	23	15907349	1810	2357	1241	2216	9263	7013	7501	5032	
DHL	8575	8575	8	13	7	18	40	37	28	0	24	15897549	1810	2357	1241	2216	9263	7013	7501	5032	
DHL	8600	8600	8	11	6	18	41	34	30	0	23	15887848	1810	2357	1241	2216	9263	7013	7501	5032	
DHL	8625	8625	8	10	5	17	44	35	31	0	24	15878442	1810	2357	1241	2216	9263	7013	7501	5032	
DHL	8650	8650	8	10	4	15	46	36	30	0	25	15869231	1810	2357	1241	2216	9263	7013	7501	5032	
DHL	8675	8675	8	11	4	16	43	36	28	0	26	15860034	1810	2357	1241	2216	9263	7013	7501	5032	
DHL	8700	8700	7	11	4	15	40	40	30	0	25	15850780	1810	2357	1241	2216	9263	7013	7501	5032	
DHL	8725	8725	7	11	5	14	43	38	33	0	26	15841359	1810	2357	1241	2216	9263	7013	7501	5032	
DHL	8750	8750	7	11	7	15	43	39	32	0	24	15831785	1810	2357	1241	2216	9263	7013	7501	5032	
DHL	8775	8775	8	11	7	14	44	37	33	0	22	15822289	1810	2357	1241	2216	9263	7013	7501	5032	
DHL	8800	8800	8	11	8	15	44	39	38	0	24	15812822	1810	2357	1241	2216	9263	7013	7501	5032	
DHL	8825	8825	10	11	7	13	43	41	38	0	24	15803308	1810	2357	1241	2216	9263	7013	7501	5032	
DHL	8850	8850	11	9	8	15	42	42	38	0	26	15793807	1810	2357	1241	2216	9263	7013	7501	5032	
DHL	8875	8875	12	8	8	13	41	41	39	0	26	15784304	1810	2357	1241	2216	9263	7013	7501	5032	
DHL	8900	8900	12	9	7	13	40	39	40	0	27	15775020	1810	2357	1241	2216	9263	7013	7501	5032	
DHL	8925	8925	13	8	7	14	39	40	41	0	26	15765695	1810	2357	1241	2216	9263	7013	7501	5032	
DHL	8950	8950	12	9	7	14	36	40	39	0	28	15756362	1810	2357	1241	2216	9263	7013	7501	5032	
DHL	8975	8975	11	8	7	16	35	39	42	0	28	15747042	1810	2357	1241	2216	9263	7013	7501	5032	
DHL	9000	9000	11	8	7	15	34	42	44	0	29	15737790	1810	2357	1241	2216	9263	7013	7501	5032	
DHL	9025	9025	9	10	7	14	31	38	43	0	28	15728612	1810	2357	1241	2216	9263	7013	7501	5032	
DHL	9050	9050	10	11	8	13	29	38	43	0	27	15719419	1810	2357	1241	2216	9263	7013	7501	5032	
DHL	9075	9075	9	11	8	13	28	36	41	0	27	15710440	1810	2357	1241	2216	9263	7013	7501	5032	
DHL	9100	9100	9	10	8	13	31	35	41	0	25	15701552	1810	2357	1241	2216	9263	7013	7501	5032	
DHL	9125	9125	10	8	8	13	31	36	41	0	23	15692722	1810	2357	1241	2216	9263	7013	7501	5032	
DHL	9150	9150	10	8	8	14	31	33	39	0	21	15684155	1810	2357	1241	2216	9263	7013	7501	5032	
DHL	9175	9175	11	9	8	15	33	31	40	0	21	15675612	1810	2357	1241	2216	9263	7013	7501	5032	
DHL	9200	9200	10	9	9	14	32	30	38	0	20	15666975	1810	2357	1241	2216	9263	7013	7501	5032	
DHL	9225	9225	10	9	10	14	32	27	39	0	17	15658300	1810	2357	1241	2216	9263	7013	7501	5032	
DHL	9250	9250	9	9	9	14	34	27	38	0	17	15649584	1810	2357	1241	2216	9263	7013	7501	5032	
DHL	9275	9275	7	10	10	16	34	27	38	0	19	15640901	1810	2357	1241	2216	9263	7013	7501	5032	
DHL	9300	9300	6	10	10	16	35	28	41	0	18	15632185	1810	2357	1241	2216	9263	7013	7501	5032	
DHL	9325	9325	6	11	11	15	34	28	44	0	17	15623398	1810	2357	1241	2216	9263	7013	7501	5032	
DHL	9350	9350	7	11	10	13	36	28	43	0	17	15614696	1810	2357	1241	2216	9263	7013	7501	5032	
DHL	9375	9375	7	8	10	13	35	26	44	0	18	15605930	1810	2357	1241	2216	9263	7013	7501	5032	
DHL	9400	9400	8	9	9	14	35	26	42	0	17	15597227	1810	2357	1241	2216	9263	7013	7501	5032	
DHL	9425	9425	10	9	10	12	35	31	41	0	16	15588537	1810	2357	1241	2216	9263	7013	7501	5032	
DHL	9450	9450	10	9	10	11	34	29	42	0	16	15579820	1810	2357	1241	2216	9263	7013	7501	5032	
DHL	9475	9475	11	8	10	10	37	29	43	0	20	15571164	1810	2357	1241	2216	9263	7013	7501	5032	
DHL	9500	9500	9	8	12	12	36	28	42	0	19	15562793	1810	2357	1241	2216	9263	7013	7501	5032	
DHL	9525	9525	10	8	13	11	35	30	42	0	16	15554521	1810	2357	1241	2216	9263	7013	7501	5032	
DHL	9550	9550	10	8	12	10	37	31	42	0	16	15546128	1810	2357	1241	2216	9263	7013	7501	5032	
DHL	9575	9575	10	9	12	10	37	33	41	0	18	15537593	1810	2357	1241	2216	9263	7013	7501	5032	
DHL	9600	9600	10	8	11	11	39	33	41	0	17	15528870	1810	2357	1241	2216	9263	7013	7501	5032	
DHL	9625	9625	9	9	9	10	40	36	39	0	16	15520070	1810	2357	1241	2216	9263	7013	7501	5032	
DHL	9650	9650	13	11	10	10	43	38	39	0	16	15511209	1810	2357	1241	2216	9263	7013	7501	5032	
DHL	9675	9675	13	11	10	12	45	38	33	0	15	15502315	1810	2357	1241	2216	9263	7013	7501	5032	
DHL	9700	9700	12	14	12	13	42	39	34	0	15	15493281	1810	2357	1241	2216	9263	7013	7501	5032	
DHL	9725	9725	13	15	11	13	43	37	33	0	14	15484361	1810	2357	1241	2216	9263	7013	7501	5032	
DHL	9750	9750	12	14	10	12	38	36	35	0	15	15475622	1810	2357	1241	2216	9263	7013	7501	5032	
DHL	9775	9775	12	14	10	12	38	36	31	0	16	15466906	1810	2357	1241	2216	9263	7013	7501	5032	
DHL	9800	9800	12	13	10	12	38	33	33	0	17	15458066	1810	2357	1241	2216	9263	7013	7501	5032	
DHL	9825	9825	12	13	10	11	38	33	35	0	15	15449360	1810	2357	1241	2216	9263	7013	7501	5032	
DHL	9850	9850	12	14	8	12	34	35	36	0	15	15440767	1810	2357	1241	2216	9263	7013	7501	5032	
DHL	9875	9875	11	16	7	12	34	30	35	0	16	15432199	1810	2357	1241	2216	9263	7013	7501	5032	
DHL	9900	9900	11	16	7	13	32	29	36	0	15	15423539	1810	2357	1241	2216	9263	7013	7501	5032	
DHL	9925	9925	11	16	9	13	32	33	36	0	16	15414957	1810	2357	1241	2216	9263	7013	7501	5032	
DHL	9950	9950	10	17	9	13	33	34	35	0	16	15406354	1810	2357	1241	2216	9263	7013	7501	5032	
DHL	9975	9975	11	15	9	12	32	36	34	0	16	15397703	1810	2357	1241	2216	9263	7013	7501	5032	
DHL	10000	10000	11	15	9	13	33	37	30	0	18	15389092	1810	2357	1241	2216	9263	7013	7501	5032	
DHL	10025	10025	10	14	9	15	33	38	29	0	16	15380467	1810	2357	1241	2216	9263	7013	7501	5032	
DHL	10050	10050	9	17	8	14	35	38	29	0	16	15372009	1810	2357	1241	2216	9263	7013	7501	5032	
DHL	10075	10075	10	16	9	15	34	35	27	0	15	15363497	1810	2357	1241	2216	9263	7013	7501	5032	
DHL	10100	10100	10	18	9	15	35	33	27	0	15	15355043	1810	2357	1241	2216	9263	7013	7501	5032	
DHL	10125	10125	10	17	9	16	37	31	23	0	18	15346676	1810	2357	1241	2216	9263	7013	7501	5032	
DHL	10150	10150	10	16	8	17	37	30	21	0	19	15338034	1810	2357	1241	2216	9263	7013	7501	5032	
DHL	10175	10175	9	16	8	17	38	32	18	0	19	15329273	1810	2357	1241	2216	9263	7013	7501	5032	
DHL	10200	10200	7	15	7	17	40	30	20	0	19	15320476	1810	2357	1241	2216	9263	7013	7501	5032	
DHL	10225	10225	8	15	6	15	43	31	19	0	19	15311645	1810	2357	1241	2216	9263	7013	7501	5032	
DHL	10250	10250	7	15	6	14	41	31	17	0	19	15302956	1810	2357	1241	2216	9263	7013	7501	5032	
DHL	10275	10275	7	18	6	14	41	31	19	0	23	15294369	1810	2357	1241	2216	9263	7013	7501	5032	
DHL	10300	10300	7	18	5	13	44	30	20	0	23	15285805	1810	2357	1241	2216	9263	7013	7501	5032	
DHL	10325	10325	7	16	6	11	46	30	22	0	23	15277273	1810	2357	1241	2216	9263	7013	7501	5032	
DHL	10350	10350	7	15	6	11	47	32	20	0	22	15268762	1810	2357	1241	2216	9263	7013	7501	5032	
DHL	10375	10375	8	15	6	10	48	33	19	0	22	15260052	1810	2357	1241	2216	9263	7013	7501	5032	
DHL	10400	10400	8	14	7	9	50	33	20	0	22	15251327	1810	2357	1241	2216	9263	7013	7501	5032	
DHL	10425	10425	7	13	7	8	50	34	23	0	21	15242545	1810	2357	1241	2216	9263	7013	7501	5032	
DHL	10450	10450	7	13	8	10	48	35	23	0	24	15233873	1810	2357	1241	2216	9263	7013	7501	5032	
DHL	10475	10475	7	14	9	11	45	35	21	0	25	15225238	1810	2357	1241	2216	9263	7013	7501	5032	
DHL	10500	10500	7	13	8	12	46	35	22	0	20	15216412	1810	2357	1241	2216	9263	7013	7501	5032	
DHL	10525	10525	7	13	8	11	44	36	22	0	21	15207695	1810	2357	1241	2216	9263	7013	7501	5032	
DHL	10550	10550	7	13	7	10	43	36	21	0	22	15199063	1810	2357	1241	2216	9263	7013	7501	5032	
DHL	10575	10575	7	13	7	10	41	38	23	0	23	15190606	1810	2357	1241	2216	9263	7013	7501	5032	
DHL	10600	10600	8	13	7	11	41	38	24	0	25	15182270	1810	2357	1241	2216	9263	7013	7501	5032	
DHL	10625	10625	8	14	5	11	41	39	26	0	23	15174218	1810	2357	1241	2216	9263	7013	7501	5032	
DHL	10650	10650	7	12	6	11	40	42	26	0	24	15166500	1810	2357	1241	2216	9263	7013	7501	5032	
DHL	10675	10675	9	12	6	11	36	41	28	0	25	15158740	1810	2357	1241	2216	9263	7013	7501	5032	
DHL	10700	10700	9	12	6	11	39	42	27	0	25	15150935	1810	2357	1241	2216	9263	7013	7501	5032	
DHL	10725	10725	7	11	6	11	39	42	29	0	24	15143092	1810	2357	1241	2216	9263	7013	7501	5032	
DHL	10750	10750	7	11	6	12	39	41	26	0	24	15135171	1810	2357	1241	2216	9263	7013	7501	5032	
DHL	10775	10775	7	9	5	11	37	38	26	0	24	15127068	1810	2357	1241	2216	9263	7013	7501	5032	
DHL	10800	10800	9	10	5	11	33	36	26	0	23	15118899	1810	2357	1241	2216	9263	7013	7501	5032	
DHL	10825	10825	13	11	5	11	36	36	28	0	22	15110706	1810	2357	1241	2216	9263	7013	7501	5032	
DHL	10850	10850	16	11	5	11	37	34	28	0	20	15102555	1810	2357	1241	2216	9263	7013	7501	5032	
DHL	10875	10875	17	11	5	10	36	35	28	0	18	15094374	1810	2357	1241	2216	9263	7013	7501	5032	
DHL	10900	10900	17	12	5	10	37	36	27	0	17	15086206	1810	2357	1241	2216	9263	7013	7501	5032	
DHL	10925	10925	17	12	4	11	35	38	27	0	16	15078066	1810	2357	1241	2216	9263	7013	7501	5032	
DHL	10950	10950	17	12	4	12	35	37	28	0	15	15069879	1810	2357	1241	2216	9263	7013	7501	5032	
DHL	10975	10975	16	10	5	11	34	38	30	0	17	15061438	1810	2357	1241	2216	9263	7013	7501	5032	
DHL	11000	11000	16	9	5	8	34	39	31	0	17	15053010	1810	2357	1241	2216	9263	7013	7501	5032	
DHL	11025	11025	15	9	5	6	33	36	31	0	17	15044686	1810	2357	1241	2216	9263	7013	7501	5032	
DHL	11050	11050	15	9	4	7	33	36	32	0	17	15036293	1810	2357	1241	2216	9263	7013	7501	5032	
DHL	11075	11075	14	12	4	7	31	34	35	0	17	15028005	1810	2357	1241	2216	9263	7013	7501	5032	
DHL	11100	11100	14	12	4	7	31	33	35	0	18	15019751	1810	2357	1241	2216	9263	7013	7501	5032	
DHL	11125	11125	15	10	5	8	30	33	36	0	17	15011477	1810	2357	1241	2216	9263	7013	7501	5032	
DHL	11150	11150	13	11	5	7	29	30	37	0	18	15003209	1810	2357	1241	2216	9263	7013	7501	5032	
DHL	11175	11175	12	12	7	6	28	30	38	0	19	14995206	1810	2357	1241	2216	9263	7013	7501	5032	
DHL	11200	11200	11	12	8	8	27	28	41	0	21	14987476	1810	2357	1241	2216	9263	7013	7501	5032	
DHL	11225	11225	11	13	10	8	29	27	46	0	22	14979759	1810	2357	1241	2216	9263	7013	7501	5032	
DHL	11250	11250	10	13	9	8	29	28	47	0	21	14972123	1810	2357	1241	2216	9263	7013	7501	5032	
DHL	11275	11275	10	13	9	8	27	26	47	0	20	14964609	1810	2357	1241	2216	9263	7013	7501	5032	
DHL	11300	11300	9	13	8	10	25	23	46	0	22	14957099	1810	2357	1241	2216	9263	7013	7501	5032	
DHL	11325	11325	10	13	8	10	27	24	43	0	24	14949493	1810	2357	1241	2216	9263	7013	7501	5032	
DHL	11350	11350	9	13	7	10	27	22	42	0	24	14941831	1810	2357	1241	2216	9263	7013	7501	5032	
DHL	11375	11375	10	11	9	10	29	23	42	0	24	14934263	1810	2357	1241	2216	9263	7013	7501	5032	
DHL	11400	11400	10	12	10	11	28	20	40	0	22	14926512	1810	2357	1241	2216	9263	7013	7501	5032	
DHL	11425	11425	10	12	8	12	28	21	39	0	22	14918859	1810	2357	1241	2216	9263	7013	7501	5032	
DHL	11450	11450	10	12	8	15	28	20	35	0	25	14911144	1810	2357	1241	2216	9263	7013	7501	5032	
DHL	11475	11475	10	13	8	16	29	18	34	0	25	14903219	1810	2357	1241	2216	9263	7013	7501	5032	
DHL	11500	11500	12	12	8	14	32	19	35	0	23	14895066	1810	2357	1241	2216	9263	7013	7501	5032	
DHL	11525	11525	11	12	9	14	33	18	35	0	25	14887044	1810	2357	1241	2216	9263	7013	7501	5032	
DHL	11550	11550	11	13	11	14	34	18	33	0	24	14879098	1810	2357	1241	2216	9263	7013	7501	5032	
DHL	11575	11575	9	15	11	15	35	19	32	0	24	14871108	1810	2357	1241	2216	9263	7013	7501	5032	
DHL	11600	11600	9	15	11	12	36	19	31	0	24	14862895	1810	2357	1241	2216	9263	7013	7501	5032	
DHL	11625	11625	9	14	11	13	35	19	30	0	25	14854690	1810	2357	1241	2216	9263	7013	7501	5032	
DHL	11650	11650	10	13	13	14	37	19	29	0	22	14846388	1810	2357	1241	2216	9263	7013	7501	5032	
DHL	11675	11675	10	13	11	13	35	18	29	0	21	14838008	1810	2357	1241	2216	9263	7013	7501	5032	
DHL	11700	11700	12	12	11	14	38	17	27	0	22	14829605	1810	2357	1241	2216	9263	7013	7501	5032	
DHL	11725	11725	12	13	10	15	40	18	24	0	21	14821177	1810	2357	1241	2216	9263	7013	7501	5032	
DHL	11750	11750	12	12	9	14	39	18	23	0	21	14812594	1810	2357	1241	2216	9263	7013	7501	5032	
DHL	11775	11775	12	13	9	10	39	17	27	0	23	14804093	1810	2357	1241	2216	9263	7013	7501	5032	
DHL	11800	11800	12	13	8	11	37	19	22	0	22	14795605	1810	2357	1241	2216	9263	7013	7501	5032	
DHL	11825	11825	11	12	8	10	39	20	21	0	20	14787016	1810	2357	1241	2216	9263	7013	7501	5032	
DHL	11850	11850	14	10	10	10	38	22	20	0	20	14778357	1810	2357	1241	2216	9263	7013	7501	5032	
DHL	11875	11875	14	13	9	10	39	25	22	0	21	14769729	1810	2357	1241	2216	9263	7013	7501	5032	
DHL	11900	11900	12	14	10	11	39	24	26	0	22	14761047	1810	2357	1241	2216	9263	7013	7501	5032	
DHL	11925	11925	11	15	7	13	38	23	23	0	23	14752365	1810	2357	1241	2216	9263	7013	7501	5032	
DHL	11950	11950	10	14	7	13	36	24	21	0	23	14743836	1810	2357	1241	2216	9263	7013	7501	5032	
DHL	11975	11975	11	15	8	12	36	24	21	0	23	14735509	1810	2357	1241	2216	9263	7013	7501	5032	
DHL	12000	12000	12	12	8	12	37	26	21	0	26	14727327	1810	2357	1241	2216	9263	7013	7501	5032	
DHL	12025	12025	11	12	8	12	37	29	22	0	30	14719289	1810	2357	1241	2216	9263	7013	7501	5032	
DHL	12050	12050	12	13	9	13	36	30	25	0	32	14711302	1810	2357	1241	2216	9263	7013	7501	5032	
DHL	12075	12075	11	14	9	13	37	29	25	0	29	14703207	1810	2357	1241	2216	9263	7013	7501	5032	
DHL	12100	12100	11	13	7	14	38	28	27	0	28	14695222	1810	2357	1241	2216	9263	7013	7501	5032	
DHL	12125	12125	13	10	6	14	40	31	27	0	25	14687314	1810	2357	1241	2216	9263	7013	7501	5032	
DHL	12150	12150	14	10	6	15	37	31	24	0	25	14679413	1810	2357	1241	2216	9263	7013	7501	5032	
DHL	12175	12175	16	10	8	15	33	34	24	0	23	14671433	1810	2357	1241	2216	9263	7013	7501	5032	
DHL	12200	12200	16	10	9	15	34	31	25	0	23	14663607	1810	2357	1241	2216	9263	7013	7501	5032	
DHL	12225	12225	16	10	10	12	35	32	25	0	25	14655814	1810	2357	1241	2216	9263	7013	7501	5032	
DHL	12250	12250	15	10	11	13	34	34	26	0	25	14648265	1810	2357	1241	2216	9263	7013	7501	5032	
DHL	12275	12275	15	10	11	13	34	36	25	0	25	14640668	1810	2357	1241	2216	9263	7013	7501	5032	
DHL	12300	12300	16	12	12	13	32	33	24	0	25	14633292	1810	2357	1241	2216	9263	7013	7501	5032	
DHL	12325	12325	15	13	12	14	31	34	25	0	25	14625848	1810	2357	1241	2216	9263	7013	7501	5032	
DHL	12350	12350	15	16	12	16	32	32	29	0	24	14618424	1810	2357	1241	2216	9263	7013	7501	5032	
DHL	12375	12375	15	16	12	14	30	32	31	0	24	14610802	1810	2357	1241	2216	9263	7013	7501	5032	
DHL	12400	12400	14	16	10	16	31	34	33	0	24	14603154	1810	2357	1241	2216	9263	7013	7501	5032	
DHL	12425	12425	14	16	9	14	32	29	33	0	23	14595349	1810	2357	1241	2216	9263	7013	7501	5032	
DHL	12450	12450	11	17	8	14	31	31	32	0	23	14587512	1810	2357	1241	2216	9263	7013	7501	5032	
DHL	12475	12475	11	14	6	14	28	31	34	0	23	14579718	1810	2357	1241	2216	9263	7013	7501	5032	
DHL	12500	12500	11	15	5	13	33	30	33	0	19	14571899	1810	2357	1241	2216	9263	7013	7501	5032	
