FL	0	0	21	33	0	37	18	5	7	76	5	19965058	6075	4775	148	1925	4244	4632	2536	13292	512	
FL	25	25	24	32	1	37	18	6	5	80	4	19964889	6075	4775	148	1925	4244	4632	2536	13292	512	
FL	50	50	24	33	2	33	17	6	5	82	3	19964383	6075	4775	148	1925	4244	4632	2536	13292	512	
FL	75	75	29	33	3	35	16	8	5	82	2	19963624	6075	4775	148	1925	4244	4632	2536	13292	512	
FL	100	100	28	33	3	35	16	10	6	83	2	19962619	6075	4775	148	1925	4244	4632	2536	13292	512	
FL	125	125	28	33	3	35	15	10	6	85	2	19961378	6075	4775	148	1925	4244	4632	2536	13292	512	
FL	150	150	31	34	3	39	13	10	6	88	1	19959763	6075	4775	148	1925	4244	4632	2536	13292	512	
FL	175	175	33	33	3	38	13	12	5	92	1	19957810	6075	4775	148	1925	4244	4632	2536	13292	512	
FL	200	200	38	33	4	38	13	12	5	93	1	19955394	6075	4775	148	1925	4244	4632	2536	13292	512	
FL	225	225	38	38	4	39	15	12	6	101	1	19952507	6075	4775	148	1925	4244	4632	2536	13292	512	
FL	250	250	43	36	4	41	14	12	6	100	1	19949004	6075	4775	148	1925	4244	4632	2536	13292	512	
FL	275	275	46	37	4	41	17	13	8	97	1	19944878	6075	4775	148	1925	4244	4632	2536	13292	512	
FL	300	300	46	37	4	42	15	13	8	100	1	19940073	6075	4775	148	1925	4244	4632	2536	13292	512	
FL	325	325	47	40	4	42	17	13	7	103	1	19934629	6075	4775	148	1925	4244	4632	2536	13292	512	
FL	350	350	50	40	2	40	17	16	7	107	1	19928306	6075	4775	148	1925	4244	4632	2536	13292	512	
FL	375	375	52	37	2	40	18	16	8	109	1	19921054	6075	4775	148	1925	4244	4632	2536	13292	512	
FL	400	400	55	39	2	42	18	17	8	108	1	19912714	6075	4775	148	1925	4244	4632	2536	13292	512	
FL	425	425	54	39	2	41	18	18	8	109	1	19903252	6075	4775	148	1925	4244	4632	2536	13292	512	
FL	450	450	55	39	2	40	17	18	8	107	1	19892934	6075	4775	148	1925	4244	4632	2536	13292	512	
FL	475	475	57	42	1	41	18	16	10	106	2	19882033	6075	4775	148	1925	4244	4632	2536	13292	512	
FL	500	500	54	41	1	41	20	17	10	99	2	19870317	6075	4775	148	1925	4244	4632	2536	13292	512	
FL	525	525	59	42	1	40	22	16	11	95	1	19857768	6075	4775	148	1925	4244	4632	2536	13292	512	
FL	550	550	57	43	1	40	24	17	10	95	1	19844394	6075	4775	148	1925	4244	4632	2536	13292	512	
FL	575	575	59	43	2	34	23	19	10	100	1	19830351	6075	4775	148	1925	4244	4632	2536	13292	512	
FL	600	600	58	41	2	32	22	19	10	100	1	19815693	6075	4775	148	1925	4244	4632	2536	13292	512	
FL	625	625	55	40	2	27	21	19	10	102	1	19800376	6075	4775	148	1925	4244	4632	2536	13292	512	
FL	650	650	57	40	2	25	21	21	9	102	1	19784456	6075	4775	148	1925	4244	4632	2536	13292	512	
FL	675	675	58	37	2	25	22	20	11	102	1	19767915	6075	4775	148	1925	4244	4632	2536	13292	512	
FL	700	700	57	33	2	25	21	18	12	101	1	19750783	6075	4775	148	1925	4244	4632	2536	13292	512	
FL	725	725	59	34	2	29	20	16	12	99	1	19733473	6075	4775	148	1925	4244	4632	2536	13292	512	
FL	750	750	57	32	1	29	19	15	13	96	1	19716271	6075	4775	148	1925	4244	4632	2536	13292	512	
FL	775	775	53	30	1	29	18	15	13	96	1	19699280	6075	4775	148	1925	4244	4632	2536	13292	512	
FL	800	800	53	33	2	28	19	16	14	90	1	19682292	6075	4775	148	1925	4244	4632	2536	13292	512	
FL	825	825	51	30	2	28	18	16	16	91	1	19664936	6075	4775	148	1925	4244	4632	2536	13292	512	
FL	850	850	52	29	2	29	18	18	18	91	1	19647383	6075	4775	148	1925	4244	4632	2536	13292	512	
FL	875	875	45	26	2	29	17	17	18	91	2	19629801	6075	4775	148	1925	4244	4632	2536	13292	512	
FL	900	900	47	25	2	31	16	16	18	87	3	19612339	6075	4775	148	1925	4244	4632	2536	13292	512	
FL	925	925	43	25	2	34	14	17	21	85	3	19594986	6075	4775	148	1925	4244	4632	2536	13292	512	
FL	950	950	40	24	2	31	14	20	21	84	2	19577811	6075	4775	148	1925	4244	4632	2536	13292	512	
FL	975	975	42	23	2	30	16	20	21	83	2	19560809	6075	4775	148	1925	4244	4632	2536	13292	512	
FL	1000	1000	44	25	1	30	15	23	21	79	2	19543752	6075	4775	148	1925	4244	4632	2536	13292	512	
FL	1025	1025	41	24	1	28	15	23	19	78	2	19526676	6075	4775	148	1925	4244	4632	2536	13292	512	
FL	1050	1050	40	23	1	30	16	22	16	83	2	19509468	6075	4775	148	1925	4244	4632	2536	13292	512	
FL	1075	1075	42	24	1	29	13	21	18	84	2	19492482	6075	4775	148	1925	4244	4632	2536	13292	512	
FL	1100	1100	40	24	1	29	11	23	18	91	3	19475498	6075	4775	148	1925	4244	4632	2536	13292	512	
FL	1125	1125	39	24	2	29	9	20	16	89	3	19458709	6075	4775	148	1925	4244	4632	2536	13292	512	
FL	1150	1150	38	28	2	29	10	19	17	90	3	19441997	6075	4775	148	1925	4244	4632	2536	13292	512	
FL	1175	1175	37	30	2	29	14	20	18	92	4	19425059	6075	4775	148	1925	4244	4632	2536	13292	512	
FL	1200	1200	34	30	2	28	15	22	17	92	5	19407965	6075	4775	148	1925	4244	4632	2536	13292	512	
FL	1225	1225	35	31	2	27	16	23	17	92	5	19391154	6075	4775	148	1925	4244	4632	2536	13292	512	
FL	1250	1250	35	32	2	26	16	24	19	94	5	19374504	6075	4775	148	1925	4244	4632	2536	13292	512	
FL	1275	1275	33	33	2	24	18	25	19	91	5	19357959	6075	4775	148	1925	4244	4632	2536	13292	512	
FL	1300	1300	30	32	2	24	19	23	17	93	5	19341399	6075	4775	148	1925	4244	4632	2536	13292	512	
FL	1325	1325	31	33	2	23	20	22	14	91	5	19324626	6075	4775	148	1925	4244	4632	2536	13292	512	
FL	1350	1350	30	36	1	22	20	25	12	89	5	19307769	6075	4775	148	1925	4244	4632	2536	13292	512	
FL	1375	1375	31	37	1	20	21	22	12	89	5	19291398	6075	4775	148	1925	4244	4632	2536	13292	512	
FL	1400	1400	33	38	2	19	21	22	13	91	5	19275102	6075	4775	148	1925	4244	4632	2536	13292	512	
FL	1425	1425	38	38	2	21	22	25	13	89	5	19258931	6075	4775	148	1925	4244	4632	2536	13292	512	
FL	1450	1450	38	38	2	22	22	23	13	88	5	19242809	6075	4775	148	1925	4244	4632	2536	13292	512	
FL	1475	1475	38	38	2	20	23	24	13	88	4	19226624	6075	4775	148	1925	4244	4632	2536	13292	512	
FL	1500	1500	36	38	2	18	24	27	13	89	4	19210740	6075	4775	148	1925	4244	4632	2536	13292	512	
FL	1525	1525	36	41	2	19	23	26	14	93	3	19194909	6075	4775	148	1925	4244	4632	2536	13292	512	
FL	1550	1550	38	39	2	21	24	26	14	96	3	19179234	6075	4775	148	1925	4244	4632	2536	13292	512	
FL	1575	1575	33	37	2	18	25	25	12	93	3	19163472	6075	4775	148	1925	4244	4632	2536	13292	512	
FL	1600	1600	34	36	2	15	25	21	12	101	4	19147662	6075	4775	148	1925	4244	4632	2536	13292	512	
FL	1625	1625	37	35	2	15	25	20	10	102	4	19132033	6075	4775	148	1925	4244	4632	2536	13292	512	
FL	1650	1650	36	35	2	14	27	20	11	93	5	19116598	6075	4775	148	1925	4244	4632	2536	13292	512	
FL	1675	1675	36	35	1	13	29	19	11	96	5	19101152	6075	4775	148	1925	4244	4632	2536	13292	512	
FL	1700	1700	35	34	1	11	28	21	8	90	5	19085795	6075	4775	148	1925	4244	4632	2536	13292	512	
FL	1725	1725	37	32	1	11	25	19	8	93	5	19070466	6075	4775	148	1925	4244	4632	2536	13292	512	
FL	1750	1750	38	35	1	10	23	22	9	100	5	19055083	6075	4775	148	1925	4244	4632	2536	13292	512	
FL	1775	1775	39	35	1	10	23	20	10	102	6	19039738	6075	4775	148	1925	4244	4632	2536	13292	512	
FL	1800	1800	40	32	1	9	22	20	9	98	6	19024452	6075	4775	148	1925	4244	4632	2536	13292	512	
FL	1825	1825	38	31	0	8	21	20	9	101	6	19009299	6075	4775	148	1925	4244	4632	2536	13292	512	
FL	1850	1850	39	38	0	9	22	20	8	103	6	18994082	6075	4775	148	1925	4244	4632	2536	13292	512	
FL	1875	1875	41	38	0	11	22	21	10	105	4	18978964	6075	4775	148	1925	4244	4632	2536	13292	512	
FL	1900	1900	40	39	0	11	24	23	12	102	5	18963879	6075	4775	148	1925	4244	4632	2536	13292	512	
FL	1925	1925	40	41	0	11	24	22	10	97	5	18948753	6075	4775	148	1925	4244	4632	2536	13292	512	
FL	1950	1950	42	42	0	12	21	21	11	101	5	18933782	6075	4775	148	1925	4244	4632	2536	13292	512	
FL	1975	1975	44	44	0	12	20	22	11	101	5	18918774	6075	4775	148	1925	4244	4632	2536	13292	512	
FL	2000	2000	43	43	0	12	17	20	10	102	5	18903424	6075	4775	148	1925	4244	4632	2536	13292	512	
FL	2025	2025	43	43	0	13	17	22	9	98	5	18888226	6075	4775	148	1925	4244	4632	2536	13292	512	
FL	2050	2050	41	43	0	13	16	22	10	99	4	18873106	6075	4775	148	1925	4244	4632	2536	13292	512	
FL	2075	2075	37	41	0	15	18	22	11	90	4	18857952	6075	4775	148	1925	4244	4632	2536	13292	512	
FL	2100	2100	37	39	0	13	20	21	11	90	4	18842998	6075	4775	148	1925	4244	4632	2536	13292	512	
FL	2125	2125	35	38	0	11	20	21	12	91	4	18828117	6075	4775	148	1925	4244	4632	2536	13292	512	
FL	2150	2150	33	38	0	11	20	22	12	85	4	18813193	6075	4775	148	1925	4244	4632	2536	13292	512	
FL	2175	2175	34	38	0	12	23	20	10	78	4	18798233	6075	4775	148	1925	4244	4632	2536	13292	512	
FL	2200	2200	35	40	1	13	23	21	10	74	3	18783295	6075	4775	148	1925	4244	4632	2536	13292	512	
FL	2225	2225	37	40	1	13	25	19	10	72	3	18768405	6075	4775	148	1925	4244	4632	2536	13292	512	
FL	2250	2250	36	36	1	13	23	20	11	76	3	18753447	6075	4775	148	1925	4244	4632	2536	13292	512	
FL	2275	2275	38	33	1	13	24	20	13	70	3	18738692	6075	4775	148	1925	4244	4632	2536	13292	512	
FL	2300	2300	35	35	1	13	24	23	13	69	3	18724249	6075	4775	148	1925	4244	4632	2536	13292	512	
FL	2325	2325	35	32	1	13	23	24	12	67	3	18709990	6075	4775	148	1925	4244	4632	2536	13292	512	
FL	2350	2350	35	34	1	15	24	24	11	71	3	18695813	6075	4775	148	1925	4244	4632	2536	13292	512	
FL	2375	2375	37	31	1	16	26	24	11	74	3	18681806	6075	4775	148	1925	4244	4632	2536	13292	512	
FL	2400	2400	35	30	2	14	27	25	12	76	4	18667648	6075	4775	148	1925	4244	4632	2536	13292	512	
FL	2425	2425	31	32	3	15	27	26	13	80	3	18653456	6075	4775	148	1925	4244	4632	2536	13292	512	
FL	2450	2450	33	29	3	15	28	31	12	76	2	18639573	6075	4775	148	1925	4244	4632	2536	13292	512	
FL	2475	2475	34	28	3	16	27	32	12	78	2	18625965	6075	4775	148	1925	4244	4632	2536	13292	512	
FL	2500	2500	34	29	3	16	28	31	16	78	2	18612638	6075	4775	148	1925	4244	4632	2536	13292	512	
FL	2525	2525	32	30	3	18	29	31	18	76	2	18599237	6075	4775	148	1925	4244	4632	2536	13292	512	
FL	2550	2550	34	32	3	17	28	31	17	74	3	18585649	6075	4775	148	1925	4244	4632	2536	13292	512	
FL	2575	2575	32	31	3	16	27	31	16	73	3	18571967	6075	4775	148	1925	4244	4632	2536	13292	512	
FL	2600	2600	31	31	3	15	24	33	16	79	3	18558186	6075	4775	148	1925	4244	4632	2536	13292	512	
FL	2625	2625	34	29	3	16	24	35	16	83	3	18544288	6075	4775	148	1925	4244	4632	2536	13292	512	
FL	2650	2650	32	29	3	15	22	35	14	83	3	18530516	6075	4775	148	1925	4244	4632	2536	13292	512	
FL	2675	2675	31	29	3	14	22	36	14	78	2	18516914	6075	4775	148	1925	4244	4632	2536	13292	512	
FL	2700	2700	31	30	3	13	23	37	14	85	2	18503139	6075	4775	148	1925	4244	4632	2536	13292	512	
FL	2725	2725	34	32	3	13	23	37	14	87	2	18489134	6075	4775	148	1925	4244	4632	2536	13292	512	
FL	2750	2750	32	29	3	13	23	36	15	89	2	18475159	6075	4775	148	1925	4244	4632	2536	13292	512	
FL	2775	2775	36	30	2	13	20	34	16	91	3	18461242	6075	4775	148	1925	4244	4632	2536	13292	512	
FL	2800	2800	38	30	2	13	19	33	17	94	3	18447423	6075	4775	148	1925	4244	4632	2536	13292	512	
FL	2825	2825	38	32	2	14	19	33	18	94	3	18433834	6075	4775	148	1925	4244	4632	2536	13292	512	
FL	2850	2850	41	34	2	17	19	35	18	91	3	18420527	6075	4775	148	1925	4244	4632	2536	13292	512	
FL	2875	2875	41	35	2	15	19	32	17	87	3	18407470	6075	4775	148	1925	4244	4632	2536	13292	512	
FL	2900	2900	39	35	2	16	18	31	18	83	3	18394651	6075	4775	148	1925	4244	4632	2536	13292	512	
FL	2925	2925	37	34	2	13	17	33	20	86	3	18381738	6075	4775	148	1925	4244	4632	2536	13292	512	
FL	2950	2950	38	34	2	13	16	34	17	86	2	18368899	6075	4775	148	1925	4244	4632	2536	13292	512	
FL	2975	2975	39	34	1	13	17	31	16	86	2	18356286	6075	4775	148	1925	4244	4632	2536	13292	512	
FL	3000	3000	38	33	1	14	16	32	17	90	2	18343474	6075	4775	148	1925	4244	4632	2536	13292	512	
FL	3025	3025	39	31	2	14	17	34	15	90	1	18330674	6075	4775	148	1925	4244	4632	2536	13292	512	
FL	3050	3050	38	31	2	16	20	35	16	85	1	18317887	6075	4775	148	1925	4244	4632	2536	13292	512	
FL	3075	3075	38	34	2	16	23	36	16	82	1	18305077	6075	4775	148	1925	4244	4632	2536	13292	512	
FL	3100	3100	36	36	2	17	24	37	17	80	2	18292203	6075	4775	148	1925	4244	4632	2536	13292	512	
FL	3125	3125	38	37	2	17	24	33	17	82	2	18279631	6075	4775	148	1925	4244	4632	2536	13292	512	
FL	3150	3150	36	38	1	16	25	34	17	82	2	18267012	6075	4775	148	1925	4244	4632	2536	13292	512	
FL	3175	3175	38	42	1	16	25	33	17	82	2	18254092	6075	4775	148	1925	4244	4632	2536	13292	512	
FL	3200	3200	37	45	1	16	26	29	15	88	2	18241203	6075	4775	148	1925	4244	4632	2536	13292	512	
FL	3225	3225	35	40	1	17	24	32	14	85	1	18228502	6075	4775	148	1925	4244	4632	2536	13292	512	
FL	3250	3250	33	40	1	17	22	32	13	86	1	18215756	6075	4775	148	1925	4244	4632	2536	13292	512	
FL	3275	3275	32	40	1	16	22	31	13	85	1	18202800	6075	4775	148	1925	4244	4632	2536	13292	512	
FL	3300	3300	31	39	2	14	19	30	14	90	1	18190079	6075	4775	148	1925	4244	4632	2536	13292	512	
FL	3325	3325	33	40	3	14	17	29	15	87	1	18177338	6075	4775	148	1925	4244	4632	2536	13292	512	
FL	3350	3350	34	41	3	12	16	27	16	87	1	18164499	6075	4775	148	1925	4244	4632	2536	13292	512	
FL	3375	3375	36	39	3	12	17	27	19	91	1	18151580	6075	4775	148	1925	4244	4632	2536	13292	512	
FL	3400	3400	36	41	3	10	19	26	18	89	1	18138593	6075	4775	148	1925	4244	4632	2536	13292	512	
FL	3425	3425	39	41	3	9	18	27	18	89	1	18125469	6075	4775	148	1925	4244	4632	2536	13292	512	
FL	3450	3450	40	39	3	9	17	27	18	87	1	18112334	6075	4775	148	1925	4244	4632	2536	13292	512	
FL	3475	3475	39	39	3	8	18	25	18	88	1	18099342	6075	4775	148	1925	4244	4632	2536	13292	512	
FL	3500	3500	36	38	4	5	19	26	16	83	2	18086224	6075	4775	148	1925	4244	4632	2536	13292	512	
FL	3525	3525	33	37	4	4	19	27	16	81	2	18072863	6075	4775	148	1925	4244	4632	2536	13292	512	
FL	3550	3550	33	35	4	3	19	25	16	78	2	18059620	6075	4775	148	1925	4244	4632	2536	13292	512	
FL	3575	3575	36	34	3	3	18	24	16	75	2	18046394	6075	4775	148	1925	4244	4632	2536	13292	512	
FL	3600	3600	40	35	3	3	18	23	15	71	2	18033047	6075	4775	148	1925	4244	4632	2536	13292	512	
FL	3625	3625	39	37	3	4	16	24	13	72	2	18019893	6075	4775	148	1925	4244	4632	2536	13292	512	
FL	3650	3650	42	37	3	5	16	24	14	73	1	18006942	6075	4775	148	1925	4244	4632	2536	13292	512	
FL	3675	3675	41	36	3	5	17	23	14	75	1	17994088	6075	4775	148	1925	4244	4632	2536	13292	512	
FL	3700	3700	40	36	3	5	19	23	14	77	1	17981208	6075	4775	148	1925	4244	4632	2536	13292	512	
FL	3725	3725	39	37	2	5	19	22	14	75	1	17968521	6075	4775	148	1925	4244	4632	2536	13292	512	
FL	3750	3750	41	36	1	6	19	20	14	75	1	17955926	6075	4775	148	1925	4244	4632	2536	13292	512	
FL	3775	3775	42	33	1	5	19	19	14	73	2	17943304	6075	4775	148	1925	4244	4632	2536	13292	512	
FL	3800	3800	42	31	1	6	19	17	12	74	2	17930614	6075	4775	148	1925	4244	4632	2536	13292	512	
FL	3825	3825	40	32	0	6	19	18	12	75	2	17917775	6075	4775	148	1925	4244	4632	2536	13292	512	
FL	3850	3850	42	31	0	6	18	13	10	75	3	17904885	6075	4775	148	1925	4244	4632	2536	13292	512	
FL	3875	3875	39	33	0	8	18	12	10	75	3	17892040	6075	4775	148	1925	4244	4632	2536	13292	512	
FL	3900	3900	37	34	0	7	20	11	10	72	4	17879312	6075	4775	148	1925	4244	4632	2536	13292	512	
FL	3925	3925	37	35	0	7	23	11	10	72	3	17866569	6075	4775	148	1925	4244	4632	2536	13292	512	
FL	3950	3950	36	36	0	7	24	11	8	77	3	17853988	6075	4775	148	1925	4244	4632	2536	13292	512	
FL	3975	3975	35	35	0	6	24	13	8	79	3	17841539	6075	4775	148	1925	4244	4632	2536	13292	512	
FL	4000	4000	34	35	0	7	25	12	8	79	3	17829184	6075	4775	148	1925	4244	4632	2536	13292	512	
FL	4025	4025	34	35	0	8	26	12	6	76	3	17816640	6075	4775	148	1925	4244	4632	2536	13292	512	
FL	4050	4050	35	41	0	9	26	13	4	72	3	17804050	6075	4775	148	1925	4244	4632	2536	13292	512	
FL	4075	4075	35	41	0	11	26	15	4	77	2	17791411	6075	4775	148	1925	4244	4632	2536	13292	512	
FL	4100	4100	34	41	0	11	21	16	4	74	2	17778712	6075	4775	148	1925	4244	4632	2536	13292	512	
FL	4125	4125	33	41	0	14	19	18	4	76	3	17766133	6075	4775	148	1925	4244	4632	2536	13292	512	
FL	4150	4150	32	39	0	15	21	19	5	74	3	17753860	6075	4775	148	1925	4244	4632	2536	13292	512	
FL	4175	4175	31	37	0	17	21	20	5	69	3	17741585	6075	4775	148	1925	4244	4632	2536	13292	512	
FL	4200	4200	30	38	1	18	21	19	6	72	4	17729065	6075	4775	148	1925	4244	4632	2536	13292	512	
FL	4225	4225	30	36	1	18	20	25	7	70	4	17716558	6075	4775	148	1925	4244	4632	2536	13292	512	
FL	4250	4250	32	35	1	18	18	26	9	69	5	17704060	6075	4775	148	1925	4244	4632	2536	13292	512	
FL	4275	4275	29	35	1	19	18	26	10	74	5	17691734	6075	4775	148	1925	4244	4632	2536	13292	512	
FL	4300	4300	26	37	1	18	18	27	10	77	5	17679518	6075	4775	148	1925	4244	4632	2536	13292	512	
FL	4325	4325	27	37	1	18	19	27	10	78	5	17667271	6075	4775	148	1925	4244	4632	2536	13292	512	
FL	4350	4350	25	34	1	16	21	28	10	71	5	17655037	6075	4775	148	1925	4244	4632	2536	13292	512	
FL	4375	4375	25	34	1	16	20	29	10	68	5	17643044	6075	4775	148	1925	4244	4632	2536	13292	512	
FL	4400	4400	26	32	2	17	20	30	10	65	5	17631015	6075	4775	148	1925	4244	4632	2536	13292	512	
FL	4425	4425	25	32	2	17	21	30	10	66	5	17618842	6075	4775	148	1925	4244	4632	2536	13292	512	
FL	4450	4450	27	33	2	17	21	33	10	67	5	17606739	6075	4775	148	1925	4244	4632	2536	13292	512	
FL	4475	4475	28	31	2	17	21	33	8	68	5	17594784	6075	4775	148	1925	4244	4632	2536	13292	512	
FL	4500	4500	28	33	2	17	17	33	9	68	5	17582914	6075	4775	148	1925	4244	4632	2536	13292	512	
FL	4525	4525	29	31	2	16	16	34	8	63	5	17571154	6075	4775	148	1925	4244	4632	2536	13292	512	
FL	4550	4550	29	33	2	16	16	35	8	62	5	17559578	6075	4775	148	1925	4244	4632	2536	13292	512	
FL	4575	4575	28	32	2	17	17	35	8	63	5	17548099	6075	4775	148	1925	4244	4632	2536	13292	512	
FL	4600	4600	32	33	2	16	17	34	9	65	4	17536605	6075	4775	148	1925	4244	4632	2536	13292	512	
FL	4625	4625	36	33	3	15	17	36	10	62	3	17525050	6075	4775	148	1925	4244	4632	2536	13292	512	
FL	4650	4650	38	29	3	14	16	35	12	64	2	17513560	6075	4775	148	1925	4244	4632	2536	13292	512	
FL	4675	4675	41	31	3	14	15	33	11	62	2	17502045	6075	4775	148	1925	4244	4632	2536	13292	512	
FL	4700	4700	38	30	3	13	17	32	12	62	2	17490728	6075	4775	148	1925	4244	4632	2536	13292	512	
FL	4725	4725	36	33	3	11	18	34	12	63	2	17479403	6075	4775	148	1925	4244	4632	2536	13292	512	
FL	4750	4750	38	32	3	10	19	36	10	60	0	17468054	6075	4775	148	1925	4244	4632	2536	13292	512	
FL	4775	4775	38	34	3	10	19	34	9	55	0	17457065	6075	4775	148	1925	4244	4632	2536	13292	512	
FL	4800	4800	36	31	3	11	18	35	8	57	0	17446202	6075	4775	148	1925	4244	4632	2536	13292	512	
FL	4825	4825	35	31	3	13	18	36	7	56	0	17435322	6075	4775	148	1925	4244	4632	2536	13292	512	
FL	4850	4850	33	29	2	13	18	36	8	58	0	17424398	6075	4775	148	1925	4244	4632	2536	13292	512	
FL	4875	4875	35	31	1	13	20	36	9	57	0	17413529	6075	4775	148	1925	4244	4632	2536	13292	512	
FL	4900	4900	34	29	1	13	20	35	10	56	0	17402665	6075	4775	148	1925	4244	4632	2536	13292	512	
FL	4925	4925	32	29	1	13	20	34	10	55	0	17391727	6075	4775	148	1925	4244	4632	2536	13292	512	
FL	4950	4950	28	29	1	13	18	32	11	56	0	17380838	6075	4775	148	1925	4244	4632	2536	13292	512	
FL	4975	4975	26	31	1	12	20	35	12	58	0	17369943	6075	4775	148	1925	4244	4632	2536	13292	512	
FL	5000	5000	29	30	1	12	20	35	13	61	0	17358965	6075	4775	148	1925	4244	4632	2536	13292	512	
FL	5025	5025	30	32	1	10	20	34	12	61	0	17348011	6075	4775	148	1925	4244	4632	2536	13292	512	
FL	5050	5050	31	32	1	10	21	35	11	64	0	17337105	6075	4775	148	1925	4244	4632	2536	13292	512	
FL	5075	5075	30	33	1	12	23	34	10	68	0	17326233	6075	4775	148	1925	4244	4632	2536	13292	512	
FL	5100	5100	29	33	1	13	24	34	11	72	0	17315440	6075	4775	148	1925	4244	4632	2536	13292	512	
FL	5125	5125	28	31	1	13	25	32	14	72	1	17304543	6075	4775	148	1925	4244	4632	2536	13292	512	
FL	5150	5150	28	33	0	14	22	30	15	74	2	17293517	6075	4775	148	1925	4244	4632	2536	13292	512	
FL	5175	5175	29	36	0	13	22	32	15	75	2	17282626	6075	4775	148	1925	4244	4632	2536	13292	512	
FL	5200	5200	29	34	0	14	21	31	18	76	2	17271786	6075	4775	148	1925	4244	4632	2536	13292	512	
FL	5225	5225	31	39	0	14	20	30	19	77	3	17260810	6075	4775	148	1925	4244	4632	2536	13292	512	
FL	5250	5250	34	41	0	13	24	29	21	77	3	17249680	6075	4775	148	1925	4244	4632	2536	13292	512	
FL	5275	5275	36	37	0	14	26	26	21	73	3	17238411	6075	4775	148	1925	4244	4632	2536	13292	512	
FL	5300	5300	35	36	0	14	28	24	22	75	3	17227169	6075	4775	148	1925	4244	4632	2536	13292	512	
FL	5325	5325	33	36	0	14	26	24	19	70	3	17216010	6075	4775	148	1925	4244	4632	2536	13292	512	
FL	5350	5350	37	36	0	13	25	27	19	72	3	17204681	6075	4775	148	1925	4244	4632	2536	13292	512	
FL	5375	5375	35	32	0	11	28	27	19	72	3	17193614	6075	4775	148	1925	4244	4632	2536	13292	512	
FL	5400	5400	34	34	0	10	31	30	16	67	4	17182646	6075	4775	148	1925	4244	4632	2536	13292	512	
FL	5425	5425	37	35	0	9	30	29	14	62	5	17171567	6075	4775	148	1925	4244	4632	2536	13292	512	
FL	5450	5450	33	36	0	9	30	29	15	62	5	17160405	6075	4775	148	1925	4244	4632	2536	13292	512	
FL	5475	5475	33	36	0	9	30	31	15	63	5	17149373	6075	4775	148	1925	4244	4632	2536	13292	512	
FL	5500	5500	36	38	0	9	30	36	15	64	6	17138499	6075	4775	148	1925	4244	4632	2536	13292	512	
FL	5525	5525	39	38	1	8	28	37	19	64	5	17127637	6075	4775	148	1925	4244	4632	2536	13292	512	
FL	5550	5550	38	39	2	9	28	37	19	54	5	17116898	6075	4775	148	1925	4244	4632	2536	13292	512	
FL	5575	5575	36	39	2	9	28	36	17	55	5	17106314	6075	4775	148	1925	4244	4632	2536	13292	512	
FL	5600	5600	34	38	2	10	27	36	17	57	5	17095720	6075	4775	148	1925	4244	4632	2536	13292	512	
FL	5625	5625	31	34	2	10	27	36	18	61	5	17085166	6075	4775	148	1925	4244	4632	2536	13292	512	
FL	5650	5650	30	32	2	9	27	38	18	59	5	17074471	6075	4775	148	1925	4244	4632	2536	13292	512	
FL	5675	5675	29	29	2	10	28	36	18	57	5	17063662	6075	4775	148	1925	4244	4632	2536	13292	512	
FL	5700	5700	29	26	2	11	29	36	17	58	4	17052843	6075	4775	148	1925	4244	4632	2536	13292	512	
FL	5725	5725	29	25	2	11	29	35	17	60	4	17042202	6075	4775	148	1925	4244	4632	2536	13292	512	
FL	5750	5750	29	25	2	10	28	31	17	59	3	17031491	6075	4775	148	1925	4244	4632	2536	13292	512	
FL	5775	5775	31	25	2	9	27	33	17	58	2	17020954	6075	4775	148	1925	4244	4632	2536	13292	512	
FL	5800	5800	33	26	2	9	27	33	15	60	2	17010552	6075	4775	148	1925	4244	4632	2536	13292	512	
FL	5825	5825	32	27	2	9	25	35	13	62	3	17000343	6075	4775	148	1925	4244	4632	2536	13292	512	
FL	5850	5850	31	28	2	9	23	33	11	66	4	16990088	6075	4775	148	1925	4244	4632	2536	13292	512	
FL	5875	5875	34	29	2	9	22	32	12	66	4	16979728	6075	4775	148	1925	4244	4632	2536	13292	512	
FL	5900	5900	37	30	2	9	21	32	13	62	4	16969524	6075	4775	148	1925	4244	4632	2536	13292	512	
FL	5925	5925	38	30	2	9	18	30	15	60	4	16959355	6075	4775	148	1925	4244	4632	2536	13292	512	
FL	5950	5950	37	29	2	10	17	32	15	61	4	16949071	6075	4775	148	1925	4244	4632	2536	13292	512	
FL	5975	5975	37	29	1	10	19	29	14	61	4	16938916	6075	4775	148	1925	4244	4632	2536	13292	512	
FL	6000	6000	35	30	0	9	17	28	15	60	5	16928526	6075	4775	148	1925	4244	4632	2536	13292	512	
FL	6025	6025	35	34	0	10	16	31	17	63	5	16918113	6075	4775	148	1925	4244	4632	2536	13292	512	
FL	6050	6050	36	34	0	11	16	29	17	60	4	16907563	6075	4775	148	1925	4244	4632	2536	13292	512	
FL	6075	6075	34	33	0	12	15	28	15	63	4	16897006	6075	4775	148	1925	4244	4632	2536	13292	512	
FL	6100	6100	34	30	0	11	12	29	13	63	3	16886487	6075	4775	148	1925	4244	4632	2536	13292	512	
FL	6125	6125	34	29	0	10	12	29	13	66	3	16875735	6075	4775	148	1925	4244	4632	2536	13292	512	
FL	6150	6150	37	30	0	11	13	29	12	68	2	16864859	6075	4775	148	1925	4244	4632	2536	13292	512	
FL	6175	6175	37	30	0	12	14	30	11	67	2	16854162	6075	4775	148	1925	4244	4632	2536	13292	512	
FL	6200	6200	36	28	1	11	16	31	12	67	2	16843518	6075	4775	148	1925	4244	4632	2536	13292	512	
FL	6225	6225	36	29	1	11	16	31	12	68	2	16832912	6075	4775	148	1925	4244	4632	2536	13292	512	
FL	6250	6250	39	30	1	11	18	32	12	68	2	16822422	6075	4775	148	1925	4244	4632	2536	13292	512	
FL	6275	6275	38	32	1	11	18	32	13	63	2	16811698	6075	4775	148	1925	4244	4632	2536	13292	512	
FL	6300	6300	35	33	1	11	19	32	13	65	2	16801041	6075	4775	148	1925	4244	4632	2536	13292	512	
FL	6325	6325	36	33	1	12	18	32	14	67	2	16790514	6075	4775	148	1925	4244	4632	2536	13292	512	
FL	6350	6350	36	30	1	11	18	29	14	70	2	16779848	6075	4775	148	1925	4244	4632	2536	13292	512	
FL	6375	6375	34	33	1	12	20	30	14	69	2	16769157	6075	4775	148	1925	4244	4632	2536	13292	512	
FL	6400	6400	33	32	1	13	20	29	14	67	2	16758575	6075	4775	148	1925	4244	4632	2536	13292	512	
FL	6425	6425	32	34	1	15	20	30	12	68	3	16748039	6075	4775	148	1925	4244	4632	2536	13292	512	
FL	6450	6450	32	35	1	15	21	29	13	68	2	16737363	6075	4775	148	1925	4244	4632	2536	13292	512	
FL	6475	6475	30	33	1	14	21	28	14	71	2	16726793	6075	4775	148	1925	4244	4632	2536	13292	512	
FL	6500	6500	34	32	1	16	19	29	15	74	2	16716185	6075	4775	148	1925	4244	4632	2536	13292	512	
FL	6525	6525	32	30	1	16	21	27	14	75	2	16705599	6075	4775	148	1925	4244	4632	2536	13292	512	
FL	6550	6550	34	29	1	16	23	26	16	76	2	16695282	6075	4775	148	1925	4244	4632	2536	13292	512	
FL	6575	6575	32	27	1	16	21	28	16	75	2	16685185	6075	4775	148	1925	4244	4632	2536	13292	512	
FL	6600	6600	33	25	1	17	21	30	15	72	1	16674971	6075	4775	148	1925	4244	4632	2536	13292	512	
FL	6625	6625	39	25	2	15	21	32	13	67	1	16664441	6075	4775	148	1925	4244	4632	2536	13292	512	
FL	6650	6650	40	25	1	14	21	33	16	66	1	16653691	6075	4775	148	1925	4244	4632	2536	13292	512	
FL	6675	6675	41	22	1	14	20	35	16	67	2	16643028	6075	4775	148	1925	4244	4632	2536	13292	512	
FL	6700	6700	39	23	1	15	22	37	16	66	3	16632274	6075	4775	148	1925	4244	4632	2536	13292	512	
FL	6725	6725	41	23	1	14	21	36	17	64	3	16621589	6075	4775	148	1925	4244	4632	2536	13292	512	
FL	6750	6750	42	25	1	14	20	36	17	63	3	16610986	6075	4775	148	1925	4244	4632	2536	13292	512	
FL	6775	6775	41	27	1	14	18	36	17	67	3	16600268	6075	4775	148	1925	4244	4632	2536	13292	512	
FL	6800	6800	39	29	1	14	17	36	19	69	3	16589507	6075	4775	148	1925	4244	4632	2536	13292	512	
FL	6825	6825	38	28	1	15	16	35	16	69	3	16578883	6075	4775	148	1925	4244	4632	2536	13292	512	
FL	6850	6850	41	29	1	15	17	35	15	68	3	16568327	6075	4775	148	1925	4244	4632	2536	13292	512	
FL	6875	6875	40	26	2	15	21	38	15	66	3	16557777	6075	4775	148	1925	4244	4632	2536	13292	512	
FL	6900	6900	38	28	2	15	22	36	15	66	3	16547150	6075	4775	148	1925	4244	4632	2536	13292	512	
FL	6925	6925	38	29	2	15	17	36	15	69	4	16536661	6075	4775	148	1925	4244	4632	2536	13292	512	
FL	6950	6950	37	30	2	13	16	35	14	64	4	16526167	6075	4775	148	1925	4244	4632	2536	13292	512	
FL	6975	6975	35	32	2	12	15	35	13	64	3	16515726	6075	4775	148	1925	4244	4632	2536	13292	512	
FL	7000	7000	32	34	2	12	17	37	13	67	3	16505312	6075	4775	148	1925	4244	4632	2536	13292	512	
FL	7025	7025	31	33	1	13	17	36	13	69	3	16494703	6075	4775	148	1925	4244	4632	2536	13292	512	
FL	7050	7050	32	36	1	13	19	35	13	66	3	16484155	6075	4775	148	1925	4244	4632	2536	13292	512	
FL	7075	7075	33	39	1	13	20	33	13	67	3	16473890	6075	4775	148	1925	4244	4632	2536	13292	512	
FL	7100	7100	34	36	2	13	21	36	13	67	3	16463727	6075	4775	148	1925	4244	4632	2536	13292	512	
FL	7125	7125	33	38	2	14	20	39	13	65	3	16453637	6075	4775	148	1925	4244	4632	2536	13292	512	
FL	7150	7150	31	41	2	14	20	38	12	67	2	16443654	6075	4775	148	1925	4244	4632	2536	13292	512	
FL	7175	7175	35	40	2	12	21	41	12	67	2	16433712	6075	4775	148	1925	4244	4632	2536	13292	512	
FL	7200	7200	34	38	1	11	22	39	12	69	2	16423885	6075	4775	148	1925	4244	4632	2536	13292	512	
FL	7225	7225	33	36	1	11	25	40	10	62	2	16413986	6075	4775	148	1925	4244	4632	2536	13292	512	
FL	7250	7250	35	34	1	8	25	38	11	58	3	16403908	6075	4775	148	1925	4244	4632	2536	13292	512	
FL	7275	7275	36	35	2	8	24	35	11	54	2	16393996	6075	4775	148	1925	4244	4632	2536	13292	512	
FL	7300	7300	37	34	2	9	24	31	12	54	2	16383952	6075	4775	148	1925	4244	4632	2536	13292	512	
FL	7325	7325	35	36	2	8	29	31	14	57	2	16373924	6075	4775	148	1925	4244	4632	2536	13292	512	
FL	7350	7350	36	38	2	6	26	32	14	61	2	16363964	6075	4775	148	1925	4244	4632	2536	13292	512	
FL	7375	7375	36	40	2	6	27	28	15	57	2	16354165	6075	4775	148	1925	4244	4632	2536	13292	512	
FL	7400	7400	38	37	2	8	28	28	16	62	2	16344198	6075	4775	148	1925	4244	4632	2536	13292	512	
FL	7425	7425	37	33	2	8	27	24	16	60	2	16334218	6075	4775	148	1925	4244	4632	2536	13292	512	
FL	7450	7450	38	33	2	7	26	25	18	57	2	16324345	6075	4775	148	1925	4244	4632	2536	13292	512	
FL	7475	7475	37	36	2	7	26	28	21	57	2	16314540	6075	4775	148	1925	4244	4632	2536	13292	512	
FL	7500	7500	38	34	2	7	24	28	22	60	2	16304953	6075	4775	148	1925	4244	4632	2536	13292	512	
FL	7525	7525	41	29	2	7	25	30	22	61	2	16295553	6075	4775	148	1925	4244	4632	2536	13292	512	
FL	7550	7550	41	30	2	7	24	28	22	59	2	16286335	6075	4775	148	1925	4244	4632	2536	13292	512	
FL	7575	7575	38	27	2	8	23	33	22	55	3	16277160	6075	4775	148	1925	4244	4632	2536	13292	512	
FL	7600	7600	37	28	2	8	22	32	22	49	3	16267756	6075	4775	148	1925	4244	4632	2536	13292	512	
FL	7625	7625	36	28	2	8	21	33	21	49	3	16258301	6075	4775	148	1925	4244	4632	2536	13292	512	
FL	7650	7650	35	28	2	11	21	33	24	52	3	16248791	6075	4775	148	1925	4244	4632	2536	13292	512	
FL	7675	7675	34	28	2	12	19	35	24	57	3	16239067	6075	4775	148	1925	4244	4632	2536	13292	512	
FL	7700	7700	37	27	2	12	23	34	21	52	3	16229442	6075	4775	148	1925	4244	4632	2536	13292	512	
FL	7725	7725	34	28	2	12	21	35	21	53	3	16219829	6075	4775	148	1925	4244	4632	2536	13292	512	
FL	7750	7750	34	28	2	12	20	33	21	51	3	16210212	6075	4775	148	1925	4244	4632	2536	13292	512	
FL	7775	7775	31	29	2	11	19	34	22	49	3	16200625	6075	4775	148	1925	4244	4632	2536	13292	512	
FL	7800	7800	32	30	1	13	19	34	23	48	2	16191155	6075	4775	148	1925	4244	4632	2536	13292	512	
FL	7825	7825	30	29	0	11	19	34	24	51	2	16181835	6075	4775	148	1925	4244	4632	2536	13292	512	
FL	7850	7850	30	29	0	11	20	35	23	50	2	16172439	6075	4775	148	1925	4244	4632	2536	13292	512	
FL	7875	7875	29	29	0	11	19	36	21	53	2	16163039	6075	4775	148	1925	4244	4632	2536	13292	512	
FL	7900	7900	30	27	0	12	17	36	21	53	2	16153602	6075	4775	148	1925	4244	4632	2536	13292	512	
FL	7925	7925	31	30	0	10	16	38	21	54	2	16144122	6075	4775	148	1925	4244	4632	2536	13292	512	
FL	7950	7950	32	28	0	11	16	38	19	59	1	16134579	6075	4775	148	1925	4244	4632	2536	13292	512	
FL	7975	7975	32	28	0	10	18	40	20	59	1	16125055	6075	4775	148	1925	4244	4632	2536	13292	512	
FL	8000	8000	32	28	0	9	19	41	23	59	3	16115598	6075	4775	148	1925	4244	4632	2536	13292	512	
FL	8025	8025	31	29	0	8	20	39	21	61	3	16106053	6075	4775	148	1925	4244	4632	2536	13292	512	
FL	8050	8050	33	30	0	8	20	40	19	61	3	16096813	6075	4775	148	1925	4244	4632	2536	13292	512	
FL	8075	8075	35	33	0	8	21	36	18	63	3	16087457	6075	4775	148	1925	4244	4632	2536	13292	512	
FL	8100	8100	34	32	0	8	22	33	17	62	3	16077941	6075	4775	148	1925	4244	4632	2536	13292	512	
FL	8125	8125	36	30	0	7	25	31	16	61	3	16068494	6075	4775	148	1925	4244	4632	2536	13292	512	
FL	8150	8150	37	32	0	7	24	31	16	65	3	16059038	6075	4775	148	1925	4244	4632	2536	13292	512	
FL	8175	8175	38	32	1	8	25	31	16	68	3	16049498	6075	4775	148	1925	4244	4632	2536	13292	512	
FL	8200	8200	37	28	1	8	25	31	15	69	3	16039645	6075	4775	148	1925	4244	4632	2536	13292	512	
FL	8225	8225	40	28	1	10	26	28	15	69	3	16029953	6075	4775	148	1925	4244	4632	2536	13292	512	
FL	8250	8250	42	29	1	10	23	29	16	71	2	16020358	6075	4775	148	1925	4244	4632	2536	13292	512	
FL	8275	8275	40	29	1	9	23	29	13	71	2	16010941	6075	4775	148	1925	4244	4632	2536	13292	512	
FL	8300	8300	38	30	1	10	24	26	12	72	2	16001609	6075	4775	148	1925	4244	4632	2536	13292	512	
FL	8325	8325	37	30	1	11	24	28	13	73	2	15992252	6075	4775	148	1925	4244	4632	2536	13292	512	
FL	8350	8350	39	29	1	10	23	26	14	75	2	15982887	6075	4775	148	1925	4244	4632	2536	13292	512	
FL	8375	8375	42	29	1	12	24	28	14	72	2	15973597	6075	4775	148	1925	4244	4632	2536	13292	512	
FL	8400	8400	40	29	1	13	24	26	13	69	2	15964295	6075	4775	148	1925	4244	4632	2536	13292	512	
FL	8425	8425	41	28	1	12	25	25	12	68	1	15954999	6075	4775	148	1925	4244	4632	2536	13292	512	
FL	8450	8450	36	30	1	11	25	29	13	67	1	15945632	6075	4775	148	1925	4244	4632	2536	13292	512	
FL	8475	8475	36	28	1	12	22	34	13	62	1	15936157	6075	4775	148	1925	4244	4632	2536	13292	512	
FL	8500	8500	36	29	2	13	23	34	12	63	1	15926656	6075	4775	148	1925	4244	4632	2536	13292	512	
FL	8525	8525	37	29	2	13	22	33	12	63	1	15917138	6075	4775	148	1925	4244	4632	2536	13292	512	
FL	8550	8550	37	30	2	13	21	34	12	63	1	15907349	6075	4775	148	1925	4244	4632	2536	13292	512	
FL	8575	8575	36	29	2	14	20	33	14	61	1	15897549	6075	4775	148	1925	4244	4632	2536	13292	512	
FL	8600	8600	33	28	2	13	20	33	18	64	0	15887848	6075	4775	148	1925	4244	4632	2536	13292	512	
FL	8625	8625	32	27	2	12	19	34	17	64	0	15878442	6075	4775	148	1925	4244	4632	2536	13292	512	
FL	8650	8650	32	27	2	13	21	35	15	62	0	15869231	6075	4775	148	1925	4244	4632	2536	13292	512	
FL	8675	8675	30	28	2	14	21	34	14	66	0	15860034	6075	4775	148	1925	4244	4632	2536	13292	512	
FL	8700	8700	29	33	2	12	20	32	15	67	0	15850780	6075	4775	148	1925	4244	4632	2536	13292	512	
FL	8725	8725	27	33	1	13	21	32	14	66	0	15841359	6075	4775	148	1925	4244	4632	2536	13292	512	
FL	8750	8750	26	34	1	12	21	31	16	66	0	15831785	6075	4775	148	1925	4244	4632	2536	13292	512	
FL	8775	8775	27	33	1	13	19	31	14	65	0	15822289	6075	4775	148	1925	4244	4632	2536	13292	512	
FL	8800	8800	27	33	1	12	21	28	14	64	0	15812822	6075	4775	148	1925	4244	4632	2536	13292	512	
FL	8825	8825	24	33	1	11	22	28	14	65	0	15803308	6075	4775	148	1925	4244	4632	2536	13292	512	
FL	8850	8850	25	32	1	11	20	27	14	61	0	15793807	6075	4775	148	1925	4244	4632	2536	13292	512	
FL	8875	8875	26	35	1	11	19	26	14	64	0	15784304	6075	4775	148	1925	4244	4632	2536	13292	512	
FL	8900	8900	26	33	1	11	18	26	15	67	0	15775020	6075	4775	148	1925	4244	4632	2536	13292	512	
FL	8925	8925	27	30	1	9	17	27	15	69	0	15765695	6075	4775	148	1925	4244	4632	2536	13292	512	
FL	8950	8950	26	26	0	10	18	27	16	68	0	15756362	6075	4775	148	1925	4244	4632	2536	13292	512	
FL	8975	8975	28	29	0	9	18	24	16	70	0	15747042	6075	4775	148	1925	4244	4632	2536	13292	512	
FL	9000	9000	30	27	0	8	18	24	15	70	0	15737790	6075	4775	148	1925	4244	4632	2536	13292	512	
FL	9025	9025	31	28	1	7	19	22	13	68	2	15728612	6075	4775	148	1925	4244	4632	2536	13292	512	
FL	9050	9050	31	27	1	7	17	23	11	68	2	15719419	6075	4775	148	1925	4244	4632	2536	13292	512	
FL	9075	9075	31	27	1	7	18	23	11	67	2	15710440	6075	4775	148	1925	4244	4632	2536	13292	512	
FL	9100	9100	34	25	2	7	21	23	12	67	2	15701552	6075	4775	148	1925	4244	4632	2536	13292	512	
FL	9125	9125	34	26	2	7	22	22	13	63	2	15692722	6075	4775	148	1925	4244	4632	2536	13292	512	
FL	9150	9150	37	26	2	6	24	21	13	63	2	15684155	6075	4775	148	1925	4244	4632	2536	13292	512	
FL	9175	9175	39	24	2	6	22	20	14	62	2	15675612	6075	4775	148	1925	4244	4632	2536	13292	512	
FL	9200	9200	42	22	2	6	20	24	14	61	3	15666975	6075	4775	148	1925	4244	4632	2536	13292	512	
FL	9225	9225	47	25	2	6	19	24	13	63	3	15658300	6075	4775	148	1925	4244	4632	2536	13292	512	
FL	9250	9250	46	24	2	5	21	23	12	61	3	15649584	6075	4775	148	1925	4244	4632	2536	13292	512	
FL	9275	9275	47	22	2	5	21	22	11	61	3	15640901	6075	4775	148	1925	4244	4632	2536	13292	512	
FL	9300	9300	47	23	2	4	20	22	10	66	3	15632185	6075	4775	148	1925	4244	4632	2536	13292	512	
FL	9325	9325	47	23	2	2	20	23	9	70	4	15623398	6075	4775	148	1925	4244	4632	2536	13292	512	
FL	9350	9350	47	24	2	2	19	24	6	68	4	15614696	6075	4775	148	1925	4244	4632	2536	13292	512	
FL	9375	9375	48	27	2	3	22	24	8	70	3	15605930	6075	4775	148	1925	4244	4632	2536	13292	512	
FL	9400	9400	50	28	2	3	23	22	8	62	3	15597227	6075	4775	148	1925	4244	4632	2536	13292	512	
FL	9425	9425	50	26	2	3	22	23	8	60	3	15588537	6075	4775	148	1925	4244	4632	2536	13292	512	
FL	9450	9450	49	27	2	3	21	20	8	62	3	15579820	6075	4775	148	1925	4244	4632	2536	13292	512	
FL	9475	9475	49	27	2	4	21	20	7	61	2	15571164	6075	4775	148	1925	4244	4632	2536	13292	512	
FL	9500	9500	50	24	2	5	22	19	7	64	2	15562793	6075	4775	148	1925	4244	4632	2536	13292	512	
FL	9525	9525	52	24	2	6	21	19	8	63	2	15554521	6075	4775	148	1925	4244	4632	2536	13292	512	
FL	9550	9550	54	27	2	6	21	19	7	62	2	15546128	6075	4775	148	1925	4244	4632	2536	13292	512	
FL	9575	9575	57	27	2	6	22	20	7	64	2	15537593	6075	4775	148	1925	4244	4632	2536	13292	512	
FL	9600	9600	53	27	2	7	21	17	7	64	2	15528870	6075	4775	148	1925	4244	4632	2536	13292	512	
FL	9625	9625	53	26	1	7	21	16	7	62	2	15520070	6075	4775	148	1925	4244	4632	2536	13292	512	
FL	9650	9650	52	24	1	8	20	18	7	58	2	15511209	6075	4775	148	1925	4244	4632	2536	13292	512	
FL	9675	9675	52	23	1	8	20	20	7	59	1	15502315	6075	4775	148	1925	4244	4632	2536	13292	512	
FL	9700	9700	50	23	1	8	19	21	7	59	1	15493281	6075	4775	148	1925	4244	4632	2536	13292	512	
FL	9725	9725	50	24	1	8	17	20	7	61	1	15484361	6075	4775	148	1925	4244	4632	2536	13292	512	
FL	9750	9750	47	28	1	8	17	19	7	63	1	15475622	6075	4775	148	1925	4244	4632	2536	13292	512	
FL	9775	9775	40	28	1	8	18	19	7	60	1	15466906	6075	4775	148	1925	4244	4632	2536	13292	512	
FL	9800	9800	41	27	1	7	16	20	8	60	1	15458066	6075	4775	148	1925	4244	4632	2536	13292	512	
FL	9825	9825	42	27	1	8	15	22	8	65	1	15449360	6075	4775	148	1925	4244	4632	2536	13292	512	
FL	9850	9850	43	25	1	9	16	22	9	67	1	15440767	6075	4775	148	1925	4244	4632	2536	13292	512	
FL	9875	9875	37	23	1	10	14	23	11	67	0	15432199	6075	4775	148	1925	4244	4632	2536	13292	512	
FL	9900	9900	37	24	1	8	14	23	11	69	0	15423539	6075	4775	148	1925	4244	4632	2536	13292	512	
FL	9925	9925	40	25	1	8	14	23	10	66	0	15414957	6075	4775	148	1925	4244	4632	2536	13292	512	
FL	9950	9950	39	31	1	9	13	23	9	66	0	15406354	6075	4775	148	1925	4244	4632	2536	13292	512	
FL	9975	9975	39	33	1	9	12	25	10	68	0	15397703	6075	4775	148	1925	4244	4632	2536	13292	512	
FL	10000	10000	40	32	2	8	11	26	10	63	0	15389092	6075	4775	148	1925	4244	4632	2536	13292	512	
FL	10025	10025	37	29	2	8	9	23	10	61	0	15380467	6075	4775	148	1925	4244	4632	2536	13292	512	
FL	10050	10050	39	26	2	8	11	24	10	60	0	15372009	6075	4775	148	1925	4244	4632	2536	13292	512	
FL	10075	10075	41	26	2	7	12	21	11	58	0	15363497	6075	4775	148	1925	4244	4632	2536	13292	512	
FL	10100	10100	38	28	1	7	10	23	11	61	0	15355043	6075	4775	148	1925	4244	4632	2536	13292	512	
FL	10125	10125	37	25	1	7	8	21	9	59	0	15346676	6075	4775	148	1925	4244	4632	2536	13292	512	
FL	10150	10150	35	24	1	7	7	20	10	60	1	15338034	6075	4775	148	1925	4244	4632	2536	13292	512	
FL	10175	10175	34	23	1	7	8	21	12	56	1	15329273	6075	4775	148	1925	4244	4632	2536	13292	512	
FL	10200	10200	35	22	1	7	9	20	12	57	1	15320476	6075	4775	148	1925	4244	4632	2536	13292	512	
FL	10225	10225	36	23	1	6	11	20	12	56	1	15311645	6075	4775	148	1925	4244	4632	2536	13292	512	
FL	10250	10250	38	23	1	7	12	21	11	56	1	15302956	6075	4775	148	1925	4244	4632	2536	13292	512	
FL	10275	10275	40	22	1	7	14	20	11	61	1	15294369	6075	4775	148	1925	4244	4632	2536	13292	512	
FL	10300	10300	40	22	1	9	13	19	11	61	1	15285805	6075	4775	148	1925	4244	4632	2536	13292	512	
FL	10325	10325	38	21	1	8	13	18	10	66	1	15277273	6075	4775	148	1925	4244	4632	2536	13292	512	
FL	10350	10350	35	23	1	8	11	19	9	64	1	15268762	6075	4775	148	1925	4244	4632	2536	13292	512	
FL	10375	10375	35	24	1	7	11	20	9	62	1	15260052	6075	4775	148	1925	4244	4632	2536	13292	512	
FL	10400	10400	35	24	1	7	11	19	7	61	2	15251327	6075	4775	148	1925	4244	4632	2536	13292	512	
FL	10425	10425	34	23	1	7	12	18	7	59	2	15242545	6075	4775	148	1925	4244	4632	2536	13292	512	
FL	10450	10450	36	25	1	8	13	18	7	61	2	15233873	6075	4775	148	1925	4244	4632	2536	13292	512	
FL	10475	10475	35	23	1	8	14	17	7	59	2	15225238	6075	4775	148	1925	4244	4632	2536	13292	512	
FL	10500	10500	35	21	1	9	14	20	9	58	1	15216412	6075	4775	148	1925	4244	4632	2536	13292	512	
FL	10525	10525	35	20	0	8	13	22	11	60	1	15207695	6075	4775	148	1925	4244	4632	2536	13292	512	
FL	10550	10550	36	17	0	9	14	18	10	61	1	15199063	6075	4775	148	1925	4244	4632	2536	13292	512	
FL	10575	10575	33	17	0	10	15	18	9	63	1	15190606	6075	4775	148	1925	4244	4632	2536	13292	512	
FL	10600	10600	32	17	0	13	16	19	8	61	1	15182270	6075	4775	148	1925	4244	4632	2536	13292	512	
FL	10625	10625	31	17	0	14	15	18	10	64	1	15174218	6075	4775	148	1925	4244	4632	2536	13292	512	
FL	10650	10650	31	18	0	14	16	19	11	64	1	15166500	6075	4775	148	1925	4244	4632	2536	13292	512	
FL	10675	10675	31	17	0	13	19	19	11	63	1	15158740	6075	4775	148	1925	4244	4632	2536	13292	512	
FL	10700	10700	32	20	0	13	21	19	9	64	1	15150935	6075	4775	148	1925	4244	4632	2536	13292	512	
FL	10725	10725	30	21	0	14	20	18	9	63	1	15143092	6075	4775	148	1925	4244	4632	2536	13292	512	
FL	10750	10750	27	21	0	15	21	19	9	63	1	15135171	6075	4775	148	1925	4244	4632	2536	13292	512	
FL	10775	10775	27	24	0	15	21	20	9	60	1	15127068	6075	4775	148	1925	4244	4632	2536	13292	512	
FL	10800	10800	28	25	0	14	23	21	9	56	1	15118899	6075	4775	148	1925	4244	4632	2536	13292	512	
FL	10825	10825	30	23	0	14	20	22	9	57	1	15110706	6075	4775	148	1925	4244	4632	2536	13292	512	
FL	10850	10850	29	28	0	14	21	25	9	58	1	15102555	6075	4775	148	1925	4244	4632	2536	13292	512	
FL	10875	10875	31	28	0	16	23	26	9	60	1	15094374	6075	4775	148	1925	4244	4632	2536	13292	512	
FL	10900	10900	30	28	0	17	23	27	7	59	1	15086206	6075	4775	148	1925	4244	4632	2536	13292	512	
FL	10925	10925	30	29	0	17	23	29	6	60	1	15078066	6075	4775	148	1925	4244	4632	2536	13292	512	
FL	10950	10950	29	29	0	17	22	29	8	60	1	15069879	6075	4775	148	1925	4244	4632	2536	13292	512	
FL	10975	10975	28	29	0	17	23	30	8	62	1	15061438	6075	4775	148	1925	4244	4632	2536	13292	512	
FL	11000	11000	29	29	0	16	21	30	10	63	1	15053010	6075	4775	148	1925	4244	4632	2536	13292	512	
FL	11025	11025	31	30	0	16	20	29	10	64	1	15044686	6075	4775	148	1925	4244	4632	2536	13292	512	
FL	11050	11050	30	32	0	16	19	30	10	65	1	15036293	6075	4775	148	1925	4244	4632	2536	13292	512	
FL	11075	11075	30	32	0	13	19	29	10	62	0	15028005	6075	4775	148	1925	4244	4632	2536	13292	512	
FL	11100	11100	27	31	0	13	21	26	9	65	0	15019751	6075	4775	148	1925	4244	4632	2536	13292	512	
FL	11125	11125	25	31	0	13	19	26	9	67	0	15011477	6075	4775	148	1925	4244	4632	2536	13292	512	
FL	11150	11150	23	29	0	12	18	25	10	67	0	15003209	6075	4775	148	1925	4244	4632	2536	13292	512	
FL	11175	11175	24	29	0	10	17	24	10	68	1	14995206	6075	4775	148	1925	4244	4632	2536	13292	512	
FL	11200	11200	24	32	0	10	16	25	9	68	1	14987476	6075	4775	148	1925	4244	4632	2536	13292	512	
FL	11225	11225	28	31	0	9	14	24	11	76	1	14979759	6075	4775	148	1925	4244	4632	2536	13292	512	
FL	11250	11250	30	28	0	9	13	20	11	80	1	14972123	6075	4775	148	1925	4244	4632	2536	13292	512	
FL	11275	11275	26	29	0	10	13	21	12	79	1	14964609	6075	4775	148	1925	4244	4632	2536	13292	512	
FL	11300	11300	28	31	0	10	11	18	11	74	1	14957099	6075	4775	148	1925	4244	4632	2536	13292	512	
FL	11325	11325	27	34	0	8	9	20	11	69	1	14949493	6075	4775	148	1925	4244	4632	2536	13292	512	
FL	11350	11350	27	35	0	7	6	20	12	69	1	14941831	6075	4775	148	1925	4244	4632	2536	13292	512	
FL	11375	11375	32	40	2	7	7	21	12	67	1	14934263	6075	4775	148	1925	4244	4632	2536	13292	512	
FL	11400	11400	31	40	2	7	10	18	11	63	1	14926512	6075	4775	148	1925	4244	4632	2536	13292	512	
FL	11425	11425	31	38	2	7	12	17	10	60	1	14918859	6075	4775	148	1925	4244	4632	2536	13292	512	
FL	11450	11450	32	41	2	7	13	17	10	58	1	14911144	6075	4775	148	1925	4244	4632	2536	13292	512	
FL	11475	11475	31	39	2	8	15	17	10	59	2	14903219	6075	4775	148	1925	4244	4632	2536	13292	512	
FL	11500	11500	32	39	2	9	16	18	10	60	2	14895066	6075	4775	148	1925	4244	4632	2536	13292	512	
FL	11525	11525	33	38	2	8	14	18	10	65	2	14887044	6075	4775	148	1925	4244	4632	2536	13292	512	
FL	11550	11550	35	37	2	8	16	18	10	64	2	14879098	6075	4775	148	1925	4244	4632	2536	13292	512	
FL	11575	11575	34	35	2	9	19	20	11	67	2	14871108	6075	4775	148	1925	4244	4632	2536	13292	512	
FL	11600	11600	34	35	2	10	20	19	13	67	2	14862895	6075	4775	148	1925	4244	4632	2536	13292	512	
FL	11625	11625	33	33	2	11	21	19	13	67	2	14854690	6075	4775	148	1925	4244	4632	2536	13292	512	
FL	11650	11650	33	30	2	11	21	18	14	64	1	14846388	6075	4775	148	1925	4244	4632	2536	13292	512	
FL	11675	11675	34	31	2	11	21	19	14	62	1	14838008	6075	4775	148	1925	4244	4632	2536	13292	512	
FL	11700	11700	36	31	3	12	23	18	15	61	1	14829605	6075	4775	148	1925	4244	4632	2536	13292	512	
FL	11725	11725	36	31	3	11	23	20	15	55	1	14821177	6075	4775	148	1925	4244	4632	2536	13292	512	
FL	11750	11750	34	30	3	12	23	20	16	56	1	14812594	6075	4775	148	1925	4244	4632	2536	13292	512	
FL	11775	11775	35	31	3	12	23	21	15	58	1	14804093	6075	4775	148	1925	4244	4632	2536	13292	512	
FL	11800	11800	33	28	3	12	25	23	15	57	2	14795605	6075	4775	148	1925	4244	4632	2536	13292	512	
FL	11825	11825	37	27	3	12	26	23	15	55	2	14787016	6075	4775	148	1925	4244	4632	2536	13292	512	
FL	11850	11850	36	27	3	15	26	22	14	54	2	14778357	6075	4775	148	1925	4244	4632	2536	13292	512	
FL	11875	11875	35	26	3	12	25	21	14	56	2	14769729	6075	4775	148	1925	4244	4632	2536	13292	512	
FL	11900	11900	38	26	3	14	26	21	13	60	2	14761047	6075	4775	148	1925	4244	4632	2536	13292	512	
FL	11925	11925	43	21	1	14	26	21	13	60	2	14752365	6075	4775	148	1925	4244	4632	2536	13292	512	
FL	11950	11950	42	21	1	15	23	19	12	60	2	14743836	6075	4775	148	1925	4244	4632	2536	13292	512	
FL	11975	11975	40	23	1	16	22	17	11	60	2	14735509	6075	4775	148	1925	4244	4632	2536	13292	512	
FL	12000	12000	42	24	1	16	19	17	10	62	3	14727327	6075	4775	148	1925	4244	4632	2536	13292	512	
FL	12025	12025	42	23	1	17	19	16	10	57	3	14719289	6075	4775	148	1925	4244	4632	2536	13292	512	
FL	12050	12050	41	24	1	16	21	16	10	60	3	14711302	6075	4775	148	1925	4244	4632	2536	13292	512	
FL	12075	12075	40	23	1	15	21	17	12	60	3	14703207	6075	4775	148	1925	4244	4632	2536	13292	512	
FL	12100	12100	41	23	1	14	23	17	13	58	3	14695222	6075	4775	148	1925	4244	4632	2536	13292	512	
FL	12125	12125	44	24	1	14	24	17	12	61	3	14687314	6075	4775	148	1925	4244	4632	2536	13292	512	
FL	12150	12150	45	23	1	13	23	16	12	60	3	14679413	6075	4775	148	1925	4244	4632	2536	13292	512	
FL	12175	12175	49	25	1	13	21	17	12	61	3	14671433	6075	4775	148	1925	4244	4632	2536	13292	512	
FL	12200	12200	49	24	1	13	22	19	11	61	3	14663607	6075	4775	148	1925	4244	4632	2536	13292	512	
FL	12225	12225	51	22	1	14	22	17	12	58	3	14655814	6075	4775	148	1925	4244	4632	2536	13292	512	
FL	12250	12250	49	22	1	14	19	20	12	59	2	14648265	6075	4775	148	1925	4244	4632	2536	13292	512	
FL	12275	12275	46	22	0	14	17	21	12	60	2	14640668	6075	4775	148	1925	4244	4632	2536	13292	512	
FL	12300	12300	46	23	0	13	18	20	13	58	3	14633292	6075	4775	148	1925	4244	4632	2536	13292	512	
FL	12325	12325	45	26	0	12	19	20	12	57	3	14625848	6075	4775	148	1925	4244	4632	2536	13292	512	
FL	12350	12350	45	25	0	12	20	21	13	59	3	14618424	6075	4775	148	1925	4244	4632	2536	13292	512	
FL	12375	12375	46	27	0	13	20	20	13	59	3	14610802	6075	4775	148	1925	4244	4632	2536	13292	512	
FL	12400	12400	40	27	0	12	19	20	17	61	3	14603154	6075	4775	148	1925	4244	4632	2536	13292	512	
FL	12425	12425	42	27	0	13	20	20	16	61	3	14595349	6075	4775	148	1925	4244	4632	2536	13292	512	
FL	12450	12450	38	28	0	14	20	22	15	57	3	14587512	6075	4775	148	1925	4244	4632	2536	13292	512	
FL	12475	12475	36	27	0	14	20	25	16	60	3	14579718	6075	4775	148	1925	4244	4632	2536	13292	512	
FL	12500	12500	33	28	0	13	21	26	15	58	2	14571899	6075	4775	148	1925	4244	4632	2536	13292	512	
