FL	0	0	21	33	0	37	18	5	7	76	5	19965058	6075	4775	148	1925	4244	4632	2536	13292	512	
FL	-25	-25	23	34	0	33	18	5	6	75	5	19964889	6075	4775	148	1925	4244	4632	2536	13292	512	
FL	-50	-50	24	33	0	32	19	4	6	71	5	19964383	6075	4775	148	1925	4244	4632	2536	13292	512	
FL	-75	-75	22	32	0	29	18	3	5	71	5	19963624	6075	4775	148	1925	4244	4632	2536	13292	512	
FL	-100	-100	21	32	0	29	18	3	5	75	5	19962619	6075	4775	148	1925	4244	4632	2536	13292	512	
FL	-125	-125	23	31	0	30	18	3	5	76	4	19961381	6075	4775	148	1925	4244	4632	2536	13292	512	
FL	-150	-150	27	31	0	30	18	3	5	78	3	19959811	6075	4775	148	1925	4244	4632	2536	13292	512	
FL	-175	-175	25	30	0	28	17	5	7	77	3	19957948	6075	4775	148	1925	4244	4632	2536	13292	512	
FL	-200	-200	27	29	0	26	17	5	8	75	3	19955655	6075	4775	148	1925	4244	4632	2536	13292	512	
FL	-225	-225	28	28	0	28	18	5	7	70	3	19952903	6075	4775	148	1925	4244	4632	2536	13292	512	
FL	-250	-250	26	32	0	28	21	5	7	67	3	19949548	6075	4775	148	1925	4244	4632	2536	13292	512	
FL	-275	-275	25	29	0	31	22	6	7	69	3	19945565	6075	4775	148	1925	4244	4632	2536	13292	512	
FL	-300	-300	26	30	0	32	23	7	7	71	3	19940917	6075	4775	148	1925	4244	4632	2536	13292	512	
FL	-325	-325	27	30	0	31	20	7	7	72	1	19935635	6075	4775	148	1925	4244	4632	2536	13292	512	
FL	-350	-350	29	28	0	32	19	7	7	74	1	19929480	6075	4775	148	1925	4244	4632	2536	13292	512	
FL	-375	-375	30	31	0	34	19	7	7	75	1	19922353	6075	4775	148	1925	4244	4632	2536	13292	512	
FL	-400	-400	30	34	0	32	20	8	7	75	1	19914157	6075	4775	148	1925	4244	4632	2536	13292	512	
FL	-425	-425	31	32	0	34	23	11	5	75	1	19904841	6075	4775	148	1925	4244	4632	2536	13292	512	
FL	-450	-450	33	32	0	33	25	12	5	78	1	19894687	6075	4775	148	1925	4244	4632	2536	13292	512	
FL	-475	-475	30	30	0	35	25	12	5	79	1	19884010	6075	4775	148	1925	4244	4632	2536	13292	512	
FL	-500	-500	31	30	0	36	24	11	8	82	1	19872429	6075	4775	148	1925	4244	4632	2536	13292	512	
FL	-525	-525	32	32	0	29	22	11	8	82	1	19859975	6075	4775	148	1925	4244	4632	2536	13292	512	
FL	-550	-550	35	33	0	28	24	11	9	80	0	19846644	6075	4775	148	1925	4244	4632	2536	13292	512	
FL	-575	-575	36	33	0	26	25	11	10	77	0	19832731	6075	4775	148	1925	4244	4632	2536	13292	512	
FL	-600	-600	36	36	0	25	22	10	10	76	0	19818130	6075	4775	148	1925	4244	4632	2536	13292	512	
FL	-625	-625	37	38	0	25	21	12	10	78	0	19803022	6075	4775	148	1925	4244	4632	2536	13292	512	
FL	-650	-650	37	41	0	20	24	13	10	78	0	19787150	6075	4775	148	1925	4244	4632	2536	13292	512	
FL	-675	-675	36	40	0	17	25	15	9	79	1	19770677	6075	4775	148	1925	4244	4632	2536	13292	512	
FL	-700	-700	34	38	0	14	26	15	10	81	1	19753709	6075	4775	148	1925	4244	4632	2536	13292	512	
FL	-725	-725	37	39	0	12	26	17	11	81	1	19736585	6075	4775	148	1925	4244	4632	2536	13292	512	
FL	-750	-750	35	40	0	13	28	17	12	78	1	19719403	6075	4775	148	1925	4244	4632	2536	13292	512	
FL	-775	-775	36	41	0	12	26	19	12	74	1	19702242	6075	4775	148	1925	4244	4632	2536	13292	512	
FL	-800	-800	40	39	0	11	24	19	11	76	2	19684898	6075	4775	148	1925	4244	4632	2536	13292	512	
FL	-825	-825	45	38	1	13	22	20	11	71	3	19667296	6075	4775	148	1925	4244	4632	2536	13292	512	
FL	-850	-850	48	36	1	13	23	20	10	70	3	19649583	6075	4775	148	1925	4244	4632	2536	13292	512	
FL	-875	-875	48	39	1	12	19	20	7	69	3	19631883	6075	4775	148	1925	4244	4632	2536	13292	512	
FL	-900	-900	49	38	2	14	19	20	7	70	3	19613981	6075	4775	148	1925	4244	4632	2536	13292	512	
FL	-925	-925	51	41	2	14	17	20	7	71	3	19595838	6075	4775	148	1925	4244	4632	2536	13292	512	
FL	-950	-950	47	41	2	16	18	18	7	66	3	19577648	6075	4775	148	1925	4244	4632	2536	13292	512	
FL	-975	-975	41	40	2	15	18	18	7	75	3	19559500	6075	4775	148	1925	4244	4632	2536	13292	512	
FL	-1000	-1000	39	43	2	16	17	17	8	78	3	19541299	6075	4775	148	1925	4244	4632	2536	13292	512	
FL	-1025	-1025	37	41	2	17	18	19	10	82	3	19523109	6075	4775	148	1925	4244	4632	2536	13292	512	
FL	-1050	-1050	37	40	2	17	17	23	10	82	2	19504928	6075	4775	148	1925	4244	4632	2536	13292	512	
FL	-1075	-1075	38	40	2	17	17	22	10	86	2	19487160	6075	4775	148	1925	4244	4632	2536	13292	512	
FL	-1100	-1100	38	43	2	18	20	23	8	86	2	19469519	6075	4775	148	1925	4244	4632	2536	13292	512	
FL	-1125	-1125	36	43	1	18	20	23	8	89	2	19452122	6075	4775	148	1925	4244	4632	2536	13292	512	
FL	-1150	-1150	37	43	1	18	20	25	7	90	2	19434835	6075	4775	148	1925	4244	4632	2536	13292	512	
FL	-1175	-1175	33	42	1	18	22	23	7	89	2	19417436	6075	4775	148	1925	4244	4632	2536	13292	512	
FL	-1200	-1200	32	42	1	19	21	21	9	88	2	19400031	6075	4775	148	1925	4244	4632	2536	13292	512	
FL	-1225	-1225	32	42	1	19	20	21	10	91	1	19382955	6075	4775	148	1925	4244	4632	2536	13292	512	
FL	-1250	-1250	32	42	1	21	22	21	12	93	1	19366228	6075	4775	148	1925	4244	4632	2536	13292	512	
FL	-1275	-1275	34	44	0	22	23	20	12	94	0	19349503	6075	4775	148	1925	4244	4632	2536	13292	512	
FL	-1300	-1300	32	45	0	24	21	20	12	93	0	19332704	6075	4775	148	1925	4244	4632	2536	13292	512	
FL	-1325	-1325	34	46	0	25	21	19	13	90	0	19315555	6075	4775	148	1925	4244	4632	2536	13292	512	
FL	-1350	-1350	32	48	0	26	21	21	13	86	1	19298530	6075	4775	148	1925	4244	4632	2536	13292	512	
FL	-1375	-1375	29	42	0	25	20	22	15	86	1	19281639	6075	4775	148	1925	4244	4632	2536	13292	512	
FL	-1400	-1400	29	39	0	24	18	22	15	88	1	19264647	6075	4775	148	1925	4244	4632	2536	13292	512	
FL	-1425	-1425	30	39	0	28	18	22	15	85	1	19247541	6075	4775	148	1925	4244	4632	2536	13292	512	
FL	-1450	-1450	28	41	0	29	17	23	15	80	1	19230356	6075	4775	148	1925	4244	4632	2536	13292	512	
FL	-1475	-1475	26	41	0	29	18	24	15	81	1	19213286	6075	4775	148	1925	4244	4632	2536	13292	512	
FL	-1500	-1500	26	36	0	28	16	23	15	81	0	19196861	6075	4775	148	1925	4244	4632	2536	13292	512	
FL	-1525	-1525	27	37	0	31	19	23	17	89	0	19180755	6075	4775	148	1925	4244	4632	2536	13292	512	
FL	-1550	-1550	28	35	0	29	17	21	19	87	1	19164981	6075	4775	148	1925	4244	4632	2536	13292	512	
FL	-1575	-1575	27	36	1	29	19	19	18	87	1	19149174	6075	4775	148	1925	4244	4632	2536	13292	512	
FL	-1600	-1600	29	33	1	30	19	18	18	88	1	19133352	6075	4775	148	1925	4244	4632	2536	13292	512	
FL	-1625	-1625	28	33	1	30	17	19	17	90	1	19117506	6075	4775	148	1925	4244	4632	2536	13292	512	
FL	-1650	-1650	30	33	1	30	18	21	16	87	1	19101986	6075	4775	148	1925	4244	4632	2536	13292	512	
FL	-1675	-1675	32	35	1	32	17	22	16	88	1	19086489	6075	4775	148	1925	4244	4632	2536	13292	512	
FL	-1700	-1700	32	37	1	36	17	21	16	86	1	19071281	6075	4775	148	1925	4244	4632	2536	13292	512	
FL	-1725	-1725	35	38	2	35	21	23	16	81	1	19056013	6075	4775	148	1925	4244	4632	2536	13292	512	
FL	-1750	-1750	37	37	2	34	20	24	16	77	1	19040605	6075	4775	148	1925	4244	4632	2536	13292	512	
FL	-1775	-1775	36	38	2	34	20	24	15	76	1	19025340	6075	4775	148	1925	4244	4632	2536	13292	512	
FL	-1800	-1800	43	36	2	30	20	22	14	72	1	19009889	6075	4775	148	1925	4244	4632	2536	13292	512	
FL	-1825	-1825	40	37	2	29	22	22	13	73	1	18994537	6075	4775	148	1925	4244	4632	2536	13292	512	
FL	-1850	-1850	40	40	2	28	24	20	13	73	1	18979301	6075	4775	148	1925	4244	4632	2536	13292	512	
FL	-1875	-1875	44	38	2	26	25	22	14	77	2	18964210	6075	4775	148	1925	4244	4632	2536	13292	512	
FL	-1900	-1900	44	38	2	26	27	23	13	80	2	18949189	6075	4775	148	1925	4244	4632	2536	13292	512	
FL	-1925	-1925	47	44	2	27	28	24	14	81	2	18934206	6075	4775	148	1925	4244	4632	2536	13292	512	
FL	-1950	-1950	46	43	2	25	29	23	13	82	2	18919295	6075	4775	148	1925	4244	4632	2536	13292	512	
FL	-1975	-1975	45	46	2	26	28	23	11	84	2	18904172	6075	4775	148	1925	4244	4632	2536	13292	512	
FL	-2000	-2000	43	45	2	27	31	26	12	86	2	18888847	6075	4775	148	1925	4244	4632	2536	13292	512	
FL	-2025	-2025	42	45	2	30	30	29	11	86	2	18873604	6075	4775	148	1925	4244	4632	2536	13292	512	
FL	-2050	-2050	40	42	2	31	31	28	11	89	2	18858563	6075	4775	148	1925	4244	4632	2536	13292	512	
FL	-2075	-2075	36	42	2	30	31	29	11	91	2	18843501	6075	4775	148	1925	4244	4632	2536	13292	512	
FL	-2100	-2100	38	41	2	28	31	28	13	93	2	18828345	6075	4775	148	1925	4244	4632	2536	13292	512	
FL	-2125	-2125	43	40	2	26	31	27	10	93	2	18813066	6075	4775	148	1925	4244	4632	2536	13292	512	
FL	-2150	-2150	44	40	2	23	33	27	10	95	2	18798157	6075	4775	148	1925	4244	4632	2536	13292	512	
FL	-2175	-2175	45	41	2	20	34	27	11	94	2	18783647	6075	4775	148	1925	4244	4632	2536	13292	512	
FL	-2200	-2200	43	41	2	19	35	27	13	91	2	18769093	6075	4775	148	1925	4244	4632	2536	13292	512	
FL	-2225	-2225	43	41	4	17	34	29	14	88	1	18754584	6075	4775	148	1925	4244	4632	2536	13292	512	
FL	-2250	-2250	42	41	5	18	33	29	16	82	1	18740023	6075	4775	148	1925	4244	4632	2536	13292	512	
FL	-2275	-2275	41	40	4	18	33	27	19	77	3	18725461	6075	4775	148	1925	4244	4632	2536	13292	512	
FL	-2300	-2300	43	37	4	19	29	29	19	77	3	18711061	6075	4775	148	1925	4244	4632	2536	13292	512	
FL	-2325	-2325	42	35	4	17	26	27	18	78	3	18696689	6075	4775	148	1925	4244	4632	2536	13292	512	
FL	-2350	-2350	43	34	4	17	25	31	19	77	3	18682399	6075	4775	148	1925	4244	4632	2536	13292	512	
FL	-2375	-2375	44	36	4	17	23	32	18	78	3	18668053	6075	4775	148	1925	4244	4632	2536	13292	512	
FL	-2400	-2400	45	35	4	16	21	30	18	75	3	18653659	6075	4775	148	1925	4244	4632	2536	13292	512	
FL	-2425	-2425	43	35	4	15	21	31	14	74	3	18639266	6075	4775	148	1925	4244	4632	2536	13292	512	
FL	-2450	-2450	44	32	4	13	18	28	14	71	3	18624998	6075	4775	148	1925	4244	4632	2536	13292	512	
FL	-2475	-2475	41	33	4	12	19	25	14	67	3	18610736	6075	4775	148	1925	4244	4632	2536	13292	512	
FL	-2500	-2500	39	34	4	11	17	25	13	71	3	18596733	6075	4775	148	1925	4244	4632	2536	13292	512	
FL	-2525	-2525	40	36	4	11	16	24	13	64	3	18582641	6075	4775	148	1925	4244	4632	2536	13292	512	
FL	-2550	-2550	42	34	3	10	17	25	13	63	2	18568573	6075	4775	148	1925	4244	4632	2536	13292	512	
FL	-2575	-2575	39	32	3	6	15	25	13	62	2	18554423	6075	4775	148	1925	4244	4632	2536	13292	512	
FL	-2600	-2600	36	34	3	8	17	28	12	61	1	18540313	6075	4775	148	1925	4244	4632	2536	13292	512	
FL	-2625	-2625	36	33	4	7	19	26	14	62	1	18526335	6075	4775	148	1925	4244	4632	2536	13292	512	
FL	-2650	-2650	35	33	4	6	20	27	14	62	1	18512457	6075	4775	148	1925	4244	4632	2536	13292	512	
FL	-2675	-2675	35	36	4	7	20	29	15	64	2	18498776	6075	4775	148	1925	4244	4632	2536	13292	512	
FL	-2700	-2700	38	38	4	6	22	27	15	68	2	18484985	6075	4775	148	1925	4244	4632	2536	13292	512	
FL	-2725	-2725	35	40	4	9	20	25	16	69	2	18470891	6075	4775	148	1925	4244	4632	2536	13292	512	
FL	-2750	-2750	32	42	4	9	19	25	13	69	2	18456874	6075	4775	148	1925	4244	4632	2536	13292	512	
FL	-2775	-2775	35	43	4	10	20	27	12	71	2	18443139	6075	4775	148	1925	4244	4632	2536	13292	512	
FL	-2800	-2800	37	44	2	11	20	24	13	73	3	18429571	6075	4775	148	1925	4244	4632	2536	13292	512	
FL	-2825	-2825	37	42	2	13	18	26	10	74	2	18416184	6075	4775	148	1925	4244	4632	2536	13292	512	
FL	-2850	-2850	40	37	2	15	19	26	10	74	2	18403050	6075	4775	148	1925	4244	4632	2536	13292	512	
FL	-2875	-2875	36	37	2	16	19	24	10	74	2	18390161	6075	4775	148	1925	4244	4632	2536	13292	512	
FL	-2900	-2900	36	39	2	16	19	23	11	74	2	18377154	6075	4775	148	1925	4244	4632	2536	13292	512	
FL	-2925	-2925	33	37	2	17	17	26	11	71	2	18363883	6075	4775	148	1925	4244	4632	2536	13292	512	
FL	-2950	-2950	35	39	2	17	18	28	11	70	2	18350708	6075	4775	148	1925	4244	4632	2536	13292	512	
FL	-2975	-2975	37	36	2	16	20	29	12	72	2	18337758	6075	4775	148	1925	4244	4632	2536	13292	512	
FL	-3000	-3000	37	40	2	17	19	30	13	72	3	18324629	6075	4775	148	1925	4244	4632	2536	13292	512	
FL	-3025	-3025	38	39	2	18	24	32	13	72	3	18311612	6075	4775	148	1925	4244	4632	2536	13292	512	
FL	-3050	-3050	43	38	2	21	24	36	13	68	3	18298511	6075	4775	148	1925	4244	4632	2536	13292	512	
FL	-3075	-3075	45	36	2	21	24	39	13	65	3	18285495	6075	4775	148	1925	4244	4632	2536	13292	512	
FL	-3100	-3100	41	36	2	21	26	37	12	67	3	18272636	6075	4775	148	1925	4244	4632	2536	13292	512	
FL	-3125	-3125	40	35	2	23	29	39	12	60	3	18259764	6075	4775	148	1925	4244	4632	2536	13292	512	
FL	-3150	-3150	41	36	2	25	29	40	11	61	3	18246802	6075	4775	148	1925	4244	4632	2536	13292	512	
FL	-3175	-3175	41	35	2	26	26	38	11	59	3	18233722	6075	4775	148	1925	4244	4632	2536	13292	512	
FL	-3200	-3200	42	35	0	26	27	38	13	62	3	18220518	6075	4775	148	1925	4244	4632	2536	13292	512	
FL	-3225	-3225	42	33	0	25	22	35	13	63	2	18207245	6075	4775	148	1925	4244	4632	2536	13292	512	
FL	-3250	-3250	40	34	0	25	22	37	11	64	3	18193898	6075	4775	148	1925	4244	4632	2536	13292	512	
FL	-3275	-3275	38	32	1	23	20	37	12	60	3	18180553	6075	4775	148	1925	4244	4632	2536	13292	512	
FL	-3300	-3300	37	30	1	23	19	36	14	65	3	18167269	6075	4775	148	1925	4244	4632	2536	13292	512	
FL	-3325	-3325	37	26	1	22	18	36	15	63	3	18154222	6075	4775	148	1925	4244	4632	2536	13292	512	
FL	-3350	-3350	38	28	1	20	18	31	12	60	3	18141020	6075	4775	148	1925	4244	4632	2536	13292	512	
FL	-3375	-3375	39	29	1	17	18	32	14	65	3	18127840	6075	4775	148	1925	4244	4632	2536	13292	512	
FL	-3400	-3400	42	30	1	17	16	31	18	67	2	18114547	6075	4775	148	1925	4244	4632	2536	13292	512	
FL	-3425	-3425	42	25	1	20	17	29	20	69	2	18100961	6075	4775	148	1925	4244	4632	2536	13292	512	
FL	-3450	-3450	41	28	1	19	16	29	18	70	2	18087482	6075	4775	148	1925	4244	4632	2536	13292	512	
FL	-3475	-3475	41	32	1	21	16	30	19	66	2	18074308	6075	4775	148	1925	4244	4632	2536	13292	512	
FL	-3500	-3500	39	36	1	19	16	30	21	65	3	18060935	6075	4775	148	1925	4244	4632	2536	13292	512	
FL	-3525	-3525	39	37	1	19	15	30	22	67	3	18047359	6075	4775	148	1925	4244	4632	2536	13292	512	
FL	-3550	-3550	40	38	1	19	14	30	23	70	3	18034019	6075	4775	148	1925	4244	4632	2536	13292	512	
FL	-3575	-3575	37	37	1	16	16	26	24	68	4	18020829	6075	4775	148	1925	4244	4632	2536	13292	512	
FL	-3600	-3600	36	37	1	13	16	26	23	67	5	18007570	6075	4775	148	1925	4244	4632	2536	13292	512	
FL	-3625	-3625	36	33	1	13	16	26	22	66	5	17994294	6075	4775	148	1925	4244	4632	2536	13292	512	
FL	-3650	-3650	33	34	1	12	13	25	22	66	5	17980923	6075	4775	148	1925	4244	4632	2536	13292	512	
FL	-3675	-3675	33	33	1	13	14	27	21	74	4	17967622	6075	4775	148	1925	4244	4632	2536	13292	512	
FL	-3700	-3700	34	35	1	11	14	27	20	71	4	17954466	6075	4775	148	1925	4244	4632	2536	13292	512	
FL	-3725	-3725	34	37	1	11	13	27	18	71	4	17941325	6075	4775	148	1925	4244	4632	2536	13292	512	
FL	-3750	-3750	35	41	1	13	14	28	18	70	4	17928278	6075	4775	148	1925	4244	4632	2536	13292	512	
FL	-3775	-3775	32	41	1	13	14	26	18	73	4	17915643	6075	4775	148	1925	4244	4632	2536	13292	512	
FL	-3800	-3800	31	41	1	15	15	27	19	72	3	17902908	6075	4775	148	1925	4244	4632	2536	13292	512	
FL	-3825	-3825	34	40	1	16	14	28	20	69	3	17890002	6075	4775	148	1925	4244	4632	2536	13292	512	
FL	-3850	-3850	31	39	1	17	14	31	20	69	3	17877175	6075	4775	148	1925	4244	4632	2536	13292	512	
FL	-3875	-3875	31	44	1	15	16	35	18	71	3	17864461	6075	4775	148	1925	4244	4632	2536	13292	512	
FL	-3900	-3900	36	44	0	16	18	36	18	67	3	17851965	6075	4775	148	1925	4244	4632	2536	13292	512	
FL	-3925	-3925	36	39	0	13	18	36	19	67	3	17839391	6075	4775	148	1925	4244	4632	2536	13292	512	
FL	-3950	-3950	36	39	1	13	19	37	18	71	2	17826987	6075	4775	148	1925	4244	4632	2536	13292	512	
FL	-3975	-3975	35	39	1	12	19	38	18	69	2	17814848	6075	4775	148	1925	4244	4632	2536	13292	512	
FL	-4000	-4000	36	37	1	12	18	37	19	68	3	17802825	6075	4775	148	1925	4244	4632	2536	13292	512	
FL	-4025	-4025	38	36	1	14	17	37	19	69	3	17790728	6075	4775	148	1925	4244	4632	2536	13292	512	
FL	-4050	-4050	38	40	1	12	16	38	20	71	3	17778628	6075	4775	148	1925	4244	4632	2536	13292	512	
FL	-4075	-4075	36	39	1	12	16	37	19	68	4	17766518	6075	4775	148	1925	4244	4632	2536	13292	512	
FL	-4100	-4100	34	37	1	12	14	33	19	70	4	17754498	6075	4775	148	1925	4244	4632	2536	13292	512	
FL	-4125	-4125	36	38	1	11	18	29	18	66	3	17742660	6075	4775	148	1925	4244	4632	2536	13292	512	
FL	-4150	-4150	37	35	1	11	20	29	20	63	3	17730826	6075	4775	148	1925	4244	4632	2536	13292	512	
FL	-4175	-4175	39	33	1	12	21	28	21	65	3	17719028	6075	4775	148	1925	4244	4632	2536	13292	512	
FL	-4200	-4200	38	35	1	11	22	28	20	65	4	17707027	6075	4775	148	1925	4244	4632	2536	13292	512	
FL	-4225	-4225	37	36	2	12	23	25	21	65	4	17694993	6075	4775	148	1925	4244	4632	2536	13292	512	
FL	-4250	-4250	37	36	1	13	23	25	22	66	5	17682782	6075	4775	148	1925	4244	4632	2536	13292	512	
FL	-4275	-4275	34	38	1	14	22	24	22	68	6	17670727	6075	4775	148	1925	4244	4632	2536	13292	512	
FL	-4300	-4300	33	36	1	13	21	25	22	71	6	17658933	6075	4775	148	1925	4244	4632	2536	13292	512	
FL	-4325	-4325	32	37	1	12	19	25	21	72	7	17647138	6075	4775	148	1925	4244	4632	2536	13292	512	
FL	-4350	-4350	35	36	1	14	17	25	20	74	7	17635325	6075	4775	148	1925	4244	4632	2536	13292	512	
FL	-4375	-4375	37	37	1	13	13	24	21	74	8	17623584	6075	4775	148	1925	4244	4632	2536	13292	512	
FL	-4400	-4400	37	39	1	12	15	24	19	70	8	17611803	6075	4775	148	1925	4244	4632	2536	13292	512	
FL	-4425	-4425	40	38	1	15	15	22	19	66	8	17599753	6075	4775	148	1925	4244	4632	2536	13292	512	
FL	-4450	-4450	35	39	1	14	16	20	20	66	8	17587719	6075	4775	148	1925	4244	4632	2536	13292	512	
FL	-4475	-4475	35	39	1	13	14	19	20	65	7	17575689	6075	4775	148	1925	4244	4632	2536	13292	512	
FL	-4500	-4500	34	38	1	14	14	21	20	63	7	17563808	6075	4775	148	1925	4244	4632	2536	13292	512	
FL	-4525	-4525	35	38	1	13	16	20	20	62	7	17552021	6075	4775	148	1925	4244	4632	2536	13292	512	
FL	-4550	-4550	34	36	3	15	18	21	21	60	6	17540211	6075	4775	148	1925	4244	4632	2536	13292	512	
FL	-4575	-4575	34	34	3	15	18	26	22	60	5	17528613	6075	4775	148	1925	4244	4632	2536	13292	512	
FL	-4600	-4600	33	34	3	16	17	25	23	60	5	17517098	6075	4775	148	1925	4244	4632	2536	13292	512	
FL	-4625	-4625	35	32	3	17	17	27	21	62	4	17505527	6075	4775	148	1925	4244	4632	2536	13292	512	
FL	-4650	-4650	34	35	3	21	17	29	24	60	4	17494087	6075	4775	148	1925	4244	4632	2536	13292	512	
FL	-4675	-4675	34	34	2	22	15	29	22	59	4	17482472	6075	4775	148	1925	4244	4632	2536	13292	512	
FL	-4700	-4700	33	35	2	22	13	26	22	62	4	17470799	6075	4775	148	1925	4244	4632	2536	13292	512	
FL	-4725	-4725	31	36	2	20	14	26	22	60	4	17459113	6075	4775	148	1925	4244	4632	2536	13292	512	
FL	-4750	-4750	31	38	2	19	16	28	25	53	3	17447485	6075	4775	148	1925	4244	4632	2536	13292	512	
FL	-4775	-4775	33	35	2	21	17	27	27	56	3	17436031	6075	4775	148	1925	4244	4632	2536	13292	512	
FL	-4800	-4800	33	35	2	20	17	28	26	61	3	17424808	6075	4775	148	1925	4244	4632	2536	13292	512	
FL	-4825	-4825	33	32	2	20	18	28	26	59	3	17413696	6075	4775	148	1925	4244	4632	2536	13292	512	
FL	-4850	-4850	35	34	2	21	20	28	23	59	3	17402570	6075	4775	148	1925	4244	4632	2536	13292	512	
FL	-4875	-4875	32	33	2	20	20	32	23	61	3	17391536	6075	4775	148	1925	4244	4632	2536	13292	512	
FL	-4900	-4900	32	30	2	20	21	32	23	60	3	17380366	6075	4775	148	1925	4244	4632	2536	13292	512	
FL	-4925	-4925	33	31	2	21	20	33	21	59	3	17369199	6075	4775	148	1925	4244	4632	2536	13292	512	
FL	-4950	-4950	32	31	2	22	18	32	20	60	3	17357961	6075	4775	148	1925	4244	4632	2536	13292	512	
FL	-4975	-4975	32	33	2	21	18	32	19	54	2	17346670	6075	4775	148	1925	4244	4632	2536	13292	512	
FL	-5000	-5000	31	39	1	22	17	33	19	54	2	17335468	6075	4775	148	1925	4244	4632	2536	13292	512	
FL	-5025	-5025	36	39	0	23	16	30	17	56	2	17324225	6075	4775	148	1925	4244	4632	2536	13292	512	
FL	-5050	-5050	34	38	0	20	16	30	18	61	2	17313047	6075	4775	148	1925	4244	4632	2536	13292	512	
FL	-5075	-5075	37	38	0	20	17	28	17	56	2	17301738	6075	4775	148	1925	4244	4632	2536	13292	512	
FL	-5100	-5100	36	38	0	19	17	33	15	52	2	17290530	6075	4775	148	1925	4244	4632	2536	13292	512	
FL	-5125	-5125	38	36	0	18	21	31	17	52	2	17279044	6075	4775	148	1925	4244	4632	2536	13292	512	
FL	-5150	-5150	39	34	0	19	21	30	14	52	2	17267509	6075	4775	148	1925	4244	4632	2536	13292	512	
FL	-5175	-5175	41	33	0	19	21	29	16	54	2	17256252	6075	4775	148	1925	4244	4632	2536	13292	512	
FL	-5200	-5200	40	33	0	19	22	28	16	53	2	17244938	6075	4775	148	1925	4244	4632	2536	13292	512	
FL	-5225	-5225	37	34	0	20	22	30	17	56	2	17233649	6075	4775	148	1925	4244	4632	2536	13292	512	
FL	-5250	-5250	38	30	0	19	23	28	17	54	2	17222235	6075	4775	148	1925	4244	4632	2536	13292	512	
FL	-5275	-5275	38	32	0	19	22	28	15	56	2	17210826	6075	4775	148	1925	4244	4632	2536	13292	512	
FL	-5300	-5300	37	30	0	17	21	26	16	57	3	17199502	6075	4775	148	1925	4244	4632	2536	13292	512	
FL	-5325	-5325	38	30	0	17	20	27	17	57	3	17188128	6075	4775	148	1925	4244	4632	2536	13292	512	
FL	-5350	-5350	37	31	0	15	18	26	17	59	2	17176499	6075	4775	148	1925	4244	4632	2536	13292	512	
FL	-5375	-5375	38	32	0	15	23	26	17	64	3	17165115	6075	4775	148	1925	4244	4632	2536	13292	512	
FL	-5400	-5400	35	31	0	14	23	25	17	65	3	17154011	6075	4775	148	1925	4244	4632	2536	13292	512	
FL	-5425	-5425	35	30	0	15	23	23	16	66	2	17142996	6075	4775	148	1925	4244	4632	2536	13292	512	
FL	-5450	-5450	35	30	0	14	23	24	15	71	2	17131867	6075	4775	148	1925	4244	4632	2536	13292	512	
FL	-5475	-5475	30	32	0	14	21	25	13	74	3	17120633	6075	4775	148	1925	4244	4632	2536	13292	512	
FL	-5500	-5500	32	32	0	15	20	28	12	74	3	17109536	6075	4775	148	1925	4244	4632	2536	13292	512	
FL	-5525	-5525	31	30	0	14	20	30	13	76	3	17098350	6075	4775	148	1925	4244	4632	2536	13292	512	
FL	-5550	-5550	29	30	0	11	18	28	14	75	3	17087101	6075	4775	148	1925	4244	4632	2536	13292	512	
FL	-5575	-5575	34	32	1	11	16	30	14	70	3	17075994	6075	4775	148	1925	4244	4632	2536	13292	512	
FL	-5600	-5600	34	32	1	14	16	29	13	69	3	17065075	6075	4775	148	1925	4244	4632	2536	13292	512	
FL	-5625	-5625	36	34	1	14	17	31	14	66	3	17054269	6075	4775	148	1925	4244	4632	2536	13292	512	
FL	-5650	-5650	33	33	1	15	16	30	14	67	3	17043385	6075	4775	148	1925	4244	4632	2536	13292	512	
FL	-5675	-5675	36	32	1	14	13	28	15	68	3	17032460	6075	4775	148	1925	4244	4632	2536	13292	512	
FL	-5700	-5700	41	34	1	13	12	28	14	68	3	17021575	6075	4775	148	1925	4244	4632	2536	13292	512	
FL	-5725	-5725	37	33	1	13	13	29	15	66	3	17010691	6075	4775	148	1925	4244	4632	2536	13292	512	
FL	-5750	-5750	41	31	1	14	13	32	12	63	2	16999887	6075	4775	148	1925	4244	4632	2536	13292	512	
FL	-5775	-5775	42	33	1	14	12	34	11	60	2	16989118	6075	4775	148	1925	4244	4632	2536	13292	512	
FL	-5800	-5800	42	33	1	14	13	32	10	63	2	16978614	6075	4775	148	1925	4244	4632	2536	13292	512	
FL	-5825	-5825	41	34	1	14	14	32	9	57	2	16968284	6075	4775	148	1925	4244	4632	2536	13292	512	
FL	-5850	-5850	44	33	2	16	12	30	8	60	3	16957759	6075	4775	148	1925	4244	4632	2536	13292	512	
FL	-5875	-5875	43	30	2	16	13	29	7	59	3	16947211	6075	4775	148	1925	4244	4632	2536	13292	512	
FL	-5900	-5900	42	28	2	16	13	34	8	65	5	16936644	6075	4775	148	1925	4244	4632	2536	13292	512	
FL	-5925	-5925	43	27	2	15	13	36	8	66	4	16926162	6075	4775	148	1925	4244	4632	2536	13292	512	
FL	-5950	-5950	41	26	2	15	11	35	8	58	4	16915554	6075	4775	148	1925	4244	4632	2536	13292	512	
FL	-5975	-5975	41	28	2	15	13	37	8	55	4	16905020	6075	4775	148	1925	4244	4632	2536	13292	512	
FL	-6000	-6000	40	28	2	15	14	37	10	55	4	16894255	6075	4775	148	1925	4244	4632	2536	13292	512	
FL	-6025	-6025	40	31	2	15	15	36	10	58	4	16883524	6075	4775	148	1925	4244	4632	2536	13292	512	
FL	-6050	-6050	40	33	2	14	17	38	10	53	4	16872904	6075	4775	148	1925	4244	4632	2536	13292	512	
FL	-6075	-6075	39	33	2	13	19	37	10	53	4	16862195	6075	4775	148	1925	4244	4632	2536	13292	512	
FL	-6100	-6100	37	37	2	13	22	38	8	56	4	16851349	6075	4775	148	1925	4244	4632	2536	13292	512	
FL	-6125	-6125	40	38	1	13	22	37	10	60	4	16840345	6075	4775	148	1925	4244	4632	2536	13292	512	
FL	-6150	-6150	39	38	1	13	21	37	10	58	4	16829407	6075	4775	148	1925	4244	4632	2536	13292	512	
FL	-6175	-6175	39	38	1	13	21	37	8	58	3	16818647	6075	4775	148	1925	4244	4632	2536	13292	512	
FL	-6200	-6200	36	36	0	13	21	33	10	57	2	16807742	6075	4775	148	1925	4244	4632	2536	13292	512	
FL	-6225	-6225	34	38	0	13	19	34	10	58	2	16796802	6075	4775	148	1925	4244	4632	2536	13292	512	
FL	-6250	-6250	32	38	0	12	20	33	11	58	2	16785957	6075	4775	148	1925	4244	4632	2536	13292	512	
FL	-6275	-6275	30	38	0	12	16	37	12	57	2	16774957	6075	4775	148	1925	4244	4632	2536	13292	512	
FL	-6300	-6300	32	37	0	12	17	39	11	58	1	16764076	6075	4775	148	1925	4244	4632	2536	13292	512	
FL	-6325	-6325	33	37	0	12	18	39	10	59	2	16753357	6075	4775	148	1925	4244	4632	2536	13292	512	
FL	-6350	-6350	31	32	0	11	18	38	10	58	2	16742579	6075	4775	148	1925	4244	4632	2536	13292	512	
FL	-6375	-6375	30	30	0	13	19	39	10	58	2	16731967	6075	4775	148	1925	4244	4632	2536	13292	512	
FL	-6400	-6400	31	34	0	13	19	38	12	62	2	16721240	6075	4775	148	1925	4244	4632	2536	13292	512	
FL	-6425	-6425	32	33	0	13	21	36	12	60	2	16710501	6075	4775	148	1925	4244	4632	2536	13292	512	
FL	-6450	-6450	33	35	0	12	21	36	12	57	2	16699887	6075	4775	148	1925	4244	4632	2536	13292	512	
FL	-6475	-6475	31	35	0	12	19	36	13	57	2	16689374	6075	4775	148	1925	4244	4632	2536	13292	512	
FL	-6500	-6500	32	34	0	13	18	36	15	57	2	16678754	6075	4775	148	1925	4244	4632	2536	13292	512	
FL	-6525	-6525	33	35	0	13	17	39	15	56	2	16668152	6075	4775	148	1925	4244	4632	2536	13292	512	
FL	-6550	-6550	30	32	0	12	19	39	15	54	2	16657821	6075	4775	148	1925	4244	4632	2536	13292	512	
FL	-6575	-6575	32	33	0	11	19	38	15	56	2	16647722	6075	4775	148	1925	4244	4632	2536	13292	512	
FL	-6600	-6600	33	32	0	11	17	37	14	55	2	16637528	6075	4775	148	1925	4244	4632	2536	13292	512	
FL	-6625	-6625	33	32	0	11	15	35	13	58	3	16627248	6075	4775	148	1925	4244	4632	2536	13292	512	
FL	-6650	-6650	32	32	0	10	15	32	12	58	3	16616997	6075	4775	148	1925	4244	4632	2536	13292	512	
FL	-6675	-6675	35	35	0	10	15	29	12	54	3	16606910	6075	4775	148	1925	4244	4632	2536	13292	512	
FL	-6700	-6700	36	35	0	11	15	31	10	55	3	16596842	6075	4775	148	1925	4244	4632	2536	13292	512	
FL	-6725	-6725	35	35	0	11	15	34	11	55	3	16586595	6075	4775	148	1925	4244	4632	2536	13292	512	
FL	-6750	-6750	38	34	0	10	15	32	12	55	4	16576377	6075	4775	148	1925	4244	4632	2536	13292	512	
FL	-6775	-6775	36	32	0	11	14	31	12	54	4	16566194	6075	4775	148	1925	4244	4632	2536	13292	512	
FL	-6800	-6800	39	31	0	11	14	31	14	50	5	16555975	6075	4775	148	1925	4244	4632	2536	13292	512	
FL	-6825	-6825	38	31	1	11	13	30	15	53	5	16545752	6075	4775	148	1925	4244	4632	2536	13292	512	
FL	-6850	-6850	34	33	1	12	14	28	14	54	6	16535448	6075	4775	148	1925	4244	4632	2536	13292	512	
FL	-6875	-6875	36	34	1	11	15	28	15	56	5	16524969	6075	4775	148	1925	4244	4632	2536	13292	512	
FL	-6900	-6900	34	35	1	12	16	27	16	57	5	16514414	6075	4775	148	1925	4244	4632	2536	13292	512	
FL	-6925	-6925	33	33	1	9	15	26	16	57	5	16503879	6075	4775	148	1925	4244	4632	2536	13292	512	
FL	-6950	-6950	36	35	1	9	13	27	16	61	5	16493365	6075	4775	148	1925	4244	4632	2536	13292	512	
FL	-6975	-6975	38	36	1	10	12	26	17	61	5	16482824	6075	4775	148	1925	4244	4632	2536	13292	512	
FL	-7000	-7000	38	31	1	11	15	25	17	60	5	16472466	6075	4775	148	1925	4244	4632	2536	13292	512	
FL	-7025	-7025	40	27	1	11	15	26	18	58	4	16462167	6075	4775	148	1925	4244	4632	2536	13292	512	
FL	-7050	-7050	40	26	1	11	16	24	20	60	4	16452030	6075	4775	148	1925	4244	4632	2536	13292	512	
FL	-7075	-7075	35	26	1	11	17	23	19	57	2	16442141	6075	4775	148	1925	4244	4632	2536	13292	512	
FL	-7100	-7100	34	25	1	11	18	25	19	53	2	16432330	6075	4775	148	1925	4244	4632	2536	13292	512	
FL	-7125	-7125	32	24	1	9	19	24	18	52	2	16422548	6075	4775	148	1925	4244	4632	2536	13292	512	
FL	-7150	-7150	31	23	1	8	21	23	17	51	2	16412703	6075	4775	148	1925	4244	4632	2536	13292	512	
FL	-7175	-7175	34	23	1	6	18	20	17	53	2	16402911	6075	4775	148	1925	4244	4632	2536	13292	512	
FL	-7200	-7200	34	26	1	5	18	21	16	53	2	16393231	6075	4775	148	1925	4244	4632	2536	13292	512	
FL	-7225	-7225	34	25	1	6	18	21	15	60	2	16383403	6075	4775	148	1925	4244	4632	2536	13292	512	
FL	-7250	-7250	35	26	1	7	19	20	16	55	2	16373518	6075	4775	148	1925	4244	4632	2536	13292	512	
FL	-7275	-7275	36	25	0	6	19	24	17	59	2	16363665	6075	4775	148	1925	4244	4632	2536	13292	512	
FL	-7300	-7300	34	27	0	6	19	27	17	56	2	16353719	6075	4775	148	1925	4244	4632	2536	13292	512	
FL	-7325	-7325	36	26	0	7	19	28	16	58	2	16343761	6075	4775	148	1925	4244	4632	2536	13292	512	
FL	-7350	-7350	38	27	0	7	20	28	15	60	2	16333869	6075	4775	148	1925	4244	4632	2536	13292	512	
FL	-7375	-7375	37	24	0	7	21	29	15	61	2	16324072	6075	4775	148	1925	4244	4632	2536	13292	512	
FL	-7400	-7400	37	24	0	7	19	30	15	61	1	16314117	6075	4775	148	1925	4244	4632	2536	13292	512	
FL	-7425	-7425	38	27	0	5	17	29	14	63	0	16304075	6075	4775	148	1925	4244	4632	2536	13292	512	
FL	-7450	-7450	39	27	0	7	16	30	12	61	0	16294216	6075	4775	148	1925	4244	4632	2536	13292	512	
FL	-7475	-7475	37	26	0	8	16	28	11	59	0	16284459	6075	4775	148	1925	4244	4632	2536	13292	512	
FL	-7500	-7500	39	28	1	9	11	30	12	56	0	16274795	6075	4775	148	1925	4244	4632	2536	13292	512	
FL	-7525	-7525	39	26	1	9	11	30	13	57	1	16265220	6075	4775	148	1925	4244	4632	2536	13292	512	
FL	-7550	-7550	38	29	1	9	11	28	11	60	1	16255692	6075	4775	148	1925	4244	4632	2536	13292	512	
FL	-7575	-7575	35	29	1	10	12	28	11	65	1	16246351	6075	4775	148	1925	4244	4632	2536	13292	512	
FL	-7600	-7600	36	29	1	8	13	27	11	62	1	16236679	6075	4775	148	1925	4244	4632	2536	13292	512	
FL	-7625	-7625	32	29	1	10	16	28	12	65	2	16226819	6075	4775	148	1925	4244	4632	2536	13292	512	
FL	-7650	-7650	31	29	1	10	20	29	12	64	2	16216921	6075	4775	148	1925	4244	4632	2536	13292	512	
FL	-7675	-7675	31	32	1	9	19	27	11	63	2	16206873	6075	4775	148	1925	4244	4632	2536	13292	512	
FL	-7700	-7700	31	29	1	9	20	26	11	63	2	16196893	6075	4775	148	1925	4244	4632	2536	13292	512	
FL	-7725	-7725	32	29	1	9	19	24	12	60	2	16186983	6075	4775	148	1925	4244	4632	2536	13292	512	
FL	-7750	-7750	35	29	1	9	20	28	11	62	2	16177147	6075	4775	148	1925	4244	4632	2536	13292	512	
FL	-7775	-7775	37	29	1	9	20	25	12	65	3	16167328	6075	4775	148	1925	4244	4632	2536	13292	512	
FL	-7800	-7800	40	30	1	8	19	28	12	68	3	16157616	6075	4775	148	1925	4244	4632	2536	13292	512	
FL	-7825	-7825	39	28	1	9	19	24	12	71	3	16147848	6075	4775	148	1925	4244	4632	2536	13292	512	
FL	-7850	-7850	39	26	1	10	18	25	12	71	5	16138204	6075	4775	148	1925	4244	4632	2536	13292	512	
FL	-7875	-7875	39	25	1	12	19	23	13	73	5	16128420	6075	4775	148	1925	4244	4632	2536	13292	512	
FL	-7900	-7900	35	30	1	14	18	25	12	73	5	16118644	6075	4775	148	1925	4244	4632	2536	13292	512	
FL	-7925	-7925	33	30	1	13	18	25	14	75	5	16108821	6075	4775	148	1925	4244	4632	2536	13292	512	
FL	-7950	-7950	32	31	1	13	21	26	14	73	5	16098910	6075	4775	148	1925	4244	4632	2536	13292	512	
FL	-7975	-7975	31	33	1	12	21	24	15	72	5	16089112	6075	4775	148	1925	4244	4632	2536	13292	512	
FL	-8000	-8000	31	28	1	12	22	26	16	72	4	16079488	6075	4775	148	1925	4244	4632	2536	13292	512	
FL	-8025	-8025	29	31	1	11	20	26	17	74	3	16069737	6075	4775	148	1925	4244	4632	2536	13292	512	
FL	-8050	-8050	28	31	0	11	24	26	17	73	3	16060124	6075	4775	148	1925	4244	4632	2536	13292	512	
FL	-8075	-8075	29	30	0	11	24	27	17	72	3	16050505	6075	4775	148	1925	4244	4632	2536	13292	512	
FL	-8100	-8100	32	28	0	11	24	30	17	75	2	16040666	6075	4775	148	1925	4244	4632	2536	13292	512	
FL	-8125	-8125	28	28	0	11	24	32	17	76	2	16030819	6075	4775	148	1925	4244	4632	2536	13292	512	
FL	-8150	-8150	28	30	0	11	22	30	17	75	2	16021035	6075	4775	148	1925	4244	4632	2536	13292	512	
FL	-8175	-8175	31	30	0	11	23	31	16	71	1	16011215	6075	4775	148	1925	4244	4632	2536	13292	512	
FL	-8200	-8200	30	30	0	11	22	30	14	68	2	16001139	6075	4775	148	1925	4244	4632	2536	13292	512	
FL	-8225	-8225	31	28	0	11	23	32	14	64	2	15991180	6075	4775	148	1925	4244	4632	2536	13292	512	
FL	-8250	-8250	29	28	0	10	22	30	11	61	2	15981500	6075	4775	148	1925	4244	4632	2536	13292	512	
FL	-8275	-8275	28	30	0	10	21	27	11	59	2	15972000	6075	4775	148	1925	4244	4632	2536	13292	512	
FL	-8300	-8300	30	28	0	9	20	28	10	55	2	15962468	6075	4775	148	1925	4244	4632	2536	13292	512	
FL	-8325	-8325	30	30	0	9	19	28	9	54	2	15952977	6075	4775	148	1925	4244	4632	2536	13292	512	
FL	-8350	-8350	31	28	0	11	20	28	9	53	2	15943558	6075	4775	148	1925	4244	4632	2536	13292	512	
FL	-8375	-8375	30	26	0	11	20	30	9	52	2	15934192	6075	4775	148	1925	4244	4632	2536	13292	512	
FL	-8400	-8400	29	26	0	11	21	32	9	52	2	15924804	6075	4775	148	1925	4244	4632	2536	13292	512	
FL	-8425	-8425	30	24	0	11	21	31	9	53	0	15915555	6075	4775	148	1925	4244	4632	2536	13292	512	
FL	-8450	-8450	31	24	0	12	21	27	10	52	0	15906171	6075	4775	148	1925	4244	4632	2536	13292	512	
FL	-8475	-8475	31	24	0	12	20	26	9	54	0	15896722	6075	4775	148	1925	4244	4632	2536	13292	512	
FL	-8500	-8500	30	23	0	13	20	27	10	58	0	15887467	6075	4775	148	1925	4244	4632	2536	13292	512	
FL	-8525	-8525	27	22	0	10	20	25	12	60	0	15878249	6075	4775	148	1925	4244	4632	2536	13292	512	
FL	-8550	-8550	29	23	0	10	22	26	11	63	0	15868625	6075	4775	148	1925	4244	4632	2536	13292	512	
FL	-8575	-8575	29	23	0	8	21	27	10	62	0	15858884	6075	4775	148	1925	4244	4632	2536	13292	512	
FL	-8600	-8600	30	21	0	7	22	25	12	59	0	15849392	6075	4775	148	1925	4244	4632	2536	13292	512	
FL	-8625	-8625	29	26	0	8	21	23	11	59	0	15840032	6075	4775	148	1925	4244	4632	2536	13292	512	
FL	-8650	-8650	27	26	1	9	19	24	10	57	0	15830690	6075	4775	148	1925	4244	4632	2536	13292	512	
FL	-8675	-8675	26	27	1	9	21	23	11	59	0	15821306	6075	4775	148	1925	4244	4632	2536	13292	512	
FL	-8700	-8700	25	28	1	10	22	23	11	58	1	15811773	6075	4775	148	1925	4244	4632	2536	13292	512	
FL	-8725	-8725	22	31	1	11	23	23	11	60	1	15802192	6075	4775	148	1925	4244	4632	2536	13292	512	
FL	-8750	-8750	24	30	1	11	23	23	11	58	1	15792413	6075	4775	148	1925	4244	4632	2536	13292	512	
FL	-8775	-8775	24	28	1	12	23	22	11	59	1	15782654	6075	4775	148	1925	4244	4632	2536	13292	512	
FL	-8800	-8800	22	29	1	12	22	24	12	58	1	15772902	6075	4775	148	1925	4244	4632	2536	13292	512	
FL	-8825	-8825	23	29	1	13	21	24	12	55	1	15763306	6075	4775	148	1925	4244	4632	2536	13292	512	
FL	-8850	-8850	23	28	1	13	21	22	11	56	1	15753811	6075	4775	148	1925	4244	4632	2536	13292	512	
FL	-8875	-8875	18	27	1	13	21	23	12	58	2	15744300	6075	4775	148	1925	4244	4632	2536	13292	512	
FL	-8900	-8900	20	26	1	12	21	24	12	60	2	15734793	6075	4775	148	1925	4244	4632	2536	13292	512	
FL	-8925	-8925	19	26	0	12	21	26	12	58	2	15725348	6075	4775	148	1925	4244	4632	2536	13292	512	
FL	-8950	-8950	20	25	0	11	21	26	13	57	2	15716060	6075	4775	148	1925	4244	4632	2536	13292	512	
FL	-8975	-8975	23	26	0	10	21	27	13	58	2	15706831	6075	4775	148	1925	4244	4632	2536	13292	512	
FL	-9000	-9000	23	27	0	11	19	29	13	56	2	15697693	6075	4775	148	1925	4244	4632	2536	13292	512	
FL	-9025	-9025	22	26	0	11	19	30	11	55	2	15688643	6075	4775	148	1925	4244	4632	2536	13292	512	
FL	-9050	-9050	21	26	0	11	20	31	11	52	3	15679592	6075	4775	148	1925	4244	4632	2536	13292	512	
FL	-9075	-9075	23	24	0	11	20	33	11	55	3	15670460	6075	4775	148	1925	4244	4632	2536	13292	512	
FL	-9100	-9100	24	29	0	10	20	35	12	55	3	15661398	6075	4775	148	1925	4244	4632	2536	13292	512	
FL	-9125	-9125	22	29	0	10	20	35	12	55	3	15652320	6075	4775	148	1925	4244	4632	2536	13292	512	
FL	-9150	-9150	22	30	0	8	22	36	12	59	3	15643236	6075	4775	148	1925	4244	4632	2536	13292	512	
FL	-9175	-9175	21	30	0	8	22	34	13	56	3	15634166	6075	4775	148	1925	4244	4632	2536	13292	512	
FL	-9200	-9200	19	32	0	7	21	37	12	58	3	15625168	6075	4775	148	1925	4244	4632	2536	13292	512	
FL	-9225	-9225	19	31	0	7	24	37	13	57	3	15616362	6075	4775	148	1925	4244	4632	2536	13292	512	
FL	-9250	-9250	23	30	0	6	23	35	12	57	2	15607695	6075	4775	148	1925	4244	4632	2536	13292	512	
FL	-9275	-9275	24	28	0	7	24	36	13	61	2	15599084	6075	4775	148	1925	4244	4632	2536	13292	512	
FL	-9300	-9300	25	27	0	6	25	37	13	61	1	15590564	6075	4775	148	1925	4244	4632	2536	13292	512	
FL	-9325	-9325	25	27	0	5	25	37	13	58	2	15582012	6075	4775	148	1925	4244	4632	2536	13292	512	
FL	-9350	-9350	27	28	0	6	25	36	14	56	2	15573502	6075	4775	148	1925	4244	4632	2536	13292	512	
FL	-9375	-9375	25	25	0	7	25	39	14	56	2	15565145	6075	4775	148	1925	4244	4632	2536	13292	512	
FL	-9400	-9400	28	27	0	8	26	37	13	56	2	15557061	6075	4775	148	1925	4244	4632	2536	13292	512	
FL	-9425	-9425	29	29	0	9	28	35	13	55	2	15548784	6075	4775	148	1925	4244	4632	2536	13292	512	
FL	-9450	-9450	28	29	0	10	29	34	13	56	1	15540491	6075	4775	148	1925	4244	4632	2536	13292	512	
FL	-9475	-9475	31	26	0	10	31	32	14	61	1	15532193	6075	4775	148	1925	4244	4632	2536	13292	512	
FL	-9500	-9500	31	25	0	9	31	32	16	61	1	15523859	6075	4775	148	1925	4244	4632	2536	13292	512	
FL	-9525	-9525	32	25	0	10	29	33	16	58	1	15515576	6075	4775	148	1925	4244	4632	2536	13292	512	
FL	-9550	-9550	31	24	0	10	31	32	16	58	2	15507257	6075	4775	148	1925	4244	4632	2536	13292	512	
FL	-9575	-9575	32	24	0	10	28	31	14	57	2	15498871	6075	4775	148	1925	4244	4632	2536	13292	512	
FL	-9600	-9600	31	22	0	10	26	31	14	57	1	15490368	6075	4775	148	1925	4244	4632	2536	13292	512	
FL	-9625	-9625	32	25	0	9	26	30	15	61	1	15481783	6075	4775	148	1925	4244	4632	2536	13292	512	
FL	-9650	-9650	32	28	0	8	25	28	14	60	1	15473225	6075	4775	148	1925	4244	4632	2536	13292	512	
FL	-9675	-9675	33	29	0	8	27	27	14	59	1	15464781	6075	4775	148	1925	4244	4632	2536	13292	512	
FL	-9700	-9700	32	29	0	8	25	25	14	58	1	15456248	6075	4775	148	1925	4244	4632	2536	13292	512	
FL	-9725	-9725	32	31	0	9	22	27	13	52	1	15447598	6075	4775	148	1925	4244	4632	2536	13292	512	
FL	-9750	-9750	35	33	0	9	21	26	13	52	2	15438964	6075	4775	148	1925	4244	4632	2536	13292	512	
FL	-9775	-9775	38	32	0	8	20	29	16	54	2	15430253	6075	4775	148	1925	4244	4632	2536	13292	512	
FL	-9800	-9800	39	29	0	9	20	31	15	54	2	15421453	6075	4775	148	1925	4244	4632	2536	13292	512	
FL	-9825	-9825	36	30	0	8	19	29	14	56	2	15412717	6075	4775	148	1925	4244	4632	2536	13292	512	
FL	-9850	-9850	36	31	0	10	20	29	14	60	3	15404016	6075	4775	148	1925	4244	4632	2536	13292	512	
FL	-9875	-9875	38	29	0	8	19	27	15	59	3	15395308	6075	4775	148	1925	4244	4632	2536	13292	512	
FL	-9900	-9900	39	27	0	8	17	27	15	58	3	15386675	6075	4775	148	1925	4244	4632	2536	13292	512	
FL	-9925	-9925	39	27	0	7	18	28	14	54	3	15378298	6075	4775	148	1925	4244	4632	2536	13292	512	
FL	-9950	-9950	36	27	0	5	15	30	14	50	3	15369868	6075	4775	148	1925	4244	4632	2536	13292	512	
FL	-9975	-9975	31	28	0	6	16	31	14	56	3	15361420	6075	4775	148	1925	4244	4632	2536	13292	512	
FL	-10000	-10000	31	28	0	7	14	29	14	53	3	15352851	6075	4775	148	1925	4244	4632	2536	13292	512	
FL	-10025	-10025	30	30	1	7	13	29	13	55	3	15344297	6075	4775	148	1925	4244	4632	2536	13292	512	
FL	-10050	-10050	28	30	1	7	15	25	13	54	3	15335905	6075	4775	148	1925	4244	4632	2536	13292	512	
FL	-10075	-10075	31	29	1	7	13	26	13	55	3	15327569	6075	4775	148	1925	4244	4632	2536	13292	512	
FL	-10100	-10100	30	29	1	8	13	26	13	56	2	15319240	6075	4775	148	1925	4244	4632	2536	13292	512	
FL	-10125	-10125	31	26	1	8	13	27	13	57	2	15310952	6075	4775	148	1925	4244	4632	2536	13292	512	
FL	-10150	-10150	31	25	1	7	12	26	14	56	2	15302374	6075	4775	148	1925	4244	4632	2536	13292	512	
FL	-10175	-10175	31	26	1	7	12	28	15	54	2	15293777	6075	4775	148	1925	4244	4632	2536	13292	512	
FL	-10200	-10200	30	25	1	6	11	29	16	53	2	15285209	6075	4775	148	1925	4244	4632	2536	13292	512	
FL	-10225	-10225	28	24	1	5	8	26	17	50	1	15276665	6075	4775	148	1925	4244	4632	2536	13292	512	
FL	-10250	-10250	29	26	1	5	9	28	16	57	1	15268197	6075	4775	148	1925	4244	4632	2536	13292	512	
FL	-10275	-10275	30	27	1	6	10	29	16	53	1	15259770	6075	4775	148	1925	4244	4632	2536	13292	512	
FL	-10300	-10300	28	24	1	6	10	27	16	56	1	15251318	6075	4775	148	1925	4244	4632	2536	13292	512	
FL	-10325	-10325	28	20	1	5	9	28	13	59	1	15242865	6075	4775	148	1925	4244	4632	2536	13292	512	
FL	-10350	-10350	32	18	1	4	11	24	13	54	0	15234491	6075	4775	148	1925	4244	4632	2536	13292	512	
FL	-10375	-10375	29	18	1	4	11	24	13	52	0	15225966	6075	4775	148	1925	4244	4632	2536	13292	512	
FL	-10400	-10400	32	19	1	4	10	27	11	53	0	15217529	6075	4775	148	1925	4244	4632	2536	13292	512	
FL	-10425	-10425	32	19	1	3	11	28	11	54	0	15209064	6075	4775	148	1925	4244	4632	2536	13292	512	
FL	-10450	-10450	33	17	1	3	12	30	10	55	1	15200647	6075	4775	148	1925	4244	4632	2536	13292	512	
FL	-10475	-10475	35	16	0	3	14	26	10	52	1	15192269	6075	4775	148	1925	4244	4632	2536	13292	512	
FL	-10500	-10500	34	18	0	3	13	28	10	51	1	15183736	6075	4775	148	1925	4244	4632	2536	13292	512	
FL	-10525	-10525	34	19	0	3	14	27	11	53	2	15175229	6075	4775	148	1925	4244	4632	2536	13292	512	
FL	-10550	-10550	37	18	0	4	14	25	11	53	2	15166880	6075	4775	148	1925	4244	4632	2536	13292	512	
FL	-10575	-10575	37	15	0	5	13	28	11	57	2	15158668	6075	4775	148	1925	4244	4632	2536	13292	512	
FL	-10600	-10600	35	17	0	5	13	27	13	61	3	15150697	6075	4775	148	1925	4244	4632	2536	13292	512	
FL	-10625	-10625	32	17	0	5	15	26	9	61	3	15143020	6075	4775	148	1925	4244	4632	2536	13292	512	
FL	-10650	-10650	33	17	0	6	16	27	8	61	3	15135414	6075	4775	148	1925	4244	4632	2536	13292	512	
FL	-10675	-10675	33	16	0	5	16	24	9	60	4	15127723	6075	4775	148	1925	4244	4632	2536	13292	512	
FL	-10700	-10700	29	15	0	5	17	24	9	58	4	15120014	6075	4775	148	1925	4244	4632	2536	13292	512	
FL	-10725	-10725	29	14	0	5	18	25	8	55	4	15112181	6075	4775	148	1925	4244	4632	2536	13292	512	
FL	-10750	-10750	29	14	0	4	18	26	8	54	4	15104386	6075	4775	148	1925	4244	4632	2536	13292	512	
FL	-10775	-10775	30	16	0	4	19	25	8	52	4	15096400	6075	4775	148	1925	4244	4632	2536	13292	512	
FL	-10800	-10800	31	18	0	4	16	24	8	53	4	15088282	6075	4775	148	1925	4244	4632	2536	13292	512	
FL	-10825	-10825	33	22	0	5	15	24	8	53	4	15080081	6075	4775	148	1925	4244	4632	2536	13292	512	
FL	-10850	-10850	34	22	0	5	17	24	8	53	4	15071803	6075	4775	148	1925	4244	4632	2536	13292	512	
FL	-10875	-10875	36	23	0	5	20	23	8	55	4	15063220	6075	4775	148	1925	4244	4632	2536	13292	512	
FL	-10900	-10900	37	25	0	5	16	23	9	50	4	15054935	6075	4775	148	1925	4244	4632	2536	13292	512	
FL	-10925	-10925	35	30	0	5	16	26	8	48	4	15046607	6075	4775	148	1925	4244	4632	2536	13292	512	
FL	-10950	-10950	33	30	0	8	15	24	8	46	4	15038056	6075	4775	148	1925	4244	4632	2536	13292	512	
FL	-10975	-10975	33	31	0	9	16	21	7	43	4	15029327	6075	4775	148	1925	4244	4632	2536	13292	512	
FL	-11000	-11000	32	30	0	8	17	22	7	43	4	15020473	6075	4775	148	1925	4244	4632	2536	13292	512	
FL	-11025	-11025	32	34	0	9	19	22	7	44	3	15011766	6075	4775	148	1925	4244	4632	2536	13292	512	
FL	-11050	-11050	30	33	0	9	18	23	7	45	3	15003183	6075	4775	148	1925	4244	4632	2536	13292	512	
FL	-11075	-11075	29	32	1	10	17	22	6	44	3	14994655	6075	4775	148	1925	4244	4632	2536	13292	512	
FL	-11100	-11100	30	34	1	10	16	21	6	46	3	14986192	6075	4775	148	1925	4244	4632	2536	13292	512	
FL	-11125	-11125	29	36	1	11	15	21	5	48	3	14977606	6075	4775	148	1925	4244	4632	2536	13292	512	
FL	-11150	-11150	27	35	1	11	16	21	5	48	2	14969092	6075	4775	148	1925	4244	4632	2536	13292	512	
FL	-11175	-11175	26	35	1	11	13	22	4	50	2	14960882	6075	4775	148	1925	4244	4632	2536	13292	512	
FL	-11200	-11200	27	37	1	10	12	22	4	51	2	14952775	6075	4775	148	1925	4244	4632	2536	13292	512	
FL	-11225	-11225	26	36	1	11	13	20	4	48	2	14944579	6075	4775	148	1925	4244	4632	2536	13292	512	
FL	-11250	-11250	26	33	1	11	13	23	3	55	1	14936433	6075	4775	148	1925	4244	4632	2536	13292	512	
FL	-11275	-11275	26	33	1	12	13	22	3	57	0	14928468	6075	4775	148	1925	4244	4632	2536	13292	512	
FL	-11300	-11300	25	33	1	12	14	24	4	58	1	14920583	6075	4775	148	1925	4244	4632	2536	13292	512	
FL	-11325	-11325	28	31	1	13	14	24	6	60	1	14911922	6075	4775	148	1925	4244	4632	2536	13292	512	
FL	-11350	-11350	30	29	1	13	15	26	7	59	1	14903906	6075	4775	148	1925	4244	4632	2536	13292	512	
FL	-11375	-11375	30	26	2	13	14	30	7	61	1	14896007	6075	4775	148	1925	4244	4632	2536	13292	512	
FL	-11400	-11400	31	23	2	14	12	29	6	61	1	14887965	6075	4775	148	1925	4244	4632	2536	13292	512	
FL	-11425	-11425	33	23	2	17	11	31	6	61	1	14879578	6075	4775	148	1925	4244	4632	2536	13292	512	
FL	-11450	-11450	32	21	2	16	10	34	6	66	1	14871500	6075	4775	148	1925	4244	4632	2536	13292	512	
FL	-11475	-11475	28	21	1	15	9	34	6	65	1	14863455	6075	4775	148	1925	4244	4632	2536	13292	512	
FL	-11500	-11500	30	22	1	16	9	38	6	64	1	14855484	6075	4775	148	1925	4244	4632	2536	13292	512	
FL	-11525	-11525	29	22	1	15	9	40	6	66	1	14847580	6075	4775	148	1925	4244	4632	2536	13292	512	
FL	-11550	-11550	28	22	1	15	9	40	9	60	1	14839664	6075	4775	148	1925	4244	4632	2536	13292	512	
FL	-11575	-11575	27	21	1	15	9	40	10	59	1	14831754	6075	4775	148	1925	4244	4632	2536	13292	512	
FL	-11600	-11600	26	21	1	15	9	37	10	59	1	14823554	6075	4775	148	1925	4244	4632	2536	13292	512	
FL	-11625	-11625	27	20	1	14	10	34	10	57	1	14815118	6075	4775	148	1925	4244	4632	2536	13292	512	
FL	-11650	-11650	27	19	1	12	9	32	10	61	1	14805855	6075	4775	148	1925	4244	4632	2536	13292	512	
FL	-11675	-11675	27	19	1	12	9	32	11	58	1	14797245	6075	4775	148	1925	4244	4632	2536	13292	512	
FL	-11700	-11700	27	21	1	12	10	31	10	55	1	14788797	6075	4775	148	1925	4244	4632	2536	13292	512	
FL	-11725	-11725	25	23	1	11	11	30	10	54	2	14780353	6075	4775	148	1925	4244	4632	2536	13292	512	
FL	-11750	-11750	24	25	1	10	13	33	11	54	1	14771878	6075	4775	148	1925	4244	4632	2536	13292	512	
FL	-11775	-11775	26	24	1	11	14	33	12	54	1	14763448	6075	4775	148	1925	4244	4632	2536	13292	512	
FL	-11800	-11800	24	24	1	11	13	33	11	54	1	14755007	6075	4775	148	1925	4244	4632	2536	13292	512	
FL	-11825	-11825	25	23	3	10	13	31	11	52	1	14747203	6075	4775	148	1925	4244	4632	2536	13292	512	
FL	-11850	-11850	26	25	3	11	13	29	13	57	1	14738671	6075	4775	148	1925	4244	4632	2536	13292	512	
FL	-11875	-11875	28	22	3	9	15	29	16	55	1	14730096	6075	4775	148	1925	4244	4632	2536	13292	512	
FL	-11900	-11900	27	20	2	9	15	30	15	54	1	14721395	6075	4775	148	1925	4244	4632	2536	13292	512	
FL	-11925	-11925	27	19	2	9	15	29	15	56	1	14712644	6075	4775	148	1925	4244	4632	2536	13292	512	
FL	-11950	-11950	29	16	2	9	15	31	15	58	2	14703909	6075	4775	148	1925	4244	4632	2536	13292	512	
FL	-11975	-11975	33	16	2	9	16	30	15	56	2	14695254	6075	4775	148	1925	4244	4632	2536	13292	512	
FL	-12000	-12000	32	17	2	8	16	28	15	49	2	14686789	6075	4775	148	1925	4244	4632	2536	13292	512	
FL	-12025	-12025	32	18	2	8	17	28	15	52	2	14678465	6075	4775	148	1925	4244	4632	2536	13292	512	
FL	-12050	-12050	34	20	2	8	16	28	15	56	2	14670201	6075	4775	148	1925	4244	4632	2536	13292	512	
FL	-12075	-12075	38	18	3	9	16	29	14	53	2	14661950	6075	4775	148	1925	4244	4632	2536	13292	512	
FL	-12100	-12100	38	18	3	10	19	28	13	52	2	14653746	6075	4775	148	1925	4244	4632	2536	13292	512	
FL	-12125	-12125	40	19	3	9	19	25	14	53	2	14645583	6075	4775	148	1925	4244	4632	2536	13292	512	
FL	-12150	-12150	39	18	3	10	20	24	15	53	2	14637542	6075	4775	148	1925	4244	4632	2536	13292	512	
FL	-12175	-12175	37	21	3	10	19	24	15	60	2	14629637	6075	4775	148	1925	4244	4632	2536	13292	512	
FL	-12200	-12200	36	18	3	10	20	29	16	63	2	14622054	6075	4775	148	1925	4244	4632	2536	13292	512	
FL	-12225	-12225	34	16	3	11	21	30	17	65	2	14614672	6075	4775	148	1925	4244	4632	2536	13292	512	
FL	-12250	-12250	32	18	3	13	20	32	17	68	2	14607344	6075	4775	148	1925	4244	4632	2536	13292	512	
FL	-12275	-12275	33	19	3	13	20	29	19	67	2	14599964	6075	4775	148	1925	4244	4632	2536	13292	512	
FL	-12300	-12300	33	18	3	13	19	29	17	60	2	14592749	6075	4775	148	1925	4244	4632	2536	13292	512	
FL	-12325	-12325	33	17	3	12	18	30	16	63	2	14585507	6075	4775	148	1925	4244	4632	2536	13292	512	
FL	-12350	-12350	33	16	3	12	19	31	15	63	2	14578434	6075	4775	148	1925	4244	4632	2536	13292	512	
FL	-12375	-12375	37	16	3	12	19	32	15	65	2	14571282	6075	4775	148	1925	4244	4632	2536	13292	512	
FL	-12400	-12400	36	18	3	11	20	31	16	70	2	14564153	6075	4775	148	1925	4244	4632	2536	13292	512	
FL	-12425	-12425	33	18	3	10	20	31	16	68	2	14556861	6075	4775	148	1925	4244	4632	2536	13292	512	
FL	-12450	-12450	33	18	3	8	18	36	17	69	3	14549449	6075	4775	148	1925	4244	4632	2536	13292	512	
FL	-12475	-12475	32	20	3	8	18	33	18	73	4	14542091	6075	4775	148	1925	4244	4632	2536	13292	512	
FL	-12500	-12500	32	20	2	8	20	33	17	70	4	14534775	6075	4775	148	1925	4244	4632	2536	13292	512	
