V1	Distance	Burden.avg	Burden.sd	V1	Distance	Burden.avg	Burden.sd
FL	0	0.0530618475709282	0.0255223922608877	DHL	0	0.378446269002769	0.35904502574018
FL	200	0.0551376031112687	0.0255868267187833	DHL	200	0.373474675113904	0.353008156239799
FL	400	0.0549406638776638	0.0231221923194418	DHL	400	0.367586915378984	0.350997385039956
FL	600	0.0548254406343607	0.0253414335213791	DHL	600	0.35578162022225	0.339423210097529
FL	800	0.0548111340589363	0.0303584754903983	DHL	800	0.339801262270275	0.328472991052842
FL	1000	0.0589019475564005	0.0363462802357725	DHL	1000	0.322428861866008	0.315253646899819
FL	1200	0.0597699021455794	0.0359429060027118	DHL	1200	0.296039103856725	0.287199784546357
FL	1400	0.0594647992609921	0.036734813946442	DHL	1400	0.262573055829346	0.243376006814292
FL	1600	0.0571623042317469	0.0381475739098987	DHL	1600	0.229045784785975	0.212408272286972
FL	1800	0.0576671806861446	0.035853277101396	DHL	1800	0.207680702386469	0.190448218465626
FL	2000	0.0576263124560604	0.0360091205077019	DHL	2000	0.181372056439206	0.161190444420573
FL	2200	0.0544023449784513	0.0321011899967913	DHL	2200	0.165572991602532	0.147009639719572
FL	2400	0.0517353669623294	0.0288833756269834	DHL	2400	0.148456332052429	0.134439963751871
FL	2600	0.0486943873902197	0.024131851780227	DHL	2600	0.137163533850445	0.123864111680452
FL	2800	0.0483569677175728	0.0303008248202278	DHL	2800	0.123463726748613	0.113474069177323
FL	3000	0.0456750395826575	0.0303305213085824	DHL	3000	0.111751331720969	0.098927790434607
FL	3200	0.0435720460750483	0.0264181036219944	DHL	3200	0.107503511810071	0.0954942781859785
FL	3400	0.0397015181172301	0.0185066187072761	DHL	3400	0.0951888116435881	0.0819962999108614
FL	3600	0.0384859203632825	0.0150142653758435	DHL	3600	0.0890886161620824	0.0748642447533842
FL	3800	0.0397365219437851	0.0134180310314695	DHL	3800	0.0879218720785179	0.0720931130481785
FL	4000	0.0403357587994091	0.0145294478201183	DHL	4000	0.087475287325909	0.0738167009434263
FL	4200	0.040274847339996	0.0149238739802128	DHL	4200	0.0840146823697855	0.0687465641929029
FL	4400	0.0419716238524064	0.0135658671926338	DHL	4400	0.0832858155429423	0.0716654482793996
FL	4600	0.0427505176170266	0.0126576583759606	DHL	4600	0.0787677958403592	0.0648753718855911
FL	4800	0.0458536104706556	0.0169653200192202	DHL	4800	0.0742246942693437	0.0617727562840876
FL	5000	0.0479136553206036	0.0204565278211614	DHL	5000	0.0744984157160417	0.0601177284262197
FL	5200	0.0485206913970941	0.0199838821115534	DHL	5200	0.0732840393576013	0.0557818084973788
FL	5400	0.04921233711254	0.0198265437561315	DHL	5400	0.0685450623890191	0.0490626465004542
FL	5600	0.0493479383491201	0.0248956089932571	DHL	5600	0.0682197517572078	0.0536882555897114
FL	5800	0.0491631411184337	0.0241275626847007	DHL	5800	0.0596030584024983	0.0454929448688938
FL	6000	0.0520882098478249	0.0283559241070066	DHL	6000	0.0595001484528481	0.045881659821902
FL	6200	0.0492511806492696	0.0295807482859255	DHL	6200	0.0565935227768675	0.0440976655864663
FL	6400	0.049149560827266	0.0299707307603817	DHL	6400	0.0532128531071346	0.0409793494470953
FL	6600	0.0441209496263143	0.021181875771276	DHL	6600	0.0464179064418277	0.034508598309632
FL	6800	0.0411328457244995	0.0127280116089249	DHL	6800	0.0446470546770033	0.0332505925035869
FL	7000	0.0395263449323453	0.0140681945288253	DHL	7000	0.0428854380375799	0.0310867493340999
FL	7200	0.0379488446529475	0.011268421793032	DHL	7200	0.0395655622370848	0.0289946081660118
FL	7400	0.0370889922286401	0.0126402056736824	DHL	7400	0.0390089248100137	0.0272396282196876
FL	7600	0.0368027133889634	0.0129871980637399	DHL	7600	0.036320884345778	0.0255446321129526
FL	7800	0.0332023488185466	0.0116817000386314	DHL	7800	0.0344707954156866	0.0238103496928109
FL	8000	0.0334191547326477	0.0104992380460931	DHL	8000	0.0336900403326288	0.0207595921791561
FL	8200	0.0338335225705459	0.0117975974536761	DHL	8200	0.0332882370986159	0.0213927945876428
FL	8400	0.0314916374909627	0.0154593582968139	DHL	8400	0.0334735836549465	0.0200636640546203
FL	8600	0.0310862019624939	0.0151358984568978	DHL	8600	0.031979643057606	0.0181364235855305
FL	8800	0.030384859703948	0.0131300462548009	DHL	8800	0.0311555828592095	0.0176887586815995
FL	9000	0.0326465644418424	0.0112514025691397	DHL	9000	0.0302253741156746	0.0169590676575205
FL	9200	0.0313812081545959	0.00965413895413442	DHL	9200	0.0327135947302757	0.015715866135702
FL	9400	0.0328149436134244	0.00830491477575777	DHL	9400	0.0329950788708943	0.0143911180708229
FL	9600	0.0341774863345665	0.00851149666311042	DHL	9600	0.0323138465380711	0.0130976338309648
FL	9800	0.0330415921049305	0.00890675477358677	DHL	9800	0.03219471804534	0.0126030930476118
FL	10000	0.0327311556571821	0.0101603456687297	DHL	10000	0.0336536003824342	0.0141266855931976
FL	10200	0.0284768396021576	0.00951013489800459	DHL	10200	0.035445572354359	0.0150965674406141
FL	10400	0.0280811518710749	0.0120127459706658	DHL	10400	0.0337980223662419	0.0113640867488229
FL	10600	0.0280814341859654	0.0135663408632747	DHL	10600	0.0350337548899137	0.0142520790473857
FL	10800	0.0269387725795681	0.0132541613967166	DHL	10800	0.030867272922139	0.0130471533214279
FL	11000	0.0284083881977317	0.0119840799227929	DHL	11000	0.0286220855261454	0.0113831988604099
FL	11200	0.0287362772293454	0.0116656228400768	DHL	11200	0.0285895894091335	0.0114746572488416
FL	11400	0.0316960317147556	0.0114411883263324	DHL	11400	0.0290237016491647	0.0137252995550073
FL	11600	0.0338566186313409	0.011335372943289	DHL	11600	0.0281867324206701	0.0106897633255556
FL	11800	0.0330828714428998	0.0107765713462925	DHL	11800	0.032368112405004	0.017009805433189
FL	12000	0.0307508717077929	0.0110118979601564	DHL	12000	0.0330036062145585	0.0166980606993437
FL	12200	0.031408184129607	0.0131087655936308	DHL	12200	0.032520810206472	0.0164976293815915
FL	12400	0.0303731283057891	0.0146642904762642	DHL	12400	0.0325743775533613	0.0165125819247195
FL	12600	0.0273490535435403	0.0138458586742999	DHL	12600	0.0335286656333766	0.0182788324660327
FL	12800	0.0268949763528131	0.0117825493464527	DHL	12800	0.0371657303488027	0.0221804181546084
FL	13000	0.0267846222801649	0.0109693775216091	DHL	13000	0.0321078490681327	0.0160983424305018
FL	13200	0.0255919792959765	0.010359937066364	DHL	13200	0.0332556508994429	0.018257371359822
FL	13400	0.0272292849041611	0.00993712825236429	DHL	13400	0.0331004620726702	0.0160790220804376
FL	13600	0.0296096873081197	0.0109250980249696	DHL	13600	0.031701896924946	0.0140418031560921
FL	13800	0.0302648388360067	0.0111626631503418	DHL	13800	0.0323814194009263	0.0129212299556961
FL	14000	0.0296084340401386	0.0150956211763899	DHL	14000	0.0315181403506967	0.0115141240205739
FL	14200	0.029016892104961	0.0156304359359629	DHL	14200	0.0324748197291578	0.0136079780066891
FL	14400	0.0293850019339303	0.0147887985382727	DHL	14400	0.0315732930582424	0.0121296260127861
FL	14600	0.0297089039535301	0.0143295058290042	DHL	14600	0.0335391104332245	0.015719882296775
FL	14800	0.0309061251468447	0.0153033402484469	DHL	14800	0.036595662901089	0.0214221021478664
FL	15000	0.0313172391533455	0.0163204782274915	DHL	15000	0.0338898288856774	0.0200145096419589
FL	15200	0.0290234566112137	0.0159191786667532	DHL	15200	0.0314683103012305	0.0188162726904784
FL	15400	0.0297784307999392	0.0165892856733947	DHL	15400	0.0332906996759648	0.0204668079346011
FL	15600	0.0303396170190811	0.0165749991772098	DHL	15600	0.0311052677152754	0.0181548096884426
FL	15800	0.0296630344955534	0.0173822494398989	DHL	15800	0.0306659050558684	0.0196410271652775
FL	16000	0.0302099094974424	0.0183214709146596	DHL	16000	0.028870554247732	0.0163527372882008
FL	16200	0.0318531903894295	0.0190723551173457	DHL	16200	0.0292088946178562	0.0146681508517774
FL	16400	0.0298953685730826	0.0173498297078588	DHL	16400	0.0296309666785008	0.0143281739835666
FL	16600	0.029477202121943	0.0171900339028156	DHL	16600	0.0291412116841079	0.0117275586510188
FL	16800	0.027466474075074	0.0153031447487584	DHL	16800	0.0288250417936209	0.0112953809576267
FL	17000	0.0297513505110111	0.0163240417337144	DHL	17000	0.0295776936441287	0.0103317477666513
FL	17200	0.0279713931397022	0.0144374844496382	DHL	17200	0.0269521815765904	0.00848997127579952
FL	17400	0.0292738750285357	0.0156987453187414	DHL	17400	0.0283572350358773	0.0109406311253351
FL	17600	0.0303541767571829	0.0159349494455613	DHL	17600	0.0273227796147807	0.0123790137234988
FL	17800	0.0319822067093055	0.0174155509030386	DHL	17800	0.0260021478910551	0.0150315692795555
FL	18000	0.0355701610027095	0.0147391150105196	DHL	18000	0.0265680129328282	0.0163874827250849
FL	18200	0.0344809458111265	0.015718851746081	DHL	18200	0.0276515627125034	0.0185536840060795
FL	18400	0.0343714759213653	0.017093745878889	DHL	18400	0.026698420784916	0.0144049186892631
FL	18600	0.0322325976612172	0.0202210305379693	DHL	18600	0.0311499210472804	0.0184208082234401
FL	18800	0.0338344803789119	0.0210571521486218	DHL	18800	0.0303674223796114	0.0167116354209749
FL	19000	0.0329833615085629	0.0198783707694062	DHL	19000	0.030355259181987	0.0134473177112072
FL	19200	0.0322469920060876	0.0204382265941455	DHL	19200	0.0302209683693769	0.00786998269837182
FL	19400	0.0329824302137133	0.021900538738055	DHL	19400	0.0339779547094081	0.00964430213866806
FL	19600	0.0336170064260162	0.0215099994973983	DHL	19600	0.0353807644746773	0.011804176966075
FL	19800	0.0350128323798203	0.0211661736130811	DHL	19800	0.0353848319839345	0.012573537390066
FL	20000	0.0334983983427076	0.0193386174803134	DHL	20000	0.0380341212560156	0.0159553384876653
FL	20200	0.0347032459421137	0.015204111709562	DHL	20200	0.0409190963091025	0.0220815374483725
FL	20400	0.0335566167793863	0.0133480817235531	DHL	20400	0.0427453735438971	0.0230369146775427
FL	20600	0.0334210577558587	0.0129475218429666	DHL	20600	0.0419069325993393	0.0221584105034849
FL	20800	0.0343705727099494	0.0135543684736416	DHL	20800	0.0426064218630871	0.0256312871938482
FL	21000	0.0337792644312864	0.0135909210263753	DHL	21000	0.0409547532682395	0.0232667893341972
FL	21200	0.0325790430082148	0.0125145513470034	DHL	21200	0.0399215871855723	0.0252927715611416
FL	21400	0.0300880615819494	0.0152530987427888	DHL	21400	0.0420080359207156	0.0255040424989186
FL	21600	0.030430412038078	0.0152799527289409	DHL	21600	0.0395131473351951	0.0239787425601012
FL	21800	0.0305175492923411	0.0156964621451518	DHL	21800	0.0374376586732549	0.0200098817811474
FL	22000	0.0307708645326411	0.0154838978027042	DHL	22000	0.0361585295675993	0.0216660044563749
FL	22200	0.0287842977051398	0.0138201683847865	DHL	22200	0.0345391540187596	0.0192633742361454
FL	22400	0.0267993290399702	0.0147456331876579	DHL	22400	0.0282790389821724	0.0117039106953386
FL	22600	0.0265183278719325	0.015007394698902	DHL	22600	0.0338635631370271	0.0198870481282135
FL	22800	0.0253181496940008	0.0149155326943031	DHL	22800	0.0351882409647842	0.0226297391444412
FL	23000	0.0237446073294905	0.0147729503201185	DHL	23000	0.0338268248160351	0.0180123517898377
FL	23200	0.0232053864429632	0.0157025285525106	DHL	23200	0.0314020893744549	0.0171385921632789
FL	23400	0.0230410782779291	0.0163915699897261	DHL	23400	0.0312207690292715	0.0165618838799522
FL	23600	0.0263614170081853	0.0193979734452473	DHL	23600	0.0275882095579072	0.0111830038982109
FL	23800	0.0267640357852327	0.0203762301701202	DHL	23800	0.0294363510869583	0.0179763533133537
FL	24000	0.0265587507544499	0.0185792366053572	DHL	24000	0.0315572144734141	0.016593598545126
FL	24200	0.0279504301156419	0.0205181117460948	DHL	24200	0.0290345007285328	0.01327477532658
FL	24400	0.0257607124760003	0.0186009717741005	DHL	24400	0.0309312645625068	0.0149616447744237
FL	24600	0.027395462113123	0.0191417180377301	DHL	24600	0.0334392520567041	0.0154036569453766
FL	24800	0.0261841941810826	0.0167836846139431	DHL	24800	0.031087764665711	0.0158319481220821
FL	25000	0.0311510547067132	0.0200581228168595	DHL	25000	0.0331931118269525	0.0188840035111426
FL	25200	0.033282211467295	0.0217361682098907	DHL	25200	0.0319583783996507	0.0195986359025242
FL	25400	0.035722534518181	0.0232384276255691	DHL	25400	0.0301869497277547	0.0185879415509276
FL	25600	0.0374687707876968	0.0171748411214044	DHL	25600	0.02934981029624	0.0149620063373561
FL	25800	0.033984919531709	0.0148325454498479	DHL	25800	0.0282771474950231	0.0165600127095642
FL	26000	0.0328516279347964	0.0190632976804583	DHL	26000	0.0291468885157842	0.018897135497599
FL	26200	0.0342162124327892	0.0140593161516493	DHL	26200	0.0260288617385004	0.0103156793352914
FL	26400	0.0334316802655686	0.0126517866531967	DHL	26400	0.0260017813686657	0.0116856644283543
FL	26600	0.0332932881089939	0.0162917280950206	DHL	26600	0.0260003441657634	0.012720057690379
FL	26800	0.0307250661224565	0.015285927930801	DHL	26800	0.0271205150785468	0.0166695564336702
FL	27000	0.0289077660807152	0.0183051952671626	DHL	27000	0.0249362463323202	0.0192147775621069
FL	27200	0.0289543397743235	0.0168016982962791	DHL	27200	0.027880344175197	0.018476866178231
FL	27400	0.0296983827674461	0.0128320595805293	DHL	27400	0.02999468724945	0.0208857856511249
FL	27600	0.0308785337716996	0.0103366004744653	DHL	27600	0.0287745653624418	0.0179229650380895
FL	27800	0.0326380432364963	0.00749090695415189	DHL	27800	0.0302817057960625	0.0240667451724321
FL	28000	0.0338302342018631	0.00968397358588485	DHL	28000	0.0262564242895619	0.0200112778417486
FL	28200	0.0348358281840042	0.00909627889550905	DHL	28200	0.0281894341250118	0.0207436934713985
FL	28400	0.0328421982090458	0.00837421290618167	DHL	28400	0.0289460559453375	0.0166302238381798
FL	28600	0.0329415353713061	0.0120868701195384	DHL	28600	0.0269543873193843	0.0102006206788603
FL	28800	0.0345637639143671	0.0143557179190193	DHL	28800	0.0232198721336271	0.00909113782516124
FL	29000	0.0354263255576503	0.0130696191818313	DHL	29000	0.0220549839362715	0.00695330267007214
FL	29200	0.0365462209722684	0.0154828180081904	DHL	29200	0.024076562611626	0.0083939090788689
FL	29400	0.0371732595978961	0.0156408846278693	DHL	29400	0.0265417064746416	0.00814405132940969
FL	29600	0.0369651128383901	0.016631152809006	DHL	29600	0.0237316392399931	0.00640141130115145
FL	29800	0.030999900062598	0.0231843003872843	DHL	29800	0.0250639909090487	0.00805919982987444
FL	30000	0.031556370546986	0.0221131909433456	DHL	30000	0.0267165164075721	0.0109049594521364
FL	30200	0.0317539777685344	0.0213285760461002	DHL	30200	0.0256388473243591	0.0102922948605931
FL	30400	0.0292984253656885	0.0190728018911024	DHL	30400	0.0241569446438795	0.00878982965899578
FL	30600	0.0336825803359103	0.0175161531870696	DHL	30600	0.0263518455582125	0.010296824811473
FL	30800	0.0341337262209806	0.0178233065706745	DHL	30800	0.0304609663301858	0.0116672117621539
FL	31000	0.0346798717709235	0.0195386922854847	DHL	31000	0.0306766766147902	0.0108491951828792
FL	31200	0.0318049015485362	0.0182383613773005	DHL	31200	0.0319946544201519	0.0128920428190863
FL	31400	0.0310931244373762	0.0182491377692094	DHL	31400	0.0296240709387961	0.0108350028782906
FL	31600	0.0319813826003564	0.0171868079589191	DHL	31600	0.0287576841019657	0.00876408981126037
FL	31800	0.0367960832785726	0.0153365882398267	DHL	31800	0.0295005485852542	0.011059427808319
FL	32000	0.0370669259729757	0.0139081234487099	DHL	32000	0.0322869337423432	0.0161480235380235
FL	32200	0.038013396291843	0.013981585086074	DHL	32200	0.0332605519905535	0.0154406664280283
FL	32400	0.0364810304810893	0.0140156923212809	DHL	32400	0.0327327471431939	0.0150339672621565
FL	32600	0.0359142821111642	0.0124113921066096	DHL	32600	0.0333513062867157	0.0165810484878943
FL	32800	0.0329291583270815	0.0157365151222344	DHL	32800	0.0321522938074911	0.0161010480033259
FL	33000	0.0347512546974499	0.0168551395962603	DHL	33000	0.0312680184375307	0.0148703314824191
FL	33200	0.0363674430755901	0.0166519508350384	DHL	33200	0.032733026481351	0.0145704620454856
FL	33400	0.0388915210852676	0.0173864108986223	DHL	33400	0.0341496050093505	0.0171290087387428
FL	33600	0.0379236028667578	0.0159200344338427	DHL	33600	0.0371276716658416	0.0204994481821215
FL	33800	0.0404243681747602	0.0151059180313158	DHL	33800	0.0364239172717174	0.021716111071627
FL	34000	0.0452479557195909	0.0193426529798849	DHL	34000	0.0358358687929821	0.0206145712936722
FL	34200	0.0430141284312974	0.0171329247901258	DHL	34200	0.0338895248034132	0.0172130110509396
FL	34400	0.0374267377149641	0.0142479320635989	DHL	34400	0.0322226604157129	0.0166890710855808
FL	34600	0.03777577597456	0.0152432810182676	DHL	34600	0.0319093769072183	0.0150245325785508
FL	34800	0.035676456901692	0.00988851230798439	DHL	34800	0.0314716628714707	0.0178848849650782
FL	35000	0.0364515128555259	0.00849737480927358	DHL	35000	0.0282078776484751	0.0108476975648601
FL	35200	0.0327128821139368	0.0105743446100976	DHL	35200	0.0284781912472355	0.012642683399073
FL	35400	0.0337572680600366	0.0080420145937354	DHL	35400	0.0315063524271961	0.0127422301440086
FL	35600	0.0346353149321247	0.0101182092520704	DHL	35600	0.0317913855372984	0.0122221380214955
FL	35800	0.0343046816770212	0.0112360221454142	DHL	35800	0.0308448865643532	0.00929979344348979
FL	36000	0.0361618698898898	0.0121036479491586	DHL	36000	0.0314546669989322	0.0121659447668135
FL	36200	0.0330285058567452	0.014258591830277	DHL	36200	0.028042148022869	0.00999174465686294
FL	36400	0.0361513112989907	0.0132292203805721	DHL	36400	0.0273852695014266	0.0111563192197212
FL	36600	0.0357808779643802	0.013820392468478	DHL	36600	0.0294673578788068	0.0145931443802094
FL	36800	0.036156438072068	0.0138283319988509	DHL	36800	0.0317247524553551	0.0158475689414472
FL	37000	0.0318261067703669	0.0145762238713702	DHL	37000	0.0322568218480071	0.0151881914693109
FL	37200	0.0314882044933938	0.015517302525262	DHL	37200	0.0333018664059796	0.0160218949601068
FL	37400	0.032012554174184	0.0144745270668363	DHL	37400	0.0312034134406066	0.0146611261716097
FL	37600	0.0300847416985147	0.0152193176020347	DHL	37600	0.0270403313560538	0.0100973183114924
FL	37800	0.0341313081154951	0.0152456188659607	DHL	37800	0.0238627705127807	0.00810744951328293
FL	38000	0.032946643335732	0.0150711924960015	DHL	38000	0.0231906564542866	0.00992465907960772
FL	38200	0.0279196475160505	0.0145560530669003	DHL	38200	0.0244641651556256	0.00981471248521774
FL	38400	0.0260562257963653	0.0125026961079525	DHL	38400	0.0249525840967214	0.00677266532211007
FL	38600	0.0296263548797437	0.0122561085188347	DHL	38600	0.0231991085108112	0.00604993506206631
FL	38800	0.0293803844931321	0.0121540354234767	DHL	38800	0.0236707782224126	0.00631094606010465
FL	39000	0.0278754562361587	0.0132066201555909	DHL	39000	0.0251684569112022	0.00478293782485055
FL	39200	0.0276208660345507	0.013251417409869	DHL	39200	0.0265829149449084	0.00576442865620454
FL	39400	0.0279879740301067	0.0132371948300576	DHL	39400	0.0296388151754677	0.00705858856519456
FL	39600	0.0289541139468459	0.0153562844642507	DHL	39600	0.0335723952988102	0.0103139686795487
FL	39800	0.0302789091195585	0.0137925667322933	DHL	39800	0.0345642847306368	0.0119175419688999
FL	40000	0.0321283068717101	0.0133193578149739	DHL	40000	0.0358935692695917	0.012587472783479
FL	40200	0.0284231412260788	0.0177881518876711	DHL	40200	0.0388447907349619	0.016358629069843
FL	40400	0.0291447588295452	0.0177525165647312	DHL	40400	0.0397735106612107	0.0190537126321211
FL	40600	0.0295565351202982	0.0183629072933717	DHL	40600	0.0353539362260875	0.0200074167300037
FL	40800	0.0305909208174861	0.0186304221913368	DHL	40800	0.0347280482489476	0.0176209929428101
FL	41000	0.0342622787995266	0.0157129681322867	DHL	41000	0.0341939144750504	0.0155602905567537
FL	41200	0.0334216878802153	0.0154019729843346	DHL	41200	0.0342847690061122	0.0158272905056439
FL	41400	0.0321177928565278	0.0156109534582045	DHL	41400	0.0366549958978999	0.0189602382573437
FL	41600	0.0345575391919999	0.0165662484407252	DHL	41600	0.0393239696112176	0.0201901065076573
FL	41800	0.0369237230095328	0.0155357553999868	DHL	41800	0.0408161440819866	0.0218772190741977
FL	42000	0.0400506507392323	0.0187011254466282	DHL	42000	0.0371582325845958	0.0161761142577958
FL	42200	0.0427417312371831	0.015019367327673	DHL	42200	0.0378894051823971	0.0172439825814901
FL	42400	0.0382087631913496	0.0166084656109075	DHL	42400	0.0361363320180728	0.0163694635779457
FL	42600	0.0348692365444422	0.0209824385646914	DHL	42600	0.0321211391907037	0.015290868852049
FL	42800	0.033328999722537	0.0191100476969779	DHL	42800	0.0316558265227355	0.0146212111998576
FL	43000	0.0302937808605231	0.0165214903596098	DHL	43000	0.0276045135954472	0.00938760508328649
FL	43200	0.0274356315026865	0.0153961830087335	DHL	43200	0.0283078573889673	0.0117526290981634
FL	43400	0.0235355985236278	0.0124708763419081	DHL	43400	0.0281706509662502	0.0122667035527981
FL	43600	0.023418666982926	0.0132982383682904	DHL	43600	0.0281315086462046	0.0110097821011481
FL	43800	0.0266138873071012	0.014135205617275	DHL	43800	0.0299247076128798	0.0119569202872054
FL	44000	0.0261669505825143	0.0140833023080389	DHL	44000	0.0305300140012006	0.0129695056073373
FL	44200	0.0280801380276319	0.014508002427553	DHL	44200	0.0326657376892008	0.0135300872906899
FL	44400	0.0279589610059332	0.0143101019213372	DHL	44400	0.0313695127320567	0.0119750747714198
FL	44600	0.0281613192576515	0.0142518998973953	DHL	44600	0.0333553735982699	0.0137504562094824
FL	44800	0.0301429072111017	0.0150936187587118	DHL	44800	0.0307135539252624	0.0102181490148974
FL	45000	0.0309667972497107	0.0164659529006891	DHL	45000	0.0256757747618568	0.0091508397892723
FL	45200	0.0309234042187587	0.0164842540708061	DHL	45200	0.0223118597805281	0.00323575651399947
FL	45400	0.0307775811717353	0.0159910878657097	DHL	45400	0.0254725129444138	0.00913109439604404
FL	45600	0.0298534366271184	0.0159300434295235	DHL	45600	0.0260424077962697	0.0116397870015431
FL	45800	0.0291748831849176	0.0154241322694386	DHL	45800	0.0260036426337909	0.0140157858003502
FL	46000	0.0292798405247491	0.0148672901117098	DHL	46000	0.0258429713413807	0.0145863496929889
FL	46200	0.0259480340535604	0.00446776826804186	DHL	46200	0.0251643028908179	0.0155718126847937
FL	46400	0.0291869857321258	0.0052099482683222	DHL	46400	0.0239862200115241	0.0139683646767118
FL	46600	0.0284966501443963	0.00724469607384944	DHL	46600	0.0236056279859475	0.0145025629302
FL	46800	0.0275139061217681	0.00761737322400324	DHL	46800	0.0249367632199697	0.0139721367435628
FL	47000	0.0283553688262054	0.00534731261794635	DHL	47000	0.0245316342249316	0.0165968155692779
FL	47200	0.0263775542736404	0.00482625800404756	DHL	47200	0.0248853938410541	0.010215704811693
FL	47400	0.0262649380231758	0.00603096441469576	DHL	47400	0.0247552183285207	0.0103523486333236
FL	47600	0.0271546754419857	0.00645557226744126	DHL	47600	0.0252758469137988	0.0109264577143791
FL	47800	0.0269946648576288	0.00637580841077419	DHL	47800	0.0256997427433063	0.00819155640192957
FL	48000	0.0270147671773631	0.0075947397603845	DHL	48000	0.0239442860230404	0.0101874410249766
FL	48200	0.0230892129953524	0.00465836578265067	DHL	48200	0.0232259151826075	0.00771457264797244
FL	48400	0.0236882822296773	0.00430177971143807	DHL	48400	0.0237674091770802	0.0078582194640227
FL	48600	0.0253229435611353	0.00698590594730955	DHL	48600	0.0255106102440009	0.00975397088624052
FL	48800	0.0255952218080028	0.00878302357202841	DHL	48800	0.0246525560434703	0.00893172001082453
FL	49000	0.0262967491243194	0.0104373456104894	DHL	49000	0.0236880078470335	0.0110111975455984
FL	49200	0.0217512257998175	0.0122858837741533	DHL	49200	0.0196201540025434	0.0104984875559104
FL	49400	0.0245063051723096	0.0130365911181848	DHL	49400	0.0169695654109133	0.00698083237847606
FL	49600	0.0247251742818814	0.0120745998620813	DHL	49600	0.0180162298519718	0.00438722810480089
FL	49800	0.0300821909991767	0.00787976019745763	DHL	49800	0.0200434826573183	0.00399934141969026
FL	50000	0.0342133071881848	0.0131567191314346	DHL	50000	0.0195453843947396	0.00440784987876608
FL	50200	0.0338364644963555	0.00891505430068262	DHL	50200	0.0186635921114496	0.00584974016489943
FL	50400	0.0317673061780113	0.00991261639201383	DHL	50400	0.0159367951757232	0.00338344392768021
FL	50600	0.0318023612140056	0.00988641145156157	DHL	50600	0.0184375007467296	0.00432718642196077
FL	50800	0.031427651946668	0.00969275459739703	DHL	50800	0.0197232850272678	0.00423173065153202
FL	51000	0.0314232991550884	0.00964339206240535	DHL	51000	0.0186542841921937	0.0022690288653795
FL	51200	0.030120066788774	0.0125249835915937	DHL	51200	0.0217884110079692	0.00667347921622582
FL	51400	0.0322454381429856	0.0185528966258501	DHL	51400	0.0244762977473284	0.0119174608189676
FL	51600	0.0326198791663324	0.0179420125949644	DHL	51600	0.0246984289505313	0.0103171482666841
FL	51800	0.0350167701042132	0.0162517047089862	DHL	51800	0.0285508981680324	0.0125836568910833
FL	52000	0.0352631397470227	0.0143412988148456	DHL	52000	0.0254909500745696	0.0126181057442539
FL	52200	0.0359978634902176	0.0159861815086647	DHL	52200	0.0261686142038084	0.0144092150209173
FL	52400	0.0388178677696479	0.016106711452033	DHL	52400	0.0244456241956896	0.0108684080103758
FL	52600	0.0377256525922513	0.0165607370184033	DHL	52600	0.0254382228129428	0.0110207250106197
FL	52800	0.0375049225595423	0.0167800414597428	DHL	52800	0.0256796693480783	0.0116258427514438
FL	53000	0.0391779896122744	0.0208415058295304	DHL	53000	0.02287729533948	0.00840020491979255
FL	53200	0.0425986259238281	0.0280660435981986	DHL	53200	0.0213503373408032	0.00880126384802234
FL	53400	0.0426326281533601	0.0284857260386007	DHL	53400	0.023634210476207	0.0117915059018993
FL	53600	0.0445762506388993	0.0286866980129642	DHL	53600	0.0231728674214209	0.0065299638995263
FL	53800	0.0442399651799902	0.0213839862279075	DHL	53800	0.0247345804946881	0.00649169118645575
FL	54000	0.0438865600002844	0.0215394994775933	DHL	54000	0.0264546108396382	0.00956309649512063
FL	54200	0.0398765545367706	0.0146929390183803	DHL	54200	0.0271805954049318	0.00858827831689723
FL	54400	0.032963150515347	0.0200312788197544	DHL	54400	0.0287687080435479	0.0116787671982818
FL	54600	0.0351194186743241	0.0208457091245386	DHL	54600	0.0259336879949931	0.00761408644270904
FL	54800	0.0357997016748243	0.021784561857251	DHL	54800	0.0271783292875526	0.00909978392605758
FL	55000	0.0379303672975871	0.0238914978067897	DHL	55000	0.0233791328516922	0.0101318239169649
FL	55200	0.0362853288986599	0.0222482284069002	DHL	55200	0.0250032708453253	0.0114108222599721
FL	55400	0.0369640975796203	0.0228465180884562	DHL	55400	0.0239078580194428	0.0133455738938882
FL	55600	0.03874860596032	0.0250957306967064	DHL	55600	0.0248509759047383	0.0154748365026988
FL	55800	0.037439201819914	0.0222406473543737	DHL	55800	0.0247924530525588	0.0150423398232648
FL	56000	0.0340399135857991	0.0209352099883969	DHL	56000	0.0219860230311984	0.0164181449822468
FL	56200	0.0357634573373874	0.022573804257243	DHL	56200	0.0242665159999594	0.0178894768601388
FL	56400	0.0337709256789708	0.0225378393298662	DHL	56400	0.0252902582223662	0.0240809612623693
FL	56600	0.0335231482464677	0.019883470012901	DHL	56600	0.0226979676348842	0.016291983119012
FL	56800	0.0378030161703721	0.0180605516635797	DHL	56800	0.0302130766672364	0.0262217663055093
FL	57000	0.0352138125673781	0.0165932006614462	DHL	57000	0.0324047871905667	0.025949546106579
FL	57200	0.0314251307219159	0.00841636513376134	DHL	57200	0.0326718708184354	0.0258981682064989
FL	57400	0.0297666263967562	0.00824840252812064	DHL	57400	0.0345414082821133	0.0248367569610165
FL	57600	0.0293559969784833	0.0073932926049397	DHL	57600	0.0343182535619804	0.023643764718074
FL	57800	0.0286806907737064	0.00759109938948456	DHL	57800	0.0350065510353552	0.0224381725094885
FL	58000	0.0282577929493548	0.0102789943552442	DHL	58000	0.0361474065104472	0.0266233586543072
FL	58200	0.0288331469137335	0.0117787763871376	DHL	58200	0.0352287501425948	0.0250096568131822
FL	58400	0.0319405438507406	0.0132288474704002	DHL	58400	0.0375443624826189	0.023017278654366
FL	58600	0.0341145854589482	0.0116297857207137	DHL	58600	0.0349665147997586	0.0200843649844269
FL	58800	0.0310535986076959	0.00879048649196663	DHL	58800	0.0342329681077024	0.019614357609875
FL	59000	0.0330950377906266	0.0087034902216296	DHL	59000	0.0337879405678757	0.0173283738966928
FL	59200	0.0355292187656524	0.0108343507220843	DHL	59200	0.0317293632056005	0.0151100284849525
FL	59400	0.0372967118074513	0.0163951155281185	DHL	59400	0.0303083911294844	0.0135487943819387
FL	59600	0.0389909043272777	0.0161142638911874	DHL	59600	0.0281566340791569	0.0140562993305006
FL	59800	0.0410850291723039	0.0164829345750483	DHL	59800	0.0284257432038592	0.016289156132052
FL	60000	0.0351254366325037	0.014218684450433	DHL	60000	0.0272265693947991	0.0150583621508329
FL	60200	0.0335729113788435	0.0131890983744739	DHL	60200	0.0250989154515617	0.0113984826255538
FL	60400	0.0340288451789829	0.0107254938526343	DHL	60400	0.0222354624947072	0.0127773184294326
FL	60600	0.0358492070127587	0.0111338020165141	DHL	60600	0.0184998526038505	0.00758904365901355
FL	60800	0.0341196997039817	0.0134494505862272	DHL	60800	0.0182718649071328	0.00690684307550752
FL	61000	0.0332711358514163	0.0144129985442995	DHL	61000	0.0210271898735153	0.0057524972570578
FL	61200	0.0348115058205327	0.016321914355094	DHL	61200	0.022058415591953	0.00319528281715905
FL	61400	0.0346197757585539	0.0141130706083135	DHL	61400	0.0231900218089564	0.00367706105057047
FL	61600	0.0320846162527341	0.0136101078093539	DHL	61600	0.0229178373345552	0.0043734971528417
FL	61800	0.0310622584279371	0.0129775382121879	DHL	61800	0.0238260182086315	0.0068204657432633
FL	62000	0.0275131327691532	0.0182789271145842	DHL	62000	0.0227268525909672	0.0065301833555271
FL	62200	0.0272384636430482	0.0183391187712667	DHL	62200	0.022451431834898	0.00687951019328287
FL	62400	0.0256334036273893	0.0165021896171819	DHL	62400	0.0216829452023907	0.00899233695793378
FL	62600	0.0248576588709807	0.0146932295712496	DHL	62600	0.0252058745224386	0.00622556709161596
FL	62800	0.0239046600523923	0.0130755949359107	DHL	62800	0.0253318862823886	0.00772748866942157
FL	63000	0.0223390366418654	0.0131940657364523	DHL	63000	0.0255172162600527	0.00878395254814433
FL	63200	0.022428743800942	0.0122048922101622	DHL	63200	0.0264916223931255	0.00752368618377048
FL	63400	0.0207153861615863	0.0126107386803917	DHL	63400	0.0271756983093136	0.00656321171973321
FL	63600	0.0226753904894295	0.0138801067693977	DHL	63600	0.0293847265537125	0.00593377904664689
FL	63800	0.0232492569551714	0.0123766326252996	DHL	63800	0.032544418837067	0.00703977680865266
FL	64000	0.0256434031576363	0.0153914120946264	DHL	64000	0.0318171471164416	0.00624846239079535
FL	64200	0.0276320229705282	0.0168189482987313	DHL	64200	0.0287133007407838	0.00733330078535413
FL	64400	0.027274856384613	0.016863471568131	DHL	64400	0.0265790293706803	0.00695609463688585
FL	64600	0.025984574182923	0.0154769267137773	DHL	64600	0.0268001923608755	0.00931107213860111
FL	64800	0.0232412542275765	0.0142951255347671	DHL	64800	0.0291945107348873	0.0105201767050975
FL	65000	0.0237596799396343	0.0139292709130601	DHL	65000	0.0260528966289803	0.0080394163917582
FL	65200	0.0230804742636949	0.0125855898233379	DHL	65200	0.0220037639704355	0.00772959290536714
FL	65400	0.0232573266342947	0.0136118966251934	DHL	65400	0.0221695504497509	0.00979851445043822
FL	65600	0.0229585617128344	0.0116324961068672	DHL	65600	0.0231141544221375	0.00896542209536269
FL	65800	0.0253037219300384	0.0134604532164957	DHL	65800	0.0232141106725601	0.0117452356675119
FL	66000	0.0260852094779319	0.00605635672041432	DHL	66000	0.0271118489240293	0.0152605284824536
FL	66200	0.0270215877793151	0.00338918482692666	DHL	66200	0.0298424671955954	0.0147964956973969
FL	66400	0.0263863714700492	0.00363087955374853	DHL	66400	0.0299240538813964	0.0187896558846744
FL	66600	0.0249716702607731	0.00300355351524501	DHL	66600	0.0289673951252529	0.0139540612925695
FL	66800	0.0234070393132499	0.00308460252867496	DHL	66800	0.0277017128673755	0.0131771288907445
FL	67000	0.0187777414311987	0.0090761722039934	DHL	67000	0.0301016573470658	0.0165146383716545
FL	67200	0.0189371876361802	0.00997276876589376	DHL	67200	0.0266651435201073	0.011435458097042
FL	67400	0.0189365989730456	0.0113713489578917	DHL	67400	0.0265576495696157	0.0110501212050567
FL	67600	0.0196715266332978	0.0121016758871463	DHL	67600	0.0260359612175558	0.0137320320580902
FL	67800	0.020508069337739	0.0117716657951183	DHL	67800	0.026337096721437	0.0142339204177183
FL	68000	0.0244571124883719	0.0158793599570809	DHL	68000	0.0232044641150574	0.0130067398384897
FL	68200	0.0244782413811401	0.0167474680953723	DHL	68200	0.0236445529760713	0.0131068279347167
FL	68400	0.0238976177357409	0.0149882812381554	DHL	68400	0.0223000481640168	0.013922493561511
FL	68600	0.0274858921678796	0.0119325538479754	DHL	68600	0.0225224238937203	0.011823745980692
FL	68800	0.0326720093302975	0.0129357139623693	DHL	68800	0.0230381172957436	0.0107181644881872
FL	69000	0.0338308887087469	0.01155066666077	DHL	69000	0.0208585710273207	0.0122798906851076
FL	69200	0.0329963196217509	0.0119625955079696	DHL	69200	0.0186747204308658	0.00926761322407155
FL	69400	0.0327593258498931	0.0120492806997449	DHL	69400	0.0200343409476863	0.00779471624546086
FL	69600	0.0367973027615015	0.0157361525669938	DHL	69600	0.0203292451572868	0.00538452645550677
FL	69800	0.0349114772425926	0.0133593502793815	DHL	69800	0.0206361004682522	0.00400667764450916
FL	70000	0.0356762284992406	0.0169917472892599	DHL	70000	0.0211495139750651	0.00408277938663863
FL	70200	0.0348484081909912	0.015787169702137	DHL	70200	0.0225830944834929	0.0051330531937209
FL	70400	0.0322803110475817	0.0207581520415373	DHL	70400	0.0263961423689298	0.00780523677724853
FL	70600	0.031025018908126	0.0177779184006654	DHL	70600	0.0248547826953472	0.00571055946199272
FL	70800	0.0343695607934807	0.0124772042536785	DHL	70800	0.0274658299186055	0.00616779691629344
FL	71000	0.0351934206534785	0.0106617224985354	DHL	71000	0.0278416609509243	0.00497731140696718
FL	71200	0.0374809537632024	0.0118610457283753	DHL	71200	0.0267560345484468	0.00165474280086116
FL	71400	0.0455531356805111	0.0175539044516279	DHL	71400	0.0261825046499838	0.00414704731466993
FL	71600	0.0454394204881607	0.0194390248998089	DHL	71600	0.024373657536977	0.00511164939641769
FL	71800	0.045297740923117	0.0181796812636186	DHL	71800	0.0215926863417277	0.00703107683050915
FL	72000	0.0389855578727395	0.0189554171947852	DHL	72000	0.0221348251691475	0.00610983963489195
FL	72200	0.0394452793464574	0.0181303881512205	DHL	72200	0.0219531299975675	0.00672941037647309
FL	72400	0.0432840472815059	0.0156236308885064	DHL	72400	0.0232492735600546	0.0107326450309101
FL	72600	0.0355064327579236	0.0113233718593313	DHL	72600	0.0212331116093609	0.00964847613525391
FL	72800	0.0309726556459127	0.011571903731271	DHL	72800	0.0205916608639788	0.00791619873366824
FL	73000	0.0304044302166102	0.0127519088765979	DHL	73000	0.0190649013871361	0.0073902854561334
FL	73200	0.0305154201068223	0.0125825423845019	DHL	73200	0.0192954949520307	0.00763821728135611
FL	73400	0.0292358625146358	0.0201934404266058	DHL	73400	0.018781259470655	0.00923306781068241
FL	73600	0.0263481979707794	0.0172340134539504	DHL	73600	0.0210413107298201	0.00935227138265092
FL	73800	0.0277940019253172	0.0182193827093859	DHL	73800	0.0205918974917215	0.00823849364724551
FL	74000	0.0272637136576589	0.0158749617062581	DHL	74000	0.0215000060615541	0.00723216848066659
FL	74200	0.0259104497500119	0.0137586071053009	DHL	74200	0.0187974367882088	0.00885821584718447
FL	74400	0.0289534260233778	0.016655124532963	DHL	74400	0.0172256466094558	0.00744867405053483
FL	74600	0.0286597559832725	0.0161458333341622	DHL	74600	0.015449961907134	0.00962486999092884
FL	74800	0.0281399761194207	0.0148697279046724	DHL	74800	0.0172324989789596	0.0105138332669824
FL	75000	0.029243144200316	0.017772985508124	DHL	75000	0.016991529406589	0.00966755331397707
FL	75200	0.0275302555407814	0.0154255313017382	DHL	75200	0.0202238078146903	0.00793272709790576
FL	75400	0.0249118748917912	0.0127717164579324	DHL	75400	0.0189631216202975	0.00563305047791002
FL	75600	0.0239454734324023	0.0126065144819239	DHL	75600	0.0187580570467235	0.00518690881887194
FL	75800	0.0245803309072552	0.0118961317420161	DHL	75800	0.0206007277742355	0.005872972372184
FL	76000	0.0250403958126513	0.0113866724335405	DHL	76000	0.0225014833585558	0.0066207075335631
FL	76200	0.0248921378430215	0.0122958086459509	DHL	76200	0.0234839958797218	0.00626097797966357
FL	76400	0.0276240208083728	0.0141630535702046	DHL	76400	0.024419384301465	0.00765757103636401
FL	76600	0.027448150415165	0.0146820598117155	DHL	76600	0.0269232702524735	0.00986062786802332
FL	76800	0.0274559426726653	0.0158464594454027	DHL	76800	0.0296246446042894	0.0103872055614104
FL	77000	0.0278933159977593	0.0168081744783914	DHL	77000	0.0274281237483706	0.00844485415262468
FL	77200	0.0265582248714776	0.0161883383425537	DHL	77200	0.0272215385536079	0.0115084932887572
FL	77400	0.0320563072539758	0.0125239756656214	DHL	77400	0.0284384391082992	0.0121501031103174
FL	77600	0.0349984820768443	0.0145047973703351	DHL	77600	0.0301288917468959	0.013009091806487
FL	77800	0.0376233927496101	0.0159118451276717	DHL	77800	0.0300474182645938	0.0120965820811359
FL	78000	0.0348869086280929	0.0139245923438923	DHL	78000	0.0280186953313563	0.0137325685490695
FL	78200	0.0410027175476895	0.0182230615762781	DHL	78200	0.0259336494674255	0.0150161966837684
FL	78400	0.0405833527792466	0.0189781447405409	DHL	78400	0.0268869274247947	0.0161452100111641
FL	78600	0.0343162488058418	0.0131541977656851	DHL	78600	0.0227526648745081	0.0172411134968041
FL	78800	0.0382241921320245	0.020713040332392	DHL	78800	0.021399612807164	0.0144260587879309
FL	79000	0.0376209773613687	0.020660745034467	DHL	79000	0.0206784000524713	0.0113285792200624
FL	79200	0.0374099989767032	0.020766806653505	DHL	79200	0.0200885500676243	0.0104837482191627
FL	79400	0.0392526986533552	0.0210250094374762	DHL	79400	0.0177515463860169	0.00972358572449756
FL	79600	0.0373465364868163	0.0216097305509476	DHL	79600	0.0155111926420704	0.0119229978601849
FL	79800	0.0335051146460592	0.0143363628686534	DHL	79800	0.0171229410604779	0.0138948328425935
FL	80000	0.0408054050847196	0.0223340307940196	DHL	80000	0.0193144274958161	0.0144011704230818
FL	80200	0.036159325823476	0.0158415940134649	DHL	80200	0.0190778465628227	0.0117639288768609
FL	80400	0.0369295869879821	0.0159699227199514	DHL	80400	0.0202545769449057	0.00644386954783413
FL	80600	0.0317580396493463	0.0147051903525562	DHL	80600	0.0204832367177763	0.00791428640646724
FL	80800	0.0315716488185702	0.0213885448152047	DHL	80800	0.0212530556044431	0.00907666435220169
FL	81000	0.0315687918274575	0.0216000836640316	DHL	81000	0.021168586851305	0.00848445147086448
FL	81200	0.0315605906126957	0.02065184163264	DHL	81200	0.0200151692501116	0.00770395393016866
FL	81400	0.0305249006527669	0.0187935133778731	DHL	81400	0.0198190422820337	0.00922045137523591
FL	81600	0.0284234787954511	0.0175634799516594	DHL	81600	0.0228284280040624	0.0080437783344105
FL	81800	0.0261150492200149	0.0155574767069796	DHL	81800	0.0258630313498868	0.0115259110620965
FL	82000	0.0267645988845146	0.0133974726407609	DHL	82000	0.0262575906941835	0.0116052031803036
FL	82200	0.0262287208425593	0.0144435172009568	DHL	82200	0.0264665551804634	0.010645667416596
FL	82400	0.0247655528193612	0.0123126623791658	DHL	82400	0.0263336476891623	0.0100602871202547
FL	82600	0.0283052760371822	0.0143089592331132	DHL	82600	0.0253007073927096	0.0118514353941658
FL	82800	0.0274040976872929	0.013571356090512	DHL	82800	0.0241411495158611	0.0132776546991406
FL	83000	0.0294870671984756	0.0156187233116471	DHL	83000	0.0224388496882928	0.01258166850414
FL	83200	0.030272735792695	0.0156867630285324	DHL	83200	0.0231009395084874	0.0109107365366866
FL	83400	0.0267693273003789	0.012872040315317	DHL	83400	0.0230211316302103	0.0127970719254263
FL	83600	0.0264861676022193	0.0128849928173639	DHL	83600	0.0233466306091808	0.0114589243385878
FL	83800	0.0246301147084983	0.011531132866616	DHL	83800	0.0223933990085814	0.0118130362493035
FL	84000	0.0247527844602963	0.0136087570534128	DHL	84000	0.0212392243618834	0.0133448266487736
FL	84200	0.0297213929574584	0.00770562768091912	DHL	84200	0.0219946361197496	0.0101452013846084
FL	84400	0.0296000083078768	0.00655474900981672	DHL	84400	0.0247645691666896	0.0134147597481296
FL	84600	0.0291208562550447	0.00734231057036709	DHL	84600	0.0264914521052104	0.0143069377645604
FL	84800	0.0336774396404281	0.010982258498484	DHL	84800	0.0282189063110272	0.0200279071590303
FL	85000	0.0356212331469704	0.0107221091116321	DHL	85000	0.0273264883832471	0.0196190177417287
FL	85200	0.030345452549929	0.00805412234761122	DHL	85200	0.0253840167102594	0.0164814013026332
FL	85400	0.0297603871904319	0.00713331004319256	DHL	85400	0.0241516435064011	0.0138403530534009
FL	85600	0.0303916735953554	0.00599775793577975	DHL	85600	0.0243965635227499	0.0150008631877907
FL	85800	0.0332854419209982	0.00916850715568151	DHL	85800	0.0246881240051832	0.0136708994783241
FL	86000	0.029368895537516	0.0169162334675298	DHL	86000	0.0277593967668708	0.0127229217888516
FL	86200	0.0295157051816143	0.0184771933161427	DHL	86200	0.029506211037889	0.0147448628881072
FL	86400	0.0303490380829217	0.0197324139132306	DHL	86400	0.0300871879835778	0.014511741279889
FL	86600	0.0308486250004545	0.0192636735668526	DHL	86600	0.0293940502034948	0.0126322026769833
FL	86800	0.0330994740145231	0.0196417720067021	DHL	86800	0.026277681649147	0.00978582745178493
FL	87000	0.0340046953376242	0.0230089828694915	DHL	87000	0.0274166239048786	0.010872330506135
FL	87200	0.0437612218276912	0.0182308266883045	DHL	87200	0.0275315376959598	0.00706279352526275
FL	87400	0.03991825300327	0.0167341634370681	DHL	87400	0.0289328170782578	0.00591224984187975
FL	87600	0.0416566187995202	0.0192085442170994	DHL	87600	0.027713209089604	0.0112078410608434
FL	87800	0.0368743229105951	0.0180930034243834	DHL	87800	0.0272450031548268	0.0121689475590799
FL	88000	0.0352206864358235	0.0165801325998923	DHL	88000	0.0256033330668692	0.00806053779988268
FL	88200	0.0405408744784002	0.0246532538951794	DHL	88200	0.0227919011436758	0.00941961737975524
FL	88400	0.0390483903724831	0.0235560023296152	DHL	88400	0.0227021263782674	0.00903281064656013
FL	88600	0.0385281690726832	0.0173327886798171	DHL	88600	0.025012116472009	0.0105889691459835
FL	88800	0.0354675276122305	0.0155329459222304	DHL	88800	0.0230879093118152	0.0106748308404021
FL	89000	0.0374505237224024	0.0150360419548292	DHL	89000	0.0232936162861843	0.00454139574636674
FL	89200	0.0349678088415099	0.013271271756419	DHL	89200	0.0238641406608276	0.00405996248281223
FL	89400	0.0339575191291566	0.0145690452047452	DHL	89400	0.0263068146131413	0.00688718695606573
FL	89600	0.0341050838715879	0.014886275608529	DHL	89600	0.0267500118260697	0.0102115608310877
FL	89800	0.0308203791438467	0.00961684447211116	DHL	89800	0.0266679658785874	0.0138501262258748
FL	90000	0.0233446424851528	0.014331886841036	DHL	90000	0.0251514879523321	0.0107518154796334
FL	90200	0.024007015146919	0.0169883177202318	DHL	90200	0.0212578777760454	0.0106560072906132
FL	90400	0.0258111253033271	0.0155432206228468	DHL	90400	0.0204429090105138	0.0101372582770652
FL	90600	0.0275967938752313	0.0158074854790792	DHL	90600	0.0178892884838705	0.00785151428798556
FL	90800	0.0302264395648324	0.0145680845929003	DHL	90800	0.0203836342784559	0.00765763908188929
FL	91000	0.0327187967349398	0.0155731890434796	DHL	91000	0.0191710528056097	0.00455300988512627
FL	91200	0.032787971491682	0.0163717366885652	DHL	91200	0.019496080841477	0.00560726460547554
FL	91400	0.0316692102104159	0.0156288240202921	DHL	91400	0.0197110972863616	0.00506638383757046
FL	91600	0.0269436269299468	0.0141563401353026	DHL	91600	0.0213068051059596	0.00449975985112328
FL	91800	0.0282143087156122	0.0168802773680456	DHL	91800	0.0232953597017556	0.00645209878807398
FL	92000	0.0274865308444023	0.0149746525086093	DHL	92000	0.0246716992962469	0.00752299600820485
FL	92200	0.0290474382664706	0.0176445069532679	DHL	92200	0.0237228343737586	0.00858228746996187
FL	92400	0.0242207139990292	0.014339014647727	DHL	92400	0.0219995119539805	0.00868420460022999
FL	92600	0.0242872876847832	0.0159283669182315	DHL	92600	0.0203178154681014	0.00836091689768135
FL	92800	0.0258008444669087	0.0152845898485101	DHL	92800	0.0182372682154949	0.00859899368674178
FL	93000	0.0251303502850888	0.0141504152631338	DHL	93000	0.0197135301476655	0.00899832336925558
FL	93200	0.0249377648022569	0.0139200837755587	DHL	93200	0.0206656393322351	0.0130910472393383
FL	93400	0.0252927914435752	0.0155474696207246	DHL	93400	0.023391208085676	0.0189972103259702
FL	93600	0.0265078795902753	0.0139636291363344	DHL	93600	0.023640451927636	0.0182056639908303
FL	93800	0.0265660025988165	0.0121131560393043	DHL	93800	0.0232484850699942	0.0138913922503391
FL	94000	0.0274628445344234	0.0128556911074144	DHL	94000	0.0210658464276818	0.0159318329482903
FL	94200	0.0265918467684219	0.0118888063431486	DHL	94200	0.0226127058615884	0.0112602653941271
FL	94400	0.0263025053119157	0.0121392208342114	DHL	94400	0.021152274079442	0.00803846107384274
FL	94600	0.0249601717012437	0.012222770975971	DHL	94600	0.0201714393540046	0.00689760325850642
FL	94800	0.0225625548730511	0.0105467678827444	DHL	94800	0.021149361935663	0.00789159748476511
FL	95000	0.0232996662039604	0.012077587019281	DHL	95000	0.0231773475404287	0.013102191182344
FL	95200	0.0237498139409492	0.0122292011140917	DHL	95200	0.0253408133852553	0.0154150786588942
FL	95400	0.023127947103606	0.0124302074796055	DHL	95400	0.0241687427932673	0.0168510550271318
FL	95600	0.0264436328201099	0.0153332666436594	DHL	95600	0.0232298587661442	0.0134387457976628
FL	95800	0.0285095144895606	0.0163772815564392	DHL	95800	0.0199414056842939	0.00678002411612232
FL	96000	0.0274976087054129	0.0171389412776535	DHL	96000	0.0205631076697769	0.0104128353037362
FL	96200	0.027545505733686	0.0177434173877474	DHL	96200	0.0175958431792185	0.00705302921485869
FL	96400	0.0269425662351005	0.0167067354387947	DHL	96400	0.0163610049486121	0.00648691499765505
FL	96600	0.0248656128921264	0.0152553771744824	DHL	96600	0.012840486289953	0.00541099197848616
FL	96800	0.027391557342699	0.00664967575599051	DHL	96800	0.015213579628382	0.00653370192704989
FL	97000	0.0273088201020193	0.00427592334689937	DHL	97000	0.0153203482698758	0.00717954922179123
FL	97200	0.0281909479383991	0.00644786781781129	DHL	97200	0.0170575907158614	0.00447643183773694
FL	97400	0.0274439687836739	0.00516974387411459	DHL	97400	0.0195525825407334	0.00758538504559972
FL	97600	0.0283956037975562	0.00569503984856559	DHL	97600	0.0229877444082963	0.0136290235496175
FL	97800	0.0287544999606793	0.00808864725271643	DHL	97800	0.025606801508946	0.0171459000338346
FL	98000	0.028506150789579	0.00943705469233067	DHL	98000	0.0275830965056222	0.0188346237189997
FL	98200	0.0240253893641369	0.0160168773080132	DHL	98200	0.0279210127560647	0.0176963655376692
FL	98400	0.0259097623705311	0.0193740502773091	DHL	98400	0.0279182088147717	0.0147898775589949
FL	98600	0.0297888449814627	0.0180560305996519	DHL	98600	0.0272213029802459	0.00924181375573772
FL	98800	0.0308590352024826	0.0185666232659504	DHL	98800	0.0260718426706583	0.0111431110041766
FL	99000	0.0317734039684151	0.0108446487902173	DHL	99000	0.024419028645105	0.00786001751373695
FL	99200	0.0339780091872573	0.0131338171074767	DHL	99200	0.0266783705421931	0.010076311606699
FL	99400	0.0340278945199534	0.0137073502938618	DHL	99400	0.0295492551725957	0.0174311916938223
FL	99600	0.0328163687637989	0.0153465079043239	DHL	99600	0.0350569298232716	0.0250276338513517
FL	99800	0.0355457786858311	0.0177302726892595	DHL	99800	0.0375797680924582	0.0272089754649696
FL	100000	0.0356873638864839	0.0170653205291163	DHL	100000	0.028217659903422	0.0126606739092067
FL	0	0.0530618475709282	0.0255223922608877	DHL	0	0.378446269002769	0.35904502574018
FL	-200	0.0523531295954766	0.0262261240822772	DHL	-200	0.371219936568586	0.351814926986424
FL	-400	0.0506641383188912	0.0271479024780394	DHL	-400	0.35960943462421	0.347412623086805
FL	-600	0.0521672713251177	0.0259625990654724	DHL	-600	0.352542972289069	0.346434307389122
FL	-800	0.0526751898758527	0.029376227905127	DHL	-800	0.32617437264518	0.312542705051852
FL	-1000	0.0509323337687244	0.0261196966730022	DHL	-1000	0.297178814738638	0.277135195083435
FL	-1200	0.0476999382817927	0.0222831631948145	DHL	-1200	0.27412918997718	0.256166604783647
FL	-1400	0.0467263510092922	0.022421470900863	DHL	-1400	0.248779355716035	0.232386878076438
FL	-1600	0.0449834887155475	0.022437174541461	DHL	-1600	0.218804474276655	0.201119922589343
FL	-1800	0.0439898874526923	0.0238802837698863	DHL	-1800	0.202699484751094	0.188376826962503
FL	-2000	0.0445071911231165	0.0227277566560164	DHL	-2000	0.192461071006892	0.177975281343966
FL	-2200	0.0415473063405129	0.0181794316854336	DHL	-2200	0.169036875177398	0.153744567963011
FL	-2400	0.0392397777867646	0.0129369651096903	DHL	-2400	0.152957957072658	0.140308905663993
FL	-2600	0.0375655477200036	0.0125260950495645	DHL	-2600	0.1421771819806	0.135977330522589
FL	-2800	0.0333532157161903	0.00657490879253946	DHL	-2800	0.127686060452557	0.120724661846191
FL	-3000	0.0298500069714489	0.00959603952527616	DHL	-3000	0.115756855271249	0.111581547840174
FL	-3200	0.0306983689711869	0.0100440358178944	DHL	-3200	0.103046248755491	0.100397877524559
FL	-3400	0.0286583612599887	0.00883111055372143	DHL	-3400	0.0953665745773807	0.0974481449275103
FL	-3600	0.0299775035002821	0.00995379268762052	DHL	-3600	0.0862691074420419	0.0858379317642299
FL	-3800	0.0312835805977414	0.00953052628888247	DHL	-3800	0.075863772709249	0.0767400045874622
FL	-4000	0.0306989039639057	0.0155055715997608	DHL	-4000	0.0739140665571003	0.0789690745473293
FL	-4200	0.0296145847315052	0.01625358840995	DHL	-4200	0.0706438429215833	0.0749703172743312
FL	-4400	0.0306249679354228	0.0124312197222772	DHL	-4400	0.0687533630810352	0.0704484317067674
FL	-4600	0.0314474882858526	0.0135252091662923	DHL	-4600	0.0650698765596716	0.0664280437389967
FL	-4800	0.0321043131429901	0.0137453795471745	DHL	-4800	0.0652816213644396	0.0681763828080653
FL	-5000	0.0322779107120157	0.0140906098314344	DHL	-5000	0.0616767827583799	0.0653402089012693
FL	-5200	0.0311990877461306	0.0151804318828988	DHL	-5200	0.0591515145770842	0.0611842135470849
FL	-5400	0.0354089214206273	0.0138025729028162	DHL	-5400	0.0537546222140935	0.0544447576550222
FL	-5600	0.0354035490780317	0.0181217432587014	DHL	-5600	0.0561399421200537	0.0564901324866184
FL	-5800	0.0348011956960471	0.0164776401438922	DHL	-5800	0.0543537957182549	0.0532949250702066
FL	-6000	0.0356966019689677	0.0162933459118735	DHL	-6000	0.0517204145862609	0.0503248604736876
FL	-6200	0.0353852623154458	0.0164171325920731	DHL	-6200	0.0489975750299242	0.0449471604129443
FL	-6400	0.0332364122040867	0.0148094848096931	DHL	-6400	0.0443199421626163	0.0396814399549814
FL	-6600	0.0348357092537005	0.0143378365502472	DHL	-6600	0.0398015906863131	0.0364976448067978
FL	-6800	0.0350512051506681	0.0149418354473031	DHL	-6800	0.0430745621757789	0.0440874727816075
FL	-7000	0.0364537396676043	0.0168000148315628	DHL	-7000	0.0414141868082295	0.0408714880242827
FL	-7200	0.0326260199239128	0.0200826341663565	DHL	-7200	0.0443358984802555	0.0463849042584419
FL	-7400	0.0336415156053594	0.0196780679670281	DHL	-7400	0.045015073735982	0.0499177411646629
FL	-7600	0.0316449996165906	0.018318084781102	DHL	-7600	0.0479991269445239	0.0550792085901545
FL	-7800	0.032529378018575	0.0176032719803306	DHL	-7800	0.0467715297753901	0.0545205377148028
FL	-8000	0.0302619130314576	0.0158198041515251	DHL	-8000	0.0429882551851962	0.0415403626671789
FL	-8200	0.0298348523323301	0.0155791844276173	DHL	-8200	0.0405155232497253	0.0355390412143465
FL	-8400	0.0304225169649021	0.0152376896280925	DHL	-8400	0.0425896775241188	0.0379184257190835
FL	-8600	0.0312848428631642	0.0129275507148381	DHL	-8600	0.0407113505415515	0.033106726698945
FL	-8800	0.0294444160141353	0.0127793902649989	DHL	-8800	0.0384706578775045	0.0270702596368698
FL	-9000	0.0313537635732026	0.0137493493345564	DHL	-9000	0.0353748643050063	0.0202828451193111
FL	-9200	0.0331081404358954	0.0162452335239119	DHL	-9200	0.0348547459125405	0.0191802104003021
FL	-9400	0.0327693839426222	0.0163505101812901	DHL	-9400	0.0340372706826538	0.0174213896020634
FL	-9600	0.0327122352741714	0.0165306477566841	DHL	-9600	0.0327932939848668	0.0176346938942718
FL	-9800	0.0322105244217875	0.0172229523931776	DHL	-9800	0.0337595452267005	0.0220694142581014
FL	-10000	0.0329780668130879	0.0188245199666761	DHL	-10000	0.0309220905865855	0.0207588884941081
FL	-10200	0.0339309915982444	0.0191757273840164	DHL	-10200	0.0362793390889547	0.026811457927742
FL	-10400	0.0348607672101341	0.0186336094125357	DHL	-10400	0.037449220065148	0.0257381676304744
FL	-10600	0.0356335094374831	0.0158166295203484	DHL	-10600	0.0355040707431493	0.0213256080528466
FL	-10800	0.0357171542888094	0.0146304437677035	DHL	-10800	0.0343455494915081	0.0186382353608501
FL	-11000	0.0342935858933787	0.0143628719180897	DHL	-11000	0.0361930163054475	0.0236280323610656
FL	-11200	0.0342837488109604	0.014708952294953	DHL	-11200	0.0386014315796698	0.0270536077945952
FL	-11400	0.0355487153923913	0.0148332243787308	DHL	-11400	0.0424155035220517	0.0283113938211643
FL	-11600	0.0349490144601672	0.0145643054755531	DHL	-11600	0.0437505817519388	0.0310438559546222
FL	-11800	0.032572289122722	0.0135512460711618	DHL	-11800	0.0431248374432468	0.0338913166356074
FL	-12000	0.031203967802479	0.0170618844948751	DHL	-12000	0.042340907765773	0.036447152278029
FL	-12200	0.0293213161414391	0.0158376180952177	DHL	-12200	0.0453381747879095	0.0428140435192443
FL	-12400	0.0307215309147053	0.0171108489938904	DHL	-12400	0.042810998217156	0.0366547460911036
FL	-12600	0.0327507123586908	0.0182836049478323	DHL	-12600	0.0419789923902949	0.0332863683798137
FL	-12800	0.0339988253098732	0.0190138007656053	DHL	-12800	0.0426464752522452	0.0314728605368465
FL	-13000	0.033423930601585	0.0187020240448678	DHL	-13000	0.0428229120504266	0.0306700421895472
FL	-13200	0.0348547347418613	0.0198450969113619	DHL	-13200	0.0417641377479819	0.0303395239708956
FL	-13400	0.0332526975699214	0.0180375745188665	DHL	-13400	0.0366541118453044	0.0265303839717977
FL	-13600	0.033484264262211	0.0189728619925244	DHL	-13600	0.0380317897665226	0.0270984797483008
FL	-13800	0.0352861391392098	0.017507651703187	DHL	-13800	0.036673279123905	0.0257594960921595
FL	-14000	0.0354891373661021	0.0162599052499242	DHL	-14000	0.0380363645340012	0.0285713806404375
FL	-14200	0.0340557492890216	0.0162622122193995	DHL	-14200	0.0389229926883402	0.0270668617885359
FL	-14400	0.0333846407015625	0.0146433407030777	DHL	-14400	0.0412403080797065	0.0305480741454456
FL	-14600	0.0307185936375846	0.0147781898318567	DHL	-14600	0.0392141562416352	0.0301995171579678
FL	-14800	0.028348641684198	0.0165337947764423	DHL	-14800	0.0404647916510499	0.0313237301276767
FL	-15000	0.0275602527415946	0.0165097804491472	DHL	-15000	0.0393767456049633	0.029865192239684
FL	-15200	0.0257261236181378	0.0155238894270093	DHL	-15200	0.0427918661814321	0.0325603725103815
FL	-15400	0.0271355372696942	0.0159348226665056	DHL	-15400	0.0458968007409816	0.0334649814648346
FL	-15600	0.0261903129826391	0.0151721507513489	DHL	-15600	0.0438508913767757	0.0312466643135357
FL	-15800	0.0275556051533784	0.0159024833265529	DHL	-15800	0.0393993000905103	0.0247731137854851
FL	-16000	0.0294811206796448	0.0168861226551309	DHL	-16000	0.0410463181908683	0.0263809483800956
FL	-16200	0.0282486525080707	0.0166444114285836	DHL	-16200	0.0395934448284871	0.0219881337484934
FL	-16400	0.0283241720259283	0.0184431875712454	DHL	-16400	0.0376283874865462	0.020358568616771
FL	-16600	0.0277742183924538	0.0190833408910058	DHL	-16600	0.0332777696686426	0.0196873362463762
FL	-16800	0.0264255099391353	0.0182952050632721	DHL	-16800	0.0317059562186022	0.0203036445984155
FL	-17000	0.0278660859018805	0.0195675785789719	DHL	-17000	0.0285941924056044	0.0179356427486986
FL	-17200	0.0280575009716714	0.0184851887040565	DHL	-17200	0.0293921183061273	0.0179134918391501
FL	-17400	0.0285796066971462	0.0183332987400266	DHL	-17400	0.0295563782318802	0.018070466406201
FL	-17600	0.0283370540802592	0.0170832741339103	DHL	-17600	0.0328415111570125	0.0192639081958253
FL	-17800	0.0269226195343856	0.0159344147922148	DHL	-17800	0.033055846172	0.0199192191872942
FL	-18000	0.0278637909668669	0.0169916058863176	DHL	-18000	0.032581483298654	0.0190967877105947
FL	-18200	0.0279554846864732	0.0169462468338403	DHL	-18200	0.0341308305236858	0.0203976480769646
FL	-18400	0.0285658571409781	0.0169078483939912	DHL	-18400	0.0373565778453671	0.0251411263435213
FL	-18600	0.032205999545936	0.0156776955159233	DHL	-18600	0.0381912773740999	0.0238065627340755
FL	-18800	0.0336100698015441	0.0119896308150929	DHL	-18800	0.037602135580764	0.0190678891483493
FL	-19000	0.0318804020654915	0.0124256589979074	DHL	-19000	0.0352632518727776	0.0188018116922153
FL	-19200	0.0315235563048375	0.01165070258136	DHL	-19200	0.0353820721510467	0.0206154173201082
FL	-19400	0.0300185577526158	0.0106311515384288	DHL	-19400	0.0358109853138437	0.0188157734887263
FL	-19600	0.0342454331539351	0.0119444968629669	DHL	-19600	0.0343364620049837	0.0176753958925253
FL	-19800	0.0322689601927424	0.0117483353953008	DHL	-19800	0.0306061875617816	0.0153933791543412
FL	-20000	0.0332197785350009	0.01192792837249	DHL	-20000	0.0310426626838223	0.0153849749333467
FL	-20200	0.0334549702834884	0.00856180464910789	DHL	-20200	0.026597575507658	0.0116182765060136
FL	-20400	0.0310549627703442	0.00755111172264141	DHL	-20400	0.0249589212668718	0.00986763241247541
FL	-20600	0.0278403771287585	0.00942652032592819	DHL	-20600	0.0255711784566888	0.00868063967969628
FL	-20800	0.0278824015315609	0.0114038248874226	DHL	-20800	0.0250107076303187	0.00984581420319319
FL	-21000	0.0275411320427552	0.009728754413324	DHL	-21000	0.0269080718903634	0.0123088400647876
FL	-21200	0.0314723068049234	0.0141528022509106	DHL	-21200	0.0274392564410012	0.0116959223152672
FL	-21400	0.0304802687327907	0.0158013419765121	DHL	-21400	0.0268978583595889	0.00883354432673775
FL	-21600	0.0322426488496254	0.0164888374503681	DHL	-21600	0.025546383714718	0.00643641974251888
FL	-21800	0.0324512963439467	0.0158673552671632	DHL	-21800	0.0240617184394993	0.00468263340610794
FL	-22000	0.0328851725938148	0.0162988376263106	DHL	-22000	0.0253163273007522	0.00816210007899439
FL	-22200	0.034752532888323	0.0172712951997522	DHL	-22200	0.0256682472505223	0.00543985026041488
FL	-22400	0.0337703124036915	0.0151514264050028	DHL	-22400	0.0284039144201516	0.00735918335384817
FL	-22600	0.0340434946522992	0.0154346717918656	DHL	-22600	0.0302924524580911	0.0110649669237819
FL	-22800	0.0324634274119745	0.0182866935525856	DHL	-22800	0.0325614945462774	0.0127319642320642
FL	-23000	0.0355528721034214	0.0190078196789591	DHL	-23000	0.0325570113275351	0.00983227091469132
FL	-23200	0.0371869875495696	0.0195731610842224	DHL	-23200	0.0327912098660562	0.0136117870135541
FL	-23400	0.034043141087485	0.0184915304344553	DHL	-23400	0.0322569566997548	0.0171033972283104
FL	-23600	0.0351123689428529	0.0188471351639089	DHL	-23600	0.0291356159024447	0.0166737640402467
FL	-23800	0.0330114509271962	0.0174311603826622	DHL	-23800	0.0328236571466752	0.0199700601699313
FL	-24000	0.0319548180077094	0.0164243691882082	DHL	-24000	0.0303434526107483	0.0175906542391336
FL	-24200	0.0323683060030031	0.0169799526873908	DHL	-24200	0.0295082050017456	0.0145842271313931
FL	-24400	0.0291220999358909	0.0149117870831656	DHL	-24400	0.0277521372810756	0.01012899478233
FL	-24600	0.0279740043213794	0.0143467012707906	DHL	-24600	0.0273849393818024	0.0124768133670985
FL	-24800	0.0275462540298241	0.0140837252539009	DHL	-24800	0.0274838952603194	0.0089117648058778
FL	-25000	0.0291429034881578	0.0152037947662079	DHL	-25000	0.0295373440002833	0.0108517758727969
FL	-25200	0.028480139629365	0.0156875677262845	DHL	-25200	0.0299003913705897	0.0118181180353014
FL	-25400	0.0290398231680776	0.0168725423930018	DHL	-25400	0.033573583014786	0.0169918990049131
FL	-25600	0.028709538892662	0.0136421828779937	DHL	-25600	0.0353934691468203	0.0215929523477933
FL	-25800	0.0293028965509014	0.0146920220230191	DHL	-25800	0.0346122501566084	0.0232869190995214
FL	-26000	0.028920742757118	0.0146071785247239	DHL	-26000	0.0354782648791635	0.0195421473020017
FL	-26200	0.0301116321006624	0.0166522945612491	DHL	-26200	0.0339174890104532	0.0156507942235684
FL	-26400	0.0308292515282614	0.0163875758292137	DHL	-26400	0.0355124783880769	0.0175943842611947
FL	-26600	0.0304704897449937	0.0145607913935957	DHL	-26600	0.0340359572032574	0.0176689945625887
FL	-26800	0.0324331748542184	0.0166909500724185	DHL	-26800	0.0326476689823367	0.0140083546885639
FL	-27000	0.0292961266909934	0.0185566362226206	DHL	-27000	0.030485541191366	0.013699987285909
FL	-27200	0.0288294776585722	0.017361670756513	DHL	-27200	0.0300085524778688	0.0140612021280084
FL	-27400	0.0308336178563041	0.017867842319809	DHL	-27400	0.0300492684151342	0.016812575835009
FL	-27600	0.0322542873714301	0.0199475981127589	DHL	-27600	0.0288386590028363	0.016883113712141
FL	-27800	0.0327373667404645	0.0195740288809074	DHL	-27800	0.0313504935416166	0.0189430621271277
FL	-28000	0.0325029164085818	0.0196532785520403	DHL	-28000	0.0295845057866144	0.0153030540423377
FL	-28200	0.0320940008605399	0.0182041359931047	DHL	-28200	0.0291201203715412	0.016547855007259
FL	-28400	0.0318990592709377	0.016807515513255	DHL	-28400	0.0247917333205919	0.015705819346664
FL	-28600	0.0313196967564475	0.016794171421245	DHL	-28600	0.024300976651468	0.0182121399078227
FL	-28800	0.0303177276245195	0.0150005711887482	DHL	-28800	0.0269106565469156	0.0173134246955743
FL	-29000	0.030830642480112	0.0155187952562638	DHL	-29000	0.025971591199953	0.0184876704897543
FL	-29200	0.0316647297455294	0.0170756687313052	DHL	-29200	0.0229028175250501	0.0095840867780504
FL	-29400	0.029867967730468	0.0179209035432247	DHL	-29400	0.0261132446156908	0.0141848319368113
FL	-29600	0.0294425736017904	0.0164141084348566	DHL	-29600	0.0266905309122716	0.0125263348719242
FL	-29800	0.0326753744540773	0.0182945264858791	DHL	-29800	0.0320825287664047	0.0140726778190395
FL	-30000	0.0351505645127337	0.0121151049684009	DHL	-30000	0.0319875338077381	0.00984466705406459
FL	-30200	0.0302258036673066	0.0097504506955197	DHL	-30200	0.0316228095809884	0.0100618060466275
FL	-30400	0.0315287430570632	0.0063538452262211	DHL	-30400	0.0327739387557627	0.0129469251561829
FL	-30600	0.0306295961728787	0.00912312321004975	DHL	-30600	0.0317662372192175	0.013968786600275
FL	-30800	0.0307753632209067	0.00883669624794873	DHL	-30800	0.0365703143159407	0.0218746168520853
FL	-31000	0.0291874961408584	0.00861447024137884	DHL	-31000	0.0366184670736027	0.0203898005198509
FL	-31200	0.0293661703810457	0.00835683997317339	DHL	-31200	0.0341836736151012	0.0202960089510091
FL	-31400	0.0308477990493445	0.0092495205908687	DHL	-31400	0.0351246955256978	0.0217590804971354
FL	-31600	0.0307789508665901	0.00884912889992661	DHL	-31600	0.0325330866255112	0.0189012014882483
FL	-31800	0.0301472421546975	0.00896488695014083	DHL	-31800	0.0298419985687275	0.01551165076813
FL	-32000	0.0285850688711261	0.0109921970789913	DHL	-32000	0.0301598956313119	0.015832819036998
FL	-32200	0.0296872406790197	0.00873091920110891	DHL	-32200	0.0330375123695066	0.0161220776930269
FL	-32400	0.0298788767222513	0.0102123235761886	DHL	-32400	0.0322154906824929	0.0215824497970145
FL	-32600	0.0302913094144133	0.0100403675642856	DHL	-32600	0.0323893350879371	0.0215555933576494
FL	-32800	0.0290534147033913	0.0155596907230134	DHL	-32800	0.0306658230814222	0.021388559412575
FL	-33000	0.0263664948747666	0.0148586326729485	DHL	-33000	0.029967658557992	0.0182474519121258
FL	-33200	0.0264462689450612	0.0158202239960813	DHL	-33200	0.0271366617787999	0.0162015937278861
FL	-33400	0.0281065128767389	0.0164029241605773	DHL	-33400	0.0271017341323176	0.0169459862646638
FL	-33600	0.0288831632578361	0.0165107081701651	DHL	-33600	0.0235534817479512	0.012985608673617
FL	-33800	0.0285786098287231	0.0165216204129476	DHL	-33800	0.0257475434282743	0.0138430637412767
FL	-34000	0.0288516673078103	0.0179178928283756	DHL	-34000	0.024810729797705	0.013205045146425
FL	-34200	0.0299732676775657	0.0171717140294905	DHL	-34200	0.0211442156119924	0.00737366075759289
FL	-34400	0.0320793448114394	0.0192849051471965	DHL	-34400	0.021333068224919	0.00414288974691015
FL	-34600	0.0308521124365564	0.0197364825602968	DHL	-34600	0.0235327671683373	0.00732641257975698
FL	-34800	0.0329065769148891	0.0227025022132325	DHL	-34800	0.0274059751003057	0.0127210057469146
FL	-35000	0.0316215950894493	0.0199789624180176	DHL	-35000	0.0291681544326073	0.015890010236112
FL	-35200	0.0334588054536567	0.0144985437124658	DHL	-35200	0.0296263658003646	0.014294833149997
FL	-35400	0.0337159056800949	0.0125810858616972	DHL	-35400	0.0307876176426142	0.0167829350005355
FL	-35600	0.0287400733822011	0.0147286197881739	DHL	-35600	0.03074763259535	0.0135184943778967
FL	-35800	0.0295413262893099	0.0151210000162694	DHL	-35800	0.0318830465652048	0.0153729345613638
FL	-36000	0.0285541473102119	0.0145100050194087	DHL	-36000	0.0332586120245981	0.0179975167165769
FL	-36200	0.031639238038774	0.0102770769336845	DHL	-36200	0.0329055089557133	0.016327418117981
FL	-36400	0.033501874457748	0.0113453097490809	DHL	-36400	0.0323244705542296	0.0120282195247502
FL	-36600	0.0308970610636917	0.0115351948142126	DHL	-36600	0.0296786645500282	0.00863242918042471
FL	-36800	0.0327362426225956	0.0124958713428167	DHL	-36800	0.0270303464157415	0.00873447317247727
FL	-37000	0.0340393625670298	0.0112495993375857	DHL	-37000	0.0294286473201775	0.0084728472968015
FL	-37200	0.0351531751193854	0.00974917065170013	DHL	-37200	0.0281778871976451	0.00733940863389531
FL	-37400	0.0387789056908881	0.0115646209968812	DHL	-37400	0.0278982567638958	0.00773892833228161
FL	-37600	0.0361824260487508	0.0119891623249935	DHL	-37600	0.0299772916441224	0.0108346019979648
FL	-37800	0.0343775908496795	0.0112677449728071	DHL	-37800	0.0290731130523294	0.0089480670227641
FL	-38000	0.033800352168944	0.0106581269357728	DHL	-38000	0.0252311016457054	0.00573818184027773
FL	-38200	0.0344789841803985	0.00776888457448399	DHL	-38200	0.026763335997732	0.010540660009076
FL	-38400	0.033701911885104	0.0124531887734486	DHL	-38400	0.0269900127070287	0.00827057466696639
FL	-38600	0.0346266904808799	0.0123943585709784	DHL	-38600	0.0254867344001684	0.00987548191869112
FL	-38800	0.0357683776649966	0.0156004666803617	DHL	-38800	0.0257886805880227	0.00936274252162028
FL	-39000	0.0330462044404302	0.0126230593061638	DHL	-39000	0.0259511869515061	0.0100160437668986
FL	-39200	0.0323558255915933	0.0106488266270745	DHL	-39200	0.0259209463074912	0.0104759806657578
FL	-39400	0.0297559654179816	0.0112475199389319	DHL	-39400	0.0243172570355301	0.00746958017712846
FL	-39600	0.0319387568836632	0.0117441669412254	DHL	-39600	0.0274542318812337	0.0110529646102666
FL	-39800	0.0332941414910139	0.0120839901650146	DHL	-39800	0.0315594830028337	0.0128466185601061
FL	-40000	0.0342017316004116	0.010166960268676	DHL	-40000	0.033318813183284	0.00925556323505872
FL	-40200	0.0336334383115134	0.00817121569589342	DHL	-40200	0.034802836010139	0.0086102584312531
FL	-40400	0.033692726245308	0.00511896424470079	DHL	-40400	0.0321294693691893	0.0111742444874385
FL	-40600	0.0378179523429646	0.0101764651806676	DHL	-40600	0.02926772103938	0.00872172098437093
FL	-40800	0.0391006513805037	0.00594557430581198	DHL	-40800	0.0304094049726311	0.0119381392770672
FL	-41000	0.0371474036368387	0.00379317602993209	DHL	-41000	0.0288036994085023	0.0102343741159983
FL	-41200	0.0357511583609537	0.00586249990260755	DHL	-41200	0.031754753592006	0.0102925732626269
FL	-41400	0.035153339707887	0.0107824761208847	DHL	-41400	0.0333721800408393	0.0134432085941746
FL	-41600	0.0350837296732915	0.0132362656458862	DHL	-41600	0.0302193625804219	0.0105941869409383
FL	-41800	0.0379298813276819	0.0116653862317085	DHL	-41800	0.029581862878566	0.00881695473738441
FL	-42000	0.0372720554853996	0.0101281847185741	DHL	-42000	0.0299621447082281	0.00934008577620615
FL	-42200	0.0423759832219493	0.0115000265022734	DHL	-42200	0.02955143642516	0.00932696074104913
FL	-42400	0.0429256890795144	0.0119233019450239	DHL	-42400	0.0308854654505262	0.0152977614074585
FL	-42600	0.0423235315843874	0.0114384173689235	DHL	-42600	0.0343220484015796	0.0215230783571214
FL	-42800	0.0426386230340786	0.0118716717763522	DHL	-42800	0.035257523063966	0.0236530369839564
FL	-43000	0.039444090821899	0.0088731828597272	DHL	-43000	0.0389409354934871	0.029447193726634
FL	-43200	0.0388083695884333	0.00945647058624306	DHL	-43200	0.0407776793727863	0.0359204178103438
FL	-43400	0.0367742791787539	0.0140646112889716	DHL	-43400	0.0460261192387448	0.0412820101210862
FL	-43600	0.0343090274914529	0.0120986564171386	DHL	-43600	0.0475052753509199	0.0405062909507201
FL	-43800	0.0325571297830182	0.0174763528633819	DHL	-43800	0.0476039110578241	0.0403983778780392
FL	-44000	0.0348591850434708	0.0170393460867966	DHL	-44000	0.0482435414892813	0.0377984612996858
FL	-44200	0.0359420137454463	0.0180508765145963	DHL	-44200	0.0450040033367676	0.037048522635705
FL	-44400	0.0346386833269099	0.0170346949327991	DHL	-44400	0.0443076002636468	0.037726708263453
FL	-44600	0.0317233235855172	0.0162747803984892	DHL	-44600	0.0445191790238712	0.0376463820741305
FL	-44800	0.0343783219645415	0.00950983755091515	DHL	-44800	0.0482671337163206	0.0364929093585002
FL	-45000	0.0351762361231848	0.0115244571906944	DHL	-45000	0.0493924237118397	0.0321703186777657
FL	-45200	0.0390132309354195	0.0104061202471411	DHL	-45200	0.0495400139187243	0.0311143066472197
FL	-45400	0.0345840836720557	0.0108002567222497	DHL	-45400	0.0507279055171173	0.035617019462981
FL	-45600	0.031269815173137	0.0123963698746728	DHL	-45600	0.0549791106747073	0.0422630780387589
FL	-45800	0.0311894680969285	0.0146578088626002	DHL	-45800	0.0554543506999988	0.0457812066540243
FL	-46000	0.030993959800841	0.0138147537198804	DHL	-46000	0.0602095460524176	0.053114018265805
FL	-46200	0.0297855625724201	0.0125250269562518	DHL	-46200	0.058481555562215	0.0530643933112013
FL	-46400	0.0256790692386429	0.0146805119301025	DHL	-46400	0.0586392208439555	0.0534060223053131
FL	-46600	0.0286409093452201	0.0156123454193132	DHL	-46600	0.0556700505159409	0.0539144389146964
FL	-46800	0.0262383386057649	0.0152099060437537	DHL	-46800	0.0531783880389168	0.0469074057503791
FL	-47000	0.0248128739433309	0.0167834047026105	DHL	-47000	0.0479963362160429	0.0443989982835482
FL	-47200	0.0274568226909614	0.0109203459812261	DHL	-47200	0.0464251638147424	0.044396799597429
FL	-47400	0.0247434303845853	0.00808587267946045	DHL	-47400	0.0457946735684459	0.0384917064879762
FL	-47600	0.0269673179743227	0.0083573966132368	DHL	-47600	0.0438807384396175	0.0435659798813892
FL	-47800	0.0263557197740109	0.00998612945974782	DHL	-47800	0.0453444360839445	0.0450548532472015
FL	-48000	0.0243271009105621	0.017063244327545	DHL	-48000	0.044667640543873	0.0392519394708265
FL	-48200	0.0243114888330583	0.016252139678873	DHL	-48200	0.0424445659842757	0.0429658157004783
FL	-48400	0.0232876695131593	0.0141041473373881	DHL	-48400	0.0422444129183277	0.043460255271208
FL	-48600	0.0208191044862672	0.0138104644155082	DHL	-48600	0.0405490192938709	0.0422777741507124
FL	-48800	0.021808378377514	0.0127234517759801	DHL	-48800	0.0354075327988112	0.0346483575025806
FL	-49000	0.0230912431511658	0.0144071529602833	DHL	-49000	0.0332480671241909	0.0339129183941012
FL	-49200	0.0228494156779496	0.0134543445660217	DHL	-49200	0.0296156830542151	0.0264479786629986
FL	-49400	0.0234169992693356	0.0136010804377871	DHL	-49400	0.02427151276859	0.0187505856242914
FL	-49600	0.0267308677521555	0.0163235250292162	DHL	-49600	0.026768961909574	0.0178090371222132
FL	-49800	0.0266986372508	0.0142485093666434	DHL	-49800	0.0276825633796571	0.0168135925726047
FL	-50000	0.0272922821005487	0.0156627800774811	DHL	-50000	0.0270590061736163	0.0150588146954205
FL	-50200	0.0270450647161364	0.0146188597181669	DHL	-50200	0.0260782249210473	0.0125935601491586
FL	-50400	0.0281754841588139	0.0153468474735836	DHL	-50400	0.028536652905956	0.0115648866146875
FL	-50600	0.0294481688351483	0.0155026396602372	DHL	-50600	0.02916526550037	0.0104379161003217
FL	-50800	0.0279666776362317	0.0147814988234914	DHL	-50800	0.0274513693250466	0.0107884797677536
FL	-51000	0.0262074501424758	0.0143132428979033	DHL	-51000	0.0269745003557329	0.00949420038947367
FL	-51200	0.0255874771260242	0.0131040065471404	DHL	-51200	0.0254477918580768	0.00777923949865581
FL	-51400	0.026551104469874	0.0135593478973845	DHL	-51400	0.0234636906735988	0.00882504407936683
FL	-51600	0.0279821668133847	0.0146474994100366	DHL	-51600	0.0223417848874661	0.00896919835689964
FL	-51800	0.0283509384872846	0.0155581648855557	DHL	-51800	0.02122480648961	0.00729965113263569
FL	-52000	0.0329295997026864	0.0120317897601948	DHL	-52000	0.021862157411359	0.00585802885347121
FL	-52200	0.0328695565011608	0.0144172457915966	DHL	-52200	0.0208188505431508	0.00625684082335539
FL	-52400	0.0344735906084599	0.0162424953753321	DHL	-52400	0.0228852823084316	0.00419838053083575
FL	-52600	0.0354227090484195	0.0176542754255649	DHL	-52600	0.0249599899228273	0.00667803891257157
FL	-52800	0.0338141877928197	0.0151557879024114	DHL	-52800	0.0213643590138665	0.0077901539860021
FL	-53000	0.0342569824017933	0.0207092788562404	DHL	-53000	0.0245728756757957	0.00476401445880903
FL	-53200	0.0322623290869276	0.0186522054842786	DHL	-53200	0.0276710120058152	0.00774834638523137
FL	-53400	0.0313200777855479	0.0173534960839373	DHL	-53400	0.0264843353207823	0.011652667522316
FL	-53600	0.0302648917391792	0.016958398208299	DHL	-53600	0.0248635268442757	0.0127782571329673
FL	-53800	0.027785291893309	0.0152780886373628	DHL	-53800	0.027138150567005	0.00610924597020817
FL	-54000	0.0280928425436594	0.0149824403077956	DHL	-54000	0.0269100099618137	0.00362155507099511
FL	-54200	0.0268737544772578	0.0159446601072173	DHL	-54200	0.026401758179124	0.00671321785995473
FL	-54400	0.0265937170398027	0.01547069359205	DHL	-54400	0.0231450996243387	0.00547221859587483
FL	-54600	0.0264353781352301	0.0163723619027154	DHL	-54600	0.024296396902138	0.00670352044848802
FL	-54800	0.0287445603355808	0.0095252702923979	DHL	-54800	0.0212546925138214	0.0054277357901812
FL	-55000	0.026875135285684	0.0068206002532879	DHL	-55000	0.026707573051581	0.0161904380277839
FL	-55200	0.0263010659862822	0.00757035505856345	DHL	-55200	0.0249917464190529	0.0149049438683509
FL	-55400	0.0256459537169213	0.00840654274378727	DHL	-55400	0.0263107207717456	0.0142706442258791
FL	-55600	0.0257631574528354	0.0106284429426212	DHL	-55600	0.0241426959772668	0.0153910980113959
FL	-55800	0.0256263495107272	0.0113190910899518	DHL	-55800	0.0252185630016396	0.0157241478820345
FL	-56000	0.0236209318555275	0.0123774279162282	DHL	-56000	0.0294042643934165	0.0205828962205618
FL	-56200	0.022766248750342	0.016179493984608	DHL	-56200	0.0309570042550163	0.0201413641362074
FL	-56400	0.0232985303108981	0.0191238434597775	DHL	-56400	0.0363629795608151	0.0325669711901057
FL	-56600	0.0236389928266573	0.0182665479155014	DHL	-56600	0.036784381717118	0.0346473865013675
FL	-56800	0.02522095539315	0.018143616715911	DHL	-56800	0.0376277433906448	0.0366735518022998
FL	-57000	0.0276121842773166	0.0171786274325969	DHL	-57000	0.0383739667061125	0.0382341606058201
FL	-57200	0.0275019701899094	0.0159444579228854	DHL	-57200	0.0401561613564051	0.035414294057886
FL	-57400	0.0302842567700198	0.0178172817815735	DHL	-57400	0.0405327231573847	0.0377698827613582
FL	-57600	0.030280325760004	0.0192319917393982	DHL	-57600	0.0418419674992083	0.0371349270772035
FL	-57800	0.0294973570837347	0.0211105399601388	DHL	-57800	0.0390679704241758	0.0342536164489057
FL	-58000	0.0252350630875592	0.0189821618647395	DHL	-58000	0.0373652306254367	0.0348235277565394
FL	-58200	0.0247563499761994	0.0166746624972672	DHL	-58200	0.037357585324749	0.0372348542995784
FL	-58400	0.0259545008048363	0.0170732935043317	DHL	-58400	0.0385923687783529	0.0413402734647551
FL	-58600	0.0251142157615738	0.0178628809194469	DHL	-58600	0.0309485619527245	0.030993580045216
FL	-58800	0.0261303934545276	0.0165106642636307	DHL	-58800	0.0289531019449607	0.0251727155852103
FL	-59000	0.0239996802995595	0.012513499597916	DHL	-59000	0.0273193895833362	0.0239282439394076
FL	-59200	0.0234475087747811	0.0131642000392361	DHL	-59200	0.0244656441191392	0.0212992205413397
FL	-59400	0.0221615351174612	0.0107422016611069	DHL	-59400	0.0250899754394167	0.0205355197627105
FL	-59600	0.0251225961782379	0.00594849814111297	DHL	-59600	0.024660389914459	0.0205783116689002
FL	-59800	0.0247104021693378	0.00341244055531208	DHL	-59800	0.0222555819815566	0.0196630563790962
FL	-60000	0.0257239073463675	0.0058249235958744	DHL	-60000	0.0216442457389266	0.0167218379066638
FL	-60200	0.0274199106828679	0.00642222097670796	DHL	-60200	0.0204963084229199	0.0128364133708568
FL	-60400	0.028388296852215	0.00855283184608379	DHL	-60400	0.0240475573140934	0.00979575685016644
FL	-60600	0.0271867388745854	0.00837936407368065	DHL	-60600	0.0233227304543362	0.00829038668639663
FL	-60800	0.0300984642099838	0.0066076337351728	DHL	-60800	0.0226184291084628	0.00582833234318179
FL	-61000	0.0313789838478555	0.00755088508332593	DHL	-61000	0.0211655728394556	0.00605775334487741
FL	-61200	0.0304285728054712	0.00621640396804533	DHL	-61200	0.0224514906089529	0.00567488974369784
FL	-61400	0.0372776021236855	0.0130503613109193	DHL	-61400	0.0236415613360537	0.00809771148457853
FL	-61600	0.036645076307273	0.0143083128670568	DHL	-61600	0.0262474663795439	0.00843253831737758
FL	-61800	0.0382200990609479	0.0138702742335778	DHL	-61800	0.0254419198851417	0.00833135516730978
FL	-62000	0.0364348906679854	0.00756746618887317	DHL	-62000	0.0257438464950887	0.00584520352799326
FL	-62200	0.0305253751645007	0.00834031297594089	DHL	-62200	0.0246710360117387	0.0110530372603937
FL	-62400	0.0275207238329497	0.0152591410579306	DHL	-62400	0.0249629203483299	0.00837497477473436
FL	-62600	0.0298816306380366	0.00762956847047204	DHL	-62600	0.0242357277855335	0.00883999884837298
FL	-62800	0.0260464097896082	0.00602758844045608	DHL	-62800	0.0245702076047441	0.00929311920325067
FL	-63000	0.0294833771346035	0.00962068548028962	DHL	-63000	0.0224649368554057	0.0114838570786889
FL	-63200	0.0288618372300997	0.00960519521384559	DHL	-63200	0.023460800134076	0.0108512211241944
FL	-63400	0.0259101026817087	0.0142491665416057	DHL	-63400	0.0248630763117379	0.0126323331175931
FL	-63600	0.0261556453643158	0.0150802581394184	DHL	-63600	0.0293049403303338	0.014160677845386
FL	-63800	0.0274785071667421	0.0149019840470503	DHL	-63800	0.0308669992703007	0.0149830329852891
FL	-64000	0.0290789158151764	0.0150541482367598	DHL	-64000	0.0280763802942062	0.0147126792004566
FL	-64200	0.0312692733672806	0.0165579145344976	DHL	-64200	0.0262675892489817	0.017566887437011
FL	-64400	0.0351233499399472	0.0199777607952615	DHL	-64400	0.0257704391500461	0.0163977282080654
FL	-64600	0.03452357878595	0.0182597560619902	DHL	-64600	0.0272127906634807	0.0179878916390778
FL	-64800	0.0322737362127647	0.0169372680219492	DHL	-64800	0.0255608567687172	0.0204712063412991
FL	-65000	0.0359837609509695	0.0199500915168819	DHL	-65000	0.0252161485584636	0.0199100782731212
FL	-65200	0.033492994934056	0.0185714588840664	DHL	-65200	0.0247351810928274	0.0176067145954226
FL	-65400	0.031532522434002	0.015807113117817	DHL	-65400	0.0217203911047415	0.0134808759822045
FL	-65600	0.0357569864902159	0.0103291811292451	DHL	-65600	0.0218370681406156	0.0148852895084271
FL	-65800	0.0368125251350159	0.0111798777199168	DHL	-65800	0.0216218273989701	0.0105289209620871
FL	-66000	0.036837553343969	0.0117105491255004	DHL	-66000	0.0229073859148679	0.009614161801841
FL	-66200	0.0366227136140769	0.0121616392477289	DHL	-66200	0.0239817071555116	0.0125615203795876
FL	-66400	0.0370326391646855	0.013971074450114	DHL	-66400	0.0213445299066809	0.00822780170888947
FL	-66600	0.03539730189343	0.015377855529583	DHL	-66600	0.0220513861418259	0.00498128687263324
FL	-66800	0.0355598055516737	0.0159909646526763	DHL	-66800	0.0213620577092528	0.00690246250751441
FL	-67000	0.0386330227977756	0.0125284662464024	DHL	-67000	0.0228758421656222	0.00533336582666527
FL	-67200	0.0334256177115503	0.0102462353821793	DHL	-67200	0.0232447099891597	0.00646191224093084
FL	-67400	0.0316926459198058	0.0102477764179257	DHL	-67400	0.0234498707224356	0.00748728323483074
FL	-67600	0.0289691763452982	0.010752451853902	DHL	-67600	0.0252699270172668	0.00943460519730047
FL	-67800	0.0320419717303616	0.0109871548275701	DHL	-67800	0.0251018994262498	0.00965694781633854
FL	-68000	0.0314211940115008	0.0112569277839823	DHL	-68000	0.0250082071915825	0.0118726491610592
FL	-68200	0.0313561480070153	0.0119260453260207	DHL	-68200	0.024149220751976	0.0127491391766517
FL	-68400	0.028349014928172	0.0172424661590634	DHL	-68400	0.0247286525070811	0.0142907115457137
FL	-68600	0.0301820505533657	0.0206021170014724	DHL	-68600	0.0220623437185886	0.00932389752871727
FL	-68800	0.0349458283133725	0.0236353416567493	DHL	-68800	0.0223612920686226	0.00969247577677663
FL	-69000	0.0346372957623502	0.022626006623356	DHL	-69000	0.0243593658053403	0.00790507251851839
FL	-69200	0.0351722128550525	0.0239905370906277	DHL	-69200	0.024799067298083	0.00696163462505164
FL	-69400	0.0339785765407193	0.0229139533113627	DHL	-69400	0.0243356219751977	0.0103960674222137
FL	-69600	0.0325783422693633	0.0211012147723059	DHL	-69600	0.0250905208453533	0.0101048421417116
FL	-69800	0.0309737834262581	0.019403937914446	DHL	-69800	0.0236985772026251	0.0122116215307364
FL	-70000	0.0333824108514409	0.0189769948255104	DHL	-70000	0.0246807202174689	0.0142930349054729
FL	-70200	0.0353158938414946	0.0128829481886383	DHL	-70200	0.0243960241795823	0.0136457422908707
FL	-70400	0.0343336065495691	0.0129706047400767	DHL	-70400	0.0216115607086472	0.00693918881935456
FL	-70600	0.0365319076345003	0.016980417552637	DHL	-70600	0.0229695584353365	0.00878547082425967
FL	-70800	0.0355953799297383	0.0177350140443024	DHL	-70800	0.022382126072779	0.00952663132552691
FL	-71000	0.0346376813458388	0.0174756957253813	DHL	-71000	0.0241331565039146	0.0124023480878496
FL	-71200	0.0308749561215752	0.0121940383428726	DHL	-71200	0.0207177423603038	0.0113254215883413
FL	-71400	0.0294623652814847	0.0126945876761703	DHL	-71400	0.0219568369766865	0.00874288117329384
FL	-71600	0.0285412932331088	0.0122544740621674	DHL	-71600	0.0210994326569678	0.0108354644359477
FL	-71800	0.027847207480887	0.00911665868908419	DHL	-71800	0.0229863595715467	0.0149054413076542
FL	-72000	0.0287887578674327	0.0105628931853338	DHL	-72000	0.0249151546950468	0.0174501164866175
FL	-72200	0.0316355024758908	0.0132649424647963	DHL	-72200	0.0271164732904119	0.0167457308104149
FL	-72400	0.0313041664821515	0.0137539603085141	DHL	-72400	0.0280419968663267	0.0188802640896728
FL	-72600	0.0263126757402409	0.0197432594523087	DHL	-72600	0.0270978407570915	0.0168035531590461
FL	-72800	0.0285794338231659	0.0191930121580599	DHL	-72800	0.0290558035708769	0.0160488691856833
FL	-73000	0.0316762622989467	0.0113373155223527	DHL	-73000	0.0298419985243138	0.0153275307065396
FL	-73200	0.0300893588745299	0.00862787106646982	DHL	-73200	0.0318066094986125	0.0132026778422133
FL	-73400	0.0307016400897028	0.0124533911741997	DHL	-73400	0.0337047543315497	0.0118607447164114
FL	-73600	0.0362969441454156	0.0128057145268448	DHL	-73600	0.0282662774647581	0.00930042676158712
FL	-73800	0.0367557183037183	0.0119580412968674	DHL	-73800	0.0273742905728655	0.0117542736518956
FL	-74000	0.0323665700547824	0.0106162252268001	DHL	-74000	0.0250484832435538	0.0101354523132346
FL	-74200	0.0311599558502618	0.011847786130094	DHL	-74200	0.0284712226502395	0.0113140395059113
FL	-74400	0.0327826152363382	0.0117463669582314	DHL	-74400	0.02260482053378	0.0110756185015786
FL	-74600	0.0346355331681383	0.0135079176702921	DHL	-74600	0.0226499970461652	0.0122361993415453
FL	-74800	0.0299134517315096	0.0119314831815117	DHL	-74800	0.0230428950685602	0.0128272126157651
FL	-75000	0.0272337044806323	0.00933549103196489	DHL	-75000	0.0210612309365722	0.00776207499919124
FL	-75200	0.0261056454937742	0.00759860593645325	DHL	-75200	0.0188471232433812	0.00648980940631213
FL	-75400	0.028719008983331	0.00652792947188071	DHL	-75400	0.0174212256018898	0.0105142296795649
FL	-75600	0.0277008459699478	0.00799912933555491	DHL	-75600	0.0176483406174238	0.00902897583857082
FL	-75800	0.0280838143526934	0.00839017036999733	DHL	-75800	0.0185708134320869	0.00877232068554449
FL	-76000	0.0279871780095982	0.0106793158885553	DHL	-76000	0.0181367030142475	0.00879799299709498
FL	-76200	0.0292463757757052	0.00878183789050862	DHL	-76200	0.0190945818863877	0.00853548926585718
FL	-76400	0.0291205478687223	0.0104973662261331	DHL	-76400	0.0204672703589365	0.00872702084174899
FL	-76600	0.0294898159743788	0.0141788059669816	DHL	-76600	0.0178451405521729	0.00917513494422149
FL	-76800	0.0322165728362359	0.0144309465833965	DHL	-76800	0.0216180065992521	0.00962705731179915
FL	-77000	0.0336718910291964	0.0165406482637932	DHL	-77000	0.0205567555169384	0.00900809434221546
FL	-77200	0.0367368551667881	0.0158553739740307	DHL	-77200	0.0232073212390272	0.0108897804076853
FL	-77400	0.0364808340491236	0.0188999570680206	DHL	-77400	0.0303100671542421	0.0196774792774646
FL	-77600	0.0352428971812679	0.0194440915771524	DHL	-77600	0.0325322259785891	0.0235476861318206
FL	-77800	0.0345482169484596	0.0187904794493639	DHL	-77800	0.0304519097897924	0.0223491057043884
FL	-78000	0.0381442426334519	0.0183892430418044	DHL	-78000	0.0316637969883781	0.0268071875991961
FL	-78200	0.0398429271643025	0.0189326728241278	DHL	-78200	0.0288434226437546	0.0248776037914929
FL	-78400	0.038746930344656	0.0176823008132448	DHL	-78400	0.0263632554254869	0.0227748197973508
FL	-78600	0.0391211224567742	0.0167875641117114	DHL	-78600	0.0282798695782872	0.0242124889681492
FL	-78800	0.0414805840771243	0.0175957518219362	DHL	-78800	0.0260636174139319	0.0223603383535854
FL	-79000	0.0406169466905293	0.0153856073619855	DHL	-79000	0.0190175457345636	0.0110058953391102
FL	-79200	0.0377487208492591	0.0154644608984199	DHL	-79200	0.0209817785071271	0.00970295743252284
FL	-79400	0.039059337601113	0.0168622331503598	DHL	-79400	0.0206778747754838	0.00844358302440794
FL	-79600	0.0384400838204615	0.0174785012858394	DHL	-79600	0.0210489378582411	0.0113680496792168
FL	-79800	0.0356181027876766	0.0158042069732702	DHL	-79800	0.0188122353331101	0.0115393469470102
FL	-80000	0.0335811872861142	0.0146469234922784	DHL	-80000	0.0227018756606306	0.0103392371833898
FL	-80200	0.0304183223250511	0.0115293215028945	DHL	-80200	0.0214297997791836	0.00848915215825414
FL	-80400	0.0344450879749367	0.0126835262286287	DHL	-80400	0.0223436559000355	0.00840986507477877
FL	-80600	0.0336048677517227	0.0113935367014258	DHL	-80600	0.0231357130262598	0.00378691669264239
FL	-80800	0.0354081063431226	0.0199895699854308	DHL	-80800	0.0231946880026757	0.00624338584364312
FL	-81000	0.0396159349537353	0.0293215392687705	DHL	-81000	0.0211006984943074	0.00709278524905572
FL	-81200	0.0377974858659062	0.0293326959914327	DHL	-81200	0.020938238057651	0.00923691220771539
FL	-81400	0.0350050870309805	0.0202091269853798	DHL	-81400	0.0239843101920056	0.00977373498594873
FL	-81600	0.0325739952313892	0.0211903860699165	DHL	-81600	0.0259389427148358	0.00786908895592088
FL	-81800	0.0345379149560064	0.0199871748043136	DHL	-81800	0.0246513780638171	0.0078258149722007
FL	-82000	0.0351067321428788	0.0205761962332861	DHL	-82000	0.0228646831297984	0.011262611275612
FL	-82200	0.0290236904952918	0.00984311360014331	DHL	-82200	0.0223696866776976	0.00798724935321956
FL	-82400	0.0239944894176545	0.0138606327945015	DHL	-82400	0.0225950224083119	0.00850332828994441
FL	-82600	0.0293230236366184	0.0120955323704247	DHL	-82600	0.0256711835987347	0.00815233129595302
FL	-82800	0.0276516924146966	0.0119798949570306	DHL	-82800	0.0256618375966711	0.00705786006702998
FL	-83000	0.0275054542088221	0.0125358527464424	DHL	-83000	0.022585031936639	0.00899728783274071
FL	-83200	0.0265603571526007	0.0127186379593275	DHL	-83200	0.0263371874570836	0.00920441253700665
FL	-83400	0.0251202428188042	0.0135716954840398	DHL	-83400	0.0292888749809816	0.0107654392755719
FL	-83600	0.0265451419455508	0.0114975904959299	DHL	-83600	0.0311646801521105	0.0181182292602766
FL	-83800	0.0260771810666557	0.0128184955810046	DHL	-83800	0.0327425029796745	0.0237182889613275
FL	-84000	0.0256508961679523	0.0186494368929275	DHL	-84000	0.0317849296443459	0.016204598016702
FL	-84200	0.030829180011639	0.0146272547347129	DHL	-84200	0.036005380820605	0.0170422528978077
FL	-84400	0.0335211470294413	0.0165735792655084	DHL	-84400	0.0312262941437552	0.0113036720130302
FL	-84600	0.0329058392334499	0.0165617159238397	DHL	-84600	0.0281012772015521	0.0105901612225274
FL	-84800	0.0326333164894385	0.0150548219075998	DHL	-84800	0.0301169413873281	0.00771878204606121
FL	-85000	0.0294547893232819	0.0138285518453965	DHL	-85000	0.0291456176444246	0.00818992857058352
FL	-85200	0.0291424428213314	0.0152129842557354	DHL	-85200	0.0293668454114951	0.0122161791475404
FL	-85400	0.0220147242388982	0.015705987656594	DHL	-85400	0.0301611963825917	0.0145980331608456
FL	-85600	0.0235311481516569	0.0162384709859724	DHL	-85600	0.0295676086398884	0.0164914762587608
FL	-85800	0.0224354407145215	0.0136441525347291	DHL	-85800	0.0300027675314935	0.0168034693387028
FL	-86000	0.0265492970595376	0.00998503897690513	DHL	-86000	0.0279189437962861	0.0131688304547137
FL	-86200	0.024801957604317	0.00758571729402592	DHL	-86200	0.029092405767548	0.0138699049367532
FL	-86400	0.0246523019653314	0.00541642265248248	DHL	-86400	0.0272496419310141	0.0100271473211493
FL	-86600	0.0241548929044161	0.00611021678136974	DHL	-86600	0.0229835035233643	0.00631634498391377
FL	-86800	0.0240088976546976	0.00592811022963565	DHL	-86800	0.0218698131791469	0.00612391579626744
FL	-87000	0.0264427004629621	0.00816761134524186	DHL	-87000	0.0234421428956941	0.00508954452710647
FL	-87200	0.0284784666512588	0.0115910829058516	DHL	-87200	0.0252423171773429	0.00635356287718409
FL	-87400	0.0288418174741676	0.0084850733793409	DHL	-87400	0.026537206319735	0.00872955588032666
FL	-87600	0.0333390611881619	0.0157477135504821	DHL	-87600	0.0260246850945496	0.00832202441546212
FL	-87800	0.03490675018617	0.0158147068012644	DHL	-87800	0.0276836656128465	0.00749173368632977
FL	-88000	0.0313417395986153	0.0174270968184957	DHL	-88000	0.0227463965161859	0.00983860324165396
FL	-88200	0.0276881711824456	0.0135760264002262	DHL	-88200	0.0234698581892851	0.00931199067239001
FL	-88400	0.025841706763087	0.0164833931569637	DHL	-88400	0.0241608960952743	0.00668553237497561
FL	-88600	0.0274705841911844	0.0187774952441398	DHL	-88600	0.0258714646551171	0.00657728920683578
FL	-88800	0.0280209802746738	0.0177584286243201	DHL	-88800	0.0246442548088088	0.00948650367459322
FL	-89000	0.0310781494318774	0.0196836028484424	DHL	-89000	0.0242597101930798	0.00958048772699263
FL	-89200	0.0312337878993711	0.0213791679035066	DHL	-89200	0.0248927369493408	0.01257161234856
FL	-89400	0.0321864071632358	0.0226998238379736	DHL	-89400	0.0262248452872548	0.00978399422271099
FL	-89600	0.0339175247311254	0.0231000399329108	DHL	-89600	0.0292465569935214	0.0110725780002294
FL	-89800	0.033287253010453	0.0251815685943314	DHL	-89800	0.0294189563034911	0.0117928927827947
FL	-90000	0.0300267021481703	0.0237521223474319	DHL	-90000	0.029367820259622	0.0129680706728037
FL	-90200	0.0296345434222624	0.023821822852901	DHL	-90200	0.0272439173884595	0.0112966365214827
FL	-90400	0.0289779845219496	0.0231501903212717	DHL	-90400	0.030221627602341	0.0102347996030696
FL	-90600	0.026450486321801	0.0215536224279543	DHL	-90600	0.0304413951458226	0.0105719204798213
FL	-90800	0.029765639697053	0.0197544565110499	DHL	-90800	0.0265313182630846	0.00937585697471495
FL	-91000	0.0328804565038351	0.0182598865763029	DHL	-91000	0.0253264709362179	0.00753541550453047
FL	-91200	0.0324154165764815	0.0174029820932517	DHL	-91200	0.0276307178641932	0.00885030963911848
FL	-91400	0.03723900057424	0.016733138322993	DHL	-91400	0.0272395945276953	0.00925154306698386
FL	-91600	0.0350024041517762	0.0132367290732367	DHL	-91600	0.0289342878421961	0.0137915894526071
FL	-91800	0.0344627013426847	0.0125664931659238	DHL	-91800	0.0244716836252015	0.00739703571913507
FL	-92000	0.0349389170523743	0.0159398265582974	DHL	-92000	0.0240989774713854	0.00822385616294496
FL	-92200	0.0298917338495634	0.0204130048514635	DHL	-92200	0.0240007375351323	0.00656797523176051
FL	-92400	0.0286842616091303	0.01888146969929	DHL	-92400	0.0244154356646344	0.00579401032693648
FL	-92600	0.0269318691935433	0.0188760234637816	DHL	-92600	0.0232913503590764	0.0053582892911565
FL	-92800	0.0238233214046631	0.0152800229558691	DHL	-92800	0.0213690032323706	0.00751894580800603
FL	-93000	0.0246550735367792	0.0166718776626848	DHL	-93000	0.0229833302428342	0.00650309644939292
FL	-93200	0.0262160230599438	0.0189203724479373	DHL	-93200	0.023140398846308	0.00777320300832019
FL	-93400	0.0276242235319029	0.0178750605399944	DHL	-93400	0.0243273483977409	0.00953994893951222
FL	-93600	0.029582110932764	0.0200032542865531	DHL	-93600	0.0229903496708327	0.00714635087070077
FL	-93800	0.035191569787923	0.0160787742797824	DHL	-93800	0.0227651879434466	0.00743490802611091
FL	-94000	0.0351781614485851	0.0135984555359974	DHL	-94000	0.0203989058309625	0.0081114753678068
FL	-94200	0.0357933389887683	0.0130385533371936	DHL	-94200	0.0204433839186437	0.00958719670230656
FL	-94400	0.036665818365652	0.0144871205289209	DHL	-94400	0.0193997468844304	0.00989383001034316
FL	-94600	0.0383006949661904	0.0204270137742146	DHL	-94600	0.0194514988396291	0.0106469667972751
FL	-94800	0.0376002962605799	0.0172390373269312	DHL	-94800	0.0234872571550584	0.00946152006901534
FL	-95000	0.0385352705886313	0.0143726015307944	DHL	-95000	0.0252312247193216	0.0097370519923778
FL	-95200	0.0390259386619783	0.0138098147155485	DHL	-95200	0.0300013418744749	0.0108333576419814
FL	-95400	0.0400645830700737	0.0155899216758067	DHL	-95400	0.031222309269211	0.012093598712779
FL	-95600	0.0383580252799178	0.0154572300979064	DHL	-95600	0.0316192748143515	0.0112365567759467
FL	-95800	0.0314350804896905	0.0204213754251036	DHL	-95800	0.033647692149728	0.012947208747042
FL	-96000	0.0297048420848312	0.0202557117385838	DHL	-96000	0.0296961024552283	0.0115801357479532
FL	-96200	0.0306126512428876	0.0201135483555723	DHL	-96200	0.0289216712361695	0.00902167483654813
FL	-96400	0.0341337546824138	0.0204570843807366	DHL	-96400	0.0273228517029997	0.0109171063641813
FL	-96600	0.0387749152002294	0.0161743607931481	DHL	-96600	0.0267063241601579	0.00895465061979186
FL	-96800	0.0355341612510267	0.013208300174735	DHL	-96800	0.0250857997072386	0.0108470867710613
FL	-97000	0.0336476605101397	0.0172910867186595	DHL	-97000	0.0232701525068845	0.011771027570507
FL	-97200	0.0352210431635908	0.0157358421801474	DHL	-97200	0.0243769213524302	0.0110094989396703
FL	-97400	0.0345793054537581	0.0154463782310641	DHL	-97400	0.026250762016938	0.0101976327861005
FL	-97600	0.0342908968822434	0.0143747444123012	DHL	-97600	0.0273729982142249	0.0111690276239978
FL	-97800	0.0335773533601839	0.0148432955838013	DHL	-97800	0.0298343959396577	0.0117562569875799
FL	-98000	0.0327711584626412	0.0166815741523315	DHL	-98000	0.0278025998761704	0.0152253607317684
FL	-98200	0.0336639482127571	0.0180783417988707	DHL	-98200	0.0297588852794993	0.0151660229190502
FL	-98400	0.0289315458638118	0.0179919299047786	DHL	-98400	0.0299645384713666	0.015324811243507
FL	-98600	0.0275651169597286	0.0176039816739105	DHL	-98600	0.0285079363880263	0.0139051141342271
FL	-98800	0.0279221316805346	0.0181901272405518	DHL	-98800	0.0215918093126751	0.0160999929582203
FL	-99000	0.0300100790212897	0.0131578118225825	DHL	-99000	0.0207499573901266	0.0147581399718129
FL	-99200	0.0249234407547397	0.0107394948933675	DHL	-99200	0.0198455195039034	0.0130885944835459
FL	-99400	0.0238786876722751	0.0120972634971012	DHL	-99400	0.0183568106285502	0.008204099032576
FL	-99600	0.0302345973010343	0.0171048505343374	DHL	-99600	0.0212671537114965	0.00796501140860844
FL	-99800	0.0284236563798182	0.0189000429134078	DHL	-99800	0.0211913412424011	0.00781196610506242
FL	-100000	0.0237346144820554	0.0114277203156497	DHL	-100000	0.0213745375275815	0.00902141859696887
