V1	Distance	Burden.avg	Burden.sd	V1	Distance	Burden.avg	Burden.sd
FL	0	0.020430562070099	0.010764486048394	DHL	0	0.0407755507746388	0.0321642586005251
FL	200	0.0190638325646131	0.00917989399069737	DHL	200	0.0411876686410158	0.0321381750472566
FL	400	0.0181903334742246	0.00805716624015976	DHL	400	0.0425886470073216	0.0343383103550605
FL	600	0.0173138881258413	0.00478088402341868	DHL	600	0.0450506138006243	0.0379634418684862
FL	800	0.0184566834116743	0.00539731980636544	DHL	800	0.0407775571565856	0.0325626652261189
FL	1000	0.0194274482631493	0.00623335824278977	DHL	1000	0.0408500043319262	0.0316137343104927
FL	1200	0.0204085077587141	0.00625904811064085	DHL	1200	0.0396690508442897	0.0296515830998552
FL	1400	0.0248225416808882	0.00507651173295906	DHL	1400	0.043078162826246	0.0325206908892228
FL	1600	0.0242263750714975	0.00665390721304233	DHL	1600	0.0424726219317592	0.0255196646277425
FL	1800	0.0276185172130346	0.00998756848760748	DHL	1800	0.044896411871532	0.0321592462224549
FL	2000	0.0300102063646454	0.00897249532866274	DHL	2000	0.0417737851081746	0.0328074920535992
FL	2200	0.0303851959237403	0.010973099717361	DHL	2200	0.0398289915717441	0.0344237732550527
FL	2400	0.0282640809184731	0.00932353167912653	DHL	2400	0.0359595986402606	0.0260546873370722
FL	2600	0.0294515018115747	0.0114382073651431	DHL	2600	0.0337006439136717	0.0181331244716857
FL	2800	0.0273888437358957	0.0101157220166699	DHL	2800	0.0324677053771234	0.0139128882889425
FL	3000	0.0253241992901351	0.0120700173345466	DHL	3000	0.0344823649386751	0.0134459619651048
FL	3200	0.0238949036532578	0.0176131755138257	DHL	3200	0.0334214003028747	0.0156732354915423
FL	3400	0.0229765588654521	0.0160946721886186	DHL	3400	0.0306000323284843	0.0105365044728957
FL	3600	0.022525805440818	0.0159487042993924	DHL	3600	0.0292959449056107	0.0113027073496329
FL	3800	0.0223120785975031	0.0175560511480601	DHL	3800	0.0296883710100507	0.0146443285183726
FL	4000	0.0242789920259543	0.0173955277815803	DHL	4000	0.0312427563536278	0.0206005161755615
FL	4200	0.0245126979365384	0.0159667515041207	DHL	4200	0.0335040682913894	0.023282501697961
FL	4400	0.0253472262503155	0.00875061305437671	DHL	4400	0.0293487700851759	0.0196809565383374
FL	4600	0.0263925071862809	0.0111935439774556	DHL	4600	0.0284691841234442	0.020441217360931
FL	4800	0.0247560514899902	0.0111067559251068	DHL	4800	0.032692494585712	0.0243985012253671
FL	5000	0.0250573330424461	0.0126798792543093	DHL	5000	0.0319635384200972	0.0220842566421783
FL	5200	0.0249383548478935	0.0171333447669513	DHL	5200	0.0292049669976719	0.0176527403265682
FL	5400	0.0278559859226893	0.00935478808390774	DHL	5400	0.0322377924233356	0.0194594528335559
FL	5600	0.0270358429880144	0.00839661349473494	DHL	5600	0.0350793806351835	0.0225123004724079
FL	5800	0.0284042276716327	0.0068403768549665	DHL	5800	0.0330882090755797	0.0150966931445972
FL	6000	0.0219786826302864	0.0127638878392547	DHL	6000	0.0353105937761038	0.0172087798109991
FL	6200	0.0257697212853584	0.0155118913996659	DHL	6200	0.0330654938878369	0.0198142309619804
FL	6400	0.0241172537649291	0.0138339975748377	DHL	6400	0.0383903194013972	0.0234644776819012
FL	6600	0.0237315547144863	0.0129725895138277	DHL	6600	0.0360996926494776	0.0227252069517753
FL	6800	0.0230761484178839	0.012351099078171	DHL	6800	0.0341898771543584	0.0222476541806431
FL	7000	0.0234095647361944	0.0127207074778992	DHL	7000	0.0395436821846034	0.0288867862874978
FL	7200	0.0256547878533325	0.014206784414891	DHL	7200	0.0350861680211881	0.0237171483885024
FL	7400	0.0248448652024449	0.0137467674658947	DHL	7400	0.0376616386109277	0.0243266198446521
FL	7600	0.0252204285506324	0.013757505522201	DHL	7600	0.0365899978161223	0.0230261592792432
FL	7800	0.0229561187392517	0.0136777180209175	DHL	7800	0.0373677630463274	0.0242023527329152
FL	8000	0.0258917134772922	0.00910003530285653	DHL	8000	0.0359385250572127	0.020333643104413
FL	8200	0.0276082985345258	0.010348879722024	DHL	8200	0.0437411025873935	0.0310686751781392
FL	8400	0.0319185809318245	0.0110119925288562	DHL	8400	0.0428843356606611	0.0311114757672316
FL	8600	0.0347707825079353	0.0129353743052834	DHL	8600	0.0454469040185054	0.029036953873534
FL	8800	0.0326797073283795	0.0129387288382972	DHL	8800	0.053591049506302	0.0347007486698671
FL	9000	0.0341083366876913	0.0127550444138283	DHL	9000	0.0605087868816689	0.042366075300644
FL	9200	0.0349314396488935	0.0112681168431071	DHL	9200	0.0693509011761971	0.0519145200378349
FL	9400	0.034171349569139	0.0121818684185086	DHL	9400	0.0776043472508075	0.062368114167567
FL	9600	0.0329560805466308	0.0140150520744242	DHL	9600	0.0846823603999847	0.0755084287899383
FL	9800	0.0364007931054913	0.0115397466349983	DHL	9800	0.0886994266634045	0.0764694284373785
FL	10000	0.0365031138796272	0.0135752931346678	DHL	10000	0.0971541577143643	0.0872896399319162
FL	10200	0.0363879095865345	0.0118700545853748	DHL	10200	0.0973489156252611	0.0848609464692801
FL	10400	0.0364790019592697	0.0105731951999841	DHL	10400	0.0980363240198803	0.0829908076962235
FL	10600	0.0354022850940175	0.00997381289751546	DHL	10600	0.0965595295684655	0.0825794663467674
FL	10800	0.0343815197773471	0.0112792963116769	DHL	10800	0.101868274279791	0.0864066339897926
FL	11000	0.0346137770259914	0.00496683182438102	DHL	11000	0.102904594023726	0.088577201014426
FL	11200	0.0336688950745983	0.00712013077150709	DHL	11200	0.10021311316158	0.0808189390124825
FL	11400	0.0366245172177242	0.00737985687364654	DHL	11400	0.102835077755353	0.0769915990301675
FL	11600	0.0355706576171616	0.00728197644666123	DHL	11600	0.108267780273385	0.0821706950646946
FL	11800	0.0338223820955557	0.00677070433448282	DHL	11800	0.110452313996954	0.0893554853834865
FL	12000	0.0348305763830674	0.0109681653926006	DHL	12000	0.102066236348064	0.0791183518562046
FL	12200	0.0373858740535143	0.0106896273730315	DHL	12200	0.0936853511156142	0.0673555008815623
FL	12400	0.0307706426813492	0.0103126486153682	DHL	12400	0.0951158310545436	0.0677070651453346
FL	12600	0.0289169752940348	0.0165738969266207	DHL	12600	0.0894143324353884	0.0623977231401854
FL	12800	0.0301943162340921	0.0156756259912532	DHL	12800	0.0800748556287182	0.0554362063333656
FL	13000	0.0278050633503092	0.016875755359915	DHL	13000	0.0698139619878353	0.0462161561896059
FL	13200	0.0315045028486565	0.0167611988861856	DHL	13200	0.0638052377332752	0.0386062849514593
FL	13400	0.0324754495115651	0.0195607818338016	DHL	13400	0.0599171792923658	0.0363800139067461
FL	13600	0.0295038051082779	0.0181323012926402	DHL	13600	0.0533780495844453	0.0289225383360602
FL	13800	0.0319611326124433	0.0196161995599034	DHL	13800	0.0479926267554783	0.0221382590406944
FL	14000	0.0305324593728411	0.0172810420061217	DHL	14000	0.0388194753211991	0.0175361524338306
FL	14200	0.0299583034856606	0.0164941872720389	DHL	14200	0.0345752672733271	0.0141979490991486
FL	14400	0.0248565156574423	0.0154656065703665	DHL	14400	0.0354190446594762	0.015849000487968
FL	14600	0.0245325528226945	0.0146240452032611	DHL	14600	0.0359729472236444	0.0158720342446859
FL	14800	0.0255214904644675	0.0153898812983985	DHL	14800	0.0342512914669091	0.00890963795758278
FL	15000	0.0237518361338311	0.0138697406200076	DHL	15000	0.0327835931658747	0.0117613529501762
FL	15200	0.027488095026176	0.0144748655828623	DHL	15200	0.0309421959750389	0.0143587372588921
FL	15400	0.0287820936553366	0.0148335889683528	DHL	15400	0.0296276056445498	0.0133930490163673
FL	15600	0.0278357987103476	0.0153044173251391	DHL	15600	0.0306223367010935	0.0164310501704645
FL	15800	0.0275776894369685	0.0158092691772016	DHL	15800	0.0300896400863632	0.0131740979550172
FL	16000	0.0291627115056874	0.0162447988669508	DHL	16000	0.0344004832451963	0.0150214996484802
FL	16200	0.0259821156059349	0.0134393129424443	DHL	16200	0.0332911527424299	0.0140981058161093
FL	16400	0.0241686187610221	0.0124836905936804	DHL	16400	0.0308692587550977	0.0100402009259274
FL	16600	0.0251207937966814	0.0135199526231485	DHL	16600	0.0302504371283437	0.00914315154855084
FL	16800	0.0233840042868824	0.0110151606715417	DHL	16800	0.0267823521076752	0.0113942301747646
FL	17000	0.0258475690109399	0.0142147183598359	DHL	17000	0.0260244925940974	0.0141860639037321
FL	17200	0.0232911594482181	0.0127438129387557	DHL	17200	0.0251501094704622	0.0159419927995757
FL	17400	0.0242785123430341	0.0125545521023117	DHL	17400	0.0287663908720351	0.0112728879859145
FL	17600	0.0262299336336007	0.0140982435154328	DHL	17600	0.0255171392700176	0.0117431012938862
FL	17800	0.025792113426691	0.0127466854039205	DHL	17800	0.0254182690538205	0.0120707779666952
FL	18000	0.0263497720390072	0.0145229618608048	DHL	18000	0.022903620706077	0.00765651750687886
FL	18200	0.0301645707807671	0.0163108747280755	DHL	18200	0.0217638290068997	0.00918005323718184
FL	18400	0.0273245477846222	0.0141377316082879	DHL	18400	0.0223283900825146	0.00864235398575824
FL	18600	0.0290943683572351	0.0163519199814193	DHL	18600	0.0236692381403363	0.00803275022685919
FL	18800	0.0277564831857527	0.0150306760243923	DHL	18800	0.021548263023382	0.00630663886749825
FL	19000	0.0285519888177909	0.0159205114718822	DHL	19000	0.0213120406012541	0.0069928929946082
FL	19200	0.028351610476542	0.0186387020059368	DHL	19200	0.0233482271672942	0.00852683899746788
FL	19400	0.0330985396480235	0.0161355041287516	DHL	19400	0.0230559004661271	0.00848273205532421
FL	19600	0.0309937502436502	0.0187793108990684	DHL	19600	0.0219954458084235	0.00804447757100439
FL	19800	0.0315600586363466	0.0209173914097457	DHL	19800	0.0220125293802426	0.00591101707262433
FL	20000	0.0338309746467483	0.0203894390847968	DHL	20000	0.0205910027007701	0.00589406422405768
FL	20200	0.0311455752971136	0.0180612987067472	DHL	20200	0.0220402922365309	0.00753594086420547
FL	20400	0.0284765974475113	0.0162899286042995	DHL	20400	0.0231183249608587	0.00795696884288465
FL	20600	0.0298031373213145	0.0162301072472402	DHL	20600	0.0235178765903792	0.00577425246045533
FL	20800	0.0271578336462387	0.0184438964817732	DHL	20800	0.0286203037638526	0.0126801771970203
FL	21000	0.0267497030102837	0.0201149873178815	DHL	21000	0.0297367968269942	0.0170390759368086
FL	21200	0.0261808257637886	0.0216666526333839	DHL	21200	0.0255180322087468	0.0125155772683951
FL	21400	0.026038017668419	0.0232705548240765	DHL	21400	0.0238227790745294	0.0154790224484125
FL	21600	0.025501086523474	0.0228560455756966	DHL	21600	0.022208095774718	0.0126388110884332
FL	21800	0.0238563886125289	0.0217625457925578	DHL	21800	0.0220820780692061	0.0055235265255584
FL	22000	0.0279075839784942	0.0189440979180213	DHL	22000	0.0202863651358088	0.00494766072608027
FL	22200	0.025780891668576	0.0185602964625713	DHL	22200	0.0236251998497912	0.0100115415867581
FL	22400	0.0258723016583254	0.0174825455547856	DHL	22400	0.0265702145665016	0.0131918945684843
FL	22600	0.0255173357355779	0.0159771981967395	DHL	22600	0.0276331041372538	0.0150594908996327
FL	22800	0.0245944144051763	0.0162851869318142	DHL	22800	0.0265336936180408	0.0160487261788189
FL	23000	0.0245525052688097	0.0161242217486761	DHL	23000	0.0252776623281407	0.0124343630390446
FL	23200	0.0272070468133175	0.0155690320593391	DHL	23200	0.0318651103617299	0.014827957186761
FL	23400	0.0296316691955315	0.0182518458563922	DHL	23400	0.0277259056580584	0.0104796761551813
FL	23600	0.0296769067899858	0.0164007639056858	DHL	23600	0.0277163575539771	0.00962298523954484
FL	23800	0.0314864297242287	0.017917026102787	DHL	23800	0.0300244183020596	0.011521835872482
FL	24000	0.0303829755266783	0.0184792346430141	DHL	24000	0.0296107978438639	0.0119042317029951
FL	24200	0.0273171077922861	0.0175189629710222	DHL	24200	0.0294383649739387	0.0137359159211299
FL	24400	0.0284775168185501	0.0175098426518035	DHL	24400	0.0282972144854741	0.0124980500369488
FL	24600	0.0262029454849558	0.0173801952247515	DHL	24600	0.0279810080959312	0.014720334513095
FL	24800	0.0295631960798095	0.0179776667511307	DHL	24800	0.0230571301165777	0.010695830092001
FL	25000	0.0305826032923425	0.0124435414167765	DHL	25000	0.0264066106377276	0.0143610273543135
FL	25200	0.0288001326328862	0.0102627115305587	DHL	25200	0.0267304691287604	0.0143861175888116
FL	25400	0.0265909546783063	0.0126131392033605	DHL	25400	0.0301703489564423	0.0171325304394657
FL	25600	0.0294987095991301	0.0123942786008615	DHL	25600	0.0247443433597673	0.0117939013195241
FL	25800	0.0320739063226825	0.0160255465424634	DHL	25800	0.0196489232314211	0.00828001943438303
FL	26000	0.0334178892151289	0.0155695378568092	DHL	26000	0.0184037074337044	0.00781967835755328
FL	26200	0.0357026871554896	0.0146484881602094	DHL	26200	0.021484386680959	0.00811655551936765
FL	26400	0.0422133103249731	0.0199402648853949	DHL	26400	0.0205746610540826	0.00706320072142394
FL	26600	0.0439423082941962	0.0224747595330817	DHL	26600	0.0223060755203049	0.00768576338495004
FL	26800	0.0440028286508241	0.0234855590924528	DHL	26800	0.0239636272537135	0.00914100451383225
FL	27000	0.0410407002247829	0.0153330695145873	DHL	27000	0.0257072075162647	0.0111722810384392
FL	27200	0.0392984424133956	0.0154862522716405	DHL	27200	0.025248220179063	0.00762477522512629
FL	27400	0.0395762219114576	0.014817356999642	DHL	27400	0.0273892333026258	0.00980604897382522
FL	27600	0.0397689212462434	0.0157253912380436	DHL	27600	0.0236515279790757	0.00627131580650886
FL	27800	0.0390201701679254	0.0139178468464347	DHL	27800	0.0201783149052321	0.00515835337020353
FL	28000	0.0407625215984648	0.0178123925052912	DHL	28000	0.0202069345775559	0.00434890495315618
FL	28200	0.0319189630463249	0.0109384414570919	DHL	28200	0.0223889558999613	0.00669545387952283
FL	28400	0.0312711020486253	0.00984054826344716	DHL	28400	0.0214931077064709	0.00559721232082594
FL	28600	0.0350482295392987	0.00613196696341366	DHL	28600	0.0246561425353488	0.00456646102405889
FL	28800	0.0373870736016869	0.00831144720152569	DHL	28800	0.0273443675042967	0.00831402686072191
FL	29000	0.0367736430257202	0.00874375539291265	DHL	29000	0.0291812508544819	0.0107137078467995
FL	29200	0.0323002356619056	0.0109193749338321	DHL	29200	0.0285813877944407	0.0117602430391345
FL	29400	0.0278642907523155	0.0119176639234306	DHL	29400	0.0228716913313937	0.00953701652262032
FL	29600	0.0288930132451062	0.0116503852328728	DHL	29600	0.0303514075726622	0.0129900781677439
FL	29800	0.0288740531506792	0.0132041312551956	DHL	29800	0.0280693640158112	0.011590246791549
FL	30000	0.0289977577122983	0.0128586118255713	DHL	30000	0.0304688469032562	0.0174257687982514
FL	30200	0.0289682063366404	0.010529729976068	DHL	30200	0.0311975802452821	0.0152643133915403
FL	30400	0.0303052997768978	0.011516007770544	DHL	30400	0.0294560557469913	0.0124063483491138
FL	30600	0.0280050393493006	0.0112022315315687	DHL	30600	0.0336008419663	0.0139592929064939
FL	30800	0.0298378426384194	0.0183897369818572	DHL	30800	0.0322102575068981	0.0126180796474073
FL	31000	0.0277300072142361	0.0185261818191574	DHL	31000	0.0333132663155041	0.0152127365274168
FL	31200	0.0248678307735963	0.0155890726772686	DHL	31200	0.0265579600581045	0.00900843424208199
FL	31400	0.0249447291024413	0.0163062263253005	DHL	31400	0.031771761767733	0.0141359294125726
FL	31600	0.0266190153541789	0.0173010146586753	DHL	31600	0.0286534206504807	0.0111977588080064
FL	31800	0.0275455531535361	0.0164078779571102	DHL	31800	0.0310999056250918	0.0110515575576027
FL	32000	0.0280383242057853	0.0160431091703018	DHL	32000	0.0282376315201766	0.00574582782290295
FL	32200	0.0282766680721952	0.0172213630352307	DHL	32200	0.0273747864520969	0.0079725868319149
FL	32400	0.0272255823241939	0.0170400514688754	DHL	32400	0.0265217716212335	0.0134319194138587
FL	32600	0.0288789398901262	0.0197659748596513	DHL	32600	0.0224239869093193	0.0124040139131917
FL	32800	0.0302803233454187	0.0220136989275181	DHL	32800	0.0235673182921548	0.00603524824039368
FL	33000	0.0307900613934948	0.0165796014380384	DHL	33000	0.0236413530456758	0.0100072743829914
FL	33200	0.0302531012747027	0.0166073003840101	DHL	33200	0.0239602491703498	0.00799180585377838
FL	33400	0.0332960937702731	0.0150975627116807	DHL	33400	0.0195070869227049	0.00838205555377602
FL	33600	0.0351714005231093	0.0158453217260494	DHL	33600	0.0217560642547361	0.0122537996630625
FL	33800	0.0340437366756413	0.0124933008653717	DHL	33800	0.0258106254616732	0.0170997421154073
FL	34000	0.0310807850470415	0.0173519296124275	DHL	34000	0.0259542759761866	0.0160546905727978
FL	34200	0.0327299206825475	0.0181035205778091	DHL	34200	0.02368086822409	0.014424311977242
FL	34400	0.0355725054049049	0.0198054667405255	DHL	34400	0.0280957890665387	0.0100767129032111
FL	34600	0.0317227612395813	0.0157025638106922	DHL	34600	0.0292451152919559	0.0131711482742559
FL	34800	0.0293124069567323	0.0142063131658463	DHL	34800	0.0290325556167989	0.013627053151804
FL	35000	0.0324256219269057	0.00775002951414501	DHL	35000	0.0305043413446817	0.0193804466573282
FL	35200	0.0311556984447742	0.00482359757482783	DHL	35200	0.0305792858970365	0.0193422433840151
FL	35400	0.033614209381917	0.0100775361217441	DHL	35400	0.0280525880202522	0.0137721413627277
FL	35600	0.0356290086690232	0.00962981232257917	DHL	35600	0.0235660017035484	0.0156458034755689
FL	35800	0.033620300269635	0.00817373098766746	DHL	35800	0.0240482015701331	0.0141633439458955
FL	36000	0.0341996785701965	0.00894187826737368	DHL	36000	0.0280460828804494	0.0107712399521301
FL	36200	0.0356360584535427	0.0171820273181625	DHL	36200	0.0273546555529983	0.0111193874409962
FL	36400	0.0331137355791778	0.0107924457235373	DHL	36400	0.0267964977434649	0.00952417589705751
FL	36600	0.0298022581715829	0.0110701916306833	DHL	36600	0.0274287410411977	0.0111513168168758
FL	36800	0.0306340896083493	0.010299669927829	DHL	36800	0.0248974770962882	0.0119753113238452
FL	37000	0.0298236474749007	0.0103696552355009	DHL	37000	0.0245581618787114	0.0103331292036241
FL	37200	0.0312001704433064	0.0108777160195619	DHL	37200	0.0236535472403153	0.00966132774103248
FL	37400	0.0268032855001042	0.00919560230161556	DHL	37400	0.0238422253838295	0.013463561580369
FL	37600	0.0274546622177162	0.013864042889622	DHL	37600	0.0293420993045316	0.0200148412145815
FL	37800	0.0334180360158916	0.0153078875577946	DHL	37800	0.0260501742680972	0.00993330442398677
FL	38000	0.0353386051484671	0.0146377182625513	DHL	38000	0.0272994430521648	0.0131569737729704
FL	38200	0.0370390155676069	0.0194265548221584	DHL	38200	0.0297469128618435	0.0186540185152033
FL	38400	0.0345018100664356	0.0112285465663501	DHL	38400	0.0284058091177815	0.0147425897014593
FL	38600	0.0305421008321248	0.0107127501320612	DHL	38600	0.0263619918963253	0.0155065359121379
FL	38800	0.0303187574237459	0.0145238171399432	DHL	38800	0.0267567164175274	0.0163972622522491
FL	39000	0.0315217468462124	0.0155804261019977	DHL	39000	0.0324771327320386	0.0249170030555507
FL	39200	0.0314399751211985	0.0173654580145421	DHL	39200	0.0348119613423379	0.0208940309586488
FL	39400	0.0321665643734708	0.0147703045811987	DHL	39400	0.0331411483638147	0.0205566699132424
FL	39600	0.0346871820952878	0.0168941810636115	DHL	39600	0.0317960228998872	0.023135544538961
FL	39800	0.0349249530432594	0.0177679741909196	DHL	39800	0.0323021584639095	0.0195733962276436
FL	40000	0.0366443559778579	0.0172429894807368	DHL	40000	0.0369284640376301	0.0192274664324241
FL	40200	0.0374472686597	0.0182262472940873	DHL	40200	0.0379446266250874	0.0192494737637366
FL	40400	0.0329914227521579	0.0224036031647859	DHL	40400	0.0369332837414343	0.0156895502128918
FL	40600	0.0366183703976081	0.022192770547246	DHL	40600	0.0404038268367295	0.0185107156149511
FL	40800	0.0379941435270346	0.0179281157539526	DHL	40800	0.0389937784253845	0.0182198107114791
FL	41000	0.0330155852852722	0.0208895511842597	DHL	41000	0.032403058747564	0.0106960777385773
FL	41200	0.034037008376612	0.0242885713582236	DHL	41200	0.0300467030174508	0.00843543559979301
FL	41400	0.0368112422797434	0.0174718451267421	DHL	41400	0.0330980036236044	0.0106194743290499
FL	41600	0.0347147394584746	0.0193923802735763	DHL	41600	0.0356285415062418	0.0118229366485866
FL	41800	0.0330075410035239	0.0170317824506211	DHL	41800	0.0318824810686058	0.00841062344355958
FL	42000	0.030847567787684	0.0153345227390764	DHL	42000	0.0332829176783606	0.0103051317982817
FL	42200	0.0294651335566492	0.00727766492934891	DHL	42200	0.0372308903373875	0.0149860379122538
FL	42400	0.0218320408346944	0.0108103464414971	DHL	42400	0.0356013356630448	0.0158304070177395
FL	42600	0.023394970591764	0.0110332574402689	DHL	42600	0.0342778446843702	0.0158765562507517
FL	42800	0.0255690189467441	0.0137364661207437	DHL	42800	0.0322294385988833	0.01353523054593
FL	43000	0.0358651150095156	0.0111719562957825	DHL	43000	0.0313570108600641	0.01405667308931
FL	43200	0.0330926488099924	0.0137139167462303	DHL	43200	0.030486494421877	0.0113242162987199
FL	43400	0.0333536719400865	0.012545731203021	DHL	43400	0.035241731486448	0.0157798320767429
FL	43600	0.02714846139258	0.00914002360530965	DHL	43600	0.0228632606341242	0.00868831126670752
FL	43800	0.0290566190180775	0.00923457315813204	DHL	43800	0.0263178748895006	0.00955406521675551
FL	44000	0.0329869477957374	0.0117883652575506	DHL	44000	0.0233531342585743	0.00843188852665846
FL	44200	0.0325338435716041	0.0123040792182682	DHL	44200	0.0235941908142211	0.0106513562757651
FL	44400	0.0276770867059739	0.0179475664406105	DHL	44400	0.0231394667282473	0.0101852302001128
FL	44600	0.0258346442402283	0.015518160284142	DHL	44600	0.0240204946357527	0.0111211708569159
FL	44800	0.0278780565478814	0.0176301052226775	DHL	44800	0.023424945924497	0.00962935906416801
FL	45000	0.0273747643676962	0.0207962876161417	DHL	45000	0.0239207187455327	0.0108176797153937
FL	45200	0.0285378447694505	0.01806378200084	DHL	45200	0.0240666599908592	0.0100080242053071
FL	45400	0.029862929369841	0.0185444998964291	DHL	45400	0.0237509410101664	0.00894690696369682
FL	45600	0.0292150494543196	0.0192007435819307	DHL	45600	0.0204087448746768	0.0099325517042215
FL	45800	0.0302836354866095	0.0202410928902521	DHL	45800	0.0220520764670336	0.00733453687679692
FL	46000	0.0310086950847602	0.0192313297171201	DHL	46000	0.0270525252950657	0.00634755962974599
FL	46200	0.037725008161437	0.0196626803604707	DHL	46200	0.0214091254083125	0.00481699445962842
FL	46400	0.0370434586144703	0.0196069249655133	DHL	46400	0.0220502968808756	0.00405647779507399
FL	46600	0.0313390402346158	0.0122250145474139	DHL	46600	0.0254970859051393	0.00514514285657117
FL	46800	0.0297070590794349	0.0147693568197657	DHL	46800	0.026718871925959	0.00970419461277455
FL	47000	0.0325824896232919	0.015304320984578	DHL	47000	0.02094038241611	0.00425642007607074
FL	47200	0.0374258495197968	0.019208345726428	DHL	47200	0.0247112578220779	0.00892194640042496
FL	47400	0.0346010490522164	0.019315590828004	DHL	47400	0.0255659718352989	0.0132019694949614
FL	47600	0.0321212950772585	0.0108632539742559	DHL	47600	0.0243725735768668	0.00847395971594388
FL	47800	0.0324906480349944	0.011777372409541	DHL	47800	0.0251277106529338	0.00771018179526704
FL	48000	0.0268357520534726	0.0068959291753476	DHL	48000	0.024459034682794	0.00557141975976332
FL	48200	0.0258976156240106	0.0131383067163814	DHL	48200	0.0274685110984632	0.00446000713567392
FL	48400	0.0344389701740443	0.0114066663825353	DHL	48400	0.0299759216905519	0.00654431722669528
FL	48600	0.0337908053116237	0.0124842692619915	DHL	48600	0.0284720171609571	0.00589621109970609
FL	48800	0.0365205453780121	0.00945651473245356	DHL	48800	0.0294777452254762	0.00846744195042342
FL	49000	0.0331883438806681	0.00999935802687506	DHL	49000	0.0316309738494645	0.0096228399090167
FL	49200	0.0334583587968226	0.0107153930209989	DHL	49200	0.027774692352596	0.00828846365741094
FL	49400	0.0311271875822557	0.00650079192748959	DHL	49400	0.0259303460994633	0.00799370815232389
FL	49600	0.0345762844853316	0.00879699729454566	DHL	49600	0.0285715843440391	0.0128581647544724
FL	49800	0.0315507972706325	0.0105764989522822	DHL	49800	0.0244559634719474	0.00918069520002914
FL	50000	0.0344352892212205	0.01072638521707	DHL	50000	0.0249676247999475	0.00844853045419047
FL	50200	0.0319033692275997	0.00998443373069126	DHL	50200	0.0274070333730013	0.00734706250034376
FL	50400	0.0308764005649721	0.00876572578285138	DHL	50400	0.0213437120991958	0.00834728453738133
FL	50600	0.0327154118523133	0.0102762571253103	DHL	50600	0.0221542775933659	0.0112856958875832
FL	50800	0.0313362419037385	0.0104877685302409	DHL	50800	0.0203518912802454	0.00842401630424986
FL	51000	0.0287643670437968	0.0111866981107463	DHL	51000	0.021053647073075	0.0120218408438632
FL	51200	0.0297817979682533	0.012498599438549	DHL	51200	0.0192460080277281	0.00874231935498998
FL	51400	0.0303924802588361	0.012655853212428	DHL	51400	0.0182074163491838	0.00813755995139399
FL	51600	0.0273314322573412	0.0151059977478447	DHL	51600	0.0171028302787129	0.00928254663185
FL	51800	0.0246991667858084	0.0151130716343835	DHL	51800	0.0184125950948881	0.00703381970330764
FL	52000	0.0265577970818321	0.0141896736914515	DHL	52000	0.0196623024270384	0.00983913968296859
FL	52200	0.0245577409502613	0.0133953108706917	DHL	52200	0.0257294364079112	0.0153798808526979
FL	52400	0.030687267245049	0.0107890543772352	DHL	52400	0.0266261279326082	0.0124403838453316
FL	52600	0.0262568717799704	0.0153168778426506	DHL	52600	0.0264087615308284	0.00661120702456773
FL	52800	0.0249162048360685	0.0130708357787195	DHL	52800	0.0254158778701655	0.00995134673306744
FL	53000	0.0288241494204632	0.0156044138680619	DHL	53000	0.0251404360512691	0.00770343098907872
FL	53200	0.0291080649606532	0.0173598201031654	DHL	53200	0.024994182571937	0.00780664153238984
FL	53400	0.0305328916150598	0.0183300214114016	DHL	53400	0.0268797637920457	0.00944671539781049
FL	53600	0.0264511803813634	0.0139154445832218	DHL	53600	0.0210482222394442	0.00766731125221299
FL	53800	0.0270396812930851	0.0161119984973915	DHL	53800	0.0198678560232544	0.00889807736124464
FL	54000	0.0275450213043514	0.0184724797957759	DHL	54000	0.0222277858708544	0.00934901374255981
FL	54200	0.0289454897058688	0.0174527112124942	DHL	54200	0.0215249050035646	0.0036657460690144
FL	54400	0.0272824731674541	0.0180666958378807	DHL	54400	0.0225372133763466	0.00315107568362269
FL	54600	0.0321532397118209	0.0142227978605324	DHL	54600	0.0262536988467901	0.00345845028087274
FL	54800	0.0285441795994937	0.01995246643872	DHL	54800	0.0252417394854744	0.00523180884241656
FL	55000	0.0301004251500401	0.0103623061823202	DHL	55000	0.0277620448369154	0.00733795849194233
FL	55200	0.0334389122349051	0.0126908378002394	DHL	55200	0.0242884602143067	0.00840406916123023
FL	55400	0.0352460844561609	0.0130981736426567	DHL	55400	0.0260478255792862	0.00758225509217595
FL	55600	0.0414328208377878	0.0114873248148201	DHL	55600	0.031559034480053	0.0104123981751883
FL	55800	0.0449290060665324	0.0204752046880906	DHL	55800	0.0307261120444951	0.0111433955084733
FL	56000	0.0479995940173852	0.0208280215336422	DHL	56000	0.0362742986330073	0.0202420668247675
FL	56200	0.0461297174213909	0.0298669945172484	DHL	56200	0.0293466056018901	0.0131131134261057
FL	56400	0.0478240487802936	0.0415349469805349	DHL	56400	0.0287311489237901	0.0126356878841832
FL	56600	0.048659149288774	0.0414931048232047	DHL	56600	0.0254557845615545	0.00918626916130055
FL	56800	0.0466419459210519	0.042053239363684	DHL	56800	0.0248005177505415	0.00974749916983582
FL	57000	0.0315984748447171	0.0163450287951622	DHL	57000	0.0270149686954729	0.00990484232709487
FL	57200	0.0329279588104687	0.0179211155107427	DHL	57200	0.0271601710753554	0.0074979734175624
FL	57400	0.0344398220680225	0.0200026218743847	DHL	57400	0.0257867182028752	0.0062892730324143
FL	57600	0.0338962599676803	0.01733211361866	DHL	57600	0.021743170461662	0.00855168482655947
FL	57800	0.031702051559819	0.0155999512580481	DHL	57800	0.0233669647685712	0.0058252529545356
FL	58000	0.0283396319432484	0.0127505402195022	DHL	58000	0.0275191277218027	0.00527845354649392
FL	58200	0.0311846925971864	0.0118873350665112	DHL	58200	0.0260997288763548	0.00667802856049969
FL	58400	0.0319906377638528	0.0140129974806673	DHL	58400	0.0229134469645403	0.0073178961853098
FL	58600	0.0281213814068189	0.0200433650230003	DHL	58600	0.0271485588526094	0.00889046410263404
FL	58800	0.0297123042517914	0.0192435608136509	DHL	58800	0.0309750888080847	0.0148919756441041
FL	59000	0.0294533449926372	0.0143294398366278	DHL	59000	0.033484161397826	0.0157769785205685
FL	59200	0.0308740067008798	0.0151839565474645	DHL	59200	0.033115542045124	0.0164296437826929
FL	59400	0.0323897108277932	0.0157335071567617	DHL	59400	0.0269031137079365	0.0111706858047464
FL	59600	0.0297815308641066	0.018102260251507	DHL	59600	0.0233405709286763	0.0114774522388726
FL	59800	0.0314541255795577	0.0162134023491685	DHL	59800	0.0252015893159458	0.0144559234823936
FL	60000	0.0309681865389205	0.018693060511577	DHL	60000	0.0238360290257908	0.0147805834873007
FL	60200	0.0306259242006366	0.0188278780289469	DHL	60200	0.0223449901279687	0.0172087474925397
FL	60400	0.0324795076658014	0.0198715545565871	DHL	60400	0.0289015010824025	0.0152246252851757
FL	60600	0.0294376863397675	0.0177898656213001	DHL	60600	0.0241344918358425	0.0103794910876073
FL	60800	0.0295399825840137	0.015737980584662	DHL	60800	0.0242785187609962	0.0126167934219455
FL	61000	0.029847663303008	0.0167307821563346	DHL	61000	0.023969646566123	0.0103210364099281
FL	61200	0.0322729004225737	0.017693098625581	DHL	61200	0.0224943085653113	0.00689174906723556
FL	61400	0.0296607999350799	0.0165819047851622	DHL	61400	0.0236888540855234	0.00556113264801069
FL	61600	0.0280481923974038	0.0134336600399585	DHL	61600	0.0232100122943902	0.011795134725384
FL	61800	0.0243231169832299	0.0120810104238439	DHL	61800	0.0285628972913454	0.0124047107350233
FL	62000	0.0230116920624004	0.0129152797907432	DHL	62000	0.0265873268545923	0.00747511361860952
FL	62200	0.0191399616239825	0.0101231353542726	DHL	62200	0.022130481514766	0.00859455416091679
FL	62400	0.0209843856888958	0.0100379168401863	DHL	62400	0.0244205564373114	0.00978468157368979
FL	62600	0.0207344033556881	0.0119973384870048	DHL	62600	0.0200642998444902	0.00801806768954742
FL	62800	0.022092105641772	0.014073875506183	DHL	62800	0.023611037602232	0.00512807638089315
FL	63000	0.0288242007546348	0.0133009121522966	DHL	63000	0.0263698098883413	0.00661074660933655
FL	63200	0.0303091427209661	0.009092430963205	DHL	63200	0.0282661325657942	0.0164243219740337
FL	63400	0.0275339069194884	0.00948925991803649	DHL	63400	0.0266363544586548	0.012464902296158
FL	63600	0.0262336514064235	0.0166907840327188	DHL	63600	0.0284590089498179	0.0171905572287945
FL	63800	0.0282570828968472	0.016597272674471	DHL	63800	0.0295525866454867	0.0212989437139618
FL	64000	0.0270603925668947	0.0151369018968164	DHL	64000	0.0249111718823996	0.0145739026108896
FL	64200	0.0255371262493252	0.0146908886571674	DHL	64200	0.0239681378704901	0.0111380262996169
FL	64400	0.0296214947828239	0.00869538509459236	DHL	64400	0.0231615067439892	0.00955767324892039
FL	64600	0.0302453271065528	0.00952433673760066	DHL	64600	0.0191446258290302	0.00889641551875303
FL	64800	0.0289570690834565	0.0104276859924581	DHL	64800	0.0184060803711422	0.00759996653581884
FL	65000	0.0290482607160893	0.0184569623084981	DHL	65000	0.0167876753046767	0.0063998378249333
FL	65200	0.0311865290874263	0.0151521489048585	DHL	65200	0.0250732437845677	0.0133621160802183
FL	65400	0.0310035633969339	0.0156689272436508	DHL	65400	0.0258007845037981	0.0129541539383235
FL	65600	0.0301728837253316	0.014584768102429	DHL	65600	0.0250036788410937	0.0109406740015825
FL	65800	0.0323121556402357	0.0146016088165539	DHL	65800	0.0263125674679112	0.0141896013445057
FL	66000	0.0366302690653133	0.0248225966910415	DHL	66000	0.0267884281850907	0.0126911679702489
FL	66200	0.0427612096549869	0.035829895076345	DHL	66200	0.0265705998934168	0.0192772755760109
FL	66400	0.0366813090706328	0.0264624383481503	DHL	66400	0.029863501799402	0.0202468987888586
FL	66600	0.0378843942672826	0.0266691955617997	DHL	66600	0.0285667138461828	0.0198882651011823
FL	66800	0.0328780316735855	0.0193725167460608	DHL	66800	0.0246390454877294	0.0157286523651415
FL	67000	0.0329785123034644	0.0190946833071825	DHL	67000	0.0304637783485577	0.0150912333024666
FL	67200	0.027726452757982	0.0105247168519076	DHL	67200	0.0302867053280825	0.0193440892354978
FL	67400	0.0210952728547363	0.0127060987293903	DHL	67400	0.0267379667515735	0.0192014355021056
FL	67600	0.0230672607389273	0.0144215846154218	DHL	67600	0.0260785948294625	0.0166395039313541
FL	67800	0.0232471623598163	0.015328481437473	DHL	67800	0.0238879913367641	0.0101651441084637
FL	68000	0.0219115920517834	0.0159965492201207	DHL	68000	0.0243979430872529	0.0100757921226096
FL	68200	0.0299235066292474	0.0224187423922153	DHL	68200	0.021772932656135	0.0104862242078582
FL	68400	0.0340845414071452	0.0148180302265537	DHL	68400	0.0249975504285986	0.0115369942440101
FL	68600	0.0332211696351779	0.0117438841666248	DHL	68600	0.0224562500662895	0.00987008608813722
FL	68800	0.0343825724651752	0.0114670703095061	DHL	68800	0.0232621574700396	0.00612744248393635
FL	69000	0.0349362693224829	0.0170929294060788	DHL	69000	0.0255085312048248	0.00706932234433959
FL	69200	0.0345207813287293	0.0155672802387894	DHL	69200	0.0265074491651986	0.00788867861289888
FL	69400	0.0390721793281156	0.0140311326069719	DHL	69400	0.0263926388831271	0.00699538237839978
FL	69600	0.0368302018592136	0.0139760815897136	DHL	69600	0.0294725494631419	0.0064625967993159
FL	69800	0.0355240973699218	0.0147811025681845	DHL	69800	0.0331409425859766	0.00949530207578936
FL	70000	0.0379833989422659	0.0138080098758219	DHL	70000	0.0364008094287756	0.0119062758502393
FL	70200	0.038516893844987	0.0174464013611544	DHL	70200	0.0326468131920857	0.00765214140963674
FL	70400	0.0358933802096425	0.0167164917924055	DHL	70400	0.0315283800042357	0.00546666284223638
FL	70600	0.0319809469194795	0.0154860012696964	DHL	70600	0.0283478309823426	0.0105426193364631
FL	70800	0.0349093704552592	0.0158911651247602	DHL	70800	0.0307835382561025	0.00773847973124753
FL	71000	0.0360520445708051	0.0160728177730548	DHL	71000	0.0303042882185428	0.00629106235247387
FL	71200	0.0360710232209492	0.0161048495988329	DHL	71200	0.0278100810447128	0.0101395675380882
FL	71400	0.0358026238274668	0.0154348515084053	DHL	71400	0.0278094222263321	0.00806991029039789
FL	71600	0.036902805745318	0.0178897865569079	DHL	71600	0.0295293499078452	0.0138029448070113
FL	71800	0.0391179924937831	0.0148071632841132	DHL	71800	0.0311663173815285	0.00747783480952803
FL	72000	0.0345994835752903	0.00915938949769321	DHL	72000	0.0293465626478982	0.00635361050955783
FL	72200	0.0325816230861359	0.0108865185896386	DHL	72200	0.0291095426777204	0.00549655332476982
FL	72400	0.0312351342730367	0.0178360456882561	DHL	72400	0.033037921867678	0.00561657743732552
FL	72600	0.0328589223407877	0.0214179819399363	DHL	72600	0.030272612753346	0.00632397492815228
FL	72800	0.0319433195079474	0.0194171288951007	DHL	72800	0.0285369126922957	0.0036483109881875
FL	73000	0.0234732443110265	0.0163931409514135	DHL	73000	0.024716241135339	0.00831601309223119
FL	73200	0.019754743376929	0.0136522904752742	DHL	73200	0.0276718188963707	0.00722406884060682
FL	73400	0.0177021693739562	0.0133628381905127	DHL	73400	0.0242625638669151	0.00661967440858212
FL	73600	0.019945854806598	0.015089758676656	DHL	73600	0.0275773372315815	0.0100625718761102
FL	73800	0.0226468841669476	0.0142466248134587	DHL	73800	0.0288374169642451	0.00693073496778622
FL	74000	0.0221075970128577	0.0125292694082103	DHL	74000	0.0246561218058884	0.00518933969718791
FL	74200	0.0313940206505184	0.00766606049637515	DHL	74200	0.0178918479819685	0.0089247750726936
FL	74400	0.0342319688607982	0.00901538085327168	DHL	74400	0.01923342687185	0.00761425905671206
FL	74600	0.033644476174842	0.00706295603213041	DHL	74600	0.0255595182382247	0.00460402547802093
FL	74800	0.0303344426248323	0.0137914686767491	DHL	74800	0.0237873938682841	0.00826942332402133
FL	75000	0.0335612877319364	0.0107452283894527	DHL	75000	0.0260077152140356	0.0100837733600845
FL	75200	0.0358893861563497	0.0133200383185307	DHL	75200	0.0228122798458484	0.00956529525443688
FL	75400	0.0392478460180655	0.0173768242520718	DHL	75400	0.0238095619897707	0.00663633858932667
FL	75600	0.032989664339081	0.0115838035717695	DHL	75600	0.0229480338503926	0.00608475349087568
FL	75800	0.0331587599349739	0.0104790671251694	DHL	75800	0.0195602048969505	0.00880271333457272
FL	76000	0.0326848665795522	0.0135305686753231	DHL	76000	0.0235270388228123	0.0100977468601304
FL	76200	0.0275466549805749	0.00914655627000454	DHL	76200	0.0244013862338975	0.0141454944018664
FL	76400	0.0289490727243393	0.0134634251198004	DHL	76400	0.0291807253549776	0.0157716014134413
FL	76600	0.0277299447300158	0.0120708852595696	DHL	76600	0.0334903757713538	0.0128822470231095
FL	76800	0.0240960251519676	0.0157190971923061	DHL	76800	0.035008201486059	0.0251339677726896
FL	77000	0.0233293503739088	0.0176089849833087	DHL	77000	0.0336506490241366	0.0176491754362039
FL	77200	0.0278259429463956	0.0188324126076759	DHL	77200	0.0321382398499048	0.0184595105509995
FL	77400	0.0259234787955557	0.020809799981404	DHL	77400	0.0324579070374103	0.0110646782237725
FL	77600	0.0253643664036281	0.0226794837674495	DHL	77600	0.036236377211185	0.0196302358113776
FL	77800	0.0283148442492828	0.0195574271541974	DHL	77800	0.0337044739520959	0.0161613510204011
FL	78000	0.0336608088182441	0.0142311188290777	DHL	78000	0.031200388153842	0.0202681868796938
FL	78200	0.0305076056386256	0.00826883118878408	DHL	78200	0.0230021464813174	0.0102216470178881
FL	78400	0.0340020420325817	0.0150197297747313	DHL	78400	0.0265400863036357	0.00808638449818744
FL	78600	0.0356147136278407	0.0221246693014971	DHL	78600	0.0282575633730235	0.0116480208030416
FL	78800	0.0370090147721215	0.0201071336182425	DHL	78800	0.0215633411794871	0.00914612395397786
FL	79000	0.0336606219909155	0.0141207528853777	DHL	79000	0.0209991330487729	0.00829975692647043
FL	79200	0.03229774629193	0.0113045235921059	DHL	79200	0.0219411783205291	0.00614516683747342
FL	79400	0.0361853980039257	0.0135301094432493	DHL	79400	0.025739053372604	0.0104077316703118
FL	79600	0.0345890845071931	0.0120384515421856	DHL	79600	0.0211228329241069	0.00521129513135159
FL	79800	0.0275072850446143	0.013904901882187	DHL	79800	0.0205604316882768	0.00875618598023993
FL	80000	0.0316855206063234	0.00882817541810455	DHL	80000	0.0220266644764965	0.0103180470875069
FL	80200	0.0333124922089081	0.00821331321802294	DHL	80200	0.0260409495058908	0.0118637529521837
FL	80400	0.0329815359678193	0.00825863156374952	DHL	80400	0.0246985611474784	0.00851145923031343
FL	80600	0.0357690073245206	0.0130490139454576	DHL	80600	0.0251941397190259	0.0083580105967608
FL	80800	0.0346810097912157	0.011063186340935	DHL	80800	0.0216493269019817	0.0112573793032814
FL	81000	0.029454399977066	0.0173932710487034	DHL	81000	0.0233182373458673	0.00785377005966176
FL	81200	0.0277258136052499	0.0141925778000058	DHL	81200	0.0245445714317366	0.00886510176686031
FL	81400	0.0375942157370925	0.0143833773013451	DHL	81400	0.0239549549493296	0.0180834806643699
FL	81600	0.0372744258945277	0.0152508903052254	DHL	81600	0.0262548498417898	0.0158459945454739
FL	81800	0.0279882936247582	0.00670581106393147	DHL	81800	0.0239947638474848	0.010393278711829
FL	82000	0.0274392965868011	0.00807798665313798	DHL	82000	0.0181634210069722	0.00757999117315377
FL	82200	0.0243655440766433	0.0106128223659575	DHL	82200	0.016070304919803	0.00683193523346846
FL	82400	0.0252219698600157	0.0105391971379378	DHL	82400	0.0188273341955508	0.0102191150840522
FL	82600	0.0258252604489471	0.00880846119196795	DHL	82600	0.0184291545322273	0.00601228866717387
FL	82800	0.0263311319463765	0.00679548604224924	DHL	82800	0.0233081356319563	0.00786811243289397
FL	83000	0.0262933795183062	0.00735741289118102	DHL	83000	0.0238684190047836	0.0156054573977392
FL	83200	0.02798452035084	0.00739494646751338	DHL	83200	0.024571166586203	0.0111452290025662
FL	83400	0.0284172347249184	0.00841380873541708	DHL	83400	0.0272092889473688	0.00935703123774838
FL	83600	0.0227555621679898	0.0113480488101963	DHL	83600	0.0250629378091363	0.00553225701289218
FL	83800	0.021650148494762	0.0122661941899612	DHL	83800	0.0261766329610571	0.00743532948362656
FL	84000	0.0252340325366752	0.00774833529360628	DHL	84000	0.0212187053951809	0.00902795466022219
FL	84200	0.0270522201933156	0.0071154442862729	DHL	84200	0.0235848584368691	0.00954838347324323
FL	84400	0.029232602545582	0.00864151486950972	DHL	84400	0.0238028601674008	0.0126056907722332
FL	84600	0.0311313760171405	0.0131380317818953	DHL	84600	0.0234995357111392	0.0114434771150161
FL	84800	0.0265623298291143	0.0135076784844734	DHL	84800	0.0250736689568143	0.00850935330903894
FL	85000	0.022606002395052	0.0147375119284838	DHL	85000	0.0254947283730524	0.0085946795975163
FL	85200	0.0200677436090419	0.0143812935250018	DHL	85200	0.0271263929401408	0.00847703077704805
FL	85400	0.0194147710643299	0.0152089410835976	DHL	85400	0.0280037699169115	0.00711863462499684
FL	85600	0.0220171942984305	0.015351732343584	DHL	85600	0.025540274633419	0.00749758716553738
FL	85800	0.0223314115043247	0.0154518509816684	DHL	85800	0.0175233301516411	0.00763878579290507
FL	86000	0.0256834057247103	0.0172133269682973	DHL	86000	0.0199339714050852	0.00764117988152125
FL	86200	0.0236286514532909	0.0163523451930704	DHL	86200	0.0240282085634093	0.0100853082390539
FL	86400	0.0291074321525036	0.0129040252422682	DHL	86400	0.0223641323542529	0.0141639358238828
FL	86600	0.0303820445847724	0.0149390961981688	DHL	86600	0.0250470030820557	0.0133136201543254
FL	86800	0.0294373437616068	0.014122376351635	DHL	86800	0.0262928980125728	0.0153960010131143
FL	87000	0.0285276768804454	0.0153925579585228	DHL	87000	0.0273956594721203	0.00864106097705619
FL	87200	0.0353308833713493	0.0214911999469733	DHL	87200	0.0279056645604549	0.0187106754242449
FL	87400	0.0355501594654662	0.0219435718412354	DHL	87400	0.0273825389760582	0.0196552253556448
FL	87600	0.0334652354795379	0.0175060136773848	DHL	87600	0.0228367142913305	0.0164464911753489
FL	87800	0.0298011820048634	0.0173699047882446	DHL	87800	0.0170157574619841	0.0124355774028682
FL	88000	0.0336424007210866	0.0181954738205165	DHL	88000	0.0155824730889664	0.00620592623407634
FL	88200	0.0340057425738699	0.0191841651964816	DHL	88200	0.0125644880402973	0.0124852450356621
FL	88400	0.0323445549214266	0.0142844025633088	DHL	88400	0.0167796087245158	0.0155512289448585
FL	88600	0.0337150723364313	0.0208452774449014	DHL	88600	0.0215618965694629	0.0176930939810025
FL	88800	0.0336496929997832	0.0207841097356096	DHL	88800	0.0222689365382341	0.0206192532956083
FL	89000	0.0310607981876112	0.0104911420607302	DHL	89000	0.0224159985675539	0.0195634847151176
FL	89200	0.0322691822992923	0.0167290866734121	DHL	89200	0.0287596429770903	0.0180190462343267
FL	89400	0.0290403002490973	0.0166402408685046	DHL	89400	0.0259027901092889	0.015791917900424
FL	89600	0.0290652868438542	0.0183928315019867	DHL	89600	0.0270675207353046	0.0163731234103021
FL	89800	0.0289624197215105	0.0098988551091352	DHL	89800	0.0269285425834458	0.0143066937757891
FL	90000	0.0318064509717154	0.0161649638487114	DHL	90000	0.0240116263385001	0.0121711828107028
FL	90200	0.0307830704050318	0.0146856427603449	DHL	90200	0.0277346815234871	0.0120995990809107
FL	90400	0.0321135932389724	0.0146989290907598	DHL	90400	0.0300412033508448	0.0064951083987224
FL	90600	0.0286159885119544	0.0132647616418035	DHL	90600	0.0361457231452477	0.0164406345808674
FL	90800	0.0286419957080202	0.0142357897275477	DHL	90800	0.0372306546721724	0.0196545183073448
FL	91000	0.0333359812858159	0.0172468745967319	DHL	91000	0.0364127492712189	0.00743109536195644
FL	91200	0.0323737520448786	0.016937297586799	DHL	91200	0.0410520451438779	0.0132435414294198
FL	91400	0.028303075650311	0.0170771499877332	DHL	91400	0.0420742830195825	0.0154727227770213
FL	91600	0.0219176034639751	0.013621882868374	DHL	91600	0.0578309338842149	0.04899394852526
FL	91800	0.0169634597048674	0.012743820154187	DHL	91800	0.0586922888983482	0.0563074322055886
FL	92000	0.0188239740160541	0.0160570072853717	DHL	92000	0.0482845320817329	0.0385344313383711
FL	92200	0.0236057303041953	0.0157639191364953	DHL	92200	0.0356947018053992	0.0195874885440257
FL	92400	0.0224578714287957	0.0130237331385985	DHL	92400	0.0303983631558246	0.0102168882308853
FL	92600	0.0264006335394248	0.0148458820913122	DHL	92600	0.0286340189313883	0.0112474981451609
FL	92800	0.0260399823101484	0.0125024793667436	DHL	92800	0.0233956956922779	0.00633374822876949
FL	93000	0.0359313065894287	0.00590862800527144	DHL	93000	0.0228563264519903	0.0111913604733195
FL	93200	0.0278743814749449	0.0147600538010847	DHL	93200	0.023438797657718	0.0128590071862479
FL	93400	0.0272486130863575	0.0143676747882651	DHL	93400	0.0264434967052666	0.00649542818775135
FL	93600	0.0282802822312106	0.00882582585402019	DHL	93600	0.0221623250359421	0.0032177702113678
FL	93800	0.0303500948544636	0.00716763516609441	DHL	93800	0.0266919931582224	0.00631758621500339
FL	94000	0.0230164410013284	0.0137888732701998	DHL	94000	0.0247010450279531	0.0057742705827598
FL	94200	0.0278017524545664	0.0165775138875333	DHL	94200	0.023272408924291	0.00634360817288864
FL	94400	0.0252335641487827	0.0118116511530249	DHL	94400	0.0251105525540611	0.0111967110791199
FL	94600	0.0254166424401089	0.0122616162794689	DHL	94600	0.022962316736498	0.00752071389570538
FL	94800	0.032081643345525	0.018861298159034	DHL	94800	0.0219884094105432	0.00969519910676966
FL	95000	0.0334036011571949	0.0189927427822805	DHL	95000	0.026144807562172	0.00620063193793437
FL	95200	0.0359397060932956	0.0199133356027357	DHL	95200	0.0292924142505128	0.00697423046852367
FL	95400	0.0399556874996988	0.0261260097068289	DHL	95400	0.0332616441789012	0.00700502571484033
FL	95600	0.0355118139115358	0.023127582941144	DHL	95600	0.0312812238582241	0.00294559734896584
FL	95800	0.0305939154419298	0.0200458904982286	DHL	95800	0.0301736602732491	0.00990325127697201
FL	96000	0.0236412485444259	0.0158447943538942	DHL	96000	0.031453904017634	0.00901366313471122
FL	96200	0.0238131577067191	0.0154333118655772	DHL	96200	0.0321179240961931	0.0121688452787351
FL	96400	0.0211646077056644	0.0134587975520084	DHL	96400	0.031227240041412	0.0126430480257028
FL	96600	0.0292921675107123	0.0084271406577028	DHL	96600	0.0331280747739364	0.0146259845190202
FL	96800	0.0362095179345042	0.0210585669320694	DHL	96800	0.0299119363177639	0.0127506688660972
FL	97000	0.0387696474052227	0.02305118562988	DHL	97000	0.0301330205656499	0.011606658195699
FL	97200	0.0411151760281589	0.0213600923664609	DHL	97200	0.0310739789982099	0.0129176050410335
FL	97400	0.0417918604462228	0.0217232424199887	DHL	97400	0.030675490642966	0.0120353364951592
FL	97600	0.0348700944906627	0.0149060204447793	DHL	97600	0.0335126189751034	0.0190867522625078
FL	97800	0.0355532800027993	0.0135174388308348	DHL	97800	0.0270017333609619	0.0206288668604117
FL	98000	0.0342087270977242	0.0158029638611123	DHL	98000	0.0255524944220975	0.0131413989341733
FL	98200	0.0379802781329843	0.0246063608374888	DHL	98200	0.0197029661676802	0.0126079904179964
FL	98400	0.0339351209154152	0.0218445916452866	DHL	98400	0.0174061263559675	0.0126077784335814
FL	98600	0.0307482168303649	0.0243928430392991	DHL	98600	0.0207377549146336	0.0145837615300178
FL	98800	0.0364945964852924	0.0233464547599181	DHL	98800	0.0221078741759962	0.0150005308761608
FL	99000	0.0298261369565561	0.0116109176757111	DHL	99000	0.0207784043726093	0.0120189837014862
FL	99200	0.0210844739986242	0.0121614150439168	DHL	99200	0.0244073657186929	0.0110894375110532
FL	99400	0.0265248069201308	0.0143323649222175	DHL	99400	0.0271152404290979	0.00765919459139323
FL	99600	0.0302408918435877	0.0248933370303864	DHL	99600	0.0254737328557571	0.007910692855012
FL	99800	0.0294244236124291	0.0121668162147671	DHL	99800	0.0263780865081895	0.0103368133560695
FL	100000	0.0240971048819594	0.0162652161419754	DHL	100000	0.0250781755482618	0.0106914911608446
FL	0	0.020430562070099	0.010764486048394	DHL	0	0.0407755507746388	0.0321642586005251
FL	-200	0.0189662116195507	0.00923505271606255	DHL	-200	0.0443676523541406	0.0357439267809018
FL	-400	0.0209017461095866	0.00950648109150951	DHL	-400	0.0405444164338563	0.0294865977600599
FL	-600	0.0181052022138907	0.0111042579275994	DHL	-600	0.0389406643959772	0.0268526400486886
FL	-800	0.0195100772422327	0.011527831537576	DHL	-800	0.0407775102473453	0.0258780620169858
FL	-1000	0.0212697947276784	0.0113708554366045	DHL	-1000	0.0436824206740325	0.0273201340951765
FL	-1200	0.0202475382564201	0.0120264412995822	DHL	-1200	0.0485711506418614	0.0308146468061238
FL	-1400	0.0203137126472543	0.0136498340470328	DHL	-1400	0.0445714452135052	0.0228699949102831
FL	-1600	0.0194161978019304	0.0122308050148101	DHL	-1600	0.043764671736957	0.0270646467111692
FL	-1800	0.0183691658694888	0.0108231970236787	DHL	-1800	0.0435482423192323	0.0337315679454576
FL	-2000	0.0208716045220024	0.00680698976457422	DHL	-2000	0.0426776834766288	0.0334232225138538
FL	-2200	0.0228373224887119	0.00680676676458568	DHL	-2200	0.0409933708517895	0.0255954225851159
FL	-2400	0.0218676042931371	0.00540218747221038	DHL	-2400	0.0376119051579268	0.025004532857748
FL	-2600	0.0223388757361376	0.00641813219072354	DHL	-2600	0.0385751887066213	0.0224947981600655
FL	-2800	0.0240722008509779	0.00824465096873924	DHL	-2800	0.035826890167402	0.0199725299194706
FL	-3000	0.0235419723907911	0.00929311752845642	DHL	-3000	0.0343087837693428	0.0182707578152357
FL	-3200	0.0243578237944793	0.00793261021257508	DHL	-3200	0.0338412019351168	0.0197337083168434
FL	-3400	0.0262087626751787	0.00883054170233841	DHL	-3400	0.033210206171481	0.0210018132738948
FL	-3600	0.0297822596130164	0.0124162941016101	DHL	-3600	0.036847195512275	0.0216314908442483
FL	-3800	0.0273027356278112	0.0110711889921269	DHL	-3800	0.0341721454167931	0.0179769302690986
FL	-4000	0.0306688086502754	0.0100909632883925	DHL	-4000	0.0365947780598892	0.0263969871364329
FL	-4200	0.025105273634972	0.0148440694982024	DHL	-4200	0.037788862966946	0.0248296961429745
FL	-4400	0.0265209718762395	0.0145500077703313	DHL	-4400	0.034220063290272	0.0236044983872612
FL	-4600	0.0271932842298524	0.0180600001313067	DHL	-4600	0.0379390740140498	0.032427732804322
FL	-4800	0.0299688818055198	0.0160009907582865	DHL	-4800	0.0308389323281866	0.0222267010044436
FL	-5000	0.0319745073955981	0.0131699271087889	DHL	-5000	0.029504793187435	0.0205310168351346
FL	-5200	0.0323507056250517	0.0125561118954318	DHL	-5200	0.0241742241142001	0.0112748874418223
FL	-5400	0.0345111567898324	0.0140170107483488	DHL	-5400	0.0277098790386025	0.017229655622708
FL	-5600	0.0319441073315936	0.0132991230456443	DHL	-5600	0.0219278240599502	0.0125908832280161
FL	-5800	0.0338539631446297	0.0180168409540227	DHL	-5800	0.0213895956449873	0.011882511056443
FL	-6000	0.0331212932989452	0.0161689421014396	DHL	-6000	0.0252961925530949	0.0200272337447112
FL	-6200	0.0321969206462649	0.0166576114362048	DHL	-6200	0.0234552285943083	0.0164733007038714
FL	-6400	0.0291872161760004	0.0174901850511799	DHL	-6400	0.0257145353152967	0.0152401111196116
FL	-6600	0.02892614315327	0.0155299657516578	DHL	-6600	0.0255692524893035	0.0115151527973067
FL	-6800	0.0297697547511621	0.0158448798406181	DHL	-6800	0.0240672236321829	0.0113353208038322
FL	-7000	0.033377703501053	0.0199022846515011	DHL	-7000	0.0279089971390129	0.015063710099303
FL	-7200	0.0304451308786751	0.016724639058473	DHL	-7200	0.0257271967207413	0.00994187210310973
FL	-7400	0.0294575834787022	0.0159775951912467	DHL	-7400	0.0232696357941537	0.00843941497511087
FL	-7600	0.0281547175354159	0.0136950051525608	DHL	-7600	0.0222391742472345	0.00518036305808689
FL	-7800	0.0267208252488054	0.0136842449508689	DHL	-7800	0.0277760713895923	0.00914611392262365
FL	-8000	0.0268573929415148	0.0145546263326611	DHL	-8000	0.0243512690228299	0.00787957487837053
FL	-8200	0.0268261388211773	0.0133439733787561	DHL	-8200	0.023485958936266	0.00575735711181283
FL	-8400	0.0301834497808364	0.00823866981021227	DHL	-8400	0.0246984108084147	0.00700917033477543
FL	-8600	0.0312269412453337	0.00838247618244453	DHL	-8600	0.0262155037161446	0.00526117424991519
FL	-8800	0.0315957956106916	0.00762627105971687	DHL	-8800	0.0247478355861957	0.00445186781816783
FL	-9000	0.0278991976064406	0.00741237773168024	DHL	-9000	0.0271250537685863	0.00536922768817525
FL	-9200	0.0299641349477322	0.00987465442491535	DHL	-9200	0.0270259326809753	0.00939728166614681
FL	-9400	0.0293241067632042	0.0102851607115936	DHL	-9400	0.0311531823289471	0.0119568236535425
FL	-9600	0.0288789802759307	0.0120699956076156	DHL	-9600	0.0306883347776968	0.0156089744788553
FL	-9800	0.0319412333204221	0.0106321724323767	DHL	-9800	0.0331186405573136	0.0173940179876883
FL	-10000	0.0294474537556326	0.0118752496894745	DHL	-10000	0.0335075734347509	0.017731972078302
FL	-10200	0.0267623586064715	0.0111327441886768	DHL	-10200	0.0314984956394208	0.0175675837528198
FL	-10400	0.0248255229385303	0.0113045848773337	DHL	-10400	0.0294441806478716	0.0152607735769194
FL	-10600	0.0222700041733647	0.0130350008964107	DHL	-10600	0.0300372010698189	0.0168633904846522
FL	-10800	0.0254816284063685	0.0143667063758151	DHL	-10800	0.0297563208689313	0.0120313001447963
FL	-11000	0.0258523680655971	0.0150391501593059	DHL	-11000	0.0334487614866058	0.0135067087070606
FL	-11200	0.0288389877119214	0.0163593892303663	DHL	-11200	0.0328738460973901	0.0155236762764512
FL	-11400	0.0258050880693318	0.0138884030607656	DHL	-11400	0.0299415528929503	0.011097583884276
FL	-11600	0.0287772307049386	0.0156897757040455	DHL	-11600	0.0242780731493034	0.00749527964539204
FL	-11800	0.0288620001026654	0.0157109591318083	DHL	-11800	0.0240228397056093	0.00820029167253197
FL	-12000	0.0255670658370532	0.0136298344442152	DHL	-12000	0.0256134313472902	0.0121972353782921
FL	-12200	0.0307365459652719	0.00932783399284614	DHL	-12200	0.0278979104502953	0.011611584599863
FL	-12400	0.0294013751281609	0.00945443815770602	DHL	-12400	0.0273047306498757	0.0129283014219984
FL	-12600	0.031421458566666	0.0110884175386532	DHL	-12600	0.0267429525192406	0.0148276201425415
FL	-12800	0.035385564263342	0.0134732575162648	DHL	-12800	0.0263082920664463	0.0126536230773266
FL	-13000	0.0361623365924886	0.0145057201900211	DHL	-13000	0.0254161083917019	0.0139718828633706
FL	-13200	0.0381164724126789	0.0125209914662513	DHL	-13200	0.0277082088887088	0.015793753639882
FL	-13400	0.0361617640571889	0.00827331325649974	DHL	-13400	0.0265986580884823	0.0183287100039106
FL	-13600	0.0343795347515896	0.0133008228549406	DHL	-13600	0.027178021958846	0.018396390597642
FL	-13800	0.0303517380089682	0.0173453197349536	DHL	-13800	0.0278579537343193	0.0139901140357336
FL	-14000	0.0268829846217047	0.0152970675506393	DHL	-14000	0.0238991376073501	0.0153658208158456
FL	-14200	0.025426643316551	0.014495984383771	DHL	-14200	0.0259340214493762	0.013524651895219
FL	-14400	0.02198506178159	0.0121092919986094	DHL	-14400	0.0253190132160028	0.0144677495440795
FL	-14600	0.0221283082893621	0.0118403941182952	DHL	-14600	0.0292270722317024	0.013734728731397
FL	-14800	0.0273749222569954	0.00913744524778264	DHL	-14800	0.0261242036614262	0.00907501193624527
FL	-15000	0.0257222685259461	0.00782016013242476	DHL	-15000	0.0280270262980817	0.0128629632916248
FL	-15200	0.0245063515467146	0.00781856556647496	DHL	-15200	0.0299533317689881	0.0146830158274561
FL	-15400	0.0270279985746472	0.00860020262672044	DHL	-15400	0.0343205017092722	0.023573001331627
FL	-15600	0.02641695158795	0.00745040358015858	DHL	-15600	0.0324478873606657	0.020143136165616
FL	-15800	0.0229496297415167	0.0131340085223071	DHL	-15800	0.029044368779018	0.0163218891084429
FL	-16000	0.0250578782526794	0.0153356142711646	DHL	-16000	0.034416582989484	0.0210991177808092
FL	-16200	0.024086104389261	0.014292795378967	DHL	-16200	0.0322679517588151	0.0212028877457807
FL	-16400	0.027183320226885	0.0156803283159091	DHL	-16400	0.0329214241483241	0.0200935376693788
FL	-16600	0.0276077419731382	0.00876796402809938	DHL	-16600	0.0304192351875718	0.0168670214489375
FL	-16800	0.0286104704692978	0.0110499738922603	DHL	-16800	0.0288284312905964	0.0124591723540635
FL	-17000	0.0259259845338328	0.0116418138020825	DHL	-17000	0.0299284184082604	0.012474067669306
FL	-17200	0.0256059526381114	0.0103672417701736	DHL	-17200	0.029197852187629	0.0123025742594525
FL	-17400	0.0315320680550255	0.00885201949290018	DHL	-17400	0.0315701501057164	0.0174476793110831
FL	-17600	0.0367823090027535	0.0131066396399221	DHL	-17600	0.0280353389731121	0.0119336336136611
FL	-17800	0.0358619343498309	0.0141021289506052	DHL	-17800	0.026000022265968	0.0108405014624314
FL	-18000	0.0377405472899819	0.0116174956527707	DHL	-18000	0.0262591327922404	0.00918573318464323
FL	-18200	0.0293857897527904	0.00810255062745933	DHL	-18200	0.0278160564364295	0.0107803704472593
FL	-18400	0.0294784668942689	0.0111762271072225	DHL	-18400	0.0280541672674196	0.0164600895981376
FL	-18600	0.0344006086071796	0.00917997807991412	DHL	-18600	0.0342985571974483	0.0201639521371331
FL	-18800	0.0288000018269178	0.0114693488587929	DHL	-18800	0.03453757692342	0.0206054732760022
FL	-19000	0.0252916896080281	0.0156965751141992	DHL	-19000	0.0392973131603145	0.0231034239790073
FL	-19200	0.025438490149334	0.0139353887511719	DHL	-19200	0.0378723848108073	0.017215227993978
FL	-19400	0.0260823974180317	0.0137214876417042	DHL	-19400	0.0357984104374269	0.0167159331059678
FL	-19600	0.0276613125033251	0.0129186432778014	DHL	-19600	0.0312092988604518	0.0164334042586882
FL	-19800	0.0288999807084698	0.0144519291285898	DHL	-19800	0.026000609939635	0.0126794509799078
FL	-20000	0.0298800746889498	0.0145862355733896	DHL	-20000	0.0270719297969916	0.0108609140823281
FL	-20200	0.0345577186558615	0.0133554450629653	DHL	-20200	0.028305228111785	0.00926872217658738
FL	-20400	0.0329667996835916	0.0144260823447034	DHL	-20400	0.0279105846603264	0.0104882835566061
FL	-20600	0.0288803036097491	0.0147149895059776	DHL	-20600	0.0255508818914017	0.00733489761674822
FL	-20800	0.0306459459307835	0.015906467907808	DHL	-20800	0.0224342140474254	0.00714563063027256
FL	-21000	0.0320938152447783	0.0166885408560316	DHL	-21000	0.0248524441686504	0.00917305628552752
FL	-21200	0.0326018108932675	0.0165591895109406	DHL	-21200	0.0236206462607313	0.00861890010483773
FL	-21400	0.0306364921269003	0.01732214508537	DHL	-21400	0.0283809359697746	0.0096085739009677
FL	-21600	0.0305201336213181	0.0158186687316403	DHL	-21600	0.0326341910346891	0.00936632757475506
FL	-21800	0.0290449685119074	0.0116071408949906	DHL	-21800	0.0300193879916176	0.005435338076241
FL	-22000	0.0284149557635089	0.0161656997192624	DHL	-22000	0.0315070496025052	0.00648646871117275
FL	-22200	0.0283629143587246	0.0160802998836084	DHL	-22200	0.0329452382299102	0.0120792454214706
FL	-22400	0.0285615976464583	0.0152836851956056	DHL	-22400	0.0328989150926908	0.0139893967641618
FL	-22600	0.0298256987799363	0.0158396482230035	DHL	-22600	0.0369362933217428	0.0149225547224371
FL	-22800	0.0315476876418907	0.0171138144479344	DHL	-22800	0.0362285972571342	0.0178860897661986
FL	-23000	0.0314613753971161	0.0189886756515984	DHL	-23000	0.0352074866585119	0.0164280487740897
FL	-23200	0.0307832374771397	0.0186677876553789	DHL	-23200	0.0326208881280521	0.0159536547809109
FL	-23400	0.0299713756623659	0.0157849686337711	DHL	-23400	0.0319375477604983	0.012500839612197
FL	-23600	0.028060910346745	0.0170189185735963	DHL	-23600	0.0305275765185947	0.0131006629529553
FL	-23800	0.0264259634398385	0.0170018662378885	DHL	-23800	0.027540283173812	0.00537384351854052
FL	-24000	0.0264120823112579	0.0206189807731145	DHL	-24000	0.0231125631457658	0.00506215089715021
FL	-24200	0.0261121490570762	0.0205126082297431	DHL	-24200	0.0229307636693204	0.0073600783216901
FL	-24400	0.0252249979797243	0.0200818158537175	DHL	-24400	0.023471109930235	0.00854231212028807
FL	-24600	0.0250254375369938	0.0179853545210134	DHL	-24600	0.0201364491408934	0.00762700537832167
FL	-24800	0.0236269471100947	0.0165941723716996	DHL	-24800	0.0211054251845838	0.00782946875768228
FL	-25000	0.0237278088176327	0.0155741375263726	DHL	-25000	0.0221942352742305	0.0100607566477457
FL	-25200	0.0276897649693062	0.0148643838729631	DHL	-25200	0.025416519320273	0.0112049672308505
FL	-25400	0.0281684588528297	0.0172981643684283	DHL	-25400	0.0249135754346265	0.00904138397484104
FL	-25600	0.0289916257860684	0.0125178626875191	DHL	-25600	0.025209327499488	0.0138233398135499
FL	-25800	0.0265274601652033	0.0171187927581384	DHL	-25800	0.0234236430052007	0.0121852565901864
FL	-26000	0.0253847118249884	0.0155880954434257	DHL	-26000	0.0280298735455447	0.0117360989261822
FL	-26200	0.0304111204351321	0.01874118795999	DHL	-26200	0.0280723169852343	0.0131710548679796
FL	-26400	0.028907671025472	0.0176829820795698	DHL	-26400	0.0268307511084315	0.0181062097641404
FL	-26600	0.0336466572010709	0.015662990766679	DHL	-26600	0.0284828172293826	0.0196126382967803
FL	-26800	0.0326966332223487	0.0159660530670339	DHL	-26800	0.028166371960451	0.0198273336892662
FL	-27000	0.0336617849803081	0.015265195472245	DHL	-27000	0.0240599089152116	0.00876275524899049
FL	-27200	0.0299022196735188	0.0192185037009918	DHL	-27200	0.026036528481631	0.00969235346849664
FL	-27400	0.0286869414137547	0.0157026039610958	DHL	-27400	0.0269205764092203	0.0133719623782931
FL	-27600	0.0323898523871622	0.017764647195191	DHL	-27600	0.0300037759360115	0.013005979785236
FL	-27800	0.0321640653565223	0.0197628851687472	DHL	-27800	0.0227799494972822	0.00674310257488237
FL	-28000	0.0295918114473408	0.0227907002048012	DHL	-28000	0.0229314510760975	0.00517964217850168
FL	-28200	0.0319812765764425	0.0207508311910351	DHL	-28200	0.0221536508799049	0.00695974740519251
FL	-28400	0.0294782389891658	0.0178046009101679	DHL	-28400	0.0184550534934007	0.00842489149304936
FL	-28600	0.0249217446318929	0.0149004905247925	DHL	-28600	0.0191317353756733	0.00773939929561701
FL	-28800	0.0262423975615669	0.0148225238552648	DHL	-28800	0.0204781289504415	0.00899131594820712
FL	-29000	0.0256413695020173	0.0146907107005755	DHL	-29000	0.0230715005561013	0.0118311607872448
FL	-29200	0.0233149100744791	0.0118549925153014	DHL	-29200	0.0218428242572954	0.00958474168729396
FL	-29400	0.028835138201138	0.00918564593588944	DHL	-29400	0.0246933368060257	0.00643322266898642
FL	-29600	0.0339516218617536	0.0108898576939054	DHL	-29600	0.0264245647139355	0.0107828589927029
FL	-29800	0.0390469235094182	0.016601670078221	DHL	-29800	0.0243072657546599	0.00941872714875762
FL	-30000	0.0351724959477009	0.011985434755713	DHL	-30000	0.0248738249193776	0.00841867923350754
FL	-30200	0.0275527520608508	0.0103484686787704	DHL	-30200	0.0220427162225406	0.00975782793105694
FL	-30400	0.0278668687789893	0.00929347612585489	DHL	-30400	0.0220159910326941	0.00981695313558642
FL	-30600	0.02832266430268	0.0138087801825315	DHL	-30600	0.0223818564288322	0.00589998541709554
FL	-30800	0.0298628049409449	0.0149556839978757	DHL	-30800	0.0281308441340259	0.00927052762193026
FL	-31000	0.0316254923122513	0.00958913323028752	DHL	-31000	0.0323989748788107	0.0153033278937421
FL	-31200	0.0331740413606957	0.00861864915480347	DHL	-31200	0.0335140470608139	0.0148934026249609
FL	-31400	0.0332261068256236	0.00581529850046099	DHL	-31400	0.0285742906091783	0.0126800175130957
FL	-31600	0.0332221636592993	0.00680311854357475	DHL	-31600	0.0250252679953319	0.0142623019985383
FL	-31800	0.028661859387648	0.0134648552307261	DHL	-31800	0.0231217007162672	0.00799873455494798
FL	-32000	0.0279429965542075	0.0136819003449545	DHL	-32000	0.0233378354906022	0.0113705374130309
FL	-32200	0.032422460625792	0.0101948501347063	DHL	-32200	0.0255083980733686	0.00968927945127206
FL	-32400	0.031905508121205	0.0092851618019656	DHL	-32400	0.0213971757609257	0.0089537298988892
FL	-32600	0.0302383471305636	0.00715705849950197	DHL	-32600	0.0232089165402375	0.0100134456709161
FL	-32800	0.0280513642330766	0.0139192780172947	DHL	-32800	0.0217429817370875	0.013782512985831
FL	-33000	0.0284734624453949	0.0155375641337951	DHL	-33000	0.0247262261407417	0.0109639985775939
FL	-33200	0.0278480855523832	0.0159924587213716	DHL	-33200	0.0246085310753003	0.00895288117478386
FL	-33400	0.0286302926621401	0.0174701894658477	DHL	-33400	0.0269628093102443	0.0161213722262868
FL	-33600	0.0307754849378333	0.0172395229442928	DHL	-33600	0.0240851126190147	0.0108583046689327
FL	-33800	0.0298584825620059	0.018950063902589	DHL	-33800	0.0211704283630478	0.0117704282698718
FL	-34000	0.0280315368375121	0.0176952027199623	DHL	-34000	0.0235852122149595	0.00902338532005248
FL	-34200	0.030519865851389	0.0135365517210381	DHL	-34200	0.0244134510752878	0.00964963470736138
FL	-34400	0.0380639281241951	0.018252494857382	DHL	-34400	0.0265446062786494	0.00909027284214397
FL	-34600	0.0417061132485285	0.015963402951538	DHL	-34600	0.0285958103855793	0.0119993613566708
FL	-34800	0.0436510358359774	0.0174819914671718	DHL	-34800	0.0300635083247067	0.011268989581794
FL	-35000	0.0418032339713963	0.0180328425631435	DHL	-35000	0.0306354410769419	0.00877479853976656
FL	-35200	0.0371820049393415	0.0140129045039595	DHL	-35200	0.0289481057817091	0.00979836175576003
FL	-35400	0.0397277279275834	0.0213909170649096	DHL	-35400	0.0278558708137746	0.0100506593048573
FL	-35600	0.0362329616945418	0.0164440766450056	DHL	-35600	0.027421344215733	0.00805443910264238
FL	-35800	0.0343944185120872	0.0150133217802978	DHL	-35800	0.0231957256127578	0.00860096199644813
FL	-36000	0.0304088656986565	0.012533567205191	DHL	-36000	0.0218235667461453	0.0083104477322556
FL	-36200	0.0326418551887459	0.0126240021080852	DHL	-36200	0.0234569385898749	0.00678886669095393
FL	-36400	0.0332881063232721	0.0125667145306114	DHL	-36400	0.0232795295543221	0.00855184497292065
FL	-36600	0.0310270475532691	0.0109723315126032	DHL	-36600	0.0262885339204023	0.00970587532970514
FL	-36800	0.0343749875700129	0.0170741471631234	DHL	-36800	0.025504888661906	0.0117950535187298
FL	-37000	0.0339657528519849	0.0169993134340017	DHL	-37000	0.0218771282383466	0.00490092867062629
FL	-37200	0.0348286777381855	0.0158036670277487	DHL	-37200	0.0194700587488622	0.00380831687671298
FL	-37400	0.0306163367798427	0.00937462050402418	DHL	-37400	0.0187774682386612	0.0050614875211164
FL	-37600	0.0290388520949127	0.0107636775737457	DHL	-37600	0.0210035711390259	0.00336050949391467
FL	-37800	0.0300584226558995	0.0107757637386661	DHL	-37800	0.0222280552476656	0.00310453859587298
FL	-38000	0.0280984956224367	0.00783880582898257	DHL	-38000	0.0210545591517973	0.00261276380267348
FL	-38200	0.0304073469884751	0.00931327498686435	DHL	-38200	0.0222105593385114	0.00387757237221035
FL	-38400	0.0300571555582442	0.00612774721016124	DHL	-38400	0.0212324921839362	0.00792113817089728
FL	-38600	0.030086753659316	0.00775983382729105	DHL	-38600	0.0255117962804739	0.00675981929746148
FL	-38800	0.0301818788947191	0.00672906016759873	DHL	-38800	0.0269441242654607	0.00673373667667204
FL	-39000	0.0310712975880591	0.00781823630230334	DHL	-39000	0.031720031374301	0.0116785862270433
FL	-39200	0.0287905912215228	0.0154819238797823	DHL	-39200	0.0343347932447216	0.0168539054515164
FL	-39400	0.0291474568574781	0.0152146586449878	DHL	-39400	0.0313100341590939	0.00842046948749841
FL	-39600	0.0267241821018669	0.01263688033963	DHL	-39600	0.0259652970748719	0.00753034568208547
FL	-39800	0.0255300760642312	0.0127967900336518	DHL	-39800	0.0258889630861097	0.00643968885130325
FL	-40000	0.0243549138422842	0.0148232293823156	DHL	-40000	0.0319948921530912	0.0106460246269722
FL	-40200	0.025184996489618	0.0167143674151422	DHL	-40200	0.0250769619943403	0.00581510279576477
FL	-40400	0.0281636425360788	0.0169669418152253	DHL	-40400	0.024971783482084	0.00925430675049214
FL	-40600	0.0323918932456237	0.0147703023947546	DHL	-40600	0.0226732413000785	0.00940389511054471
FL	-40800	0.0286792090457657	0.0151993543387622	DHL	-40800	0.0204753660922207	0.0044652333680973
FL	-41000	0.0249053342096433	0.0132590775437669	DHL	-41000	0.0232503904157088	0.00904380911049578
FL	-41200	0.0238049350093185	0.0164767128952007	DHL	-41200	0.0234758390230102	0.0126723822402085
FL	-41400	0.0258114518895551	0.0196884207719351	DHL	-41400	0.0221377090004629	0.0106434070537338
FL	-41600	0.0290829911070535	0.0178712327251723	DHL	-41600	0.0225621935475137	0.0120215892131072
FL	-41800	0.0282294845684892	0.0172518394108287	DHL	-41800	0.0182772377124352	0.00603054019396245
FL	-42000	0.0267213534186931	0.0188649818754638	DHL	-42000	0.0193158798530404	0.00538534378477622
FL	-42200	0.0268771359038222	0.0185740281949509	DHL	-42200	0.0210801711493832	0.00379875353435597
FL	-42400	0.0293762103376128	0.0192205306455174	DHL	-42400	0.0213155082543748	0.00388891158839726
FL	-42600	0.0275283028825453	0.0161323198067954	DHL	-42600	0.0253369775957525	0.00986883207847923
FL	-42800	0.025915954427005	0.0149445189997211	DHL	-42800	0.0293154697652068	0.020777828933787
FL	-43000	0.0291468961638922	0.0171860676860712	DHL	-43000	0.0278740398818893	0.00879962309488563
FL	-43200	0.0242749576586324	0.0163417937435288	DHL	-43200	0.0253140542990775	0.00655552108328114
FL	-43400	0.02700305586656	0.0166809526467605	DHL	-43400	0.0221704639722566	0.00930268192641794
FL	-43600	0.0298379858899003	0.0170463931213159	DHL	-43600	0.0184955693788281	0.00761316066275962
FL	-43800	0.0289604836645474	0.00960795019364287	DHL	-43800	0.0180919660733772	0.00715135683924682
FL	-44000	0.0325580688543517	0.00889999913697025	DHL	-44000	0.0168411721575464	0.0064311579276081
FL	-44200	0.026393089517626	0.0142849400567942	DHL	-44200	0.0174766186121562	0.00490726110025796
FL	-44400	0.0242763686481395	0.0134299177465203	DHL	-44400	0.0213717628422398	0.0083041417010315
FL	-44600	0.0223522256449399	0.0120106840665505	DHL	-44600	0.0265687035030968	0.0129294489426124
FL	-44800	0.0248624872830097	0.00478234049557239	DHL	-44800	0.0301175145601104	0.0154677583563385
FL	-45000	0.0275453055509702	0.0133167620634811	DHL	-45000	0.0303062889850602	0.015421417725176
FL	-45200	0.0245729908310197	0.00756125238014261	DHL	-45200	0.0278081708765107	0.0107747464468704
FL	-45400	0.0260628387846221	0.00826112710166458	DHL	-45400	0.0289111053619332	0.0119077558527553
FL	-45600	0.0304213697194811	0.0114982409098546	DHL	-45600	0.0306151486594114	0.0143532982749107
FL	-45800	0.0296333219828767	0.0095220149263265	DHL	-45800	0.0346573324935135	0.019150586594615
FL	-46000	0.0315243545997643	0.0119320556561404	DHL	-46000	0.0310945266238467	0.0138571973072628
FL	-46200	0.0302616234402529	0.0130707250905303	DHL	-46200	0.0301795457897352	0.0110571764745225
FL	-46400	0.0292453072682936	0.0119320431386918	DHL	-46400	0.031578822123906	0.0132730914831067
FL	-46600	0.0273729475784776	0.0103635850073963	DHL	-46600	0.0313401939273529	0.0111702752946054
FL	-46800	0.0273610626375866	0.0127392298859983	DHL	-46800	0.0284909918413498	0.010004314504817
FL	-47000	0.0252708285339172	0.0110812777602746	DHL	-47000	0.0275999277881516	0.0120341522652835
FL	-47200	0.0296956666335915	0.0133079844048823	DHL	-47200	0.0288179573794269	0.0119974309052693
FL	-47400	0.0299700580149027	0.0140333769163601	DHL	-47400	0.0332870942822039	0.0148765052615921
FL	-47600	0.030704237229154	0.0141830666633864	DHL	-47600	0.0340218408625049	0.0228631915053327
FL	-47800	0.0245741715354257	0.0088114692873587	DHL	-47800	0.0339643033726286	0.0214831653529502
FL	-48000	0.0228395281469319	0.00969792031126008	DHL	-48000	0.0348376372776639	0.0207517923988816
FL	-48200	0.0248930484757357	0.0150320486109254	DHL	-48200	0.0313390488700819	0.0188379676057193
FL	-48400	0.0238708039825083	0.015538363959786	DHL	-48400	0.0285442876166074	0.014539667662546
FL	-48600	0.0287731428042834	0.0187941576862527	DHL	-48600	0.0287129390323406	0.0121277469430303
FL	-48800	0.0303429546296657	0.0189729112668673	DHL	-48800	0.0314745697905625	0.0120194424093392
FL	-49000	0.0260925897105813	0.0174170622207288	DHL	-49000	0.026604738742875	0.0110829541162382
FL	-49200	0.0238802074418153	0.0156578557682495	DHL	-49200	0.0298124526890864	0.0141269368765822
FL	-49400	0.0262504323065253	0.0139323816214011	DHL	-49400	0.0295434721019438	0.0121804976156607
FL	-49600	0.027453705965175	0.0138197775782758	DHL	-49600	0.0310037989604653	0.0111923756509703
FL	-49800	0.0272686553424317	0.0153279692260655	DHL	-49800	0.0314361221210373	0.0134384669065441
FL	-50000	0.0280928036558913	0.0150839273741624	DHL	-50000	0.0258958931080267	0.00949609291505058
FL	-50200	0.0287510448842764	0.0137709005179242	DHL	-50200	0.0262684212742515	0.00983399701440369
FL	-50400	0.0317684612022375	0.0170702160564848	DHL	-50400	0.0262025610143624	0.0115874304902952
FL	-50600	0.0297811338021943	0.017021783579407	DHL	-50600	0.0204887938498247	0.00480673134633323
FL	-50800	0.0295565772768186	0.0173943960336034	DHL	-50800	0.0227879348360614	0.00413453122920221
FL	-51000	0.0349420995919459	0.0233199215122979	DHL	-51000	0.0289887573573214	0.00893337975088965
FL	-51200	0.0351942072286094	0.0252846601291286	DHL	-51200	0.0348113721558519	0.0143216150290902
FL	-51400	0.0360651925950867	0.0176171157187722	DHL	-51400	0.0383130702194956	0.0205734685835194
FL	-51600	0.0354760248739203	0.0241088403022228	DHL	-51600	0.0351765495629879	0.0220436061996361
FL	-51800	0.0371075637221923	0.0214477543330328	DHL	-51800	0.0287475192425296	0.0156616690718406
FL	-52000	0.0327454332297732	0.0197093892760999	DHL	-52000	0.0317124111546581	0.0241573509214429
FL	-52200	0.0346322719336797	0.0208066973993379	DHL	-52200	0.0312936513070312	0.0214753750358203
FL	-52400	0.0312869422362947	0.0172293169488139	DHL	-52400	0.0273139355634362	0.0162235376133569
FL	-52600	0.0310289066228026	0.0134366809727743	DHL	-52600	0.0278265302361668	0.0127330229800667
FL	-52800	0.03466670780533	0.0130648216620611	DHL	-52800	0.026018552101804	0.0123380674503883
FL	-53000	0.0311799529163964	0.0108245473449476	DHL	-53000	0.0257108702661677	0.0121871241504958
FL	-53200	0.0276192972495427	0.0143372039046415	DHL	-53200	0.0295700079821039	0.0151783348418907
FL	-53400	0.025884300033867	0.0159467846976073	DHL	-53400	0.0305566470282585	0.00965567613558399
FL	-53600	0.0257479778823234	0.017270641025004	DHL	-53600	0.0309474730687601	0.0131271249277532
FL	-53800	0.0264137879190659	0.0149410439201491	DHL	-53800	0.0324488879870449	0.00969839626590583
FL	-54000	0.0256017540088713	0.0140647206337738	DHL	-54000	0.0322206802345362	0.00770783477821258
FL	-54200	0.0270387221941057	0.0136883863685165	DHL	-54200	0.0291618700110458	0.00592910380389054
FL	-54400	0.0233607529052018	0.0125408688763021	DHL	-54400	0.0306456084334852	0.00832179070271222
FL	-54600	0.0268804047941164	0.0124240602433991	DHL	-54600	0.0317835056831291	0.0102266145578191
FL	-54800	0.0248136213923941	0.0148836186257834	DHL	-54800	0.0279483456672908	0.00826998929480064
FL	-55000	0.0273623509294002	0.015318422679954	DHL	-55000	0.0246933437995316	0.00689904117538474
FL	-55200	0.0270647671760193	0.0167248563965163	DHL	-55200	0.0251525142012653	0.011607808278646
FL	-55400	0.0316693277982903	0.0194948849420958	DHL	-55400	0.0301874929949874	0.00592787220362764
FL	-55600	0.035934930179917	0.0155383420274058	DHL	-55600	0.0289901866506232	0.00748849082302875
FL	-55800	0.035488464965598	0.0142163164041927	DHL	-55800	0.0363090133232104	0.0190727080414585
FL	-56000	0.0277393922087016	0.0189869045842421	DHL	-56000	0.0301976928200842	0.0155655834633916
FL	-56200	0.0251398778088432	0.0155136831070411	DHL	-56200	0.0255586701127013	0.0129245798154779
FL	-56400	0.0235684816402016	0.0171296241563612	DHL	-56400	0.0273636365311621	0.0153130835794297
FL	-56600	0.0259363863100994	0.0154485028352385	DHL	-56600	0.0263996217183263	0.0136618065822005
FL	-56800	0.0276407087645169	0.0164410345841278	DHL	-56800	0.0277869564537157	0.0141758749381665
FL	-57000	0.0248917874746425	0.0165295671500618	DHL	-57000	0.0293447593069681	0.00968195257799174
FL	-57200	0.024767632868366	0.0156439656055397	DHL	-57200	0.0316976557656138	0.0112015921414692
FL	-57400	0.0256217439003147	0.0155906559871552	DHL	-57400	0.0353396017914636	0.0130995906347081
FL	-57600	0.030769144990574	0.0187311517330625	DHL	-57600	0.0345550305000683	0.0146223124929098
FL	-57800	0.028160576127482	0.0201559008100927	DHL	-57800	0.0315277663997181	0.016832164293668
FL	-58000	0.0317518239303164	0.0180005561016704	DHL	-58000	0.0286080259207364	0.012220993689418
FL	-58200	0.0290796757435325	0.0189164022867713	DHL	-58200	0.0262189304382967	0.0118368892712047
FL	-58400	0.0289479547465955	0.0181478017927379	DHL	-58400	0.0231685494840103	0.0112849990713243
FL	-58600	0.0285984228014963	0.015622134224864	DHL	-58600	0.0225174607848193	0.0108324835515599
FL	-58800	0.0313962934683293	0.0168026974066488	DHL	-58800	0.0210020696585594	0.0100313553547028
FL	-59000	0.0322583823432199	0.0188125412363522	DHL	-59000	0.0197560692886492	0.00628013284545886
FL	-59200	0.0301331118712909	0.0179856698500792	DHL	-59200	0.0209928119715396	0.00971130665696806
FL	-59400	0.0282220152360398	0.0182194441827794	DHL	-59400	0.0212128905934886	0.00674277040528934
FL	-59600	0.0303626557498696	0.021088821578736	DHL	-59600	0.028972503932736	0.0119551372593239
FL	-59800	0.0330691536985419	0.0248566327290289	DHL	-59800	0.0313297969983265	0.0166212210047296
FL	-60000	0.0355342487536902	0.0244553000599568	DHL	-60000	0.0324669665095973	0.0206943850521273
FL	-60200	0.0354152041696276	0.0205200282590338	DHL	-60200	0.0389418999736849	0.0152546147180493
FL	-60400	0.0483239259463382	0.0221430828992575	DHL	-60400	0.0346051853065807	0.0092021006928417
FL	-60600	0.0465780927477299	0.015347530282311	DHL	-60600	0.046018248979514	0.021584918907775
FL	-60800	0.0409018266691143	0.00930128074124332	DHL	-60800	0.055253045894944	0.0299560351545683
FL	-61000	0.0411398057533647	0.0093564941683576	DHL	-61000	0.050725465576746	0.0263775649281657
FL	-61200	0.039509890496572	0.0120532666702568	DHL	-61200	0.0577861536377184	0.039169380064379
FL	-61400	0.0320925727053396	0.011677856125829	DHL	-61400	0.0574644959390181	0.0443439162389474
FL	-61600	0.0267947892834451	0.0136839637297829	DHL	-61600	0.0529268563380239	0.0481474499211674
FL	-61800	0.0242819603679091	0.0120543710044564	DHL	-61800	0.0565476137234821	0.0496879826785554
FL	-62000	0.0312471622305965	0.0105638122266083	DHL	-62000	0.0598418460822722	0.05106692694577
FL	-62200	0.0300470466151013	0.0161546947004344	DHL	-62200	0.0658088226214597	0.0616654310184203
FL	-62400	0.0260730389938315	0.0129616270429361	DHL	-62400	0.0664185592107581	0.0616443951449589
FL	-62600	0.0274835653351337	0.013778801376613	DHL	-62600	0.0674683754996778	0.0648510802815699
FL	-62800	0.0263444700788089	0.0132195541500606	DHL	-62800	0.0662482455703524	0.0689311753690933
FL	-63000	0.0309508876456547	0.016333257170137	DHL	-63000	0.0701199999205224	0.0730401308653266
FL	-63200	0.030517001080785	0.0177391428270255	DHL	-63200	0.0682613962123261	0.0769744281991062
FL	-63400	0.0362970478617423	0.0114207173416681	DHL	-63400	0.0662653552034021	0.0780416092066255
FL	-63600	0.0305228887304014	0.0164490299189197	DHL	-63600	0.062591713220531	0.0671884937501437
FL	-63800	0.0330164068952673	0.0199142388099515	DHL	-63800	0.0588538563592086	0.0628001409840103
FL	-64000	0.0315934598953457	0.0195590155801889	DHL	-64000	0.0528350162836569	0.0559984453077649
FL	-64200	0.0322533867500138	0.0187533760597336	DHL	-64200	0.0478919537145985	0.0492203014774017
FL	-64400	0.0307328378601591	0.0227797524159579	DHL	-64400	0.0369493991936371	0.0264748645373445
FL	-64600	0.0274977110571135	0.0163057393910181	DHL	-64600	0.0315264193282667	0.0199089796555528
FL	-64800	0.0257866885086085	0.0140710299126328	DHL	-64800	0.0308685581905797	0.0150183568956501
FL	-65000	0.023447758678799	0.0143452804273719	DHL	-65000	0.0288707013232799	0.0156605514238322
FL	-65200	0.0270871576870372	0.0172339424532314	DHL	-65200	0.030264650913586	0.0197279003151061
FL	-65400	0.0318478137127883	0.0147467016253298	DHL	-65400	0.0278375885076809	0.0204524623855233
FL	-65600	0.0370507364314571	0.0151396756999597	DHL	-65600	0.0293368400763419	0.0144443364953806
FL	-65800	0.0356893844603066	0.0170145345420149	DHL	-65800	0.0251147185077799	0.0107836233670615
FL	-66000	0.0355104596252536	0.01229152352745	DHL	-66000	0.0285677371100638	0.0144867443865097
FL	-66200	0.0359826899149124	0.0112663886295711	DHL	-66200	0.0298497627003188	0.015283195645387
FL	-66400	0.0346690940196663	0.0118583573983071	DHL	-66400	0.0296356031411726	0.018169262992179
FL	-66600	0.0395378298186107	0.0145569524758073	DHL	-66600	0.0277627352243145	0.013998498057155
FL	-66800	0.0315173790999626	0.0189512617519327	DHL	-66800	0.0269543444886656	0.0158866354092286
FL	-67000	0.0323672797984246	0.0203774558134129	DHL	-67000	0.0236978997805415	0.0146204729743001
FL	-67200	0.030901602122984	0.0213549949955234	DHL	-67200	0.0280517008468094	0.0189537389310631
FL	-67400	0.0322625253264952	0.022612294750528	DHL	-67400	0.0288149134137842	0.0221644767620637
FL	-67600	0.0287494419414495	0.0190958349309167	DHL	-67600	0.0246180752744642	0.0164504906597668
FL	-67800	0.0314827994639288	0.0189972386774807	DHL	-67800	0.0267821679298648	0.0147607262041937
FL	-68000	0.0266355897457129	0.0165742391404996	DHL	-68000	0.0252921611687321	0.00711539102066259
FL	-68200	0.0220816329868649	0.0152900251392594	DHL	-68200	0.0222991097395337	0.0100157162798663
FL	-68400	0.0266204790934565	0.0171030688154362	DHL	-68400	0.0209009284704138	0.0107264978130881
FL	-68600	0.0239877221028416	0.0189211285624604	DHL	-68600	0.0159911167629966	0.0132045472095579
FL	-68800	0.0273547964078763	0.0187838794418604	DHL	-68800	0.0232291536791205	0.0139461733766587
FL	-69000	0.0279175244452737	0.0214970037979703	DHL	-69000	0.0212740017057147	0.0128078349005846
FL	-69200	0.0271487684623034	0.0196488637454683	DHL	-69200	0.025997437602362	0.00896779153687523
FL	-69400	0.027382171042047	0.017500252963695	DHL	-69400	0.025662162741977	0.0108750239232145
FL	-69600	0.0296682071007757	0.0189941457723718	DHL	-69600	0.0230260499160474	0.0106760808877865
FL	-69800	0.0316150520678601	0.0201373295552812	DHL	-69800	0.0224037981114335	0.0110221265953804
FL	-70000	0.0325559432309568	0.00778261368603986	DHL	-70000	0.0246695576972483	0.00802674816477004
FL	-70200	0.0371612427315202	0.0153216117571484	DHL	-70200	0.0242462963613381	0.00423791654695632
FL	-70400	0.0315533641669255	0.0168370446220029	DHL	-70400	0.0206115898611393	0.00412326273241402
FL	-70600	0.0292073840214463	0.0171560643122984	DHL	-70600	0.0215079886034071	0.00577637456662664
FL	-70800	0.0200907448970881	0.0109508684586027	DHL	-70800	0.0208733901866305	0.00970355785444299
FL	-71000	0.0224942643066624	0.0108150500010031	DHL	-71000	0.018367480314797	0.0111180428212115
FL	-71200	0.0205892444357564	0.0117409806372138	DHL	-71200	0.0241589207760086	0.00847617298972848
FL	-71400	0.0205742887984961	0.0115494590856709	DHL	-71400	0.0290616265265523	0.0100300135350206
FL	-71600	0.022614903260341	0.0141000305055936	DHL	-71600	0.0290930733787854	0.00974307304042533
FL	-71800	0.0219664990516806	0.0133691466576732	DHL	-71800	0.0302645729781133	0.0114390077947757
FL	-72000	0.022415642295331	0.0150844182420496	DHL	-72000	0.0304510434881601	0.0136650164069052
FL	-72200	0.0235701646757519	0.0168892806726275	DHL	-72200	0.0317500301225651	0.0164857779995155
FL	-72400	0.0295157016780041	0.0146598829154678	DHL	-72400	0.0280685514279881	0.0108159911918577
FL	-72600	0.0267809121377829	0.0107275559475517	DHL	-72600	0.0257474726002798	0.0113629979254831
FL	-72800	0.0354541138664652	0.0179949135124444	DHL	-72800	0.0296345776507638	0.0108370726285641
FL	-73000	0.032437697674248	0.0190712990198523	DHL	-73000	0.0301297434965792	0.00859579004242268
FL	-73200	0.0314880618316748	0.0134725915278259	DHL	-73200	0.0277447144740314	0.00799525068759183
FL	-73400	0.0283111108196104	0.00840942921358218	DHL	-73400	0.0255062144946721	0.00420885112167516
FL	-73600	0.0292397806120756	0.00986226493196744	DHL	-73600	0.0265162171741949	0.0107719591892323
FL	-73800	0.0261966776939124	0.00734676790148663	DHL	-73800	0.0283627094240769	0.0145476468983715
FL	-74000	0.0359266057022215	0.0144728114557248	DHL	-74000	0.0311688314437342	0.0106713993010124
FL	-74200	0.0296073845111329	0.00812989698521644	DHL	-74200	0.0352495113706782	0.0119214715818304
FL	-74400	0.0311120407807121	0.00398001174326673	DHL	-74400	0.0287166099863103	0.00950348040927024
FL	-74600	0.0313693028582887	0.00471925339066875	DHL	-74600	0.0306090408997815	0.0073783634015547
FL	-74800	0.0256582968581376	0.0147355054065727	DHL	-74800	0.0264915035541922	0.00709184646638059
FL	-75000	0.0244694120976738	0.0159869264912155	DHL	-75000	0.0267207346474869	0.0119999111396544
FL	-75200	0.0249014176217896	0.017320038184487	DHL	-75200	0.0279156521036589	0.0141297136695103
FL	-75400	0.0245576798860592	0.0153245755807465	DHL	-75400	0.0332611812102784	0.0172854514988033
FL	-75600	0.0192404192339649	0.0122534504188455	DHL	-75600	0.0325768026498335	0.0204099230876907
FL	-75800	0.0204842379986254	0.0122058743314802	DHL	-75800	0.028227120441044	0.0150471357649122
FL	-76000	0.0248609566109706	0.00632258906877456	DHL	-76000	0.0232841394819362	0.0106843770411439
FL	-76200	0.0226472207623961	0.0132629198752194	DHL	-76200	0.019438154862511	0.0151209144978983
FL	-76400	0.0238942722336742	0.0178743192476099	DHL	-76400	0.0209426996985345	0.0153678260279541
FL	-76600	0.0226147653639858	0.0181107373196582	DHL	-76600	0.0200938313932219	0.0126930773780448
FL	-76800	0.0256990664439599	0.0186854470084338	DHL	-76800	0.0207726368369589	0.00711371310710399
FL	-77000	0.0248102073586475	0.0178640195979213	DHL	-77000	0.0193365336964948	0.0172239138956231
FL	-77200	0.0268171027723798	0.0166654990606734	DHL	-77200	0.0267216811850071	0.0344178125486362
FL	-77400	0.0250798598354948	0.0151680323988369	DHL	-77400	0.0315080621314928	0.0297696880688618
FL	-77600	0.034271332379932	0.0131219038728155	DHL	-77600	0.0357740799158222	0.0295146287342995
FL	-77800	0.0339787929032031	0.00870068717953588	DHL	-77800	0.0376752912446921	0.0321925705434226
FL	-78000	0.0250663209478159	0.0134039508905741	DHL	-78000	0.0293271106765033	0.0168621813891921
FL	-78200	0.0255195712859872	0.0148567264624967	DHL	-78200	0.0281791469284453	0.012521079713667
FL	-78400	0.0241975852639453	0.0124955468944849	DHL	-78400	0.0244237481295516	0.0119973141832739
FL	-78600	0.0212772400709924	0.012672738911696	DHL	-78600	0.0230027532495634	0.0180808374859593
FL	-78800	0.0312737014149155	0.0104869747680513	DHL	-78800	0.0221098591387699	0.0190901249874153
FL	-79000	0.0309643681738867	0.00777665407560721	DHL	-79000	0.0195661176293297	0.0129574704737618
FL	-79200	0.0299697645897754	0.00952002957435049	DHL	-79200	0.019251224467079	0.0125130040091209
FL	-79400	0.0288632020401828	0.0148626428966952	DHL	-79400	0.0147249460929368	0.00292833749011358
FL	-79600	0.0243957419095737	0.0119885050197691	DHL	-79600	0.0181921421478454	0.0077038227609339
FL	-79800	0.0274642840758807	0.0140744410309282	DHL	-79800	0.0192838287673614	0.0072077679027004
FL	-80000	0.0274592149395665	0.0138045763575329	DHL	-80000	0.0196047398972176	0.00810600529581847
FL	-80200	0.0255145055207097	0.0122154408687221	DHL	-80200	0.0204803773255354	0.0111729248437752
FL	-80400	0.0295180701901278	0.016368099246666	DHL	-80400	0.022833273768788	0.00810471368048881
FL	-80600	0.0277620009942359	0.0137882387087957	DHL	-80600	0.0221129613720744	0.00471008108601384
FL	-80800	0.0327006249714518	0.00578134444775026	DHL	-80800	0.022896908623137	0.0046333724810585
FL	-81000	0.0335362341362683	0.0056672520255899	DHL	-81000	0.0213866671591688	0.00353092888925691
FL	-81200	0.0306968988682671	0.0155736235898539	DHL	-81200	0.0217045542623572	0.00792891170779506
FL	-81400	0.0297051063585175	0.0151522029722937	DHL	-81400	0.025190168081472	0.00848183763562636
FL	-81600	0.0277808223434414	0.0168485418710089	DHL	-81600	0.0243383448672362	0.0119178806439382
FL	-81800	0.0330032815956177	0.0162526608858368	DHL	-81800	0.0289001378304457	0.00867893962742628
FL	-82000	0.0282403331427078	0.0136551067979562	DHL	-82000	0.026124861999018	0.00921382916898093
FL	-82200	0.0255881283095088	0.0123085749347266	DHL	-82200	0.0258617770290469	0.00927198929895662
FL	-82400	0.0265409903583693	0.0124991162557585	DHL	-82400	0.0256422037919174	0.0125311324953722
FL	-82600	0.0284235330274129	0.0214083668412373	DHL	-82600	0.0314054739449624	0.00881004430285219
FL	-82800	0.0266231934877157	0.0181403570604225	DHL	-82800	0.0308009824314258	0.00755319829170179
FL	-83000	0.0311998074994155	0.0229763918166614	DHL	-83000	0.0289589387779428	0.00816118401668483
FL	-83200	0.031580915727872	0.0255223773780218	DHL	-83200	0.0271344069238716	0.0109490243160487
FL	-83400	0.0292918070820138	0.0205175430723864	DHL	-83400	0.0292773810315921	0.00735806125288121
FL	-83600	0.0271587557078348	0.0175834210640949	DHL	-83600	0.0278129910692276	0.0101304227041155
FL	-83800	0.0391695842788144	0.0322771995224332	DHL	-83800	0.029389967772483	0.00999248428926149
FL	-84000	0.0410753117605469	0.0335903644055806	DHL	-84000	0.0246061568300416	0.011041620825332
FL	-84200	0.0381141280435282	0.0333439788847281	DHL	-84200	0.0232933790791831	0.0116120169561746
FL	-84400	0.0355560580541202	0.0198166243057599	DHL	-84400	0.0263317576784951	0.0110121368667802
FL	-84600	0.0343100658854073	0.0200559527194089	DHL	-84600	0.0213096255366427	0.00833524289073798
FL	-84800	0.0307246665735281	0.0122422018115918	DHL	-84800	0.0224235827452903	0.00925408816968052
FL	-85000	0.0300345465031949	0.0144546439124453	DHL	-85000	0.0230726419678517	0.0113255437803682
FL	-85200	0.0297934952783784	0.0131224723018348	DHL	-85200	0.0235038511044345	0.0103970625606362
FL	-85400	0.0251224021354789	0.0173804700549236	DHL	-85400	0.0239833291872789	0.0116280681645682
FL	-85600	0.024735210348139	0.0181037868664479	DHL	-85600	0.0231240391057877	0.011602647327402
FL	-85800	0.0200034158231213	0.0167709005294627	DHL	-85800	0.0236719126018115	0.00819836314573118
FL	-86000	0.0255642073988245	0.0102877091235714	DHL	-86000	0.0260636256843132	0.00496858489202869
FL	-86200	0.0297310986105419	0.0103035235790305	DHL	-86200	0.0285956510590651	0.00796397526770777
FL	-86400	0.0271611973767837	0.0121825092422756	DHL	-86400	0.035196789462554	0.0106746155484247
FL	-86600	0.0246122785602625	0.0192552176225942	DHL	-86600	0.0323561921311308	0.0161477146036014
FL	-86800	0.0267943645593775	0.0211537302886809	DHL	-86800	0.0335396835125577	0.0148615813538577
FL	-87000	0.0254911778935065	0.0193139088508039	DHL	-87000	0.0382985950471409	0.0100634089375647
FL	-87200	0.0254816586666183	0.0175212912161425	DHL	-87200	0.0390079279672209	0.0130297996904142
FL	-87400	0.0310384973388011	0.00802721028064123	DHL	-87400	0.0316475698964639	0.00696758789547503
FL	-87600	0.0317117040881542	0.00556672347827676	DHL	-87600	0.0283427917482217	0.00954264706364005
FL	-87800	0.0385202140090364	0.0168621762741387	DHL	-87800	0.0284221463056867	0.0104915812166389
FL	-88000	0.036349462143533	0.0104753678937696	DHL	-88000	0.0302028427212483	0.0109697604801305
FL	-88200	0.0381788089998105	0.0140335454455985	DHL	-88200	0.0300342542375318	0.0114623835996356
FL	-88400	0.0362137255652728	0.0152731832575855	DHL	-88400	0.026603649700791	0.00909663069519951
FL	-88600	0.0295245472669518	0.018868259182203	DHL	-88600	0.0340146407206634	0.00753006622902707
FL	-88800	0.026768206706007	0.0192533986745024	DHL	-88800	0.0332684457996665	0.00908617432126686
FL	-89000	0.0271528771494663	0.0170843195849458	DHL	-89000	0.0334786846210691	0.00960610523302965
FL	-89200	0.0328871108955328	0.0145626930004573	DHL	-89200	0.033221622213859	0.012440871990816
FL	-89400	0.0348201513417297	0.0131978553521785	DHL	-89400	0.0310679715125123	0.0184732458333428
FL	-89600	0.0371795111884605	0.0101724553870163	DHL	-89600	0.0287350219856817	0.0152373693503216
FL	-89800	0.0300823800948574	0.0158500309495678	DHL	-89800	0.0316868357818281	0.0125677549143868
FL	-90000	0.0259797774809096	0.0152317329165603	DHL	-90000	0.032143999331887	0.0122103194934754
FL	-90200	0.0346551570961811	0.0140086491540563	DHL	-90200	0.0332068023033346	0.0125398267540484
FL	-90400	0.0311988285971881	0.0136908997229672	DHL	-90400	0.032712916386997	0.0187126988286079
FL	-90600	0.0283813156670982	0.0146248246488414	DHL	-90600	0.0288242315433149	0.0125906492980868
FL	-90800	0.0385296242163568	0.0224857086696366	DHL	-90800	0.0343058926830583	0.0157875774729024
FL	-91000	0.0473765305158081	0.0210711280133805	DHL	-91000	0.0301444451779468	0.0116561433127966
FL	-91200	0.0464258859895187	0.0229069005643514	DHL	-91200	0.0260850681232081	0.00850169518141433
FL	-91400	0.0390134301001588	0.0162058020979357	DHL	-91400	0.023570684502477	0.00631010709324989
FL	-91600	0.0383555900918492	0.0178099919306775	DHL	-91600	0.0241484452302602	0.00826762424635857
FL	-91800	0.0277671682076724	0.0175032239020713	DHL	-91800	0.0237277930952285	0.00547419950512286
FL	-92000	0.0265876555719087	0.0199192816169747	DHL	-92000	0.0276667838818762	0.00730552050227799
FL	-92200	0.0285483072462875	0.0221394977107062	DHL	-92200	0.0233013375312661	0.0109135804693332
FL	-92400	0.0329922472245835	0.0223670904525394	DHL	-92400	0.0205045889005677	0.0123373557792766
FL	-92600	0.0283714685526813	0.0206387935460469	DHL	-92600	0.0216042938764272	0.0115037320489451
FL	-92800	0.0328159699768498	0.010162173012215	DHL	-92800	0.0183136712231808	0.0107020619431083
FL	-93000	0.0347672501533615	0.00925653497271191	DHL	-93000	0.0173755441965567	0.0120832376804689
FL	-93200	0.0400420770294166	0.0128832630049404	DHL	-93200	0.0206143025739945	0.0124317532270389
FL	-93400	0.0312582812465181	0.00784775896034642	DHL	-93400	0.0231737982122265	0.0136775261045249
FL	-93600	0.0318591513648454	0.0103880698637841	DHL	-93600	0.0226039615027087	0.011184746911147
FL	-93800	0.0367213933065017	0.00957226581570124	DHL	-93800	0.0265661573879275	0.0100758178088153
FL	-94000	0.0398566475514007	0.00733356998819144	DHL	-94000	0.0291369903787978	0.0124111798398335
FL	-94200	0.0341042628461259	0.00693231085412984	DHL	-94200	0.0310992039278754	0.0136497151276941
FL	-94400	0.0294878804788371	0.0150331239721515	DHL	-94400	0.0297687301742423	0.0146928950987303
FL	-94600	0.0266661534049938	0.0143173474591081	DHL	-94600	0.0264344167949652	0.0154234120802415
FL	-94800	0.0289508296794805	0.0153746345230976	DHL	-94800	0.0296499786102305	0.0149520295773833
FL	-95000	0.0318122082309892	0.0201109720495038	DHL	-95000	0.025938861188213	0.00658389698897897
FL	-95200	0.0296140829120222	0.0177215773923783	DHL	-95200	0.02569994968178	0.0101591580273342
FL	-95400	0.0292984062085174	0.0162981599016048	DHL	-95400	0.0237142641641647	0.0103090916722658
FL	-95600	0.0251960249602427	0.0124909551081381	DHL	-95600	0.0219300118633865	0.0128808608451137
FL	-95800	0.0298009725906461	0.00798724063751544	DHL	-95800	0.0266713834849402	0.0149463807529502
FL	-96000	0.0318020008689352	0.00823629366493558	DHL	-96000	0.031649899304607	0.0136070144476237
FL	-96200	0.0332387544536098	0.013453241637813	DHL	-96200	0.0269073146487063	0.0151797327285424
FL	-96400	0.03370249355194	0.0118228153642313	DHL	-96400	0.028352393140452	0.0152274015730456
FL	-96600	0.0269294254624889	0.0183170180754586	DHL	-96600	0.0263235178615294	0.0158010763224701
FL	-96800	0.0262981285898915	0.0172687632333155	DHL	-96800	0.0285966919845407	0.014060956771047
FL	-97000	0.0271843184969379	0.0186170502716873	DHL	-97000	0.0234397087184505	0.00801858474518116
FL	-97200	0.0283226266195417	0.0208605573636919	DHL	-97200	0.0216451507665742	0.00911120668961897
FL	-97400	0.0268317909929464	0.0202505895797253	DHL	-97400	0.0257822759176381	0.0164101265573522
FL	-97600	0.0219243384133248	0.0159034787520931	DHL	-97600	0.0199264465443952	0.00859962065756203
FL	-97800	0.0215950268755854	0.0121185063679496	DHL	-97800	0.0228480696678489	0.0119407575115223
FL	-98000	0.0217153551352606	0.0115379060742758	DHL	-98000	0.0224886191932287	0.0167865580143797
FL	-98200	0.0243121938904467	0.0112986958125255	DHL	-98200	0.0210262268601305	0.0148315638746596
FL	-98400	0.0291388034921553	0.00679818395647781	DHL	-98400	0.0204287068326188	0.010516314099335
FL	-98600	0.0380744087985185	0.0194030107770653	DHL	-98600	0.0213274455205328	0.00756102878392766
FL	-98800	0.0372878461024037	0.0199283778086285	DHL	-98800	0.0237093823440195	0.0151044811118434
FL	-99000	0.0308986482427896	0.00705329492671709	DHL	-99000	0.0265101768895639	0.0120849274629402
FL	-99200	0.029618221573022	0.00973336976325627	DHL	-99200	0.0224650457987106	0.00684796285907928
FL	-99400	0.0240131074737193	0.0145264594893625	DHL	-99400	0.0251176483307161	0.010599072421565
FL	-99600	0.0308804897713464	0.0100219739500612	DHL	-99600	0.0232235550383665	0.00847263453702496
FL	-99800	0.0291733829752365	0.012023876432621	DHL	-99800	0.0227617517185093	0.00753978374248369
FL	-100000	0.0266815668178314	0.0126074882704298	DHL	-100000	0.0235282564494099	0.00529199841777303
