V1	Distance	Burden.avg	Burden.sd	V1	Distance	Burden.avg	Burden.sd
FL	0	0.0375496249004332	0.0144675459915564	DHL	0	0.216114391489701	0.214021076077118
FL	200	0.0376669213463972	0.0135305054735556	DHL	200	0.215455718159279	0.212497730893546
FL	400	0.0377679596790859	0.0121180725397419	DHL	400	0.212322498383067	0.206101219404493
FL	600	0.0379666797851213	0.0114958097187065	DHL	600	0.207950062807685	0.199717772900494
FL	800	0.03873999957985	0.0117020480249041	DHL	800	0.204273270476652	0.196418113872699
FL	1000	0.0378565692496236	0.0113995596095508	DHL	1000	0.198095329200882	0.193364706009952
FL	1200	0.0371271414939384	0.0103000508064536	DHL	1200	0.192599003901751	0.189810623299043
FL	1400	0.037414540393576	0.00982320748915615	DHL	1400	0.185280657979128	0.180820543100266
FL	1600	0.0365379366107687	0.00867992240718627	DHL	1600	0.179180734793281	0.172924071507937
FL	1800	0.0363701380444676	0.00971888248620045	DHL	1800	0.173654479305305	0.166566183906588
FL	2000	0.0368832560025991	0.00936800502733283	DHL	2000	0.165281110484965	0.158489588336833
FL	2200	0.0368498021592566	0.00974051016145823	DHL	2200	0.155302962658607	0.148907909908488
FL	2400	0.0358905178106753	0.00961216920726296	DHL	2400	0.144660841258035	0.134779748163084
FL	2600	0.0346676824009311	0.00943373465072403	DHL	2600	0.137880712949693	0.126133730017756
FL	2800	0.0343236102331788	0.00867237866409868	DHL	2800	0.13303860128316	0.120339720601776
FL	3000	0.0317309829497502	0.00973284886451491	DHL	3000	0.129623703104538	0.11540917569564
FL	3200	0.0308368872942053	0.0115762753447145	DHL	3200	0.124067405465536	0.110433098127998
FL	3400	0.0304129019831916	0.0110573891915802	DHL	3400	0.116455554418599	0.10116878069839
FL	3600	0.0304918706702308	0.0111736643203333	DHL	3600	0.11227372674718	0.0986011954264812
FL	3800	0.0295344118810688	0.0117969869520939	DHL	3800	0.108581899948022	0.0949316526800833
FL	4000	0.0297289435113042	0.0109441390440946	DHL	4000	0.103244152658643	0.0903693992888217
FL	4200	0.029774134315629	0.0106676375119165	DHL	4200	0.100568529639365	0.0877752529766414
FL	4400	0.0304917359325278	0.00827627823321943	DHL	4400	0.096124728246111	0.0839714174249668
FL	4600	0.0314997805677578	0.00973112119838894	DHL	4600	0.092743208376772	0.0806227193148936
FL	4800	0.0323389633752222	0.00921968945202631	DHL	4800	0.0906618167859234	0.0776159606815744
FL	5000	0.0326861772066466	0.0101442982646184	DHL	5000	0.0903926835117586	0.076754084405906
FL	5200	0.0332463909838703	0.0112766045772464	DHL	5200	0.0898426845209301	0.0768463239070602
FL	5400	0.0335320480208291	0.010346373329788	DHL	5400	0.0899420867457479	0.0770446580737237
FL	5600	0.0335148056424044	0.00981452829927408	DHL	5600	0.0904008082709981	0.0770231864735228
FL	5800	0.0354639652357203	0.00825762536255411	DHL	5800	0.0885122395269975	0.0749450092371402
FL	6000	0.0348753724128969	0.00916911653127696	DHL	6000	0.0874432962789538	0.0736835816538773
FL	6200	0.0346534839025276	0.00890411546338654	DHL	6200	0.0855295201888878	0.0729515542088531
FL	6400	0.0350626775518743	0.00870868330417577	DHL	6400	0.0862955653625272	0.0742675632940445
FL	6600	0.0348192788760681	0.00800116884120794	DHL	6600	0.0853357607300771	0.0724935563463099
FL	6800	0.0363090817219863	0.00825337295800109	DHL	6800	0.0845699267571443	0.0717183725711743
FL	7000	0.0363768051321622	0.00836072824217072	DHL	7000	0.0836140681551402	0.0701031228309744
FL	7200	0.0370049416091578	0.00792068843692895	DHL	7200	0.0825207187580863	0.0696008875146737
FL	7400	0.0351335855997826	0.00888919497782356	DHL	7400	0.0814970520602766	0.0688531494936495
FL	7600	0.0354857147463268	0.00920390547803821	DHL	7600	0.0805081773264177	0.0691729715570316
FL	7800	0.0348802531929678	0.00994127538081189	DHL	7800	0.0777178149440701	0.0642929681431187
FL	8000	0.0355571473642545	0.00910828618628635	DHL	8000	0.07210903512478	0.0576804416338942
FL	8200	0.0342134105727459	0.0106963126275064	DHL	8200	0.0686759599709885	0.0541189438390822
FL	8400	0.0351586350792348	0.00999557814715843	DHL	8400	0.0636938293971912	0.0487938306749454
FL	8600	0.0348446586298969	0.0109527290658182	DHL	8600	0.0593952122503656	0.0445464207858388
FL	8800	0.0343966903395934	0.0105139283654206	DHL	8800	0.05816587059079	0.0427512261746086
FL	9000	0.0342910851459601	0.0115260475273437	DHL	9000	0.0563539338817435	0.0413579126234362
FL	9200	0.0338930163526144	0.0115602828411084	DHL	9200	0.0551908518741663	0.0387141491811349
FL	9400	0.0337486294756137	0.0121113509302771	DHL	9400	0.0527867640745845	0.0376573856873182
FL	9600	0.0316879844311388	0.0125111868919065	DHL	9600	0.0481320965549227	0.0353596748659411
FL	9800	0.0328410866223553	0.0116736515349833	DHL	9800	0.0435867464981539	0.0310771872682496
FL	10000	0.0328659179001774	0.0112702723449304	DHL	10000	0.0395028662691538	0.0244675542321998
FL	10200	0.0332863663625767	0.0111086903577639	DHL	10200	0.0381394455064097	0.0211384104820818
FL	10400	0.0319853348030908	0.00969552010658499	DHL	10400	0.0384743586923791	0.0191595279526559
FL	10600	0.0308417643684753	0.0103765411813772	DHL	10600	0.0366558661275088	0.0177285977931726
FL	10800	0.0311070998842121	0.0109058633139218	DHL	10800	0.0347122187260173	0.0175084478608774
FL	11000	0.0326905472802239	0.00981924150055507	DHL	11000	0.0334717068469361	0.0161637199708418
FL	11200	0.0316792847402098	0.0111572791112942	DHL	11200	0.0335416813806008	0.0165289487599083
FL	11400	0.0321016233954996	0.0117459809154724	DHL	11400	0.0332560259125942	0.014871989603547
FL	11600	0.0312039197662605	0.0129946269821865	DHL	11600	0.0337060946980924	0.0164125501014888
FL	11800	0.0309376974943039	0.0112363439455773	DHL	11800	0.0332012227957487	0.0163717168397564
FL	12000	0.0308902300904444	0.0107995273496034	DHL	12000	0.0309295143525494	0.0148516578378548
FL	12200	0.0307576694379812	0.0115340265107445	DHL	12200	0.0305040608355025	0.0134376576576096
FL	12400	0.0290116328829392	0.0116614766467589	DHL	12400	0.0323797064607756	0.0140139128317571
FL	12600	0.0280396993474089	0.0123824099562738	DHL	12600	0.0318573802544219	0.0137688469705042
FL	12800	0.0287255229832424	0.0131149124400588	DHL	12800	0.0308990644699445	0.0139418335856663
FL	13000	0.028498887275748	0.0133348081029528	DHL	13000	0.0304478255635803	0.0127572036241111
FL	13200	0.030830907164679	0.0129918229879611	DHL	13200	0.0305816540780714	0.0132377714521248
FL	13400	0.030717347522595	0.0125328393041756	DHL	13400	0.0313048950312708	0.0136234474831713
FL	13600	0.029980051822927	0.011100995425564	DHL	13600	0.0311300594917934	0.0131874424006675
FL	13800	0.0306574927806675	0.0107074237726641	DHL	13800	0.0324574719180461	0.0145369738589157
FL	14000	0.0310263780969556	0.0112144077888972	DHL	14000	0.0325701832164668	0.0164859180071748
FL	14200	0.031944235991706	0.0103768933192773	DHL	14200	0.0325255104494893	0.0184840991038987
FL	14400	0.0308745259210547	0.010609464391939	DHL	14400	0.0313058703279596	0.015582759996786
FL	14600	0.0303179219180971	0.00979785616382578	DHL	14600	0.031848928806115	0.0141108972220691
FL	14800	0.0305037835178421	0.00995262343413277	DHL	14800	0.0306121022692508	0.0122315040302252
FL	15000	0.0312086267383236	0.0104106430751815	DHL	15000	0.0311569224115959	0.013029466328935
FL	15200	0.0311779201520015	0.0127057508485481	DHL	15200	0.0308847478683366	0.0131531434972304
FL	15400	0.0313616660221233	0.0132427318947115	DHL	15400	0.0319944560870057	0.013087911759423
FL	15600	0.0300448114286452	0.0125754360671855	DHL	15600	0.0316340038624373	0.0140169145196959
FL	15800	0.0289258533166571	0.0143042606695516	DHL	15800	0.0322688145987972	0.0166807573296203
FL	16000	0.0291707700205864	0.0144124314754876	DHL	16000	0.0330235071684251	0.0144236507825464
FL	16200	0.0279168998397797	0.0158915993256825	DHL	16200	0.0314276769043502	0.0126740574958639
FL	16400	0.0274241104883692	0.015738617768613	DHL	16400	0.0307832974709481	0.0109303639406802
FL	16600	0.0292020738576328	0.0144375633099852	DHL	16600	0.0310276851699911	0.0108542070077567
FL	16800	0.0286270421085282	0.0131487293043561	DHL	16800	0.0314454422867075	0.0137236639934915
FL	17000	0.0282517813371203	0.0126183493521302	DHL	17000	0.0311220104910121	0.0138747337408046
FL	17200	0.0280812877238371	0.0130668832564114	DHL	17200	0.0311191089961744	0.013855765700181
FL	17400	0.028252268448631	0.0126613029380729	DHL	17400	0.0321089258425104	0.0132459258412211
FL	17600	0.0288312990145279	0.0128747934546875	DHL	17600	0.0328682151024326	0.0140737064580764
FL	17800	0.0296227639688169	0.01323227529734	DHL	17800	0.0328667362999195	0.0143193001767412
FL	18000	0.0300492188868165	0.0143318525695719	DHL	18000	0.0328251999033505	0.0131584978508088
FL	18200	0.0296976833802854	0.016421573000043	DHL	18200	0.0314738761624067	0.0145884870254939
FL	18400	0.0295290846165441	0.016316446072973	DHL	18400	0.031118246816109	0.0133624530865082
FL	18600	0.0309178352574932	0.0174935280702015	DHL	18600	0.0313120269165337	0.0134085424993948
FL	18800	0.031430531215388	0.0171174124252435	DHL	18800	0.030627670482782	0.014961562942494
FL	19000	0.0314886292409021	0.0174610257086915	DHL	19000	0.0303218356387075	0.0145296858442611
FL	19200	0.0311465562118127	0.0174441581893518	DHL	19200	0.0306077810657871	0.0112544968828119
FL	19400	0.0323404105313471	0.0141328078597021	DHL	19400	0.0302842207087661	0.00857967135461869
FL	19600	0.0340869886905075	0.0152616002566622	DHL	19600	0.0295537528640894	0.00798769476716362
FL	19800	0.0339638096920096	0.0154622744210918	DHL	19800	0.0307872992946509	0.00943867125673012
FL	20000	0.0354146992922887	0.0155170164694137	DHL	20000	0.0311687535441332	0.0106413447774853
FL	20200	0.0345159940186456	0.0150319839767229	DHL	20200	0.032056699662332	0.0111317202935196
FL	20400	0.0327800133905192	0.0136119331227972	DHL	20400	0.0317968349844208	0.0125052271590039
FL	20600	0.0335072362238498	0.0135789873159252	DHL	20600	0.0318450620494516	0.0127593203795969
FL	20800	0.0323338718282165	0.0136029369821646	DHL	20800	0.0325119844266545	0.0140153806599756
FL	21000	0.0314377890402597	0.0137792723357409	DHL	21000	0.032349594267026	0.014232804621394
FL	21200	0.0295894401128637	0.0145383752717258	DHL	21200	0.0321236735258339	0.0131951002739211
FL	21400	0.0291908386526579	0.0152087987168067	DHL	21400	0.0305420002972829	0.0149140811240221
FL	21600	0.0289628105406793	0.0171242904201965	DHL	21600	0.0301818512668912	0.0135438145738121
FL	21800	0.0287600796231144	0.0177088872935762	DHL	21800	0.0287325941542034	0.0125812189821945
FL	22000	0.0310535383308786	0.0138764395514968	DHL	22000	0.0277279027606166	0.0115442432939372
FL	22200	0.0305032357969214	0.0133856952689807	DHL	22200	0.0278150585189815	0.0112169851957487
FL	22400	0.0318417858976589	0.012094709996804	DHL	22400	0.0288884737569993	0.00971209157346851
FL	22600	0.0310252669880574	0.0114938525929086	DHL	22600	0.0281136084564781	0.00844766716680704
FL	22800	0.0314642584917414	0.01133800962468	DHL	22800	0.0281917168777655	0.00939950091636007
FL	23000	0.0294015906722578	0.0125997182721369	DHL	23000	0.0277296873723894	0.0090841146269111
FL	23200	0.0293454904137391	0.01272566050283	DHL	23200	0.0285055360270734	0.0078616679633879
FL	23400	0.0283966733757664	0.0144854617483011	DHL	23400	0.0277551948743731	0.00663431835245451
FL	23600	0.0278425406792987	0.0140558510330224	DHL	23600	0.0283032918835355	0.00842408972971315
FL	23800	0.0286934935102616	0.0137994541769498	DHL	23800	0.02801497935001	0.00611672528349647
FL	24000	0.0263655227986742	0.0152298170492748	DHL	24000	0.028867441210512	0.00650135758556092
FL	24200	0.02481442398639	0.0143027487069408	DHL	24200	0.0296028931360333	0.00721066647042647
FL	24400	0.0245198713357465	0.0134273404770241	DHL	24400	0.0300961884046029	0.00909099098002162
FL	24600	0.0250575624585895	0.0140727646697213	DHL	24600	0.0284748331924752	0.00856980091237162
FL	24800	0.027771531365828	0.0138330145780158	DHL	24800	0.0279679875151525	0.00956366787625988
FL	25000	0.030641433140201	0.0116510603507099	DHL	25000	0.0288544234612473	0.0108199230023341
FL	25200	0.0293965561109814	0.0126944218354919	DHL	25200	0.0288015103627841	0.0104097647606982
FL	25400	0.02877939580218	0.0122897763140597	DHL	25400	0.0294277158131535	0.0113534989909006
FL	25600	0.0313463629772567	0.012012799578141	DHL	25600	0.0281498431973659	0.00936439230423966
FL	25800	0.0319721181158437	0.0103440944713766	DHL	25800	0.0251568025211455	0.00620074954105614
FL	26000	0.0319972783787928	0.0093260576723874	DHL	26000	0.0243332892859412	0.00586639420751585
FL	26200	0.0335254708915251	0.0102652950154479	DHL	26200	0.0258598940225616	0.00740447172715005
FL	26400	0.0358347699486212	0.00994867944194465	DHL	26400	0.0249868357016217	0.00653960454823275
FL	26600	0.0342832589624987	0.010363179715808	DHL	26600	0.0257323411833885	0.00638383394145592
FL	26800	0.0350400140090188	0.0121207775743474	DHL	26800	0.026175587875533	0.00776598324802279
FL	27000	0.0337768484524041	0.0124588870210851	DHL	27000	0.0255236945273028	0.00863485837991218
FL	27200	0.0330875235144963	0.0120911887776376	DHL	27200	0.0253277001137781	0.00821412735830106
FL	27400	0.0329511719986361	0.0112169534758025	DHL	27400	0.025441381879179	0.00732735840011715
FL	27600	0.0327510716843756	0.0115909930978901	DHL	27600	0.0247442774675618	0.00577584599268965
FL	27800	0.032820373337643	0.0114408310252799	DHL	27800	0.0243560910142289	0.00566259696039212
FL	28000	0.0340900585811648	0.0128071089342845	DHL	28000	0.0242273417910494	0.00547483069173082
FL	28200	0.0326076768402993	0.0118585650717097	DHL	28200	0.0245066305456982	0.00575624442399007
FL	28400	0.03199363439576	0.0112971958711213	DHL	28400	0.0236042253668246	0.00548002371513353
FL	28600	0.0333200389823131	0.0107746579719002	DHL	28600	0.0235456226411423	0.00586386334831863
FL	28800	0.0337990717523994	0.0131469504945541	DHL	28800	0.0242364412258813	0.00573356177812973
FL	29000	0.0350566159648824	0.0138135613003469	DHL	29000	0.0244522961759335	0.00380764409041683
FL	29200	0.0351550151938947	0.012999509576129	DHL	29200	0.0240739238372723	0.00436184092249901
FL	29400	0.0346615021354561	0.0146915163275591	DHL	29400	0.0219522652489921	0.0041496551998022
FL	29600	0.0354262074749628	0.0142056711947301	DHL	29600	0.0236807790468697	0.00352025518991296
FL	29800	0.0344860641849628	0.0147277940857695	DHL	29800	0.0217828179997591	0.00316181991991524
FL	30000	0.0341586065585054	0.0164016338955787	DHL	30000	0.0224787336750535	0.00370990200849882
FL	30200	0.0334428644570867	0.017669325681555	DHL	30200	0.0233618742982986	0.00588700373081506
FL	30400	0.0335058290770955	0.0176819093840963	DHL	30400	0.0241484947627705	0.0068495224414341
FL	30600	0.0346842450904847	0.0156352025511332	DHL	30600	0.0262901930202745	0.00677007338598992
FL	30800	0.0348953892297861	0.0155937260976311	DHL	30800	0.0278853717387729	0.00714170123006775
FL	31000	0.0348293169688396	0.0157421295312442	DHL	31000	0.0280259072191894	0.00873249399302515
FL	31200	0.0339343638568624	0.0145229541408625	DHL	31200	0.0264084594917617	0.00716766558356196
FL	31400	0.0341763763926372	0.0160055270725705	DHL	31400	0.0282097411129174	0.00940111396457775
FL	31600	0.0360890502746108	0.0148949570423844	DHL	31600	0.0286248529859363	0.0104238506814841
FL	31800	0.0355974726614906	0.0139288441393475	DHL	31800	0.031311863570109	0.0114494222585291
FL	32000	0.0359491667418509	0.0141180802840092	DHL	32000	0.0294160811803332	0.0105144552605458
FL	32200	0.0365329541701618	0.0143467872690809	DHL	32200	0.0297608020212305	0.0103275435851736
FL	32400	0.0370615888357926	0.0144191985040504	DHL	32400	0.0281664322133481	0.010180509667154
FL	32600	0.037701783298029	0.0144310956761954	DHL	32600	0.0286988360546285	0.0102454315742736
FL	32800	0.0378790793038364	0.014856772132484	DHL	32800	0.0282863893179325	0.0100382760246028
FL	33000	0.0383222312657836	0.0133580948622445	DHL	33000	0.0300707682375533	0.0118360440171057
FL	33200	0.0384142406501146	0.0130379434111951	DHL	33200	0.0290882828586132	0.0123453731403666
FL	33400	0.0395838118094286	0.0128813785320774	DHL	33400	0.0285262912146778	0.0124697923945757
FL	33600	0.03845929448375	0.0125956734930555	DHL	33600	0.0297942770742917	0.0134223984689289
FL	33800	0.0378358197484869	0.0127568322025271	DHL	33800	0.0298330176496211	0.0136395408114654
FL	34000	0.039658461342352	0.0129561212458566	DHL	34000	0.031014556997164	0.0145064322576642
FL	34200	0.0380625220558302	0.012853825495402	DHL	34200	0.0312621283120362	0.0153785187050084
FL	34400	0.0369994206114409	0.0142967135840614	DHL	34400	0.0315776952374478	0.0147574813208383
FL	34600	0.03561590433678	0.0127469712048525	DHL	34600	0.0319533759011538	0.0139626739458249
FL	34800	0.0337436824340733	0.0118362995702825	DHL	34800	0.0301485092849467	0.0139348387759288
FL	35000	0.0351372571066523	0.01166723377524	DHL	35000	0.0295087429416496	0.0121147332612255
FL	35200	0.0343416260871691	0.0114491815919907	DHL	35200	0.0302654459510426	0.0142560956356168
FL	35400	0.0354061513586731	0.0106523275137694	DHL	35400	0.0285481517298262	0.0122297007915273
FL	35600	0.0353891959436849	0.0110160668601078	DHL	35600	0.0273402574636439	0.0107864620141414
FL	35800	0.0332873341264406	0.00920158692173829	DHL	35800	0.0274897831004346	0.00976655878858077
FL	36000	0.0319459503599489	0.00938310336101582	DHL	36000	0.0274509604836061	0.00863835548492925
FL	36200	0.0339287615600914	0.0102820112533312	DHL	36200	0.0266524181120084	0.00957282786250429
FL	36400	0.034124498674681	0.00966136928924551	DHL	36400	0.0260150209057842	0.00968914607835741
FL	36600	0.0335167222999058	0.00988274013722752	DHL	36600	0.0279964244947911	0.0116103838323455
FL	36800	0.0319305132591062	0.0101036349956567	DHL	36800	0.0275697296832571	0.0102154518976385
FL	37000	0.0316455840944667	0.0108867503542257	DHL	37000	0.0280391968911275	0.0108710143820209
FL	37200	0.0310819694527389	0.0119774115244474	DHL	37200	0.0281106549645832	0.0103435085971722
FL	37400	0.0289654026832573	0.0123348029555828	DHL	37400	0.028300682981602	0.0104078730433925
FL	37600	0.0290912717232559	0.0118581519915416	DHL	37600	0.027509431160594	0.0107360952083762
FL	37800	0.0310384960941462	0.0126474229579491	DHL	37800	0.0257459761733664	0.009318331377178
FL	38000	0.0305410139709332	0.013279269495471	DHL	38000	0.0238240479118586	0.0085157438236885
FL	38200	0.0306870141519711	0.0128739294783722	DHL	38200	0.0235732134334348	0.0089365955131409
FL	38400	0.0296543967004893	0.0110036495284001	DHL	38400	0.0231987106599554	0.00765455975669988
FL	38600	0.0294738091391014	0.0103615162184843	DHL	38600	0.0232810584526006	0.00685864333831865
FL	38800	0.0296561211880378	0.0110536885925043	DHL	38800	0.0234772480346875	0.00838585990223055
FL	39000	0.0289817584988314	0.0115730663220911	DHL	39000	0.0243233597669759	0.00803379929866352
FL	39200	0.0286843278651937	0.0126182149760698	DHL	39200	0.0243016283956025	0.00778644944961347
FL	39400	0.0294001063443727	0.0129463558862436	DHL	39400	0.0244828633210598	0.00850162548846844
FL	39600	0.030305532176881	0.0133486014754037	DHL	39600	0.026362033510156	0.00900937629254145
FL	39800	0.0297858468780911	0.013350803905401	DHL	39800	0.0263633544788919	0.00893726553727635
FL	40000	0.0296640417877722	0.0136033025577808	DHL	40000	0.0272041991109225	0.00994589331686901
FL	40200	0.029649682026337	0.0136113731817213	DHL	40200	0.0279991954733469	0.0110115669377671
FL	40400	0.0279586525531421	0.0178143960974416	DHL	40400	0.0297775892545246	0.0109296720556999
FL	40600	0.0300166921638332	0.0154916317314378	DHL	40600	0.0298130576102871	0.0103376001844478
FL	40800	0.0310652678321969	0.0143598974311129	DHL	40800	0.0291593686157351	0.00964467307024934
FL	41000	0.0319528439424606	0.014400308732026	DHL	41000	0.0301045962377256	0.00940216326120713
FL	41200	0.0328588723435425	0.0177091525555001	DHL	41200	0.0293688560447596	0.00924675060492171
FL	41400	0.0342442376614556	0.0144505225267223	DHL	41400	0.0313271237696917	0.0119199105474036
FL	41600	0.0344412010320651	0.0158409374712864	DHL	41600	0.0323853658135635	0.0116863276266113
FL	41800	0.0345687663799497	0.0152487733906735	DHL	41800	0.0329592570794432	0.0105284856212066
FL	42000	0.0350976827145501	0.0155594176470153	DHL	42000	0.0335737337328608	0.0113244349631074
FL	42200	0.0363195869670033	0.0149954992211375	DHL	42200	0.0328257686258983	0.0103552903930178
FL	42400	0.033294937031634	0.0161809338446895	DHL	42400	0.0324823576218974	0.00840298027608376
FL	42600	0.0331400991151912	0.0157286984726181	DHL	42600	0.0324322461229628	0.0091802704064145
FL	42800	0.0330019523860517	0.0147791230726101	DHL	42800	0.0311390412866715	0.00853343154595712
FL	43000	0.0358572568547564	0.0120366279784084	DHL	43000	0.0315331654938378	0.0101649213748282
FL	43200	0.0341161940257787	0.0116073313111076	DHL	43200	0.031383921532738	0.00803227117616885
FL	43400	0.0342667419459099	0.0117855686694309	DHL	43400	0.0314919411786341	0.00763276878137096
FL	43600	0.0319383525860627	0.0120194512988234	DHL	43600	0.0292746694546188	0.00693292924006343
FL	43800	0.0333104006964665	0.0130127142541123	DHL	43800	0.0309824948072672	0.00881515155253234
FL	44000	0.0338702717861115	0.0127858814672396	DHL	44000	0.0292431794423489	0.00658818216466813
FL	44200	0.0332265951051809	0.0129148292027403	DHL	44200	0.0296910603498575	0.00787189378268914
FL	44400	0.0311236178731337	0.0143837757577896	DHL	44400	0.0295763548324195	0.00753433372535588
FL	44600	0.0300270307668189	0.0135886631589205	DHL	44600	0.0296991689840777	0.00728876208229421
FL	44800	0.0296264818015251	0.012928129490736	DHL	44800	0.02884542539335	0.00568675627740035
FL	45000	0.0276334110437081	0.015092499092429	DHL	45000	0.0270334070736568	0.00541710184186396
FL	45200	0.0281873641912194	0.014926168127576	DHL	45200	0.0274407776234422	0.00457432816262853
FL	45400	0.0290264801331979	0.0157843127340073	DHL	45400	0.0277568785852795	0.00508390226401985
FL	45600	0.0289755969459374	0.0164143317961489	DHL	45600	0.0265279630128651	0.00439571441756904
FL	45800	0.0298361661985093	0.0158217497343721	DHL	45800	0.0256198251369775	0.00411160155756168
FL	46000	0.0310491782613386	0.0161844061994789	DHL	46000	0.0258610020684733	0.00379265587085715
FL	46200	0.0311605322522312	0.0122479535609991	DHL	46200	0.0240470215985929	0.00454234329944553
FL	46400	0.0340670695885287	0.0109347969235901	DHL	46400	0.0236229655402039	0.00526884673798571
FL	46600	0.032541028657213	0.00944289847929612	DHL	46600	0.0234260423653681	0.00399236737295505
FL	46800	0.0296282467607974	0.0109572076285079	DHL	46800	0.0233197398586214	0.00320023649900284
FL	47000	0.0297353849690057	0.0108212114015564	DHL	47000	0.0197205023189016	0.00266129585626814
FL	47200	0.0318637074941359	0.00782943996502822	DHL	47200	0.0208914624564795	0.00504425536932246
FL	47400	0.0308777395386633	0.00687686881774866	DHL	47400	0.0204574686475707	0.0038997405284402
FL	47600	0.0298793167651741	0.0108820861694843	DHL	47600	0.0205599670602462	0.00360727067845915
FL	47800	0.0287582511395509	0.0100262047881779	DHL	47800	0.0214808423503062	0.00423948123550714
FL	48000	0.0296146863924173	0.0106921194520963	DHL	48000	0.0221231324897578	0.00320618001820704
FL	48200	0.0305464687208866	0.012138589656264	DHL	48200	0.0222871165685486	0.00239921177911652
FL	48400	0.0333191524907484	0.0104927063007647	DHL	48400	0.022449179561538	0.00266471034067868
FL	48600	0.0334652562295167	0.0108008921399946	DHL	48600	0.0218932137040173	0.00472080860149227
FL	48800	0.0349813746027736	0.00949124785950837	DHL	48800	0.0221588607466545	0.00931507810767727
FL	49000	0.0351258763979174	0.0117649485216921	DHL	49000	0.0228418815280682	0.00899811527176289
FL	49200	0.0344802022541551	0.0109967260174866	DHL	49200	0.0217042147906302	0.00781905539767784
FL	49400	0.0324267943186611	0.0125666391951566	DHL	49400	0.0210831247992928	0.00753905259468869
FL	49600	0.0341560271684239	0.0143069301721745	DHL	49600	0.0205227641831688	0.00785360240153841
FL	49800	0.0328026432916207	0.0140205482410391	DHL	49800	0.0203903830466357	0.0069278373944854
FL	50000	0.032444684535068	0.0136148754106968	DHL	50000	0.0207392101492433	0.00994006690181983
FL	50200	0.0321489293992666	0.0136233227436992	DHL	50200	0.0219567274259364	0.008704464420562
FL	50400	0.0313867334297504	0.0128385502646161	DHL	50400	0.0212142015606773	0.00851017334186395
FL	50600	0.0309333040953627	0.0130373232164238	DHL	50600	0.0206499429019205	0.00819589740287034
FL	50800	0.0322880842879642	0.0113442069260708	DHL	50800	0.0201163149428506	0.00621356074191163
FL	51000	0.0321663886268764	0.0113393825676647	DHL	51000	0.020466551529935	0.00654604493693463
FL	51200	0.0318282047900777	0.0117366987733191	DHL	51200	0.0219116424460663	0.004126212205935
FL	51400	0.0311411335163114	0.0122740540374021	DHL	51400	0.0216812159170418	0.00282937471571407
FL	51600	0.0294535880181203	0.0149272658125054	DHL	51600	0.0216398508236037	0.00389576686735058
FL	51800	0.0295305162892059	0.0149956777519252	DHL	51800	0.0217833382109615	0.00373614381103855
FL	52000	0.0303500538251762	0.0153869878847345	DHL	52000	0.0222063239561453	0.00423501942397024
FL	52200	0.0301046715379887	0.0121448006678464	DHL	52200	0.0243326551408089	0.00692259223902468
FL	52400	0.031478724226715	0.01095461445633	DHL	52400	0.0247205152094629	0.00660208654000354
FL	52600	0.0306502015788967	0.0106108282374699	DHL	52600	0.0238772842830312	0.00478538753966093
FL	52800	0.0318606862198459	0.011796797402716	DHL	52800	0.0226196218581862	0.00411272304787851
FL	53000	0.0324956049501731	0.0109269321763057	DHL	53000	0.0224645370014093	0.00404830277677106
FL	53200	0.0325884706139615	0.0112908127956464	DHL	53200	0.023190283489716	0.00451007864839886
FL	53400	0.0320349911514707	0.0105725717333305	DHL	53400	0.0228590401738521	0.00549525998639726
FL	53600	0.0310015557626583	0.00952597378742247	DHL	53600	0.0237639884142995	0.0054643825292835
FL	53800	0.0308200867139229	0.00990884601935651	DHL	53800	0.0242230359552191	0.00573080783660357
FL	54000	0.0306181977428361	0.0109774743776422	DHL	54000	0.0233321079531438	0.00488865445198905
FL	54200	0.0300652503287121	0.0105637446056579	DHL	54200	0.0236476996389713	0.00494504611831178
FL	54400	0.0307924282958134	0.0118977334643362	DHL	54400	0.0238161279292091	0.00445823049302804
FL	54600	0.0307477377258516	0.0148834090482734	DHL	54600	0.0257979438823648	0.00441130104509324
FL	54800	0.030407806011484	0.0181262986913016	DHL	54800	0.0261092827560951	0.00495971782319866
FL	55000	0.0315877937704879	0.0148194061120877	DHL	55000	0.0262047679955197	0.005375273668919
FL	55200	0.0323727666535396	0.015369318174655	DHL	55200	0.0251819618129124	0.00610846666371334
FL	55400	0.0333571581284494	0.0163719717356099	DHL	55400	0.023882971548299	0.00534371687975572
FL	55600	0.0345408137203519	0.015968056921782	DHL	55600	0.0255632991096989	0.00457741157147965
FL	55800	0.033151121672597	0.0155637630534417	DHL	55800	0.0252230379773427	0.00724778756020866
FL	56000	0.0351065201455315	0.0161179401225194	DHL	56000	0.0274369818771534	0.00803736442659982
FL	56200	0.0369347295229213	0.0139839541680722	DHL	56200	0.0255156943508743	0.00776994120169042
FL	56400	0.0369353756011575	0.0116221007951165	DHL	56400	0.0248034903317633	0.00765200469743957
FL	56600	0.0354726657471443	0.0100803128594414	DHL	56600	0.024465032736746	0.00848092239006153
FL	56800	0.033523468480106	0.00938400953242509	DHL	56800	0.0249235730312167	0.00826307511467639
FL	57000	0.0304702408813429	0.00666404074226445	DHL	57000	0.0257324148855841	0.00825318897725032
FL	57200	0.0304990532602721	0.0069629559411241	DHL	57200	0.0272101787309683	0.00746897784312096
FL	57400	0.0313034497600579	0.00595345453480944	DHL	57400	0.0284071250410168	0.00703104439074565
FL	57600	0.030989244043709	0.00668962746135484	DHL	57600	0.027077069320077	0.00670396285299985
FL	57800	0.0281095533238296	0.0089934532470989	DHL	57800	0.0264395152401126	0.00669031895844946
FL	58000	0.0286210607392143	0.0099958864103334	DHL	58000	0.0282681018414367	0.00609924201273759
FL	58200	0.0289039044572962	0.0116791496470281	DHL	58200	0.0271978406973774	0.00760477386462788
FL	58400	0.029128183568884	0.0120003817676152	DHL	58400	0.0271053760518136	0.0111197803535579
FL	58600	0.0287792533243417	0.0114620151285075	DHL	58600	0.0276078366125707	0.0111632394053838
FL	58800	0.0297645267526557	0.01151941892844	DHL	58800	0.0311947474570601	0.0136863699573726
FL	59000	0.02968464665286	0.0109185055748627	DHL	59000	0.0321641026469476	0.0126340660354678
FL	59200	0.0307365304911806	0.0104756392780688	DHL	59200	0.031228502370844	0.00948141021354038
FL	59400	0.0317368783685143	0.0115699287280282	DHL	59400	0.0279352775121799	0.00798236306564732
FL	59600	0.030738539176521	0.0116616730407448	DHL	59600	0.0277341433694796	0.0106844880295035
FL	59800	0.0327081873120028	0.0124788833125622	DHL	59800	0.0274723553265054	0.0129235306306108
FL	60000	0.0328067551831769	0.0131437586606913	DHL	60000	0.0265528781956168	0.0121102211328817
FL	60200	0.0321141808723609	0.0161122364405864	DHL	60200	0.0254995228853901	0.0109220955215297
FL	60400	0.0314276782376991	0.0172169436297549	DHL	60400	0.0264150879168435	0.00814723322756749
FL	60600	0.0299726831832314	0.0163433379569018	DHL	60600	0.0259059583857213	0.00909405538767379
FL	60800	0.0300379220826555	0.0160529821942112	DHL	60800	0.0235030755252579	0.00759581293295508
FL	61000	0.0296371395225483	0.0160627996889437	DHL	61000	0.0231206769240712	0.00734110224408079
FL	61200	0.0304245417991571	0.0167672586553972	DHL	61200	0.02320348156643	0.00711166175028764
FL	61400	0.0297900684168112	0.0171165576724576	DHL	61400	0.0244580331242506	0.00563574933790583
FL	61600	0.0292327059040934	0.0161946746908209	DHL	61600	0.0244596156396619	0.00534135858066448
FL	61800	0.0282271884932157	0.0160381868718517	DHL	61800	0.0243364388977532	0.00562872215645217
FL	62000	0.0274318024320316	0.0150417227864324	DHL	62000	0.0239768163988107	0.00608374827859529
FL	62200	0.0252791316612214	0.013968341827286	DHL	62200	0.0217524663142329	0.00638819383926
FL	62400	0.0260955193544834	0.0143560031024938	DHL	62400	0.0242813043179774	0.00666756825221586
FL	62600	0.0252731538970261	0.0148002714989897	DHL	62600	0.023179003435357	0.00735360328222069
FL	62800	0.0249121242405331	0.0145745774951411	DHL	62800	0.0248318897452954	0.006726453733739
FL	63000	0.0263795232052635	0.0117359436580249	DHL	63000	0.0228434207065709	0.0067799603315642
FL	63200	0.0299639123986515	0.00950401569487363	DHL	63200	0.0262103719018287	0.00546143572863832
FL	63400	0.0288125196658791	0.00902261793775265	DHL	63400	0.0249373039721598	0.00533076781783474
FL	63600	0.0278501693764723	0.01235647798116	DHL	63600	0.025951622889629	0.00644379682121222
FL	63800	0.0258338737743955	0.0142227646176682	DHL	63800	0.0249650830856515	0.00838094737242761
FL	64000	0.0254277735834411	0.0150293350574692	DHL	64000	0.0232990764674893	0.00785940965655347
FL	64200	0.0227582172838559	0.0141567608162098	DHL	64200	0.0249289119378279	0.00679010608445269
FL	64400	0.0235664132097739	0.0132284500663115	DHL	64400	0.0253104236649359	0.00609551333112626
FL	64600	0.0247560404734438	0.0151532607805871	DHL	64600	0.0243571374457068	0.00547080135377032
FL	64800	0.0242238337479536	0.0160302865658296	DHL	64800	0.0229200370146689	0.00542002360444601
FL	65000	0.0249774751376155	0.0132096555561998	DHL	65000	0.0230678519049231	0.00522796930696229
FL	65200	0.0289812834460406	0.010275017033845	DHL	65200	0.0256723949522427	0.00568290890098492
FL	65400	0.0293342432309797	0.0100302680863763	DHL	65400	0.0242881230515684	0.00442534891257695
FL	65600	0.0298799424037615	0.00732727332073178	DHL	65600	0.0224237145786722	0.00558719028513557
FL	65800	0.0302628557373021	0.00828060405295258	DHL	65800	0.0227057109268832	0.00526625920069625
FL	66000	0.0318491015602291	0.0118362022574183	DHL	66000	0.0201436420524487	0.00685255830484508
FL	66200	0.0332441098986962	0.0151305353195229	DHL	66200	0.0195756235029565	0.00855837832466753
FL	66400	0.0339550618697772	0.0152480622548962	DHL	66400	0.0215065990941838	0.00765072320442687
FL	66600	0.0312117661071559	0.0122149063554544	DHL	66600	0.02221525368411	0.0068666706705339
FL	66800	0.0294470900177368	0.0096073160133833	DHL	66800	0.0218598902476696	0.00598538241274997
FL	67000	0.0296847359856085	0.00942595550483668	DHL	67000	0.0238381514743539	0.00683968373800344
FL	67200	0.0292752645387467	0.00807846937341487	DHL	67200	0.0233831402406224	0.0076357629694832
FL	67400	0.028848354715922	0.00926843938325078	DHL	67400	0.0224808785473404	0.00652278575911728
FL	67600	0.0297171344302604	0.0104003650530107	DHL	67600	0.0219093662294959	0.00659540115283166
FL	67800	0.0271092029249932	0.0122441291568905	DHL	67800	0.0220766854363424	0.00558616343209685
FL	68000	0.0257107161276082	0.0110086079100124	DHL	68000	0.0243326635115187	0.00861899083385543
FL	68200	0.0287683566691678	0.0145136484155743	DHL	68200	0.0240399214265356	0.00898467729532617
FL	68400	0.0313280797067666	0.0137564114984528	DHL	68400	0.0248291299569517	0.0101751983248358
FL	68600	0.0323513099857513	0.0137887917986883	DHL	68600	0.022966044964644	0.00847757779217519
FL	68800	0.0338205347741958	0.0144778409843637	DHL	68800	0.0238870887819849	0.00752950938682228
FL	69000	0.0329125616878039	0.0141862638132521	DHL	69000	0.022679939027413	0.00640967171672827
FL	69200	0.0343584578495328	0.0128952752601065	DHL	69200	0.0219503063422189	0.00626007960611806
FL	69400	0.036988731575294	0.0138197893337092	DHL	69400	0.0230206076154017	0.00801444708671106
FL	69600	0.0355590428089939	0.0112569758380613	DHL	69600	0.0241267943349422	0.00689838262329973
FL	69800	0.0331169092110746	0.0116129469659902	DHL	69800	0.0264676524674441	0.00459413030645377
FL	70000	0.0328780937933587	0.0123295484476453	DHL	70000	0.0258212995834412	0.00559416167921918
FL	70200	0.0327881028342809	0.012295704356842	DHL	70200	0.0265701735099049	0.00369933594383063
FL	70400	0.0337104129726398	0.0122763097569688	DHL	70400	0.0264334894561539	0.00211042219296536
FL	70600	0.0337555022152486	0.0112177988929163	DHL	70600	0.026734950730503	0.0024235265834199
FL	70800	0.0342615868791946	0.0109937606305502	DHL	70800	0.028620231756495	0.00212687363947541
FL	71000	0.034191711139467	0.00915748209055651	DHL	71000	0.0290890276587876	0.00340678347672287
FL	71200	0.0362857597532254	0.00942828656034302	DHL	71200	0.028186787831312	0.00493479609309661
FL	71400	0.0367682880654705	0.0108314122717614	DHL	71400	0.0276484152386189	0.00356306975190962
FL	71600	0.0361153977796375	0.0105624087677904	DHL	71600	0.0286721632885332	0.0036446285012933
FL	71800	0.0334316145869926	0.00905695016833115	DHL	71800	0.0287930900553957	0.00319901095833969
FL	72000	0.0363773710572391	0.0110842823131321	DHL	72000	0.0283495017637386	0.00516756156841318
FL	72200	0.0356221053761257	0.0109633756434497	DHL	72200	0.0277477320168845	0.00501548049313914
FL	72400	0.0336437757201308	0.00917456171911393	DHL	72400	0.0270345596860212	0.0065284318453355
FL	72600	0.0345979207391722	0.0122382659664619	DHL	72600	0.0252697938085909	0.00818039498022363
FL	72800	0.0327614324161363	0.0128082865454625	DHL	72800	0.0245066395736117	0.00792419826327409
FL	73000	0.0302582063576045	0.0138372591235038	DHL	73000	0.0248998782811571	0.00726547579224266
FL	73200	0.0288822850299792	0.0125544735537207	DHL	73200	0.0254263780236275	0.00804311889290223
FL	73400	0.0275919649191301	0.0163950408449792	DHL	73400	0.0246997538014523	0.00755895659502011
FL	73600	0.0290705871438188	0.0164544337108903	DHL	73600	0.0247473467586807	0.00882973591259011
FL	73800	0.0280508308974918	0.0152474790419523	DHL	73800	0.0240679026016429	0.00937615101786986
FL	74000	0.0270231532555279	0.0154297378517918	DHL	74000	0.0217259342521019	0.0079691232488796
FL	74200	0.0300009427387986	0.00982833739581022	DHL	74200	0.0199033101823666	0.00727975817874437
FL	74400	0.0310519367397501	0.0103846197885873	DHL	74400	0.019704220736117	0.006343371491017
FL	74600	0.0305297303347779	0.0095980776940913	DHL	74600	0.0209589794812655	0.0052985818367692
FL	74800	0.0293261553183415	0.01291605595602	DHL	74800	0.0193741575820947	0.00431545105677253
FL	75000	0.0318860313584345	0.0127931969231228	DHL	75000	0.020605034820644	0.00556770390017791
FL	75200	0.0332512316389811	0.0132181309687666	DHL	75200	0.0197591631183602	0.00332919181427403
FL	75400	0.0337647633212665	0.00824156598526214	DHL	75400	0.018283333051379	0.00360370931070167
FL	75600	0.0321694091675786	0.0116399144631977	DHL	75600	0.0175714277637463	0.00352080672946786
FL	75800	0.031451430757177	0.0105244874617999	DHL	75800	0.0159683081885779	0.00490537881757679
FL	76000	0.0330906932490124	0.00697458404857666	DHL	76000	0.0190358000901342	0.00275760833533518
FL	76200	0.0292911720726016	0.00585293659908269	DHL	76200	0.0195326158053406	0.00263490459898878
FL	76400	0.0281540500907519	0.00440561829668496	DHL	76400	0.0210676411347562	0.00595081372660599
FL	76600	0.028557611606894	0.00496035190343751	DHL	76600	0.0223733632773673	0.00704741255345053
FL	76800	0.0285513339584572	0.00697186418909752	DHL	76800	0.0240941282501092	0.00915733742277396
FL	77000	0.027567391870153	0.00842466801004466	DHL	77000	0.0237774084019036	0.00893177711659469
FL	77200	0.0274781621633693	0.0110126407044049	DHL	77200	0.0241988625402948	0.0097987196467352
FL	77400	0.0260537083719718	0.0109418102856434	DHL	77400	0.0234929224842362	0.00967155302923357
FL	77600	0.0262873626855319	0.0116921246413898	DHL	77600	0.0248903018608555	0.0115280497552575
FL	77800	0.0264640542402317	0.0103173580069181	DHL	77800	0.0247665116999509	0.0128088771176079
FL	78000	0.0269907812545064	0.00981073568158823	DHL	78000	0.0259008709643847	0.0132024502021103
FL	78200	0.0271531867727539	0.010074290156639	DHL	78200	0.0253488056352765	0.0126111607427802
FL	78400	0.029024419929899	0.0123833540961936	DHL	78400	0.0264513348824759	0.012021383075467
FL	78600	0.0305102337977402	0.0118102876817983	DHL	78600	0.0249140342081796	0.0119604077218281
FL	78800	0.0326693190406832	0.0116862945625862	DHL	78800	0.0248711958039158	0.0126222826128229
FL	79000	0.0319076766563215	0.0113149976311271	DHL	79000	0.0241255458320768	0.0133666134821112
FL	79200	0.0324779000938109	0.00978244475795162	DHL	79200	0.0231676076607217	0.0140088850924406
FL	79400	0.0329211316503099	0.0111117482078559	DHL	79400	0.0218381312331188	0.0136151517442306
FL	79600	0.0336956324053855	0.010254178525043	DHL	79600	0.0239949061206643	0.0110395439822964
FL	79800	0.0339158013197303	0.0096837263065232	DHL	79800	0.0221529552384939	0.0100894258001146
FL	80000	0.0365490674702724	0.0123440103700919	DHL	80000	0.023282719712513	0.0111007662910819
FL	80200	0.0369774963200127	0.0130373220749611	DHL	80200	0.0251349510300219	0.0114196389045234
FL	80400	0.0362093153817184	0.0136457839886187	DHL	80400	0.0243631995427352	0.0119628724769417
FL	80600	0.037014295171418	0.0141773520685904	DHL	80600	0.0247636115300267	0.0101077317530156
FL	80800	0.0350294564749778	0.0113619857455916	DHL	80800	0.0245675613953129	0.00966437334446626
FL	81000	0.032202155133863	0.00935602206211436	DHL	81000	0.0257952753871358	0.00980220010077299
FL	81200	0.0293478912513515	0.0119721726656236	DHL	81200	0.0245085679441011	0.0118790852720528
FL	81400	0.0278473837057107	0.0104545576667673	DHL	81400	0.0238218496603058	0.011003097289494
FL	81600	0.0271537954596811	0.0093834761840607	DHL	81600	0.0243608341616062	0.0123139090525454
FL	81800	0.0257519546489328	0.0089768699183182	DHL	81800	0.023379448668275	0.0136051748478735
FL	82000	0.0257735152557085	0.00930225364360901	DHL	82000	0.0209423176544191	0.0114844630615721
FL	82200	0.0252689896072578	0.00868507426002604	DHL	82200	0.0203486430214366	0.0106189840689624
FL	82400	0.0255762071453618	0.00840570371757732	DHL	82400	0.0203529901993771	0.0120032970127291
FL	82600	0.0279478335347619	0.00759189955325946	DHL	82600	0.019769736403198	0.0102902419152882
FL	82800	0.0283891363439707	0.00684007420305272	DHL	82800	0.0223692283215541	0.00935540074256942
FL	83000	0.0289977912718181	0.00718802083735401	DHL	83000	0.0245013924191558	0.0103762110197867
FL	83200	0.0298653685055706	0.00895181592334866	DHL	83200	0.0242616793933365	0.00913632947729833
FL	83400	0.0304729922137455	0.00999738569614191	DHL	83400	0.0243613487234418	0.00863751992370772
FL	83600	0.027676654248233	0.0154957924397242	DHL	83600	0.0258533951555017	0.010330786391152
FL	83800	0.026685087407948	0.0141781582540084	DHL	83800	0.0270343955529612	0.0102913878091461
FL	84000	0.0305022749599068	0.010434571818605	DHL	84000	0.0258609917140795	0.0106038334802898
FL	84200	0.0329145400452635	0.00545965222426641	DHL	84200	0.0257685673550011	0.011196479805979
FL	84400	0.0333431218619447	0.00477888063604109	DHL	84400	0.025326715411548	0.0104411845286812
FL	84600	0.0334692749981345	0.00644153765000234	DHL	84600	0.0255584000241286	0.0106092016425901
FL	84800	0.0335742175314932	0.00653436618176477	DHL	84800	0.0258600711062452	0.00883018253791641
FL	85000	0.0327731958522049	0.00657270008003931	DHL	85000	0.0251145153401982	0.00665500294578445
FL	85200	0.0318368025794959	0.00567512759059023	DHL	85200	0.0246032022736491	0.00649548606638957
FL	85400	0.0307884323836552	0.00713913946953302	DHL	85400	0.0271362911652231	0.00602269187939731
FL	85600	0.0317511524427952	0.00920775187134987	DHL	85600	0.0273855946981915	0.00547662416032079
FL	85800	0.0329397035905724	0.00963123835386705	DHL	85800	0.0250035362403702	0.00705113827762603
FL	86000	0.0337371158815124	0.00916873507532916	DHL	86000	0.0264608943159598	0.00587185130672783
FL	86200	0.0306133029476626	0.0117102692657815	DHL	86200	0.0255462444783614	0.00628731327683357
FL	86400	0.0327336828216271	0.0102336708709892	DHL	86400	0.0244000642958518	0.00879562266509802
FL	86600	0.0333904126524776	0.0116644759371266	DHL	86600	0.0243630622627177	0.0057781332276173
FL	86800	0.0314897914995793	0.0142868032901115	DHL	86800	0.0248332812477298	0.00660259027568264
FL	87000	0.030671010835186	0.0141604007403145	DHL	87000	0.0261970148422022	0.00669124758993736
FL	87200	0.0321142139137056	0.0102393588287051	DHL	87200	0.0275226472732018	0.00762909452910749
FL	87400	0.0312364186282868	0.0101324430527316	DHL	87400	0.027430110731597	0.00742461606549734
FL	87600	0.0295969553868811	0.0130670276269532	DHL	87600	0.0254292066975002	0.00873223328008445
FL	87800	0.0291116756780872	0.0134979154397841	DHL	87800	0.0229477923531044	0.00826591207507377
FL	88000	0.0297384252783682	0.0124353315362517	DHL	88000	0.021837561185497	0.00735527948811499
FL	88200	0.0300015807683803	0.0113728988381332	DHL	88200	0.0212566696651426	0.00894025933411792
FL	88400	0.0303032411032053	0.0117204292326364	DHL	88400	0.0220730097335494	0.00947773753636167
FL	88600	0.032311504772551	0.00833576683071219	DHL	88600	0.0258752830693581	0.00906658381117013
FL	88800	0.0305028261682367	0.00914288133664614	DHL	88800	0.0254493207187159	0.0108278797763108
FL	89000	0.0291346129760669	0.0089474272648538	DHL	89000	0.0250232717988331	0.00985626612910452
FL	89200	0.0286695267561012	0.00829942414038637	DHL	89200	0.0278976345288941	0.01055450014878
FL	89400	0.0280541724538353	0.00821081468174043	DHL	89400	0.0249790588434518	0.00955903699171909
FL	89600	0.0273105285595113	0.00791314695427124	DHL	89600	0.0242567395303273	0.00968921088023336
FL	89800	0.0279905735417832	0.00959657356735177	DHL	89800	0.0263746820771326	0.00591298848878865
FL	90000	0.0279733922828393	0.0129687524914333	DHL	90000	0.0249750599221525	0.00630598112915666
FL	90200	0.028385442182578	0.0135650150308078	DHL	90200	0.0258035549073842	0.00629738866271083
FL	90400	0.0286469887730373	0.0140345860738009	DHL	90400	0.0244084476435568	0.00834662941401564
FL	90600	0.0276016407595451	0.0139902250098642	DHL	90600	0.0243022514737055	0.00650763003336826
FL	90800	0.0292256260017419	0.00798141758548365	DHL	90800	0.0243768576166266	0.00574656142027645
FL	91000	0.0300496603613828	0.00788593920414194	DHL	91000	0.0241212362707671	0.00549973971985764
FL	91200	0.0307939377074239	0.00807666609383128	DHL	91200	0.0244493632789829	0.00786414012079631
FL	91400	0.0313813737687489	0.00750585642283747	DHL	91400	0.021512597606605	0.00618549576131979
FL	91600	0.0298771138475494	0.00790443640379696	DHL	91600	0.0209526361927863	0.00613412259220755
FL	91800	0.027466180568163	0.00976020218603605	DHL	91800	0.0192165704546022	0.00578744199508595
FL	92000	0.0274230121519529	0.0115151875478732	DHL	92000	0.0178813559392048	0.00529225768051445
FL	92200	0.0284774527451494	0.0111163883904461	DHL	92200	0.0175898693588611	0.00459784496993071
FL	92400	0.0288005248283397	0.0097218651697443	DHL	92400	0.0177502969123804	0.00512301483317717
FL	92600	0.0297184477746931	0.00887239627561415	DHL	92600	0.0178342201325343	0.00439339150159094
FL	92800	0.0304973521163004	0.00934085186439256	DHL	92800	0.0174318543885133	0.00370879936250766
FL	93000	0.0309901232421831	0.0090968773809882	DHL	93000	0.0165209407698225	0.00325692468413616
FL	93200	0.027310903435338	0.0137805085333361	DHL	93200	0.0154761699205083	0.00562674462382404
FL	93400	0.0259483402967556	0.0123494919821056	DHL	93400	0.0175013306948337	0.00607156739596251
FL	93600	0.025590489288613	0.0124093624220121	DHL	93600	0.0171912367275582	0.00558856713559303
FL	93800	0.0252881045404232	0.0116599331275237	DHL	93800	0.0188925774775444	0.00710525677513764
FL	94000	0.0270280862928768	0.0132730031479878	DHL	94000	0.0191809889345971	0.00764254855144456
FL	94200	0.0280995813990196	0.014412050684692	DHL	94200	0.0213552971673117	0.00807514718789785
FL	94400	0.0267172149300628	0.0129223924685195	DHL	94400	0.021285899185982	0.010420837514109
FL	94600	0.0262458188672321	0.0126971314994497	DHL	94600	0.01807591823728	0.00830467659755531
FL	94800	0.026706120001402	0.0132194432220868	DHL	94800	0.0190670659530556	0.0072895192419265
FL	95000	0.0260216746173653	0.0116846851838703	DHL	95000	0.0196343615771059	0.00745572314546338
FL	95200	0.0267401919428628	0.012070169593921	DHL	95200	0.0203349065700597	0.00729227174204343
FL	95400	0.0288914821469002	0.0137776029738526	DHL	95400	0.0208269115752491	0.00850491040255355
FL	95600	0.0297465516056047	0.0148395534670083	DHL	95600	0.0206579729023167	0.00844907302161483
FL	95800	0.0287020732054257	0.0137942333066645	DHL	95800	0.0207448061868819	0.00799911418578704
FL	96000	0.0256929582951266	0.0122789176740395	DHL	96000	0.0227621131961273	0.00615703328409066
FL	96200	0.0260192147605712	0.012111183809773	DHL	96200	0.0232675938557348	0.00652703851354812
FL	96400	0.0251816448902939	0.0124660307586638	DHL	96400	0.024153598070382	0.00609811809620334
FL	96600	0.026838991197945	0.00703217538421907	DHL	96600	0.0227975621253383	0.0057340751477465
FL	96800	0.0277211055909774	0.00813144430543613	DHL	96800	0.0217189583097319	0.00530872009151585
FL	97000	0.0288466082052201	0.0080059606558674	DHL	97000	0.023145627244382	0.00456334643358454
FL	97200	0.0284203788196296	0.00747471478453233	DHL	97200	0.0215897457776544	0.00490362862709954
FL	97400	0.029268769233333	0.00909079964443169	DHL	97400	0.0217536709361319	0.00642290771260403
FL	97600	0.0287276435736924	0.0100029607353299	DHL	97600	0.0203370411768599	0.00553511645952227
FL	97800	0.0275061687775541	0.00932229623817298	DHL	97800	0.0192541040284724	0.00665753760512046
FL	98000	0.0282305502648572	0.00898711905023437	DHL	98000	0.0199941908537131	0.00875581895033092
FL	98200	0.0321387646613566	0.0114655474595008	DHL	98200	0.0182324063385564	0.00954114294166173
FL	98400	0.0324164920634335	0.00962876396463463	DHL	98400	0.0189266873483546	0.0105630556261145
FL	98600	0.0317445976803262	0.00967159392344625	DHL	98600	0.0204274805948804	0.0121804618764639
FL	98800	0.0324324898983079	0.0111683610956201	DHL	98800	0.0207397542108138	0.0126789413845831
FL	99000	0.0302970277222544	0.0066931084510896	DHL	99000	0.0208574665134065	0.0125996417838974
FL	99200	0.0263245445616335	0.00608334574560688	DHL	99200	0.0225056176660421	0.0130541559100999
FL	99400	0.0283741454240995	0.00602294652637079	DHL	99400	0.0232771453762227	0.0117891327996688
FL	99600	0.0302365766149582	0.0117080938401573	DHL	99600	0.0222191443658993	0.0107897468535841
FL	99800	0.0307941614939865	0.0106828644856198	DHL	99800	0.0231070233284976	0.012456561743294
FL	100000	0.0301396269554985	0.00656841413514766	DHL	100000	0.0220358944323711	0.0100875606350348
FL	0	0.0375496249004332	0.0144675459915564	DHL	0	0.216114391489701	0.214021076077118
FL	-200	0.0377382517064087	0.01333289217207	DHL	-200	0.213066808078869	0.209519627417322
FL	-400	0.0383159678969552	0.0128099428797185	DHL	-400	0.208986603863537	0.205053700125063
FL	-600	0.0368909156288759	0.0123799732582513	DHL	-600	0.204459228498943	0.199300570055456
FL	-800	0.0374345371042615	0.0115662574155357	DHL	-800	0.198799649959468	0.193137199815408
FL	-1000	0.0370873678504577	0.0106134768416121	DHL	-1000	0.193626215520273	0.188464552073248
FL	-1200	0.0366007741575493	0.00947875809212342	DHL	-1200	0.184488640731904	0.176633889085697
FL	-1400	0.0374973032638313	0.00764654516584274	DHL	-1400	0.176388365889363	0.167649858318705
FL	-1600	0.0362988109852384	0.00559430476835581	DHL	-1600	0.167540955851864	0.161732621239532
FL	-1800	0.0346541295160416	0.00597332063768468	DHL	-1800	0.157127891589163	0.150150181671549
FL	-2000	0.0342685661207474	0.00474226800827809	DHL	-2000	0.151489218968354	0.144790154164842
FL	-2200	0.03319966435518	0.0059185849916121	DHL	-2200	0.142707897873262	0.135167353597492
FL	-2400	0.0317868290993722	0.00896456794775991	DHL	-2400	0.133968560168316	0.125216851576951
FL	-2600	0.0317197196137725	0.00890889445712936	DHL	-2600	0.125986242516065	0.117042903310399
FL	-2800	0.0327514886761722	0.00935959022868314	DHL	-2800	0.120957438945769	0.112104991057264
FL	-3000	0.0317243652383277	0.0128467484849392	DHL	-3000	0.115969838496012	0.108965325525672
FL	-3200	0.0315614857281672	0.0128243426457448	DHL	-3200	0.108245391405211	0.0994023251553243
FL	-3400	0.0306161247910837	0.0127440692859281	DHL	-3400	0.102984264285655	0.0962396096826513
FL	-3600	0.030395294324058	0.0128975552498755	DHL	-3600	0.0980125979411876	0.0880698015912945
FL	-3800	0.02946246140771	0.0124077382811136	DHL	-3800	0.0950378276115766	0.0846167890743388
FL	-4000	0.0302406987921966	0.0101100661491826	DHL	-4000	0.0887528205546124	0.0814374394680263
FL	-4200	0.0290132366264259	0.0114493374165036	DHL	-4200	0.0842688973660566	0.0781132134587186
FL	-4400	0.0283567529803351	0.0115081740239979	DHL	-4400	0.080204290829744	0.0751501047780735
FL	-4600	0.0286846734058758	0.0118997233839966	DHL	-4600	0.0801105346158206	0.0751343629882771
FL	-4800	0.0287140630290282	0.0141626969914344	DHL	-4800	0.0757838561780667	0.0705188434393217
FL	-5000	0.0294931727645632	0.012960941686677	DHL	-5000	0.0731679883830907	0.0698480885909648
FL	-5200	0.0297756284234163	0.0133608955945516	DHL	-5200	0.0694600983968606	0.0663485108359096
FL	-5400	0.0313461498301337	0.0138399737790343	DHL	-5400	0.0672883249832212	0.0618607723434676
FL	-5600	0.0314992159283224	0.0130674757983801	DHL	-5600	0.063462539314394	0.054474533690644
FL	-5800	0.0321873277436606	0.0150936174839378	DHL	-5800	0.0610082765581893	0.0520528570334846
FL	-6000	0.032213767316413	0.0153700971582277	DHL	-6000	0.0588532762471783	0.0508157708967067
FL	-6200	0.0319841976197968	0.015380331423269	DHL	-6200	0.0564974693147092	0.0457707405504407
FL	-6400	0.0324820374539188	0.016399686755055	DHL	-6400	0.0568184976776241	0.0454815586591434
FL	-6600	0.0335318511979238	0.0148435544352746	DHL	-6600	0.057111682041308	0.0452809146641908
FL	-6800	0.0331193516049112	0.0140205449238626	DHL	-6800	0.0560564952926672	0.0433376380221666
FL	-7000	0.0338462261114773	0.0140492090410498	DHL	-7000	0.0563111427889245	0.0431462643493293
FL	-7200	0.0336637891826363	0.0137781958229749	DHL	-7200	0.0562000455965292	0.0428101459679823
FL	-7400	0.0338275125657321	0.0133878374644573	DHL	-7400	0.057553709105872	0.0452999927698065
FL	-7600	0.0324876387126163	0.0120855876820148	DHL	-7600	0.054786194306568	0.0430835212609332
FL	-7800	0.0318775475057018	0.0119958417813201	DHL	-7800	0.0538915352012297	0.0411317830684548
FL	-8000	0.0317929391362757	0.0123262182921875	DHL	-8000	0.0522592040253477	0.0406278463101476
FL	-8200	0.0316073156790471	0.012000682205773	DHL	-8200	0.0509259158067905	0.0368779177113328
FL	-8400	0.0331109242870488	0.0117518236532046	DHL	-8400	0.0487613052219186	0.0334681040656603
FL	-8600	0.0332840679681689	0.0120096849020938	DHL	-8600	0.0475252744116252	0.0302133913852411
FL	-8800	0.0331684781404929	0.0134250463148444	DHL	-8800	0.047680595095914	0.0293491845818663
FL	-9000	0.0313669616273394	0.0142731658934159	DHL	-9000	0.0460614419625845	0.0284049713570396
FL	-9200	0.033629743090475	0.0119428298724381	DHL	-9200	0.0445713793304755	0.0273287761565818
FL	-9400	0.0342406014013815	0.0130360219704229	DHL	-9400	0.0447465678602858	0.0269860918418952
FL	-9600	0.0342974552662372	0.0130346792188722	DHL	-9600	0.043618254193884	0.0262892292615002
FL	-9800	0.0353373165955475	0.0115895076193259	DHL	-9800	0.0429344311817275	0.0249158587549642
FL	-10000	0.0357927263067653	0.0114260689836473	DHL	-10000	0.0404704694255003	0.0220138704946721
FL	-10200	0.0346583649272003	0.0102785128892083	DHL	-10200	0.0414256863624034	0.0250966274781692
FL	-10400	0.0335661625769476	0.00932270593756329	DHL	-10400	0.0414165874296086	0.0270885758419569
FL	-10600	0.0331902275189069	0.00816573774532225	DHL	-10600	0.0414066543615636	0.026980644640229
FL	-10800	0.0343279268622245	0.00744542101223877	DHL	-10800	0.040305863382463	0.0252894959392774
FL	-11000	0.0338724589536621	0.00836378552927186	DHL	-11000	0.0402452019544097	0.0266484647494039
FL	-11200	0.0348565070222755	0.00853149875605286	DHL	-11200	0.0410743563892273	0.0264912818898463
FL	-11400	0.032364009706194	0.0109401968483304	DHL	-11400	0.0397937438603893	0.0227480902984993
FL	-11600	0.033057329711354	0.00938324867241693	DHL	-11600	0.0377518208522443	0.0208938464607154
FL	-11800	0.0327265059996962	0.010566566582076	DHL	-11800	0.0389707970984212	0.0231081526075338
FL	-12000	0.031812945580186	0.0094953971978602	DHL	-12000	0.0389480224700393	0.0248155184234888
FL	-12200	0.0329511520332783	0.00884362391395356	DHL	-12200	0.0394321463730485	0.02465274530772
FL	-12400	0.0327567430696558	0.0090297386646351	DHL	-12400	0.0380051393310522	0.022506105878877
FL	-12600	0.0327528035444951	0.0105931455218939	DHL	-12600	0.0390559577487238	0.0231493059952325
FL	-12800	0.0343540960126654	0.00926502279679892	DHL	-12800	0.0380123429146108	0.0221923490716334
FL	-13000	0.0351851288105644	0.0117005026547416	DHL	-13000	0.038783654813136	0.0245637804882828
FL	-13200	0.0366146768177106	0.0118106876143209	DHL	-13200	0.0383923816538906	0.022342647206579
FL	-13400	0.0350831951923592	0.013958662308219	DHL	-13400	0.0382268041646057	0.021948381272798
FL	-13600	0.035659970724406	0.0153313373652496	DHL	-13600	0.0386130928464911	0.0223469662631944
FL	-13800	0.0344210493568607	0.0167425330637577	DHL	-13800	0.0364796795184305	0.0193098463872029
FL	-14000	0.0336180116443868	0.016475048417774	DHL	-14000	0.035558290721937	0.0192857267203907
FL	-14200	0.0326397370490124	0.0182891364959033	DHL	-14200	0.0348977212144014	0.0168883858492755
FL	-14400	0.0316197275118012	0.0176671725128531	DHL	-14400	0.0333825689608209	0.0152307564320934
FL	-14600	0.0301449999498221	0.0167654108630736	DHL	-14600	0.0310537068013025	0.0124849022627566
FL	-14800	0.0291825075997741	0.0142171519471847	DHL	-14800	0.0307679013429544	0.0125426524446928
FL	-15000	0.0290078269011792	0.0137528492386237	DHL	-15000	0.0303620184202498	0.0118560568668516
FL	-15200	0.0284580845467574	0.0135190156018559	DHL	-15200	0.0304900638296732	0.0114500924814873
FL	-15400	0.0282616835719544	0.0133181567811451	DHL	-15400	0.0311477409357877	0.0122300527325137
FL	-15600	0.0274145836935561	0.012784339615224	DHL	-15600	0.0303713614880127	0.0110682615011202
FL	-15800	0.0255155241974252	0.0141745748806582	DHL	-15800	0.0294054708254145	0.0100402220502165
FL	-16000	0.0268673792017349	0.0137362422083036	DHL	-16000	0.0308335230004282	0.0132163241643856
FL	-16200	0.0276918964831209	0.0142446678069855	DHL	-16200	0.031327741469722	0.0129240094870061
FL	-16400	0.0290388655727949	0.0157430219168183	DHL	-16400	0.0320722476358052	0.013859089360696
FL	-16600	0.0284048424202419	0.0149516609864661	DHL	-16600	0.0301166112520956	0.0116101425730655
FL	-16800	0.0282651597508583	0.0156564285985854	DHL	-16800	0.0288446590385286	0.0104989561066268
FL	-17000	0.0277682393952549	0.0156158043852838	DHL	-17000	0.0283781825144637	0.00897575578763769
FL	-17200	0.026253578137514	0.0140722220091955	DHL	-17200	0.028313943109791	0.00886815299152582
FL	-17400	0.0281862440804714	0.011615061574375	DHL	-17400	0.028094280955753	0.00859577123344403
FL	-17600	0.0297178851754999	0.0106562649096246	DHL	-17600	0.0268651950936277	0.00826108295583185
FL	-17800	0.0302837881648172	0.00955420101791892	DHL	-17800	0.0260507918117997	0.00731882369631612
FL	-18000	0.0302391205265615	0.00783140329632859	DHL	-18000	0.0258801971447748	0.00671400614558233
FL	-18200	0.0304765520527161	0.00742774534316236	DHL	-18200	0.0260171898903556	0.0070648966612169
FL	-18400	0.030377571108071	0.0096408914044191	DHL	-18400	0.0276125492430064	0.00896773728025993
FL	-18600	0.0327187899270828	0.00895470283434515	DHL	-18600	0.0303846336975941	0.0107252227998517
FL	-18800	0.0315179713655306	0.00852521397200815	DHL	-18800	0.0301716206536179	0.0103591937070958
FL	-19000	0.0305469385498792	0.00955185235097571	DHL	-19000	0.0307848626957345	0.0108501461007454
FL	-19200	0.0300408545394123	0.0114880995940591	DHL	-19200	0.0305608117918267	0.0100834828121847
FL	-19400	0.030750478249286	0.010648616232144	DHL	-19400	0.030008073112312	0.0098049769056621
FL	-19600	0.0309773836512929	0.0119221582531024	DHL	-19600	0.0282310116792204	0.00977341013792551
FL	-19800	0.0318656155309885	0.0117381892385865	DHL	-19800	0.0266703544943369	0.00896337049016034
FL	-20000	0.0328728422405102	0.0123504539074458	DHL	-20000	0.0269677042861034	0.00787604050788097
FL	-20200	0.0336050753376715	0.0116178247856535	DHL	-20200	0.0274571436122316	0.00826467865370735
FL	-20400	0.0334582755031246	0.010919730315794	DHL	-20400	0.027821639779446	0.00873797298467611
FL	-20600	0.0330842306377677	0.0114598572324673	DHL	-20600	0.0278031458625206	0.0076329366344914
FL	-20800	0.0334973030435509	0.0107400058920235	DHL	-20800	0.0273927489721436	0.0102401808654579
FL	-21000	0.0348523873461412	0.0113839955562783	DHL	-21000	0.02786954178222	0.00897859956679582
FL	-21200	0.0347366838700384	0.013371780803098	DHL	-21200	0.0276332872696878	0.00871618741782148
FL	-21400	0.0335179215250503	0.0148810085489228	DHL	-21400	0.0278433580964994	0.00821160500777222
FL	-21600	0.0328993883679312	0.0167126987236597	DHL	-21600	0.0297885794699315	0.00830250948930591
FL	-21800	0.0327329494369583	0.0154972712032005	DHL	-21800	0.0303898022561425	0.00905288314676529
FL	-22000	0.0324716688344083	0.0153621876002494	DHL	-22000	0.0306241299343801	0.00964252465002144
FL	-22200	0.0314940513568797	0.0135246532049646	DHL	-22200	0.031348967171632	0.00842833799522387
FL	-22400	0.032030709796401	0.0128861441163672	DHL	-22400	0.0327709377995724	0.0113699254186492
FL	-22600	0.0321381538213246	0.0137858044459362	DHL	-22600	0.0342855311153182	0.0119565305567328
FL	-22800	0.0329682487345741	0.0122494361022569	DHL	-22800	0.0336303021090355	0.0117484743801641
FL	-23000	0.0324326407598509	0.0140868992998486	DHL	-23000	0.0320008909227437	0.0107041685737467
FL	-23200	0.0315963652834979	0.0139571958647981	DHL	-23200	0.0320211750583655	0.011478351682879
FL	-23400	0.0323304191710836	0.0140171916868811	DHL	-23400	0.0299063126460255	0.00874378390136104
FL	-23600	0.0312491277642833	0.0137110083555365	DHL	-23600	0.02939197067225	0.00832826392216764
FL	-23800	0.0291963007901735	0.0134060585803264	DHL	-23800	0.0302657312711181	0.0080065202086517
FL	-24000	0.0289397637217735	0.0133406234807673	DHL	-24000	0.0290230503640761	0.0072627811588122
FL	-24200	0.0294992376205881	0.0135710376917092	DHL	-24200	0.0296819679298606	0.00767821025291058
FL	-24400	0.0292555319390978	0.013746129018681	DHL	-24400	0.0291798159367344	0.0084216752947792
FL	-24600	0.0281313565579107	0.0150907806569575	DHL	-24600	0.0264030418655445	0.00652262059805385
FL	-24800	0.0270732478263064	0.0146374397710622	DHL	-24800	0.0258735001572075	0.00686282544154729
FL	-25000	0.0260648872463912	0.014259565401216	DHL	-25000	0.0257485729159081	0.00750911332236745
FL	-25200	0.0283778315067064	0.0103004696443515	DHL	-25200	0.0272171588617158	0.00678920496599159
FL	-25400	0.0284099129086387	0.0110466460635369	DHL	-25400	0.026599689710569	0.00552667377577743
FL	-25600	0.0297886661680139	0.0102492148470213	DHL	-25600	0.0258062011859383	0.00412316737219085
FL	-25800	0.0303047707226385	0.0106301660031431	DHL	-25800	0.0255309796362515	0.00531809003948181
FL	-26000	0.0305830756474267	0.010525134128791	DHL	-26000	0.0270078778999862	0.00651208740422306
FL	-26200	0.0325415421184446	0.0121090579284227	DHL	-26200	0.0280861506689178	0.00833122467696046
FL	-26400	0.0332060761173877	0.0112133102450804	DHL	-26400	0.0263171090290542	0.00793904628439315
FL	-26600	0.0351067888509716	0.0102283689646439	DHL	-26600	0.0279390543549755	0.00842466327046098
FL	-26800	0.0346328788279965	0.0123623644265382	DHL	-26800	0.027650591552609	0.00838245259195343
FL	-27000	0.0365306198407045	0.0110575023664251	DHL	-27000	0.0267863499864627	0.0063363172412776
FL	-27200	0.0369742821659003	0.0104184104295911	DHL	-27200	0.0273320266475981	0.00628146221174359
FL	-27400	0.0377670542427475	0.0116494299829693	DHL	-27400	0.0259552073372417	0.00649901927404347
FL	-27600	0.0377069883780005	0.012887515774154	DHL	-27600	0.0252835977092401	0.00516707025976857
FL	-27800	0.0353349123267145	0.0155381313505123	DHL	-27800	0.0225663319943194	0.00444113809555999
FL	-28000	0.0342743819464783	0.0156894445149987	DHL	-28000	0.0227547368261515	0.00465933524839277
FL	-28200	0.0322648533107679	0.0166704416336525	DHL	-28200	0.0221612664771881	0.00554095343716599
FL	-28400	0.031540609091869	0.0162764611086258	DHL	-28400	0.0208687300212365	0.0048642971866527
FL	-28600	0.0299837645893784	0.0149809395570364	DHL	-28600	0.0214744159957784	0.00366890856403897
FL	-28800	0.0304504874520741	0.0147725899796984	DHL	-28800	0.0217819102822112	0.00417414358573426
FL	-29000	0.0299322384509032	0.0146310450230075	DHL	-29000	0.0216855342122129	0.00375605727477841
FL	-29200	0.0285120053389648	0.0134608283850177	DHL	-29200	0.0215849037397902	0.00347318857108573
FL	-29400	0.0297318386913023	0.0119465543007892	DHL	-29400	0.0215844055125634	0.0032761399977532
FL	-29600	0.0308336242875941	0.00956100387907818	DHL	-29600	0.0218728524071647	0.00273325905365708
FL	-29800	0.0315975848205384	0.00955427999993571	DHL	-29800	0.0229154541933177	0.00321401533256112
FL	-30000	0.0313053398879076	0.0111602117921172	DHL	-30000	0.0218769428287634	0.00358440829860259
FL	-30200	0.0294455196280843	0.0121380709490901	DHL	-30200	0.0225890858329505	0.00327333237930335
FL	-30400	0.0291853071931822	0.011225178065677	DHL	-30400	0.0230917599946736	0.00422410110985778
FL	-30600	0.029271279620688	0.0111442764532577	DHL	-30600	0.0245150158624426	0.00489104248464008
FL	-30800	0.029481074791809	0.0123750022490354	DHL	-30800	0.0260227472890668	0.00586456561873148
FL	-31000	0.0302132416895172	0.00920611561397827	DHL	-31000	0.0279714643526018	0.00726580104345436
FL	-31200	0.0306995493689227	0.0089280221377779	DHL	-31200	0.028931326661647	0.00753923802462435
FL	-31400	0.0321722105018283	0.0101894420767624	DHL	-31400	0.0292389182603273	0.00752594442026283
FL	-31600	0.0326782538500866	0.0109943922407887	DHL	-31600	0.0289002075257769	0.00873129221280464
FL	-31800	0.0321448500857898	0.0110687917292762	DHL	-31800	0.0282416357409149	0.00773399540248091
FL	-32000	0.030915058020864	0.010543349806908	DHL	-32000	0.0281612120668702	0.0096236693082688
FL	-32200	0.0309581607050736	0.00924010549131739	DHL	-32200	0.0281441930404018	0.00948238418299166
FL	-32400	0.0307954512236844	0.00832702507344277	DHL	-32400	0.0273027378466369	0.00850592864215811
FL	-32600	0.031318118624002	0.00825057849836815	DHL	-32600	0.0278337930877096	0.0115046397378105
FL	-32800	0.0320522741842288	0.00907796570152928	DHL	-32800	0.0256639644906662	0.012612400864563
FL	-33000	0.0327118242534308	0.00885611478218561	DHL	-33000	0.0272249590860169	0.00971521168048383
FL	-33200	0.0307973469111651	0.00907782453606799	DHL	-33200	0.0267406751887354	0.00891454315583886
FL	-33400	0.0295375298177003	0.0130195546897967	DHL	-33400	0.0252592756220916	0.00823616633348031
FL	-33600	0.0308231376874561	0.0123602128785667	DHL	-33600	0.0244005101883951	0.00946641708984653
FL	-33800	0.0296286963552919	0.0121784669132326	DHL	-33800	0.023971175687949	0.00872109166701845
FL	-34000	0.0274871804401024	0.0115971589145127	DHL	-34000	0.0243928864170323	0.00658564576914456
FL	-34200	0.0271763404296329	0.0118795996991603	DHL	-34200	0.0230587977251586	0.00580449567074854
FL	-34400	0.029618281471634	0.0110765732332203	DHL	-34400	0.0233916157841638	0.00629600697724485
FL	-34600	0.0309065001859121	0.0103451691438202	DHL	-34600	0.024784080492454	0.00683999298561117
FL	-34800	0.032085934124836	0.0118187174277163	DHL	-34800	0.0255338146546839	0.00729898260643569
FL	-35000	0.0313486073094209	0.0113586714678385	DHL	-35000	0.0254690125789787	0.00724362096083663
FL	-35200	0.0303386791125548	0.0132679656108795	DHL	-35200	0.0255315144430294	0.00748561800323943
FL	-35400	0.0311496521530118	0.0146535355791949	DHL	-35400	0.023541325426674	0.00642655895724277
FL	-35600	0.0296558952714385	0.0139099367506885	DHL	-35600	0.0228831862867345	0.0054946894152116
FL	-35800	0.0297633890346759	0.0168444382062286	DHL	-35800	0.0214804883810778	0.00636671750073754
FL	-36000	0.0299421844800638	0.0169075757374943	DHL	-36000	0.0217395136177288	0.00573156669447906
FL	-36200	0.0303546631151948	0.0178338618208802	DHL	-36200	0.0223399283530569	0.00433564695860161
FL	-36400	0.0310280903700923	0.0154560919632336	DHL	-36400	0.0221226858610718	0.00323831477021185
FL	-36600	0.0322296713244612	0.0161056899573884	DHL	-36600	0.022342483037994	0.00515475171516551
FL	-36800	0.0330295920100483	0.0133396351325082	DHL	-36800	0.0227808757030582	0.00566477992557619
FL	-37000	0.0330624116712062	0.0135848169163311	DHL	-37000	0.0217738641803602	0.00432627774272799
FL	-37200	0.0317157679949543	0.0118752974457584	DHL	-37200	0.02170863652806	0.00389531652387897
FL	-37400	0.0315659746838967	0.0155982317234104	DHL	-37400	0.0210247993279257	0.00301345673629826
FL	-37600	0.0315559612618157	0.015717244656214	DHL	-37600	0.0222734603296791	0.00427910726728865
FL	-37800	0.03156048732823	0.0152245704448273	DHL	-37800	0.0226697528683584	0.00470403989808425
FL	-38000	0.0311109730472999	0.0169483605829481	DHL	-38000	0.0216125421735002	0.00501408890996757
FL	-38200	0.0317500166721999	0.0165708067564235	DHL	-38200	0.0216046055508958	0.00521955556063372
FL	-38400	0.0316258335907799	0.0165948138958757	DHL	-38400	0.0210341846692707	0.00539624092217652
FL	-38600	0.0326547508386197	0.0169143825715041	DHL	-38600	0.0231640764201871	0.00606365427890213
FL	-38800	0.0322072112647764	0.0178154233630952	DHL	-38800	0.0244560343836735	0.00738195688440557
FL	-39000	0.0334165958607026	0.0173645226385141	DHL	-39000	0.0270790143662737	0.00848626690365326
FL	-39200	0.0338723919848065	0.0182051588696104	DHL	-39200	0.0275030282025175	0.00851357984857994
FL	-39400	0.0346294608710964	0.0177680527964831	DHL	-39400	0.0271665752748194	0.00807396484670479
FL	-39600	0.0336581795424719	0.016772979018641	DHL	-39600	0.0258159098011915	0.00771065515832918
FL	-39800	0.0339436114281997	0.0140863816729402	DHL	-39800	0.0259761089613738	0.00727690020418721
FL	-40000	0.0330148416026673	0.0165986315452831	DHL	-40000	0.0256913898202843	0.00650220999625545
FL	-40200	0.031630856849473	0.0174304288447932	DHL	-40200	0.0253021189155291	0.00553326087881236
FL	-40400	0.0318812833507624	0.0188152119946568	DHL	-40400	0.025217210184667	0.00525399149426738
FL	-40600	0.0339876596092259	0.0147181643770052	DHL	-40600	0.0249128211789745	0.00489309582125825
FL	-40800	0.0351619149269344	0.0147107485162588	DHL	-40800	0.0250387103741705	0.00414977981486427
FL	-41000	0.0333792520125571	0.0131629822137683	DHL	-41000	0.0229192693281757	0.00411049401124032
FL	-41200	0.0325945589835992	0.0130425421253391	DHL	-41200	0.0218946404215026	0.00305080793353308
FL	-41400	0.0324410189056301	0.0131818436590948	DHL	-41400	0.0212141147955658	0.00391128438971981
FL	-41600	0.0344445516085522	0.0127344179428571	DHL	-41600	0.0209979515951534	0.00460982810603839
FL	-41800	0.0341145136205673	0.0135072183265888	DHL	-41800	0.0197689603551429	0.00520943995949739
FL	-42000	0.0352051628862296	0.014378770771152	DHL	-42000	0.0191530287804839	0.0044759100549184
FL	-42200	0.0320206480365213	0.0167254415896431	DHL	-42200	0.0200229104899512	0.00565392848297083
FL	-42400	0.0340716574262949	0.0152961783592753	DHL	-42400	0.02034374759379	0.00458075914460201
FL	-42600	0.0342585839870952	0.0133074941863946	DHL	-42600	0.0198623920504876	0.00432705549963905
FL	-42800	0.0345901262940813	0.0140582542682509	DHL	-42800	0.0185463426318831	0.00488221699277641
FL	-43000	0.0353779120626256	0.0150835148792214	DHL	-43000	0.0196280071325241	0.00547112484938462
FL	-43200	0.0348209803520762	0.0156707111683132	DHL	-43200	0.0191040909595851	0.00421523458377678
FL	-43400	0.0353307296870973	0.0155727633272862	DHL	-43400	0.0198251095347807	0.00508221071465728
FL	-43600	0.0357363358866497	0.0123809590614251	DHL	-43600	0.0185226728693385	0.00578977533097285
FL	-43800	0.0338140703836732	0.0165188318193531	DHL	-43800	0.0185608919167592	0.00626463754975324
FL	-44000	0.0342817618904993	0.0173167940866206	DHL	-44000	0.0172947955070401	0.00592036567315512
FL	-44200	0.0331429941056589	0.0166842833267277	DHL	-44200	0.0172597703200835	0.00424284783832328
FL	-44400	0.0318816981038569	0.015160719989524	DHL	-44400	0.019192875071532	0.00532785838552498
FL	-44600	0.0306112375236294	0.0144743375478398	DHL	-44600	0.0202910680035494	0.00708389932414015
FL	-44800	0.0317681996889839	0.0109612597497174	DHL	-44800	0.0209920566083837	0.00843471316260108
FL	-45000	0.0319800859187314	0.00985625356934367	DHL	-45000	0.0224525086672749	0.0107469194167388
FL	-45200	0.0303834783663697	0.0116482853724212	DHL	-45200	0.0231180509447423	0.00989755348218628
FL	-45400	0.0302872532065817	0.0107039965895345	DHL	-45400	0.0234285285892491	0.00945766796592993
FL	-45600	0.029644231336631	0.00946954629754208	DHL	-45600	0.0233731180887677	0.00986637395728045
FL	-45800	0.0293362123021602	0.00761495428763473	DHL	-45800	0.0237381038119654	0.0109487661102552
FL	-46000	0.0295990741278397	0.00787155643586662	DHL	-46000	0.0236925777517959	0.00874641361282446
FL	-46200	0.0288776094901325	0.00740481892816933	DHL	-46200	0.0235868375880811	0.00869018232168715
FL	-46400	0.0291176664931903	0.00631689375815547	DHL	-46400	0.024217460867241	0.00818692941243985
FL	-46600	0.0291967621095877	0.00647935884790812	DHL	-46600	0.0260144107350323	0.00878921068610029
FL	-46800	0.0298141945333222	0.00826838500952727	DHL	-46800	0.0261021251353404	0.00780062590772717
FL	-47000	0.0282024786114467	0.00752491099335001	DHL	-47000	0.0237610234495009	0.00645222525258347
FL	-47200	0.0284738702098108	0.00583216316798662	DHL	-47200	0.0238816619015169	0.00536087144580002
FL	-47400	0.0283711963917882	0.00643982147852792	DHL	-47400	0.0259384911485375	0.00632014361132864
FL	-47600	0.0265043753845058	0.00705608512970041	DHL	-47600	0.0269997855249736	0.00670700040765624
FL	-47800	0.0245614376748889	0.0084299835622836	DHL	-47800	0.0255074966202578	0.00666089526776101
FL	-48000	0.0233721464549637	0.00755603707519983	DHL	-48000	0.027421271955625	0.00801677154866199
FL	-48200	0.0240082844202684	0.00972000844555166	DHL	-48200	0.0256133775990974	0.00708096660256769
FL	-48400	0.0229795092796796	0.01333857363638	DHL	-48400	0.0256202220911716	0.00760141913487376
FL	-48600	0.023692088163628	0.0136917013768532	DHL	-48600	0.0262468065138286	0.00677315945120712
FL	-48800	0.0244305333781295	0.0142304915955016	DHL	-48800	0.0264072840882228	0.00811045472978932
FL	-49000	0.0238264969357469	0.0137908933114395	DHL	-49000	0.0260957824913875	0.00655945034221944
FL	-49200	0.0231715579178419	0.0138003383635585	DHL	-49200	0.0270231147436616	0.00650780865691114
FL	-49400	0.0232065914686366	0.0119595603715869	DHL	-49400	0.0259206859226769	0.00469162711930716
FL	-49600	0.0246440876751334	0.0125082060300606	DHL	-49600	0.0272971074971208	0.00536823011234014
FL	-49800	0.0258873242720468	0.0127776137402298	DHL	-49800	0.0259579246063071	0.0055335351336813
FL	-50000	0.0257862481294579	0.0118109896219338	DHL	-50000	0.0253066511807121	0.00442075646256832
FL	-50200	0.0263317942845438	0.011908600514516	DHL	-50200	0.0258727181079799	0.0058991108230665
FL	-50400	0.0275647043449975	0.0134143324139121	DHL	-50400	0.0247062944555502	0.00558464121266155
FL	-50600	0.0308685398997534	0.0120493165793985	DHL	-50600	0.0233271748810528	0.00435540182678269
FL	-50800	0.0313005876796307	0.0126970420013305	DHL	-50800	0.02400807179237	0.00510377380783166
FL	-51000	0.0319348939084352	0.0135387726251338	DHL	-51000	0.0245987486648715	0.00548106446164411
FL	-51200	0.0312843737144837	0.010878448121395	DHL	-51200	0.0251304217508843	0.00666874656549648
FL	-51400	0.0318668880659699	0.0082430619924465	DHL	-51400	0.0247591685953688	0.00675424549875435
FL	-51600	0.0305642884720092	0.00749035633780822	DHL	-51600	0.0236772961361733	0.00608941575936912
FL	-51800	0.0323651608061767	0.00853222534853906	DHL	-51800	0.0229093064969635	0.00708891799919995
FL	-52000	0.0286737071831024	0.00725213572537216	DHL	-52000	0.02304667880919	0.00725502614586767
FL	-52200	0.0286953536001366	0.0078840700926869	DHL	-52200	0.0212863607218359	0.00683192770156265
FL	-52400	0.0300473306891681	0.0091472775319313	DHL	-52400	0.0209953900130019	0.00528255418042152
FL	-52600	0.0314782813680807	0.0100173977557297	DHL	-52600	0.0219779458503965	0.00513442834473781
FL	-52800	0.0328096145869855	0.0111628452848684	DHL	-52800	0.0228583730999102	0.00568807354370521
FL	-53000	0.0309250250858663	0.0103975563694175	DHL	-53000	0.0226640853173645	0.00606598033583303
FL	-53200	0.0295992608043262	0.012601545172487	DHL	-53200	0.0222694672051148	0.00504765298832843
FL	-53400	0.0298707189335147	0.0122679960123763	DHL	-53400	0.0232783966822904	0.00564550092286894
FL	-53600	0.0279563721919543	0.00964774401425486	DHL	-53600	0.0232597719660582	0.00538409209501236
FL	-53800	0.0289655109578081	0.00946882270218701	DHL	-53800	0.0216124488349067	0.00354293961043037
FL	-54000	0.0284125651038721	0.00932149997992949	DHL	-54000	0.0216387676027937	0.00376201869583784
FL	-54200	0.0278021140262036	0.00930760387115613	DHL	-54200	0.0214955263515935	0.00418205395323824
FL	-54400	0.0269520821493106	0.00939106276364238	DHL	-54400	0.0215252580115572	0.00275589824061095
FL	-54600	0.0274042853558122	0.0096110782398481	DHL	-54600	0.0215919096920962	0.00303357359388995
FL	-54800	0.026125920388684	0.0135772812052775	DHL	-54800	0.0209707040294508	0.00498369762084689
FL	-55000	0.0279635914304106	0.0108831061400886	DHL	-55000	0.0194837479730359	0.00520596676598448
FL	-55200	0.0267805251767185	0.0102115189324858	DHL	-55200	0.0189806611897108	0.00609984679360608
FL	-55400	0.027338948221102	0.0109549097095289	DHL	-55400	0.0195864081361992	0.00411074714124485
FL	-55600	0.0302328161404835	0.00991726997155801	DHL	-55600	0.0199021196064227	0.00460161892543297
FL	-55800	0.0313801373528638	0.0114661958754775	DHL	-55800	0.0218393325684682	0.00376323135246409
FL	-56000	0.0298629885168884	0.01422442882668	DHL	-56000	0.0204204756874489	0.00368653655170336
FL	-56200	0.0295021618576712	0.0127129904291166	DHL	-56200	0.0205269733788757	0.00386383145719289
FL	-56400	0.0302860427661879	0.0133761882425124	DHL	-56400	0.0220953428343229	0.00458900945152619
FL	-56600	0.0313988685398376	0.0154190417476306	DHL	-56600	0.0223369267410108	0.00366987892600154
FL	-56800	0.0325247807130537	0.0156496064645549	DHL	-56800	0.0237359994005617	0.00495241305776447
FL	-57000	0.0312694853600675	0.0142684889841116	DHL	-57000	0.02375043304244	0.00457158083579143
FL	-57200	0.0297462924575452	0.0129271416015029	DHL	-57200	0.0239528726437065	0.00326851736228889
FL	-57400	0.0318702304328861	0.0132742653723251	DHL	-57400	0.0251920404768978	0.00430619250593803
FL	-57600	0.0321954685521382	0.014947941465565	DHL	-57600	0.0252113286138386	0.0061146592088247
FL	-57800	0.0321406578885951	0.015607194856299	DHL	-57800	0.0247339382783228	0.00717340914934369
FL	-58000	0.0340929009725035	0.0145297528160205	DHL	-58000	0.0246914134636884	0.00687050061689724
FL	-58200	0.035369168489083	0.0122036636276855	DHL	-58200	0.0239761971858153	0.00627883457511678
FL	-58400	0.035338157073735	0.0128657342380519	DHL	-58400	0.0230916918618244	0.00698027091035546
FL	-58600	0.0344083467872605	0.0112327251892243	DHL	-58600	0.021618448281219	0.00769795494055419
FL	-58800	0.0337753980578278	0.0115694319257583	DHL	-58800	0.0221159006803374	0.0102081035652353
FL	-59000	0.0289295367135474	0.0132024307219267	DHL	-59000	0.0215937648810224	0.00958685442802155
FL	-59200	0.0289531812628253	0.012026934892104	DHL	-59200	0.0210953348864915	0.0109847849827313
FL	-59400	0.0280810244565138	0.0112136511895297	DHL	-59400	0.0206304710051988	0.010796525909921
FL	-59600	0.0295823117480258	0.0124941709887605	DHL	-59600	0.0226460902947412	0.0107696984388313
FL	-59800	0.0306928302693261	0.0134868159965667	DHL	-59800	0.0233223312120835	0.011535744153086
FL	-60000	0.0319752893881544	0.0132379626235157	DHL	-60000	0.0217325139123789	0.0107858152048322
FL	-60200	0.032059303244337	0.013138214388918	DHL	-60200	0.0242058139423432	0.00955821395567782
FL	-60400	0.0342226352826187	0.00720654151412715	DHL	-60400	0.0229219930139006	0.00685786299384606
FL	-60600	0.0355980877394159	0.00715016213226762	DHL	-60600	0.0246375587314703	0.00838321280411861
FL	-60800	0.0332857493689533	0.00728505899122911	DHL	-60800	0.0254569340764302	0.00613994065771452
FL	-61000	0.0339856025633298	0.00816748240159533	DHL	-61000	0.0249835730625382	0.00778051230078879
FL	-61200	0.0321953846636959	0.00815861682520116	DHL	-61200	0.0240570524803025	0.00863554140147105
FL	-61400	0.0313766028012759	0.00664461642948061	DHL	-61400	0.0220585652145717	0.00776962627837603
FL	-61600	0.0299020512383881	0.00900435910325761	DHL	-61600	0.0206302501865561	0.00714755278859692
FL	-61800	0.0291462171550385	0.00870813674337279	DHL	-61800	0.0221393995399949	0.00764063760580566
FL	-62000	0.028839132047615	0.00883138330294573	DHL	-62000	0.0223736354085767	0.00846049931527914
FL	-62200	0.0295823680875822	0.00915889578087866	DHL	-62200	0.021167923272288	0.00919496856011224
FL	-62400	0.0296261075122136	0.00358822481953007	DHL	-62400	0.0206929332199925	0.00958267620589696
FL	-62600	0.0292438273649183	0.00408759787001748	DHL	-62600	0.0213761269109358	0.00985688699279662
FL	-62800	0.0299490732796508	0.00513112746123376	DHL	-62800	0.0221681740085317	0.0068612675336364
FL	-63000	0.0287658583841816	0.00901250798428624	DHL	-63000	0.0232609217408419	0.00622070741299524
FL	-63200	0.0269931115235097	0.0129219335682342	DHL	-63200	0.0230789027053273	0.00727321144561972
FL	-63400	0.0298687164001612	0.00931288116241584	DHL	-63400	0.0247564055698388	0.00572863486164628
FL	-63600	0.0295968667075478	0.00919018147538869	DHL	-63600	0.0244270819242504	0.00619467516259829
FL	-63800	0.029826484727836	0.0157647744112396	DHL	-63800	0.0256993427530288	0.0100594896535474
FL	-64000	0.0294470118914263	0.0156617974089562	DHL	-64000	0.0253539093433467	0.0120855538176531
FL	-64200	0.030975451755272	0.0165617738881721	DHL	-64200	0.0258728417421075	0.0125385121860073
FL	-64400	0.0295718939111188	0.0164248519693957	DHL	-64400	0.026665242938782	0.0114205880691847
FL	-64600	0.0293554867004951	0.0155316067380565	DHL	-64600	0.0278312601306965	0.0120177685296726
FL	-64800	0.02900026443248	0.01448043780045	DHL	-64800	0.027746723934792	0.0112017292601059
FL	-65000	0.0300829448584383	0.0109755887971585	DHL	-65000	0.0276745177345571	0.0113846978483181
FL	-65200	0.0292324915658274	0.0110078738886812	DHL	-65200	0.0263528506842699	0.0121454202553011
FL	-65400	0.0306808355289679	0.0132455517821673	DHL	-65400	0.0270579131273214	0.0122909139251782
FL	-65600	0.0324925692120967	0.0138308969570303	DHL	-65600	0.0291952349472288	0.0102906273855935
FL	-65800	0.0314589405660014	0.0131963225430567	DHL	-65800	0.0277832881308747	0.00973826135812206
FL	-66000	0.0311478323676982	0.0135422674646543	DHL	-66000	0.0256777458578776	0.0101574808380211
FL	-66200	0.0314956720314945	0.0132945608710404	DHL	-66200	0.024641914246385	0.00832512068753864
FL	-66400	0.0319104443384812	0.014367221086246	DHL	-66400	0.0244637247950012	0.00762458295252074
FL	-66600	0.03091231832658	0.0185369238262334	DHL	-66600	0.0261214469616234	0.00780041895212585
FL	-66800	0.0303508944034233	0.017409837761077	DHL	-66800	0.0247212582142123	0.00584619456293672
FL	-67000	0.029961659068978	0.0178065877818997	DHL	-67000	0.0227963959931377	0.00356635238487842
FL	-67200	0.0283523697529056	0.0174720475164938	DHL	-67200	0.025534048893094	0.00445921981290958
FL	-67400	0.0288970383644399	0.0174028393772957	DHL	-67400	0.0255129218358123	0.0051427943772282
FL	-67600	0.0267831421415646	0.0159952445578288	DHL	-67600	0.0265389126014675	0.00649567019081185
FL	-67800	0.0288878791142879	0.0167554651087833	DHL	-67800	0.0262062692194336	0.00581094993825892
FL	-68000	0.0290368828964597	0.0170853914279221	DHL	-68000	0.0258103317238228	0.00310557712749889
FL	-68200	0.0278717352299595	0.0172047437736486	DHL	-68200	0.0238651822333251	0.00436356129826933
FL	-68400	0.029453716827041	0.0179892043483385	DHL	-68400	0.0217588338965143	0.00475080120282763
FL	-68600	0.0284017852337844	0.0185187938477318	DHL	-68600	0.0197643443924062	0.0050213965408105
FL	-68800	0.0287188655239047	0.0187870109519158	DHL	-68800	0.0235903273481926	0.00499269320866741
FL	-69000	0.0293752490628114	0.0162365942481136	DHL	-69000	0.0249865944112996	0.00667144087196925
FL	-69200	0.0290063337352343	0.0146798779578266	DHL	-69200	0.0251243213392857	0.00649020869094454
FL	-69400	0.0285078823191686	0.0144244608858482	DHL	-69400	0.0250354667921861	0.00588281716405679
FL	-69600	0.0287831604549211	0.0148592716813164	DHL	-69600	0.0231944219923321	0.00478387929037939
FL	-69800	0.0275616756050008	0.0172353413102842	DHL	-69800	0.0216349148275562	0.00491322891362214
FL	-70000	0.0276196388427961	0.0113622698415787	DHL	-70000	0.0227430694702092	0.0049660659212143
FL	-70200	0.028624579676028	0.0119436193633232	DHL	-70200	0.0229286295285943	0.00450820367566389
FL	-70400	0.0265854177381187	0.0108306670832835	DHL	-70400	0.0220362114004643	0.00336543890465882
FL	-70600	0.0244837515907552	0.00963357719308742	DHL	-70600	0.022579743846635	0.00515380692613777
FL	-70800	0.0248052836545921	0.00957854193252948	DHL	-70800	0.0239955289291151	0.00827872307780878
FL	-71000	0.0254948792512986	0.0095828448060953	DHL	-71000	0.0235758137432959	0.00865652143778946
FL	-71200	0.0246603777926652	0.00933103239347846	DHL	-71200	0.0248533992949905	0.00768096359187949
FL	-71400	0.0249931079374699	0.010090922524799	DHL	-71400	0.0255107721511638	0.0085854424002137
FL	-71600	0.026256111338162	0.0115728983539978	DHL	-71600	0.0280721117162755	0.0122010142152764
FL	-71800	0.0260421733674514	0.0108536569151245	DHL	-71800	0.0281284442833871	0.0111139299059393
FL	-72000	0.0259256430527594	0.012475194392949	DHL	-72000	0.0276086783966578	0.0139463638976528
FL	-72200	0.0251287150035119	0.0110754296772809	DHL	-72200	0.0282663971872946	0.015554038747141
FL	-72400	0.0253648158504573	0.00960310400347591	DHL	-72400	0.0262317656530374	0.0158063422995193
FL	-72600	0.0245104689151089	0.00796953913353057	DHL	-72600	0.0258254957776707	0.0148022223447963
FL	-72800	0.0276619354151285	0.00916153252785469	DHL	-72800	0.027292861657407	0.0139605973724049
FL	-73000	0.0264352889955863	0.00872629612635021	DHL	-73000	0.02917435704057	0.0142173545657051
FL	-73200	0.0269146461626517	0.0100641299371267	DHL	-73200	0.0291088010319066	0.0125944639328126
FL	-73400	0.0257872116233964	0.0104544543150101	DHL	-73400	0.0279778530362049	0.0121328355929417
FL	-73600	0.0290900183729955	0.0156542838219843	DHL	-73600	0.0285015480802021	0.0113587843513346
FL	-73800	0.0297422908268909	0.0150886252694765	DHL	-73800	0.0272279850366993	0.00978915110237408
FL	-74000	0.0290730916267069	0.0111715374421026	DHL	-74000	0.0271773120129749	0.00919368667666921
FL	-74200	0.0280928518112398	0.0108228294323845	DHL	-74200	0.0295154925358971	0.010602356776528
FL	-74400	0.028711861115529	0.00944545080909032	DHL	-74400	0.025630126426979	0.00474462444380449
FL	-74600	0.0290416705530104	0.0102828637926945	DHL	-74600	0.0259123940348525	0.00311279970650585
FL	-74800	0.0268071054520837	0.0113745094658889	DHL	-74800	0.0249341099686017	0.0031223481093789
FL	-75000	0.0276735345159579	0.0122736282268239	DHL	-75000	0.0239835724319554	0.00382856224829694
FL	-75200	0.0294370169073042	0.013258628268896	DHL	-75200	0.0233983618965453	0.00614310210445971
FL	-75400	0.0274822157858492	0.0113673306488482	DHL	-75400	0.0235718246188684	0.00779553292470206
FL	-75600	0.0273109517963145	0.011345425420621	DHL	-75600	0.0243565030517052	0.0084770522511262
FL	-75800	0.0279822056115764	0.0118726886638494	DHL	-75800	0.023743547803246	0.008503197285566
FL	-76000	0.0303357430586801	0.011648428689467	DHL	-76000	0.0212637257096691	0.00986875812561254
FL	-76200	0.0307728342565369	0.0122360568817523	DHL	-76200	0.0211032147794092	0.0108193420483302
FL	-76400	0.0310303865509956	0.0124908682139475	DHL	-76400	0.0215117639169436	0.0105432038739325
FL	-76600	0.0301078223904763	0.0119663507579211	DHL	-76600	0.0217795721782822	0.0105054981453677
FL	-76800	0.0307028742231688	0.0140229508253984	DHL	-76800	0.0232569485019091	0.00846794221434725
FL	-77000	0.0289016310809905	0.0147639227178908	DHL	-77000	0.0228192711854616	0.00783417544848048
FL	-77200	0.0316864651509682	0.0122960828666487	DHL	-77200	0.0226317776971983	0.00789743669170874
FL	-77400	0.0318881193671258	0.0112985677972422	DHL	-77400	0.0235240953622137	0.00501475592401543
FL	-77600	0.0324499843806477	0.0120637032098794	DHL	-77600	0.0229816106504479	0.00429125074102011
FL	-77800	0.0342653618949068	0.0119343971743409	DHL	-77800	0.0249276656319629	0.00572149601498365
FL	-78000	0.0320953983876779	0.0105138690959567	DHL	-78000	0.0231713086092311	0.00688798487761739
FL	-78200	0.0321429936592051	0.00907992161001484	DHL	-78200	0.0238642430876376	0.00635309963305785
FL	-78400	0.0318885205082497	0.00855940046601788	DHL	-78400	0.0239377167410437	0.00623067404243943
FL	-78600	0.0316040240843241	0.00853574631980633	DHL	-78600	0.0244979540707254	0.00697325708380675
FL	-78800	0.0323155410563175	0.00973594199204335	DHL	-78800	0.0240465512860103	0.00746767870711819
FL	-79000	0.0336464557738327	0.00954758434190005	DHL	-79000	0.0244440000888458	0.00475638921816946
FL	-79200	0.0329589944731614	0.0090159000853979	DHL	-79200	0.0236478425738355	0.00373562418174356
FL	-79400	0.0331077840531049	0.0121844972059658	DHL	-79400	0.0227347199113089	0.00411176368728839
FL	-79600	0.0317016630059042	0.0125861074094887	DHL	-79600	0.0227680337548469	0.00531152155084397
FL	-79800	0.0326519424282562	0.0119699257912819	DHL	-79800	0.0229334967252157	0.00534735304475312
FL	-80000	0.0311718528970992	0.0172510898025932	DHL	-80000	0.0212522646990465	0.00654726282421483
FL	-80200	0.0298799717476956	0.0170024976885796	DHL	-80200	0.0205823068541569	0.00675468129030025
FL	-80400	0.0302187349435028	0.0170251697133556	DHL	-80400	0.0201897357817276	0.00342040690942007
FL	-80600	0.0291861290999031	0.0171576303216896	DHL	-80600	0.0214223267946133	0.00405952758525895
FL	-80800	0.030633180232523	0.0125267520566426	DHL	-80800	0.0239108255387184	0.00496603617922011
FL	-81000	0.0309314998993531	0.0135889179928297	DHL	-81000	0.0226493882196064	0.00593092549212667
FL	-81200	0.0297327171025449	0.012252792539227	DHL	-81200	0.0232089416211037	0.00713055038632125
FL	-81400	0.0288189480758517	0.0106683309833528	DHL	-81400	0.0246635949752618	0.00758423039121694
FL	-81600	0.0317007127659948	0.00830937818482772	DHL	-81600	0.0240889205841505	0.00565771197146863
FL	-81800	0.032564132138956	0.0103888623647482	DHL	-81800	0.0231933658979528	0.0052614277474163
FL	-82000	0.0310394515225259	0.0103905758424334	DHL	-82000	0.0219432462865382	0.00432591347242841
FL	-82200	0.029455603596405	0.00910093975023426	DHL	-82200	0.0213324435531614	0.00225257373324094
FL	-82400	0.0296762576818071	0.011200708154152	DHL	-82400	0.0221755719698718	0.0023105624563052
FL	-82600	0.0280727572734965	0.0134013278237284	DHL	-82600	0.0252719600642742	0.00366565189339773
FL	-82800	0.0270567628402644	0.0111241426106107	DHL	-82800	0.0251735376025143	0.00344225996267935
FL	-83000	0.0285241553047146	0.0127214591831811	DHL	-83000	0.0266884826438301	0.00392577685621496
FL	-83200	0.0282166687340235	0.0136916463801962	DHL	-83200	0.0277882899369218	0.00558605754541983
FL	-83400	0.0273732616402672	0.0133372764449749	DHL	-83400	0.0292077517604568	0.0052624587219425
FL	-83600	0.0273643301935682	0.0121598278304791	DHL	-83600	0.0262702175634825	0.00287571245480443
FL	-83800	0.0307982926644574	0.0118199317674032	DHL	-83800	0.0253645760952006	0.00201750808540824
FL	-84000	0.0330274200990394	0.0129430286510159	DHL	-84000	0.0265676403012562	0.00315774982909842
FL	-84200	0.0335847116596962	0.0140644477391818	DHL	-84200	0.0261438080954329	0.00429266052963446
FL	-84400	0.0315249670961503	0.0123667808555932	DHL	-84400	0.0256947593041724	0.00522042734712186
FL	-84600	0.0310539536842469	0.0132005304772399	DHL	-84600	0.0243567889408761	0.00563471974993171
FL	-84800	0.0312321073849348	0.0129783706247897	DHL	-84800	0.0235143993626426	0.00696091444135981
FL	-85000	0.0313220236381913	0.0131078953802768	DHL	-85000	0.0248066948528065	0.00590455679968689
FL	-85200	0.0304515235139486	0.0122212022349025	DHL	-85200	0.0253425470806929	0.00443789691315485
FL	-85400	0.0306545347001925	0.0100312042948658	DHL	-85400	0.025502429857186	0.00798937886600473
FL	-85600	0.0298982177731245	0.0127223488552479	DHL	-85600	0.0248307977944602	0.00951818264861395
FL	-85800	0.0285023297075793	0.0131802549812872	DHL	-85800	0.0242986135886922	0.00735241780730838
FL	-86000	0.0287420273692169	0.0116499251725716	DHL	-86000	0.0243971482717466	0.00495227464768164
FL	-86200	0.0289572551069744	0.0116859807080833	DHL	-86200	0.0221854763691605	0.0076465847960311
FL	-86400	0.0276398073285233	0.0118237600154156	DHL	-86400	0.0238546551504868	0.00521969690708109
FL	-86600	0.024537744136363	0.0156036046003961	DHL	-86600	0.0250919360749339	0.00501853452390166
FL	-86800	0.0248874049164354	0.0161536826778062	DHL	-86800	0.0254361767367803	0.00731694716439748
FL	-87000	0.0244011987125114	0.016382319532345	DHL	-87000	0.0256426427476878	0.00583497956808515
FL	-87200	0.0257841866883703	0.016312547181341	DHL	-87200	0.0253126692405537	0.00411115437904702
FL	-87400	0.0288960202401536	0.0121863192337506	DHL	-87400	0.0241836625787659	0.0038647923917876
FL	-87600	0.0275508691633109	0.0104812971529602	DHL	-87600	0.0246370279103205	0.00824551896987075
FL	-87800	0.0274064227445866	0.0110434489243022	DHL	-87800	0.0240258708737103	0.00821050798320684
FL	-88000	0.0279548423488649	0.0119075727541753	DHL	-88000	0.0259440229383274	0.00796530720921908
FL	-88200	0.0305121015543363	0.0140313523343083	DHL	-88200	0.0253383743414905	0.00757991066970298
FL	-88400	0.0301030417213323	0.0136660208581952	DHL	-88400	0.0225938379953541	0.00992291708817692
FL	-88600	0.0271779607442086	0.0154381143729412	DHL	-88600	0.0251766093884084	0.00843528476303542
FL	-88800	0.0262339976738719	0.0149186287587077	DHL	-88800	0.0254666046702494	0.00748817178361307
FL	-89000	0.0261430113627357	0.0145341702108976	DHL	-89000	0.0243748317141155	0.00764424609537157
FL	-89200	0.0279906508365995	0.0106549149528869	DHL	-89200	0.0238610899279276	0.00739882404033125
FL	-89400	0.0302168011471429	0.0121706635910255	DHL	-89400	0.0230344112798405	0.00732065210253521
FL	-89600	0.0302026776354904	0.0110425713723196	DHL	-89600	0.0227782437480749	0.00623024161806499
FL	-89800	0.0272942700191171	0.0149715176663696	DHL	-89800	0.0240780514384408	0.00623976045903613
FL	-90000	0.0253993738012014	0.0148452103651006	DHL	-90000	0.0239234786100909	0.00757606508173635
FL	-90200	0.0287731169080655	0.0126423440673496	DHL	-90200	0.0249439891080408	0.00805847945807309
FL	-90400	0.0274910116847325	0.0125268632651109	DHL	-90400	0.0252836647583879	0.00593973921779084
FL	-90600	0.0263729707529394	0.0120415503218812	DHL	-90600	0.0248633843916555	0.00567491937393655
FL	-90800	0.0297905225306649	0.0118374279541852	DHL	-90800	0.0262540723456973	0.00480262139159159
FL	-91000	0.0322733791937698	0.0115560769385365	DHL	-91000	0.0257880607418332	0.00556074667456753
FL	-91200	0.0324345568128002	0.0126704854512157	DHL	-91200	0.0264093179041649	0.0064708604580107
FL	-91400	0.0304236449583205	0.0146494693655803	DHL	-91400	0.0264840527083961	0.00585573064800415
FL	-91600	0.0316862200881656	0.0164993130861105	DHL	-91600	0.0250383866762978	0.00598759331114285
FL	-91800	0.0297798297337955	0.0203962132443643	DHL	-91800	0.0245636240119263	0.00516594521123801
FL	-92000	0.0318705350408618	0.0217770717999677	DHL	-92000	0.0230717801095195	0.00647822823199781
FL	-92200	0.0311704027334175	0.0220104516975606	DHL	-92200	0.0212720330193556	0.0053393383964224
FL	-92400	0.0315302468324718	0.0201401401307107	DHL	-92400	0.0215931312651814	0.00682971052323655
FL	-92600	0.030643532779442	0.0201056411285075	DHL	-92600	0.0210392587408403	0.00758443443339006
FL	-92800	0.0331848860332919	0.0146630245459142	DHL	-92800	0.0211906268733357	0.00658825092362184
FL	-93000	0.0330894330849899	0.0144776739138371	DHL	-93000	0.0198187868159641	0.0070620619167323
FL	-93200	0.033248961070359	0.0144864358064914	DHL	-93200	0.0198971352207605	0.00738686074594429
FL	-93400	0.0327364872090326	0.0138987900142018	DHL	-93400	0.0208862815456062	0.00841110846248445
FL	-93600	0.0348229282956458	0.0118103529087626	DHL	-93600	0.020125218879136	0.00757237751093264
FL	-93800	0.0369808319893947	0.0116086633330652	DHL	-93800	0.0210617231938321	0.00722816328177029
FL	-94000	0.0348410950154164	0.0139487373567986	DHL	-94000	0.0221094278182307	0.00655908913193183
FL	-94200	0.0338919637473763	0.0131331695761153	DHL	-94200	0.0243427469737836	0.00452412799339472
FL	-94400	0.0369214812671737	0.0172969450825025	DHL	-94400	0.023911661966732	0.00501339621012947
FL	-94600	0.0363490924228771	0.0145610209884537	DHL	-94600	0.023685849017875	0.00511014376679419
FL	-94800	0.0353483567895168	0.0145192997474659	DHL	-94800	0.0239510452649758	0.0052699123794343
FL	-95000	0.0365958673790058	0.0178712069982041	DHL	-95000	0.0251890967568876	0.0035400447678754
FL	-95200	0.0355244443898675	0.0153541885603519	DHL	-95200	0.0269835297393625	0.00341950551765371
FL	-95400	0.0371741479634791	0.0158341239993386	DHL	-95400	0.0281447319311876	0.00478488849137775
FL	-95600	0.0359943536240939	0.0135856734042707	DHL	-95600	0.0270826149837479	0.00366023013814929
FL	-95800	0.0366118956057498	0.00844584863607707	DHL	-95800	0.0292744873557688	0.00565531095722088
FL	-96000	0.0351302103281716	0.0125704749451559	DHL	-96000	0.0305315854070779	0.00492020500260926
FL	-96200	0.0365069257107197	0.0155166896954381	DHL	-96200	0.0311887979264723	0.00780890645641407
FL	-96400	0.0368785320707663	0.0149652398713456	DHL	-96400	0.0300327306816495	0.00783448620852211
FL	-96600	0.0345687728649084	0.0202089979989635	DHL	-96600	0.0289806150551019	0.00896707644201911
FL	-96800	0.0354298608136316	0.0211337834421751	DHL	-96800	0.0285462973382056	0.0103929339096186
FL	-97000	0.0365169976144634	0.022248081285148	DHL	-97000	0.025151941280127	0.0103489303978102
FL	-97200	0.0342877374632244	0.0211419643090643	DHL	-97200	0.0218599616412051	0.0105524456949915
FL	-97400	0.0324102707152074	0.0200922016874056	DHL	-97400	0.0218804792670301	0.00899152782194826
FL	-97600	0.0304686782422738	0.019893646792238	DHL	-97600	0.0210374120127619	0.0080680300205047
FL	-97800	0.0302698916605482	0.0207304228681512	DHL	-97800	0.0221472551131999	0.0103869381311755
FL	-98000	0.0303811932986553	0.0219376841817317	DHL	-98000	0.0227512827851766	0.0110176487009885
FL	-98200	0.0317800751561826	0.0217558910503118	DHL	-98200	0.0236719614500455	0.0112300934301478
FL	-98400	0.0337507756414804	0.016745034632566	DHL	-98400	0.0235808489610737	0.00957867325501055
FL	-98600	0.0363652591641323	0.0155822733732573	DHL	-98600	0.0225525236300011	0.00939264382865028
FL	-98800	0.035522281273189	0.0143011926235574	DHL	-98800	0.0244846366921782	0.00731245789580937
FL	-99000	0.0366418042040976	0.0149573482828834	DHL	-99000	0.0267413920633906	0.00873518493169448
FL	-99200	0.0347481197897378	0.0147379757133034	DHL	-99200	0.0227655485339235	0.00500331381241309
FL	-99400	0.0308463410295904	0.0151883485109954	DHL	-99400	0.0204633423362776	0.00428293524746615
FL	-99600	0.0331360514162364	0.011357700338147	DHL	-99600	0.0200458813358482	0.00494626027921788
FL	-99800	0.0328484731996288	0.0104528033392118	DHL	-99800	0.0205766063117998	0.00723086108196075
FL	-100000	0.0318578477226867	0.00838776495535316	DHL	-100000	0.0206560808361761	0.00563271722877321
