V1	Distance	Burden.avg	Burden.sd	V1	Distance	Burden.avg	Burden.sd
FL	0	0.0357707051741238	0.010180205738582	DHL	0	0.160621552810534	0.151443554560844
FL	200	0.0363453523004684	0.0098932645899722	DHL	200	0.160481172473855	0.15172389947287
FL	400	0.0373192816252298	0.00893805252283064	DHL	400	0.16124246175262	0.150723515256398
FL	600	0.0387477792650494	0.00796713079049896	DHL	600	0.161374256338664	0.150897621535127
FL	800	0.0393211501158166	0.00808241125091109	DHL	800	0.161867183703009	0.151790356080452
FL	1000	0.0393451849911319	0.0078508504047788	DHL	1000	0.161197802052044	0.150800625073956
FL	1200	0.0394166434073392	0.00693739232308737	DHL	1200	0.16080871749347	0.149938175837025
FL	1400	0.0400657301124308	0.00730084967288016	DHL	1400	0.15844746247559	0.147387034515866
FL	1600	0.0399056851227944	0.00622793549573104	DHL	1600	0.157116476932423	0.146159306833596
FL	1800	0.0381624319870975	0.00624424958212851	DHL	1800	0.156781700683272	0.144973151951994
FL	2000	0.0382554467349642	0.0062049850578621	DHL	2000	0.154654777114811	0.142385646067028
FL	2200	0.0376572038539792	0.00684093200385353	DHL	2200	0.151817457320151	0.139724349986256
FL	2400	0.0367232139569644	0.00854467794781598	DHL	2400	0.149255725379635	0.135982970183553
FL	2600	0.0366028454593016	0.00948194500070045	DHL	2600	0.149391044092724	0.13492336170015
FL	2800	0.0362392619065144	0.0106231911902826	DHL	2800	0.147694694515434	0.132565041891773
FL	3000	0.0359355550115267	0.0105931171434318	DHL	3000	0.146392105902817	0.130387724752369
FL	3200	0.0367532537130188	0.0104061388585887	DHL	3200	0.145095728142588	0.128776149054685
FL	3400	0.0382240112425609	0.00968925089876522	DHL	3400	0.143890468720819	0.126426675666726
FL	3600	0.0381534951224733	0.00963689116660639	DHL	3600	0.141738359765565	0.122903860793923
FL	3800	0.0374712875811387	0.01116996917282	DHL	3800	0.137918613179736	0.119194820076833
FL	4000	0.0374747710399038	0.0105755678546926	DHL	4000	0.136066961462376	0.117108901929409
FL	4200	0.0377445320106505	0.00888280471039794	DHL	4200	0.1332636102955	0.11454250040568
FL	4400	0.0381117457201843	0.00866090395345446	DHL	4400	0.132400827405496	0.114654342380306
FL	4600	0.0388994424944294	0.00795559881803568	DHL	4600	0.13083886123213	0.113893616110149
FL	4800	0.039743673510249	0.00853641258283973	DHL	4800	0.128946451586862	0.111575815552998
FL	5000	0.0394859820624108	0.00914515936819939	DHL	5000	0.129196851380148	0.112180672215869
FL	5200	0.0389632985450127	0.0093444248323709	DHL	5200	0.128710234429662	0.110626714372152
FL	5400	0.0379756232974806	0.0107135614779456	DHL	5400	0.129350174751484	0.110312183869734
FL	5600	0.0369159912080576	0.0116366783414353	DHL	5600	0.128403796725819	0.107916372159486
FL	5800	0.036086832792033	0.0110580706282082	DHL	5800	0.126999618420585	0.107594562956839
FL	6000	0.0368254088734808	0.00960248930243476	DHL	6000	0.125906779338479	0.107020687948981
FL	6200	0.0376070284443976	0.00727304846597357	DHL	6200	0.126260686113774	0.106983402611017
FL	6400	0.0373495258477792	0.00784548445131995	DHL	6400	0.123622624516753	0.104485322936778
FL	6600	0.0377365260814632	0.00815463328617649	DHL	6600	0.123149714498816	0.103933628809587
FL	6800	0.0388843372192088	0.00745871769266278	DHL	6800	0.12197662683961	0.101668370863955
FL	7000	0.0396765119502409	0.0072755723422294	DHL	7000	0.119900450428716	0.0984297618129078
FL	7200	0.0402822351467352	0.00747384660305548	DHL	7200	0.120336646319734	0.0985216277694667
FL	7400	0.0397094068064059	0.00857148160726271	DHL	7400	0.120169572125034	0.0996923251784277
FL	7600	0.039686021776413	0.00885768811604412	DHL	7600	0.119624421115659	0.0987257064045123
FL	7800	0.0385279057940644	0.00943006421247736	DHL	7800	0.119754031987776	0.100417776855492
FL	8000	0.0390245472971378	0.00936683351393584	DHL	8000	0.119097418248618	0.101211637914271
FL	8200	0.0387065999044163	0.0104469512529852	DHL	8200	0.119134187995392	0.100930050769059
FL	8400	0.0369814199110006	0.0107829800873024	DHL	8400	0.117465196326987	0.0981570928617097
FL	8600	0.0365163904917331	0.0101458833007385	DHL	8600	0.115784510858793	0.0971002324889589
FL	8800	0.0373895813533367	0.00900818650903613	DHL	8800	0.115120028474168	0.0964569884628919
FL	9000	0.0366252745447167	0.00994495050089488	DHL	9000	0.113784641155892	0.0940572103040207
FL	9200	0.0377808089725236	0.00875439322075534	DHL	9200	0.113612861884908	0.0924582444390216
FL	9400	0.038901289793019	0.00766478342107656	DHL	9400	0.112527639525752	0.0900504518538502
FL	9600	0.0380105791564544	0.00759545302469035	DHL	9600	0.110455212783721	0.0869548682743463
FL	9800	0.0375638974264432	0.0084884987346633	DHL	9800	0.106583095698914	0.0817233364352757
FL	10000	0.0378664442649386	0.00827551815917599	DHL	10000	0.103769859947547	0.0781158687343535
FL	10200	0.0380436665249371	0.00961444940687561	DHL	10200	0.104403359907247	0.0801635703828458
FL	10400	0.0380726547757569	0.0111162343470453	DHL	10400	0.10465382626064	0.0810226389306344
FL	10600	0.038534007797567	0.011578278947794	DHL	10600	0.104604626288166	0.0807498453410481
FL	10800	0.0373699136790828	0.0103282993333892	DHL	10800	0.102492510259648	0.0787457505586595
FL	11000	0.0380280918811041	0.0116181124197909	DHL	11000	0.101374494962431	0.0805573936086255
FL	11200	0.0385552867532846	0.010757177754458	DHL	11200	0.0986433095993429	0.0783782955949288
FL	11400	0.0386644368468398	0.0120367975245431	DHL	11400	0.0937776864160729	0.0733738658385529
FL	11600	0.039199255769004	0.0120561472547922	DHL	11600	0.0923549405777058	0.0734811196332485
FL	11800	0.0383956420143785	0.0131098199649772	DHL	11800	0.0915319475310452	0.0714486961789633
FL	12000	0.0351813986894881	0.0144446857435093	DHL	12000	0.0914502880454677	0.0705713368471732
FL	12200	0.0352687301502408	0.0140096529429878	DHL	12200	0.0915319862827064	0.0695251916390804
FL	12400	0.0372827655920707	0.0123434677834858	DHL	12400	0.0885885187596738	0.0667993521819715
FL	12600	0.0369581970262379	0.0113421422526605	DHL	12600	0.0882785358231302	0.0672083432644595
FL	12800	0.0375546316863226	0.0126762253991628	DHL	12800	0.0871234068132599	0.066163060829727
FL	13000	0.0373087176420263	0.0109036282570904	DHL	13000	0.084304041362449	0.0659948230948783
FL	13200	0.0388849926137982	0.0116979797132031	DHL	13200	0.0828705306099546	0.065113543964664
FL	13400	0.0368596815695882	0.00994247462770859	DHL	13400	0.0785776670153226	0.0629506365424402
FL	13600	0.0379514730715565	0.00942475754923522	DHL	13600	0.0735380263626888	0.0563341500623657
FL	13800	0.0374735694546438	0.00904230986632874	DHL	13800	0.0719245998832114	0.0545649322588307
FL	14000	0.0364353118963477	0.00859428673571078	DHL	14000	0.0718236819023375	0.0530547367408215
FL	14200	0.0335797548515477	0.0092868829520577	DHL	14200	0.0696386229591289	0.0507666241724885
FL	14400	0.034925764987174	0.00925151385077157	DHL	14400	0.0695513006439809	0.0514622725920835
FL	14600	0.0349688437379544	0.00951001246876499	DHL	14600	0.0679781678271829	0.0496171858983895
FL	14800	0.0350808063090467	0.01135827382499	DHL	14800	0.0668914794650671	0.0478045198138737
FL	15000	0.0346448457194762	0.0106607527436349	DHL	15000	0.068356442829353	0.0497083238894862
FL	15200	0.0355928410573422	0.00996181390475896	DHL	15200	0.0681631262926769	0.0474526429167192
FL	15400	0.035855724345895	0.00925146643493228	DHL	15400	0.0670710847439021	0.0455585064617097
FL	15600	0.0360915395681809	0.0101324445341913	DHL	15600	0.0675414162661159	0.0454781495659832
FL	15800	0.0356391837895006	0.0115845200893705	DHL	15800	0.0661030860192161	0.0444533927616758
FL	16000	0.0338696079218833	0.0102686550735491	DHL	16000	0.065438587403751	0.0417371245414599
FL	16200	0.0348880824127639	0.0118569792354549	DHL	16200	0.0649100158718517	0.0412166937208876
FL	16400	0.0347844946601606	0.0121450776509657	DHL	16400	0.0653930547927204	0.0417257035123024
FL	16600	0.0367787083371649	0.0108625434856369	DHL	16600	0.0652975108779985	0.0405184248857068
FL	16800	0.0374590996808099	0.0123518577749697	DHL	16800	0.0648698118534107	0.0409802219715563
FL	17000	0.036677386019388	0.011987893341298	DHL	17000	0.0660685729322051	0.0418697921661039
FL	17200	0.0368111242477178	0.0108683659671266	DHL	17200	0.0657574579125019	0.0415118044750686
FL	17400	0.0361509509186355	0.0122145089185088	DHL	17400	0.0644111469562438	0.0414247530868931
FL	17600	0.0343441145853304	0.0105866617014929	DHL	17600	0.0651367142367739	0.0416013512373824
FL	17800	0.0340803490924153	0.0105703583996573	DHL	17800	0.0648001440172189	0.0428990323911514
FL	18000	0.034459958521642	0.0122360189700847	DHL	18000	0.0644558198365818	0.0411014453896582
FL	18200	0.0337441744167629	0.0120142977187052	DHL	18200	0.0634239934092425	0.040137168929092
FL	18400	0.0341416268306824	0.01168726251413	DHL	18400	0.0626142534496305	0.0394701804579716
FL	18600	0.0346631150727704	0.0120059477486776	DHL	18600	0.0639194996499775	0.0427655354325239
FL	18800	0.0358893368831804	0.00971610898371719	DHL	18800	0.0634526764657944	0.0423223303828566
FL	19000	0.0358067520225436	0.0104390645694754	DHL	19000	0.0636600858979055	0.0424270380412909
FL	19200	0.0358514909935655	0.0124821802585483	DHL	19200	0.0639113798360264	0.0416634205518107
FL	19400	0.0354962209146325	0.00967375973348505	DHL	19400	0.0638267168360819	0.0419820499474414
FL	19600	0.037222142926638	0.00860036126190534	DHL	19600	0.0629206909620429	0.0407483442267111
FL	19800	0.0379413467160736	0.00733117968767061	DHL	19800	0.064230880333761	0.0417079988256411
FL	20000	0.0376019438833521	0.00786899854676559	DHL	20000	0.0647096072035317	0.0399333444068431
FL	20200	0.0380116488767905	0.00945443692415893	DHL	20200	0.0641843630872106	0.0382339254651577
FL	20400	0.0382177448014046	0.0110448592224668	DHL	20400	0.0630695797896592	0.0390399041711904
FL	20600	0.0380496711236142	0.0116224061889458	DHL	20600	0.0628340781299948	0.0394596802057525
FL	20800	0.0391202251883663	0.0125603932082195	DHL	20800	0.0620764069796066	0.0396359847418876
FL	21000	0.0378001407278947	0.0122624146501699	DHL	21000	0.0634091021986975	0.0406882529405126
FL	21200	0.0386939054502202	0.0130750781596503	DHL	21200	0.0648147727275005	0.0428137059382168
FL	21400	0.0382680669652975	0.0128956454742787	DHL	21400	0.0640351028737255	0.040447731609883
FL	21600	0.03834689272564	0.0121439401985423	DHL	21600	0.0634054045249984	0.0369642940763896
FL	21800	0.0388551448589501	0.00983612511175914	DHL	21800	0.06171082800297	0.0368897285854158
FL	22000	0.0378623764138648	0.0110855804402592	DHL	22000	0.0623558249404625	0.0392668059754793
FL	22200	0.0400438037458574	0.0112434019766674	DHL	22200	0.0622090862100163	0.0393970299818336
FL	22400	0.0404390417351941	0.0124684967704074	DHL	22400	0.0611713490409398	0.0382615402948418
FL	22600	0.0406026205727563	0.0126365959735595	DHL	22600	0.0601783028996407	0.0372525706413947
FL	22800	0.0416618459187295	0.0144385803552488	DHL	22800	0.0595820755119128	0.0361023314581137
FL	23000	0.0408668981018756	0.0122265280976984	DHL	23000	0.058828988001534	0.0349438514472834
FL	23200	0.0409591442868465	0.0129293532217298	DHL	23200	0.0595867329995521	0.0348167277462689
FL	23400	0.0404616853841151	0.0116095345208939	DHL	23400	0.0588929302879791	0.0345427298408369
FL	23600	0.0386298175084181	0.00917974219923287	DHL	23600	0.0582476232429775	0.0335642933775478
FL	23800	0.039411521833661	0.00843042850549852	DHL	23800	0.0595911882305447	0.0345258193503281
FL	24000	0.0393667607145796	0.00841154978602759	DHL	24000	0.0609848770273264	0.0324093990300413
FL	24200	0.0385772293322114	0.00726634626062344	DHL	24200	0.0620596712307956	0.0329159725746722
FL	24400	0.0385293161980748	0.0071650036674537	DHL	24400	0.0617315169862457	0.0337203623551933
FL	24600	0.0375135499343216	0.00973472485707846	DHL	24600	0.062526028861711	0.0358067951470302
FL	24800	0.0370324669297205	0.0103816779607394	DHL	24800	0.0621925348614132	0.0363313496296514
FL	25000	0.0367975923559157	0.00916157539475098	DHL	25000	0.0625589156118082	0.0394846147966233
FL	25200	0.0380265598191569	0.0107626419200206	DHL	25200	0.0630841207330509	0.0394181884415559
FL	25400	0.0367084925414362	0.0112767078721039	DHL	25400	0.0623713205396471	0.0397184021201496
FL	25600	0.0367141762289335	0.011457105273816	DHL	25600	0.0620238968640731	0.0389165037053627
FL	25800	0.0372646415284704	0.0126482348843072	DHL	25800	0.0613047162947933	0.0369635599486357
FL	26000	0.0364470489116643	0.0120272753599755	DHL	26000	0.0610117659173568	0.0372977901563817
FL	26200	0.0365357549815151	0.0116375767357562	DHL	26200	0.057598093804671	0.0343298757877773
FL	26400	0.0358455798480785	0.00964501461402425	DHL	26400	0.0583036328399684	0.0348447158032427
FL	26600	0.036936948843554	0.00896460554641356	DHL	26600	0.0575817735932525	0.0362280660022137
FL	26800	0.0360956186507324	0.00969545985443343	DHL	26800	0.0551842798800501	0.0336547949204195
FL	27000	0.0370644806753049	0.0102379916632225	DHL	27000	0.0541699833111905	0.0337198578753443
FL	27200	0.036483320878218	0.00952042948193951	DHL	27200	0.0548302519293597	0.0334762279145999
FL	27400	0.0369557250443726	0.00991926909817951	DHL	27400	0.0566141530180543	0.0333050757994413
FL	27600	0.0372720331592273	0.0120505379219431	DHL	27600	0.0603741035078502	0.0365669274268758
FL	27800	0.0386649715855106	0.0125391740002221	DHL	27800	0.0615918857645407	0.0368627654973556
FL	28000	0.0380312344568791	0.0120954712101165	DHL	28000	0.061060116520283	0.0369394872536236
FL	28200	0.0389947696027207	0.0112517747972902	DHL	28200	0.0608546668503275	0.034951040387345
FL	28400	0.039534043675135	0.011056684789392	DHL	28400	0.0585150294216094	0.0314157791093769
FL	28600	0.0413692158886603	0.0112542781640984	DHL	28600	0.0594114263482588	0.032550151131296
FL	28800	0.038741430828315	0.0110335653268886	DHL	28800	0.0580741279316128	0.0343494380605973
FL	29000	0.0408923456056265	0.0127922966531881	DHL	29000	0.0566136006670218	0.0335383852412687
FL	29200	0.0395636033153811	0.015232169936377	DHL	29200	0.0553628854617452	0.0312549665664678
FL	29400	0.0410662712544919	0.0152509209299954	DHL	29400	0.0534924094276484	0.0307736437487125
FL	29600	0.0408345357108785	0.0152194258252158	DHL	29600	0.0523942857642121	0.0292617392627565
FL	29800	0.0391739018352702	0.017083159473102	DHL	29800	0.0486606862471003	0.0252862324366047
FL	30000	0.0390511219621945	0.0171930518953372	DHL	30000	0.0478884321729637	0.0218973548190645
FL	30200	0.0380814421086918	0.0163429199010962	DHL	30200	0.0455808893284327	0.0191324193894011
FL	30400	0.0366285019207848	0.0139823295197503	DHL	30400	0.0455395109726977	0.0208801357792666
FL	30600	0.0369101874710057	0.0138314304475068	DHL	30600	0.0475274644902638	0.0240907730532051
FL	30800	0.0374099533263218	0.0125293118651667	DHL	30800	0.0477131032905252	0.0253710069273759
FL	31000	0.0380103126517023	0.0129276016768021	DHL	31000	0.0490439535437322	0.0278012363430727
FL	31200	0.0384734623691581	0.0131774820831676	DHL	31200	0.0496883445387486	0.0284861643367936
FL	31400	0.0384311458795415	0.0155588416315993	DHL	31400	0.0489609652634858	0.0263831641636673
FL	31600	0.0380154152329797	0.0145945051727965	DHL	31600	0.0480971706442535	0.0240715621284565
FL	31800	0.0372909879899804	0.0112707002325607	DHL	31800	0.0518414875967347	0.0266586214825783
FL	32000	0.0375904218475994	0.011051675563057	DHL	32000	0.0527608019018801	0.0276050647237173
FL	32200	0.0378367543836071	0.0108840779051816	DHL	32200	0.0526737943240606	0.0278997615188335
FL	32400	0.0378333786311436	0.0095584917490655	DHL	32400	0.0511191887784801	0.024814427108521
FL	32600	0.0377799419457602	0.00899206787274305	DHL	32600	0.0504929005717332	0.0244076954098282
FL	32800	0.0374487264440277	0.00860502566722123	DHL	32800	0.0481200006729467	0.0229454450716157
FL	33000	0.0375485414419458	0.00880356226745446	DHL	33000	0.0467860346978456	0.0211631277611444
FL	33200	0.037396579782103	0.0113545000701566	DHL	33200	0.0462026260634692	0.0196756640968521
FL	33400	0.0373418495292801	0.0122157981225479	DHL	33400	0.0464948603643634	0.0174617466334046
FL	33600	0.0358695432855061	0.0139827829756176	DHL	33600	0.0462171810955228	0.0162404295078435
FL	33800	0.0357786381247319	0.0140799509135588	DHL	33800	0.0445680822756469	0.0172734297589834
FL	34000	0.0379632592499449	0.0103989472066977	DHL	34000	0.0455641968856716	0.0198762157338541
FL	34200	0.0382014378270251	0.00961750000790628	DHL	34200	0.0453657380078994	0.0191446477828507
FL	34400	0.0358899106884835	0.00810803280864019	DHL	34400	0.0436700498589898	0.0177032919843198
FL	34600	0.0358549884208708	0.0109269007599406	DHL	34600	0.0445991418587196	0.0162986936691804
FL	34800	0.0355520322629124	0.0102810587853533	DHL	34800	0.0450956435981736	0.0194246103140849
FL	35000	0.0320824588580285	0.0128084910346631	DHL	35000	0.0433425972024195	0.0163780947342508
FL	35200	0.0315864012027356	0.0128344277163988	DHL	35200	0.0430368418902224	0.0169521521218196
FL	35400	0.0333067277854431	0.0102881038122904	DHL	35400	0.0437134123177434	0.0164812345791563
FL	35600	0.0350924042488745	0.00970388592159595	DHL	35600	0.0446202072769092	0.0155043755271632
FL	35800	0.0368870317504199	0.00856389833120075	DHL	35800	0.0423336461014565	0.0132009607799994
FL	36000	0.037320470572109	0.00867975138246998	DHL	36000	0.041396307276341	0.0143687928604541
FL	36200	0.0363343830084272	0.00935283913296154	DHL	36200	0.0417482572402379	0.0157141117627446
FL	36400	0.0381248114505673	0.00998742646904426	DHL	36400	0.0407969552378365	0.0134068259480699
FL	36600	0.0379902414250389	0.0100996026101026	DHL	36600	0.0399381924300155	0.0150197947873789
FL	36800	0.0352153950691503	0.0103069388196733	DHL	36800	0.039656746301951	0.0141895404296756
FL	37000	0.0330780298925767	0.0090364445402026	DHL	37000	0.0386083910656593	0.0172610131259281
FL	37200	0.0313706412130511	0.0138612937192996	DHL	37200	0.0377475468041841	0.0182986167388063
FL	37400	0.0313589734218994	0.00954319931887252	DHL	37400	0.0354932501784777	0.0172526987928232
FL	37600	0.0317770053252449	0.0116778639552487	DHL	37600	0.034531433565766	0.0146651671186429
FL	37800	0.0317414021167999	0.0109337266632785	DHL	37800	0.0347893337330821	0.0136045685289646
FL	38000	0.0295426643895369	0.010579639664161	DHL	38000	0.0335391985725964	0.0144118772042695
FL	38200	0.0286442160460661	0.00981432570175631	DHL	38200	0.0309800496997395	0.0127622798774127
FL	38400	0.0293880332570346	0.00877084425494882	DHL	38400	0.0307048908499817	0.0105053409646548
FL	38600	0.0279679911106574	0.00876136558963486	DHL	38600	0.0298767285142322	0.0098964314872849
FL	38800	0.0264649705267506	0.00889941305724703	DHL	38800	0.0284644323076987	0.0104445013086991
FL	39000	0.0263458058015901	0.0120135440128253	DHL	39000	0.0271573656470577	0.01140509546456
FL	39200	0.0264132709577427	0.0106488657287356	DHL	39200	0.027119754658207	0.0116747487663214
FL	39400	0.0266870729148896	0.00981387072010672	DHL	39400	0.0260595636861766	0.0108102173075275
FL	39600	0.0259955023300533	0.0101317050471327	DHL	39600	0.0262449590908254	0.0106802683940598
FL	39800	0.0260354724201234	0.009987253658024	DHL	39800	0.0284794093674205	0.0113719874615586
FL	40000	0.0256662019188648	0.00937780616303117	DHL	40000	0.0308566800091048	0.0131124983215832
FL	40200	0.0250072868227841	0.0124339427127891	DHL	40200	0.0312970385781618	0.0136582857459679
FL	40400	0.0286210951423152	0.0112787579277139	DHL	40400	0.0339308997323486	0.0144885983427491
FL	40600	0.0284934668300705	0.0110910864110726	DHL	40600	0.0338054816258632	0.0141579528079114
FL	40800	0.028315584446327	0.0113314925315767	DHL	40800	0.0347554118600456	0.0150670624865537
FL	41000	0.0326607617755509	0.00955819991249981	DHL	41000	0.0353128932981296	0.0167293637968173
FL	41200	0.0346452904557045	0.00995350367815643	DHL	41200	0.0363228657894901	0.0152758671578555
FL	41400	0.0347352028068251	0.0101340301346081	DHL	41400	0.0357811718109371	0.0158872060648015
FL	41600	0.0340182691319822	0.0107340110142601	DHL	41600	0.0338893291937737	0.013906561537803
FL	41800	0.0331431785565943	0.0141719386605663	DHL	41800	0.0350094950530384	0.0154026601979713
FL	42000	0.0320870567533799	0.0125281710333117	DHL	42000	0.0338399799085941	0.0156051087043491
FL	42200	0.0314710199016452	0.0114169182991735	DHL	42200	0.0332812726003966	0.0136400982095281
FL	42400	0.0332257094701045	0.00785128748620473	DHL	42400	0.0335290813071261	0.0128104410442725
FL	42600	0.0329049589041085	0.0096576175816706	DHL	42600	0.0317612306232958	0.0148199958657098
FL	42800	0.031638229934665	0.00932488273494596	DHL	42800	0.0310515792846384	0.0109075912134003
FL	43000	0.0304491778557286	0.0119884234373958	DHL	43000	0.030878284857804	0.0101465830156335
FL	43200	0.0282645734399512	0.0108305715476109	DHL	43200	0.0312352525106787	0.00915896170182668
FL	43400	0.028778505641422	0.0112621960771151	DHL	43400	0.0308973448346239	0.0104540004343415
FL	43600	0.0288657795179812	0.0123780652199997	DHL	43600	0.032518930810358	0.0118216655931826
FL	43800	0.0286317078671566	0.0118762445657609	DHL	43800	0.0318596098848728	0.012116405262691
FL	44000	0.0295040655814116	0.010161922342394	DHL	44000	0.0317475091568996	0.00938258643625523
FL	44200	0.0295583406414145	0.0107065508951897	DHL	44200	0.0298699997121624	0.009425903832866
FL	44400	0.0283226885407468	0.00951274949627706	DHL	44400	0.0298608324933775	0.00797553615885808
FL	44600	0.0297753285147243	0.00995315538783688	DHL	44600	0.029352616186233	0.00643208920734718
FL	44800	0.0275558578862485	0.0135747450618168	DHL	44800	0.0281646868195141	0.00492365210147202
FL	45000	0.0275588570351317	0.0128149007153411	DHL	45000	0.0271127682835862	0.00526324249522698
FL	45200	0.0272904697816676	0.0124608832983522	DHL	45200	0.0280147793805183	0.0045752906700425
FL	45400	0.0262659360932953	0.0120274105714995	DHL	45400	0.0278763794750122	0.00401248147279162
FL	45600	0.0254450496893186	0.0117446451743378	DHL	45600	0.0262738409533099	0.00438173644763918
FL	45800	0.0270001173883405	0.00763242749775342	DHL	45800	0.0272767100183842	0.00676951945092709
FL	46000	0.0276204035745097	0.00892929347374157	DHL	46000	0.0267600420774831	0.00691469617888684
FL	46200	0.0256697481484506	0.00819957605677642	DHL	46200	0.0264167586878801	0.00404375213218546
FL	46400	0.0297417581110084	0.00590591881363843	DHL	46400	0.0265182479611224	0.00861381397031247
FL	46600	0.0307933466036636	0.0087682658673073	DHL	46600	0.0255945309234813	0.00722235816466357
FL	46800	0.0257414049175157	0.00459159270836147	DHL	46800	0.0260508670171685	0.00693165844532305
FL	47000	0.0264362686939404	0.00577513361376894	DHL	47000	0.0261383042839808	0.0107744815061178
FL	47200	0.0269214521846349	0.00538516577996531	DHL	47200	0.0280485948779168	0.0119582880037807
FL	47400	0.0289974247785299	0.0077968061229836	DHL	47400	0.0278235062846293	0.0121114748747699
FL	47600	0.0292809512365336	0.00651317271313466	DHL	47600	0.0279003075594842	0.0130919270096339
FL	47800	0.0304258632819107	0.00565199235799086	DHL	47800	0.0261380925279797	0.0102045278603548
FL	48000	0.0299498333651691	0.00540624810602943	DHL	48000	0.0242393280663647	0.00985963343034574
FL	48200	0.0295965852593104	0.00597514388885821	DHL	48200	0.0241629281082614	0.0107314570952241
FL	48400	0.0302689634915363	0.00527139972406273	DHL	48400	0.0237915901071483	0.0100751966655173
FL	48600	0.0312428104351343	0.00538225190501751	DHL	48600	0.0238616946670905	0.0117288408375872
FL	48800	0.0341273897609819	0.00925600669935546	DHL	48800	0.0232441279564077	0.01217609135957
FL	49000	0.0337322036865415	0.00462643418207489	DHL	49000	0.0240284333519973	0.0105563724136645
FL	49200	0.0335456960876677	0.00454004877040908	DHL	49200	0.0250288380432521	0.010388795033518
FL	49400	0.0303500483088641	0.00854660028860693	DHL	49400	0.0253858960151499	0.0107217480506799
FL	49600	0.0289190480105778	0.0133611996349106	DHL	49600	0.0243226512661078	0.010476217925928
FL	49800	0.03232634906425	0.00960677874447509	DHL	49800	0.024200541997091	0.0103886345873758
FL	50000	0.0332778747778787	0.0100842020653492	DHL	50000	0.0224039888144507	0.00959962462077888
FL	50200	0.0326638048808621	0.00997778780302202	DHL	50200	0.0225196172686369	0.00882242625817968
FL	50400	0.0305929625175352	0.0090060395598195	DHL	50400	0.0224967484656514	0.00730308778927696
FL	50600	0.0305625067832652	0.0086392539932028	DHL	50600	0.0237148925783109	0.00751334839237919
FL	50800	0.0306180020193539	0.0102752260509394	DHL	50800	0.023938950621121	0.00651900463247011
FL	51000	0.0288890508306851	0.0145716399781077	DHL	51000	0.0260453450024439	0.00812268396091462
FL	51200	0.0280785570271636	0.0138578182439796	DHL	51200	0.0291070079766651	0.00751994482817784
FL	51400	0.0288340909798796	0.014223013200747	DHL	51400	0.0281957486398344	0.00868495408627559
FL	51600	0.0300769865699646	0.0147141632204725	DHL	51600	0.030284041854421	0.009983691965997
FL	51800	0.0307709596901336	0.0149979905270933	DHL	51800	0.0285138074499823	0.00949856726642686
FL	52000	0.03194480667832	0.0153138394727942	DHL	52000	0.0293707317645614	0.0102924873564836
FL	52200	0.0315203944451375	0.0148790437737451	DHL	52200	0.0265242247702339	0.0107124968220057
FL	52400	0.0316288473089001	0.0150341188813309	DHL	52400	0.0266662797297052	0.0116936753289508
FL	52600	0.030997908859279	0.00854580393327735	DHL	52600	0.026356089288426	0.010019332139127
FL	52800	0.0319397468591825	0.00532316937417862	DHL	52800	0.025395261971154	0.0105773428449144
FL	53000	0.0318185131592587	0.00434371817793591	DHL	53000	0.0261178128562007	0.0108778290681531
FL	53200	0.0282012406814192	0.00797075515089868	DHL	53200	0.0263592579367449	0.00974204026823077
FL	53400	0.0291663783016436	0.00885586257278863	DHL	53400	0.0281050550339929	0.0105029570278923
FL	53600	0.0286078120429901	0.0086004543294149	DHL	53600	0.0285047154330312	0.00737413394965894
FL	53800	0.0291510966665121	0.00824475104257495	DHL	53800	0.0275296672341513	0.00906787607733936
FL	54000	0.0306538595882418	0.00865060784377919	DHL	54000	0.0269735359517682	0.00693405654048996
FL	54200	0.0282772961249035	0.00745228485765401	DHL	54200	0.0264537254747511	0.00571831299452248
FL	54400	0.0290062459928697	0.00778555734164016	DHL	54400	0.0275912073093912	0.00552048253416123
FL	54600	0.0304652905507696	0.00841356234423079	DHL	54600	0.0261816678762741	0.00411557536183869
FL	54800	0.0301822755084566	0.00758109137153115	DHL	54800	0.0260499543984923	0.00240489308324762
FL	55000	0.0296299458912128	0.00839956184021962	DHL	55000	0.0235139147793023	0.00438392796512292
FL	55200	0.0266516814061723	0.0122911958647531	DHL	55200	0.0241033558103182	0.00350319681868413
FL	55400	0.026068441429422	0.0125185952573722	DHL	55400	0.0224283987855488	0.00590881631507885
FL	55600	0.0249915654353699	0.0116137997711683	DHL	55600	0.0223348400480547	0.00615069639057473
FL	55800	0.0243930424608996	0.0115190719497927	DHL	55800	0.0247211161126602	0.00734463684122771
FL	56000	0.0235020879866987	0.0115993969471743	DHL	56000	0.0252968925044631	0.00820704966546565
FL	56200	0.025369933628557	0.0128893726021702	DHL	56200	0.025182127884503	0.00860736527345897
FL	56400	0.025852674367539	0.0136777054719862	DHL	56400	0.0248078157077837	0.0092231198930729
FL	56600	0.0256650226916814	0.0126719866891863	DHL	56600	0.0267575130398852	0.00820396364457355
FL	56800	0.0258581192524887	0.0124874813935786	DHL	56800	0.0281290451239051	0.00910608730224789
FL	57000	0.0304018517703258	0.00473034729730503	DHL	57000	0.0266332757446673	0.00745897408161805
FL	57200	0.0323483830052692	0.00616870605829459	DHL	57200	0.0270674094578405	0.00798887952231848
FL	57400	0.0287101877092148	0.00396453598211089	DHL	57400	0.0272954771774197	0.00644608458209667
FL	57600	0.029251463863943	0.00623285731125208	DHL	57600	0.0263874596050454	0.0093164943041918
FL	57800	0.0281588535721599	0.0101642128989597	DHL	57800	0.0284265841368417	0.0076567379241248
FL	58000	0.0286554234226001	0.0113569192550152	DHL	58000	0.0270324774918367	0.00786330248027963
FL	58200	0.028671833823869	0.0135898692739538	DHL	58200	0.0273587973529096	0.00621869487309542
FL	58400	0.0288907467288924	0.0124654269915556	DHL	58400	0.0286645337250131	0.00874805151210137
FL	58600	0.0303654404264032	0.0147809209730438	DHL	58600	0.0269723774642415	0.00723332014947026
FL	58800	0.0305235440078287	0.0128191458913877	DHL	58800	0.0276491056807941	0.00820517912690639
FL	59000	0.027618400437215	0.016200922793387	DHL	59000	0.0283940170656481	0.0108277677856885
FL	59200	0.0323511384317724	0.0108042168218352	DHL	59200	0.0291269168381261	0.0124998622298962
FL	59400	0.0331221689513263	0.0114792327305919	DHL	59400	0.0289136063108335	0.0109818621883803
FL	59600	0.0300766670071492	0.0123564474883674	DHL	59600	0.0292134736856395	0.0105990559472307
FL	59800	0.0288860206893742	0.0164081616283399	DHL	59800	0.0278500588461705	0.00953608202720995
FL	60000	0.0285523921393972	0.0161736274488852	DHL	60000	0.0273241120399669	0.00924147579181412
FL	60200	0.0286385106820544	0.0161402851130053	DHL	60200	0.0280665498325344	0.014859789827486
FL	60400	0.0294353015368705	0.0123848311075112	DHL	60400	0.028583013715913	0.0161042219131631
FL	60600	0.0295938670319807	0.0119911140615952	DHL	60600	0.0271632478050664	0.015046510273287
FL	60800	0.0325663646096753	0.00760719473601791	DHL	60800	0.0278990702497181	0.0124860166543131
FL	61000	0.0328582886968913	0.00742935744169963	DHL	61000	0.0274023105444114	0.0118686630966033
FL	61200	0.0324016192369516	0.00917694500817627	DHL	61200	0.027715280891244	0.0108519065207498
FL	61400	0.0329612176372255	0.0117644424278326	DHL	61400	0.027467755228488	0.0128664555653515
FL	61600	0.0316060521264132	0.0127388269072782	DHL	61600	0.0259615531045758	0.0112470411669806
FL	61800	0.0331819312189886	0.01309870291605	DHL	61800	0.0266502693074625	0.0109027572264352
FL	62000	0.0317394505997675	0.0150035956836005	DHL	62000	0.0272325728991584	0.00815769052137397
FL	62200	0.0309447722315863	0.01313268987384	DHL	62200	0.0255193169479231	0.00847260755187584
FL	62400	0.0306610199874923	0.0121796021515652	DHL	62400	0.0237314522095327	0.0073516417049427
FL	62600	0.0288621479847083	0.0109159191541738	DHL	62600	0.0228250180404211	0.00704337957161392
FL	62800	0.0276653938423413	0.00859406182336118	DHL	62800	0.0227868102969181	0.00633374676271129
FL	63000	0.026583308781579	0.00803831226030778	DHL	63000	0.0224557017956097	0.00887556679622483
FL	63200	0.0280502359796308	0.0088810557756774	DHL	63200	0.0226665676290726	0.00610502218617397
FL	63400	0.0299019641502668	0.015154097974604	DHL	63400	0.0242082042398516	0.0048734860042221
FL	63600	0.029948763298846	0.0160353874262671	DHL	63600	0.0250860828450903	0.00388243574805677
FL	63800	0.0296622441245078	0.0164683939620151	DHL	63800	0.0270409427970426	0.00590694709770147
FL	64000	0.0332341267877502	0.01428993169546	DHL	64000	0.0279353247640274	0.00419804604895461
FL	64200	0.0333447596190233	0.00898446049747773	DHL	64200	0.0256403654221303	0.0034268027815457
FL	64400	0.0304962261487362	0.00631907958294594	DHL	64400	0.0275762251476919	0.00507573964680155
FL	64600	0.0328301093570986	0.0105223307660895	DHL	64600	0.0282018315498775	0.00724299579114481
FL	64800	0.0316595422008362	0.00969914096043163	DHL	64800	0.0283744500848952	0.00803805761251534
FL	65000	0.0325324836095877	0.00833946520166856	DHL	65000	0.0289447696013476	0.00682473372758775
FL	65200	0.0333432045418463	0.00967083196776738	DHL	65200	0.0264731115504911	0.00739929268587539
FL	65400	0.033688367326426	0.0101536196237652	DHL	65400	0.0250852979395572	0.00644399927329116
FL	65600	0.0343050561455771	0.00992283570304137	DHL	65600	0.0248658505240303	0.00613520032894384
FL	65800	0.0333741827742275	0.0106329867900951	DHL	65800	0.0243399174502097	0.00558604779330009
FL	66000	0.0303386693566825	0.00776600353317733	DHL	66000	0.0246813428738467	0.00527366876499846
FL	66200	0.0292774810038163	0.00706248206054348	DHL	66200	0.0265548276101351	0.00570453015328024
FL	66400	0.0319367099388761	0.0106388143256678	DHL	66400	0.025791994431889	0.00289162071985206
FL	66600	0.0333941912007485	0.00964060434417527	DHL	66600	0.0260989504700021	0.00234829484376972
FL	66800	0.0306939239750343	0.00672637457280757	DHL	66800	0.0288757452264344	0.00540060999087418
FL	67000	0.0274852222577693	0.00633305174407011	DHL	67000	0.0288493697209837	0.00450509012147593
FL	67200	0.0280200651860217	0.00712113588411058	DHL	67200	0.0278625422585501	0.004241393234402
FL	67400	0.0268283196666584	0.00946531943483067	DHL	67400	0.026039882005987	0.00325935625805663
FL	67600	0.0285812345386535	0.0100966616574737	DHL	67600	0.0253700137813933	0.0048810436792412
FL	67800	0.0271837930762783	0.0102815776353815	DHL	67800	0.0234295982943736	0.00387198816065673
FL	68000	0.026522047791841	0.00831430756402695	DHL	68000	0.022021702959172	0.00295168083641444
FL	68200	0.0261573340448489	0.00798267080913316	DHL	68200	0.0217150593816648	0.00325628751371228
FL	68400	0.0273973494598213	0.00703967825159936	DHL	68400	0.0217510452100448	0.00449798089417511
FL	68600	0.0257842851940407	0.00922247779812308	DHL	68600	0.0213458261757744	0.00367614716881939
FL	68800	0.0293894753869893	0.010098915569706	DHL	68800	0.0202442719135195	0.00313090437684515
FL	69000	0.0303810249477087	0.0101013482210803	DHL	69000	0.0219576190211325	0.00331496877762885
FL	69200	0.0302849243058855	0.00831377530165553	DHL	69200	0.0214697844706733	0.00333425492988531
FL	69400	0.0298439308459543	0.00816376546326478	DHL	69400	0.0216376204452242	0.00396863521564407
FL	69600	0.0305532828559349	0.0142324282652529	DHL	69600	0.0209603346431086	0.00508921368373059
FL	69800	0.0299934844180356	0.0135935173895871	DHL	69800	0.0223797639016726	0.00271343910169517
FL	70000	0.0294035508019251	0.0160960930942708	DHL	70000	0.0235536926503543	0.00552138246877631
FL	70200	0.0314204213744334	0.0114932505896702	DHL	70200	0.0260489490036363	0.00597456287036872
FL	70400	0.0318380550978066	0.0139482667797193	DHL	70400	0.0269236263074106	0.00724162795218475
FL	70600	0.0331782024209668	0.013661683287849	DHL	70600	0.0284443413086177	0.00552817264385236
FL	70800	0.0321760945042933	0.0145214678703621	DHL	70800	0.0305659058721297	0.00728373214266745
FL	71000	0.0321502893087389	0.0142316298466054	DHL	71000	0.0292352202054174	0.00585323116285617
FL	71200	0.0332507849677697	0.0145524752107334	DHL	71200	0.0291863171027232	0.00497715431553973
FL	71400	0.03455326185942	0.0123077873133444	DHL	71400	0.0290636439075628	0.00806569965983751
FL	71600	0.0346759612276717	0.0141849303146244	DHL	71600	0.0288141045188993	0.00660102899421716
FL	71800	0.034550906060561	0.014052617752155	DHL	71800	0.0303846238848781	0.00651637141815876
FL	72000	0.0344596400927571	0.0118035265955871	DHL	72000	0.0268871612566979	0.0055247876609791
FL	72200	0.036207810642671	0.0128456564846729	DHL	72200	0.0254943838501696	0.00551478075789419
FL	72400	0.0334922578858299	0.0136250986015312	DHL	72400	0.0273979803753767	0.00577342721285709
FL	72600	0.0350206101412399	0.0109544985112949	DHL	72600	0.0258295177038118	0.00989989589142834
FL	72800	0.0329022285512073	0.00690800000339572	DHL	72800	0.0281260658378288	0.0116882280735352
FL	73000	0.0339687520578148	0.00893887765240915	DHL	73000	0.0274059137649512	0.00876653676620533
FL	73200	0.0336839042212206	0.00870483253876916	DHL	73200	0.0293311961176067	0.0119628425514112
FL	73400	0.030845261326792	0.0115347766599016	DHL	73400	0.0309402394608009	0.0169579672860199
FL	73600	0.0316748585950829	0.0129339724388853	DHL	73600	0.0304175239233913	0.0172489900005061
FL	73800	0.0317180360781055	0.0128153370264079	DHL	73800	0.0279088886380203	0.0144661160575909
FL	74000	0.027728356976609	0.0145892416180523	DHL	74000	0.027725000146603	0.0148210648680117
FL	74200	0.0271861609953984	0.0135721396200086	DHL	74200	0.0232365762027676	0.0127159074066224
FL	74400	0.0279054001850795	0.0134608393204446	DHL	74400	0.0205271821925449	0.00805508901988147
FL	74600	0.0288918507900082	0.01423590421965	DHL	74600	0.0196454509164666	0.00642085722121513
FL	74800	0.0309861180642905	0.0154693935717785	DHL	74800	0.0220322095922006	0.00873472454141958
FL	75000	0.0314993631952657	0.0153139422140665	DHL	75000	0.0202956301222811	0.00574360161816889
FL	75200	0.0310434976102583	0.0145567472745309	DHL	75200	0.0183736281055055	0.00496331754433789
FL	75400	0.0331210674678304	0.00843472053563039	DHL	75400	0.0188193694438056	0.00281122079117912
FL	75600	0.0348103245743194	0.010923956314673	DHL	75600	0.0202136094598221	0.00567432352038278
FL	75800	0.0335937734147009	0.0106931991822104	DHL	75800	0.0210861742004988	0.00375015400243343
FL	76000	0.0334855211997144	0.0101768397731517	DHL	76000	0.0186660766159741	0.00581566686371857
FL	76200	0.0332712805858483	0.0086232971685136	DHL	76200	0.0217261727871486	0.00793883416009445
FL	76400	0.0302878045014017	0.00724255411429355	DHL	76400	0.0225581283637985	0.0103233992467159
FL	76600	0.0314773002711042	0.00557253431424688	DHL	76600	0.0226086497444675	0.00938933988121814
FL	76800	0.0322033284434485	0.00918177788065535	DHL	76800	0.0231618421916273	0.00892750942460666
FL	77000	0.0304710016345231	0.0103752003818555	DHL	77000	0.0242037758130225	0.0103749470042181
FL	77200	0.0314928040158228	0.00960040805592641	DHL	77200	0.0232637338381827	0.0125988594911071
FL	77400	0.0286387571217865	0.00592552894676165	DHL	77400	0.0223516391632562	0.012254324303094
FL	77600	0.0312950311738098	0.0108420611919792	DHL	77600	0.0228175392161488	0.0100983261875209
FL	77800	0.0315227412615033	0.0102926819102368	DHL	77800	0.0232046974352037	0.0106065603270708
FL	78000	0.0320838298338778	0.00991986065604829	DHL	78000	0.0243538050754725	0.0138544074513944
FL	78200	0.0348650090613095	0.00917375167366384	DHL	78200	0.0276311293861973	0.0136826915910408
FL	78400	0.0359089533820814	0.00867706611092763	DHL	78400	0.0263890687858101	0.0142517127882446
FL	78600	0.0356586444555608	0.00712270517843603	DHL	78600	0.026208569479669	0.0136497093213254
FL	78800	0.0343643148782183	0.00882669654578889	DHL	78800	0.0287020025438061	0.0147690422093542
FL	79000	0.0337684763429432	0.00997733979372512	DHL	79000	0.0287475663338664	0.0154165091871054
FL	79200	0.0358267488123339	0.0101790301944341	DHL	79200	0.0288688230608375	0.0140453616873312
FL	79400	0.0326689536060858	0.0112783904503953	DHL	79400	0.0259153023530844	0.0114863271729661
FL	79600	0.0364427879994719	0.0125385239354096	DHL	79600	0.0244766165116872	0.00708661679394534
FL	79800	0.0395732453121238	0.011306573398639	DHL	79800	0.0251825030779494	0.00851791885501993
FL	80000	0.0428892979194118	0.0112652243295942	DHL	80000	0.0260745606574997	0.00501192379960345
FL	80200	0.0421125155568216	0.00737279070755924	DHL	80200	0.0286475996108365	0.00760246972527708
FL	80400	0.0402853377951148	0.0105149041867939	DHL	80400	0.028472496223923	0.00876821476375711
FL	80600	0.0321910796524925	0.0157903962470454	DHL	80600	0.027723839118073	0.0126443702318436
FL	80800	0.0318438418277026	0.016760656072448	DHL	80800	0.0287269824810389	0.014427247575589
FL	81000	0.0292811315957762	0.017646789009019	DHL	81000	0.0286468380116035	0.0164154511973079
FL	81200	0.0311446174276816	0.0199631510393624	DHL	81200	0.0294862308868583	0.014009657673135
FL	81400	0.0325329312277249	0.0208157223891803	DHL	81400	0.0307905692598178	0.0161803068273677
FL	81600	0.0325510315012774	0.0195595099590971	DHL	81600	0.0316429536264426	0.0151141019888959
FL	81800	0.0347445885277766	0.0199422606895513	DHL	81800	0.0318845072594384	0.010530587095668
FL	82000	0.0357710547872125	0.0203389289473979	DHL	82000	0.0317145743201744	0.00830439829628812
FL	82200	0.0346879123504936	0.0195960341365525	DHL	82200	0.0311398852238431	0.00626525150845998
FL	82400	0.0377785773654214	0.0159822977084608	DHL	82400	0.0308824830592863	0.00777541098605322
FL	82600	0.0426055647728858	0.0121709846918965	DHL	82600	0.029558727593801	0.00828286379258473
FL	82800	0.0427064710351496	0.0136962515166121	DHL	82800	0.029552868594563	0.00873376326021701
FL	83000	0.042068282876885	0.0139966038644354	DHL	83000	0.0297724598913011	0.00833530006644842
FL	83200	0.0421017623006037	0.0136603909623503	DHL	83200	0.0304000542885531	0.00783925499927322
FL	83400	0.041859525840534	0.0121688490270249	DHL	83400	0.0283024270558334	0.00832161379275276
FL	83600	0.0406227688273828	0.0117735953839546	DHL	83600	0.0286188874946087	0.00561217037403277
FL	83800	0.0394273112831485	0.0116279119944767	DHL	83800	0.0257474384868033	0.00715310686727427
FL	84000	0.0382286613131063	0.0122428024935916	DHL	84000	0.0253032554220037	0.00553329097138036
FL	84200	0.0365410974334536	0.0113412786411707	DHL	84200	0.0254906957455631	0.00719449980155179
FL	84400	0.0321639076531333	0.0137206760250902	DHL	84400	0.0265361739943121	0.00849092055007883
FL	84600	0.0309725143938506	0.0100150684896614	DHL	84600	0.0260281302519119	0.00984303877746306
FL	84800	0.0316175346206118	0.00883126240838419	DHL	84800	0.0269945833218274	0.0090334495982827
FL	85000	0.0313910854834667	0.00534775972658853	DHL	85000	0.02699042092447	0.00663025557380824
FL	85200	0.0301586915384062	0.00599182756037058	DHL	85200	0.0296410105101242	0.00713153559347348
FL	85400	0.0296593904923466	0.0068458632497192	DHL	85400	0.0290418399896672	0.0077538351912967
FL	85600	0.030965468862618	0.00642404695499271	DHL	85600	0.0275958264363267	0.00642889543073535
FL	85800	0.030904900699975	0.00715029933367098	DHL	85800	0.0273409694133238	0.00497333943918861
FL	86000	0.032961487705759	0.00946765863534361	DHL	86000	0.0265434378227312	0.00287377107980879
FL	86200	0.0376251248800962	0.00855643817574482	DHL	86200	0.0251652667252829	0.00355644615610024
FL	86400	0.0388057594219453	0.0084141782536804	DHL	86400	0.0267065492480652	0.00390948106772793
FL	86600	0.041045417016727	0.0106853911242769	DHL	86600	0.0285282843708212	0.00610867627289769
FL	86800	0.0384518567401715	0.0140976715287636	DHL	86800	0.030519597205335	0.00823661866823538
FL	87000	0.0373474973555217	0.0212759239615897	DHL	87000	0.0279124942752538	0.00809327034709357
FL	87200	0.0382427817666576	0.0141655098312005	DHL	87200	0.0282525173516015	0.00656429406332803
FL	87400	0.0384505525262312	0.0139920873854557	DHL	87400	0.028246841329955	0.00620064602003995
FL	87600	0.0368639120434877	0.0135398527848078	DHL	87600	0.0283616911850542	0.00736074889708867
FL	87800	0.0354441694211715	0.0103906924674224	DHL	87800	0.0292809129668115	0.00979986435092093
FL	88000	0.0337511742503787	0.00794119561825707	DHL	88000	0.0301543770578202	0.0103997005202011
FL	88200	0.0338738373195216	0.00934932236085046	DHL	88200	0.0282771641583288	0.011537273414375
FL	88400	0.0361126571133979	0.00942821423910522	DHL	88400	0.0288212981458944	0.012475239022543
FL	88600	0.0369766700771138	0.00987242213756675	DHL	88600	0.0306435677271846	0.0130905634992814
FL	88800	0.0333934904645479	0.0163838802459103	DHL	88800	0.0323025860269701	0.00951980304527099
FL	89000	0.0316612768677504	0.0145399080660921	DHL	89000	0.0314888909914778	0.0101685462368255
FL	89200	0.0301023958316586	0.0140866747266692	DHL	89200	0.030040785270522	0.00797379539002041
FL	89400	0.029636257098801	0.0143312769278184	DHL	89400	0.0312538905011318	0.00680783348790153
FL	89600	0.0321798121951347	0.0147854315436016	DHL	89600	0.0299741827618615	0.00705806657320755
FL	89800	0.0338432353017435	0.0155660810930335	DHL	89800	0.0301809748630861	0.0099883225351027
FL	90000	0.0317686091018069	0.014834704348457	DHL	90000	0.0291908497418308	0.00939244940497041
FL	90200	0.0328532273344802	0.0156121002399909	DHL	90200	0.0274859103511051	0.00910304735458294
FL	90400	0.0328182263852656	0.0171372906777499	DHL	90400	0.0259698555513707	0.0104380024249462
FL	90600	0.0326334694735197	0.0154140403976789	DHL	90600	0.026860676056452	0.00831402513612802
FL	90800	0.0365427904012363	0.00975047045337914	DHL	90800	0.0274203282700722	0.00736404817946211
FL	91000	0.0351616436261313	0.00891529639572208	DHL	91000	0.0277171446183473	0.0057341053435423
FL	91200	0.0368692579862247	0.00630609568248921	DHL	91200	0.0265808782198102	0.0048826386762577
FL	91400	0.0341855946916325	0.00795308148101565	DHL	91400	0.0248298375441533	0.00654883087941227
FL	91600	0.0320757891473064	0.00658503984992187	DHL	91600	0.0242180136911067	0.00700196860556141
FL	91800	0.0294354709463705	0.00644560003467491	DHL	91800	0.0234920159854516	0.00909679761441707
FL	92000	0.0296971606587024	0.00620979817542511	DHL	92000	0.0238820189800138	0.00925920879740666
FL	92200	0.02854779551188	0.00616515406466704	DHL	92200	0.0246878771910867	0.0125432646515692
FL	92400	0.0294304780928025	0.00879765396692805	DHL	92400	0.0238199346676514	0.0113358227173262
FL	92600	0.0309539882436842	0.0127439909347258	DHL	92600	0.0241554154955408	0.0129458156622229
FL	92800	0.0321410837964659	0.0114185583369981	DHL	92800	0.0256823400251063	0.0145683974501751
FL	93000	0.0315931909115688	0.00933977587595776	DHL	93000	0.0251925107598493	0.0137267250089806
FL	93200	0.0315983411071619	0.00964689709039217	DHL	93200	0.0248309965765288	0.0130551940454186
FL	93400	0.0307870084589194	0.0158976083566036	DHL	93400	0.0250369209184499	0.0094945789529541
FL	93600	0.0297395342784968	0.0150055961504609	DHL	93600	0.024876370998521	0.00920957098933053
FL	93800	0.0298350685666883	0.0143559806493723	DHL	93800	0.0242657629168786	0.00916624179274377
FL	94000	0.0292009214673879	0.0147267421643969	DHL	94000	0.0232009312586491	0.00961508593650186
FL	94200	0.0266748365073373	0.0137426195065541	DHL	94200	0.0248190072912836	0.00645552793633695
FL	94400	0.0286420089632287	0.0145269567571942	DHL	94400	0.025082458164105	0.0059555834435222
FL	94600	0.0321326121867157	0.00824328635864934	DHL	94600	0.0265181272980061	0.00731944889275636
FL	94800	0.0327828285332643	0.00841145447907671	DHL	94800	0.025528110735805	0.00765815066738679
FL	95000	0.0331937189067236	0.0089384573897469	DHL	95000	0.0239119405437534	0.00696886104356476
FL	95200	0.0321521134477238	0.00965382487490519	DHL	95200	0.0211505958853118	0.00656998045929968
FL	95400	0.0307412970511134	0.00716825374006274	DHL	95400	0.0202535144366522	0.00648115821515889
FL	95600	0.0285073011219147	0.0145779355981831	DHL	95600	0.0213329388435548	0.00511676266079991
FL	95800	0.0347498849093313	0.0104789395884467	DHL	95800	0.0224296752420095	0.00384205897471853
FL	96000	0.0339534464435609	0.00929901279811635	DHL	96000	0.0214890126372332	0.00546353457736263
FL	96200	0.0323392446881251	0.00811458292479314	DHL	96200	0.0224968517257036	0.00638619397948962
FL	96400	0.034131717824029	0.00844969123426007	DHL	96400	0.0243746258018502	0.00573104994683101
FL	96600	0.0342291176321697	0.00843768096448575	DHL	96600	0.0245797587780165	0.00572113573874432
FL	96800	0.0308163258515808	0.00836731069845232	DHL	96800	0.0254812142850195	0.0049685281302814
FL	97000	0.0271872636086332	0.0143220252568329	DHL	97000	0.0264576614954854	0.00593461720177561
FL	97200	0.0256119492783419	0.0134382546458955	DHL	97200	0.0235687551134286	0.00519980136080382
FL	97400	0.0252033783346507	0.0134081010040882	DHL	97400	0.0245537894435933	0.00555066913731732
FL	97600	0.026481332325215	0.0140212666870403	DHL	97600	0.0255786783946793	0.00519506621734593
FL	97800	0.0256585161611452	0.0121828551615068	DHL	97800	0.0265793654554038	0.00623875699950264
FL	98000	0.0230950621697275	0.0117221506773536	DHL	98000	0.027958884982789	0.00984579384519576
FL	98200	0.0235896911852051	0.0119518421417313	DHL	98200	0.0269122100927904	0.0064956520150897
FL	98400	0.022581554053838	0.0115073807950471	DHL	98400	0.0289279769237056	0.00796490522629888
FL	98600	0.0253327524206828	0.0120469090496532	DHL	98600	0.0284269491657645	0.00792079075023237
FL	98800	0.0240571555371309	0.0119168796931619	DHL	98800	0.0281407914302897	0.00938998541095657
FL	99000	0.0250569150189042	0.013922214469697	DHL	99000	0.0287120293681638	0.00934691835587509
FL	99200	0.0253515958088706	0.0146029092737297	DHL	99200	0.0286955127529954	0.0122076167607782
FL	99400	0.0240018467156461	0.0146714458399208	DHL	99400	0.0292711269103457	0.0147232022313738
FL	99600	0.0236230975283563	0.0140669814901297	DHL	99600	0.0280254371019372	0.0149313525451475
FL	99800	0.0273748927198486	0.00939872454033007	DHL	99800	0.0262270146253862	0.0132189754040374
FL	100000	0.0263362221757827	0.00844384831043346	DHL	100000	0.0254297127385832	0.0111027403250289
FL	0	0.0357707051741238	0.010180205738582	DHL	0	0.160621552810534	0.151443554560844
FL	-200	0.036457690284259	0.00981779763669233	DHL	-200	0.160200913130238	0.151712643445065
FL	-400	0.03734913919592	0.00906983669880564	DHL	-400	0.159132936835782	0.150331417949526
FL	-600	0.0379383614569072	0.00866434848486862	DHL	-600	0.158170627927933	0.148663530541358
FL	-800	0.0384074995323797	0.0084820900024432	DHL	-800	0.158667804222119	0.149565751868855
FL	-1000	0.0386543892107055	0.00801811413012881	DHL	-1000	0.156090290685819	0.146378028502552
FL	-1200	0.0393295403990847	0.00680489811153434	DHL	-1200	0.153837064657173	0.144300380449486
FL	-1400	0.0392674611049156	0.00656414320771562	DHL	-1400	0.152468419350949	0.143183683776974
FL	-1600	0.0392970226507028	0.00685832270458806	DHL	-1600	0.151128971962809	0.140963989073256
FL	-1800	0.0400034126554923	0.00682358329732066	DHL	-1800	0.14914994356415	0.137073315213687
FL	-2000	0.0402387539078896	0.00657209962691684	DHL	-2000	0.149161704260458	0.136952992812927
FL	-2200	0.040579973954076	0.00652795866136063	DHL	-2200	0.148713417050701	0.136957001965787
FL	-2400	0.0406983674736795	0.00774419425158073	DHL	-2400	0.147609775929563	0.134004602255048
FL	-2600	0.0398188740978265	0.00878240782029946	DHL	-2600	0.144897455027457	0.133334275162878
FL	-2800	0.0391449587034303	0.00915698202393571	DHL	-2800	0.142014723297507	0.132564705605437
FL	-3000	0.0397265031906337	0.00852090831344128	DHL	-3000	0.138690002457553	0.129282921365888
FL	-3200	0.0395967186112881	0.0104729355093462	DHL	-3200	0.138010878782337	0.128478523426176
FL	-3400	0.0388825297714183	0.0121991117216009	DHL	-3400	0.136590122428209	0.125239651478088
FL	-3600	0.0388878065926716	0.0122521094399094	DHL	-3600	0.134548966996838	0.121433416899554
FL	-3800	0.0391759510742498	0.0125335337789815	DHL	-3800	0.130788597537216	0.11610150507494
FL	-4000	0.0390601508899176	0.01137936309621	DHL	-4000	0.127824741205795	0.112668165904968
FL	-4200	0.0388173256181326	0.0115399785535371	DHL	-4200	0.126803258902041	0.111432131530433
FL	-4400	0.039210404199087	0.00992265160454258	DHL	-4400	0.126500455636738	0.111711185239394
FL	-4600	0.0388953281762974	0.00987194321200475	DHL	-4600	0.123267754048443	0.109459578413039
FL	-4800	0.0400399907156551	0.00986721303623377	DHL	-4800	0.122289916654284	0.107859924780782
FL	-5000	0.0391983844018829	0.0103169132009168	DHL	-5000	0.122259834034283	0.109079737353087
FL	-5200	0.0395755207794493	0.00998021650130138	DHL	-5200	0.120545451393568	0.108687974593984
FL	-5400	0.0400921260985237	0.0108760193568601	DHL	-5400	0.118248530001433	0.107065222346274
FL	-5600	0.0390480548908452	0.0132310106453125	DHL	-5600	0.117370457229724	0.106614299312803
FL	-5800	0.0386412761062129	0.0145277302761984	DHL	-5800	0.114692124737931	0.10465116385664
FL	-6000	0.0383972361976851	0.0151590211397432	DHL	-6000	0.112178705776694	0.103167037815578
FL	-6200	0.0383374678676896	0.0148424187236131	DHL	-6200	0.109153579484506	0.0993341572143785
FL	-6400	0.037002978797444	0.0168933633119849	DHL	-6400	0.107402300173603	0.0991309368765566
FL	-6600	0.0364805290426199	0.0164234567178101	DHL	-6600	0.10546665031103	0.0996119459646479
FL	-6800	0.0353486493625978	0.0160200872420248	DHL	-6800	0.105018480871137	0.0973077706557387
FL	-7000	0.0350707346039723	0.0154735635596053	DHL	-7000	0.101534976079914	0.092987377074253
FL	-7200	0.0347320862003085	0.0153605135812105	DHL	-7200	0.101552125877614	0.0932336177714286
FL	-7400	0.0348258546606896	0.0148769856236968	DHL	-7400	0.101609277590867	0.0948386467494853
FL	-7600	0.0355467176554755	0.0153288126769919	DHL	-7600	0.100559236333324	0.0942484383579969
FL	-7800	0.0360723767130998	0.0157726041006292	DHL	-7800	0.0969224676475329	0.0909426031729319
FL	-8000	0.0354944249981816	0.0155300291542217	DHL	-8000	0.0964457222065054	0.0911312006410947
FL	-8200	0.0348151168992623	0.0154436212279572	DHL	-8200	0.0940932572541916	0.0877804034500433
FL	-8400	0.0338346164425541	0.0152400266460996	DHL	-8400	0.0939840736345463	0.0850070453942039
FL	-8600	0.0335738727768379	0.014695238024833	DHL	-8600	0.0923917110934372	0.0821147569589813
FL	-8800	0.0330674575691848	0.0143686306717016	DHL	-8800	0.0923303683247269	0.0823242131962328
FL	-9000	0.0342201745007782	0.0151669956954255	DHL	-9000	0.0908821786241547	0.0821358303924071
FL	-9200	0.0357254987632721	0.0147018296931462	DHL	-9200	0.0909403416884476	0.0813534569268198
FL	-9400	0.0350555928254835	0.015024807940657	DHL	-9400	0.0897562934285551	0.0829840929146835
FL	-9600	0.0346889740203215	0.0145465570517168	DHL	-9600	0.0898387590500568	0.0812050733364095
FL	-9800	0.0359045143230179	0.0132501509315638	DHL	-9800	0.0886313488897571	0.0796958493099364
FL	-10000	0.0371654800585164	0.0108548370426718	DHL	-10000	0.0882887707383287	0.0811266299305715
FL	-10200	0.0370342896105871	0.011323136026255	DHL	-10200	0.0883165913985927	0.0815963206668263
FL	-10400	0.0358617254847022	0.0115644347946906	DHL	-10400	0.0893646015592369	0.082641591499421
FL	-10600	0.0357739189267227	0.00914377996397347	DHL	-10600	0.0913288494933568	0.0856127972045501
FL	-10800	0.0364648763826527	0.00711238556632649	DHL	-10800	0.0923656100199568	0.0859961402294458
FL	-11000	0.037143513972885	0.00939384602365231	DHL	-11000	0.0932312771929671	0.0880177248188344
FL	-11200	0.0375024732545177	0.00966744852476924	DHL	-11200	0.0919176302043881	0.0862931492066661
FL	-11400	0.0363592839745625	0.0111832896835756	DHL	-11400	0.091124528507838	0.0842960098619803
FL	-11600	0.0355652382726628	0.0108855716371949	DHL	-11600	0.0907055918765479	0.0813620701821294
FL	-11800	0.0340259058722185	0.0124752763300007	DHL	-11800	0.0891469377477327	0.0796256878198093
FL	-12000	0.035195277725072	0.0119557757078346	DHL	-12000	0.0867910229848477	0.0761600105705725
FL	-12200	0.0368138805861637	0.0121666252994001	DHL	-12200	0.0860003660602084	0.0754549511304694
FL	-12400	0.0361517459960097	0.0117972648967481	DHL	-12400	0.085091093649707	0.0748782597468852
FL	-12600	0.0363167721062239	0.0118147723670494	DHL	-12600	0.0849956276151149	0.0737682459332667
FL	-12800	0.0366464747977823	0.00976072200319204	DHL	-12800	0.0847740958877339	0.0734235941488938
FL	-13000	0.035881166347574	0.0092456409349715	DHL	-13000	0.0844724659493195	0.073244265291602
FL	-13200	0.03561084123598	0.0107642961204681	DHL	-13200	0.083839449296593	0.0713787779688129
FL	-13400	0.035679063429176	0.0106316928597386	DHL	-13400	0.0842710941670903	0.0716065543357515
FL	-13600	0.0346504570515124	0.0104087469751375	DHL	-13600	0.0842321349685021	0.0721559136844984
FL	-13800	0.035542222241501	0.0113135727624477	DHL	-13800	0.0841680956109106	0.0721180275164063
FL	-14000	0.0362483949643347	0.00918876004001461	DHL	-14000	0.0836329259266944	0.0707924556727946
FL	-14200	0.0354394547530153	0.0102973271087971	DHL	-14200	0.0840687763312978	0.0713954900571277
FL	-14400	0.035707186008048	0.012932586646193	DHL	-14400	0.0826634305064654	0.0703229300424238
FL	-14600	0.0363398270443474	0.0116321786702952	DHL	-14600	0.081213831224648	0.0693938086692563
FL	-14800	0.0360520632893861	0.0115434610113642	DHL	-14800	0.0790496740437162	0.0675698599668198
FL	-15000	0.0355912506833049	0.012877763003235	DHL	-15000	0.0786671303531423	0.0670020311579609
FL	-15200	0.0349998178751817	0.0127625367021078	DHL	-15200	0.0782833042924595	0.0672626703863789
FL	-15400	0.0331998795030434	0.0148143109235644	DHL	-15400	0.0779030240153519	0.0656753578822703
FL	-15600	0.0348623643852613	0.0152476186204754	DHL	-15600	0.0776294687335404	0.0644477050463387
FL	-15800	0.0354762459028641	0.0135760882575856	DHL	-15800	0.075835091062584	0.0624618059054394
FL	-16000	0.0355070366834974	0.0134834553395862	DHL	-16000	0.0745773921191794	0.0609935077842016
FL	-16200	0.0383658430902509	0.0122746054312961	DHL	-16200	0.0729206782179477	0.0564994696194402
FL	-16400	0.0379318031354437	0.0125082081873243	DHL	-16400	0.0715244266426755	0.0558719855994013
FL	-16600	0.0355806148747705	0.0138981697382054	DHL	-16600	0.0689559188685389	0.0544927802209401
FL	-16800	0.0349286036112525	0.0134147545400842	DHL	-16800	0.0679738743038145	0.0532067788359221
FL	-17000	0.0338999700496147	0.011861059788073	DHL	-17000	0.0681328732653182	0.0543039004539615
FL	-17200	0.0333784350029055	0.0114233876695104	DHL	-17200	0.0700877000851195	0.05776724586235
FL	-17400	0.0331816396013424	0.0112620495655424	DHL	-17400	0.0720079742155823	0.0570083779121126
FL	-17600	0.0335753175361159	0.0108611592381339	DHL	-17600	0.0747067793727587	0.0581161888916548
FL	-17800	0.0345061685008648	0.0110592393714629	DHL	-17800	0.0739460794313689	0.0562992728701493
FL	-18000	0.033896682393248	0.0104630361297751	DHL	-18000	0.0715610786998914	0.0557754963663019
FL	-18200	0.0355775575117492	0.00856523005208434	DHL	-18200	0.0730772369444089	0.05721538900161
FL	-18400	0.0368784916962525	0.00909863954279188	DHL	-18400	0.0734117970044047	0.0570746835315611
FL	-18600	0.0354522100496006	0.00769490275108063	DHL	-18600	0.0736422030992384	0.0571188381617203
FL	-18800	0.0359594254770997	0.00878511218851212	DHL	-18800	0.072257296186771	0.0549386911304264
FL	-19000	0.0344968788886393	0.00835583700530189	DHL	-19000	0.0724056030575466	0.0541685862418288
FL	-19200	0.0336281356344107	0.010269134409022	DHL	-19200	0.0723306709347074	0.0542311150259476
FL	-19400	0.0333443180617256	0.00962909484023578	DHL	-19400	0.0733325327102268	0.0530029365516261
FL	-19600	0.0340922547923093	0.00843279742211997	DHL	-19600	0.0721170212206145	0.0499737492882024
FL	-19800	0.0328454795936577	0.00848355187206789	DHL	-19800	0.0714845147373793	0.0479349543883374
FL	-20000	0.0325498876313033	0.00806038931646932	DHL	-20000	0.0726934629064046	0.0501597416157277
FL	-20200	0.0331456075997472	0.00918120126670707	DHL	-20200	0.0743793782807797	0.0528026444416874
FL	-20400	0.0329384859358192	0.011184711612981	DHL	-20400	0.0733382264604541	0.0494779972503572
FL	-20600	0.032514519384984	0.0126931753858383	DHL	-20600	0.0734829512738119	0.0498113821388429
FL	-20800	0.0331423125777919	0.012428284386515	DHL	-20800	0.0710356050461248	0.0448045878845358
FL	-21000	0.0338588652445558	0.0148477719238892	DHL	-21000	0.0698280534453983	0.0455363661349547
FL	-21200	0.0335043265873076	0.0142191720630992	DHL	-21200	0.0696555576673063	0.0477467242551828
FL	-21400	0.0339229921730751	0.0148557973353681	DHL	-21400	0.0665290591460111	0.0451471827400644
FL	-21600	0.0336740321167581	0.0142161588115267	DHL	-21600	0.0649106741575935	0.0448118008073409
FL	-21800	0.0339569447648109	0.0137112346021698	DHL	-21800	0.0643130942252907	0.0464670871458191
FL	-22000	0.0352335016488426	0.0141814749911356	DHL	-22000	0.0632058928262879	0.0450860626317126
FL	-22200	0.0353686837433897	0.0147082599902325	DHL	-22200	0.062185465069201	0.0428737205362347
FL	-22400	0.0358022244510553	0.0178696119763723	DHL	-22400	0.0617766266694401	0.0415822217855682
FL	-22600	0.0348900120969724	0.0177655818279144	DHL	-22600	0.0604590404674676	0.0401615823353778
FL	-22800	0.0364819011827099	0.0189059498094489	DHL	-22800	0.0615306039706685	0.0392120174554681
FL	-23000	0.0379954509043358	0.0172629400483762	DHL	-23000	0.0611934750923685	0.0407629627858545
FL	-23200	0.0362441606020548	0.0165104192473302	DHL	-23200	0.0602563918579061	0.0403857485652505
FL	-23400	0.0367005793702296	0.0176448444692013	DHL	-23400	0.0612667295670687	0.0421669857164453
FL	-23600	0.0354336003609615	0.0204825096174849	DHL	-23600	0.0605118949820643	0.0410535290135258
FL	-23800	0.0320477825811832	0.0186189025898185	DHL	-23800	0.0591772380632169	0.040127220098691
FL	-24000	0.0319309345590713	0.018176917487043	DHL	-24000	0.058835642372176	0.0393307592114501
FL	-24200	0.033168676763726	0.0153925604292182	DHL	-24200	0.0575526958394428	0.0391398500384883
FL	-24400	0.0324441312426072	0.0138733565958412	DHL	-24400	0.0563945629060204	0.0388857452674194
FL	-24600	0.0316183682200467	0.0131646411581417	DHL	-24600	0.0569605662850154	0.0412106927350613
FL	-24800	0.0313416041234939	0.0131440917007493	DHL	-24800	0.0580679216007294	0.0431849163803912
FL	-25000	0.030522523532546	0.0138020457941372	DHL	-25000	0.057016614083909	0.0412676372077929
FL	-25200	0.0299947196394032	0.0121462927898139	DHL	-25200	0.0582543327679502	0.0420695951583733
FL	-25400	0.0311049916279386	0.0100749440862454	DHL	-25400	0.0547126566178009	0.0366737507240361
FL	-25600	0.0311006487017242	0.00960309801809815	DHL	-25600	0.0537317323827074	0.0348443235908033
FL	-25800	0.0332307622126104	0.00749524392088465	DHL	-25800	0.0526089659820138	0.0298854411190869
FL	-26000	0.0345418934972721	0.00915334948877162	DHL	-26000	0.0517608969551563	0.0271989093584997
FL	-26200	0.0340117732678021	0.00868704645922641	DHL	-26200	0.0514304135543587	0.0295252218227251
FL	-26400	0.0345411316695771	0.0101574251109096	DHL	-26400	0.0489813855468464	0.0267002936268629
FL	-26600	0.0352948748358091	0.00944055510309456	DHL	-26600	0.0476933068305592	0.0242673453385142
FL	-26800	0.0331835526968111	0.0120473221270324	DHL	-26800	0.0474003819706702	0.0251290678763029
FL	-27000	0.0339252410951488	0.0123992321408385	DHL	-27000	0.0473364416142033	0.0237022993897717
FL	-27200	0.0336538419814586	0.00870209588287793	DHL	-27200	0.0480327471481107	0.0247215899606238
FL	-27400	0.0333326656998767	0.0116830554820685	DHL	-27400	0.0471753156107105	0.0256177216181629
FL	-27600	0.0329575596278469	0.0124852414066907	DHL	-27600	0.0465593537457611	0.0250391899559002
FL	-27800	0.0331427729624642	0.0133459659319006	DHL	-27800	0.0462397621953037	0.0247723692561501
FL	-28000	0.0351560737592723	0.0122393513105194	DHL	-28000	0.0464024423529879	0.0222116079686555
FL	-28200	0.033540342818125	0.0114180785950455	DHL	-28200	0.0465406986455146	0.0222659888229779
FL	-28400	0.0316030638986251	0.0131036724045508	DHL	-28400	0.0450694201615718	0.0234340617523118
FL	-28600	0.0336339877038668	0.0111561252829678	DHL	-28600	0.0445867319122821	0.0225327989081106
FL	-28800	0.0327103050540653	0.0103930300982545	DHL	-28800	0.0443407112203466	0.0234962667129417
FL	-29000	0.0325355100494384	0.0106261314614806	DHL	-29000	0.043250355023662	0.022386817657258
FL	-29200	0.033005100520197	0.010651757043583	DHL	-29200	0.0431374298209146	0.0210406794344969
FL	-29400	0.0331942593058547	0.0103105988245554	DHL	-29400	0.0435686760532564	0.0217711403503203
FL	-29600	0.0321081769059707	0.00945928533808486	DHL	-29600	0.0442744827914596	0.0208753225255192
FL	-29800	0.0330305666134055	0.0105239047267017	DHL	-29800	0.0450245015553939	0.0204047557467832
FL	-30000	0.0341107482375544	0.012161754946987	DHL	-30000	0.0468722834888238	0.0217374764362228
FL	-30200	0.0333530419390249	0.013786223581351	DHL	-30200	0.0474779661394978	0.0234835946460069
FL	-30400	0.0334353319594735	0.0140155030378652	DHL	-30400	0.0480272441674162	0.0251313140534173
FL	-30600	0.0343479432776621	0.0104651724233958	DHL	-30600	0.0479832837713283	0.0255824835117031
FL	-30800	0.0344531776598153	0.0107539790215304	DHL	-30800	0.0464325565649265	0.0272002227949735
FL	-31000	0.0356374738841198	0.0097434731180539	DHL	-31000	0.047418863179302	0.0269391878818591
FL	-31200	0.0345571352513037	0.00970474213712342	DHL	-31200	0.0483224883820506	0.0264423437550819
FL	-31400	0.0350260589692349	0.00911892870168614	DHL	-31400	0.047266091077657	0.0261085719733106
FL	-31600	0.031877250890051	0.0109511223366808	DHL	-31600	0.0482024422566943	0.0259820374763722
FL	-31800	0.0349012223411346	0.00685840636030303	DHL	-31800	0.0481596695252757	0.0254882382007107
FL	-32000	0.0353354063439676	0.00733816060031901	DHL	-32000	0.0482278427454755	0.0256542157619715
FL	-32200	0.0334534360186515	0.0081076241142467	DHL	-32200	0.0479958828867923	0.0247743462564677
FL	-32400	0.0328255826264909	0.0115610399281654	DHL	-32400	0.0483481394029185	0.0256996863493047
FL	-32600	0.0330941888629443	0.0122274794369965	DHL	-32600	0.0492753826931521	0.026261971550471
FL	-32800	0.0325694019704898	0.0120601912744007	DHL	-32800	0.048396961665393	0.0269646583084452
FL	-33000	0.033493252334294	0.0140605114341825	DHL	-33000	0.0484005671932514	0.0255039963518999
FL	-33200	0.0336436344591701	0.0131494475313018	DHL	-33200	0.0477716783294181	0.0260689749385981
FL	-33400	0.0342076583823344	0.0141088738118427	DHL	-33400	0.047632509242905	0.0249612070340345
FL	-33600	0.0368110959328832	0.00970723998111763	DHL	-33600	0.046771100285706	0.023192355478649
FL	-33800	0.0385215859976742	0.00802874617064342	DHL	-33800	0.0474122507143173	0.0226478856981812
FL	-34000	0.0374827286035463	0.0100455228140359	DHL	-34000	0.0483322871762365	0.0238546003235669
FL	-34200	0.034473697842037	0.0145301567046299	DHL	-34200	0.0478988432753287	0.0234285822139613
FL	-34400	0.0350068505372723	0.0144920436428246	DHL	-34400	0.0478650493924677	0.0246541182387205
FL	-34600	0.0357099971234463	0.0149492470933164	DHL	-34600	0.0488876054625532	0.027948614671177
FL	-34800	0.0363012178932018	0.0153823994237033	DHL	-34800	0.0481042079981104	0.0276456644358957
FL	-35000	0.0373144026310523	0.0161518389275839	DHL	-35000	0.0476868585574094	0.0288046879256637
FL	-35200	0.0386851093584119	0.0128840586586935	DHL	-35200	0.0484113590863502	0.0274383708474527
FL	-35400	0.0392942919000549	0.0133825635633392	DHL	-35400	0.0478267316959365	0.0259141948922144
FL	-35600	0.0372658426408077	0.013928029412299	DHL	-35600	0.0467795123369374	0.0239985919778193
FL	-35800	0.0363421890556406	0.0144034398321707	DHL	-35800	0.0467555376276873	0.021279051826348
FL	-36000	0.0363468800587357	0.0146577877657195	DHL	-36000	0.0458818927781522	0.0203952055710765
FL	-36200	0.0356255130919006	0.0149130484392681	DHL	-36200	0.0412346224375749	0.0154201510184099
FL	-36400	0.035302539253272	0.0148279200981684	DHL	-36400	0.0399746727429949	0.0138532334673752
FL	-36600	0.034335356931637	0.0182175783807414	DHL	-36600	0.0384597447218328	0.0135827488641575
FL	-36800	0.0346833012128981	0.0190680272701484	DHL	-36800	0.0362668568052617	0.0141027745859463
FL	-37000	0.0340796588442033	0.0180334902407553	DHL	-37000	0.0341782835124015	0.0136056323806552
FL	-37200	0.0327603306170755	0.0187260398403055	DHL	-37200	0.0347386520884965	0.014179507990408
FL	-37400	0.0310822315873699	0.0178944332146801	DHL	-37400	0.0366203857053065	0.0167529964838295
FL	-37600	0.0310871671690348	0.016914502724837	DHL	-37600	0.0364176763995904	0.0163312495182302
FL	-37800	0.030463601341984	0.0165090487960381	DHL	-37800	0.0356597685245058	0.0182351663726581
FL	-38000	0.0307813012585632	0.0122643011882745	DHL	-38000	0.0317833952729461	0.0161268655396606
FL	-38200	0.0311778025846779	0.0124344811190652	DHL	-38200	0.0325240984325504	0.0160136221174222
FL	-38400	0.0330787714585548	0.00973661970128557	DHL	-38400	0.0334278327356219	0.015250759242444
FL	-38600	0.0351193779205551	0.0105127002731973	DHL	-38600	0.0349712975815898	0.0138386635001425
FL	-38800	0.0376648598165305	0.00890830866167412	DHL	-38800	0.033906079049061	0.0127945356026808
FL	-39000	0.0377000867050625	0.00899937462519508	DHL	-39000	0.0347557874609805	0.0127370044212856
FL	-39200	0.0380620507796733	0.01044748173515	DHL	-39200	0.0336623140602812	0.0136664755129696
FL	-39400	0.037647283063008	0.011159001164786	DHL	-39400	0.0328132543232007	0.0118833171056425
FL	-39600	0.0362904017973649	0.00885472156854784	DHL	-39600	0.0335030316278048	0.0109240417469334
FL	-39800	0.0368131766035896	0.0095875967016103	DHL	-39800	0.0328695398071557	0.0114815621916446
FL	-40000	0.0351682399143513	0.00786602211626065	DHL	-40000	0.0360690900510977	0.0132988997085215
FL	-40200	0.0325390820157858	0.00703570984621351	DHL	-40200	0.0356096656628695	0.0137902497412492
FL	-40400	0.0344949007821364	0.00601095390544538	DHL	-40400	0.0362836182837201	0.0146785969183058
FL	-40600	0.0335186749315671	0.00568858999542615	DHL	-40600	0.0352378235910101	0.0140915483505391
FL	-40800	0.0346781946212596	0.0051794789963136	DHL	-40800	0.0349979708000429	0.0144858532589206
FL	-41000	0.0381839620691205	0.0067129686746557	DHL	-41000	0.0326932017905314	0.0141622925266762
FL	-41200	0.0393260034528502	0.00913923577803784	DHL	-41200	0.0305012331622445	0.0105795944770181
FL	-41400	0.035396897944316	0.00681451827782626	DHL	-41400	0.0312032545862062	0.011356210821867
FL	-41600	0.0375152739153634	0.0084037197032488	DHL	-41600	0.0311153018343249	0.0111597108544142
FL	-41800	0.0365569138862059	0.0068906117401186	DHL	-41800	0.0297230764645632	0.00954520097033528
FL	-42000	0.0362214648322466	0.00796837984762644	DHL	-42000	0.0290244768270507	0.0089868079913196
FL	-42200	0.0380350331535152	0.00823991276254225	DHL	-42200	0.0284321541650043	0.00800366852803236
FL	-42400	0.0379262058426029	0.0091456590330856	DHL	-42400	0.0283776649429122	0.0106185386697072
FL	-42600	0.0394944101554157	0.0104036319467459	DHL	-42600	0.027984003024803	0.0110529961375863
FL	-42800	0.0392455342816809	0.00980688685932556	DHL	-42800	0.0283510496793582	0.00901970767662001
FL	-43000	0.0398494958462489	0.0117667495428541	DHL	-43000	0.0268457282269353	0.00645643681735581
FL	-43200	0.0413254146614658	0.0135658905883993	DHL	-43200	0.0236326625352809	0.00218095433475519
FL	-43400	0.0367558267419322	0.0159257783919374	DHL	-43400	0.0225906586835314	0.00383508857454212
FL	-43600	0.0358076258745296	0.0153981175077136	DHL	-43600	0.0238757914481538	0.00417493193928478
FL	-43800	0.0352689662356825	0.0150591717974947	DHL	-43800	0.0244609811875048	0.00647626136568457
FL	-44000	0.0346172004035073	0.0141009611557172	DHL	-44000	0.0241607396920842	0.0041152260147639
FL	-44200	0.0330773790159355	0.0139713003469726	DHL	-44200	0.0241111817349532	0.00330956163209684
FL	-44400	0.031720785790128	0.0137806956799053	DHL	-44400	0.0237644986645623	0.00231955328394812
FL	-44600	0.0305719363870906	0.013247907260444	DHL	-44600	0.0212284697884991	0.00325569209853652
FL	-44800	0.0317812472652513	0.0130364581579947	DHL	-44800	0.0222052472242862	0.00339722496585044
FL	-45000	0.0318466688192899	0.012504952817383	DHL	-45000	0.0227609088362095	0.00451053821752137
FL	-45200	0.0302285972901695	0.0157002446514025	DHL	-45200	0.0259203545173341	0.00720983846399437
FL	-45400	0.0303481662870681	0.00985970129067317	DHL	-45400	0.0287744009778224	0.00489643238319951
FL	-45600	0.0297127129211066	0.00928363016425041	DHL	-45600	0.028269378368874	0.00344883406406062
FL	-45800	0.0313799032466219	0.00979167718238985	DHL	-45800	0.0289946440068349	0.00528608760064404
FL	-46000	0.0324048341482911	0.00647923717376142	DHL	-46000	0.0313662168835869	0.00653746625308836
FL	-46200	0.0301224924787197	0.00585681324934353	DHL	-46200	0.0319596554073833	0.0074335555294648
FL	-46400	0.0297479630006835	0.00958625160518564	DHL	-46400	0.031718976924079	0.00509450653367586
FL	-46600	0.0279957619351221	0.0130491905421774	DHL	-46600	0.0311702540066102	0.00527446259118362
FL	-46800	0.0274283716029389	0.0130586713233117	DHL	-46800	0.0310693163817195	0.00532688318440301
FL	-47000	0.027977992085678	0.0133692063793996	DHL	-47000	0.030384103158599	0.00248528781573289
FL	-47200	0.0292241175246282	0.013699118743838	DHL	-47200	0.0293894829358349	0.0021863843626319
FL	-47400	0.0278463005457168	0.013335877003258	DHL	-47400	0.0279890483743614	0.00346040853085017
FL	-47600	0.0269363225346519	0.0130185434068384	DHL	-47600	0.0269578735408576	0.0049018264468449
FL	-47800	0.0255847623856044	0.0124899341320259	DHL	-47800	0.026605678112768	0.00624973505098
FL	-48000	0.0262187381487205	0.0129735018592362	DHL	-48000	0.0266810587698758	0.00816301047026236
FL	-48200	0.0262678883496309	0.0141876879575996	DHL	-48200	0.0283544095660063	0.00913033461868969
FL	-48400	0.0263386089671107	0.0134763203653174	DHL	-48400	0.0282959815581566	0.00844183531798508
FL	-48600	0.0265798258405686	0.0137645734114304	DHL	-48600	0.0284267756908742	0.00807398160292333
FL	-48800	0.0267758005906465	0.014265431985734	DHL	-48800	0.0287481858203308	0.00904175576082175
FL	-49000	0.0278586971499573	0.0169078773017055	DHL	-49000	0.0295642472707083	0.00982405583485741
FL	-49200	0.0276867495510196	0.0171616402675518	DHL	-49200	0.0279615232359066	0.00991699510055946
FL	-49400	0.027471029381976	0.0156842433311791	DHL	-49400	0.0271784504134261	0.00801907597043924
FL	-49600	0.0314255645358527	0.015067713691987	DHL	-49600	0.026083124977405	0.00568387483821728
FL	-49800	0.0345126331063552	0.0209854610019489	DHL	-49800	0.0258678601300174	0.00417897700320452
FL	-50000	0.0330536640848676	0.0173790228116411	DHL	-50000	0.0247752874716628	0.00402424915274854
FL	-50200	0.0325039133654594	0.0150352183705954	DHL	-50200	0.0251377245831241	0.00470801012691828
FL	-50400	0.032952391975777	0.0159262891122124	DHL	-50400	0.0263803245493671	0.00506297126262885
FL	-50600	0.0353009060201935	0.0128785736210602	DHL	-50600	0.0253843867861706	0.00689670469421414
FL	-50800	0.034575803863521	0.0134775418434471	DHL	-50800	0.0254424489820462	0.00718913735047979
FL	-51000	0.032686175189766	0.00864261204599929	DHL	-51000	0.024368248842398	0.00643257668641719
FL	-51200	0.0298176289555332	0.00549887041986955	DHL	-51200	0.0240147205936856	0.00629729948191464
FL	-51400	0.0293001272354657	0.00957691811754716	DHL	-51400	0.0241465448532022	0.00550994576904921
FL	-51600	0.0291141856958849	0.00937656948012133	DHL	-51600	0.0222471575470998	0.00514178062100468
FL	-51800	0.0307723748730174	0.0102073410066304	DHL	-51800	0.0229056973074562	0.00562391548419241
FL	-52000	0.0293684262530326	0.00960097013707983	DHL	-52000	0.0235520421355835	0.00467922605797691
FL	-52200	0.0294459675413883	0.00893372603809429	DHL	-52200	0.0257132063289288	0.00593445179886495
FL	-52400	0.0315720959840349	0.0102752922103924	DHL	-52400	0.0262753468639506	0.00620122851227637
FL	-52600	0.0319602615824487	0.0107109471145631	DHL	-52600	0.0260896297500493	0.00714164383166209
FL	-52800	0.0341573797625633	0.00844819137612416	DHL	-52800	0.0247246531845967	0.00877180825937829
FL	-53000	0.0358652541222737	0.00932753659456682	DHL	-53000	0.0243057944503312	0.00672218052622516
FL	-53200	0.0360684685227379	0.00873954539688612	DHL	-53200	0.0244639210937404	0.00732277311477993
FL	-53400	0.03340369008479	0.00816987130571447	DHL	-53400	0.0222386355423304	0.00873161472867241
FL	-53600	0.0313960866418313	0.0072096105976289	DHL	-53600	0.0228033857953325	0.0101841500270098
FL	-53800	0.0317412153514674	0.00586553952294854	DHL	-53800	0.021006081231463	0.00990202697568235
FL	-54000	0.0292465904168092	0.0102638612981965	DHL	-54000	0.0231578035764503	0.00998606169245635
FL	-54200	0.028140671272717	0.00815013393415401	DHL	-54200	0.0239594585606507	0.0100348461935091
FL	-54400	0.0265364127131822	0.0129275602689225	DHL	-54400	0.0241995207605171	0.00633631423456439
FL	-54600	0.0263496902699288	0.012942355682309	DHL	-54600	0.0253477556944169	0.00353486508451014
FL	-54800	0.0260356302995014	0.0123100140986663	DHL	-54800	0.0271018972537285	0.00240677378750599
FL	-55000	0.0260030274562407	0.0127102601819208	DHL	-55000	0.0289715890283448	0.00225376136765774
FL	-55200	0.02602775198238	0.0134741607410022	DHL	-55200	0.0297735097986506	0.00586127097939426
FL	-55400	0.0256449296764171	0.0132642199163293	DHL	-55400	0.0298853476916173	0.00723176347048224
FL	-55600	0.0253221383726373	0.0133395834578399	DHL	-55600	0.0293438329020579	0.00589347680042545
FL	-55800	0.0253473640476445	0.0138007472139629	DHL	-55800	0.0273064219162467	0.00607198469362857
FL	-56000	0.0263437127382357	0.0135994233282716	DHL	-56000	0.0266948057030651	0.00344430343368561
FL	-56200	0.0258461179716712	0.0138948388542584	DHL	-56200	0.0264097979478163	0.00450111092535611
FL	-56400	0.0261376246225461	0.0146571662371845	DHL	-56400	0.0261122233316425	0.00514248141163832
FL	-56600	0.0245222351684314	0.0136686106652176	DHL	-56600	0.0249765995729122	0.00368791299519766
FL	-56800	0.0260184407527034	0.0139773453352611	DHL	-56800	0.0254627710480071	0.00458024926769835
FL	-57000	0.0278386537725012	0.014838602934504	DHL	-57000	0.0254091738158849	0.00271063445990505
FL	-57200	0.0245112361918825	0.0127373926241077	DHL	-57200	0.023473481687725	0.00522228654813374
FL	-57400	0.0224260148482585	0.0112074982809575	DHL	-57400	0.0213799569340928	0.00613177403804918
FL	-57600	0.0236100056048117	0.0122454855125005	DHL	-57600	0.0239488389763837	0.0060423268065688
FL	-57800	0.0248995931147636	0.00933893962596876	DHL	-57800	0.022882472157188	0.00784942042970504
FL	-58000	0.0265988689310962	0.00955206739380177	DHL	-58000	0.0239939908915856	0.0104879442865904
FL	-58200	0.0303381099812136	0.00841473719436066	DHL	-58200	0.0248950673822917	0.00929869763186407
FL	-58400	0.029407364758009	0.00748000673273369	DHL	-58400	0.0258065041230113	0.00833703685027515
FL	-58600	0.02979189395054	0.0082388135282612	DHL	-58600	0.0251820775514131	0.00582886923530151
FL	-58800	0.0285560431657887	0.0107471664758808	DHL	-58800	0.0268127950959774	0.00545256205228613
FL	-59000	0.0267662620866269	0.0115552197130822	DHL	-59000	0.0264355324168967	0.00407059313486223
FL	-59200	0.0293500114426117	0.00809960628377468	DHL	-59200	0.0269458820859211	0.00464035256304706
FL	-59400	0.028495276193419	0.00770079556695607	DHL	-59400	0.0266515604925166	0.0058998406319812
FL	-59600	0.0283430872674239	0.0060215048599829	DHL	-59600	0.0264736534302493	0.00674505879424628
FL	-59800	0.0285968081699156	0.0041856813495481	DHL	-59800	0.0263189826150623	0.00748760419786722
FL	-60000	0.0296326727975752	0.00370697140239845	DHL	-60000	0.0277557084999945	0.00902338941585394
FL	-60200	0.0288269879663756	0.00266064132108048	DHL	-60200	0.0270236133195751	0.00915856100660957
FL	-60400	0.0301343566241921	0.00289723219604297	DHL	-60400	0.0282658401984392	0.00825104734141534
FL	-60600	0.0273844893946931	0.00656570577613458	DHL	-60600	0.0269381090814993	0.0108806911048905
FL	-60800	0.0294136046800658	0.00459316991431832	DHL	-60800	0.0281062016887407	0.00928635734177707
FL	-61000	0.0278326972291762	0.00495689888767554	DHL	-61000	0.0265575984809482	0.00890904622036514
FL	-61200	0.0269749524401797	0.00946541097346016	DHL	-61200	0.0242996224447874	0.0105665265682048
FL	-61400	0.0285161220154332	0.00900439676447317	DHL	-61400	0.0239812835550761	0.00847405557968896
FL	-61600	0.0281797865569493	0.0085378999447395	DHL	-61600	0.0247301033384878	0.00873905891134586
FL	-61800	0.0256160010121324	0.00823603595039882	DHL	-61800	0.0237173784095777	0.00883974491698661
FL	-62000	0.025246046361529	0.00581726497201916	DHL	-62000	0.0243779962451242	0.0094762480436127
FL	-62200	0.0222765771666405	0.0105970836433663	DHL	-62200	0.0265262322245041	0.0102271210263989
FL	-62400	0.0224703892546183	0.0110305399050705	DHL	-62400	0.0267151805843007	0.0095558240687248
FL	-62600	0.0232478973258836	0.0128981847902265	DHL	-62600	0.0278945668208911	0.0101809363586554
FL	-62800	0.0249282350321488	0.0123446644137469	DHL	-62800	0.0299101381792135	0.00845354950456938
FL	-63000	0.0255563840907047	0.0126702989306677	DHL	-63000	0.0298742716914602	0.00497108174486983
FL	-63200	0.0251223698790013	0.013061867514386	DHL	-63200	0.0290671849805369	0.00513038440475892
FL	-63400	0.0256854587234656	0.0123860121806431	DHL	-63400	0.0329870336585807	0.00856184495578956
FL	-63600	0.0248754516199187	0.0121870465179849	DHL	-63600	0.0338383841997962	0.0115522830182279
FL	-63800	0.0275218202465699	0.00670110603101859	DHL	-63800	0.0305121366157728	0.00976148775152914
FL	-64000	0.0286938015492599	0.00867886211324399	DHL	-64000	0.028053217314854	0.0079148880470834
FL	-64200	0.0293178263027226	0.00768931373096087	DHL	-64200	0.025574667120379	0.00754273192479268
FL	-64400	0.0298688422598826	0.00720798461338607	DHL	-64400	0.0267091899750345	0.00765694912111312
FL	-64600	0.0313127662656408	0.00921425580529182	DHL	-64600	0.025262562073595	0.00824104589230001
FL	-64800	0.0316031774465894	0.0160192806565369	DHL	-64800	0.024597160179601	0.0076513331288848
FL	-65000	0.0346252447035181	0.012105356937685	DHL	-65000	0.025803070813255	0.00809322720664892
FL	-65200	0.0307080343315643	0.00871264109683008	DHL	-65200	0.0266061263234414	0.00902016277124825
FL	-65400	0.0342578229609146	0.00858052189423145	DHL	-65400	0.0259407355056098	0.0064306373962192
FL	-65600	0.0334522123555479	0.00787275437018624	DHL	-65600	0.0257655559318461	0.00529424319872645
FL	-65800	0.0364095870152643	0.00953449019372424	DHL	-65800	0.026145944864592	0.0067794078887486
FL	-66000	0.0367213072471084	0.00801778968041821	DHL	-66000	0.0257096810384887	0.00557593100669439
FL	-66200	0.0381098141410978	0.00991513754779891	DHL	-66200	0.0246704274568788	0.00567437676383758
FL	-66400	0.0329457207484746	0.00807126307910045	DHL	-66400	0.0237078346735495	0.00498532275135965
FL	-66600	0.0332201197709608	0.00963743719417597	DHL	-66600	0.0254240494063862	0.00602833173370262
FL	-66800	0.0332908103482498	0.0121744520487742	DHL	-66800	0.0268934733805899	0.00715535848344105
FL	-67000	0.0359787323929115	0.0158859163244448	DHL	-67000	0.0263569286534581	0.00639609101250154
FL	-67200	0.0370721126546891	0.0158379346232649	DHL	-67200	0.0273748241640385	0.00845236215866823
FL	-67400	0.0323025545619584	0.0121838206074259	DHL	-67400	0.0296835810936675	0.00609958796325087
FL	-67600	0.0307069056412164	0.0112347664756178	DHL	-67600	0.0319983172619226	0.00798201913027595
FL	-67800	0.0319441241768738	0.0115858207879039	DHL	-67800	0.0319281514198387	0.0106551853914935
FL	-68000	0.0325815833756853	0.0135608182746651	DHL	-68000	0.0317772683570507	0.0143211679710487
FL	-68200	0.0298716314280672	0.0149926264243822	DHL	-68200	0.0297956463863252	0.00703786583055245
FL	-68400	0.0288978122484454	0.0137391144809261	DHL	-68400	0.0276355964669549	0.00538872971687871
FL	-68600	0.0285962125126533	0.0129940770071397	DHL	-68600	0.0275316379992767	0.00762071304400242
FL	-68800	0.027872047707684	0.0117538983964367	DHL	-68800	0.029155776510091	0.00650575608587097
FL	-69000	0.0274375146462053	0.0114375498895426	DHL	-69000	0.0301046951174606	0.00583605207664506
FL	-69200	0.0254550445428935	0.00955092161797444	DHL	-69200	0.0292615932163496	0.0046470286294582
FL	-69400	0.0238773117804512	0.00931924926473556	DHL	-69400	0.0310021159335671	0.00613491162903028
FL	-69600	0.0244050730763712	0.00886755723049615	DHL	-69600	0.0302315331605493	0.00670783491661809
FL	-69800	0.025154701757156	0.00873846252919233	DHL	-69800	0.0294073687399668	0.00602271486007036
FL	-70000	0.0265454461786775	0.00936871040817806	DHL	-70000	0.0310643350628004	0.00562868564627084
FL	-70200	0.0288321855568627	0.00757490284418247	DHL	-70200	0.0312497368306342	0.00620578401256179
FL	-70400	0.0308642594201296	0.00332841828794577	DHL	-70400	0.0306411221652867	0.00533696832289088
FL	-70600	0.026692175452793	0.00601501207502114	DHL	-70600	0.0293911821208962	0.0057416762861447
FL	-70800	0.028253345146946	0.00432337248611881	DHL	-70800	0.0285608463453709	0.00520293512111482
FL	-71000	0.0306374385062697	0.009283282433946	DHL	-71000	0.0274885975797181	0.00456268271947451
FL	-71200	0.0292902600187945	0.00511140093974323	DHL	-71200	0.0275377978424555	0.00640309279259984
FL	-71400	0.0282190030057216	0.00460229828082116	DHL	-71400	0.0257942190259943	0.0073680428231432
FL	-71600	0.0297965240302967	0.00593191723160523	DHL	-71600	0.0271892228371582	0.00930153438278026
FL	-71800	0.0304840352454994	0.00684083366275283	DHL	-71800	0.0257444067468528	0.00953531210951879
FL	-72000	0.0267741098370319	0.00818687879988776	DHL	-72000	0.0241894014022121	0.00740045231401089
FL	-72200	0.0283070581299792	0.00873573242845494	DHL	-72200	0.0238574120128588	0.00755138327098816
FL	-72400	0.0283053446853703	0.0105394297301013	DHL	-72400	0.0235322982722525	0.00675215573012119
FL	-72600	0.0280278544067735	0.0101803027548896	DHL	-72600	0.0255553577876901	0.00786280980460819
FL	-72800	0.0307671571686802	0.00983064074864365	DHL	-72800	0.0254776391164032	0.00622291291269623
FL	-73000	0.0297408622235881	0.0090412731338695	DHL	-73000	0.0239737556730679	0.00380947611318306
FL	-73200	0.0308404803475292	0.00698227789481106	DHL	-73200	0.025901680298055	0.00484428534062709
FL	-73400	0.0336936610229706	0.00896889136476322	DHL	-73400	0.0271739057518362	0.00430686638312492
FL	-73600	0.0378809093233565	0.0137492664943716	DHL	-73600	0.0264830259273748	0.00618572274580924
FL	-73800	0.0349785422720368	0.00777502445839366	DHL	-73800	0.0289041493084929	0.00763635651797365
FL	-74000	0.0302528475215223	0.00860028911092819	DHL	-74000	0.0295087266443765	0.00792893058677109
FL	-74200	0.0297786276090198	0.00872834746392351	DHL	-74200	0.0326339380705885	0.0104293317531811
FL	-74400	0.0286877705543553	0.0109956966605433	DHL	-74400	0.0324569782521211	0.00940426390503104
FL	-74600	0.0283688934752279	0.011257145591533	DHL	-74600	0.0328173870736306	0.01135376849046
FL	-74800	0.0298791909989075	0.010994483312827	DHL	-74800	0.032058809646238	0.00942118379771426
FL	-75000	0.0305035523769318	0.00988222897962817	DHL	-75000	0.0324267922848665	0.00971021101172847
FL	-75200	0.0301529329592994	0.0112219739205118	DHL	-75200	0.030428108402023	0.00446966307238695
FL	-75400	0.0312477319262728	0.0100859913795224	DHL	-75400	0.0304371498336822	0.00434568052501613
FL	-75600	0.0326003234822638	0.0127712079140601	DHL	-75600	0.0303742106624708	0.00369410220252308
FL	-75800	0.0310968183117864	0.0113604700940326	DHL	-75800	0.0292927416543819	0.00250737040187943
FL	-76000	0.0319922626095337	0.00869869924801003	DHL	-76000	0.0281573567326928	0.00515119764113555
FL	-76200	0.0325928676554178	0.00932159087175942	DHL	-76200	0.0299007078015312	0.00637642158841826
FL	-76400	0.0309513108540806	0.00944233312851018	DHL	-76400	0.0278352582576776	0.00478725021860448
FL	-76600	0.0291868591474516	0.0106731280216158	DHL	-76600	0.0282210258406878	0.00424608627807295
FL	-76800	0.0299583494070816	0.0130144136069217	DHL	-76800	0.0297220725215656	0.00352288479416154
FL	-77000	0.0316031680938198	0.0132259909253546	DHL	-77000	0.0300740899004176	0.00407624383668048
FL	-77200	0.0335406456387513	0.0180107098501246	DHL	-77200	0.0290070119554016	0.0051690513050834
FL	-77400	0.0332313448425373	0.018102150163552	DHL	-77400	0.0300405001566384	0.00348853223152089
FL	-77600	0.0295522776643881	0.0127224974637293	DHL	-77600	0.0287311724226493	0.00436141769488285
FL	-77800	0.0295702876860179	0.00846509668555315	DHL	-77800	0.0298233038424809	0.00501580810134615
FL	-78000	0.0333780810936909	0.0130699404751699	DHL	-78000	0.0300634982685402	0.00426185662827473
FL	-78200	0.029047016561335	0.00976108482259478	DHL	-78200	0.0289622774321397	0.00486924106987144
FL	-78400	0.0308214254327423	0.0129966087532035	DHL	-78400	0.0278858957039933	0.0052999851482289
FL	-78600	0.0328459870672274	0.0115040723547253	DHL	-78600	0.0288165227925697	0.00545581509702953
FL	-78800	0.0347317729608259	0.012018990714051	DHL	-78800	0.0319320598369934	0.0051493263773818
FL	-79000	0.0351338187347862	0.0116766268681652	DHL	-79000	0.0304150916222407	0.00379726142177726
FL	-79200	0.029348875757017	0.00857586210927419	DHL	-79200	0.0285474385741617	0.00450712736638848
FL	-79400	0.0283386466722279	0.0095385236537847	DHL	-79400	0.0297096026457593	0.00585851647657866
FL	-79600	0.0261112142278479	0.0139811988909302	DHL	-79600	0.0297691071515538	0.00728887775563649
FL	-79800	0.0279337009155283	0.00860155698024288	DHL	-79800	0.030637492778463	0.0100289658998608
FL	-80000	0.0265792294358616	0.00826895632863359	DHL	-80000	0.0300047563859586	0.00813993956239051
FL	-80200	0.0285520054968912	0.0093088775023157	DHL	-80200	0.028538127161936	0.00625720772998512
FL	-80400	0.0235665088096127	0.0123626593952205	DHL	-80400	0.0288597765660538	0.00857492283617611
FL	-80600	0.0240777252665072	0.0122405471303915	DHL	-80600	0.0304759951666982	0.0067528638269939
FL	-80800	0.0239813271609096	0.0138193643325818	DHL	-80800	0.030218476765666	0.00749680991601969
FL	-81000	0.0244222832104505	0.0149121645305304	DHL	-81000	0.0275569977186615	0.0051476767687436
FL	-81200	0.0281474979376144	0.0117289110704239	DHL	-81200	0.0270768111515591	0.0034184280920179
FL	-81400	0.0307462951348743	0.00839490321729493	DHL	-81400	0.0279389621880465	0.00747157012961548
FL	-81600	0.0325318032504291	0.00849153959584727	DHL	-81600	0.0288530962324389	0.00733165402359603
FL	-81800	0.0320384037429145	0.00875478734741091	DHL	-81800	0.0261773645882655	0.00861774685464788
FL	-82000	0.0324663443557838	0.00922130751834828	DHL	-82000	0.0261036159871877	0.00921737227433117
FL	-82200	0.0344828466081477	0.0115758886826577	DHL	-82200	0.0260167805826305	0.00579207366401507
FL	-82400	0.033857469075829	0.0116138200179772	DHL	-82400	0.0277073011266701	0.0057211774465176
FL	-82600	0.033396463868187	0.0114228058941477	DHL	-82600	0.0288031776760216	0.0058424636291
FL	-82800	0.0307595760211918	0.0118201413771606	DHL	-82800	0.0271400170211316	0.00397093449090679
FL	-83000	0.031179117360801	0.0117323089929618	DHL	-83000	0.0270831775207508	0.00368228292151481
FL	-83200	0.0335227594296193	0.0109949614598262	DHL	-83200	0.0284919838251741	0.00340007443785681
FL	-83400	0.0346269857889686	0.0110130485396223	DHL	-83400	0.0285034932944844	0.00449730070135418
FL	-83600	0.0314817340117004	0.00698796210949057	DHL	-83600	0.0295679555412191	0.0034703870084385
FL	-83800	0.029499552725828	0.016935067128197	DHL	-83800	0.0282964593448943	0.00282952318456595
FL	-84000	0.0319776611619833	0.0104917916683295	DHL	-84000	0.0279316791274973	0.00275436457126558
FL	-84200	0.0302076629502879	0.00935841524386293	DHL	-84200	0.0275423782056897	0.00381446793688269
FL	-84400	0.0335092305104635	0.00787440085639866	DHL	-84400	0.0252273645927492	0.00438879036779905
FL	-84600	0.0339321733361064	0.00801767020047087	DHL	-84600	0.0259410290514478	0.00675805081658113
FL	-84800	0.0347337559571093	0.0064844290744068	DHL	-84800	0.0277551675155247	0.0085096107593696
FL	-85000	0.0341895839751856	0.00603989176096611	DHL	-85000	0.0262902694730177	0.0107433417627386
FL	-85200	0.0334152593783162	0.00577082687870209	DHL	-85200	0.0253638486086879	0.0103468591371169
FL	-85400	0.0307205292243033	0.00854975319718792	DHL	-85400	0.0251970258450604	0.0100463649926382
FL	-85600	0.0290042584463733	0.0149328479732811	DHL	-85600	0.023749009261519	0.00920624771650132
FL	-85800	0.0284809960457563	0.0141749942401869	DHL	-85800	0.0255653764178037	0.0103212253079087
FL	-86000	0.0272924447698739	0.0136116862987406	DHL	-86000	0.0269192792817886	0.00692337091593498
FL	-86200	0.0277776742136097	0.0139154837345588	DHL	-86200	0.028041983885682	0.00820250812417452
FL	-86400	0.0289190061798081	0.0145382450023339	DHL	-86400	0.0287714241368973	0.0109031851487631
FL	-86600	0.029241553091048	0.0150307675900791	DHL	-86600	0.0307289613549375	0.0116862354746403
FL	-86800	0.0298412532576542	0.0164753566815978	DHL	-86800	0.0316310934802499	0.0122585773543811
FL	-87000	0.027836981251467	0.0141694190960766	DHL	-87000	0.0332677118976581	0.0109937219747853
FL	-87200	0.0292100582923038	0.0153065723143514	DHL	-87200	0.0325287743093341	0.0109511190383713
FL	-87400	0.0297210383663926	0.0147398225515574	DHL	-87400	0.0298705286115027	0.0105240843537975
FL	-87600	0.0269714620973453	0.0159488248246863	DHL	-87600	0.0283805687747027	0.00709509518050452
FL	-87800	0.0285543666269333	0.0156430552654147	DHL	-87800	0.0288322227711428	0.00898187816901885
FL	-88000	0.0264581616022499	0.0164855790352425	DHL	-88000	0.0270601019896319	0.0110617907554365
FL	-88200	0.0262389176070206	0.0164919713786462	DHL	-88200	0.0269444675088025	0.0110322508419132
FL	-88400	0.0254554061378392	0.0130380794097267	DHL	-88400	0.0280527552850918	0.00987007987086394
FL	-88600	0.0296946277242742	0.00745058950647062	DHL	-88600	0.0265707813925703	0.00957494571362458
FL	-88800	0.0306251156752266	0.00768112405384987	DHL	-88800	0.0270290706160543	0.0084336131954026
FL	-89000	0.0311794007424941	0.0104312181702526	DHL	-89000	0.0296732256835453	0.0103673198907189
FL	-89200	0.0282695254423059	0.0102089902866418	DHL	-89200	0.0312909487853957	0.0115831215615962
FL	-89400	0.0307057385023381	0.0118618637150779	DHL	-89400	0.0291595532807541	0.0153614776010583
FL	-89600	0.0293145976805601	0.0127966740682312	DHL	-89600	0.030956809011962	0.0168714351859134
FL	-89800	0.0302149396646864	0.0129701637863887	DHL	-89800	0.0332644865880323	0.0150096527980462
FL	-90000	0.0308441030364677	0.0125393258999839	DHL	-90000	0.0302741102279085	0.0163705443433026
FL	-90200	0.0298244074414406	0.0132455086492438	DHL	-90200	0.0302253793506844	0.0174806776501078
FL	-90400	0.0310555657651605	0.0125599674293152	DHL	-90400	0.0296987053863301	0.016615732560542
FL	-90600	0.0306802662991547	0.0104594702749671	DHL	-90600	0.0295378292979803	0.0171572074105982
FL	-90800	0.0273687774958329	0.0110631985819781	DHL	-90800	0.0266973174025733	0.0124291275200669
FL	-91000	0.0277627174252608	0.0143603485083213	DHL	-91000	0.0256181285503393	0.0104664639980605
FL	-91200	0.0283697626727371	0.014904221669547	DHL	-91200	0.0254440886974244	0.00770039286440828
FL	-91400	0.0255706960967074	0.0138775571750687	DHL	-91400	0.0265369624691305	0.00696732047138066
FL	-91600	0.0259213845695785	0.0139192235476871	DHL	-91600	0.027593512091333	0.0100444939920089
FL	-91800	0.0268189677448295	0.00934049246794194	DHL	-91800	0.0263405975268979	0.0124425730106995
FL	-92000	0.0256467326894783	0.00844217592966694	DHL	-92000	0.0217399203164528	0.0124846193938803
FL	-92200	0.0279430998451522	0.0113611727642498	DHL	-92200	0.0243989043314835	0.0110771241748143
FL	-92400	0.0265231783141978	0.0136085045564399	DHL	-92400	0.0249264291285699	0.0108535978387499
FL	-92600	0.0255396509269269	0.013427321818079	DHL	-92600	0.0268664976981966	0.0113087042407282
FL	-92800	0.028000972381794	0.0103756541695479	DHL	-92800	0.029526399128908	0.0107847486199284
FL	-93000	0.0290446343534101	0.0107615865411721	DHL	-93000	0.0271179360757981	0.00676032586222297
FL	-93200	0.0280699993768839	0.0115943318599659	DHL	-93200	0.0240333297451498	0.0100162812610227
FL	-93400	0.0304651676282094	0.0123800576446366	DHL	-93400	0.0231928832970221	0.00937035749991838
FL	-93600	0.0321076814043089	0.0116389714635253	DHL	-93600	0.02476361436358	0.010146489957412
FL	-93800	0.0314635535315408	0.0126367305096428	DHL	-93800	0.0239759734540867	0.00946312586156464
FL	-94000	0.0292900041997148	0.0117801715183251	DHL	-94000	0.0222197811892417	0.0100136560434932
FL	-94200	0.0292647978432789	0.0131195868891788	DHL	-94200	0.0234800316453986	0.0100533450269097
FL	-94400	0.0309714040617768	0.0100339350262405	DHL	-94400	0.0236871962504874	0.0107852796233909
FL	-94600	0.0301475719252201	0.00826168995550071	DHL	-94600	0.0247684837421037	0.0125862615727799
FL	-94800	0.0284786253506941	0.0101350651318883	DHL	-94800	0.0229812015373828	0.0106756623182233
FL	-95000	0.0270034892131125	0.00996806182954352	DHL	-95000	0.0219048714601932	0.0101374026891843
FL	-95200	0.0247966358393259	0.00829361937223955	DHL	-95200	0.0210930003183744	0.00863989580951527
FL	-95400	0.0271012837805642	0.00888498374345665	DHL	-95400	0.0243823717894258	0.00881513986007189
FL	-95600	0.0272181128724093	0.0099468553402283	DHL	-95600	0.0260212194117907	0.0080532423432926
FL	-95800	0.0290519546650099	0.00963501639684	DHL	-95800	0.0281110230779109	0.00810063593092327
FL	-96000	0.0297365068926875	0.00872254765023918	DHL	-96000	0.0307187163798093	0.0095040359168444
FL	-96200	0.0300654981224685	0.00882828324965946	DHL	-96200	0.0290758226218113	0.00864657648555894
FL	-96400	0.0333616831059799	0.0108731677868195	DHL	-96400	0.0307934113801752	0.00640328927630861
FL	-96600	0.0327208458176948	0.010057561621199	DHL	-96600	0.0281026546390835	0.00687642899157265
FL	-96800	0.0344007359988732	0.0101631439651431	DHL	-96800	0.0283031028921694	0.00656006381088584
FL	-97000	0.0341975103637104	0.0108823557284587	DHL	-97000	0.0282410786171587	0.00667267248315653
FL	-97200	0.0336093557966646	0.0105780766537638	DHL	-97200	0.0245287965104616	0.00722195240156958
FL	-97400	0.0306423694412625	0.00938581206553065	DHL	-97400	0.0228170887540424	0.00970703110508106
FL	-97600	0.0314380011194431	0.00758640339120515	DHL	-97600	0.0228507086690927	0.00972133396223613
FL	-97800	0.0325138582798147	0.00971286244806832	DHL	-97800	0.0240550114466705	0.00548181988776286
FL	-98000	0.0347548215081038	0.0116957517225103	DHL	-98000	0.0266430897507114	0.00809487658201941
FL	-98200	0.0388251402296583	0.00882154206336149	DHL	-98200	0.0299761605418109	0.0107374588759182
FL	-98400	0.0389612644374449	0.00995376216033496	DHL	-98400	0.030538243192632	0.0116455618177196
FL	-98600	0.0371030167544616	0.0111783397304524	DHL	-98600	0.0273841823811683	0.00884426077976164
FL	-98800	0.0370812109876278	0.00745273466331526	DHL	-98800	0.0276004273598565	0.00885674336897615
FL	-99000	0.0374973052142643	0.00843377576152671	DHL	-99000	0.0263152221467116	0.00497943792835275
FL	-99200	0.0353491266783291	0.00669936083487474	DHL	-99200	0.0264679661630571	0.00590107313917889
FL	-99400	0.0352840334691858	0.0076792817398582	DHL	-99400	0.0255705987457581	0.00575253318982519
FL	-99600	0.0362922636871215	0.00668629110462459	DHL	-99600	0.0293299877650503	0.00941604735021367
FL	-99800	0.0321271804080329	0.00980634048288568	DHL	-99800	0.0303959992150184	0.00941974869441402
FL	-100000	0.0301572485284874	0.00998314966613369	DHL	-100000	0.0291932847017645	0.00793028606441469
