V1	Distance	Burden.avg	Burden.sd	V1	Distance	Burden.avg	Burden.sd
FL	0	0.0304879982105509	0.0107858578621114	DHL	0	0.0909382429033535	0.0818567140899835
FL	200	0.0296314451943387	0.0103917366889135	DHL	200	0.090140639970279	0.0809601401709727
FL	400	0.0292329041449469	0.00986342516292865	DHL	400	0.0892318409601964	0.0791408628280394
FL	600	0.0286103226088317	0.00914749351622736	DHL	600	0.0904490707278858	0.0801728653910322
FL	800	0.02864287328745	0.00877453914679944	DHL	800	0.0926292900632645	0.0831488967064412
FL	1000	0.0295355442637706	0.00774103243656861	DHL	1000	0.0958849835085506	0.0864821705403604
FL	1200	0.0298901271378338	0.00799638898457479	DHL	1200	0.0968739137825792	0.0868041454586751
FL	1400	0.0306884826534848	0.00749294864100872	DHL	1400	0.100194515879619	0.0902111586981361
FL	1600	0.0330118468778764	0.00636845371151499	DHL	1600	0.101938315781086	0.0911425244720329
FL	1800	0.0330349291423465	0.00605229531750457	DHL	1800	0.103260140224098	0.0929885409894806
FL	2000	0.0329703161325143	0.00626993023705956	DHL	2000	0.103366176966286	0.0928778240499368
FL	2200	0.0336353401496055	0.00667061386487406	DHL	2200	0.101743810249235	0.0908208753727897
FL	2400	0.0338590462814858	0.00730672557611742	DHL	2400	0.101763767695066	0.0898081782706033
FL	2600	0.0338547498624238	0.00795158739386843	DHL	2600	0.100950478875678	0.0858580090359773
FL	2800	0.0337227432027119	0.00915404476497856	DHL	2800	0.0987009617068599	0.0819120586129765
FL	3000	0.0343104747559975	0.00907250689554827	DHL	3000	0.0985123396343773	0.0812195841131666
FL	3200	0.0345461860865385	0.00885451046383011	DHL	3200	0.0998337924109645	0.082607131705899
FL	3400	0.0350512432457296	0.00827197110530286	DHL	3400	0.0994743607101527	0.0813993593340708
FL	3600	0.0358137614093154	0.00789559329225885	DHL	3600	0.0993840041607146	0.0803970661113102
FL	3800	0.0366835996514736	0.00647903679992244	DHL	3800	0.0977112163645334	0.079438383914833
FL	4000	0.0357935887196265	0.00794621175596798	DHL	4000	0.0968350534932918	0.0784803890436464
FL	4200	0.0363566501205939	0.00787973629910329	DHL	4200	0.095208066631059	0.0768229598162659
FL	4400	0.0365677765816888	0.00879473896308673	DHL	4400	0.0937671589455736	0.073688084899928
FL	4600	0.0367555220617363	0.00911283422320186	DHL	4600	0.0939118722307014	0.0749653800118674
FL	4800	0.0361605792053396	0.0095917352746806	DHL	4800	0.0914566745738769	0.0722448252863385
FL	5000	0.0361699457665462	0.00967829270927509	DHL	5000	0.0892010381140577	0.0707596636169572
FL	5200	0.0344697316020914	0.00996413643871239	DHL	5200	0.0899107892820312	0.0729620033796852
FL	5400	0.0339017146490792	0.00889732406307163	DHL	5400	0.089407784749193	0.0712537170793039
FL	5600	0.0337686656102007	0.00780091163663083	DHL	5600	0.0889116850232797	0.0693967724453549
FL	5800	0.0350289449695709	0.00694566187196544	DHL	5800	0.0893647599403474	0.0685415856798977
FL	6000	0.0348959867521424	0.00838730874121703	DHL	6000	0.087834886574615	0.0657142086369503
FL	6200	0.0356259335765929	0.00722260377491291	DHL	6200	0.0887535297610585	0.0659892033985272
FL	6400	0.0375233009126463	0.005168849979902	DHL	6400	0.0883190521235919	0.0649929639542666
FL	6600	0.0357772986267418	0.00564003020571975	DHL	6600	0.0874062208011639	0.0636075812642867
FL	6800	0.036170522905071	0.00600362125406482	DHL	6800	0.0874590901203386	0.06300461621566
FL	7000	0.0370572747857729	0.00558018280544509	DHL	7000	0.0876779939972928	0.0630959223690279
FL	7200	0.0366072472969464	0.00593346608573687	DHL	7200	0.0887715431848137	0.0645834934655489
FL	7400	0.0359594113038767	0.00627080397012763	DHL	7400	0.0880699462163039	0.0642034872374525
FL	7600	0.0353681794842017	0.0068138032129534	DHL	7600	0.0876661596112063	0.0635099596810056
FL	7800	0.0356871487329038	0.00752519469301966	DHL	7800	0.0875806926103752	0.0617655884969854
FL	8000	0.0347315485856391	0.00847386920282286	DHL	8000	0.0879874019321674	0.0603073148456466
FL	8200	0.0354853793354691	0.00763732094432597	DHL	8200	0.086775122515105	0.059225587414344
FL	8400	0.035788037254301	0.00753342260949391	DHL	8400	0.0860468883344265	0.0571375548028524
FL	8600	0.0370113013171146	0.00701319147867079	DHL	8600	0.0843625529772114	0.0562969134090641
FL	8800	0.0363233118955703	0.0075489469834105	DHL	8800	0.0844547769003872	0.0573612984469307
FL	9000	0.0354807274288626	0.00709013617555159	DHL	9000	0.0839511000368564	0.056496459161769
FL	9200	0.0372554298525644	0.0082206294367358	DHL	9200	0.0839575339133948	0.0591633915646417
FL	9400	0.0384328009762022	0.00667068917772043	DHL	9400	0.0831310935451492	0.0576179613250773
FL	9600	0.0377592890451295	0.00721933255188257	DHL	9600	0.0838054370246935	0.0585007228570753
FL	9800	0.0368977278545214	0.00789212237743006	DHL	9800	0.0849933945443398	0.0620022129402038
FL	10000	0.0367537960326181	0.00783367097316903	DHL	10000	0.0852083020366726	0.0637540195447177
FL	10200	0.0371265526445712	0.0082433413455031	DHL	10200	0.0838214211882145	0.061997053060364
FL	10400	0.037479118604096	0.00955293188916729	DHL	10400	0.0846108241847385	0.0632031023986102
FL	10600	0.0370673218357887	0.00957578562791082	DHL	10600	0.085045210244834	0.0632645579621501
FL	10800	0.0371334048977218	0.00980219925630741	DHL	10800	0.0843421174528858	0.0632224865331574
FL	11000	0.035611905301703	0.0105673618455165	DHL	11000	0.0849582763933647	0.0631182535170625
FL	11200	0.0369249116637081	0.00942427783400558	DHL	11200	0.0847748868217291	0.0629454464734821
FL	11400	0.0365750133718733	0.00947843203160036	DHL	11400	0.0843076572032715	0.0614878790583429
FL	11600	0.0373076393784567	0.00935864742027401	DHL	11600	0.0841911356743235	0.0621794764272011
FL	11800	0.0371829590911521	0.00912360967660611	DHL	11800	0.0850632376994678	0.0612626171763082
FL	12000	0.036710794954345	0.00901655612557845	DHL	12000	0.0834261092111945	0.0603176054206613
FL	12200	0.0373510868027214	0.00941362494800079	DHL	12200	0.0801348397725597	0.0571755337216206
FL	12400	0.0375437063736284	0.00961080161630775	DHL	12400	0.0787368244254861	0.0536613297869697
FL	12600	0.0372678076361723	0.00777975317984832	DHL	12600	0.0768200258334653	0.0527728552335958
FL	12800	0.0374780964569969	0.00731814815537239	DHL	12800	0.0764582262546278	0.0525239661010718
FL	13000	0.0387171111994405	0.00764899514572895	DHL	13000	0.0756090499178364	0.0524300180817009
FL	13200	0.03979579793791	0.00821612171409872	DHL	13200	0.0733337220855715	0.0500835500946556
FL	13400	0.039309343328046	0.00912588084570531	DHL	13400	0.0746995019875994	0.0509907414250592
FL	13600	0.0386199521802708	0.00860370134500387	DHL	13600	0.0730163316526958	0.0474991180207105
FL	13800	0.037058880700981	0.00966736125608239	DHL	13800	0.0733877575627545	0.0486905076221352
FL	14000	0.0362437533486177	0.0107410993689749	DHL	14000	0.0731219509244078	0.0494254018852753
FL	14200	0.0363001253807347	0.00999385063501533	DHL	14200	0.0755620979295473	0.0502923457593852
FL	14400	0.0357826904310237	0.00783846944449865	DHL	14400	0.0749393679881978	0.0492137138209417
FL	14600	0.0366054068811734	0.0096202539782804	DHL	14600	0.0741957362851285	0.0491657619907677
FL	14800	0.0375321750709854	0.00962333728863252	DHL	14800	0.0745796241601227	0.0501427067142202
FL	15000	0.0377806297931706	0.0118663955790162	DHL	15000	0.0714278666878126	0.0442706060649987
FL	15200	0.0381481944632022	0.010564921437415	DHL	15200	0.0712150838287027	0.0438066738845953
FL	15400	0.0365701778624787	0.0116037042232169	DHL	15400	0.0708340526393653	0.0437410194378483
FL	15600	0.03590904999532	0.01223536804236	DHL	15600	0.0697178630463567	0.0384557192836251
FL	15800	0.035572724965777	0.012154436746065	DHL	15800	0.0712652163660994	0.0414834666307926
FL	16000	0.0357760725790717	0.0128155637955087	DHL	16000	0.0704762892720405	0.0424752114432835
FL	16200	0.0370193724420728	0.0127143062261985	DHL	16200	0.0706206276019384	0.0432680849511697
FL	16400	0.0394436933679233	0.0104370356323456	DHL	16400	0.0680054241777103	0.0395381889199816
FL	16600	0.0404456892355714	0.0118259934760092	DHL	16600	0.0636377764907882	0.0359197369904063
FL	16800	0.0376886967480686	0.0105338754243397	DHL	16800	0.0629198322941596	0.0365094467901832
FL	17000	0.0378705146931164	0.00993245013802356	DHL	17000	0.0612122543047389	0.0346289507728528
FL	17200	0.0349620803209103	0.0102596664171513	DHL	17200	0.0578496398880757	0.0310382525106508
FL	17400	0.0340462795829791	0.0111309235411043	DHL	17400	0.0556939777593718	0.0280061183258765
FL	17600	0.0326567312987899	0.00974686593153493	DHL	17600	0.0540728742028788	0.0266598717197999
FL	17800	0.0316633595028172	0.0093977444442316	DHL	17800	0.049526042713712	0.0224628913130009
FL	18000	0.0308782084385403	0.00930956079078346	DHL	18000	0.0467980574836298	0.0229006169319099
FL	18200	0.0315077618967227	0.0106334763415273	DHL	18200	0.0443038209947561	0.0169801995047026
FL	18400	0.032651061256244	0.0105117517532562	DHL	18400	0.0414763279343999	0.013661199194074
FL	18600	0.0314775010616944	0.0112955296445851	DHL	18600	0.0385942761938752	0.0111102391516189
FL	18800	0.0316955582635512	0.0116122097153158	DHL	18800	0.0373432642382455	0.0107378180536514
FL	19000	0.0320851519830595	0.0117768489065081	DHL	19000	0.0369222818190832	0.0102651140864011
FL	19200	0.0315797723746437	0.00960994328220188	DHL	19200	0.0353068050813323	0.00779265124649207
FL	19400	0.0306717065749835	0.0126764213307328	DHL	19400	0.0359919575040978	0.00932856560852295
FL	19600	0.0312770996437722	0.012781897893344	DHL	19600	0.0351634811392423	0.00865736136932964
FL	19800	0.0341125932557664	0.00930047976606141	DHL	19800	0.0327893570743488	0.00801899633868701
FL	20000	0.0329984551742038	0.00969061982452183	DHL	20000	0.0327233775859144	0.00698070587176918
FL	20200	0.0307956270860683	0.00940533997644278	DHL	20200	0.0308400645968842	0.00439068386394409
FL	20400	0.0321274813345787	0.00947801515338591	DHL	20400	0.0313679100972747	0.00429845182623999
FL	20600	0.0318376042929631	0.0102079973233846	DHL	20600	0.0323740422288426	0.00794619126201144
FL	20800	0.0324578879619726	0.00949978938626536	DHL	20800	0.0341976625121275	0.00953492635409034
FL	21000	0.0322047960220614	0.0111379318940357	DHL	21000	0.0345558469400988	0.00950975459360445
FL	21200	0.0337401102006573	0.012305862976759	DHL	21200	0.0340712321576998	0.00861634930985324
FL	21400	0.0328479311760218	0.0156004840461193	DHL	21400	0.0322202119254388	0.00772528555012238
FL	21600	0.0326528796758662	0.0142493587882999	DHL	21600	0.0294321605817382	0.00479080296115792
FL	21800	0.0332698277886595	0.0143013108047327	DHL	21800	0.0286804832755063	0.00434414043930674
FL	22000	0.0312800265367887	0.0141738012871257	DHL	22000	0.0281639704300434	0.00475149342164862
FL	22200	0.0317053206641465	0.0119660474627466	DHL	22200	0.0274428392516515	0.00566121783669844
FL	22400	0.0337558596113133	0.013026275280311	DHL	22400	0.0295414052378368	0.0102154968467735
FL	22600	0.0336803348359338	0.013470541965966	DHL	22600	0.0287730689106608	0.00973190230633911
FL	22800	0.0332550029180972	0.0122783946243684	DHL	22800	0.0289554764399294	0.00929890024218948
FL	23000	0.0345784363134436	0.0104887039485301	DHL	23000	0.0297177086708462	0.00737631859233828
FL	23200	0.0353730715833125	0.00927834637977364	DHL	23200	0.0290639778795628	0.00747507370397277
FL	23400	0.035211186420202	0.00931538000808044	DHL	23400	0.0290354087208846	0.00776743793762734
FL	23600	0.0336821845868547	0.0110915481523787	DHL	23600	0.0280832700359908	0.00731647953493171
FL	23800	0.0321155612393107	0.0100759372287167	DHL	23800	0.0274430895225482	0.00705396678128217
FL	24000	0.0318171290555443	0.0116580905703381	DHL	24000	0.029648247855795	0.0081216063996003
FL	24200	0.031416928404936	0.0105979260586357	DHL	24200	0.0292080595293154	0.00703938963595828
FL	24400	0.0314276014930907	0.00935619296562283	DHL	24400	0.0309342279228803	0.00698726349911299
FL	24600	0.0320279942488176	0.00767780818414895	DHL	24600	0.0298378408297585	0.00812964551379207
FL	24800	0.0321679372249487	0.00743164429623965	DHL	24800	0.029943172622274	0.00740274042237931
FL	25000	0.0339140075717216	0.00813277331271938	DHL	25000	0.0305151449339181	0.0074089699081276
FL	25200	0.0369202186888057	0.0179005074151936	DHL	25200	0.0297295117763058	0.00814945486819136
FL	25400	0.0345183508947294	0.015445523750502	DHL	25400	0.0293882653125118	0.0064702964510429
FL	25600	0.0373149040112086	0.0180859453161195	DHL	25600	0.0288248111842469	0.00615328859689246
FL	25800	0.0382264059456114	0.0184629534206561	DHL	25800	0.0292195230145543	0.00760578498283938
FL	26000	0.0403093313088868	0.0170957626051777	DHL	26000	0.0285613105928674	0.00808336783734172
FL	26200	0.0391886826797275	0.0135316416152393	DHL	26200	0.0275730339868194	0.0109496275198159
FL	26400	0.0386509461285618	0.00822066552366571	DHL	26400	0.0272615970722659	0.0129083614915601
FL	26600	0.0391286100537845	0.00828464980616035	DHL	26600	0.0273777446645221	0.0115234911396589
FL	26800	0.0384517041032092	0.00879687150082223	DHL	26800	0.026165623511586	0.0108821549383117
FL	27000	0.0381051671063304	0.00909377908016108	DHL	27000	0.0262445109413073	0.0111238664443799
FL	27200	0.0384565359759927	0.0101010746780537	DHL	27200	0.0257444248501691	0.00836456544401819
FL	27400	0.0380569631471461	0.00941948585746075	DHL	27400	0.0278677744301744	0.00497357027440537
FL	27600	0.0369689375747828	0.0106624919876928	DHL	27600	0.0262771269023282	0.00202735795742382
FL	27800	0.0391823243126153	0.0151271421499866	DHL	27800	0.0282336170488891	0.00399421699494327
FL	28000	0.0361718746074007	0.0179165114115079	DHL	28000	0.0303604016677754	0.00336828929186285
FL	28200	0.0365377183378581	0.0177293229216766	DHL	28200	0.0302893876526424	0.00323792591679863
FL	28400	0.0368490925698109	0.0187085381202728	DHL	28400	0.0289142429304074	0.00272079277608394
FL	28600	0.0336948274143099	0.0203290779023365	DHL	28600	0.0295121618755902	0.00315590680992965
FL	28800	0.0357839283300848	0.0215545583925302	DHL	28800	0.0286150495056186	0.00344425848583706
FL	29000	0.0346816063406762	0.0190430132841725	DHL	29000	0.028290783091746	0.0034019423898417
FL	29200	0.0352767195176097	0.0155201798813661	DHL	29200	0.0266678965704578	0.00284152563309366
FL	29400	0.0337667463487754	0.0142001271577203	DHL	29400	0.0254732133126024	0.0039570778938915
FL	29600	0.0337027438050088	0.0147427763190402	DHL	29600	0.0263260306056539	0.00512364953163452
FL	29800	0.0376367561847091	0.0140130644043038	DHL	29800	0.0264582184648647	0.00368309542525043
FL	30000	0.03886268154055	0.0131604722837619	DHL	30000	0.0269626978824158	0.00417448430418065
FL	30200	0.0371916063211553	0.0139656104373415	DHL	30200	0.0265317818657616	0.0059733169610391
FL	30400	0.0343102714840003	0.0134309381261545	DHL	30400	0.0278717574694013	0.00841631141025499
FL	30600	0.0354234630366638	0.0115228475367004	DHL	30600	0.0294032869410879	0.00982666017649981
FL	30800	0.0362606558720178	0.0112885532535391	DHL	30800	0.0312244927292082	0.0105184950779517
FL	31000	0.0372591041936119	0.0104349779873105	DHL	31000	0.0347131449831162	0.0155017487016508
FL	31200	0.0364975931539076	0.00991564088234547	DHL	31200	0.033427557283745	0.0140989999489596
FL	31400	0.0361961697378395	0.0111025559932056	DHL	31400	0.0336789915539832	0.0115209135171574
FL	31600	0.0365283652046753	0.00947320396337409	DHL	31600	0.0325740443071484	0.00966612504656012
FL	31800	0.0366562667428115	0.00720661232477274	DHL	31800	0.032718767394495	0.00952564454539885
FL	32000	0.0341554916083279	0.013592229180231	DHL	32000	0.0298958708120697	0.00934034151262685
FL	32200	0.0290883824182191	0.0159062211571802	DHL	32200	0.029545452971581	0.00761194798128293
FL	32400	0.0275119890522859	0.0158297545458733	DHL	32400	0.0289286716825087	0.00756466717592792
FL	32600	0.0306419425642306	0.0169017547559545	DHL	32600	0.026082780940498	0.00663152586541357
FL	32800	0.0293605954570407	0.0158920952025837	DHL	32800	0.0266348255017691	0.00539729068552281
FL	33000	0.0308786068668507	0.0126251326515123	DHL	33000	0.0252905575200589	0.00468781287681151
FL	33200	0.029622786568273	0.0105485646864523	DHL	33200	0.0270028603630482	0.00694361152950581
FL	33400	0.0315488181973871	0.0121877774051415	DHL	33400	0.0261526172534053	0.00794584676378403
FL	33600	0.0299785448801871	0.0118932737262306	DHL	33600	0.0241970380468208	0.00307013690466824
FL	33800	0.0308876166042581	0.0105493760039724	DHL	33800	0.0252215379176635	0.00358321399011192
FL	34000	0.0308806089044546	0.00953466987340936	DHL	34000	0.0244496223959279	0.00336361957271266
FL	34200	0.0289651315277505	0.0142005833187943	DHL	34200	0.0280570598784486	0.00356493654083605
FL	34400	0.0285855419722316	0.013927611588923	DHL	34400	0.030565084193412	0.00795064467208122
FL	34600	0.0292064089240572	0.0156327081565313	DHL	34600	0.0310760980596404	0.00667412334730453
FL	34800	0.0284525944625387	0.0163289822131424	DHL	34800	0.0300095902264751	0.00790238705202527
FL	35000	0.0297084962862892	0.0132295509455345	DHL	35000	0.0303441533168329	0.00690025853175582
FL	35200	0.0312536257040076	0.0109229444247506	DHL	35200	0.0303381466819352	0.00919668507576757
FL	35400	0.0325085811810278	0.0119006389874563	DHL	35400	0.0305956000412631	0.00903311470049021
FL	35600	0.033664878764795	0.0120014554570519	DHL	35600	0.0292855566999273	0.00796226933998414
FL	35800	0.0360472636757682	0.0100696966659881	DHL	35800	0.0299798663081876	0.00909378283877279
FL	36000	0.0336218620543609	0.0127202569396332	DHL	36000	0.0290895309443139	0.00637807585063532
FL	36200	0.0337330566678805	0.0120080944111026	DHL	36200	0.0287462780953665	0.00527211219094994
FL	36400	0.0331498109906571	0.0111008428940179	DHL	36400	0.0294436069842867	0.00247232254059609
FL	36600	0.0322742673095423	0.0108042091702549	DHL	36600	0.0266823209588233	0.00369198180309373
FL	36800	0.0304053334751551	0.00781761503437912	DHL	36800	0.027314456624027	0.00370994707493166
FL	37000	0.0299019506830058	0.00730575096929401	DHL	37000	0.0263995806827025	0.00403327410727003
FL	37200	0.0321952413019668	0.00769180970371873	DHL	37200	0.0266634873069851	0.00525077461278049
FL	37400	0.0295625450785853	0.0065729125520192	DHL	37400	0.0271988244005531	0.0056647123096655
FL	37600	0.0311599748001425	0.0076089693221358	DHL	37600	0.0256582501755676	0.00452438269746651
FL	37800	0.0338141494579749	0.0105884734668198	DHL	37800	0.0247459919755984	0.00344905097192403
FL	38000	0.0356236553508479	0.0116216617086889	DHL	38000	0.025202842303653	0.00337098253935435
FL	38200	0.0345291302539405	0.00955344819713558	DHL	38200	0.0248259190334459	0.00681121121778168
FL	38400	0.0326974310444711	0.00882862313047454	DHL	38400	0.026566567972498	0.00550909932574603
FL	38600	0.0299323360800235	0.0111100001636989	DHL	38600	0.0245987459545164	0.00434121459220212
FL	38800	0.0295296877976301	0.00973968526349368	DHL	38800	0.0253032143877161	0.00438218975101963
FL	39000	0.026920739092983	0.013252176098117	DHL	39000	0.0230791562230798	0.00501773483159376
FL	39200	0.0275961766858154	0.0143363582912088	DHL	39200	0.0231911096870644	0.00550449113733954
FL	39400	0.0271180770559194	0.0149981720582436	DHL	39400	0.0243968158109985	0.0057079203762702
FL	39600	0.0266104774865413	0.0156300842740966	DHL	39600	0.0244410447805977	0.0074429953174989
FL	39800	0.027556688068461	0.015738171739165	DHL	39800	0.0247184966098038	0.00778405979663587
FL	40000	0.0256068129561927	0.0163962437258018	DHL	40000	0.0247801007196301	0.00836219641149494
FL	40200	0.0248719206798665	0.0129444834165287	DHL	40200	0.0283787818192704	0.00912277836715366
FL	40400	0.0271166866449082	0.0132816134612497	DHL	40400	0.028861428841496	0.00550792495359784
FL	40600	0.025744618325414	0.0126189827478394	DHL	40600	0.0286851122355573	0.00402095543705907
FL	40800	0.0303262446747273	0.0100796205388815	DHL	40800	0.0304115266125782	0.00216783008736204
FL	41000	0.0305155145488956	0.0150235085434224	DHL	41000	0.0330400524181645	0.00329218263352452
FL	41200	0.0316140622983322	0.0159292519048742	DHL	41200	0.0330763017868351	0.00573817513985021
FL	41400	0.0307052548192517	0.0157847173600931	DHL	41400	0.0342667675648726	0.00683252102530455
FL	41600	0.0302649471424378	0.0122353179087553	DHL	41600	0.0307941757033012	0.010225074151208
FL	41800	0.0306745699666255	0.0119847061358529	DHL	41800	0.0299932847570121	0.01185091792669
FL	42000	0.0315519523945879	0.0118785441124102	DHL	42000	0.0271326586196115	0.010271379539649
FL	42200	0.0327501861934949	0.013280663524687	DHL	42200	0.0281887237085085	0.0101467986916305
FL	42400	0.0336413945629426	0.00881661185810692	DHL	42400	0.0281644396022977	0.0102043810084833
FL	42600	0.0310406233569915	0.0117053660480409	DHL	42600	0.0282939893709161	0.00979765234882544
FL	42800	0.0316504096113992	0.0133740627323786	DHL	42800	0.0279578223104669	0.00743208946918822
FL	43000	0.0336121006368457	0.00918494768760529	DHL	43000	0.0273433968694116	0.00826531726976439
FL	43200	0.0343447382941249	0.0104261228055953	DHL	43200	0.0276471047660035	0.00761527860497459
FL	43400	0.0349156610911533	0.0124681466565317	DHL	43400	0.0288089520931771	0.00957724105739663
FL	43600	0.0332629064391621	0.0134036766767811	DHL	43600	0.0263039349776629	0.00748078492391631
FL	43800	0.0319452861697643	0.0120725808479731	DHL	43800	0.0281457463994013	0.00735459877653379
FL	44000	0.028836077565079	0.0122374349601151	DHL	44000	0.0255127679344029	0.00915243090005618
FL	44200	0.0281801204508595	0.0112102187107949	DHL	44200	0.0236234089475647	0.00918977461315978
FL	44400	0.0253121434004061	0.0143644983707712	DHL	44400	0.0247726877890972	0.00564609918636128
FL	44600	0.0252387259769721	0.0140097446034125	DHL	44600	0.0251628280038433	0.00645687195398954
FL	44800	0.0267801312733468	0.0144875387298856	DHL	44800	0.0265433627729062	0.00681590236541387
FL	45000	0.0279753963011999	0.0152614869454395	DHL	45000	0.0243480108627824	0.00563394050715653
FL	45200	0.0302157538961055	0.0163051186193999	DHL	45200	0.0252798105693869	0.00681081711136944
FL	45400	0.0288627775541427	0.0144978127972311	DHL	45400	0.0233514886660373	0.00862991536792132
FL	45600	0.0273693667905215	0.0138848742694892	DHL	45600	0.0237202486504889	0.00965158298529616
FL	45800	0.0292091243486756	0.00979207729801636	DHL	45800	0.0227774642465021	0.007795534919278
FL	46000	0.0286472835409944	0.00567502307367806	DHL	46000	0.024154405507738	0.00550985981390907
FL	46200	0.027669406664215	0.0054870482991284	DHL	46200	0.0237233346051803	0.0055174285158784
FL	46400	0.0258909822589609	0.00769630005939168	DHL	46400	0.0222350961028765	0.0043486089816517
FL	46600	0.0316335442300661	0.0143321056867379	DHL	46600	0.022747972089809	0.0041141038574043
FL	46800	0.0319369893121366	0.0146290225244858	DHL	46800	0.0240065644822528	0.00200908677677146
FL	47000	0.0291465580477376	0.00946295509721392	DHL	47000	0.0222867489965177	0.00457525807124998
FL	47200	0.0317073649778534	0.00979415858480654	DHL	47200	0.0238406666227543	0.0021049405486716
FL	47400	0.0348943795512254	0.0201374509584149	DHL	47400	0.025525739200405	0.00304022962024922
FL	47600	0.0352161320361656	0.0192797149984621	DHL	47600	0.0265950877647562	0.00406510052094437
FL	47800	0.036585404434315	0.0194152182415598	DHL	47800	0.0254989261182078	0.00392406150896625
FL	48000	0.0353917100910865	0.013444076004451	DHL	48000	0.0261793724738592	0.00164260878685352
FL	48200	0.0374504746835254	0.0126697252073981	DHL	48200	0.025996318240916	0.00184808601927389
FL	48400	0.0410964324187151	0.017804589692455	DHL	48400	0.0250284749227452	0.00331445476819536
FL	48600	0.0390682688693612	0.0129210915538651	DHL	48600	0.0232428342160437	0.00537881829858375
FL	48800	0.039884842051106	0.01311200247797	DHL	48800	0.0225718325199481	0.00959889391747071
FL	49000	0.0356900215602036	0.00725969681004626	DHL	49000	0.0243717565087576	0.00458526795693051
FL	49200	0.0334150588280906	0.00826885043181475	DHL	49200	0.0252881494763221	0.00438208364996424
FL	49400	0.0339402778535331	0.00725914752536128	DHL	49400	0.0250136926949786	0.00584207754767906
FL	49600	0.0327463196080608	0.00769176090632025	DHL	49600	0.0261731068142658	0.00620315671671673
FL	49800	0.0318960225247544	0.0106447705735075	DHL	49800	0.0263509500840483	0.00406401462481879
FL	50000	0.0311452220178781	0.0110379449891192	DHL	50000	0.0263080745318343	0.00512088934413292
FL	50200	0.0300345140889707	0.00839521382372809	DHL	50200	0.0281721438945473	0.00804223852648387
FL	50400	0.0284066098822661	0.0139629147572719	DHL	50400	0.0282474319877074	0.0105426769178854
FL	50600	0.0272054243077489	0.0134248029223133	DHL	50600	0.0242868565742893	0.00748990461689302
FL	50800	0.0271622643263873	0.00662129738960091	DHL	50800	0.0259661480961905	0.00896018790482359
FL	51000	0.0291329417788047	0.00736283999311197	DHL	51000	0.0274049960209879	0.0106705505525558
FL	51200	0.029337907903906	0.00824970652116785	DHL	51200	0.0280471510304218	0.0105841256126353
FL	51400	0.0262399138004257	0.0133810546926733	DHL	51400	0.0289004205966348	0.0124150508888509
FL	51600	0.0267142659275891	0.0125013464289863	DHL	51600	0.0303111072015976	0.0143592188086761
FL	51800	0.0264896972086522	0.0133289786884384	DHL	51800	0.0280007729463782	0.0105731463653413
FL	52000	0.0284762325078205	0.0161558640379697	DHL	52000	0.0263983263649583	0.0112878069249213
FL	52200	0.0299236694101381	0.0148488967548046	DHL	52200	0.025999364834143	0.0131285427049789
FL	52400	0.0323474331491784	0.0169474108598928	DHL	52400	0.0249537807009358	0.00872220723789435
FL	52600	0.0321229704152456	0.0171774286996662	DHL	52600	0.0239334408484005	0.00878843331136607
FL	52800	0.0317290464513638	0.0170863696570099	DHL	52800	0.0247287678354606	0.00614086097980025
FL	53000	0.0319219684045618	0.0102793484156531	DHL	53000	0.0250144469113722	0.0048015695524597
FL	53200	0.0320947992343992	0.00942018767386518	DHL	53200	0.0240724833416381	0.00380817338483027
FL	53400	0.0309293702279534	0.0152507719018178	DHL	53400	0.0255588804887708	0.00444252955128409
FL	53600	0.0337900895635138	0.0167627550165233	DHL	53600	0.0243507403468402	0.00937223547246332
FL	53800	0.0310451371923114	0.0150206549634339	DHL	53800	0.022953945479037	0.0118430298956669
FL	54000	0.0316948957691457	0.0151965812220191	DHL	54000	0.0231666608597676	0.0100044405154578
FL	54200	0.031192705256896	0.00755910503767203	DHL	54200	0.0208821959541732	0.00821221159709471
FL	54400	0.0284592192110546	0.00677295660759117	DHL	54400	0.0214120214888265	0.0103212442521775
FL	54600	0.0321980399755824	0.004711369834354	DHL	54600	0.020532070208572	0.0114392513374495
FL	54800	0.0308592103232306	0.00544796218185152	DHL	54800	0.0221060484921234	0.011645247872673
FL	55000	0.0265734032658205	0.0069945233106173	DHL	55000	0.0214760027397024	0.0100507919919382
FL	55200	0.0251168383007993	0.00787754807622147	DHL	55200	0.0219690663610471	0.00765520113857456
FL	55400	0.0227796826763323	0.013145668630977	DHL	55400	0.0226372447559457	0.00404762783570442
FL	55600	0.0221343632437977	0.0118559104136224	DHL	55600	0.0217458115259144	0.00404160026567788
FL	55800	0.0257597919105757	0.0119920266065342	DHL	55800	0.021436706249973	0.00612821837352382
FL	56000	0.0284607927552785	0.00828392031390208	DHL	56000	0.0226372062523445	0.00821256233146484
FL	56200	0.0302578521830539	0.00983065233138964	DHL	56200	0.0218670364637187	0.00726755531472045
FL	56400	0.0308217449829454	0.0083871637006631	DHL	56400	0.0235428419813759	0.0100022883341002
FL	56600	0.0340901137856248	0.0113198679756896	DHL	56600	0.0231013064492185	0.00926243160554535
FL	56800	0.0329335096960028	0.0128932508652038	DHL	56800	0.021312153585728	0.00905664903411183
FL	57000	0.0326355489398661	0.0128642465694162	DHL	57000	0.0238674289934697	0.00759892631542273
FL	57200	0.037039113090578	0.0176142585301559	DHL	57200	0.0220203186224301	0.00992078123044042
FL	57400	0.0368312188248831	0.0180631958787621	DHL	57400	0.0237882022044448	0.0109039314579013
FL	57600	0.037592571783043	0.0188400275367735	DHL	57600	0.0245799499828892	0.0127092154151364
FL	57800	0.0388365026640816	0.0183715213509184	DHL	57800	0.0245287848953875	0.0105834783589409
FL	58000	0.0377167719946528	0.0177439676285103	DHL	58000	0.0241150672175461	0.0103400534654439
FL	58200	0.037327869973354	0.018504232591363	DHL	58200	0.0266385444085	0.00948203419761434
FL	58400	0.0380279325134396	0.0185257780862234	DHL	58400	0.0269946731141131	0.009674981423903
FL	58600	0.0350996294241455	0.00728422335678702	DHL	58600	0.0260672265559328	0.00696485789061344
FL	58800	0.0327086102766506	0.0161648735775288	DHL	58800	0.0291610693316697	0.0126441814673778
FL	59000	0.0313125559956655	0.0147225038134598	DHL	59000	0.0269371373154298	0.0124864960191869
FL	59200	0.033298961257101	0.0156540530067084	DHL	59200	0.0271658398264329	0.0124427814122315
FL	59400	0.031600917723382	0.0154190060584672	DHL	59400	0.0219462790280175	0.0122910591974552
FL	59600	0.0304092007224057	0.0164423500022575	DHL	59600	0.0247575290267158	0.0143899995824072
FL	59800	0.0277247236395241	0.015842202996701	DHL	59800	0.0239900906071876	0.0107384607906184
FL	60000	0.0274579514598744	0.0144382146677162	DHL	60000	0.023278700321943	0.00956731523882857
FL	60200	0.026925057175475	0.0153088205114812	DHL	60200	0.0242812473949843	0.0106612459250851
FL	60400	0.0255582383497914	0.0148082107232345	DHL	60400	0.0230215603530851	0.0100555094079913
FL	60600	0.0334005386485823	0.011378685951741	DHL	60600	0.024292208648688	0.0115264894008728
FL	60800	0.03694342873106	0.0115622831693527	DHL	60800	0.0236245675700509	0.00831980860072779
FL	61000	0.0375582769675488	0.0109524784955503	DHL	61000	0.0248735185004653	0.00566161369889359
FL	61200	0.034789345335314	0.00746022644016022	DHL	61200	0.0252463997718239	0.00663331984364822
FL	61400	0.0359962275331275	0.00626676811530359	DHL	61400	0.0251881919173489	0.00521920069169661
FL	61600	0.0343227010060313	0.0068124403758235	DHL	61600	0.0259205825862009	0.00383550434568921
FL	61800	0.0353526453831171	0.00712208924920335	DHL	61800	0.0257274068261226	0.00602208097466982
FL	62000	0.0338048579392573	0.00825347218188046	DHL	62000	0.0249485061432768	0.00528017188083506
FL	62200	0.0320118365374897	0.00968316129165256	DHL	62200	0.0245578301697156	0.00299380984180926
FL	62400	0.0274661943447253	0.00926129365538562	DHL	62400	0.0233353047679496	0.00417554876521554
FL	62600	0.028744169868175	0.0111587280740794	DHL	62600	0.0232200345543828	0.00470761820980353
FL	62800	0.031002902239802	0.00970776172899646	DHL	62800	0.0248776188163102	0.00436745014547328
FL	63000	0.0315275554609454	0.0104859789811206	DHL	63000	0.0270489332114583	0.00485050096651867
FL	63200	0.0270431002006883	0.0142108331276717	DHL	63200	0.0298085136474162	0.00491184285400049
FL	63400	0.0285798939082688	0.0163000121795153	DHL	63400	0.028911535823865	0.00496787231296739
FL	63600	0.0289411562706925	0.0157222201222771	DHL	63600	0.0286230682335103	0.0126633191102031
FL	63800	0.0288970906004432	0.0167293619874076	DHL	63800	0.028287061048469	0.0108367254269969
FL	64000	0.0266871591896349	0.01606662552618	DHL	64000	0.0242597730851573	0.00819424043111194
FL	64200	0.0299939030784422	0.00948160649082482	DHL	64200	0.0250931797050811	0.0080290226482903
FL	64400	0.0286477810696405	0.00781237325689314	DHL	64400	0.0242052898401036	0.00800134516653208
FL	64600	0.0359860344809113	0.0136700001899645	DHL	64600	0.0220765928125407	0.00504070874445917
FL	64800	0.0378043148584554	0.0139618670816899	DHL	64800	0.0238485845374784	0.00698953189347283
FL	65000	0.0381493198649848	0.0208892582639856	DHL	65000	0.0261466338425325	0.00825210431954827
FL	65200	0.0403692253028047	0.0287288241860024	DHL	65200	0.0262670682955009	0.00756378584250645
FL	65400	0.0393054305685794	0.0294073877235953	DHL	65400	0.0253561913109083	0.00697596153616334
FL	65600	0.0419956761418667	0.0290793276234632	DHL	65600	0.0246426873751249	0.00661118097181065
FL	65800	0.04486976220079	0.0366987882123138	DHL	65800	0.0217785668833408	0.00548650444233816
FL	66000	0.0420511730090303	0.028442685236754	DHL	66000	0.0234443299826022	0.00848029645292531
FL	66200	0.0424034777590433	0.0285017521858779	DHL	66200	0.0267706679813275	0.00581375444248615
FL	66400	0.0412485859520474	0.0294519625923744	DHL	66400	0.0261677761059962	0.00814189007232051
FL	66600	0.038387783767421	0.0219670472624814	DHL	66600	0.0282595211643247	0.0129267581969201
FL	66800	0.0378470721159797	0.0148075980371013	DHL	66800	0.0258615098726138	0.0144345171712869
FL	67000	0.0357410125442386	0.0129985921206342	DHL	67000	0.0222091278901735	0.0102827721328977
FL	67200	0.0348469458609527	0.0148929008138697	DHL	67200	0.0223723723882957	0.0132939282930976
FL	67400	0.0340096237318002	0.0124624400300357	DHL	67400	0.0188396103602828	0.0117335461717628
FL	67600	0.0356502791934739	0.0165655343144668	DHL	67600	0.0195015822666893	0.0174762471574192
FL	67800	0.0330532340467389	0.0111979934718288	DHL	67800	0.0153920529065049	0.00877016560166078
FL	68000	0.0329893740833156	0.0127138713652104	DHL	68000	0.015933932588035	0.00778303180102672
FL	68200	0.032047854982082	0.00830724113387244	DHL	68200	0.0173726095868434	0.00762393130533177
FL	68400	0.0310850310563587	0.0121722159095683	DHL	68400	0.0176165613179845	0.00800089973753947
FL	68600	0.0303898610494817	0.0130429043034945	DHL	68600	0.0192693951585001	0.00763839627608894
FL	68800	0.0318140256468992	0.012365561228554	DHL	68800	0.0190702994799219	0.00483210845903193
FL	69000	0.0337506479397875	0.0146515099815054	DHL	69000	0.0186482459985603	0.00470115907303168
FL	69200	0.0322325029090144	0.0122363440425674	DHL	69200	0.0222395842132564	0.00422082956357192
FL	69400	0.0296355811459013	0.0113169035502545	DHL	69400	0.0242061587101319	0.00504288375932989
FL	69600	0.0304665177020483	0.0139932945109356	DHL	69600	0.0222289132566391	0.00335371346148692
FL	69800	0.0292814992183142	0.0119141166009388	DHL	69800	0.021501068503908	0.00216505169073147
FL	70000	0.0294680610733874	0.0108610835830249	DHL	70000	0.0212428629446826	0.00304800391161316
FL	70200	0.029697611035218	0.0105395234189695	DHL	70200	0.0185201371601992	0.00399436631309768
FL	70400	0.0264115849768582	0.00878692806770381	DHL	70400	0.019536724633643	0.00695299940842746
FL	70600	0.02470089337611	0.0137585863037185	DHL	70600	0.0199764483810212	0.00603103397878946
FL	70800	0.025659672217001	0.0137506300509627	DHL	70800	0.018387325036669	0.0089972986440487
FL	71000	0.0258867626269293	0.0129644308110037	DHL	71000	0.0183969899059987	0.00792058623410769
FL	71200	0.0276649057713366	0.0134106174070096	DHL	71200	0.0194456343302955	0.00870061518373143
FL	71400	0.0300347224263187	0.0148359879517519	DHL	71400	0.0199721406005816	0.00942572280493105
FL	71600	0.0277518114331727	0.0137229745789663	DHL	71600	0.0219648055525812	0.0100292489631389
FL	71800	0.0242204989134709	0.0115393102563129	DHL	71800	0.0198904708331289	0.0124884123760486
FL	72000	0.0254011633277527	0.0133838408387104	DHL	72000	0.0213386531979667	0.0103432608534392
FL	72200	0.0267885930165095	0.0136912972281951	DHL	72200	0.0214545485110991	0.0079186662024701
FL	72400	0.0269548158572166	0.0179458542548657	DHL	72400	0.0227305962408138	0.0107626863807302
FL	72600	0.0280218549824764	0.0162222656041681	DHL	72600	0.025827798436436	0.00601629355658172
FL	72800	0.0283280977067064	0.0150585375667306	DHL	72800	0.024200455183797	0.00844378762942868
FL	73000	0.0309402966574806	0.0114297235977205	DHL	73000	0.0254940637992288	0.00849673564023507
FL	73200	0.0319906481470785	0.0111858056823309	DHL	73200	0.0264303475013216	0.00964410567530241
FL	73400	0.0347221201595018	0.0112824250323601	DHL	73400	0.0261684343960588	0.00729408341628496
FL	73600	0.0354070925166635	0.00950654608556637	DHL	73600	0.0269017441146418	0.0132450067303776
FL	73800	0.0347086133889359	0.00784139297017656	DHL	73800	0.0229646753695842	0.010733091628331
FL	74000	0.0327007639265275	0.00775821182900793	DHL	74000	0.0233183009253234	0.0102612306282808
FL	74200	0.0331623046682729	0.00786477350927708	DHL	74200	0.0215895734604421	0.0100517912412067
FL	74400	0.0330052738995363	0.00726661134043119	DHL	74400	0.0209428723690308	0.0103797687875941
FL	74600	0.0290233877109336	0.0141494908303635	DHL	74600	0.0240693930958309	0.0139155764960573
FL	74800	0.0312303758901083	0.0172912640286337	DHL	74800	0.0259350709360842	0.0119639451269741
FL	75000	0.0371154415690922	0.0126441905207912	DHL	75000	0.0272289351878314	0.0117129367557658
FL	75200	0.032961606590119	0.0104594765739301	DHL	75200	0.0244251515038591	0.0128812315644295
FL	75400	0.032581217909735	0.00976813874430997	DHL	75400	0.0222938356356738	0.0103470585244837
FL	75600	0.0295701361926657	0.00826617623832832	DHL	75600	0.0249119300892656	0.0154684347082066
FL	75800	0.0314122728470357	0.00905285360074218	DHL	75800	0.0261685953143228	0.0168853541126556
FL	76000	0.0309209943660165	0.0108111922485623	DHL	76000	0.0255406456379118	0.0150408674565664
FL	76200	0.0299543780215832	0.0106783544723381	DHL	76200	0.0283291266962506	0.0200390021505087
FL	76400	0.027632982371281	0.00880616481814941	DHL	76400	0.0295119680267697	0.020122697624128
FL	76600	0.0268791424580543	0.0107603058355861	DHL	76600	0.0298586704606709	0.0211483055041851
FL	76800	0.0246000959311369	0.00612613368063576	DHL	76800	0.0300829230995087	0.0162437267371049
FL	77000	0.0234589733472159	0.00757028917713042	DHL	77000	0.0270043498810991	0.013739724828482
FL	77200	0.0236404517607262	0.0079304263829453	DHL	77200	0.0252293866581149	0.0132336648625606
FL	77400	0.0239563931620726	0.00882094629273428	DHL	77400	0.0252303931487886	0.016237090517604
FL	77600	0.0276956995249696	0.00883698012424039	DHL	77600	0.0256366507987243	0.0148080862065703
FL	77800	0.02427888398682	0.0130775428880758	DHL	77800	0.0253125082680798	0.0156239919959058
FL	78000	0.0234025669855267	0.0135740834300054	DHL	78000	0.024510049150199	0.0134473403306881
FL	78200	0.0254859326704836	0.0153378114154741	DHL	78200	0.025147441432447	0.0122719975882865
FL	78400	0.0278674149153006	0.00866981243414845	DHL	78400	0.0193052196436167	0.0102494478445468
FL	78600	0.0273098598587332	0.0062450647205349	DHL	78600	0.0226859208379021	0.0111722981522287
FL	78800	0.0304485926962193	0.01020173647597	DHL	78800	0.0234695578682989	0.00839254805284756
FL	79000	0.0336936167757022	0.00981008308902347	DHL	79000	0.0255501731079317	0.00843356911138828
FL	79200	0.0283344622430868	0.0144642922668275	DHL	79200	0.0300072457168179	0.0100920060840574
FL	79400	0.0316859947211232	0.0152966571530484	DHL	79400	0.0292223886287912	0.0100077137985254
FL	79600	0.0305637154125129	0.0151371845569668	DHL	79600	0.028175136904529	0.00792720009223521
FL	79800	0.0264438581711859	0.0128635567671039	DHL	79800	0.0286950002479843	0.00838928566352861
FL	80000	0.0317845160682274	0.00786101149138375	DHL	80000	0.0278393131812946	0.00835033209958506
FL	80200	0.0354317331419043	0.011860486169375	DHL	80200	0.0289742140058254	0.0149787789650308
FL	80400	0.0336498066654287	0.0114095105950496	DHL	80400	0.0291108312910137	0.0178159437456617
FL	80600	0.0287297774049315	0.00671925008067543	DHL	80600	0.0285406774509185	0.0158855899634961
FL	80800	0.0294411347630906	0.00617513201231792	DHL	80800	0.0289553340091089	0.014139014872826
FL	81000	0.0288352839286787	0.00657633043360216	DHL	81000	0.0287423803652303	0.0164315023753783
FL	81200	0.0260146378982555	0.0137717576775237	DHL	81200	0.0286008443564115	0.0164263342379045
FL	81400	0.0302053983711693	0.0088703149945368	DHL	81400	0.029520492458728	0.0165250687386211
FL	81600	0.0302412634597967	0.00923071561442561	DHL	81600	0.0296360824309543	0.0194205398619623
FL	81800	0.0264304782603671	0.00886483452133489	DHL	81800	0.0249827464763966	0.0190032314391213
FL	82000	0.0194923438667618	0.0137978631181583	DHL	82000	0.0250209621168687	0.0186092972185224
FL	82200	0.0270556681705199	0.0150251553757704	DHL	82200	0.0242616130019992	0.0164647238352524
FL	82400	0.0278102990177649	0.014734093257374	DHL	82400	0.0263358120947142	0.0123804076541681
FL	82600	0.0295870977861069	0.0104954569497646	DHL	82600	0.0265377045199435	0.012596101686916
FL	82800	0.0327528975771902	0.0117058772818646	DHL	82800	0.0260748118891757	0.0136387392885309
FL	83000	0.035716182991285	0.0130021626086411	DHL	83000	0.0239368050335875	0.0128393633939213
FL	83200	0.0385280613922225	0.0129204029670832	DHL	83200	0.0242379229564759	0.0127681947201089
FL	83400	0.0361019811706033	0.00875360031276332	DHL	83400	0.0237039598447635	0.0124777027337431
FL	83600	0.0435054056327062	0.0169512469072635	DHL	83600	0.0225790157964185	0.0124964169695608
FL	83800	0.0406521684476105	0.0178764107920536	DHL	83800	0.0217982388807653	0.0122431239961851
FL	84000	0.0458379664429459	0.0275193840067546	DHL	84000	0.0216217627858638	0.012926553849541
FL	84200	0.0429120986665106	0.0204528422886193	DHL	84200	0.0253677820034577	0.00860863732862427
FL	84400	0.0445860160860806	0.0285754693367044	DHL	84400	0.0251716917515295	0.0119768449323489
FL	84600	0.0418079902476715	0.0171436063093052	DHL	84600	0.0279338109909009	0.0158002958899394
FL	84800	0.0417228176427489	0.0185016753450396	DHL	84800	0.0244066629164272	0.0137766884717003
FL	85000	0.0319714475412227	0.0124952500174806	DHL	85000	0.0281895625888325	0.0135350173908495
FL	85200	0.0303996355323367	0.00943164123573001	DHL	85200	0.0289596175583508	0.0154528154904544
FL	85400	0.0309807474830378	0.00990625816718197	DHL	85400	0.0306507347048724	0.015627689780181
FL	85600	0.0314141925560548	0.0115979158380894	DHL	85600	0.0289534369914116	0.013501244440635
FL	85800	0.0299784185679533	0.00868101038785848	DHL	85800	0.0266935839227343	0.00799398952266418
FL	86000	0.0319206661183523	0.00900154219246033	DHL	86000	0.0263855664905856	0.00704936294277578
FL	86200	0.0360909985421425	0.0122589242800377	DHL	86200	0.024030125398066	0.00505441288560449
FL	86400	0.0348886330734659	0.0120644263384395	DHL	86400	0.0255918259861455	0.00481376257627748
FL	86600	0.0344222161637057	0.0155353677937098	DHL	86600	0.0270376917912036	0.00641086859656384
FL	86800	0.033260317249491	0.0159244427618836	DHL	86800	0.028939096919022	0.00876318149207156
FL	87000	0.0335867452551991	0.0130099404687173	DHL	87000	0.0309273728980473	0.012044867376269
FL	87200	0.0377722064267359	0.0209962465852978	DHL	87200	0.0276561487590713	0.0146176027470105
FL	87400	0.0410661791668466	0.0301535173297643	DHL	87400	0.0278104721654715	0.014976895042635
FL	87600	0.0361529551550411	0.0222158652469297	DHL	87600	0.0252503850646678	0.0128276224703868
FL	87800	0.0377637851978192	0.0216052359361369	DHL	87800	0.028483407939964	0.0126995830195359
FL	88000	0.0386753940786637	0.0208037245041104	DHL	88000	0.0284453580749326	0.0135731236450012
FL	88200	0.0358693506403996	0.0121586520910206	DHL	88200	0.0267439369328944	0.0129749875743881
FL	88400	0.037872598795446	0.0120265597662406	DHL	88400	0.028998161251665	0.0142545211061823
FL	88600	0.0308367274287285	0.00714725452282378	DHL	88600	0.0316115262512087	0.014499837451108
FL	88800	0.029432442546655	0.00758480399185286	DHL	88800	0.033929727424423	0.0139148741517975
FL	89000	0.0320701951121757	0.00871962010284446	DHL	89000	0.03280816896482	0.0155832809332425
FL	89200	0.036577087391589	0.0141037463697742	DHL	89200	0.0308449541303943	0.00938146712229576
FL	89400	0.0342342171213871	0.0151684389141558	DHL	89400	0.0311466228545518	0.00835539512812417
FL	89600	0.0297255649884797	0.0163442098870593	DHL	89600	0.0308817900376261	0.00788089875730004
FL	89800	0.0277830425780517	0.00594793022778443	DHL	89800	0.0314601147180569	0.0105343365670288
FL	90000	0.0260556382711326	0.00637318133123094	DHL	90000	0.0328912334598613	0.0100400841730079
FL	90200	0.03110737490313	0.00991816223450321	DHL	90200	0.0302256659848417	0.0113891782574248
FL	90400	0.0364226192747237	0.0128084523142671	DHL	90400	0.0301788341346658	0.0116996242705822
FL	90600	0.0331037916646762	0.00923065568456107	DHL	90600	0.0281987263508729	0.00693816650114136
FL	90800	0.0316021422428807	0.0109648386215891	DHL	90800	0.025395128980674	0.00621958118599513
FL	91000	0.0337364811840358	0.0123789211166076	DHL	91000	0.0245287622525742	0.0054202863618696
FL	91200	0.0317050809571535	0.0096378236252263	DHL	91200	0.0234937812990235	0.00661707670146365
FL	91400	0.0323615013286352	0.00447492378183239	DHL	91400	0.021734069172474	0.0103150535170248
FL	91600	0.0265651458649848	0.0131315193314052	DHL	91600	0.0199278846022922	0.008940972211283
FL	91800	0.0258689352143494	0.01504219480133	DHL	91800	0.0205614464324397	0.00871451376750637
FL	92000	0.026717631591615	0.0152704509230749	DHL	92000	0.0195284117582731	0.00837871125858828
FL	92200	0.0287381174571332	0.0151539520974687	DHL	92200	0.02034656946313	0.0094376914046837
FL	92400	0.0305817423351369	0.0171640407886901	DHL	92400	0.0227604086594826	0.0103061124910261
FL	92600	0.0298725321463623	0.0166075748440921	DHL	92600	0.0218516003451134	0.010142958489628
FL	92800	0.0350773064022483	0.0215617822044556	DHL	92800	0.0245310720220736	0.00736186669436208
FL	93000	0.0331972847861914	0.0198782791267874	DHL	93000	0.0193910333932119	0.00589665657391162
FL	93200	0.0297092805682191	0.0169296844185387	DHL	93200	0.0185726257459839	0.0107713709610854
FL	93400	0.0294301991850477	0.0147736358294146	DHL	93400	0.0202733041395463	0.0132282385453666
FL	93600	0.0280789906797355	0.0145641311560001	DHL	93600	0.0197949643335541	0.00999505159993519
FL	93800	0.0299087810191115	0.0164604962654467	DHL	93800	0.021944009017511	0.0103489424216616
FL	94000	0.0300791962775305	0.0149845068160408	DHL	94000	0.0238034134596675	0.0107241520477645
FL	94200	0.0279334951745016	0.0133359035200578	DHL	94200	0.021899370508905	0.00924579208163737
FL	94400	0.0266396282162851	0.0146360511658078	DHL	94400	0.0240676258171511	0.00768585444686824
FL	94600	0.0255793591354323	0.0169042590019557	DHL	94600	0.0233271718181796	0.00706481167953649
FL	94800	0.0302453083918523	0.0211389030143883	DHL	94800	0.0207282364691381	0.00779697586975623
FL	95000	0.0306513892372418	0.0193810329172191	DHL	95000	0.0220325595523335	0.00987744482664175
FL	95200	0.0333205945839364	0.018558596325273	DHL	95200	0.0228774439696268	0.0110278043476402
FL	95400	0.0362067535186456	0.0173454661844949	DHL	95400	0.0238414892382687	0.0120226997343043
FL	95600	0.0377526024313004	0.00779010643643009	DHL	95600	0.0235415771541975	0.0119607571344988
FL	95800	0.034572930458442	0.00684551404836423	DHL	95800	0.0203645847295389	0.011648822197506
FL	96000	0.0334517804063696	0.00962574814792256	DHL	96000	0.0212321392084868	0.0101280186104632
FL	96200	0.0377069096578908	0.0150798959966092	DHL	96200	0.0239284271822256	0.0116185846285725
FL	96400	0.0371511387689473	0.0132580248477364	DHL	96400	0.0246935144729865	0.0121126885782789
FL	96600	0.0378414409718708	0.0106661318488353	DHL	96600	0.025599344511637	0.0160168059518345
FL	96800	0.033610028359628	0.00773855216561118	DHL	96800	0.0234339409519103	0.0144766255534469
FL	97000	0.0274015585850314	0.015852706807403	DHL	97000	0.0226019742790178	0.0115613135793458
FL	97200	0.0321935143856725	0.0207089371115189	DHL	97200	0.0226564515918311	0.0114796653878843
FL	97400	0.0301954897957774	0.0200195855515129	DHL	97400	0.0233923684930959	0.0100863441921966
FL	97600	0.0313486704416678	0.0202700249988235	DHL	97600	0.0243297034243974	0.00796732628493843
FL	97800	0.0323519200851333	0.0199900015535256	DHL	97800	0.0292578795582406	0.00760517932912782
FL	98000	0.033718367531921	0.0190272836197834	DHL	98000	0.0284156834037366	0.00875785635153738
FL	98200	0.0295142964750872	0.0141570359209547	DHL	98200	0.031076046395564	0.0101308356994041
FL	98400	0.0238735301136306	0.0126570047358992	DHL	98400	0.0302152284203941	0.00865218667754476
FL	98600	0.0243179443295397	0.0152404230520374	DHL	98600	0.0287290755563363	0.00782464624925309
FL	98800	0.022675581271081	0.017334554229088	DHL	98800	0.0312329635770678	0.00911703960935746
FL	99000	0.0243520133364742	0.017672128260302	DHL	99000	0.0324286688988666	0.00835418038531531
FL	99200	0.0233841251917943	0.0175693296005469	DHL	99200	0.0342578978094451	0.00600649009736983
FL	99400	0.0279735270453404	0.0139366939750804	DHL	99400	0.0297974867969943	0.00853521572825844
FL	99600	0.0337676303280935	0.0182610095933399	DHL	99600	0.026864416910981	0.0059627864320719
FL	99800	0.0361773386378242	0.014594056861402	DHL	99800	0.0276538631061077	0.00995396595508203
FL	100000	0.039228696541521	0.0243318907045011	DHL	100000	0.0258025973166629	0.0108026665156895
FL	0	0.0304879982105509	0.0107858578621114	DHL	0	0.0909382429033535	0.0818567140899835
FL	-200	0.0300205781616919	0.0119537148542651	DHL	-200	0.0891684083997045	0.0796208042716429
FL	-400	0.0302866592710241	0.0114984798394495	DHL	-400	0.0867419941909138	0.0760921362738077
FL	-600	0.03079640942393	0.0109070164623733	DHL	-600	0.0863157836431713	0.0758229013479925
FL	-800	0.0317405706906624	0.0101414743043043	DHL	-800	0.087503388238592	0.0777342676366556
FL	-1000	0.032019672245059	0.00943209165493243	DHL	-1000	0.0892565124572162	0.0803226178103719
FL	-1200	0.0330486201740975	0.00885829657668506	DHL	-1200	0.090985098794459	0.0811382167333495
FL	-1400	0.0337130566432751	0.00828098153780519	DHL	-1400	0.0936158389553939	0.0823793213410673
FL	-1600	0.0337427219674015	0.00788193307953368	DHL	-1600	0.0946947823036688	0.0831908039410155
FL	-1800	0.0342973135016503	0.0078229838236925	DHL	-1800	0.0974453092323578	0.0843507553227731
FL	-2000	0.0348815107430425	0.00734539221447097	DHL	-2000	0.100253441357129	0.086728701872209
FL	-2200	0.0361249026161772	0.00711773248221338	DHL	-2200	0.103384790413706	0.0902344189935952
FL	-2400	0.0362157365129534	0.00716966575748229	DHL	-2400	0.106278252789829	0.0932195970654515
FL	-2600	0.0368830110907372	0.00736133212972311	DHL	-2600	0.105713341599619	0.093284618367578
FL	-2800	0.0360457432089453	0.00864333592423505	DHL	-2800	0.105348888809616	0.092396365774798
FL	-3000	0.0365008302654834	0.00933480464445842	DHL	-3000	0.106057798372277	0.0913116528719372
FL	-3200	0.0358790397086163	0.0103821409482583	DHL	-3200	0.10436168872631	0.0901363453692667
FL	-3400	0.0345970871302372	0.0113374235744195	DHL	-3400	0.103115224474325	0.0878963114246434
FL	-3600	0.0346564531428495	0.0124567125207606	DHL	-3600	0.101336500492139	0.0833906697529995
FL	-3800	0.0347294348418135	0.0125551777603574	DHL	-3800	0.0995204730532109	0.0811950957627548
FL	-4000	0.0343605153274165	0.0123668965548857	DHL	-4000	0.0997740787186383	0.0799496577638022
FL	-4200	0.036985874922295	0.00892053083800364	DHL	-4200	0.10103781641604	0.0800941087411973
FL	-4400	0.036958720429677	0.00910496611445628	DHL	-4400	0.100002736587788	0.0791130900106188
FL	-4600	0.036671358247688	0.00768284162897797	DHL	-4600	0.0970605728522566	0.075722970258163
FL	-4800	0.037246676267445	0.00690640412147708	DHL	-4800	0.095246062295087	0.0749518855455532
FL	-5000	0.0360973513740052	0.00757069896188157	DHL	-5000	0.0919917623308171	0.0721800378052135
FL	-5200	0.0356244604826019	0.00742120818199777	DHL	-5200	0.0915650629067289	0.0730438374309762
FL	-5400	0.0355839389663361	0.00594642316982813	DHL	-5400	0.0881936609827843	0.0688211565286506
FL	-5600	0.0354614818529018	0.00635964618357342	DHL	-5600	0.0836575861267314	0.0634308000583941
FL	-5800	0.0360188981997273	0.0062224390946487	DHL	-5800	0.0795472323127998	0.0592989029509454
FL	-6000	0.0346748224220888	0.00713781993975007	DHL	-6000	0.0771377985868019	0.0565411814655632
FL	-6200	0.0348888177442499	0.00816102024459386	DHL	-6200	0.0760171060955283	0.0554408473650261
FL	-6400	0.0361306672367005	0.00706175067793485	DHL	-6400	0.0742562309212659	0.0553980401935383
FL	-6600	0.0339938192582862	0.00890174090953008	DHL	-6600	0.0711665531767573	0.0526563324184097
FL	-6800	0.0334939733720838	0.00856656986192737	DHL	-6800	0.0706458823262917	0.0523179043014949
FL	-7000	0.0343804786335303	0.010351418117961	DHL	-7000	0.0702591768281172	0.0513943676494023
FL	-7200	0.0330730039892024	0.0114010367076671	DHL	-7200	0.0689770518549963	0.0509221957405224
FL	-7400	0.031576477623329	0.0136970162888514	DHL	-7400	0.0683821066171335	0.0500166249973023
FL	-7600	0.0303301412778601	0.0133623318854768	DHL	-7600	0.0670220517798171	0.0496755533556281
FL	-7800	0.0305559120852645	0.013290088337891	DHL	-7800	0.0664639765075713	0.0515564414249377
FL	-8000	0.0305456167821364	0.0136241253901078	DHL	-8000	0.0637984977736812	0.0502695164624317
FL	-8200	0.031448420786526	0.0097216488204854	DHL	-8200	0.0627452645725522	0.0491730080728691
FL	-8400	0.0320301991290858	0.00875784923328458	DHL	-8400	0.0620201592596999	0.0478767921657583
FL	-8600	0.0315690051210739	0.0102592519099102	DHL	-8600	0.0615833960443816	0.0466508110070226
FL	-8800	0.0318863411343689	0.0107647428776113	DHL	-8800	0.0623545353009198	0.0474725677645203
FL	-9000	0.0316511075517748	0.0120944973434186	DHL	-9000	0.0611567760083227	0.0462074088885449
FL	-9200	0.0321352581512523	0.0127544270300648	DHL	-9200	0.0583888373508354	0.0420492223902187
FL	-9400	0.0323161968571107	0.0126674902870091	DHL	-9400	0.0584473977261971	0.0395884796811039
FL	-9600	0.0326574032790262	0.0134338013581267	DHL	-9600	0.0573588605066832	0.0391419037203793
FL	-9800	0.0321158600618046	0.0143636956324133	DHL	-9800	0.0571826385712242	0.0385286839285722
FL	-10000	0.0315083048849865	0.0121740686413365	DHL	-10000	0.0569973981243386	0.0390639563959531
FL	-10200	0.03104285103139	0.0115876722011022	DHL	-10200	0.0586583641795805	0.0408728716317132
FL	-10400	0.0312411163823907	0.0119347015139195	DHL	-10400	0.0585062197065384	0.0401083523438094
FL	-10600	0.0326210835483055	0.0113054885892352	DHL	-10600	0.0580145854092275	0.0400598240224268
FL	-10800	0.033169434257698	0.00977106619954542	DHL	-10800	0.0573414124620069	0.0382589516356485
FL	-11000	0.0347757684292998	0.00892282470375979	DHL	-11000	0.0558800707890051	0.0380503889079173
FL	-11200	0.0344378218643902	0.00981457702083538	DHL	-11200	0.0565782396574563	0.0389514427232243
FL	-11400	0.034014127479658	0.0094703789309713	DHL	-11400	0.0543354713174707	0.0372583995482494
FL	-11600	0.034237524917961	0.00984902627435652	DHL	-11600	0.0553671812007509	0.0391150480470215
FL	-11800	0.0341837965705004	0.00915657891819662	DHL	-11800	0.0537013663279403	0.0381221073809151
FL	-12000	0.0349655887708007	0.01092169048248	DHL	-12000	0.0533334820670068	0.0384489169709409
FL	-12200	0.0336508504051323	0.0123080317914891	DHL	-12200	0.0536510472198501	0.0387009444402299
FL	-12400	0.0325764731380473	0.013839305769984	DHL	-12400	0.0544683653408555	0.0373405905748175
FL	-12600	0.0340948262997329	0.0143562348807938	DHL	-12600	0.0553458036911671	0.0375579084953664
FL	-12800	0.0342845057437433	0.0170729609016694	DHL	-12800	0.0540507180671861	0.0391391903428933
FL	-13000	0.0331325560207107	0.0158727386376176	DHL	-13000	0.0521193377459707	0.0363689987584156
FL	-13200	0.0322327404982052	0.0156114054350823	DHL	-13200	0.0507385602737498	0.034347707967223
FL	-13400	0.0320527528163468	0.0155456301081986	DHL	-13400	0.052892819142141	0.035190373487369
FL	-13600	0.0321835689231952	0.0157781617541041	DHL	-13600	0.0532299338967306	0.0356821884658706
FL	-13800	0.0308578035438435	0.0154963162888548	DHL	-13800	0.0529431879354257	0.0353467323128862
FL	-14000	0.0285480607239485	0.0140813557966848	DHL	-14000	0.0536576477398701	0.0363988998927562
FL	-14200	0.0293698769454501	0.0146962342732337	DHL	-14200	0.0524205706981202	0.0326439492644661
FL	-14400	0.0291608554483087	0.014358702493686	DHL	-14400	0.0520475690530454	0.0316328847365993
FL	-14600	0.030152663596101	0.0122028656966269	DHL	-14600	0.0513539969365456	0.0303173990339935
FL	-14800	0.0295464381166087	0.0127608188033402	DHL	-14800	0.0499440676992761	0.0292800320284944
FL	-15000	0.0310706811603486	0.0104846621596522	DHL	-15000	0.0503983833023197	0.0279797152215455
FL	-15200	0.0308649569112708	0.0103976696207194	DHL	-15200	0.0507654360523822	0.0282932849794188
FL	-15400	0.0306176795704935	0.0114857195230587	DHL	-15400	0.0498328641355494	0.0280721115806595
FL	-15600	0.0292789951637167	0.0152788835498027	DHL	-15600	0.0502159598424685	0.030792292861597
FL	-15800	0.0313143246985181	0.0112868134524834	DHL	-15800	0.050157826574961	0.0327227744051964
FL	-16000	0.0318913667946445	0.00895725929233862	DHL	-16000	0.0485222017683389	0.0330523602705565
FL	-16200	0.0324482941994529	0.00993754589260957	DHL	-16200	0.0457782731885223	0.0323989086493574
FL	-16400	0.0340668732047816	0.0101513137821862	DHL	-16400	0.0414029765504359	0.0271920827546274
FL	-16600	0.0343066331515875	0.00828590886092864	DHL	-16600	0.0406364163637065	0.0241873290431844
FL	-16800	0.0340750919645266	0.00961375836445829	DHL	-16800	0.0400172207046811	0.0208398360160255
FL	-17000	0.033740021456519	0.00832895663931153	DHL	-17000	0.0408921741616627	0.0215702182101461
FL	-17200	0.0343896452471508	0.00762939780711814	DHL	-17200	0.040710165443508	0.0198945382839103
FL	-17400	0.0349268563231435	0.0087576313827466	DHL	-17400	0.039996593124961	0.0184506510235975
FL	-17600	0.0361100889024305	0.00966697508131045	DHL	-17600	0.0401270700856703	0.0184328917134808
FL	-17800	0.0368381585595767	0.0111098721739632	DHL	-17800	0.0400792798101433	0.0171555596931103
FL	-18000	0.0389476037281504	0.011222702071503	DHL	-18000	0.041177569755721	0.0173945601896327
FL	-18200	0.0386145966151118	0.0114332570378988	DHL	-18200	0.0425101536294698	0.0194320947849699
FL	-18400	0.0382081659251694	0.0115982790476805	DHL	-18400	0.0427861048528355	0.020473412805255
FL	-18600	0.0373323798605815	0.0145330704482307	DHL	-18600	0.0430714392881557	0.0225693744980037
FL	-18800	0.0329994873590323	0.00923525365136254	DHL	-18800	0.0422401100355786	0.0226083409715515
FL	-19000	0.0322214174514865	0.0088832927958233	DHL	-19000	0.0405007512242543	0.0189049877535805
FL	-19200	0.0332288714440231	0.00818779474588245	DHL	-19200	0.0387660813630473	0.0185707283455739
FL	-19400	0.0334478344576352	0.00792792175263635	DHL	-19400	0.039068315613586	0.0185513024303593
FL	-19600	0.0323738595923969	0.00796652385475921	DHL	-19600	0.0380918062960866	0.0169850654584992
FL	-19800	0.0321309283570867	0.00884212661835384	DHL	-19800	0.0370462684399547	0.0154993906833361
FL	-20000	0.0336497347709961	0.00881748469498215	DHL	-20000	0.037950860555463	0.0163525253171479
FL	-20200	0.0323270040424654	0.00771048057712323	DHL	-20200	0.0380731227868018	0.0169286546365516
FL	-20400	0.033065825564673	0.00986723942020713	DHL	-20400	0.0382450728208973	0.0159989351497491
FL	-20600	0.036030425523008	0.012675967498043	DHL	-20600	0.0379849859163073	0.0141843143913666
FL	-20800	0.0371471143336727	0.0125214878049602	DHL	-20800	0.0360155548015496	0.0141775309387037
FL	-21000	0.0365607591768292	0.0107600917174847	DHL	-21000	0.0373391832373026	0.0136557115558693
FL	-21200	0.0378857883441358	0.0117148583235011	DHL	-21200	0.0354349830292242	0.0132175260829584
FL	-21400	0.0346438288367179	0.0103778989984585	DHL	-21400	0.0358786587662207	0.0150681969451216
FL	-21600	0.0332034543971591	0.010810998602556	DHL	-21600	0.0349793438329455	0.0153813293088313
FL	-21800	0.034192411983131	0.010170720850381	DHL	-21800	0.035294692836123	0.0148442155451781
FL	-22000	0.033904500150065	0.00924301537588907	DHL	-22000	0.033789374702938	0.0159084262574346
FL	-22200	0.0330564161111713	0.0106483843675295	DHL	-22200	0.0318772369261029	0.0152685210804525
FL	-22400	0.0342576724074087	0.00986608132646104	DHL	-22400	0.0341582087732002	0.0162197536590576
FL	-22600	0.0333161059501971	0.0094491240845773	DHL	-22600	0.0316891072367433	0.0129597168533835
FL	-22800	0.0331501903628125	0.00717304815252554	DHL	-22800	0.0322653456877875	0.0136874772455907
FL	-23000	0.032053010514676	0.00737291942352724	DHL	-23000	0.0309556891922841	0.0120541236461483
FL	-23200	0.0321919437435785	0.00808312586645718	DHL	-23200	0.0313244035666776	0.00986884488545272
FL	-23400	0.033067333856252	0.00736263649967787	DHL	-23400	0.0318995048557136	0.00856858042061217
FL	-23600	0.0309868729970334	0.00803152663527018	DHL	-23600	0.0308863700437317	0.00516385527501004
FL	-23800	0.0297362769105048	0.00895954721529403	DHL	-23800	0.031769123973761	0.00497570308690744
FL	-24000	0.029112435917313	0.0120476738393821	DHL	-24000	0.0324988788900402	0.00587402697081907
FL	-24200	0.029946878657213	0.0109086610175453	DHL	-24200	0.0309824465078257	0.00593514976238936
FL	-24400	0.0271159678822724	0.0109554813016126	DHL	-24400	0.0309059269353009	0.00776747642151969
FL	-24600	0.0269528510672215	0.0113931292007711	DHL	-24600	0.0300431845262805	0.00972514977851469
FL	-24800	0.023867761107617	0.0116069854844552	DHL	-24800	0.0282019132333927	0.00774731118262461
FL	-25000	0.0235444925190538	0.0114416363582195	DHL	-25000	0.0278799680940211	0.00829400705239993
FL	-25200	0.0235360287272147	0.0116977708858859	DHL	-25200	0.0291291068869881	0.00871238976420409
FL	-25400	0.0255846635081214	0.0137679269002108	DHL	-25400	0.0287046960692733	0.0073792649965931
FL	-25600	0.0269214072692004	0.0136103504160592	DHL	-25600	0.0285602755414988	0.00633652744435186
FL	-25800	0.0283583708709289	0.0154893583948307	DHL	-25800	0.0288675191385623	0.00750159999907056
FL	-26000	0.0297366887985101	0.0167084086402528	DHL	-26000	0.0294642471874032	0.00743628443027964
FL	-26200	0.0313700279108271	0.0159923232809015	DHL	-26200	0.0309252842830556	0.00996451711328557
FL	-26400	0.0343963911290227	0.0144931609402026	DHL	-26400	0.0284325612860962	0.00893408703517178
FL	-26600	0.0332928696623004	0.0113103127166924	DHL	-26600	0.0286254264512201	0.00978421362744866
FL	-26800	0.0322370862366644	0.0151742046732517	DHL	-26800	0.0283856732508074	0.00887630003796562
FL	-27000	0.0297956931668106	0.017258148616612	DHL	-27000	0.0293501992895076	0.00866964676645613
FL	-27200	0.0277167794154413	0.0150411948299177	DHL	-27200	0.0271642714599685	0.00863581602688413
FL	-27400	0.0311388559476593	0.0124173283915869	DHL	-27400	0.0284335511421597	0.00676334631090208
FL	-27600	0.0312643859985877	0.0123204379806518	DHL	-27600	0.0290253560200881	0.00646979447680904
FL	-27800	0.0289696231575064	0.0135734240072151	DHL	-27800	0.0292821012429791	0.00679464479965385
FL	-28000	0.0301860283490214	0.0168685583998244	DHL	-28000	0.0282097558370807	0.00603539312865403
FL	-28200	0.029128766573802	0.0163894192379772	DHL	-28200	0.027035296419263	0.00665521973172683
FL	-28400	0.0279848342941847	0.0142402116866698	DHL	-28400	0.0288530059497151	0.00831206987575627
FL	-28600	0.027236836719178	0.0139816439609579	DHL	-28600	0.0260757593113857	0.00731071022378887
FL	-28800	0.0259323758988067	0.0145824655239281	DHL	-28800	0.0284927315248655	0.0103942398937658
FL	-29000	0.0260825298533194	0.0127988742625085	DHL	-29000	0.0279415824947464	0.010224769490177
FL	-29200	0.0290203303048906	0.0108285732801644	DHL	-29200	0.0276228540786726	0.0105197709614615
FL	-29400	0.0306959605899838	0.00826360433034297	DHL	-29400	0.0263840863110538	0.00713482017359936
FL	-29600	0.0328569374978505	0.00678574114593035	DHL	-29600	0.028882912227866	0.00888427965407694
FL	-29800	0.0337054263482916	0.00725115600152614	DHL	-29800	0.0274699918620085	0.00624212141090478
FL	-30000	0.0302811293367342	0.0119159753096594	DHL	-30000	0.0259707139984844	0.00755198736179267
FL	-30200	0.0294580897153037	0.0109049549004938	DHL	-30200	0.0260869937854921	0.00729980881562652
FL	-30400	0.0296246470163534	0.0116209678178709	DHL	-30400	0.0246327088991493	0.00643516689087596
FL	-30600	0.0300389282045836	0.0119410893357361	DHL	-30600	0.0250744240847551	0.00903363524038548
FL	-30800	0.0311394914019005	0.0125895420022147	DHL	-30800	0.0271537635071948	0.00674942157494222
FL	-31000	0.0325525284370951	0.00954744083583208	DHL	-31000	0.0284633108824223	0.00366719967237777
FL	-31200	0.0334500607732667	0.00827716820048698	DHL	-31200	0.0288293578214536	0.00629207858622498
FL	-31400	0.0324899948492046	0.00813340709901098	DHL	-31400	0.0277005323689134	0.00588067347887314
FL	-31600	0.0311415561576748	0.00638673695146883	DHL	-31600	0.0279180752200591	0.00309513455789162
FL	-31800	0.0320082981239865	0.00705115897926607	DHL	-31800	0.0277682308406819	0.00379036769787968
FL	-32000	0.0339183728665802	0.0104222200529962	DHL	-32000	0.0278490901232457	0.00270046017854045
FL	-32200	0.0338648560340969	0.0109212264557712	DHL	-32200	0.0252262160312956	0.00271690921714179
FL	-32400	0.0352023078681221	0.0148412306576768	DHL	-32400	0.0246619250601875	0.00210659622510883
FL	-32600	0.0353878890470776	0.0141527894490288	DHL	-32600	0.0254788156111587	0.0025658432565086
FL	-32800	0.0342725149495174	0.0127810116282056	DHL	-32800	0.0263119711358087	0.00492677537614798
FL	-33000	0.0337696345103976	0.0109764698575531	DHL	-33000	0.0265399124113188	0.00464343780057246
FL	-33200	0.0333388641874707	0.0130598048550679	DHL	-33200	0.0250879826967395	0.00328272130289468
FL	-33400	0.0327141245128145	0.0146340817966309	DHL	-33400	0.0236150055896682	0.00427793721893916
FL	-33600	0.0358300874869849	0.0164434177461571	DHL	-33600	0.0245760004422395	0.00739797534792302
FL	-33800	0.0375786757290414	0.0195787087224853	DHL	-33800	0.0263206820355427	0.00887305916222991
FL	-34000	0.0376398568762391	0.0154970072042709	DHL	-34000	0.0266356525513638	0.0086941461515738
FL	-34200	0.0382355585196563	0.0143616320284353	DHL	-34200	0.0288871986016179	0.0109950219980282
FL	-34400	0.0397040919556757	0.0138328719331787	DHL	-34400	0.0300759701641826	0.0127603466384225
FL	-34600	0.0368885503977263	0.00932911708054828	DHL	-34600	0.0273470363490277	0.00986870345383425
FL	-34800	0.0390893394933162	0.00972150294957426	DHL	-34800	0.0281134287197079	0.00951162968528506
FL	-35000	0.0344836525032494	0.00893315815395068	DHL	-35000	0.0300024305525005	0.0132017256871955
FL	-35200	0.034152495765361	0.00872498712422441	DHL	-35200	0.0301008163856332	0.0103834674308724
FL	-35400	0.0326805425054824	0.00916516736320832	DHL	-35400	0.028819378335941	0.00915496065073003
FL	-35600	0.0286881700880201	0.0105742207326844	DHL	-35600	0.0310377764139786	0.00776734357252911
FL	-35800	0.027829416198595	0.0095580818225705	DHL	-35800	0.0311617944645535	0.00750026129584874
FL	-36000	0.0288280263848863	0.00984328427675134	DHL	-36000	0.0319704286213212	0.00888914933426956
FL	-36200	0.027656731096355	0.0131555641896816	DHL	-36200	0.0311784152197459	0.00809818714006301
FL	-36400	0.0285518675677117	0.0141425217766479	DHL	-36400	0.0293486620789654	0.0068900838162591
FL	-36600	0.0280902038357392	0.0134666575055033	DHL	-36600	0.0267719551552432	0.00484648853598739
FL	-36800	0.0280674371261098	0.0137890537054719	DHL	-36800	0.0261969898624289	0.00442175930659108
FL	-37000	0.029872871378391	0.0144940197674159	DHL	-37000	0.0252165791795598	0.00242034615206533
FL	-37200	0.030203693059429	0.0146855477662294	DHL	-37200	0.0256254370118891	0.00153380180777452
FL	-37400	0.0338924036495268	0.00652568228257685	DHL	-37400	0.0246938331275252	0.00302085666980812
FL	-37600	0.0346464672839235	0.00729835574533799	DHL	-37600	0.0230368324736483	0.00367978553758145
FL	-37800	0.032861250188869	0.00712596296673224	DHL	-37800	0.0247233380176401	0.00353185851901064
FL	-38000	0.0325814976240606	0.0112835974945222	DHL	-38000	0.0237823144749969	0.00384033329125824
FL	-38200	0.0303122444791312	0.0154249589010677	DHL	-38200	0.0257881376587503	0.00407803606713484
FL	-38400	0.0323047347103386	0.0116124891186866	DHL	-38400	0.0283415532936866	0.00596729643561318
FL	-38600	0.0314977331405127	0.00982004258880918	DHL	-38600	0.0287188779206733	0.00615527674635646
FL	-38800	0.0325690687876212	0.00529112016246216	DHL	-38800	0.029789486772595	0.00901088737520901
FL	-39000	0.0301840563070601	0.00397036359323474	DHL	-39000	0.0263499679984967	0.00745869324733658
FL	-39200	0.0319901044625552	0.00363665701303069	DHL	-39200	0.0263988666585333	0.0105018172770291
FL	-39400	0.0333303306904126	0.00699352685229968	DHL	-39400	0.027070110498829	0.00938818580195051
FL	-39600	0.0338198802352793	0.00980538939179938	DHL	-39600	0.0269418386672706	0.00817775390636984
FL	-39800	0.0314753565266916	0.00920922449276686	DHL	-39800	0.0260653119666504	0.00878775227195457
FL	-40000	0.030147998994247	0.00682913714928011	DHL	-40000	0.0264838014177199	0.00805100011597154
FL	-40200	0.0335526047813749	0.0123167221276414	DHL	-40200	0.0266154869963748	0.0104575889055968
FL	-40400	0.0352550892917146	0.0166592005035727	DHL	-40400	0.0263610407922115	0.00870657013124827
FL	-40600	0.0338427737197002	0.0126207663875788	DHL	-40600	0.0264949096497755	0.00997150775092761
FL	-40800	0.0323583460590616	0.0135802442230865	DHL	-40800	0.0259667959314188	0.00922372825685075
FL	-41000	0.0325375998749976	0.0119158773647544	DHL	-41000	0.0270499766717025	0.003938574342092
FL	-41200	0.0315068249440366	0.0115679127392824	DHL	-41200	0.0277975161062601	0.00322778665955462
FL	-41400	0.0311371084413497	0.00615385560945526	DHL	-41400	0.027215355943461	0.00496642133435151
FL	-41600	0.0341994280822127	0.0117605693149361	DHL	-41600	0.0244840562177713	0.00648336325810122
FL	-41800	0.0332433138533294	0.0124299694025079	DHL	-41800	0.0243667963309247	0.00608293590943414
FL	-42000	0.0338096296443192	0.0123856893836761	DHL	-42000	0.0228050677819569	0.0060948742204819
FL	-42200	0.0311879251898652	0.00877223439182422	DHL	-42200	0.0240739265319822	0.00415838553514977
FL	-42400	0.030301339297547	0.00807256443349435	DHL	-42400	0.0229557514108604	0.0045656422505512
FL	-42600	0.0311153967236702	0.00806180925000618	DHL	-42600	0.0248951733877748	0.00660134732669419
FL	-42800	0.0285264402878939	0.00530648992391487	DHL	-42800	0.0244199675038262	0.00895614436217297
FL	-43000	0.0287667265107506	0.00831290696607283	DHL	-43000	0.026220148204647	0.00778226402253314
FL	-43200	0.0291533712504883	0.0129380494634203	DHL	-43200	0.0260281980093504	0.00792250472294572
FL	-43400	0.0310753880680585	0.0149905390101099	DHL	-43400	0.0273310765307077	0.00968375332151773
FL	-43600	0.0290568607065978	0.0131498295054012	DHL	-43600	0.0270621489237174	0.00989454708447192
FL	-43800	0.033585304391939	0.0129505319602331	DHL	-43800	0.0276808571582232	0.0107559289120108
FL	-44000	0.0310050662258671	0.0136929359584282	DHL	-44000	0.0249912458833491	0.00781114288737153
FL	-44200	0.0304667720427961	0.0143256728361146	DHL	-44200	0.0252224595168684	0.00667469855657663
FL	-44400	0.0305495956918527	0.0136096970582467	DHL	-44400	0.0252560763390683	0.00638527859044557
FL	-44600	0.033970723351345	0.0128705450012482	DHL	-44600	0.0236900769417337	0.00605403815416582
FL	-44800	0.0343562729717934	0.0127207776604798	DHL	-44800	0.0247560641251294	0.00539652215777666
FL	-45000	0.0359373464134324	0.0129050304194049	DHL	-45000	0.0248839220848788	0.00626164271641436
FL	-45200	0.0346793526430996	0.0161574399394222	DHL	-45200	0.027070363816503	0.00747050435439707
FL	-45400	0.0349051094345939	0.0139968575232808	DHL	-45400	0.0289393927773961	0.00919880763469811
FL	-45600	0.0333401222256042	0.013063988674868	DHL	-45600	0.0301564875838617	0.010847317762686
FL	-45800	0.0297476121062007	0.0156157108070954	DHL	-45800	0.0296139078120923	0.0125635207403611
FL	-46000	0.0292425929711929	0.0155004561017489	DHL	-46000	0.0290929449684346	0.0128236770583035
FL	-46200	0.0277416343602707	0.0134935730323955	DHL	-46200	0.0301417022488917	0.011596587655443
FL	-46400	0.0268751711399698	0.0129855564570671	DHL	-46400	0.0298861061369911	0.0103621537586157
FL	-46600	0.0257439459004643	0.0127169709342142	DHL	-46600	0.0271653132011032	0.00778612677964156
FL	-46800	0.0252623233875688	0.0136427893850844	DHL	-46800	0.0286326008083801	0.00789498493593687
FL	-47000	0.0245077940895559	0.0123421885053082	DHL	-47000	0.0275429557223517	0.00722699312317824
FL	-47200	0.0217171005976046	0.0125631661827698	DHL	-47200	0.0269395712779187	0.00358245783835298
FL	-47400	0.0228083648266254	0.00964163268988021	DHL	-47400	0.027124833437932	0.00277152888007174
FL	-47600	0.0242529670746976	0.00981567286755988	DHL	-47600	0.0256266906957128	0.00222605780673023
FL	-47800	0.0251022728433136	0.00900492111066034	DHL	-47800	0.0265943941400833	0.00467713541471507
FL	-48000	0.0258214220569204	0.0103270790754856	DHL	-48000	0.0243494707904441	0.00518946865149016
FL	-48200	0.02799256838302	0.00990296378572335	DHL	-48200	0.024443839023748	0.00616213850261041
FL	-48400	0.0298091098817886	0.0105108108282583	DHL	-48400	0.025062903115917	0.00750237687127217
FL	-48600	0.0324529579116364	0.0106539488957796	DHL	-48600	0.0285784190332301	0.00819944956315789
FL	-48800	0.034699148694717	0.0123774338156915	DHL	-48800	0.027274787127761	0.0100492600042032
FL	-49000	0.0364905990037471	0.00998544129228434	DHL	-49000	0.027679943265615	0.00940356868567025
FL	-49200	0.0371254227749576	0.0160160525968381	DHL	-49200	0.0268646954120935	0.00699890069532892
FL	-49400	0.0387918697361202	0.0187745780690048	DHL	-49400	0.027964479247873	0.00656692832860775
FL	-49600	0.0391741489617664	0.0170581048366975	DHL	-49600	0.0265882152892394	0.00765174411502048
FL	-49800	0.0367572038525259	0.0136286821049187	DHL	-49800	0.0270025089205008	0.00841485482432189
FL	-50000	0.0327095399870784	0.0195601122548193	DHL	-50000	0.0239535479012862	0.00760037193249449
FL	-50200	0.0313023789027502	0.0195531431504361	DHL	-50200	0.0235871013599152	0.00668352480732409
FL	-50400	0.02984750893498	0.0178564710625631	DHL	-50400	0.0214587164945539	0.00824294615389134
FL	-50600	0.0302156334900978	0.0168295799573202	DHL	-50600	0.0207994966392679	0.0080380927367952
FL	-50800	0.030037059104567	0.01779545681697	DHL	-50800	0.0209010872674465	0.00885945811618739
FL	-51000	0.0289249908331199	0.016817645981793	DHL	-51000	0.0215411960379995	0.00795195334436196
FL	-51200	0.027955457109707	0.00718454384422256	DHL	-51200	0.0227256653382616	0.00890880147272451
FL	-51400	0.0272282155127732	0.00747295434969235	DHL	-51400	0.0212221483241689	0.00783922945447207
FL	-51600	0.0289327022228642	0.00866249696679976	DHL	-51600	0.0209574281699324	0.00783918946253127
FL	-51800	0.0290888246384434	0.00748331152819696	DHL	-51800	0.0189128760636745	0.00793929585633314
FL	-52000	0.0281145892274818	0.00597902298445629	DHL	-52000	0.0193887886026656	0.00640697964882196
FL	-52200	0.0286881596651206	0.00638669260100521	DHL	-52200	0.0179521527787208	0.00727336326942848
FL	-52400	0.0339218467833484	0.00957962907984357	DHL	-52400	0.0187269557416337	0.00869180971386337
FL	-52600	0.031764429274832	0.0071602004369199	DHL	-52600	0.0200602873271775	0.00913320394515538
FL	-52800	0.0329386146684051	0.00878340965848699	DHL	-52800	0.0209994730090481	0.01032375774014
FL	-53000	0.0331332021622655	0.010354850446111	DHL	-53000	0.0231206210629608	0.00814801355696943
FL	-53200	0.028958320829902	0.0101063558767612	DHL	-53200	0.026091834619866	0.00747316932932092
FL	-53400	0.0284824596766829	0.00691627168329978	DHL	-53400	0.0275633262128219	0.00869715691475981
FL	-53600	0.0273723865410319	0.0141179458682461	DHL	-53600	0.0242877399532875	0.0131577456497762
FL	-53800	0.0264024463780952	0.0145185015324365	DHL	-53800	0.0245386043714191	0.0126919567354884
FL	-54000	0.0270701154858619	0.0138013944213084	DHL	-54000	0.0234896454512684	0.0102322950030527
FL	-54200	0.0254251120064256	0.0124397805886466	DHL	-54200	0.0231617008549731	0.0099378880478844
FL	-54400	0.0263823396927645	0.0131927475356678	DHL	-54400	0.0240210093065922	0.00846437920583333
FL	-54600	0.0275442410506493	0.0139508130291135	DHL	-54600	0.0257164030417535	0.00964317868739088
FL	-54800	0.0280289624919852	0.0138313777583625	DHL	-54800	0.0266861398354183	0.00978432727586563
FL	-55000	0.0263393229608581	0.0125928480692416	DHL	-55000	0.0284532243192294	0.0143494098583263
FL	-55200	0.0261366573932643	0.012855584124462	DHL	-55200	0.0277260512939266	0.0141620598756632
FL	-55400	0.0301205789299796	0.0142576916731996	DHL	-55400	0.0284144885080204	0.0143397215763763
FL	-55600	0.028414428871771	0.0131412508093649	DHL	-55600	0.0290749984307476	0.0113136948091146
FL	-55800	0.0271789081708492	0.0127746788529882	DHL	-55800	0.0289963950093638	0.0124372383275519
FL	-56000	0.0275669460818119	0.0136303015664022	DHL	-56000	0.0274439597930792	0.0131293340775146
FL	-56200	0.0279870219805845	0.0144495338788284	DHL	-56200	0.0284568885204356	0.0118410091919421
FL	-56400	0.0274446307581739	0.013052891997972	DHL	-56400	0.0263278079156584	0.00782299342002041
FL	-56600	0.029089807525342	0.0153703189706122	DHL	-56600	0.0238623507576525	0.00826174781532097
FL	-56800	0.0288933483821228	0.0140747120830925	DHL	-56800	0.0249414976387039	0.00865772029944538
FL	-57000	0.029570127012969	0.0151703202123455	DHL	-57000	0.025779051353751	0.00708457366829714
FL	-57200	0.0313054616211876	0.0170985000928311	DHL	-57200	0.0269559772128164	0.00807942079209882
FL	-57400	0.0321121495492858	0.0168900231459026	DHL	-57400	0.0259902684261666	0.00839152341563435
FL	-57600	0.0342757025206574	0.019710531261299	DHL	-57600	0.0257274601185524	0.0084152500314003
FL	-57800	0.0345387566117201	0.0120907037911545	DHL	-57800	0.0291554229416683	0.00611406957794479
FL	-58000	0.0367900627011048	0.0136909220871	DHL	-58000	0.0288419810512731	0.00679633656346133
FL	-58200	0.0382351160142192	0.0157695195982996	DHL	-58200	0.0283123492620283	0.00695525711926467
FL	-58400	0.0353667068512888	0.011457439301903	DHL	-58400	0.0267702505562662	0.0095595372187289
FL	-58600	0.0332989852474793	0.011757581686579	DHL	-58600	0.0265610868834487	0.00844169271645532
FL	-58800	0.0323879743025093	0.0104788052865187	DHL	-58800	0.0255266101911783	0.00953908471336653
FL	-59000	0.031225127731593	0.00735618102888908	DHL	-59000	0.0252455155155831	0.00923258815770025
FL	-59200	0.0290845642421623	0.0137534446885755	DHL	-59200	0.0253341309512725	0.0123152571516012
FL	-59400	0.0297619319338884	0.0137684609597626	DHL	-59400	0.0246903070600209	0.0097654597126197
FL	-59600	0.0268608244627008	0.0128036669820934	DHL	-59600	0.0241490552313741	0.0103222662690252
FL	-59800	0.0270091653497814	0.0128778874300615	DHL	-59800	0.0237809376525112	0.0106598296571329
FL	-60000	0.0280162802003993	0.014197235400359	DHL	-60000	0.0234875689933215	0.0109080276458246
FL	-60200	0.0308662832222247	0.0151600842944216	DHL	-60200	0.0231779519840723	0.0108961635274001
FL	-60400	0.0354592978223972	0.0104858645417503	DHL	-60400	0.0242763342688871	0.00866766875135525
FL	-60600	0.0323510487528861	0.0108308983554378	DHL	-60600	0.0251405859863513	0.00941974880547885
FL	-60800	0.0322234742966546	0.0133345546258165	DHL	-60800	0.0257525893445579	0.00786879532185758
FL	-61000	0.0361709238796163	0.0111465468986586	DHL	-61000	0.0282531920620651	0.0106087144063797
FL	-61200	0.0340754599677432	0.0118141332370176	DHL	-61200	0.0261047397897675	0.0112056464432
FL	-61400	0.0270257268798692	0.0139349301210673	DHL	-61400	0.0251969601223195	0.0095558293097564
FL	-61600	0.0245921515005891	0.0125098457882502	DHL	-61600	0.0247170810480636	0.00823374604642895
FL	-61800	0.0271570467896294	0.0137688755821122	DHL	-61800	0.0231252958165106	0.00850537282388853
FL	-62000	0.0290320825174641	0.0144548468420352	DHL	-62000	0.0224712850277335	0.00959738683128998
FL	-62200	0.0319542700582399	0.0156753224661655	DHL	-62200	0.0248216661526677	0.0100390938907818
FL	-62400	0.0325689885325509	0.0158192836592297	DHL	-62400	0.0242106831128641	0.0109961256635238
FL	-62600	0.0345735002923966	0.0173064124296903	DHL	-62600	0.0262321069597061	0.00909084704159716
FL	-62800	0.03864184237753	0.0105178725954024	DHL	-62800	0.0290322673756848	0.00739038668258228
FL	-63000	0.0365590540563286	0.00980645707648336	DHL	-63000	0.0279763407474412	0.00849004605009875
FL	-63200	0.0318359716242392	0.014960262273067	DHL	-63200	0.0309993307766145	0.0121777592839288
FL	-63400	0.0308948101053067	0.0141680074009796	DHL	-63400	0.0294843067701261	0.0133613444724394
FL	-63600	0.0278011476457501	0.0134723385711009	DHL	-63600	0.0270333043857144	0.0121283462953813
FL	-63800	0.0294219907931982	0.0141806869495168	DHL	-63800	0.0259314056610903	0.00968078405206699
FL	-64000	0.0299323729216954	0.0156026101250672	DHL	-64000	0.0269084624611493	0.0103890974841282
FL	-64200	0.027669626011635	0.013761882133463	DHL	-64200	0.0260335864695635	0.0101124134486713
FL	-64400	0.0291035818039134	0.01599290004074	DHL	-64400	0.0267527248901742	0.0139130557358343
FL	-64600	0.0323354321421315	0.0111642425035409	DHL	-64600	0.0272750506408934	0.0159785043046154
FL	-64800	0.031014812951824	0.00844423760827187	DHL	-64800	0.0254665439469053	0.0124808323587444
FL	-65000	0.0332470897561013	0.00858828603337185	DHL	-65000	0.0264563809433338	0.0128382929863664
FL	-65200	0.0353209806009557	0.0066628352208403	DHL	-65200	0.0284803677974812	0.0132940401943183
FL	-65400	0.0399082833000447	0.0116803997600029	DHL	-65400	0.0298032759327039	0.0115245137754923
FL	-65600	0.0420217157370677	0.012566824546509	DHL	-65600	0.0259053382100534	0.00633602506079711
FL	-65800	0.0410065223157383	0.0142874213983315	DHL	-65800	0.0265525836184203	0.00719275905611535
FL	-66000	0.0365030679609826	0.00886773653086906	DHL	-66000	0.0273854927566071	0.00579103272116136
FL	-66200	0.0324022406367422	0.00895381509036221	DHL	-66200	0.0273641967172834	0.00381571450578128
FL	-66400	0.0351143227918049	0.0101588483271491	DHL	-66400	0.0316773599134394	0.00655329817308597
FL	-66600	0.0355477210044566	0.0114483208623666	DHL	-66600	0.030589013015997	0.00430328770996303
FL	-66800	0.0342578384837616	0.0116257663439974	DHL	-66800	0.0309179040611497	0.0058188034398493
FL	-67000	0.0327655428401508	0.0120509265978348	DHL	-67000	0.0323110115482664	0.00540888745522667
FL	-67200	0.0290700086465457	0.0108180275710266	DHL	-67200	0.0337203505061247	0.00779097570012745
FL	-67400	0.028802888666397	0.00849893076515422	DHL	-67400	0.0341606140679932	0.00572990588493341
FL	-67600	0.0294583783421059	0.00831440839419459	DHL	-67600	0.0306446897607539	0.0050483091644632
FL	-67800	0.0282004382177234	0.00633118307368078	DHL	-67800	0.0307303174619763	0.00497152275919985
FL	-68000	0.0281573065450675	0.00661933157335553	DHL	-68000	0.0302035597960852	0.00552289973430163
FL	-68200	0.0278393774008225	0.00553079798364922	DHL	-68200	0.0317242553537916	0.00902315457680716
FL	-68400	0.0285919466939432	0.0066661858500984	DHL	-68400	0.0317139604018113	0.00385330945381433
FL	-68600	0.0291243185730195	0.00640217159902127	DHL	-68600	0.0291932081728151	0.0044947177613155
FL	-68800	0.0332704142728004	0.0083997220829924	DHL	-68800	0.0277208790620169	0.00503663125257032
FL	-69000	0.032698167407424	0.00874929688079356	DHL	-69000	0.0264689885473725	0.00431482312347831
FL	-69200	0.0336664909969315	0.00905909775988476	DHL	-69200	0.0257068627470387	0.00191956271754175
FL	-69400	0.0334464257412691	0.00907928932327446	DHL	-69400	0.0263321745499186	0.0037291546678255
FL	-69600	0.0366447304582259	0.015430951380716	DHL	-69600	0.0259917324454388	0.00463883932462726
FL	-69800	0.0372449029155803	0.0233752549590006	DHL	-69800	0.0249106360381083	0.00426104202367185
FL	-70000	0.0365800572096135	0.0241859562482473	DHL	-70000	0.0274395404089022	0.00413152949440493
FL	-70200	0.0298477124867729	0.0174214214268127	DHL	-70200	0.0268188442055624	0.00658259264327146
FL	-70400	0.0264317499193946	0.00998728542701939	DHL	-70400	0.0256137150250129	0.0096293831493509
FL	-70600	0.0271989207870002	0.0112222183068017	DHL	-70600	0.0258975943050341	0.00968217399475794
FL	-70800	0.0280903906133268	0.0120478773977329	DHL	-70800	0.0230940370358142	0.0050825754860492
FL	-71000	0.0246326225976944	0.0105042526824475	DHL	-71000	0.021490306004787	0.00516817648180202
FL	-71200	0.0300967153512185	0.0111077720855674	DHL	-71200	0.0219219057590378	0.00894710724854862
FL	-71400	0.0301791685108597	0.0102922702966984	DHL	-71400	0.0248669399554119	0.00620050095030497
FL	-71600	0.0330511970416123	0.0108714986684306	DHL	-71600	0.0262754182942028	0.00494833195911245
FL	-71800	0.0356169086555301	0.00906751731015203	DHL	-71800	0.0272637609059061	0.00375793029333792
FL	-72000	0.0345534838799064	0.0084165436846682	DHL	-72000	0.0297073701651036	0.0046809197851934
FL	-72200	0.0366727164781602	0.015509035666332	DHL	-72200	0.0256682757202537	0.00617653017718298
FL	-72400	0.0354574087129048	0.0161354649794342	DHL	-72400	0.0248213572208595	0.00496394284099582
FL	-72600	0.0356817496013412	0.0159392622885975	DHL	-72600	0.0261377889779388	0.00695861322977029
FL	-72800	0.0397431392904735	0.023847782841407	DHL	-72800	0.0292412421119371	0.00777965020873335
FL	-73000	0.0375004331476227	0.0146647013719937	DHL	-73000	0.0305210065895128	0.0105357808667804
FL	-73200	0.0405356897250195	0.0236191125367482	DHL	-73200	0.0275416128539732	0.012103866877775
FL	-73400	0.036729619829124	0.0153767567852641	DHL	-73400	0.026194227454595	0.0085035609400458
FL	-73600	0.0342666876983866	0.00739079777604159	DHL	-73600	0.0285022369482561	0.00698907472026451
FL	-73800	0.034928613496808	0.00964956025404989	DHL	-73800	0.0267258360678918	0.00850087329032191
FL	-74000	0.0336082337474131	0.00988209798568842	DHL	-74000	0.0271205264575607	0.00933881790900576
FL	-74200	0.033676878705804	0.013659786507467	DHL	-74200	0.0269048812013896	0.00603729259626477
FL	-74400	0.0328037300702699	0.0141328403050682	DHL	-74400	0.0251924468627792	0.00710729623472318
FL	-74600	0.0313426996622856	0.0155186129594396	DHL	-74600	0.0257566610057318	0.00620488480666932
FL	-74800	0.0317866265924653	0.0153283615861939	DHL	-74800	0.0272764650365546	0.00809989818732396
FL	-75000	0.0324987133931717	0.0195239639213719	DHL	-75000	0.0264853288191426	0.00953884944464784
FL	-75200	0.0350397237359957	0.0185696848257786	DHL	-75200	0.0252090144407985	0.0101553453518927
FL	-75400	0.0351021014630295	0.0153099582245303	DHL	-75400	0.0240865463465652	0.00835633016680546
FL	-75600	0.03057435583295	0.0200853550016134	DHL	-75600	0.0262155848247137	0.00788455287978342
FL	-75800	0.0360066077935897	0.0177658741831507	DHL	-75800	0.0283567368741555	0.00745366664639472
FL	-76000	0.038311845721227	0.015463096464382	DHL	-76000	0.0304257693008573	0.00580326937291564
FL	-76200	0.0383057059263746	0.0178406260907062	DHL	-76200	0.0324760501855275	0.00672202515953433
FL	-76400	0.0366686214678766	0.0168271145510578	DHL	-76400	0.0311388503595919	0.00753408701626919
FL	-76600	0.0343996948993784	0.0174905090348816	DHL	-76600	0.029591949945353	0.010298821469033
FL	-76800	0.0333869728068507	0.0139464696611022	DHL	-76800	0.0266453842074787	0.0123407873554598
FL	-77000	0.0335459678734977	0.011682591362793	DHL	-77000	0.0290794403923537	0.0122433795415166
FL	-77200	0.0319589637262982	0.00932643912554016	DHL	-77200	0.0291406576375879	0.0123566050162384
FL	-77400	0.0289672323621411	0.00885111611886156	DHL	-77400	0.0274542342808017	0.013051174078962
FL	-77600	0.0252962178810853	0.00722200968759649	DHL	-77600	0.027030844170006	0.0152410854642584
FL	-77800	0.0232203322810435	0.0135826046403474	DHL	-77800	0.0243896665849719	0.0120466152705762
FL	-78000	0.0265524283418433	0.00865104218280199	DHL	-78000	0.0222442090534496	0.00497438471658372
FL	-78200	0.0282239717933444	0.0126348267839981	DHL	-78200	0.022980907796064	0.00634105565219311
FL	-78400	0.0261597354067882	0.00992351434826667	DHL	-78400	0.023032006510098	0.0063551551730789
FL	-78600	0.03233559606585	0.0141042196446051	DHL	-78600	0.0233005732849756	0.00548687462101812
FL	-78800	0.0328536898324535	0.0152922582109094	DHL	-78800	0.0257728950519092	0.00411410038014989
FL	-79000	0.0348771337602096	0.0146899701291459	DHL	-79000	0.0248704517593175	0.0033230274631664
FL	-79200	0.0334865288966888	0.0145989714570397	DHL	-79200	0.0226408522671602	0.00158973658043975
FL	-79400	0.0345684535568145	0.0134843844910139	DHL	-79400	0.0220401046341671	0.00359071111748173
FL	-79600	0.0350327942700237	0.0125112555617758	DHL	-79600	0.022665333178835	0.00429717305758573
FL	-79800	0.035559496723074	0.0108902071918446	DHL	-79800	0.0228930367946264	0.0053700219859695
FL	-80000	0.0342968880856563	0.0102561033314516	DHL	-80000	0.0244538484250326	0.00545842157252227
FL	-80200	0.0326288964248454	0.0116145255685035	DHL	-80200	0.0254001423981107	0.00656952155380719
FL	-80400	0.0295336011774249	0.0101108241916235	DHL	-80400	0.0273126879261891	0.00771288948476797
FL	-80600	0.0292664190746646	0.0101322657276159	DHL	-80600	0.0282418452822299	0.00918405482251847
FL	-80800	0.0268936148941658	0.010409160368262	DHL	-80800	0.026929916968994	0.00810662368873831
FL	-81000	0.0264885827133344	0.0101721453502082	DHL	-81000	0.0259464156034997	0.00830398861925846
FL	-81200	0.0292861960813085	0.0135617349788836	DHL	-81200	0.0265320935746431	0.0087832471474198
FL	-81400	0.0330820529599256	0.0155049962788601	DHL	-81400	0.0295706771777185	0.00689120381196528
FL	-81600	0.0287834870181351	0.0194587959962534	DHL	-81600	0.0280722273514989	0.00806941170124482
FL	-81800	0.0300113572422047	0.0212790372476396	DHL	-81800	0.0268253299563367	0.00708245209774368
FL	-82000	0.0300914259833199	0.0205983872404536	DHL	-82000	0.0259082995512445	0.00676075425663695
FL	-82200	0.0321471364657689	0.0115619845087204	DHL	-82200	0.0306908547369543	0.0073912099770295
FL	-82400	0.0327532136801714	0.0135956685749447	DHL	-82400	0.027911150015872	0.00978019638203847
FL	-82600	0.0338977144932067	0.0130872785651264	DHL	-82600	0.0297693490577404	0.00822174887913836
FL	-82800	0.0311888244800329	0.0188308384875872	DHL	-82800	0.0274963361063231	0.00839114079926814
FL	-83000	0.0319191148156145	0.0183521794913163	DHL	-83000	0.0266757465928954	0.00991853929220874
FL	-83200	0.0311507074890511	0.0182199256338345	DHL	-83200	0.0254677641850904	0.00678057905684442
FL	-83400	0.0303211347357973	0.0176830511903398	DHL	-83400	0.0274120914786592	0.00470941455244209
FL	-83600	0.0338638229052067	0.0146169761056714	DHL	-83600	0.028466170645835	0.00528677500480842
FL	-83800	0.035056801357481	0.0136931488677363	DHL	-83800	0.0271486257065041	0.00498360844897215
FL	-84000	0.0348202332999268	0.0129219673162283	DHL	-84000	0.0239170655446003	0.00689818855029516
FL	-84200	0.0353917081713878	0.0122941689575087	DHL	-84200	0.0224611040843044	0.00547311514581629
FL	-84400	0.0282461074021956	0.0153732610082552	DHL	-84400	0.0194539212758796	0.011385146078236
FL	-84600	0.0264745310759706	0.0132589210902393	DHL	-84600	0.0207455205803863	0.0130811349431176
FL	-84800	0.0268550352246108	0.0141993776077758	DHL	-84800	0.0221422579493505	0.010869747208797
FL	-85000	0.0265066965798257	0.016239461505979	DHL	-85000	0.0258096142532171	0.00982510286891834
FL	-85200	0.0261821716052711	0.0170292684216737	DHL	-85200	0.0293750365760606	0.00977815066258277
FL	-85400	0.0294559587075889	0.0109444160163003	DHL	-85400	0.0295354169950781	0.0111145721811837
FL	-85600	0.0263892720550073	0.0162623084406719	DHL	-85600	0.0286754119204574	0.0097994144475625
FL	-85800	0.0291732754174518	0.0165735192712371	DHL	-85800	0.0277707791909859	0.011327994945435
FL	-86000	0.0314132869748669	0.0173684347383335	DHL	-86000	0.0269537887944316	0.0093263932006666
FL	-86200	0.0296981694057646	0.0163717258037154	DHL	-86200	0.0267927186031666	0.0087097855927244
FL	-86400	0.0317542909568917	0.0171713817090805	DHL	-86400	0.0284707978285678	0.00980932917520907
FL	-86600	0.0316917497636204	0.0162798519326768	DHL	-86600	0.0276935387691939	0.0118619463421337
FL	-86800	0.0347015644700852	0.00871561378078349	DHL	-86800	0.0284127399905196	0.0113887877787523
FL	-87000	0.0327024531732972	0.0134501835699004	DHL	-87000	0.0252532610476874	0.00859294465256382
FL	-87200	0.030178570935984	0.017611672382617	DHL	-87200	0.022896760227155	0.00786322066175089
FL	-87400	0.0299720149528314	0.0173548284484354	DHL	-87400	0.020240099358967	0.0084042386379459
FL	-87600	0.0337282209169416	0.00995505120604719	DHL	-87600	0.0231636726400116	0.00936568912443659
FL	-87800	0.0328057237597442	0.0113160049781412	DHL	-87800	0.0232717446695606	0.00723234738363413
FL	-88000	0.0335075763943859	0.0139973457355543	DHL	-88000	0.0236765681605057	0.00682640536475084
FL	-88200	0.0392438725016054	0.0185786093164707	DHL	-88200	0.0251793512673635	0.00808753290191247
FL	-88400	0.0408738724223678	0.0178643442354568	DHL	-88400	0.023714261943561	0.0108530656512882
FL	-88600	0.0418375084417465	0.0172187111314515	DHL	-88600	0.0227480872425475	0.00675758408564962
FL	-88800	0.0411483519592875	0.0201422239055104	DHL	-88800	0.0239805009537449	0.00678533420012745
FL	-89000	0.0400249045542694	0.0220122014346181	DHL	-89000	0.0226604414250397	0.00920044108341244
FL	-89200	0.0454890145161658	0.03337044108178	DHL	-89200	0.0199442435063017	0.00863964253632211
FL	-89400	0.0466520727764091	0.037467494966005	DHL	-89400	0.0207428869226901	0.00664888660596862
FL	-89600	0.0405375451223522	0.0266514163701061	DHL	-89600	0.0200327534487686	0.00646450349604314
FL	-89800	0.040504677569991	0.024735350509769	DHL	-89800	0.0224957133514574	0.00776281328925595
FL	-90000	0.0403462172341058	0.0155499988418808	DHL	-90000	0.0233832813796457	0.00831277842269387
FL	-90200	0.041944827133005	0.0130422267626408	DHL	-90200	0.0211135313777604	0.00747356176376607
FL	-90400	0.0415253152063872	0.0119368358086772	DHL	-90400	0.0204931565882653	0.0121540861534637
FL	-90600	0.0398602581688178	0.0142353751068757	DHL	-90600	0.0252570370161994	0.0136753525971296
FL	-90800	0.039781286843465	0.0140664318849527	DHL	-90800	0.0262105928982182	0.0122646481377419
FL	-91000	0.0403042019825129	0.0121343619158793	DHL	-91000	0.0274214936043231	0.0128606367223821
FL	-91200	0.0382551080364174	0.0148696755188585	DHL	-91200	0.0283162563192466	0.0125445560689913
FL	-91400	0.0341800666526446	0.0110168623472458	DHL	-91400	0.0277418931425399	0.0117759393225387
FL	-91600	0.0366530430867113	0.0114981957037779	DHL	-91600	0.027561166828224	0.00977351972402538
FL	-91800	0.0330739566087656	0.00961737987153558	DHL	-91800	0.028912297193948	0.00613811593666601
FL	-92000	0.0312044384175099	0.00819279233571412	DHL	-92000	0.0296999283494353	0.00933337511808343
FL	-92200	0.0298556793677052	0.0100186465498229	DHL	-92200	0.0267130091858161	0.0103257439403076
FL	-92400	0.0314637931497777	0.00903012490231115	DHL	-92400	0.025434149249447	0.0104541073338575
FL	-92600	0.0307839051795387	0.0078413009963942	DHL	-92600	0.0199458991119308	0.0102361571629496
FL	-92800	0.035553191027935	0.0114282860882097	DHL	-92800	0.0206407487539673	0.00868492381073085
FL	-93000	0.0349362151743891	0.0113942818228842	DHL	-93000	0.022753519921288	0.0102457951552573
FL	-93200	0.0369745618700406	0.0113034626083777	DHL	-93200	0.0248761898498177	0.0115589947205011
FL	-93400	0.0366577994868204	0.011382602169075	DHL	-93400	0.0264422349604258	0.0124407713677571
FL	-93600	0.0368996956750793	0.0155687082660674	DHL	-93600	0.0243359290608505	0.0113973677492086
FL	-93800	0.0342102511229247	0.0160778721585701	DHL	-93800	0.025488895708011	0.0099601362271659
FL	-94000	0.0283666774653569	0.0182212540909125	DHL	-94000	0.0249977978597364	0.010592895215868
FL	-94200	0.0269955507977706	0.0159743845708262	DHL	-94200	0.0244184990283736	0.0079945803181915
FL	-94400	0.0253152478772283	0.0152643433768525	DHL	-94400	0.02286799547913	0.0106990267550702
FL	-94600	0.0254707143250957	0.0169930769113546	DHL	-94600	0.0227209033063747	0.00728717752820214
FL	-94800	0.023161047607998	0.0178633701827148	DHL	-94800	0.02397161845187	0.00889410596745326
FL	-95000	0.0224542516070046	0.0143256989751445	DHL	-95000	0.0244149766707506	0.00959263507787558
FL	-95200	0.0237828087263744	0.0175911073688585	DHL	-95200	0.0249821844127911	0.00485875905149633
FL	-95400	0.0242952383291724	0.0165435769113959	DHL	-95400	0.025601459776809	0.0045030867313062
FL	-95600	0.0228629677723894	0.0136828057177017	DHL	-95600	0.0270530582843544	0.00747403929575676
FL	-95800	0.0279895039947458	0.0147827343841036	DHL	-95800	0.0258696898847297	0.00635353152400784
FL	-96000	0.0258283816497433	0.0138947376102162	DHL	-96000	0.0244794936984436	0.00508178094025356
FL	-96200	0.0264617702923053	0.014354585541113	DHL	-96200	0.0230899792736642	0.00742667551555047
FL	-96400	0.0253159090534064	0.0153888870064849	DHL	-96400	0.0254207967791695	0.00685587228286613
FL	-96600	0.0244528693641598	0.0161196667694585	DHL	-96600	0.0246190296757918	0.0113496480753315
FL	-96800	0.0241784959122726	0.016875986604861	DHL	-96800	0.0272491455178161	0.0127299213116543
FL	-97000	0.0248263689881863	0.0157267284863542	DHL	-97000	0.0288192153833046	0.0135856024032245
FL	-97200	0.0273155363015582	0.0168782049481332	DHL	-97200	0.0285865484057145	0.01461908844818
FL	-97400	0.0300311916666666	0.0181763002608217	DHL	-97400	0.0273285713871013	0.0128614870706167
FL	-97600	0.0297989899294511	0.019320930978002	DHL	-97600	0.0255858059322451	0.0101824858267577
FL	-97800	0.0331810486514054	0.0208712469108407	DHL	-97800	0.0244050321720148	0.01095278069996
FL	-98000	0.0335750140687486	0.0200530760221968	DHL	-98000	0.0233352450139716	0.0135353496334423
FL	-98200	0.0329182319345001	0.016778396091615	DHL	-98200	0.0247809549957553	0.0152078793582363
FL	-98400	0.0363531516208262	0.0199397130431961	DHL	-98400	0.0264171733393479	0.0141169642034461
FL	-98600	0.0348655958845289	0.0190574398638833	DHL	-98600	0.0243114300495411	0.0153197730537781
FL	-98800	0.0343056395554137	0.0187654652964939	DHL	-98800	0.0266681376469559	0.0166083859851038
FL	-99000	0.0309143328484998	0.0162032758098849	DHL	-99000	0.0307933274297765	0.015415105477726
FL	-99200	0.0293549986443563	0.0164576145999708	DHL	-99200	0.0334108636893608	0.0119748481331159
FL	-99400	0.0297787101532935	0.0168712404067556	DHL	-99400	0.0321096096456112	0.010107402551395
FL	-99600	0.0355934831696644	0.0144399889697115	DHL	-99600	0.0327903189368546	0.0111322642362237
FL	-99800	0.0334254451032154	0.0151194298294251	DHL	-99800	0.033076423918199	0.0159046968706648
FL	-100000	0.027491526836929	0.0069056473956019	DHL	-100000	0.0333501657771547	0.0150956628402284
