V1	Distance	Burden.avg	Burden.sd	V1	Distance	Burden.avg	Burden.sd
FL	0	0.0285939367984063	0.00908676471352154	DHL	0	0.0636047760321565	0.049366221947682
FL	200	0.0289254527873375	0.00904073945466554	DHL	200	0.0644486105132316	0.0530623507169161
FL	400	0.0304228312653828	0.00851268140298982	DHL	400	0.0673579448605304	0.0550484942200674
FL	600	0.0319687101567043	0.00727949579836865	DHL	600	0.069507599331403	0.0594640413344775
FL	800	0.0318922217821135	0.0093791336098286	DHL	800	0.0713633160239762	0.0607235489450191
FL	1000	0.0323940236353701	0.00773684355533446	DHL	1000	0.0736274500137066	0.0598947085034952
FL	1200	0.0338149875053774	0.00484826335925955	DHL	1200	0.0751198808405993	0.0605073334343609
FL	1400	0.0357183183456647	0.00475196007931185	DHL	1400	0.0770949559720679	0.0627728181374311
FL	1600	0.0357719405329382	0.0057457716307726	DHL	1600	0.0789663945862728	0.0660992046884582
FL	1800	0.0334266787262215	0.0049470044055156	DHL	1800	0.0816501025668657	0.0698660912644904
FL	2000	0.0340888161689633	0.00504032293242796	DHL	2000	0.0827492431237628	0.0715968744655757
FL	2200	0.0335531645343472	0.0070811602092741	DHL	2200	0.0850884777270565	0.0735483651507862
FL	2400	0.0327820708653848	0.010314472268248	DHL	2400	0.0916224967747177	0.0811156176390926
FL	2600	0.0337938450843843	0.0103645228351873	DHL	2600	0.0976756796641399	0.0853177475497079
FL	2800	0.033484693466067	0.0102774053336189	DHL	2800	0.0978871676290685	0.0859656227656049
FL	3000	0.0343881286523296	0.00867707743216274	DHL	3000	0.0994587470068025	0.0878330226130998
FL	3200	0.0356959562843559	0.00934460929230808	DHL	3200	0.103587428391077	0.091366368265871
FL	3400	0.0378802730447717	0.00849801928332869	DHL	3400	0.107577548453744	0.0968873992430494
FL	3600	0.0366267741161801	0.0106168648255883	DHL	3600	0.10485608344374	0.0948233696145701
FL	3800	0.0357180789641764	0.0122567164061388	DHL	3800	0.100401515251032	0.0946980223940489
FL	4000	0.0359261228878099	0.012289398488957	DHL	4000	0.103073900932776	0.0968050819264664
FL	4200	0.0349571178706786	0.00807831096236718	DHL	4200	0.0995179635351885	0.0953613878257546
FL	4400	0.0350132134743375	0.0079105243115749	DHL	4400	0.0982337022733206	0.0988235285516389
FL	4600	0.0364307839732845	0.00601232103313593	DHL	4600	0.0980640485655315	0.100168063366928
FL	4800	0.0362000864986736	0.00786337933802223	DHL	4800	0.0951769342803015	0.0986154853159346
FL	5000	0.0363249989753746	0.00923002513563212	DHL	5000	0.0941691769436814	0.0970729793802277
FL	5200	0.0341850730794691	0.0109288372798801	DHL	5200	0.0891468170307757	0.0908337535995487
FL	5400	0.0334144242200495	0.0103513188967929	DHL	5400	0.0838167409998696	0.0830898760419653
FL	5600	0.0312691464419262	0.0126781641186967	DHL	5600	0.0799097380351413	0.0728524859197733
FL	5800	0.0279722016669512	0.0138798995860518	DHL	5800	0.0783854389227114	0.0721339396163269
FL	6000	0.0282442365344552	0.0133280316609909	DHL	6000	0.0736689496431582	0.0680273310587175
FL	6200	0.0301222153246768	0.00727751054386879	DHL	6200	0.074287952017084	0.06441438631962
FL	6400	0.0287407338040717	0.0105242229694538	DHL	6400	0.0690994431395647	0.0616628244136395
FL	6600	0.0284289238615223	0.0102264328123741	DHL	6600	0.0690723592509883	0.0605698167232564
FL	6800	0.0305956306667347	0.00493846320752796	DHL	6800	0.0694479234132951	0.0606809826516986
FL	7000	0.0294130040096082	0.00483458836818658	DHL	7000	0.0678554034790179	0.0581087692423905
FL	7200	0.0310112300681106	0.0054235084369523	DHL	7200	0.0666637225611102	0.0553174689608575
FL	7400	0.0296920841885913	0.00825155827931955	DHL	7400	0.065055433037097	0.0533976975346558
FL	7600	0.0313330850650321	0.0088466382383187	DHL	7600	0.0668295305936829	0.0544313476829213
FL	7800	0.0286882380737138	0.00975254018779109	DHL	7800	0.0668926201847003	0.0585918874254853
FL	8000	0.030530830827922	0.00883564003597266	DHL	8000	0.0682617200558095	0.0621634435550335
FL	8200	0.0330398264054605	0.00993188329940369	DHL	8200	0.0715761790900008	0.0651454224987888
FL	8400	0.0288111981600872	0.0103541121612609	DHL	8400	0.0731544634122237	0.0637251431000263
FL	8600	0.0306814627626527	0.00677549540292444	DHL	8600	0.0729460085730964	0.0603771644293501
FL	8800	0.0291730578807912	0.0106456944277041	DHL	8800	0.0716886422275652	0.0620068411517142
FL	9000	0.0292521606715874	0.0110110629197386	DHL	9000	0.0684289026285863	0.0572848329115439
FL	9200	0.0317640918487229	0.00887772412071319	DHL	9200	0.0681634071476188	0.0569373855297299
FL	9400	0.0332240521327153	0.00572367813139395	DHL	9400	0.0676615110966138	0.0531106974394579
FL	9600	0.0340911934644594	0.00539416259865678	DHL	9600	0.069492920314978	0.0465657282527516
FL	9800	0.0326132374961464	0.00670782869960862	DHL	9800	0.0682553484357361	0.040536119354698
FL	10000	0.0330347875321808	0.00883203846287983	DHL	10000	0.0658938683496899	0.0374110391986755
FL	10200	0.0338367885606325	0.0106126295586995	DHL	10200	0.0683520504065454	0.044485671473657
FL	10400	0.0345213813901927	0.014192071994242	DHL	10400	0.0674375300771052	0.0453510850991584
FL	10600	0.0372882908238405	0.0119802807988288	DHL	10600	0.072763048578248	0.0502788651711912
FL	10800	0.037029319080007	0.0117718231343063	DHL	10800	0.0717207211858538	0.049900817779861
FL	11000	0.0376649030789607	0.0120271529349525	DHL	11000	0.0717091588231814	0.0539080436852755
FL	11200	0.0369867789302715	0.00991744901627765	DHL	11200	0.0690644027507491	0.0510279032197808
FL	11400	0.0387188257138743	0.0112734047105649	DHL	11400	0.0650380694243229	0.0481033780754769
FL	11600	0.0399021587407518	0.0130934258165887	DHL	11600	0.0635934370508881	0.0529261431660482
FL	11800	0.039463684961962	0.0137784128565822	DHL	11800	0.0669434271672014	0.0514223406374723
FL	12000	0.0316716763486304	0.0132940310014717	DHL	12000	0.0654535256200649	0.0518341770926497
FL	12200	0.0327258490359134	0.0124930796104143	DHL	12200	0.0632017720813456	0.0496948870719987
FL	12400	0.0353345881771314	0.0130988015390932	DHL	12400	0.0607805481228779	0.049010081397413
FL	12600	0.0354592871780444	0.0126663285309219	DHL	12600	0.0604849845691329	0.0486022254193598
FL	12800	0.0351235050359316	0.0136507424944989	DHL	12800	0.0622664509439664	0.0481574755335164
FL	13000	0.0356058089205554	0.0125862973828881	DHL	13000	0.056708906951023	0.0465630903513299
FL	13200	0.0376807356177957	0.00998820654191501	DHL	13200	0.0568000584739902	0.0461367876111659
FL	13400	0.0382947293945194	0.0102049487047032	DHL	13400	0.0540142487800967	0.0422903814302835
FL	13600	0.0407021220589591	0.00901774820544119	DHL	13600	0.0492637773990065	0.0379257720150373
FL	13800	0.0400120518480083	0.00855907942242907	DHL	13800	0.0461840683740533	0.0317701646944416
FL	14000	0.0366649313954562	0.00771714494756644	DHL	14000	0.0454573273152811	0.0309193504291179
FL	14200	0.0325667889053282	0.011541751838687	DHL	14200	0.0426025825013559	0.0271322735993826
FL	14400	0.0352901507611176	0.0119340331291616	DHL	14400	0.0431240169383129	0.0290123825151083
FL	14600	0.0354117821756761	0.0115414928699442	DHL	14600	0.0403039265614633	0.027711161433581
FL	14800	0.0362628690547845	0.0132207912301972	DHL	14800	0.0394596709457976	0.0255698214980805
FL	15000	0.0355886017927979	0.0118230356780886	DHL	15000	0.040190526863198	0.0278809010167993
FL	15200	0.0367603825766255	0.00657443126778346	DHL	15200	0.0410890078022123	0.022872703944838
FL	15400	0.0377955083296115	0.00734951719098606	DHL	15400	0.038836582657948	0.0206684470474917
FL	15600	0.0368239483151495	0.0101629271571772	DHL	15600	0.0378895086008779	0.0204692320691404
FL	15800	0.0342940060971633	0.0134762399868105	DHL	15800	0.0356823345751832	0.0179031730506399
FL	16000	0.0301962117040739	0.00956783473097508	DHL	16000	0.0352704437192976	0.0164236283170579
FL	16200	0.0306044249644046	0.0155239416363592	DHL	16200	0.0362938765059827	0.0169873787716937
FL	16400	0.0305890349067585	0.0149879520880318	DHL	16400	0.037145091807614	0.0157301477127815
FL	16600	0.0316899385547788	0.0104615253679894	DHL	16600	0.0368560112448653	0.0154598948053688
FL	16800	0.0344777072619632	0.0128598725416797	DHL	16800	0.0352841197370148	0.0128936119362828
FL	17000	0.0340677589961783	0.0119047280500673	DHL	17000	0.0380153183249889	0.0127020926502607
FL	17200	0.0333158312071006	0.0103976028428759	DHL	17200	0.0370966420760566	0.011104194139716
FL	17400	0.0328103237949948	0.0172025757319668	DHL	17400	0.037114305860664	0.0128645767945405
FL	17600	0.0316536620818447	0.016538443496891	DHL	17600	0.0378426575897485	0.00975595556424884
FL	17800	0.0307600154173696	0.0164526173119667	DHL	17800	0.0375080999150641	0.0118550705182628
FL	18000	0.0308696854767273	0.0155592800183251	DHL	18000	0.0367379731168571	0.013188559294063
FL	18200	0.0313186810907753	0.0161837295155396	DHL	18200	0.0365864218080559	0.0134561383704759
FL	18400	0.0315691225362342	0.0173647222112352	DHL	18400	0.0319971427045195	0.0144693306769538
FL	18600	0.031308627375363	0.0173715326530817	DHL	18600	0.0340594537001717	0.0204018330775088
FL	18800	0.0330532135651571	0.0132322269322761	DHL	18800	0.0348567209792005	0.0196692875904812
FL	19000	0.0320697097126044	0.0128482227083522	DHL	19000	0.035869252783541	0.0224607985029975
FL	19200	0.0308606924641148	0.0168898582946539	DHL	19200	0.0377714488586598	0.0234948810603801
FL	19400	0.0308903609694597	0.0111271131039781	DHL	19400	0.0363445816200886	0.0209811137823349
FL	19600	0.0332417642525417	0.00798417815834672	DHL	19600	0.0344181837524906	0.0146186209186179
FL	19800	0.0361676795117068	0.00847226279588737	DHL	19800	0.0348167854987458	0.0109081419163628
FL	20000	0.0347374232536924	0.0102495152955714	DHL	20000	0.0344227150715376	0.00733027160997758
FL	20200	0.0370789001194467	0.00944618787760512	DHL	20200	0.0342308669617316	0.00692596590671976
FL	20400	0.0382929897344513	0.00841527943616464	DHL	20400	0.0325196876605847	0.0114747178170673
FL	20600	0.0382154080150993	0.00841821717357825	DHL	20600	0.0320728465854192	0.00867220269837672
FL	20800	0.0389657517841772	0.0131451044039123	DHL	20800	0.0303276903179346	0.00894417373841756
FL	21000	0.0388252563982084	0.0132848964431705	DHL	21000	0.0293929716643438	0.00719236910022325
FL	21200	0.0409074659794603	0.0134455492230766	DHL	21200	0.0297693292294579	0.00656304268362594
FL	21400	0.0406942092526403	0.014401308332636	DHL	21400	0.0294538027222132	0.00636094219808234
FL	21600	0.0394388334919745	0.0134142295224619	DHL	21600	0.0287327269549731	0.00512817389613557
FL	21800	0.0395838481136556	0.011143032886888	DHL	21800	0.0302905963436842	0.00392985587694104
FL	22000	0.0368407372223853	0.0123986342328028	DHL	22000	0.0311957283159064	0.0059439055077319
FL	22200	0.0413725440055746	0.0160121818893387	DHL	22200	0.0325057114636473	0.00733524996196297
FL	22400	0.0398477347049427	0.0166218307622438	DHL	22400	0.0337775067229741	0.0101171860283732
FL	22600	0.0405526787050148	0.0161299723059218	DHL	22600	0.032143893250887	0.00667304921332848
FL	22800	0.0410054979803115	0.0158788399810673	DHL	22800	0.0302045026187385	0.00309029985420221
FL	23000	0.0399762673898184	0.0106884092572036	DHL	23000	0.0307178541754353	0.0030294777557203
FL	23200	0.0448816567795607	0.0149139156555684	DHL	23200	0.0346734555727263	0.00256127788848454
FL	23400	0.0477749568487255	0.0183816988833153	DHL	23400	0.0336620343575826	0.00861407929215884
FL	23600	0.0417675182504376	0.00964801505825382	DHL	23600	0.0324077899242149	0.00608783304159098
FL	23800	0.0425246607059997	0.00898447074733994	DHL	23800	0.035732914990728	0.00771061523226118
FL	24000	0.0408679017008724	0.00901096497287448	DHL	24000	0.0382564890527166	0.010055969183751
FL	24200	0.0395308972674046	0.00811586003656844	DHL	24200	0.0374499653173133	0.010079212811261
FL	24400	0.0400256986014562	0.00862710735111965	DHL	24400	0.0345384874208444	0.00959405917854084
FL	24600	0.0395945100845408	0.010305346693811	DHL	24600	0.0351106651603664	0.0121828392980698
FL	24800	0.0363176685420903	0.0114716837680495	DHL	24800	0.0315366015999697	0.0120275976309904
FL	25000	0.0348844431028515	0.00846618294842043	DHL	25000	0.0324319801402561	0.0131924617022974
FL	25200	0.0362331236324311	0.0100295275594563	DHL	25200	0.0295257572885795	0.0055044765790383
FL	25400	0.0382496987379986	0.0101320835633253	DHL	25400	0.0311660264166347	0.00482863388629974
FL	25600	0.0357292016471646	0.0101233659862759	DHL	25600	0.0321815547156311	0.00664136612842507
FL	25800	0.0368463530734847	0.0112440974782487	DHL	25800	0.0318234504761119	0.00681763503761629
FL	26000	0.0354628301843267	0.0116222242945877	DHL	26000	0.0324798361529427	0.00727887072966753
FL	26200	0.0371088748001975	0.0107635423424854	DHL	26200	0.0306511902897952	0.00797170576055759
FL	26400	0.0341650308050998	0.0114543440260243	DHL	26400	0.0300146512898582	0.00835529800274897
FL	26600	0.0362439421360036	0.00757444828372338	DHL	26600	0.0329391366479907	0.0110650501900291
FL	26800	0.032683291536666	0.00845518509193884	DHL	26800	0.0303720896418679	0.00915540572943569
FL	27000	0.0336877025923053	0.00723739719620221	DHL	27000	0.0293299279007498	0.00724548364787243
FL	27200	0.0315416883799134	0.00844326088759306	DHL	27200	0.0286935141594139	0.00371596250970006
FL	27400	0.0336118173795849	0.0132076942102648	DHL	27400	0.0316286214333946	0.00457083483556122
FL	27600	0.0358357261428162	0.0148825256417005	DHL	27600	0.0350584562429283	0.0113620382294189
FL	27800	0.038538976977358	0.0160056991021216	DHL	27800	0.0403819057291892	0.0157790335393569
FL	28000	0.0350083547522754	0.0131079648820139	DHL	28000	0.0365512902217672	0.013856471721131
FL	28200	0.03375114039977	0.0117454525275021	DHL	28200	0.035812630980068	0.01135006836094
FL	28400	0.0335187835837327	0.010210192510629	DHL	28400	0.0316043912558322	0.00578037652157984
FL	28600	0.0365559061964279	0.0119632054226153	DHL	28600	0.0346375409533038	0.0104070548079944
FL	28800	0.0335319094603571	0.00989698818678504	DHL	28800	0.0330327013621105	0.00811924923193992
FL	29000	0.0368175844702282	0.0113081056040418	DHL	29000	0.0325773937792726	0.00944565648210731
FL	29200	0.033742903679155	0.0108082042543506	DHL	29200	0.0303162782698619	0.00544231383715655
FL	29400	0.035321606139141	0.00977972755514023	DHL	29400	0.0289461035423164	0.00872756223922062
FL	29600	0.0359199141727343	0.0108143143858103	DHL	29600	0.0273670003110196	0.00711721175946646
FL	29800	0.0355272858206016	0.0145237504965371	DHL	29800	0.0268484172617174	0.00672043777925411
FL	30000	0.0364217294715275	0.0141639291543665	DHL	30000	0.0243205424742157	0.00845305801362531
FL	30200	0.0367537388768957	0.0144044775794288	DHL	30200	0.0235675836888123	0.0118981600099288
FL	30400	0.0354945771177503	0.0154307908368272	DHL	30400	0.0237246581944999	0.00973870973615583
FL	30600	0.0331166304597163	0.0122659272680309	DHL	30600	0.0252266735087629	0.00769019406580364
FL	30800	0.0327050523979065	0.0118423857565404	DHL	30800	0.0238060085860985	0.00668673418305904
FL	31000	0.0308928093832371	0.012919819252004	DHL	31000	0.0274874075567005	0.00585108479446737
FL	31200	0.0306257431587185	0.0100586083400777	DHL	31200	0.0299429860434012	0.00811719086801584
FL	31400	0.0317651171452414	0.0109194459602542	DHL	31400	0.0301276528277069	0.00646516791616067
FL	31600	0.0282071384578215	0.0106970578532699	DHL	31600	0.0277270983498589	0.00395674204763977
FL	31800	0.0291309718372122	0.00901860538638223	DHL	31800	0.0289619971515513	0.00281701369746664
FL	32000	0.0303756037794634	0.0108946614165063	DHL	32000	0.0311753717329533	0.00444518083034219
FL	32200	0.0316302541799406	0.0104161139467052	DHL	32200	0.0332740242038937	0.00737215188179873
FL	32400	0.0323642966248346	0.010321798877326	DHL	32400	0.0335417940544817	0.0094476006846619
FL	32600	0.031820694406655	0.010133660626551	DHL	32600	0.0327831666436077	0.0117260215809599
FL	32800	0.0317922324491572	0.00881435141527234	DHL	32800	0.0321768170153492	0.0123653373402471
FL	33000	0.0300075312883862	0.00771855615045666	DHL	33000	0.0292879813877771	0.0136198746470645
FL	33200	0.0304726084206365	0.0168482930707348	DHL	33200	0.029024944857326	0.0108492995276721
FL	33400	0.0288742521486058	0.0154988253955997	DHL	33400	0.0298817451714459	0.0118533603539178
FL	33600	0.0288362304106318	0.0162630498887683	DHL	33600	0.0263874950737689	0.00853260729521341
FL	33800	0.0298146480370954	0.0167590751268471	DHL	33800	0.0246642054755788	0.00638945431758595
FL	34000	0.0267343795620371	0.0140259314485759	DHL	34000	0.028144996052452	0.00780704235989782
FL	34200	0.0278517766796759	0.0145607976803808	DHL	34200	0.0264657537890053	0.0111123663133533
FL	34400	0.0276682674933696	0.0133925808464749	DHL	34400	0.0267408563635529	0.0112200355932351
FL	34600	0.0314918101978584	0.00749634646544697	DHL	34600	0.0293713620413877	0.00616092740341565
FL	34800	0.0324273322526108	0.00684936870548837	DHL	34800	0.0302339490141163	0.00648971733762935
FL	35000	0.0310038709885444	0.00696971910132623	DHL	35000	0.0336311164453611	0.00836188567979603
FL	35200	0.0271982650196695	0.013454271179325	DHL	35200	0.0356135483069697	0.0121253444333583
FL	35400	0.0284147885077523	0.013894724378652	DHL	35400	0.0368837791151795	0.0105313060186638
FL	35600	0.031598214610127	0.0153292424003595	DHL	35600	0.0375984413865517	0.0104662902101314
FL	35800	0.034286894516478	0.01103729406541	DHL	35800	0.034370092669698	0.00487584163068812
FL	36000	0.03602267011022	0.0147001941274104	DHL	36000	0.02972736436107	0.00420465947053007
FL	36200	0.0365050760756084	0.0135917227630991	DHL	36200	0.0321737007231566	0.00707393533052335
FL	36400	0.035861148220049	0.0141587667409715	DHL	36400	0.0350458554647688	0.00997919931182689
FL	36600	0.0356813341471995	0.0135616579322083	DHL	36600	0.0328988336664895	0.0101278903358983
FL	36800	0.035522147693218	0.0106761891153932	DHL	36800	0.0329814508418737	0.0123808932698162
FL	37000	0.0311450482155842	0.00595077023182669	DHL	37000	0.0304692298894391	0.00678825918753416
FL	37200	0.0280049243159749	0.0136820749197533	DHL	37200	0.0290494906930768	0.00666435374869261
FL	37400	0.0305748263315015	0.00623787724017764	DHL	37400	0.0282147160739283	0.00626449871111954
FL	37600	0.0309662357361603	0.0070797043505164	DHL	37600	0.0280501938634006	0.00913922305086907
FL	37800	0.02940283040253	0.00725552919027627	DHL	37800	0.0297095924298508	0.010806915435156
FL	38000	0.0261661829627071	0.00772217914909598	DHL	38000	0.0284328150931093	0.00618836129603215
FL	38200	0.0278022929296218	0.0102436770273435	DHL	38200	0.0287859387401116	0.0052426605878339
FL	38400	0.0293855414474989	0.00642768973547643	DHL	38400	0.0282672299104477	0.00498107997095491
FL	38600	0.027354060733621	0.00500864949234883	DHL	38600	0.0263304100193632	0.00355277869358726
FL	38800	0.0252667955164191	0.00622859071959935	DHL	38800	0.024626386110461	0.00327978733672709
FL	39000	0.0248735732976746	0.0133155610909298	DHL	39000	0.02195051278924	0.00449747413274419
FL	39200	0.0265711168925417	0.0127879977871747	DHL	39200	0.0225928618900207	0.00619717514558974
FL	39400	0.0284117059171819	0.0139134877033372	DHL	39400	0.0217056015336306	0.00603380616787515
FL	39600	0.0265184380499849	0.0124827782240123	DHL	39600	0.0194796958237975	0.00490547400611796
FL	39800	0.0265814288226523	0.0130242362870233	DHL	39800	0.0230046623225074	0.0126206239521793
FL	40000	0.0266954357579522	0.0132160392436561	DHL	40000	0.0283281879755522	0.0161669966278292
FL	40200	0.0269335332119763	0.0123035840958483	DHL	40200	0.0272197934196759	0.0136254472000415
FL	40400	0.0326786439804709	0.00740029165717869	DHL	40400	0.027339897430951	0.00749155285320495
FL	40600	0.0290970731850516	0.0150326835987584	DHL	40600	0.0267686347161148	0.00606985851571589
FL	40800	0.026840787564908	0.0152476364338691	DHL	40800	0.0289405992779609	0.00677950773673467
FL	41000	0.031575080822542	0.0111686670581301	DHL	41000	0.0317049509759896	0.0111754527014214
FL	41200	0.032428797045442	0.0131935246391748	DHL	41200	0.0329200604247234	0.00922019453617013
FL	41400	0.0312910164322439	0.0130048182555621	DHL	41400	0.0378715625503184	0.0149983028557971
FL	41600	0.0269463056443902	0.0153711662182401	DHL	41600	0.0373815656265412	0.0133360754172371
FL	41800	0.0264233585601507	0.0168146934283573	DHL	41800	0.0376271305382025	0.0200929818162528
FL	42000	0.022724515499903	0.0130479585035698	DHL	42000	0.033875381225916	0.0192871620616769
FL	42200	0.0193463734547248	0.0111451527635361	DHL	42200	0.0314587742492133	0.0149746324647915
FL	42400	0.0214409990873568	0.00524782662256344	DHL	42400	0.0288401326072789	0.01519160528978
FL	42600	0.0244952578840075	0.0055901856007538	DHL	42600	0.0276729657540022	0.00545761374234596
FL	42800	0.0259421728685039	0.0085123052693569	DHL	42800	0.0257884048960045	0.00477223816995171
FL	43000	0.0272342880959135	0.00836204556570764	DHL	43000	0.0224098846768462	0.0068584705568587
FL	43200	0.0244713226138357	0.00722633824772201	DHL	43200	0.0221216017626264	0.00619022053045376
FL	43400	0.025237982244093	0.0104863792591819	DHL	43400	0.0216014310080667	0.00295259423762794
FL	43600	0.0248955484190624	0.00847725159682341	DHL	43600	0.0213769406577482	0.00235189821461475
FL	43800	0.024440396352167	0.010590976167768	DHL	43800	0.0226816597333003	0.00401716392038797
FL	44000	0.0278058118867154	0.0107330595887537	DHL	44000	0.0232471516579916	0.00485302348250789
FL	44200	0.0297280232345319	0.0126006447966638	DHL	44200	0.0216295190005257	0.00585408841869078
FL	44400	0.0257187004101036	0.00881124165354509	DHL	44400	0.0214845890393904	0.00860642806232182
FL	44600	0.0287151917448136	0.00897147129878983	DHL	44600	0.0225880052181415	0.010034628578435
FL	44800	0.0240834355366117	0.0144215953154535	DHL	44800	0.0219871785334107	0.0100659266287832
FL	45000	0.0228686163543591	0.0116544762363472	DHL	45000	0.0248226093096979	0.00872039838663456
FL	45200	0.0204489204605208	0.00963550149782691	DHL	45200	0.0245286094841857	0.0103943451383546
FL	45400	0.0212830295688371	0.0116060439352401	DHL	45400	0.0237509746664252	0.0114025508851989
FL	45600	0.0185650751427294	0.0123787763966178	DHL	45600	0.0231273258413883	0.0105779634553513
FL	45800	0.0206168428156223	0.00898832810581012	DHL	45800	0.02698729648426	0.0108078987397927
FL	46000	0.0224511300137277	0.0119473090438805	DHL	46000	0.0245326042910299	0.0102227568833198
FL	46200	0.022203588950181	0.0114899502141224	DHL	46200	0.0238038694311991	0.00735742785820002
FL	46400	0.0269859414964971	0.0145725782812202	DHL	46400	0.0256112380044865	0.00761524873278523
FL	46600	0.0286280592676103	0.016093977490689	DHL	46600	0.0243113239631532	0.00683194226737666
FL	46800	0.0226068056244979	0.0105185670379776	DHL	46800	0.0275073899635077	0.0104365481607687
FL	47000	0.0233841125070973	0.0115405494047566	DHL	47000	0.0259088132674625	0.0139699296968897
FL	47200	0.0234444683292863	0.0149311188711401	DHL	47200	0.0306971496279381	0.0176632081931518
FL	47400	0.0283407476669833	0.0152790137129154	DHL	47400	0.028026279332603	0.0159686108023454
FL	47600	0.0291321842221271	0.0137312163979539	DHL	47600	0.0273257976521598	0.0160807836308277
FL	47800	0.0307562106955252	0.0131116592702925	DHL	47800	0.0280178050478305	0.0167942322822139
FL	48000	0.0296135752538994	0.0110504275462132	DHL	48000	0.0244154155134958	0.0120029026462397
FL	48200	0.0302929996647501	0.0104964392165068	DHL	48200	0.0270804142435329	0.0145008117913582
FL	48400	0.0315660119486521	0.00982816934183586	DHL	48400	0.0262231586876666	0.0151311891518189
FL	48600	0.0305960693460585	0.00918617555646422	DHL	48600	0.0250010328622724	0.0133643145697877
FL	48800	0.0328345325897294	0.0193677752581417	DHL	48800	0.0253943620023516	0.0150996248606979
FL	49000	0.0314146480945936	0.0103791537953814	DHL	49000	0.0277682379915499	0.0135539472779111
FL	49200	0.0298755549415461	0.0112779379733188	DHL	49200	0.031531829733703	0.0122600917079576
FL	49400	0.02907361607505	0.00438061942339745	DHL	49400	0.0324397459010469	0.0169095364642341
FL	49600	0.0258261811498035	0.013483439390544	DHL	49600	0.0325515131926675	0.0151976960212317
FL	49800	0.0276924500754661	0.0129970696361113	DHL	49800	0.0333116853457349	0.0128412428399218
FL	50000	0.0278691174362364	0.0134051382323435	DHL	50000	0.0294665110710516	0.0139981954423418
FL	50200	0.0285601443116727	0.014223263539694	DHL	50200	0.0290310244468711	0.0112556981903944
FL	50400	0.0271906656544191	0.0136340499086929	DHL	50400	0.0280071965079403	0.00984540925198642
FL	50600	0.0265078385379843	0.0136203795078033	DHL	50600	0.0288623492175131	0.0109698702659613
FL	50800	0.0269540714407926	0.0139331918278012	DHL	50800	0.0305383322031118	0.0130306698009797
FL	51000	0.0275215604922827	0.0153186690580048	DHL	51000	0.034238836171672	0.0135284689487577
FL	51200	0.027405852799736	0.0164340859931192	DHL	51200	0.0341350269626158	0.00974367195550482
FL	51400	0.0285029034526377	0.0143676033733573	DHL	51400	0.03136626597611	0.00922336461629058
FL	51600	0.0286638115022799	0.0138700622642437	DHL	51600	0.0338245313298994	0.00881612669820099
FL	51800	0.0298438360875784	0.0146569971985539	DHL	51800	0.0326402078170803	0.00959779220445967
FL	52000	0.03325509579255	0.0167143142153142	DHL	52000	0.0338152659055221	0.0082230943549669
FL	52200	0.0293199479305292	0.0151571054426391	DHL	52200	0.0274550955338791	0.00679414587838453
FL	52400	0.0278229127276694	0.0136879441462316	DHL	52400	0.0245427286345699	0.00542898974086676
FL	52600	0.0355557838471644	0.00945328647268493	DHL	52600	0.0254811660938842	0.00648160695994961
FL	52800	0.0373448494895495	0.0183901315905178	DHL	52800	0.021900407523082	0.00737952400322637
FL	53000	0.038312393928011	0.018071038819664	DHL	53000	0.021809055080285	0.00455101664774517
FL	53200	0.0311988054431812	0.00593725338455514	DHL	53200	0.0222432723020715	0.00469304850872139
FL	53400	0.0333863467863666	0.00701347427253123	DHL	53400	0.0251854672299578	0.00679040892192683
FL	53600	0.0308127827242069	0.0036627889386302	DHL	53600	0.0249501255080536	0.00320607501510338
FL	53800	0.0321026608057051	0.00499547032253327	DHL	53800	0.0250890040491729	0.00520267472348077
FL	54000	0.0390647736691095	0.00865167235690086	DHL	54000	0.0270674907558061	0.00578957211314632
FL	54200	0.0365124891790521	0.0088774938663864	DHL	54200	0.0266388229147342	0.0071243583085086
FL	54400	0.0384806310643221	0.0133828065932827	DHL	54400	0.0284691884883707	0.00688702622454253
FL	54600	0.0383005047618173	0.013099489335652	DHL	54600	0.027679145895923	0.00735604785533128
FL	54800	0.0339443242608962	0.00738879839912354	DHL	54800	0.0284367644280993	0.0103599760689163
FL	55000	0.0333024060439527	0.00506238748068872	DHL	55000	0.0252844955936361	0.00987645683142675
FL	55200	0.030843629206726	0.0154432472045971	DHL	55200	0.0266693301813509	0.00813275949561835
FL	55400	0.0282594845588803	0.01393187939304	DHL	55400	0.0242733564849034	0.00426486213389773
FL	55600	0.0258120375236578	0.0122841935656458	DHL	55600	0.0243530039556323	0.00597966389735719
FL	55800	0.0253345663920635	0.0143210964707835	DHL	55800	0.026992447698458	0.00751819097525947
FL	56000	0.0245890623680613	0.0170908973590819	DHL	56000	0.0252172631182648	0.00773728202134985
FL	56200	0.0237368477614332	0.0189065062097732	DHL	56200	0.0242009103980554	0.00852102233186596
FL	56400	0.022825857628662	0.0178491633964213	DHL	56400	0.0254208397880236	0.00582097766351406
FL	56600	0.0247015742430587	0.0203393171763542	DHL	56600	0.0252273679048451	0.00315420118848118
FL	56800	0.0248623424267929	0.0188710155283714	DHL	56800	0.0264589968497394	0.00420276528229778
FL	57000	0.0293858884648858	0.0146064452292004	DHL	57000	0.0249480207872448	0.00851597481479105
FL	57200	0.0344395326785221	0.0174868127228277	DHL	57200	0.0242744947881329	0.0113064960202985
FL	57400	0.0277926549368125	0.00810081471450884	DHL	57400	0.0220855828633137	0.00904175320878115
FL	57600	0.0297198409591405	0.0096298244662773	DHL	57600	0.0235666949035465	0.0104909249261726
FL	57800	0.0294713650991066	0.0101066392388033	DHL	57800	0.0261868673113583	0.00408468300705063
FL	58000	0.0298157961689031	0.0140776285191891	DHL	58000	0.0244514962610897	0.00496542321115869
FL	58200	0.0308851398545823	0.0146296399479131	DHL	58200	0.0244849184964149	0.00579871329225876
FL	58400	0.0291191914583118	0.0123877025385088	DHL	58400	0.0232432036877236	0.0102370923318454
FL	58600	0.0304111810557743	0.0116211930099894	DHL	58600	0.0232971845456327	0.0126278313694381
FL	58800	0.0297217324691625	0.0106322589296844	DHL	58800	0.0195948771007561	0.00822506764684791
FL	59000	0.0272027488241752	0.0151690386510384	DHL	59000	0.0234113256575753	0.0114550622529481
FL	59200	0.0343857558140865	0.0109887288693916	DHL	59200	0.0219928301248124	0.0139081096800042
FL	59400	0.0367253238553266	0.0141761492558513	DHL	59400	0.0213642995731727	0.0118352609539265
FL	59600	0.0351696448025175	0.0132940506756565	DHL	59600	0.0217624203196536	0.0104141595405757
FL	59800	0.0329229055075853	0.0190142550462731	DHL	59800	0.0208038659723301	0.00807458626845796
FL	60000	0.0301555197149817	0.0167967440762395	DHL	60000	0.0227889700054929	0.00875957984746345
FL	60200	0.0269257277726381	0.0147303923740257	DHL	60200	0.0279697057093277	0.0153406742063831
FL	60400	0.029201636743347	0.00817649834073692	DHL	60400	0.0287202351488593	0.0187653374967521
FL	60600	0.0295120732093015	0.00878172953478907	DHL	60600	0.0247551029435275	0.0125318676697132
FL	60800	0.0339757441009636	0.0120407426562367	DHL	60800	0.0272202792414874	0.0078084004101039
FL	61000	0.0336606641165856	0.0125316466902779	DHL	61000	0.0270096485535214	0.00850838371277033
FL	61200	0.0331800433940075	0.0144274993772215	DHL	61200	0.0280288844412577	0.0127842991509914
FL	61400	0.0335157325097801	0.0163445297844642	DHL	61400	0.0280283465463734	0.0146224322135772
FL	61600	0.032659177291182	0.0150114121259767	DHL	61600	0.0286082023541793	0.0127539655507618
FL	61800	0.0338182166851265	0.0166286456507098	DHL	61800	0.0278199034555002	0.0130204571106074
FL	62000	0.0321584730904218	0.011787186831887	DHL	62000	0.0314681021540551	0.00882722452238299
FL	62200	0.0294997339411633	0.0101623867642037	DHL	62200	0.0276021289733149	0.00696419410977217
FL	62400	0.0304448167740716	0.00882854521258386	DHL	62400	0.0236161260746352	0.00788968143687194
FL	62600	0.0278334213260013	0.00866529236167179	DHL	62600	0.0250356205191168	0.0089415819984333
FL	62800	0.0297244148871339	0.00949260731638555	DHL	62800	0.0234500929708543	0.00650578488804613
FL	63000	0.0281811697235428	0.00603490452904552	DHL	63000	0.0247919409941886	0.00712208643860766
FL	63200	0.0301802633372913	0.00378206494603963	DHL	63200	0.0261757069281487	0.00312220169552047
FL	63400	0.0345516193259242	0.0175941578143206	DHL	63400	0.0266193175167218	0.00573123751944285
FL	63600	0.0346387801555722	0.019131969113388	DHL	63600	0.0253979792777801	0.00511706690218246
FL	63800	0.0370589003742815	0.0224982091730944	DHL	63800	0.0285829149740761	0.0102695768839697
FL	64000	0.0395568668304698	0.0153742144639676	DHL	64000	0.0265884933513909	0.00776903181582042
FL	64200	0.0405959065044243	0.0112075796885378	DHL	64200	0.0256164487325123	0.0123898109367051
FL	64400	0.0409153810207058	0.0133306227758158	DHL	64400	0.0261891552966161	0.0125100653544826
FL	64600	0.0423146617232976	0.0231957743480557	DHL	64600	0.0262273521785055	0.0169279841985867
FL	64800	0.0436893165989965	0.0220722621859349	DHL	64800	0.0250917126134916	0.0145500782221564
FL	65000	0.0445333190484716	0.0218748604307066	DHL	65000	0.0249634852648915	0.0119396289632603
FL	65200	0.040448640574586	0.0179067933459361	DHL	65200	0.0242214977301159	0.0095818915688111
FL	65400	0.0410025421035082	0.0201624375110891	DHL	65400	0.0229638730680042	0.00737901743427652
FL	65600	0.0405224005984538	0.014081958368925	DHL	65600	0.0258195292408783	0.00956579495650556
FL	65800	0.0391709915515656	0.0145963597741854	DHL	65800	0.0260419925018602	0.00780120301833318
FL	66000	0.0340880462149839	0.00847031174837476	DHL	66000	0.0252888535202977	0.0114542158095553
FL	66200	0.0299424528827064	0.010266666744031	DHL	66200	0.0288782663544233	0.0104119142696719
FL	66400	0.0269091477242373	0.016397565296283	DHL	66400	0.023849716992067	0.00499636809706563
FL	66600	0.0279602065776386	0.0151307527487446	DHL	66600	0.0222124052074386	0.00653900480126689
FL	66800	0.0284990297387487	0.0155024442746395	DHL	66800	0.0281028508369803	0.00506793557388587
FL	67000	0.0261689289196995	0.0136748007433312	DHL	67000	0.0291211726201312	0.00369961926669056
FL	67200	0.0295120051751831	0.0155296860354967	DHL	67200	0.0288067413983452	0.00340860080244164
FL	67400	0.0265639691031976	0.0152438567878398	DHL	67400	0.0301319528371679	0.0037326784935846
FL	67600	0.0296869719260016	0.0170470183899321	DHL	67600	0.0293887967250189	0.00494111352942966
FL	67800	0.0306121077149436	0.0102189150871802	DHL	67800	0.0268472729937516	0.0058626303262914
FL	68000	0.02650502126308	0.00823582332764367	DHL	68000	0.0263819330230041	0.00879361523915317
FL	68200	0.0203697677575665	0.0129651808604491	DHL	68200	0.0225315172312363	0.00925645623543905
FL	68400	0.0220570739257046	0.00566087170083462	DHL	68400	0.0207707908151978	0.00753650593228429
FL	68600	0.0276772023363392	0.0148655939460212	DHL	68600	0.0203832327207317	0.0068502667779753
FL	68800	0.0282781212179176	0.0152425066312431	DHL	68800	0.0181437899861856	0.00667537560197242
FL	69000	0.0300561276444522	0.0155257740084965	DHL	69000	0.0250613691623183	0.00805106502778631
FL	69200	0.0266165346030782	0.00751019182258107	DHL	69200	0.027504663695759	0.00843285067266417
FL	69400	0.022613502207747	0.0120954379813684	DHL	69400	0.0285085363061957	0.00887781649331614
FL	69600	0.0264213762614429	0.015911734887384	DHL	69600	0.0264293048952819	0.00865374217609003
FL	69800	0.0267114974569364	0.0141621559332327	DHL	69800	0.0287873181987436	0.00889545382805443
FL	70000	0.0262465297263696	0.0145262088807719	DHL	70000	0.028327388641543	0.00865748040904767
FL	70200	0.032148727874645	0.00808192828267707	DHL	70200	0.027948703803949	0.00633357077345421
FL	70400	0.0336266123473538	0.0111434300995154	DHL	70400	0.0309184538137103	0.0151146822354015
FL	70600	0.034060188084455	0.0125018325344144	DHL	70600	0.0306919515037218	0.0115142726806807
FL	70800	0.0327090960882431	0.0109255271861527	DHL	70800	0.0347769840947392	0.0179492290836161
FL	71000	0.0340764226466115	0.00887274544707148	DHL	71000	0.035994803203551	0.0188728861266187
FL	71200	0.0349747781917046	0.011177329423091	DHL	71200	0.037496145450615	0.0163770319649947
FL	71400	0.0395577033855848	0.0175341584945694	DHL	71400	0.0362395421242845	0.0165006785056538
FL	71600	0.0389712891167692	0.0192316133491007	DHL	71600	0.0349185542299228	0.0185601176373841
FL	71800	0.0391446417252764	0.0198327314272593	DHL	71800	0.0359824414001648	0.017639985498393
FL	72000	0.0398505080008049	0.0173594574775728	DHL	72000	0.0272885281134584	0.00780260349005441
FL	72200	0.0417694863671961	0.0159782044547157	DHL	72200	0.0265931554731742	0.00545242079275425
FL	72400	0.0354247225502891	0.00857829939453326	DHL	72400	0.0294591673054698	0.00706567897137798
FL	72600	0.0342298748177147	0.00989587995734278	DHL	72600	0.0308782253618397	0.00941825508971797
FL	72800	0.0292775173695594	0.0155934010463755	DHL	72800	0.0353150022916159	0.0148987366048268
FL	73000	0.0312081788091577	0.0185706103288529	DHL	73000	0.0334658677879576	0.0121257421300811
FL	73200	0.0318575584214522	0.0193349349844928	DHL	73200	0.035905772325218	0.0189132531277329
FL	73400	0.0332205435823157	0.0191071375163281	DHL	73400	0.0373717398639658	0.0258968549710775
FL	73600	0.0367164458374172	0.0137886833263509	DHL	73600	0.0368816523284589	0.0261733146473534
FL	73800	0.0386417945040923	0.0151372875323584	DHL	73800	0.0351055212008708	0.0274557118111468
FL	74000	0.0284017149349997	0.0150588869729206	DHL	74000	0.033773727453343	0.0277655899532268
FL	74200	0.0298219674522594	0.0152569904239234	DHL	74200	0.030080749524896	0.02502686597675
FL	74400	0.0296065726932375	0.0155869148240825	DHL	74400	0.0267124566888521	0.0226258103552262
FL	74600	0.0321331795752602	0.0174752543155045	DHL	74600	0.0243431404030283	0.0196286203482129
FL	74800	0.0308629567093274	0.0168960802491917	DHL	74800	0.0249930869690081	0.0235952397944811
FL	75000	0.0354776779685334	0.014037322726515	DHL	75000	0.0209422701016212	0.0146061677607486
FL	75200	0.0324822618554097	0.0138890880503695	DHL	75200	0.02110963708703	0.0121192069489238
FL	75400	0.0411898665659661	0.0199324552156183	DHL	75400	0.0197860528716698	0.00981731951066957
FL	75600	0.0408003308893653	0.0200287471331137	DHL	75600	0.0248638932318921	0.0118350751252931
FL	75800	0.038135596947842	0.0193514358672354	DHL	75800	0.025226483281254	0.0123615584937443
FL	76000	0.0325081593659983	0.0116304948385027	DHL	76000	0.01884401551345	0.00820952550118303
FL	76200	0.0269160257791266	0.0176513456393644	DHL	76200	0.0243583042425644	0.00936145603032097
FL	76400	0.0263820274159268	0.01940144980226	DHL	76400	0.0257431694268371	0.0123013268362168
FL	76600	0.0225228397423139	0.0161419037322459	DHL	76600	0.0246031516258851	0.00736588247564848
FL	76800	0.0245034245076798	0.0133494144898101	DHL	76800	0.0258057649200433	0.00803592164687983
FL	77000	0.0205669539148364	0.0104015343077895	DHL	77000	0.0272215348654756	0.00718721321594333
FL	77200	0.0227248375658288	0.0121271982455773	DHL	77200	0.0253639867853398	0.00725925532210046
FL	77400	0.0250194901236492	0.0123993241978972	DHL	77400	0.0241314821606902	0.00906445783718333
FL	77600	0.0316209864433597	0.00867825502776615	DHL	77600	0.0280019006655946	0.00524556375149631
FL	77800	0.0327195112295366	0.00772021419934655	DHL	77800	0.028936134754711	0.00542137934052212
FL	78000	0.0321351669969413	0.00741462556560698	DHL	78000	0.0272251587981487	0.00600087643058969
FL	78200	0.0303094312364391	0.00486575021083631	DHL	78200	0.0245317572465302	0.00484462022384823
FL	78400	0.0323875221930993	0.00526273522049178	DHL	78400	0.0225822220443056	0.00753109109564899
FL	78600	0.0360414771128096	0.00495665775018162	DHL	78600	0.0240977543948158	0.00775783858171072
FL	78800	0.0299682284617112	0.0146322128559482	DHL	78800	0.0298514095159098	0.00896104789680748
FL	79000	0.0280387301540914	0.0155307019343567	DHL	79000	0.0328988703235997	0.0115136591241651
FL	79200	0.028189232222204	0.0137095412338636	DHL	79200	0.0333230217379896	0.00852463519435835
FL	79400	0.0334213807441496	0.00595499470876619	DHL	79400	0.0374275652611966	0.00888254219100185
FL	79600	0.0379302251872506	0.00507520274286874	DHL	79600	0.0333159862782022	0.00296739614518851
FL	79800	0.0381802599930889	0.0070437914694372	DHL	79800	0.0315107023600155	0.00591548834850419
FL	80000	0.042846562963395	0.0121707036896412	DHL	80000	0.0311431522058745	0.00358929249602191
FL	80200	0.0423124892370787	0.0100858773604842	DHL	80200	0.03504785977828	0.0125989917181874
FL	80400	0.040057865959735	0.0122815861196117	DHL	80400	0.0347200601408333	0.0128634118692726
FL	80600	0.0328143804298028	0.0171490537739307	DHL	80600	0.0324560536415378	0.0216791773269563
FL	80800	0.0356343145990062	0.0196223023639704	DHL	80800	0.0323085765362951	0.020777903976262
FL	81000	0.0326875417863996	0.0182068254327556	DHL	81000	0.0329014642345984	0.0219566649443577
FL	81200	0.031812335939942	0.0190858622893195	DHL	81200	0.0364610093388907	0.0197179565442186
FL	81400	0.0326825928329894	0.0199046456762344	DHL	81400	0.0344050711787124	0.0248405700883817
FL	81600	0.0303014772958192	0.0180106472957934	DHL	81600	0.0373183210680038	0.0285697331359792
FL	81800	0.0349413554384018	0.0203255198213538	DHL	81800	0.0375723354112366	0.0226041952899617
FL	82000	0.0371531409420215	0.0223046681358772	DHL	82000	0.0405804548274963	0.0253247943536562
FL	82200	0.036586149390165	0.0198907188231517	DHL	82200	0.0351182983013089	0.0154880420748994
FL	82400	0.042036582127042	0.0127988463810752	DHL	82400	0.0354127466981293	0.0132610989218182
FL	82600	0.0474751503052601	0.0140068477359004	DHL	82600	0.0361022342558338	0.0107249552690152
FL	82800	0.0481792227332983	0.015071210802944	DHL	82800	0.0346534748476873	0.00954914891307284
FL	83000	0.0478289632241768	0.0183026257576439	DHL	83000	0.0350362364938803	0.00891078547791989
FL	83200	0.0524806767149716	0.0211453299922795	DHL	83200	0.0335699810597131	0.0122706039059445
FL	83400	0.0482366899230169	0.0171918129672151	DHL	83400	0.0282710485709673	0.00831999536607401
FL	83600	0.045191302684521	0.0173102577720849	DHL	83600	0.0267625208732324	0.012027237088651
FL	83800	0.0419978774123252	0.0202726919320846	DHL	83800	0.0218390042103015	0.00844059168156269
FL	84000	0.0402685640226558	0.0197713939120702	DHL	84000	0.0190805437364176	0.00577645333677273
FL	84200	0.0380145758381513	0.0203635614431398	DHL	84200	0.0222201731841164	0.00460211002784061
FL	84400	0.0307906227226524	0.0153889292577375	DHL	84400	0.0237362299989154	0.0082602376503392
FL	84600	0.0251687073324955	0.0163776616344382	DHL	84600	0.0225823368626752	0.00622250278878969
FL	84800	0.0262934365202752	0.0174808523921544	DHL	84800	0.0228777856510893	0.00612974430884072
FL	85000	0.0267916339816338	0.0180005622757823	DHL	85000	0.0240306234903903	0.00644321788577205
FL	85200	0.0286878196721161	0.0166623171945525	DHL	85200	0.030292222825003	0.00618000126480654
FL	85400	0.0306457580823236	0.0189169491171389	DHL	85400	0.0301431004178011	0.00585067141021449
FL	85600	0.0312073952779043	0.0186241744240648	DHL	85600	0.022458912865484	0.00809747394697205
FL	85800	0.0283277368981838	0.0158187957583544	DHL	85800	0.0235673196679596	0.00593511551662153
FL	86000	0.03324790420981	0.0179198285815019	DHL	86000	0.0225808402326596	0.00558977753571001
FL	86200	0.0372296312202296	0.0123465645081844	DHL	86200	0.0259337819602026	0.00711411555902113
FL	86400	0.0401075784641316	0.0108255893961493	DHL	86400	0.0279727457442157	0.0103977154058362
FL	86600	0.0438258301097656	0.00936107410534863	DHL	86600	0.0267472514331339	0.0156061301542197
FL	86800	0.0428334731596405	0.00464970645267763	DHL	86800	0.029197142322368	0.0172170132383304
FL	87000	0.0412081889382901	0.0195841262754209	DHL	87000	0.0265103963312745	0.0149427297488959
FL	87200	0.0442585026276483	0.0115819328983886	DHL	87200	0.0258093487912052	0.0162700097312456
FL	87400	0.0486953158956117	0.017133427290588	DHL	87400	0.0279536474816075	0.0156802239581484
FL	87600	0.046210140700598	0.0228538761811997	DHL	87600	0.0248410356278807	0.0147601093959697
FL	87800	0.0411552229106039	0.0152875182041027	DHL	87800	0.0251849092807438	0.0116839449486621
FL	88000	0.039911839304202	0.0129400227891627	DHL	88000	0.0270378726309473	0.0135109225957803
FL	88200	0.0398016073308997	0.0115078202584944	DHL	88200	0.0281955361709101	0.0129848121837365
FL	88400	0.0411551401321007	0.0093358236425886	DHL	88400	0.0275264886655883	0.012377732480555
FL	88600	0.0425386371567205	0.00784946361956978	DHL	88600	0.0270687064734658	0.0126992938342422
FL	88800	0.0358652165718069	0.0162205619013185	DHL	88800	0.0312724067380064	0.00901143177453725
FL	89000	0.0299162528184553	0.0146895192315152	DHL	89000	0.0300396002485229	0.00877694560700003
FL	89200	0.0286042350967795	0.0153189409552088	DHL	89200	0.0264373126675496	0.00745571071821426
FL	89400	0.0273669271742621	0.0144867490584843	DHL	89400	0.0291913099577301	0.00805581670179159
FL	89600	0.0303918860053733	0.0159198679071579	DHL	89600	0.028129461959739	0.00765923307144305
FL	89800	0.034524545903851	0.0177635862342008	DHL	89800	0.0258705205219349	0.0130624264450263
FL	90000	0.0342455503208874	0.0175008224129456	DHL	90000	0.0281794789945298	0.0132168867609254
FL	90200	0.0349087940249658	0.0160811897597968	DHL	90200	0.0263820386591174	0.0146198105495172
FL	90400	0.0363791991003454	0.0177453786941662	DHL	90400	0.0231337159478128	0.0175723348153647
FL	90600	0.0378152528170456	0.0190856919322032	DHL	90600	0.0238491342061526	0.0199686540340614
FL	90800	0.0436546815478528	0.0155639429218172	DHL	90800	0.0275419805000696	0.0171392850051774
FL	91000	0.0446292074226031	0.0148489316919221	DHL	91000	0.0271111405127923	0.0156138458607639
FL	91200	0.0449475460379245	0.0188324172198717	DHL	91200	0.0267147887287973	0.00845235513169217
FL	91400	0.0400025776890167	0.0183356603201429	DHL	91400	0.0231075978583001	0.00853922955115346
FL	91600	0.0370614466074001	0.0178498665689886	DHL	91600	0.0217378398861273	0.00766916857459721
FL	91800	0.0303632666615515	0.00565664346433325	DHL	91800	0.0249471065782098	0.0123638236777356
FL	92000	0.0325393413906888	0.00683331935252828	DHL	92000	0.0264789972724407	0.0108221271485409
FL	92200	0.032164212038534	0.00836551489643826	DHL	92200	0.0291153669942728	0.012864352546184
FL	92400	0.0328671518818289	0.00729760204086001	DHL	92400	0.02916064647336	0.00983285050369288
FL	92600	0.0377766919882468	0.00971723240758386	DHL	92600	0.0286391648890453	0.0161842286632371
FL	92800	0.0415905462450689	0.0110168093427651	DHL	92800	0.0265511289566753	0.0181622295577763
FL	93000	0.0349108845874207	0.0182618398108144	DHL	93000	0.0250335692746362	0.0193004552575734
FL	93200	0.033183220331057	0.0179347567716486	DHL	93200	0.0274578906490042	0.0226424032941448
FL	93400	0.0368935698516227	0.018414815350639	DHL	93400	0.0308378006915136	0.0161412952512838
FL	93600	0.0293017674525879	0.0153319798463079	DHL	93600	0.0346265495489396	0.0196983131593306
FL	93800	0.0321098251322327	0.0167421653634439	DHL	93800	0.0371686749523412	0.0154048108686466
FL	94000	0.0303775120509992	0.0169588134841746	DHL	94000	0.0343834532703183	0.00940289038665973
FL	94200	0.0295712413686168	0.0156538884308873	DHL	94200	0.0377181001534436	0.01502598406367
FL	94400	0.0288366706829351	0.0179003069867169	DHL	94400	0.0386692072358318	0.0117783854111689
FL	94600	0.0337836184398783	0.01203922968718	DHL	94600	0.0395480952489098	0.0113040385997375
FL	94800	0.0376931908853014	0.0118222536174818	DHL	94800	0.0328471289901708	0.0206358039320396
FL	95000	0.0403711742494435	0.0116499517271795	DHL	95000	0.0301169499863654	0.0138326263804095
FL	95200	0.0378024056780877	0.0122250409356892	DHL	95200	0.0270958724128086	0.0145299764994093
FL	95400	0.03580538037451	0.0130626827484892	DHL	95400	0.026578520977757	0.0191408554909496
FL	95600	0.0278364595976546	0.018490929158795	DHL	95600	0.0267079820602341	0.012002263407338
FL	95800	0.0300470238550447	0.0210737260331152	DHL	95800	0.0286382958602693	0.0104165022937705
FL	96000	0.0296337468628223	0.0194946119460377	DHL	96000	0.0279155680912462	0.00944666452975895
FL	96200	0.0288312215416837	0.0205185079536804	DHL	96200	0.0281353089774147	0.00650093769754918
FL	96400	0.0323840367415749	0.022301876660732	DHL	96400	0.0277930899499631	0.008263751049964
FL	96600	0.035271215093151	0.0215751231814485	DHL	96600	0.0256980085974808	0.00936520565853361
FL	96800	0.0344772344628106	0.0224375258001347	DHL	96800	0.0247828716492493	0.00608797232954024
FL	97000	0.0319808066316624	0.0219785025925404	DHL	97000	0.0262224364815003	0.00861796616077776
FL	97200	0.0319066158481679	0.0237960671389617	DHL	97200	0.0230467775953575	0.00537562402641097
FL	97400	0.0285145578090943	0.020792209638202	DHL	97400	0.0287296834264971	0.00924961008732292
FL	97600	0.0279847519824861	0.0188800220114979	DHL	97600	0.0338076607629051	0.0109999326192756
FL	97800	0.0278913628101126	0.0170212397990512	DHL	97800	0.033448643889223	0.0111759356565872
FL	98000	0.0261927107016622	0.0144941894406856	DHL	98000	0.0333653703716044	0.0139424595772471
FL	98200	0.0259304945166847	0.0130942860325778	DHL	98200	0.0315679965484742	0.00885896335283995
FL	98400	0.0237144129792401	0.0130191167013024	DHL	98400	0.0358756542089836	0.011951108129105
FL	98600	0.0267269543588171	0.0161674304998271	DHL	98600	0.0331813295340663	0.00801021323111349
FL	98800	0.0247989082150526	0.0151308807036915	DHL	98800	0.0319153137640631	0.00944293213866826
FL	99000	0.0237484274618092	0.0165821949415452	DHL	99000	0.0319653819593917	0.00822537555279326
FL	99200	0.0232291153939046	0.0163857221472338	DHL	99200	0.0337610916262872	0.0112144091374757
FL	99400	0.0233078145335257	0.0183185930580562	DHL	99400	0.0356108127874347	0.0190644759191278
FL	99600	0.025448587926299	0.0164120402572864	DHL	99600	0.0347065391871151	0.0171908830470225
FL	99800	0.025058586726627	0.0135959848664976	DHL	99800	0.032906710732272	0.016980571564173
FL	100000	0.0225868544016771	0.0129898618949501	DHL	100000	0.0306396353242234	0.0094495646881755
FL	0	0.0285939367984063	0.00908676471352154	DHL	0	0.0636047760321565	0.049366221947682
FL	-200	0.0291257075323214	0.00936340147663713	DHL	-200	0.0662969200987354	0.0525242515661274
FL	-400	0.0304883095347864	0.00827037768453899	DHL	-400	0.0654990700073429	0.0509792863150669
FL	-600	0.0315460642850768	0.00782541990684694	DHL	-600	0.0657217224644674	0.0521899932718882
FL	-800	0.0318747059183983	0.00735532065776314	DHL	-800	0.0691373860473877	0.0557255560710021
FL	-1000	0.0331093287807795	0.00681068639884534	DHL	-1000	0.0682361515493701	0.0541071278525718
FL	-1200	0.0343787533505541	0.00638875069897096	DHL	-1200	0.0707930245485113	0.0586038638592964
FL	-1400	0.033298264196802	0.00605859792487075	DHL	-1400	0.0738710578467924	0.0612533849404582
FL	-1600	0.0340094622994855	0.0085306996730325	DHL	-1600	0.0774004061387002	0.0650662287239454
FL	-1800	0.035297239395759	0.00885511432635893	DHL	-1800	0.0813781835114758	0.0684827247326552
FL	-2000	0.0373435684121321	0.00690636612021875	DHL	-2000	0.0825182493627661	0.0698259373209703
FL	-2200	0.0396268451588034	0.00589293044075334	DHL	-2200	0.088516428034561	0.0776751524376364
FL	-2400	0.0407054143961724	0.00599359503528168	DHL	-2400	0.0911776837864671	0.079536223586273
FL	-2600	0.0393467436046916	0.00668262280675956	DHL	-2600	0.0921325136758086	0.0842208732219673
FL	-2800	0.0380483675622427	0.00651855545564763	DHL	-2800	0.0908280788741462	0.0851237364104291
FL	-3000	0.0398710417832169	0.00663910978603676	DHL	-3000	0.0856451525835697	0.0773378905794968
FL	-3200	0.0400191601288552	0.00565454093343364	DHL	-3200	0.0912467487474658	0.0865718261018836
FL	-3400	0.0394585942989294	0.00894330770789267	DHL	-3400	0.088371296960732	0.0787390710529767
FL	-3600	0.0406418366207306	0.00993343822496196	DHL	-3600	0.0866067227904722	0.0730349711525361
FL	-3800	0.0403901435648473	0.0102433002408305	DHL	-3800	0.0791689399017956	0.0602367061262258
FL	-4000	0.0401478237068812	0.00889139214185393	DHL	-4000	0.0809105044763543	0.0584595391280037
FL	-4200	0.0398621189047059	0.00858218173924154	DHL	-4200	0.0846623041455781	0.0625163388386355
FL	-4400	0.0417685218697667	0.00868737506887111	DHL	-4400	0.087653902596544	0.0655929851353701
FL	-4600	0.0417007701627461	0.00841224934869076	DHL	-4600	0.0822973882559607	0.0603127203618146
FL	-4800	0.0446206206001571	0.00950536696996889	DHL	-4800	0.0814829430359515	0.0569324117531758
FL	-5000	0.0434748774436358	0.00928485926184126	DHL	-5000	0.0812270836023825	0.0555468578271281
FL	-5200	0.0437456466472122	0.00960213840692263	DHL	-5200	0.0804197970564437	0.0545834515248352
FL	-5400	0.0426675066276333	0.0118653130101573	DHL	-5400	0.0783944850271552	0.0547989143375889
FL	-5600	0.0394790952214345	0.0116613301595852	DHL	-5600	0.0748624993082658	0.0556292354690454
FL	-5800	0.0372583814750881	0.0106234000796506	DHL	-5800	0.07070028772703	0.0504530176234297
FL	-6000	0.0364314945579984	0.0114449742420228	DHL	-6000	0.0674901316621736	0.0462259182399511
FL	-6200	0.0375986019179658	0.012831416626503	DHL	-6200	0.0683106115029705	0.0483394406169783
FL	-6400	0.0333356103302488	0.0153916968441477	DHL	-6400	0.0663434442009535	0.0485933324177676
FL	-6600	0.0323105453181196	0.0141366441702333	DHL	-6600	0.0668929965906307	0.051740781742855
FL	-6800	0.0307592760622279	0.0138663494877603	DHL	-6800	0.069171880152034	0.052654147834111
FL	-7000	0.0307955249734031	0.0128928248031815	DHL	-7000	0.0686883482736932	0.0517210897852808
FL	-7200	0.0305275358612899	0.0124701473106607	DHL	-7200	0.0696267310514887	0.0562396152969496
FL	-7400	0.0313336069557355	0.011741510187671	DHL	-7400	0.0705786821932823	0.0564295298926349
FL	-7600	0.03400261108526	0.0129075739522449	DHL	-7600	0.0710767520100785	0.0523286758130252
FL	-7800	0.0348136287156948	0.0133101520098929	DHL	-7800	0.0706245664242841	0.0561377684789308
FL	-8000	0.0331801157737259	0.0137750420430664	DHL	-8000	0.071393656714626	0.057591798901557
FL	-8200	0.0325142168001425	0.013537258116034	DHL	-8200	0.0651004040535521	0.0500110261537132
FL	-8400	0.0319336013300559	0.0132344890413478	DHL	-8400	0.0653651933006815	0.0456280406605246
FL	-8600	0.0323944481900629	0.01238901172847	DHL	-8600	0.0652552261273997	0.0457715480262587
FL	-8800	0.0304020486741338	0.010800655611459	DHL	-8800	0.0622285726548751	0.0434337360292992
FL	-9000	0.03338484592498	0.0120864214545248	DHL	-9000	0.058748975304568	0.0440256747216772
FL	-9200	0.0334900109777419	0.0127664121085292	DHL	-9200	0.0601470722987282	0.0448258137744177
FL	-9400	0.0302226012705983	0.0118980247217252	DHL	-9400	0.0569277845175812	0.0459770971808279
FL	-9600	0.0281212338013608	0.0114643973003302	DHL	-9600	0.0581620456650655	0.0479538279718159
FL	-9800	0.0303790665973481	0.00969636986618415	DHL	-9800	0.0573692382338096	0.0483898576352415
FL	-10000	0.0305805373372152	0.00811466286705949	DHL	-10000	0.0553141653499961	0.0505450126830337
FL	-10200	0.0311420003583581	0.00834750860645565	DHL	-10200	0.0536353718960719	0.0475209864866733
FL	-10400	0.0320087137638305	0.00880116033977008	DHL	-10400	0.0551552983695681	0.0480690327797331
FL	-10600	0.0303950981032867	0.00538184803665331	DHL	-10600	0.0547922200646202	0.0490570425043575
FL	-10800	0.031805584009576	0.00446868256178548	DHL	-10800	0.0529661688597001	0.0483650497532477
FL	-11000	0.0332672021366699	0.00817940639308807	DHL	-11000	0.0549718418718839	0.0495994454102725
FL	-11200	0.0336722042911659	0.0100489031205243	DHL	-11200	0.0504530459647225	0.0439071910851852
FL	-11400	0.0335417912430442	0.00986395749002822	DHL	-11400	0.0507993958988957	0.0392990586587408
FL	-11600	0.0304969728701173	0.0112283774636002	DHL	-11600	0.0510146365040954	0.0341459055627561
FL	-11800	0.0284971921981625	0.00919078749222817	DHL	-11800	0.0521170844242767	0.0357267565526587
FL	-12000	0.0313256855835018	0.00908172045946618	DHL	-12000	0.0511098827242542	0.0343493674281385
FL	-12200	0.0328438503605148	0.00799793357437825	DHL	-12200	0.0505527022866785	0.0331594935811105
FL	-12400	0.0321951799892362	0.00814074083619427	DHL	-12400	0.0514388043381212	0.0377019406081673
FL	-12600	0.0313800002832098	0.00670065511678532	DHL	-12600	0.0504824874689194	0.0366747809207611
FL	-12800	0.0302503354333261	0.00785094524212343	DHL	-12800	0.0489245738193101	0.0343962089594923
FL	-13000	0.0304701296999919	0.00719126333736282	DHL	-13000	0.0500881362382861	0.0341100175818773
FL	-13200	0.0275515723947573	0.0086697344387939	DHL	-13200	0.0503235424882146	0.0328572239983297
FL	-13400	0.0301424294254072	0.00697252222332266	DHL	-13400	0.0503046721716765	0.0327463881326467
FL	-13600	0.0267920488353266	0.00850809324802118	DHL	-13600	0.0508580610242024	0.0308343463582547
FL	-13800	0.029356971872516	0.0102788692486595	DHL	-13800	0.053475904935806	0.0338324616712112
FL	-14000	0.0301314945755617	0.00801344942914487	DHL	-14000	0.0535489286402773	0.0331298195957972
FL	-14200	0.0304030774945313	0.00802362394716696	DHL	-14200	0.054311257428528	0.0363376172821777
FL	-14400	0.0333159688411471	0.011550536332845	DHL	-14400	0.0544899112168252	0.0368876777720361
FL	-14600	0.0360371128109043	0.0107074044160431	DHL	-14600	0.055525431881798	0.0378648861967887
FL	-14800	0.0373931033418233	0.010728204331891	DHL	-14800	0.0536990753693308	0.0345408535336641
FL	-15000	0.0366113604358965	0.0112127437982377	DHL	-15000	0.0540451858633924	0.0348455924547158
FL	-15200	0.0371752712617985	0.0109513873111356	DHL	-15200	0.0532945460509614	0.0349224952694113
FL	-15400	0.0364645513965158	0.0142487691236602	DHL	-15400	0.0559825682266339	0.035426706864577
FL	-15600	0.038528270146363	0.0137886048571707	DHL	-15600	0.0553606687986334	0.0342549330480473
FL	-15800	0.0406204050949438	0.0118755056588256	DHL	-15800	0.0509256274110676	0.0318369628607588
FL	-16000	0.0375205131239202	0.0145174879514201	DHL	-16000	0.0508837236119946	0.0312475522115989
FL	-16200	0.0430677520599628	0.0150024805534877	DHL	-16200	0.0469270921512549	0.0305554237807827
FL	-16400	0.0417201322721855	0.0126649506828964	DHL	-16400	0.044773950592098	0.031776805429014
FL	-16600	0.0398911555168256	0.0130919003066827	DHL	-16600	0.0408202991875816	0.0285476218365322
FL	-16800	0.0388886377921411	0.0118302963487072	DHL	-16800	0.0420300228537815	0.0297969600978213
FL	-17000	0.036720708669554	0.00841543533886466	DHL	-17000	0.0446637459180128	0.028872491167478
FL	-17200	0.0358379444996104	0.0100043098975691	DHL	-17200	0.0443827744104061	0.0304400861754526
FL	-17400	0.0369609110194435	0.0110193296168901	DHL	-17400	0.0479705950581225	0.0275278276609543
FL	-17600	0.0386859768270496	0.0108217539298103	DHL	-17600	0.052564689244353	0.0267535630910337
FL	-17800	0.0417900309251339	0.0132817655387106	DHL	-17800	0.0497683119747199	0.0204159132251797
FL	-18000	0.040544141277995	0.0132572915521618	DHL	-18000	0.0459371257157658	0.0193945219076254
FL	-18200	0.0394991973178794	0.0112795700044959	DHL	-18200	0.0509029942748296	0.0240626776891385
FL	-18400	0.0400093194870843	0.0149669505851432	DHL	-18400	0.0516172182158647	0.0294210985169723
FL	-18600	0.0370216752159665	0.0115266782556225	DHL	-18600	0.0488320494020318	0.0266606261256652
FL	-18800	0.0380392136000419	0.0107372955028326	DHL	-18800	0.0467178099922884	0.020765666720546
FL	-19000	0.0369654634172715	0.00851160743755532	DHL	-19000	0.0445288699668322	0.0175857949646299
FL	-19200	0.0363545542174892	0.00898862971221249	DHL	-19200	0.0450968894489816	0.0171412861966736
FL	-19400	0.0371517648895603	0.0104552239414852	DHL	-19400	0.0480641409262617	0.0155326181757875
FL	-19600	0.0419037529090125	0.017013135181457	DHL	-19600	0.0481810426419269	0.0183854647136925
FL	-19800	0.0392294756032152	0.0134844846080516	DHL	-19800	0.0514421815203533	0.0205105657307437
FL	-20000	0.038923846999579	0.0140232196394609	DHL	-20000	0.0536863244809187	0.0261470416392603
FL	-20200	0.0409567438140497	0.0143570281597927	DHL	-20200	0.0574786192822392	0.0328800218820754
FL	-20400	0.0399276108783474	0.0135608174478146	DHL	-20400	0.0602241578630499	0.0328255908129171
FL	-20600	0.0388526726262102	0.0129309841822118	DHL	-20600	0.0599122610307063	0.0259916498611375
FL	-20800	0.0388230276308993	0.010663852083948	DHL	-20800	0.058380172050443	0.0186265910193887
FL	-21000	0.0387835781434804	0.0139507236060742	DHL	-21000	0.0547630758141925	0.0202282761258981
FL	-21200	0.0417231163629803	0.00882099137932607	DHL	-21200	0.0541891309602878	0.0257961351110731
FL	-21400	0.0421933297304339	0.00968787586907732	DHL	-21400	0.0482024545341967	0.0247447210339252
FL	-21600	0.0413796024860523	0.0108553993799191	DHL	-21600	0.0458128511065368	0.023161940023875
FL	-21800	0.0385160090471506	0.00668219072206742	DHL	-21800	0.0426930642585443	0.0236509679347037
FL	-22000	0.0385393332184215	0.0126453318526962	DHL	-22000	0.0420798846817596	0.0251642270449749
FL	-22200	0.0392714205652492	0.0139353711517982	DHL	-22200	0.0413377449262534	0.0231897403192336
FL	-22400	0.0400784127988572	0.0232170819586073	DHL	-22400	0.0436071685332429	0.0255501182000244
FL	-22600	0.0389466103996723	0.0232026681177339	DHL	-22600	0.0430026618400273	0.0239503217980446
FL	-22800	0.0420588562029295	0.0257580739980233	DHL	-22800	0.044184831243985	0.0257991903593326
FL	-23000	0.0436052889112343	0.0231426780076261	DHL	-23000	0.0431726879218335	0.0274531123041249
FL	-23200	0.0411903828343112	0.0226642955015067	DHL	-23200	0.0402434655116414	0.0253578669111261
FL	-23400	0.0393318523449322	0.0197796485755892	DHL	-23400	0.0413857507154644	0.0246606379408413
FL	-23600	0.0354934143272975	0.0222650190778163	DHL	-23600	0.0391875580793552	0.0215853931485712
FL	-23800	0.0319241480602648	0.0221626469927926	DHL	-23800	0.0370394451994624	0.0196460579319388
FL	-24000	0.0328233257666889	0.0229084951836184	DHL	-24000	0.0384545345599657	0.0187195599756884
FL	-24200	0.0336289553906985	0.0176884662614012	DHL	-24200	0.0371244325294451	0.0180827916282034
FL	-24400	0.0333156398644459	0.011933401880586	DHL	-24400	0.0350712112220084	0.0179249245099875
FL	-24600	0.0327480729205436	0.0105836293909383	DHL	-24600	0.0339127645837182	0.0173386326982978
FL	-24800	0.0356358159020261	0.01285873855278	DHL	-24800	0.0348338078206895	0.0221150332653676
FL	-25000	0.0346939170502369	0.0120109442825632	DHL	-25000	0.0318135464928931	0.0151802142761715
FL	-25200	0.0299255144763308	0.0160138763367728	DHL	-25200	0.030857600873957	0.0113377246489293
FL	-25400	0.031715237538175	0.0109660834576278	DHL	-25400	0.0311014965183357	0.0120084061972551
FL	-25600	0.0292493062894712	0.00958304562360626	DHL	-25600	0.0351032190632324	0.0202911957505
FL	-25800	0.0311749917594669	0.00925176742183749	DHL	-25800	0.0365967707370059	0.0265580133216931
FL	-26000	0.032937800353947	0.011403616468232	DHL	-26000	0.0359098763187244	0.0247192043500219
FL	-26200	0.0322934194090188	0.0092272185006439	DHL	-26200	0.0345309909217504	0.0222393496146112
FL	-26400	0.031227535277835	0.0100339998245747	DHL	-26400	0.035438852674034	0.0240502211965521
FL	-26600	0.0316340103298095	0.0104642673199059	DHL	-26600	0.034419802458883	0.0230753854294488
FL	-26800	0.028669788227862	0.0109667803752181	DHL	-26800	0.0352737941807473	0.0224825197225408
FL	-27000	0.0286070637543287	0.0135253479266204	DHL	-27000	0.0376883520701189	0.0258994703453872
FL	-27200	0.0263253792054631	0.00926728740779837	DHL	-27200	0.0403122788550489	0.026904922992832
FL	-27400	0.0267934558710618	0.00866061222870342	DHL	-27400	0.0413049378268709	0.0237302364896168
FL	-27600	0.0291633038484208	0.0106123034248464	DHL	-27600	0.0392311019211156	0.0134823723933326
FL	-27800	0.0299913329461961	0.0149849959643389	DHL	-27800	0.0407849644350229	0.0144570754805586
FL	-28000	0.0324715040027753	0.0132554674628267	DHL	-28000	0.0399161071898337	0.0110583909928372
FL	-28200	0.0315561571443464	0.0121606251072372	DHL	-28200	0.0415753014772695	0.0118523164487075
FL	-28400	0.029354938406407	0.0105692488721169	DHL	-28400	0.0384715691855946	0.0166948662896723
FL	-28600	0.0339821532191061	0.0105700608928213	DHL	-28600	0.036885320009265	0.0175300510593437
FL	-28800	0.0306238399938027	0.00837049380049871	DHL	-28800	0.0345618004240241	0.0175207238990439
FL	-29000	0.0322682327831323	0.00825312492560797	DHL	-29000	0.0281237771181247	0.0167366071893414
FL	-29200	0.0309757675474218	0.00745520473887636	DHL	-29200	0.0281785696791629	0.0166631754978528
FL	-29400	0.0346164540431198	0.00692993175847102	DHL	-29400	0.0292908594573973	0.0152180927557067
FL	-29600	0.0318958725643633	0.00685761818717392	DHL	-29600	0.031138848058793	0.0137432428181839
FL	-29800	0.033933894066775	0.00853115730157959	DHL	-29800	0.029712905481184	0.00981872085760174
FL	-30000	0.0352554807841215	0.00982707122787427	DHL	-30000	0.0322568686184531	0.0114290482373417
FL	-30200	0.0314707444216964	0.010036102646199	DHL	-30200	0.03078081585786	0.00937266440030057
FL	-30400	0.0334350356232302	0.0113540446312627	DHL	-30400	0.031262647057587	0.00888630543599425
FL	-30600	0.0345080147826114	0.0111306892272545	DHL	-30600	0.0282704397124528	0.00769029268656977
FL	-30800	0.0323563255724906	0.0109307422512697	DHL	-30800	0.027900661577134	0.0076189459164091
FL	-31000	0.0329095218817979	0.0103595634903061	DHL	-31000	0.0278203997754489	0.00878452877402881
FL	-31200	0.0344398820847612	0.00623696448584131	DHL	-31200	0.0283674351313422	0.00591672258645822
FL	-31400	0.0307572783958506	0.00447624055188892	DHL	-31400	0.0258522203239138	0.00751184316447694
FL	-31600	0.027017361034172	0.00690488640066695	DHL	-31600	0.0277582117154918	0.00745329165095266
FL	-31800	0.030542210163389	0.00911549578723684	DHL	-31800	0.0304349902942147	0.00626463528317198
FL	-32000	0.0315751773762294	0.00967865194470018	DHL	-32000	0.0288568095627893	0.00658737458413143
FL	-32200	0.0344655874812549	0.00729387453539836	DHL	-32200	0.027533234029832	0.00851444969657081
FL	-32400	0.0329915811540942	0.0100405102729961	DHL	-32400	0.0279011117790526	0.00937408679240998
FL	-32600	0.0298786569168875	0.0144605110371782	DHL	-32600	0.0290382389081051	0.0106754492425578
FL	-32800	0.029434482084658	0.0141255599161893	DHL	-32800	0.0300904073984163	0.0114672583426555
FL	-33000	0.0296475211407797	0.0156038539364609	DHL	-33000	0.0306172984158416	0.0124633409145744
FL	-33200	0.028903009556659	0.0146398390159831	DHL	-33200	0.0303716178715849	0.0126817163490623
FL	-33400	0.0287121454510762	0.0149350918383874	DHL	-33400	0.031933378107959	0.0114917965290056
FL	-33600	0.0323205851205322	0.0105767415710648	DHL	-33600	0.0295960431905281	0.00943994960931781
FL	-33800	0.037559041928302	0.0117966395435931	DHL	-33800	0.0292365225071274	0.00868939603772548
FL	-34000	0.0391279573026481	0.0132797989866909	DHL	-34000	0.0297083518753236	0.0102397631646126
FL	-34200	0.0362829489898528	0.0108733377156138	DHL	-34200	0.0314730720927784	0.0112156306384568
FL	-34400	0.0378085871598215	0.00882610319253324	DHL	-34400	0.0297692119375726	0.00971535206285734
FL	-34600	0.0384465050875498	0.00874638539450601	DHL	-34600	0.0313164479039485	0.0112223572157271
FL	-34800	0.0364752963817988	0.0125989711999165	DHL	-34800	0.0328027965916571	0.0125443943490859
FL	-35000	0.0361128106459513	0.0116747830345036	DHL	-35000	0.033687821399847	0.0127760412917838
FL	-35200	0.0386059156431317	0.00964006215275323	DHL	-35200	0.0348870231135329	0.0145567344920362
FL	-35400	0.0435548747153507	0.0121176451702699	DHL	-35400	0.0338445568197331	0.0139258689100375
FL	-35600	0.0407822144297152	0.0134665482673307	DHL	-35600	0.0331983556868227	0.0101115037359465
FL	-35800	0.0399359038584234	0.0136091876952163	DHL	-35800	0.0325335911469379	0.00984802468750248
FL	-36000	0.0386493265241347	0.0138950565198567	DHL	-36000	0.0294025554748326	0.00819205670524864
FL	-36200	0.0384340721027285	0.0139747377101826	DHL	-36200	0.0278653782093131	0.00694123220669144
FL	-36400	0.0388537996996044	0.0148117878944706	DHL	-36400	0.0282480233176876	0.00820687760829108
FL	-36600	0.0340487771886579	0.0189926680474365	DHL	-36600	0.0287560269346813	0.00711201562254019
FL	-36800	0.0337147740164228	0.0202627436458514	DHL	-36800	0.0281561641179865	0.00730639037336621
FL	-37000	0.0342281905753796	0.0193310639956749	DHL	-37000	0.0268266081013202	0.00641360322657207
FL	-37200	0.0336186611802077	0.018578404044166	DHL	-37200	0.0255267014480855	0.00691672959978725
FL	-37400	0.0330998780469415	0.0181323659348749	DHL	-37400	0.0297681075371662	0.00816283359124518
FL	-37600	0.0312087696267701	0.0163238272425578	DHL	-37600	0.0304469027014302	0.00927756379749334
FL	-37800	0.0314687949666872	0.0181608229336686	DHL	-37800	0.030010333809546	0.0143930942023409
FL	-38000	0.0303596622529163	0.00964975356648308	DHL	-38000	0.0287852883085641	0.012949473105636
FL	-38200	0.0325267234141524	0.0123925085940686	DHL	-38200	0.0329119506129814	0.0120244895796168
FL	-38400	0.0368950819626587	0.0130937284935184	DHL	-38400	0.0332296595448405	0.0115518658626902
FL	-38600	0.0363509313457194	0.0120325940629999	DHL	-38600	0.0337980277425286	0.00974186372810606
FL	-38800	0.0402133190714375	0.0218583232578002	DHL	-38800	0.0294930135827894	0.00519926449990121
FL	-39000	0.0407233512417829	0.0222751853107786	DHL	-39000	0.0322217338443654	0.00816472240094917
FL	-39200	0.0425356943667208	0.0300935982030437	DHL	-39200	0.0320810538647059	0.013183120846057
FL	-39400	0.0416530335988962	0.0306648427825073	DHL	-39400	0.0322101037675466	0.0123409434702885
FL	-39600	0.0405414076194709	0.0223846353809028	DHL	-39600	0.0345754491357825	0.0120302317360531
FL	-39800	0.0387369613958938	0.0137078047357095	DHL	-39800	0.0346298219108506	0.0157622552424073
FL	-40000	0.0316406927303115	0.0102083797272529	DHL	-40000	0.0368518000719413	0.019337603887433
FL	-40200	0.0302823998828603	0.0113094834354502	DHL	-40200	0.0364873851348313	0.0197389073796868
FL	-40400	0.0357859066179089	0.00667714649520087	DHL	-40400	0.0349359858719834	0.0164071000511853
FL	-40600	0.0370536455800807	0.00639342180898656	DHL	-40600	0.0348671477632081	0.0152106650094224
FL	-40800	0.0373167335534676	0.00754023372231507	DHL	-40800	0.0342502949720937	0.0128068318546459
FL	-41000	0.0407208854026902	0.00701768352731586	DHL	-41000	0.0312987954263812	0.0112077713820664
FL	-41200	0.0398341900279189	0.00493710596225517	DHL	-41200	0.0319779703285328	0.0113743170323614
FL	-41400	0.0352005759027875	0.00967714856459833	DHL	-41400	0.0338272953940206	0.0108619095214864
FL	-41600	0.036165336792851	0.00922990375745464	DHL	-41600	0.0350363582160157	0.0138765374426094
FL	-41800	0.0374884803158117	0.0118777126936346	DHL	-41800	0.0341966516719556	0.0128792520146856
FL	-42000	0.0333439597540552	0.0163182710800926	DHL	-42000	0.0302149276755006	0.011606352814546
FL	-42200	0.0386014247473051	0.00981126235733076	DHL	-42200	0.0278188554899199	0.00817131431006846
FL	-42400	0.0338612085556748	0.0163793303034422	DHL	-42400	0.0295564633405686	0.0107056430775825
FL	-42600	0.0307394591656703	0.0152044274460133	DHL	-42600	0.0282572860009792	0.00871765833564882
FL	-42800	0.0305845217539088	0.0154233230002865	DHL	-42800	0.0263618836172265	0.00554650163095377
FL	-43000	0.0314333964555318	0.0175759923866158	DHL	-43000	0.0240655857983119	0.00480398035440092
FL	-43200	0.0304025412304033	0.0152838223016238	DHL	-43200	0.0221909481300424	0.00771658746638415
FL	-43400	0.0316012448203037	0.0181774939649087	DHL	-43400	0.0205753514602891	0.00961621310528579
FL	-43600	0.0299009784812174	0.0185460296815328	DHL	-43600	0.0211555174048798	0.00770447280770893
FL	-43800	0.0281586294421113	0.0160191522513109	DHL	-43800	0.0225920773268044	0.00868086686921837
FL	-44000	0.0285051957851418	0.0155195402962508	DHL	-44000	0.023023535949546	0.00746929879571533
FL	-44200	0.0297949552121958	0.0182089888377987	DHL	-44200	0.0235780041285736	0.00755563228046519
FL	-44400	0.0279299870413039	0.0174490753794975	DHL	-44400	0.021685899079588	0.00640193013920803
FL	-44600	0.02630901276232	0.0160817060031506	DHL	-44600	0.0201141646467395	0.0069193563792379
FL	-44800	0.0292709302189343	0.0159345837103875	DHL	-44800	0.0237820832614718	0.00590827093871382
FL	-45000	0.0305277448948347	0.0170051025208743	DHL	-45000	0.0243947371279142	0.00698635020240658
FL	-45200	0.0301068751793024	0.0164864088378792	DHL	-45200	0.0260697148264409	0.00628797386748022
FL	-45400	0.0343190218189686	0.0108821989201457	DHL	-45400	0.0322285306615586	0.005126520031882
FL	-45600	0.0321257935953205	0.00907661933694696	DHL	-45600	0.0341562132501529	0.00794219387729393
FL	-45800	0.0356732914484641	0.0103459694108778	DHL	-45800	0.0304995812621691	0.00591548906241327
FL	-46000	0.0415522394785143	0.00714359413455992	DHL	-46000	0.0327645266223421	0.00934637900132522
FL	-46200	0.0372069061101282	0.00783652527797634	DHL	-46200	0.0322643277444149	0.00821007411112978
FL	-46400	0.0337682803300361	0.00802611647347532	DHL	-46400	0.036266063655451	0.0101792280852887
FL	-46600	0.0299434897483774	0.0136360919837644	DHL	-46600	0.0372480906493831	0.00969467122347757
FL	-46800	0.02958616814668	0.0141508006213639	DHL	-46800	0.0348579723393583	0.0102878757565605
FL	-47000	0.0316435516145122	0.0157070446672694	DHL	-47000	0.0389453935942301	0.0123072671585526
FL	-47200	0.0342607995084164	0.0197542392199794	DHL	-47200	0.0362252830535819	0.0128886278018511
FL	-47400	0.0316244709242121	0.0202764069669477	DHL	-47400	0.0351161492503738	0.0132444845488806
FL	-47600	0.0302975615847091	0.0182642377138985	DHL	-47600	0.0281974222446712	0.00728157509407226
FL	-47800	0.0297887823243677	0.018528155122419	DHL	-47800	0.0298332202094821	0.00893942241721109
FL	-48000	0.0330567622134921	0.0190143323011357	DHL	-48000	0.0324072571202556	0.0116095286901172
FL	-48200	0.0324052283626487	0.0215706930498335	DHL	-48200	0.0347992322760296	0.011388353966061
FL	-48400	0.0327399223897542	0.0218358762891957	DHL	-48400	0.0337030865490107	0.00910106892907249
FL	-48600	0.0339484259842408	0.023262471838244	DHL	-48600	0.0339885867777555	0.00574205227132525
FL	-48800	0.0339677975037495	0.0233029090470342	DHL	-48800	0.0326447962078696	0.00465705449437528
FL	-49000	0.0369822478395252	0.0278902072411044	DHL	-49000	0.0317944607787125	0.00320035252162907
FL	-49200	0.0360610665406234	0.0284851608305376	DHL	-49200	0.0293370920614939	0.00387961141780501
FL	-49400	0.0359738807458932	0.0287688282642606	DHL	-49400	0.0271574552840662	0.00709013302710129
FL	-49600	0.0420947517144963	0.0299282394530416	DHL	-49600	0.0254291631622671	0.0061986928852354
FL	-49800	0.0455977438485422	0.0391181288564381	DHL	-49800	0.0243211269749667	0.00767814134837415
FL	-50000	0.0424320244272414	0.0317328360970971	DHL	-50000	0.0237047317222505	0.00626599593042233
FL	-50200	0.0454800873936793	0.0273910795103523	DHL	-50200	0.0240222784465073	0.01255525685223
FL	-50400	0.0441148512307117	0.0268337950506489	DHL	-50400	0.0260477168099284	0.0107852798630239
FL	-50600	0.0393946559095696	0.0225864909541954	DHL	-50600	0.0251749748760466	0.0106309972343231
FL	-50800	0.0362165395165723	0.0202182678410209	DHL	-50800	0.0245135168398273	0.0115526346907338
FL	-51000	0.0332949097346692	0.012766986638276	DHL	-51000	0.022605258480267	0.00968078680566499
FL	-51200	0.0300584421009365	0.0108294373006962	DHL	-51200	0.0210108282881578	0.00976798138841617
FL	-51400	0.0282855636127883	0.0188126973681772	DHL	-51400	0.0228822443390709	0.0061009652635412
FL	-51600	0.0299240796379536	0.019192545245032	DHL	-51600	0.0213290854132104	0.00837649820315101
FL	-51800	0.0319963268357459	0.0194545441520154	DHL	-51800	0.0214415027692188	0.00855473627280093
FL	-52000	0.0323449600330899	0.0199379092364606	DHL	-52000	0.0243302291189548	0.00963038879373988
FL	-52200	0.0320167896593619	0.0174478264568947	DHL	-52200	0.0281556645657331	0.0121930640208554
FL	-52400	0.0307701176626453	0.0170489141249664	DHL	-52400	0.0284215229209943	0.0124976062237038
FL	-52600	0.0304691352836866	0.0174714921014374	DHL	-52600	0.0272081943104088	0.0120045374424797
FL	-52800	0.034799686427473	0.0121121109312134	DHL	-52800	0.0278638044170091	0.00918386261225344
FL	-53000	0.0382838223945884	0.013782831274296	DHL	-53000	0.0295546411053674	0.00798689612337817
FL	-53200	0.0372267644257646	0.0111509312604993	DHL	-53200	0.0265718840186347	0.0094992870086729
FL	-53400	0.0343250379100016	0.0114625984012035	DHL	-53400	0.0238576858578868	0.00914481283407577
FL	-53600	0.0345630897252866	0.0199643647975971	DHL	-53600	0.0196686794643644	0.00906295534257026
FL	-53800	0.0341358307061145	0.0200090387179432	DHL	-53800	0.0209635262442742	0.00454369073967191
FL	-54000	0.0250315423965232	0.00660918562379549	DHL	-54000	0.0231724646122394	0.00678107553294496
FL	-54200	0.0250930367914429	0.00368862570824367	DHL	-54200	0.0251498992571992	0.0065729903537749
FL	-54400	0.023037995703162	0.011656801189654	DHL	-54400	0.0288295450882935	0.00450760036129485
FL	-54600	0.0253837020564941	0.0123111659672842	DHL	-54600	0.0344185025392427	0.00626450937373618
FL	-54800	0.0224722356244999	0.0105989460422702	DHL	-54800	0.035224161611671	0.00745758730496131
FL	-55000	0.02514477430635	0.0124076462512566	DHL	-55000	0.0359153224634503	0.00808121466589629
FL	-55200	0.0242824380048746	0.0127061987377638	DHL	-55200	0.0392658244763285	0.0137843936710318
FL	-55400	0.0221305075474426	0.011398023384636	DHL	-55400	0.0402849367397731	0.0146493893999422
FL	-55600	0.0211353201164874	0.0115899939016176	DHL	-55600	0.0363728342223614	0.0101128214275433
FL	-55800	0.0216425147119627	0.0109746030372829	DHL	-55800	0.0327261358500576	0.0137581821819183
FL	-56000	0.0219918769465497	0.0105821691364003	DHL	-56000	0.0277111364219321	0.00633053474933522
FL	-56200	0.0211496462513875	0.0115965355978369	DHL	-56200	0.0259263958504369	0.00610200802584435
FL	-56400	0.0228317440641314	0.0142054467010198	DHL	-56400	0.0251716869580388	0.00714249790943568
FL	-56600	0.020796386985078	0.0122243363127572	DHL	-56600	0.0249720718659489	0.00841709995503082
FL	-56800	0.0248623863039209	0.0148000644790747	DHL	-56800	0.0269668755715761	0.00846918324529334
FL	-57000	0.0265994360574328	0.0143543700392144	DHL	-57000	0.0271530151085714	0.0102932984859367
FL	-57200	0.0222988046701754	0.0112752381148445	DHL	-57200	0.0254979093942481	0.00905268105054453
FL	-57400	0.0194235450115086	0.00985240394297021	DHL	-57400	0.0209455362984094	0.00786302733364667
FL	-57600	0.0242688858938669	0.0124694964284572	DHL	-57600	0.0247422001691993	0.0068468454639413
FL	-57800	0.0251621730205718	0.00659186512539053	DHL	-57800	0.0245748736795516	0.00427447349287967
FL	-58000	0.0280488880336007	0.00712316915680862	DHL	-58000	0.0274083103802397	0.00999389803960521
FL	-58200	0.0322069999104056	0.00870913537349929	DHL	-58200	0.0291255761228554	0.0095424214642611
FL	-58400	0.0308799259673919	0.00816431753942719	DHL	-58400	0.0315897164387455	0.010973604379057
FL	-58600	0.0319964616102602	0.00929707353433959	DHL	-58600	0.0342428607871402	0.00687200684026554
FL	-58800	0.033290356228477	0.0101935508867244	DHL	-58800	0.0348821616127269	0.00817957358138354
FL	-59000	0.031777029065896	0.0110684705462512	DHL	-59000	0.0354070909269233	0.00719315699878307
FL	-59200	0.0366339577889203	0.0125963269255949	DHL	-59200	0.0330890376311833	0.00681958978960653
FL	-59400	0.0354657203822537	0.0122319406401247	DHL	-59400	0.0349673341700356	0.00979591970894446
FL	-59600	0.0371249992884433	0.0121789238904703	DHL	-59600	0.0337883273685836	0.0153598472163583
FL	-59800	0.0372809727587369	0.0128877889218553	DHL	-59800	0.032134607832849	0.0152817676902655
FL	-60000	0.0378445481824669	0.0135344460285718	DHL	-60000	0.0358943221062936	0.0182735618295491
FL	-60200	0.0357302571087668	0.0130500748225795	DHL	-60200	0.037307366517216	0.0210122529064164
FL	-60400	0.0377155149844927	0.0174818143612616	DHL	-60400	0.0376218410360087	0.0172280183966457
FL	-60600	0.0318272545908551	0.0123272676232135	DHL	-60600	0.0318439649550389	0.00811825521313329
FL	-60800	0.030302499850564	0.0161458647528036	DHL	-60800	0.033759524378246	0.00972781664286827
FL	-61000	0.0286489867275032	0.0161285165441403	DHL	-61000	0.0306552696475266	0.0116060333265713
FL	-61200	0.0266414760102935	0.0229636020311101	DHL	-61200	0.0276741601775729	0.0136972038259631
FL	-61400	0.0245614280374977	0.0207801522418005	DHL	-61400	0.0263235537616174	0.012120312569231
FL	-61600	0.0226783482451197	0.0168772514077478	DHL	-61600	0.0276281689115711	0.0119689785469838
FL	-61800	0.0196855822511273	0.0142208850108707	DHL	-61800	0.0259235814284216	0.0118664209840363
FL	-62000	0.022740429892249	0.0130037113219435	DHL	-62000	0.0245488528836289	0.0123704203474386
FL	-62200	0.0230179260917859	0.0136975612514444	DHL	-62200	0.0293606104338678	0.0125771843253413
FL	-62400	0.025442970371282	0.0149005546346198	DHL	-62400	0.0298933710314357	0.0127365994446319
FL	-62600	0.0253928299455767	0.0144920715638799	DHL	-62600	0.0301606285818765	0.0094670132076762
FL	-62800	0.0290187796265693	0.0148421515852057	DHL	-62800	0.0333267318471392	0.00776286952979359
FL	-63000	0.0274044200265574	0.0139046768984547	DHL	-63000	0.0331528171922191	0.00573061330162244
FL	-63200	0.0249984031781344	0.0131328515973949	DHL	-63200	0.0295309824394223	0.00569092307290516
FL	-63400	0.0275481766222371	0.0163553238205985	DHL	-63400	0.0350338686784722	0.0135652572242773
FL	-63600	0.0250901349873251	0.0153415433170537	DHL	-63600	0.0362017849384509	0.0172451466245858
FL	-63800	0.0234984951644488	0.0124797332008798	DHL	-63800	0.0282180705108131	0.0126041885208565
FL	-64000	0.0235172716304741	0.012147574183753	DHL	-64000	0.0254690925889763	0.00782240006612986
FL	-64200	0.0220236376639788	0.010713968814443	DHL	-64200	0.0224057502478672	0.00694013553365794
FL	-64400	0.0210321539218772	0.00952755351085069	DHL	-64400	0.0242366691826195	0.0068041217971472
FL	-64600	0.0219574494252023	0.0109454952580463	DHL	-64600	0.0229254485432678	0.00841939709820192
FL	-64800	0.0275816539113026	0.0144241360185877	DHL	-64800	0.0210871362725629	0.00787687063965702
FL	-65000	0.0294714918532813	0.016678204842529	DHL	-65000	0.0245745837009762	0.00688428718441097
FL	-65200	0.0274984061421584	0.0134774366419789	DHL	-65200	0.0261704622939721	0.00844212684920994
FL	-65400	0.0364137545796525	0.0119227749947234	DHL	-65400	0.025126985178466	0.00393403172810353
FL	-65600	0.0360956975223619	0.0107860218845808	DHL	-65600	0.0234613406358754	0.00601265318708038
FL	-65800	0.0399487473211939	0.0127157325758075	DHL	-65800	0.021903565426425	0.00471041180909297
FL	-66000	0.0419018644499385	0.0144537741361674	DHL	-66000	0.0223947890569725	0.00634966980545114
FL	-66200	0.0441371124176215	0.0211549008251969	DHL	-66200	0.0255850597590213	0.00838659315888271
FL	-66400	0.0412552223346526	0.0193885902439361	DHL	-66400	0.0267242444169193	0.0116387776478587
FL	-66600	0.0406582299901009	0.0252000993946063	DHL	-66600	0.0284533242259911	0.0066106294210425
FL	-66800	0.0402621010136286	0.0238852710578263	DHL	-66800	0.0310950265545812	0.00916742529113479
FL	-67000	0.0390503825245204	0.0227090304201399	DHL	-67000	0.0304130129542859	0.00876330854889171
FL	-67200	0.0393098761628493	0.0219558795441685	DHL	-67200	0.025770619187663	0.00698243104871335
FL	-67400	0.0351480300073679	0.0120122187151693	DHL	-67400	0.0234222718425289	0.00872893287513876
FL	-67600	0.0288778504182782	0.00533917548871264	DHL	-67600	0.0237023452937318	0.0122276163603428
FL	-67800	0.0303697783269529	0.00851495010059632	DHL	-67800	0.0233854217274252	0.0132034223485723
FL	-68000	0.0306003125145027	0.0131909055205554	DHL	-68000	0.0227895382482506	0.0112980081348237
FL	-68200	0.0255821870876364	0.0158636910322918	DHL	-68200	0.0218150282348971	0.00597536749375679
FL	-68400	0.0261375654477864	0.0171719707147161	DHL	-68400	0.0225357305682543	0.00544850797816811
FL	-68600	0.0270108645233477	0.0167092518489863	DHL	-68600	0.0255406481659226	0.00756559782240177
FL	-68800	0.0248076028607433	0.0140556898006695	DHL	-68800	0.0299563640252677	0.00931345360789883
FL	-69000	0.0225909845342267	0.0119799517247424	DHL	-69000	0.032005354001874	0.00931698305604612
FL	-69200	0.0223001269189631	0.0125302238426505	DHL	-69200	0.0320751159973283	0.00853207904060908
FL	-69400	0.0210353700059617	0.0124138110359949	DHL	-69400	0.0344581148384878	0.008507544198512
FL	-69600	0.0210635224807357	0.0112182121037238	DHL	-69600	0.0341909840348595	0.00613722675013547
FL	-69800	0.0215036733530059	0.0120596293768607	DHL	-69800	0.0337356079110837	0.00639418997579971
FL	-70000	0.0217809127938285	0.013234216786881	DHL	-70000	0.03675966638857	0.00707467876823469
FL	-70200	0.0244238411799172	0.013289115334563	DHL	-70200	0.0361905426282275	0.0097322426745793
FL	-70400	0.0312035677320386	0.00735172351029701	DHL	-70400	0.0367823421591341	0.0108077070650507
FL	-70600	0.0303228927814438	0.00658224282246111	DHL	-70600	0.0357522636900667	0.00995009787352869
FL	-70800	0.0322454617103919	0.00534468393784355	DHL	-70800	0.0382811274301445	0.0111608063240066
FL	-71000	0.0361279333726952	0.012077750922278	DHL	-71000	0.0372809548168955	0.00892568751964138
FL	-71200	0.0385473463139683	0.0105321151455632	DHL	-71200	0.0374656715899485	0.0067671903346423
FL	-71400	0.0376747096593002	0.0115236745963891	DHL	-71400	0.0326938511514587	0.00733999288478093
FL	-71600	0.0394649981209348	0.012564313302205	DHL	-71600	0.0352965049393878	0.00744943647979702
FL	-71800	0.039418391533384	0.011851195369596	DHL	-71800	0.0326816909770151	0.0104008399889046
FL	-72000	0.0341344270176585	0.00767630724476637	DHL	-72000	0.0271071128503043	0.0105749341395518
FL	-72200	0.0358572047459013	0.00872959404303292	DHL	-72200	0.0261788718246073	0.00768441421031449
FL	-72400	0.0387514020957817	0.0130803650514116	DHL	-72400	0.023657830097904	0.00448608637896299
FL	-72600	0.0355330496332561	0.012145789057121	DHL	-72600	0.026014594688278	0.00374944167005179
FL	-72800	0.0385389290543454	0.0178292768088119	DHL	-72800	0.024930468448829	0.00387416040399194
FL	-73000	0.0372803295161682	0.0148421043569238	DHL	-73000	0.0253405128569061	0.00279273772837317
FL	-73200	0.0352067225189973	0.00900053024433723	DHL	-73200	0.0260822530893376	0.00511178642210231
FL	-73400	0.0407480705084645	0.0113877360975379	DHL	-73400	0.0270090097462962	0.00959661795631121
FL	-73600	0.0369630492031354	0.00549693888467543	DHL	-73600	0.0284888074396956	0.0106618592702221
FL	-73800	0.0342983331497376	0.00443857065867094	DHL	-73800	0.0315067464494828	0.0171494616443744
FL	-74000	0.0340680861963429	0.0095424803155614	DHL	-74000	0.0330190206407975	0.016110933599259
FL	-74200	0.0347646868538288	0.0100714753254912	DHL	-74200	0.0343265703594342	0.0142359479255664
FL	-74400	0.0338667515924643	0.0165853886102552	DHL	-74400	0.0357765150522802	0.0169536286882332
FL	-74600	0.0344904491632123	0.0162455185014558	DHL	-74600	0.04027077360848	0.0239661116355668
FL	-74800	0.0343730638406588	0.0191780945228198	DHL	-74800	0.0386733464885034	0.0157402626615315
FL	-75000	0.0343181537438339	0.0153378836514669	DHL	-75000	0.0373062114709392	0.0140485274726241
FL	-75200	0.0323733923927409	0.0154277283796707	DHL	-75200	0.0366470968722206	0.00851962304003205
FL	-75400	0.0377625689532698	0.0144723911154331	DHL	-75400	0.0384877193197183	0.0101664911366305
FL	-75600	0.034329053849309	0.0135247006881535	DHL	-75600	0.0342940823673213	0.013188124887912
FL	-75800	0.0317992196508195	0.0143054198776702	DHL	-75800	0.0321862684812737	0.0130390574416048
FL	-76000	0.0346327253952901	0.0195523273068694	DHL	-76000	0.0282578253433339	0.00621685366634527
FL	-76200	0.0321368063741443	0.0140108460421515	DHL	-76200	0.026067806388745	0.00666679493952125
FL	-76400	0.0299859581189264	0.0146633934904251	DHL	-76400	0.0263455814109444	0.00706973116320292
FL	-76600	0.0267027529479692	0.0180857616868939	DHL	-76600	0.0266544538134517	0.0083327419616087
FL	-76800	0.0295002120725257	0.0189571163782927	DHL	-76800	0.0279663551024073	0.0129437692856935
FL	-77000	0.0363032380579483	0.0282403119776846	DHL	-77000	0.029123360668017	0.0142026190187744
FL	-77200	0.040528657190916	0.025794884111488	DHL	-77200	0.0295213243820116	0.0156439620335491
FL	-77400	0.0387108344629809	0.0258792076191967	DHL	-77400	0.0321054733727792	0.0130113861712346
FL	-77600	0.0371990004557099	0.0268895398026066	DHL	-77600	0.0321747591509427	0.0135668000370994
FL	-77800	0.0343147116257185	0.016298023599005	DHL	-77800	0.0395066449176764	0.0141165463619562
FL	-78000	0.0284143160534571	0.0104357005233821	DHL	-78000	0.0371514701032202	0.00655197188201267
FL	-78200	0.0270381353475945	0.0091036390502848	DHL	-78200	0.0344321546753263	0.0111270038430372
FL	-78400	0.0329723140524927	0.0175072523402993	DHL	-78400	0.0313787829082901	0.00896547063414717
FL	-78600	0.0316946600338771	0.0161704344370019	DHL	-78600	0.0305302917370769	0.00944570222412978
FL	-78800	0.0354895019478017	0.0199677402555162	DHL	-78800	0.0314544353365725	0.00789256588317795
FL	-79000	0.0339477214723374	0.0203769244189547	DHL	-79000	0.0309299961162054	0.011964117196325
FL	-79200	0.0327745332480514	0.0173877270381613	DHL	-79200	0.0261545452839936	0.00865850172062113
FL	-79400	0.0327643086439322	0.0138834044768536	DHL	-79400	0.0292890843899368	0.0066712272546944
FL	-79600	0.0261699442111084	0.0163587134565636	DHL	-79600	0.0281090866070035	0.00893962284721674
FL	-79800	0.0330184611491584	0.0163947123768995	DHL	-79800	0.0325052254836428	0.00956168663855005
FL	-80000	0.0329745600474172	0.017187588221201	DHL	-80000	0.0327166526247903	0.0126444099634784
FL	-80200	0.0300282415022403	0.0133621234227169	DHL	-80200	0.0288324738117482	0.0110024739779511
FL	-80400	0.0234733803816043	0.0154318580620336	DHL	-80400	0.0296158929320604	0.0158124508714433
FL	-80600	0.0237994013778368	0.0148102961632144	DHL	-80600	0.030617900136744	0.0161041370405792
FL	-80800	0.0254962724148012	0.0158658830092697	DHL	-80800	0.0275374848893451	0.0168639159490575
FL	-81000	0.0246723517888589	0.0148352589498859	DHL	-81000	0.0268529840290696	0.0115906541740544
FL	-81200	0.0322339961850812	0.00807620489362551	DHL	-81200	0.027781937739244	0.0129738586809282
FL	-81400	0.0388339778491302	0.0144538680116802	DHL	-81400	0.0304866241499001	0.0107279931342441
FL	-81600	0.0325775556106266	0.0106358342955436	DHL	-81600	0.0289701338327309	0.00865643553254302
FL	-81800	0.0273341889459915	0.0147712231951401	DHL	-81800	0.0274171542539413	0.00951332880590497
FL	-82000	0.0298173065796104	0.0160119197201651	DHL	-82000	0.0317866001665343	0.0113560489263835
FL	-82200	0.0357636903603752	0.0104304921419385	DHL	-82200	0.0293867634268722	0.00845319342499704
FL	-82400	0.0331833885677011	0.0127511696060337	DHL	-82400	0.030486861716716	0.00376441297870891
FL	-82600	0.0330514178342031	0.0146862790514916	DHL	-82600	0.0301692177009621	0.00545162849001106
FL	-82800	0.0320450705108671	0.0135729813275605	DHL	-82800	0.0307364106053833	0.00513057588596781
FL	-83000	0.0328851055620346	0.0160542626657137	DHL	-83000	0.027448257656991	0.0101988199102647
FL	-83200	0.0341503967546697	0.0110388431049825	DHL	-83200	0.0257709146369568	0.010652104439126
FL	-83400	0.0376146490420481	0.0149761991408481	DHL	-83400	0.0246142801106706	0.00914464922998767
FL	-83600	0.037084312882622	0.0146736578898983	DHL	-83600	0.0252306507486868	0.0142760225604589
FL	-83800	0.0373521256560683	0.0231124537259616	DHL	-83800	0.025172550291887	0.0088055930086098
FL	-84000	0.0413070786496158	0.0153409156519185	DHL	-84000	0.0221964156316349	0.0117073862222411
FL	-84200	0.0348161875073598	0.0080362469650809	DHL	-84200	0.02489353202326	0.00860192373260054
FL	-84400	0.0354873997262019	0.00742210916198301	DHL	-84400	0.0216680534909637	0.00797804459231673
FL	-84600	0.034144712859213	0.00551031855149981	DHL	-84600	0.0249662123557102	0.0113344003225208
FL	-84800	0.0372075810977712	0.00678526707402152	DHL	-84800	0.0284122227646617	0.011952424918277
FL	-85000	0.033339242774625	0.0083207527596308	DHL	-85000	0.0273507062814515	0.00941328493249051
FL	-85200	0.0308034670087922	0.00808625434117531	DHL	-85200	0.0267155404562179	0.00978821792086247
FL	-85400	0.0246946403816181	0.0121682930302177	DHL	-85400	0.0259410332951532	0.00654105078610581
FL	-85600	0.0309153340278546	0.00654948918700559	DHL	-85600	0.0225825832522079	0.00664044205411821
FL	-85800	0.0300814337392762	0.00776564768366568	DHL	-85800	0.0259855209232846	0.00893521870431092
FL	-86000	0.0217058387999778	0.0111848334540973	DHL	-86000	0.0288343253714177	0.0121311822735443
FL	-86200	0.0256647549165182	0.0140912469885185	DHL	-86200	0.031074112465403	0.0100988308656865
FL	-86400	0.0288784816264616	0.0144331655368604	DHL	-86400	0.03147240047515	0.00829311269133298
FL	-86600	0.0270323545881789	0.0131726325863829	DHL	-86600	0.0330057128363593	0.00790118017847438
FL	-86800	0.0351675192484042	0.00770104737385239	DHL	-86800	0.0300366093455235	0.00843276412336538
FL	-87000	0.0321636197763655	0.00487739879612425	DHL	-87000	0.0283678551450101	0.0114881395927095
FL	-87200	0.0324644945809584	0.00536237106789614	DHL	-87200	0.0292579637607311	0.0147854856370699
FL	-87400	0.0307880473801066	0.00792581120059985	DHL	-87400	0.0309829100634107	0.0168341491746438
FL	-87600	0.0302836431101737	0.0118775023176544	DHL	-87600	0.0279755964176738	0.014706569293364
FL	-87800	0.0276640269504248	0.0154926121627165	DHL	-87800	0.027631591960286	0.0178199237786265
FL	-88000	0.0294793853658927	0.0198859363895978	DHL	-88000	0.0237032200998654	0.0164879269177255
FL	-88200	0.0259404897630457	0.0177137609484794	DHL	-88200	0.023856229975239	0.0147571441178243
FL	-88400	0.0266806133739645	0.01497034290156	DHL	-88400	0.0249424308400936	0.0138727330872201
FL	-88600	0.0340959691615666	0.00849172878342737	DHL	-88600	0.0236452243122904	0.0140965516795292
FL	-88800	0.0413194136236694	0.0176968025733878	DHL	-88800	0.024190354501516	0.0125805027135652
FL	-89000	0.0403659098688037	0.0201302270674548	DHL	-89000	0.0283549044252857	0.0177711172639722
FL	-89200	0.0345620710219406	0.020823760248702	DHL	-89200	0.0302386434292096	0.0201692302129074
FL	-89400	0.0360489639453512	0.0223693827382512	DHL	-89400	0.0258193712570039	0.0228356514536481
FL	-89600	0.0360867544691001	0.0225326594511465	DHL	-89600	0.027742991642133	0.0214454893068087
FL	-89800	0.0363473635842594	0.0240499670723728	DHL	-89800	0.0283895102395799	0.0173291835838426
FL	-90000	0.0388477376278829	0.0223361035515487	DHL	-90000	0.0271049125198867	0.0219414002625353
FL	-90200	0.0361236588460526	0.0225319603809601	DHL	-90200	0.0281234400497323	0.0236982926777713
FL	-90400	0.0363303952400202	0.0199391764944186	DHL	-90400	0.0285460126627397	0.0166834813112483
FL	-90600	0.034477677187211	0.0199423583404025	DHL	-90600	0.0253106917367837	0.0154053340433181
FL	-90800	0.0288369604357414	0.01281500311289	DHL	-90800	0.0236576967021631	0.00862584333469022
FL	-91000	0.0337974705273364	0.02270686554138	DHL	-91000	0.0232034151475843	0.0090967905395567
FL	-91200	0.033446269548094	0.0222912259103843	DHL	-91200	0.0192346625831581	0.009403615688825
FL	-91400	0.0292504261577341	0.0157384952354757	DHL	-91400	0.0205150951899061	0.0111084509824467
FL	-91600	0.0278716948751452	0.0142390262822712	DHL	-91600	0.0217329029801073	0.0166760986029126
FL	-91800	0.0290072299463417	0.00960954926485481	DHL	-91800	0.0234870791099785	0.0171090193523932
FL	-92000	0.0262020455509138	0.0138657032865951	DHL	-92000	0.0203023858777474	0.0128065604389478
FL	-92200	0.0314826591751615	0.0225341162149053	DHL	-92200	0.021901312934363	0.00755947439392615
FL	-92400	0.0308455378464858	0.0238959033451781	DHL	-92400	0.0224802109571274	0.00668237916978871
FL	-92600	0.0299711416718833	0.0240710133968328	DHL	-92600	0.0215658489617541	0.00700354144974206
FL	-92800	0.0327663223325635	0.0201499762281322	DHL	-92800	0.0249703243383536	0.00898741203225735
FL	-93000	0.0311344072992707	0.0187552183786063	DHL	-93000	0.022392777234929	0.00665057648407714
FL	-93200	0.0279508821024708	0.00850741968118384	DHL	-93200	0.0221139185306012	0.0117811314217208
FL	-93400	0.0288137269630448	0.00857191052449344	DHL	-93400	0.0222479693238499	0.00929922879021622
FL	-93600	0.0298392813599425	0.00962033913007405	DHL	-93600	0.0262236820056216	0.0124222401109809
FL	-93800	0.0312468883164462	0.0141793063850886	DHL	-93800	0.0252764389466865	0.00725288204287357
FL	-94000	0.0283888856304946	0.0142019657133079	DHL	-94000	0.0223301359073554	0.00643840178051486
FL	-94200	0.0289899540177731	0.0177166964440881	DHL	-94200	0.0238283518085051	0.00853812897812837
FL	-94400	0.0251179431883882	0.0145840174363058	DHL	-94400	0.0250201499613622	0.0104646204705505
FL	-94600	0.0267267102293932	0.00939758730195187	DHL	-94600	0.0250418292814009	0.0126065700111839
FL	-94800	0.0268030804073568	0.00892159187425165	DHL	-94800	0.0233782153692057	0.0106489599814886
FL	-95000	0.0295700276171574	0.0083853859540366	DHL	-95000	0.0244257939562692	0.00886188834538321
FL	-95200	0.0274528951581471	0.00752436416348632	DHL	-95200	0.0204239484828337	0.00715125907387767
FL	-95400	0.0267577062099448	0.00991505021742294	DHL	-95400	0.0214944049247296	0.00548085637850011
FL	-95600	0.0258972743759909	0.00845642571514324	DHL	-95600	0.0210066094037503	0.00626986455067462
FL	-95800	0.0288834800535908	0.0111275219766224	DHL	-95800	0.0216872515785988	0.00786382174947756
FL	-96000	0.0303924958893603	0.011177630652957	DHL	-96000	0.0263678566641603	0.010648010842616
FL	-96200	0.0299133269683323	0.0111293744352122	DHL	-96200	0.0262588945022827	0.00972358309212983
FL	-96400	0.0329597137342199	0.0103311663188496	DHL	-96400	0.0246991158258783	0.0109373664152716
FL	-96600	0.0317218976592095	0.0118814140128186	DHL	-96600	0.0215290337437203	0.00950242970736245
FL	-96800	0.0333113535812502	0.00995297959169614	DHL	-96800	0.0200205797389005	0.0110993710564181
FL	-97000	0.0318882240492468	0.00661709458323834	DHL	-97000	0.0217591629031241	0.0106798395813188
FL	-97200	0.0342647476195449	0.00862317755213034	DHL	-97200	0.0235713480514636	0.00859414338676468
FL	-97400	0.0329699120353254	0.00935118502582226	DHL	-97400	0.0243911566528818	0.0127875149220398
FL	-97600	0.0340336012548556	0.0069774461849415	DHL	-97600	0.0240175886568335	0.0122639778989441
FL	-97800	0.0335663719530184	0.00535534572820257	DHL	-97800	0.025245934289887	0.00915273928439533
FL	-98000	0.03374887352883	0.0068504645779174	DHL	-98000	0.0321394927132418	0.012329566214716
FL	-98200	0.0406974437257048	0.0152209362452084	DHL	-98200	0.03414862123735	0.0126403643791992
FL	-98400	0.042195882995537	0.0159861145750893	DHL	-98400	0.0344357590961099	0.0148574499457942
FL	-98600	0.0418543411371009	0.0162947316667648	DHL	-98600	0.0310682355965217	0.012701139951842
FL	-98800	0.0418080734590835	0.0175246019379553	DHL	-98800	0.0320330037756883	0.0127082117972401
FL	-99000	0.0335511062584247	0.0159823364990098	DHL	-99000	0.0303136613271471	0.0118461418025013
FL	-99200	0.0362405661165955	0.0162874927871996	DHL	-99200	0.031773015933603	0.0120046791880346
FL	-99400	0.0360536572474025	0.0169718871671402	DHL	-99400	0.0291958192957968	0.0123938399898112
FL	-99600	0.0392219398555556	0.0145237077637982	DHL	-99600	0.0341821033955006	0.0142353591770189
FL	-99800	0.0366042014914875	0.0163623863701934	DHL	-99800	0.0361204653728609	0.0150695778015579
FL	-100000	0.0339530843586806	0.0159047366454713	DHL	-100000	0.0339025155340352	0.0147107749108117
