FL	0	0	102	106	3	301	99	28	37	379	12	51323255	6075	4775	148	1925	4244	4632	2536	13292	512	
FL	200	200	105	104	3	300	93	30	40	372	12	51068362	6075	4775	148	1925	4244	4632	2536	13292	512	
FL	400	400	107	104	3	292	82	38	40	362	12	50444597	6075	4775	148	1925	4244	4632	2536	13292	512	
FL	600	600	105	93	4	280	84	43	39	341	13	49765437	6075	4775	148	1925	4244	4632	2536	13292	512	
FL	800	800	114	93	4	257	76	48	37	329	14	49117777	6075	4775	148	1925	4244	4632	2536	13292	512	
FL	1000	1000	110	91	5	235	72	49	35	302	14	48519129	6075	4775	148	1925	4244	4632	2536	13292	512	
FL	1200	1200	117	90	3	219	71	52	31	279	13	47969469	6075	4775	148	1925	4244	4632	2536	13292	512	
FL	1400	1400	118	84	3	210	66	55	34	280	13	47461932	6075	4775	148	1925	4244	4632	2536	13292	512	
FL	1600	1600	125	82	3	204	67	55	31	280	11	46989702	6075	4775	148	1925	4244	4632	2536	13292	512	
FL	1800	1800	129	89	3	195	62	51	29	267	11	46545057	6075	4775	148	1925	4244	4632	2536	13292	512	
FL	2000	2000	137	82	3	182	57	63	29	258	11	46124629	6075	4775	148	1925	4244	4632	2536	13292	512	
FL	2200	2200	142	77	5	172	54	64	30	247	11	45721333	6075	4775	148	1925	4244	4632	2536	13292	512	
FL	2400	2400	141	71	5	169	50	70	28	244	10	45336986	6075	4775	148	1925	4244	4632	2536	13292	512	
FL	2600	2600	139	65	7	162	49	69	27	239	9	44974312	6075	4775	148	1925	4244	4632	2536	13292	512	
FL	2800	2800	133	66	7	160	46	77	28	231	8	44626590	6075	4775	148	1925	4244	4632	2536	13292	512	
FL	3000	3000	126	62	7	153	44	81	26	223	5	44289591	6075	4775	148	1925	4244	4632	2536	13292	512	
FL	3200	3200	125	63	7	140	45	82	26	222	3	43959183	6075	4775	148	1925	4244	4632	2536	13292	512	
FL	3400	3400	122	69	7	131	46	77	24	207	3	43633390	6075	4775	148	1925	4244	4632	2536	13292	512	
FL	3600	3600	121	65	9	120	46	80	24	206	3	43318989	6075	4775	148	1925	4244	4632	2536	13292	512	
FL	3800	3800	122	65	9	113	42	78	20	196	3	43011374	6075	4775	148	1925	4244	4632	2536	13292	512	
FL	4000	4000	115	59	8	106	45	82	23	191	3	42714758	6075	4775	148	1925	4244	4632	2536	13292	512	
FL	4200	4200	116	59	8	106	41	78	26	191	3	42429941	6075	4775	148	1925	4244	4632	2536	13292	512	
FL	4400	4400	112	62	9	103	44	70	28	189	4	42153312	6075	4775	148	1925	4244	4632	2536	13292	512	
FL	4600	4600	121	68	8	98	45	75	26	177	4	41875391	6075	4775	148	1925	4244	4632	2536	13292	512	
FL	4800	4800	122	70	9	91	42	74	26	180	5	41601345	6075	4775	148	1925	4244	4632	2536	13292	512	
FL	5000	5000	121	69	5	86	40	83	25	176	5	41335328	6075	4775	148	1925	4244	4632	2536	13292	512	
FL	5200	5200	119	69	5	83	41	91	28	178	4	41074448	6075	4775	148	1925	4244	4632	2536	13292	512	
FL	5400	5400	119	68	5	76	42	85	32	177	4	40823769	6075	4775	148	1925	4244	4632	2536	13292	512	
FL	5600	5600	113	73	5	77	43	83	30	181	4	40578622	6075	4775	148	1925	4244	4632	2536	13292	512	
FL	5800	5800	113	75	4	79	41	84	32	182	6	40335726	6075	4775	148	1925	4244	4632	2536	13292	512	
FL	6000	6000	112	74	4	78	39	84	33	184	5	40093340	6075	4775	148	1925	4244	4632	2536	13292	512	
FL	6200	6200	108	77	3	74	37	80	34	181	5	39856870	6075	4775	148	1925	4244	4632	2536	13292	512	
FL	6400	6400	110	81	3	74	38	78	29	176	6	39626454	6075	4775	148	1925	4244	4632	2536	13292	512	
FL	6600	6600	107	76	3	76	39	78	29	177	6	39398774	6075	4775	148	1925	4244	4632	2536	13292	512	
FL	6800	6800	111	77	3	74	41	81	28	177	7	39177199	6075	4775	148	1925	4244	4632	2536	13292	512	
FL	7000	7000	114	75	2	71	41	78	27	185	7	38960864	6075	4775	148	1925	4244	4632	2536	13292	512	
FL	7200	7200	111	77	3	73	41	80	30	180	7	38748733	6075	4775	148	1925	4244	4632	2536	13292	512	
FL	7400	7400	116	74	3	74	42	73	30	172	5	38540119	6075	4775	148	1925	4244	4632	2536	13292	512	
FL	7600	7600	112	77	3	74	41	78	30	167	5	38333804	6075	4775	148	1925	4244	4632	2536	13292	512	
FL	7800	7800	112	77	3	71	38	77	26	172	5	38129343	6075	4775	148	1925	4244	4632	2536	13292	512	
FL	8000	8000	104	82	3	64	38	77	26	167	6	37928676	6075	4775	148	1925	4244	4632	2536	13292	512	
FL	8200	8200	101	81	3	63	34	81	24	160	5	37727013	6075	4775	148	1925	4244	4632	2536	13292	512	
FL	8400	8400	99	79	5	58	34	79	22	161	7	37530662	6075	4775	148	1925	4244	4632	2536	13292	512	
FL	8600	8600	102	80	3	51	33	81	21	163	6	37336857	6075	4775	148	1925	4244	4632	2536	13292	512	
FL	8800	8800	102	79	3	45	35	77	22	170	5	37144522	6075	4775	148	1925	4244	4632	2536	13292	512	
FL	9000	9000	98	80	3	46	35	79	16	166	6	36954391	6075	4775	148	1925	4244	4632	2536	13292	512	
FL	9200	9200	103	74	3	45	34	80	18	168	5	36769977	6075	4775	148	1925	4244	4632	2536	13292	512	
FL	9400	9400	106	74	3	42	32	80	18	157	5	36586539	6075	4775	148	1925	4244	4632	2536	13292	512	
FL	9600	9600	98	72	2	35	30	80	17	142	4	36403735	6075	4775	148	1925	4244	4632	2536	13292	512	
FL	9800	9800	97	78	1	29	26	75	21	141	5	36223975	6075	4775	148	1925	4244	4632	2536	13292	512	
FL	10000	10000	94	73	1	25	29	79	25	141	4	36046061	6075	4775	148	1925	4244	4632	2536	13292	512	
FL	10200	10200	95	67	2	23	30	82	27	142	4	35871966	6075	4775	148	1925	4244	4632	2536	13292	512	
FL	10400	10400	88	68	2	17	28	72	27	141	4	35701673	6075	4775	148	1925	4244	4632	2536	13292	512	
FL	10600	10600	86	69	2	17	25	71	23	133	4	35533163	6075	4775	148	1925	4244	4632	2536	13292	512	
FL	10800	10800	92	68	2	19	27	72	21	128	4	35368106	6075	4775	148	1925	4244	4632	2536	13292	512	
FL	11000	11000	96	65	2	18	26	68	23	127	6	35206588	6075	4775	148	1925	4244	4632	2536	13292	512	
FL	11200	11200	88	67	2	21	23	75	20	132	5	35043622	6075	4775	148	1925	4244	4632	2536	13292	512	
FL	11400	11400	84	70	2	23	18	76	25	128	5	34884417	6075	4775	148	1925	4244	4632	2536	13292	512	
FL	11600	11600	85	64	2	21	16	81	20	127	5	34729458	6075	4775	148	1925	4244	4632	2536	13292	512	
FL	11800	11800	86	62	4	20	21	74	19	127	5	34575023	6075	4775	148	1925	4244	4632	2536	13292	512	
FL	12000	12000	88	55	6	22	20	69	18	133	6	34423917	6075	4775	148	1925	4244	4632	2536	13292	512	
FL	12200	12200	92	51	6	22	18	70	19	125	6	34274017	6075	4775	148	1925	4244	4632	2536	13292	512	
FL	12400	12400	94	49	6	24	17	66	19	133	4	34124254	6075	4775	148	1925	4244	4632	2536	13292	512	
FL	12600	12600	97	49	5	24	16	62	20	127	3	33974515	6075	4775	148	1925	4244	4632	2536	13292	512	
FL	12800	12800	96	47	3	20	16	70	22	119	3	33825021	6075	4775	148	1925	4244	4632	2536	13292	512	
FL	13000	13000	95	48	3	19	15	70	20	121	3	33678463	6075	4775	148	1925	4244	4632	2536	13292	512	
FL	13200	13200	97	55	3	16	20	72	23	129	3	33535847	6075	4775	148	1925	4244	4632	2536	13292	512	
FL	13400	13400	97	49	3	15	22	71	26	119	3	33394482	6075	4775	148	1925	4244	4632	2536	13292	512	
FL	13600	13600	88	49	3	13	24	68	27	109	3	33255154	6075	4775	148	1925	4244	4632	2536	13292	512	
FL	13800	13800	82	53	3	13	27	71	27	110	3	33116682	6075	4775	148	1925	4244	4632	2536	13292	512	
FL	14000	14000	85	50	3	10	25	71	29	115	3	32980380	6075	4775	148	1925	4244	4632	2536	13292	512	
FL	14200	14200	82	50	3	10	25	73	29	114	4	32844810	6075	4775	148	1925	4244	4632	2536	13292	512	
FL	14400	14400	78	44	1	10	21	71	30	116	4	32712908	6075	4775	148	1925	4244	4632	2536	13292	512	
FL	14600	14600	75	49	1	11	19	63	31	112	4	32582331	6075	4775	148	1925	4244	4632	2536	13292	512	
FL	14800	14800	78	50	1	14	19	60	32	108	4	32453572	6075	4775	148	1925	4244	4632	2536	13292	512	
FL	15000	15000	85	54	2	14	20	62	29	106	4	32326641	6075	4775	148	1925	4244	4632	2536	13292	512	
FL	15200	15200	78	56	1	14	23	66	34	116	2	32200269	6075	4775	148	1925	4244	4632	2536	13292	512	
FL	15400	15400	86	54	2	14	23	69	31	113	2	32074028	6075	4775	148	1925	4244	4632	2536	13292	512	
FL	15600	15600	88	48	2	12	22	62	30	111	2	31949267	6075	4775	148	1925	4244	4632	2536	13292	512	
FL	15800	15800	88	49	2	10	23	66	26	104	1	31827802	6075	4775	148	1925	4244	4632	2536	13292	512	
FL	16000	16000	87	49	2	11	20	62	30	110	1	31704380	6075	4775	148	1925	4244	4632	2536	13292	512	
FL	16200	16200	85	46	2	13	20	60	31	109	0	31581268	6075	4775	148	1925	4244	4632	2536	13292	512	
FL	16400	16400	82	46	2	13	20	56	33	99	0	31460587	6075	4775	148	1925	4244	4632	2536	13292	512	
FL	16600	16600	83	45	2	17	21	57	35	106	1	31342982	6075	4775	148	1925	4244	4632	2536	13292	512	
FL	16800	16800	80	46	2	14	23	54	32	108	1	31227361	6075	4775	148	1925	4244	4632	2536	13292	512	
FL	17000	17000	74	52	2	12	22	53	30	107	1	31112974	6075	4775	148	1925	4244	4632	2536	13292	512	
FL	17200	17200	75	47	2	11	19	57	29	114	1	30999933	6075	4775	148	1925	4244	4632	2536	13292	512	
FL	17400	17400	71	47	2	11	20	55	30	122	1	30883923	6075	4775	148	1925	4244	4632	2536	13292	512	
FL	17600	17600	65	45	2	14	23	60	32	120	1	30768082	6075	4775	148	1925	4244	4632	2536	13292	512	
FL	17800	17800	63	46	3	13	24	62	33	127	1	30654239	6075	4775	148	1925	4244	4632	2536	13292	512	
FL	18000	18000	68	46	2	15	20	65	33	129	1	30541846	6075	4775	148	1925	4244	4632	2536	13292	512	
FL	18200	18200	69	44	3	17	22	63	36	129	0	30429588	6075	4775	148	1925	4244	4632	2536	13292	512	
FL	18400	18400	69	45	3	19	21	67	32	131	0	30318154	6075	4775	148	1925	4244	4632	2536	13292	512	
FL	18600	18600	74	49	3	22	20	70	34	129	0	30208950	6075	4775	148	1925	4244	4632	2536	13292	512	
FL	18800	18800	75	51	3	20	22	64	36	133	0	30102043	6075	4775	148	1925	4244	4632	2536	13292	512	
FL	19000	19000	75	52	3	17	21	61	38	130	0	29996178	6075	4775	148	1925	4244	4632	2536	13292	512	
FL	19200	19200	81	49	3	19	22	69	32	118	0	29891446	6075	4775	148	1925	4244	4632	2536	13292	512	
FL	19400	19400	81	48	2	18	18	66	32	120	2	29785031	6075	4775	148	1925	4244	4632	2536	13292	512	
FL	19600	19600	82	52	4	17	18	68	36	125	2	29678583	6075	4775	148	1925	4244	4632	2536	13292	512	
FL	19800	19800	83	49	4	20	18	67	37	122	2	29571315	6075	4775	148	1925	4244	4632	2536	13292	512	
FL	20000	20000	78	52	2	24	21	68	40	133	2	29464498	6075	4775	148	1925	4244	4632	2536	13292	512	
FL	20200	20200	73	52	2	26	20	66	39	130	2	29358179	6075	4775	148	1925	4244	4632	2536	13292	512	
FL	20400	20400	70	48	3	24	20	68	32	128	2	29252323	6075	4775	148	1925	4244	4632	2536	13292	512	
FL	20600	20600	71	49	3	21	22	68	33	128	2	29145950	6075	4775	148	1925	4244	4632	2536	13292	512	
FL	20800	20800	70	53	4	18	19	69	27	122	2	29039332	6075	4775	148	1925	4244	4632	2536	13292	512	
FL	21000	21000	65	47	3	20	20	73	26	113	2	28934676	6075	4775	148	1925	4244	4632	2536	13292	512	
FL	21200	21200	65	43	3	18	19	68	26	115	1	28832452	6075	4775	148	1925	4244	4632	2536	13292	512	
FL	21400	21400	61	43	5	15	16	70	26	114	1	28732477	6075	4775	148	1925	4244	4632	2536	13292	512	
FL	21600	21600	62	48	4	18	17	70	26	112	0	28635008	6075	4775	148	1925	4244	4632	2536	13292	512	
FL	21800	21800	60	46	4	20	18	75	24	107	0	28539917	6075	4775	148	1925	4244	4632	2536	13292	512	
FL	22000	22000	59	51	3	23	19	72	24	107	2	28445546	6075	4775	148	1925	4244	4632	2536	13292	512	
FL	22200	22200	57	52	3	21	19	69	24	100	2	28352657	6075	4775	148	1925	4244	4632	2536	13292	512	
FL	22400	22400	56	51	3	21	20	69	26	98	3	28261265	6075	4775	148	1925	4244	4632	2536	13292	512	
FL	22600	22600	55	53	3	24	18	63	26	94	3	28170107	6075	4775	148	1925	4244	4632	2536	13292	512	
FL	22800	22800	58	55	4	23	19	63	24	98	3	28077004	6075	4775	148	1925	4244	4632	2536	13292	512	
FL	23000	23000	54	55	4	23	19	63	21	92	2	27983725	6075	4775	148	1925	4244	4632	2536	13292	512	
FL	23200	23200	54	60	3	23	18	59	20	94	2	27893165	6075	4775	148	1925	4244	4632	2536	13292	512	
FL	23400	23400	58	56	4	24	18	62	19	92	1	27804161	6075	4775	148	1925	4244	4632	2536	13292	512	
FL	23600	23600	59	56	4	23	17	58	18	93	1	27714288	6075	4775	148	1925	4244	4632	2536	13292	512	
FL	23800	23800	62	58	2	21	18	54	21	93	1	27623108	6075	4775	148	1925	4244	4632	2536	13292	512	
FL	24000	24000	59	55	4	17	16	52	20	89	0	27529855	6075	4775	148	1925	4244	4632	2536	13292	512	
FL	24200	24200	53	54	4	16	16	48	18	85	0	27437106	6075	4775	148	1925	4244	4632	2536	13292	512	
FL	24400	24400	56	51	5	18	18	43	19	80	0	27344606	6075	4775	148	1925	4244	4632	2536	13292	512	
FL	24600	24600	54	49	5	18	15	48	21	86	0	27250729	6075	4775	148	1925	4244	4632	2536	13292	512	
FL	24800	24800	61	43	5	18	14	56	25	87	1	27155986	6075	4775	148	1925	4244	4632	2536	13292	512	
FL	25000	25000	67	44	5	16	15	57	25	83	3	27062024	6075	4775	148	1925	4244	4632	2536	13292	512	
FL	25200	25200	69	45	5	15	15	52	26	77	2	26968337	6075	4775	148	1925	4244	4632	2536	13292	512	
FL	25400	25400	70	41	5	16	15	47	27	77	2	26872461	6075	4775	148	1925	4244	4632	2536	13292	512	
FL	25600	25600	76	43	5	15	17	51	27	76	3	26777009	6075	4775	148	1925	4244	4632	2536	13292	512	
FL	25800	25800	75	48	4	15	18	46	24	78	4	26681572	6075	4775	148	1925	4244	4632	2536	13292	512	
FL	26000	26000	67	46	3	13	18	49	25	85	4	26585988	6075	4775	148	1925	4244	4632	2536	13292	512	
FL	26200	26200	73	45	3	11	20	55	25	86	4	26490563	6075	4775	148	1925	4244	4632	2536	13292	512	
FL	26400	26400	72	46	2	8	21	54	29	92	5	26396536	6075	4775	148	1925	4244	4632	2536	13292	512	
FL	26600	26600	69	45	2	8	19	52	30	93	4	26303597	6075	4775	148	1925	4244	4632	2536	13292	512	
FL	26800	26800	72	42	2	10	19	55	33	86	4	26212346	6075	4775	148	1925	4244	4632	2536	13292	512	
FL	27000	27000	75	39	1	11	19	56	30	93	3	26123411	6075	4775	148	1925	4244	4632	2536	13292	512	
FL	27200	27200	75	39	1	13	20	59	25	88	3	26035353	6075	4775	148	1925	4244	4632	2536	13292	512	
FL	27400	27400	73	42	1	13	23	58	23	82	3	25947994	6075	4775	148	1925	4244	4632	2536	13292	512	
FL	27600	27600	68	48	1	14	21	58	23	75	3	25860349	6075	4775	148	1925	4244	4632	2536	13292	512	
FL	27800	27800	66	41	1	14	24	62	23	77	3	25773411	6075	4775	148	1925	4244	4632	2536	13292	512	
FL	28000	28000	69	43	1	13	23	66	24	79	3	25687381	6075	4775	148	1925	4244	4632	2536	13292	512	
FL	28200	28200	64	40	1	13	21	62	24	78	3	25601570	6075	4775	148	1925	4244	4632	2536	13292	512	
FL	28400	28400	62	42	1	13	19	57	25	75	3	25515831	6075	4775	148	1925	4244	4632	2536	13292	512	
FL	28600	28600	67	40	1	11	20	58	23	77	4	25430751	6075	4775	148	1925	4244	4632	2536	13292	512	
FL	28800	28800	73	39	1	10	16	61	24	74	4	25345906	6075	4775	148	1925	4244	4632	2536	13292	512	
FL	29000	29000	70	39	2	11	16	67	25	85	4	25261245	6075	4775	148	1925	4244	4632	2536	13292	512	
FL	29200	29200	72	42	4	11	15	61	26	87	4	25178882	6075	4775	148	1925	4244	4632	2536	13292	512	
FL	29400	29400	78	41	4	9	15	63	25	88	3	25099594	6075	4775	148	1925	4244	4632	2536	13292	512	
FL	29600	29600	77	39	3	9	16	66	22	89	4	25019615	6075	4775	148	1925	4244	4632	2536	13292	512	
FL	29800	29800	80	41	4	9	16	63	22	87	3	24940062	6075	4775	148	1925	4244	4632	2536	13292	512	
FL	30000	30000	75	44	4	9	16	68	22	91	2	24858158	6075	4775	148	1925	4244	4632	2536	13292	512	
FL	30200	30200	68	48	4	8	17	69	22	96	1	24775045	6075	4775	148	1925	4244	4632	2536	13292	512	
FL	30400	30400	76	47	4	8	16	65	21	100	1	24692193	6075	4775	148	1925	4244	4632	2536	13292	512	
FL	30600	30600	81	50	4	6	18	60	18	103	2	24610701	6075	4775	148	1925	4244	4632	2536	13292	512	
FL	30800	30800	79	46	3	5	20	64	18	103	2	24530522	6075	4775	148	1925	4244	4632	2536	13292	512	
FL	31000	31000	79	39	3	4	19	65	21	103	2	24452884	6075	4775	148	1925	4244	4632	2536	13292	512	
FL	31200	31200	74	44	2	5	19	61	20	94	2	24377524	6075	4775	148	1925	4244	4632	2536	13292	512	
FL	31400	31400	76	44	2	5	20	66	17	91	2	24303392	6075	4775	148	1925	4244	4632	2536	13292	512	
FL	31600	31600	75	49	3	7	23	67	16	87	3	24227880	6075	4775	148	1925	4244	4632	2536	13292	512	
FL	31800	31800	76	52	3	8	23	60	16	83	3	24153402	6075	4775	148	1925	4244	4632	2536	13292	512	
FL	32000	32000	76	49	3	8	24	63	16	85	3	24078243	6075	4775	148	1925	4244	4632	2536	13292	512	
FL	32200	32200	75	51	3	9	23	64	18	82	3	24005309	6075	4775	148	1925	4244	4632	2536	13292	512	
FL	32400	32400	75	51	3	8	24	65	19	80	3	23930942	6075	4775	148	1925	4244	4632	2536	13292	512	
FL	32600	32600	74	52	1	9	24	66	20	83	3	23858302	6075	4775	148	1925	4244	4632	2536	13292	512	
FL	32800	32800	74	54	1	9	23	66	20	82	3	23787358	6075	4775	148	1925	4244	4632	2536	13292	512	
FL	33000	33000	74	52	1	10	26	64	17	81	4	23717753	6075	4775	148	1925	4244	4632	2536	13292	512	
FL	33200	33200	71	51	1	11	24	62	17	76	5	23650039	6075	4775	148	1925	4244	4632	2536	13292	512	
FL	33400	33400	75	48	2	10	25	58	18	76	6	23582714	6075	4775	148	1925	4244	4632	2536	13292	512	
FL	33600	33600	74	51	2	9	25	58	17	74	5	23516630	6075	4775	148	1925	4244	4632	2536	13292	512	
FL	33800	33800	74	48	2	10	24	58	15	80	5	23450630	6075	4775	148	1925	4244	4632	2536	13292	512	
FL	34000	34000	78	47	1	13	20	60	20	92	5	23386059	6075	4775	148	1925	4244	4632	2536	13292	512	
FL	34200	34200	75	45	1	14	19	60	21	91	4	23322349	6075	4775	148	1925	4244	4632	2536	13292	512	
FL	34400	34400	77	47	1	15	19	60	20	87	3	23258745	6075	4775	148	1925	4244	4632	2536	13292	512	
FL	34600	34600	71	42	1	16	19	58	19	93	3	23195789	6075	4775	148	1925	4244	4632	2536	13292	512	
FL	34800	34800	69	38	1	17	19	54	17	88	3	23130022	6075	4775	148	1925	4244	4632	2536	13292	512	
FL	35000	35000	67	36	1	16	19	57	18	86	4	23065070	6075	4775	148	1925	4244	4632	2536	13292	512	
FL	35200	35200	68	33	1	14	21	55	16	83	4	23001032	6075	4775	148	1925	4244	4632	2536	13292	512	
FL	35400	35400	72	35	1	13	22	51	19	82	4	22937735	6075	4775	148	1925	4244	4632	2536	13292	512	
FL	35600	35600	66	33	1	12	20	52	18	81	5	22876751	6075	4775	148	1925	4244	4632	2536	13292	512	
FL	35800	35800	63	32	1	15	21	48	18	78	4	22814890	6075	4775	148	1925	4244	4632	2536	13292	512	
FL	36000	36000	62	33	1	12	20	47	18	79	3	22751235	6075	4775	148	1925	4244	4632	2536	13292	512	
FL	36200	36200	67	32	1	10	19	41	19	74	5	22687768	6075	4775	148	1925	4244	4632	2536	13292	512	
FL	36400	36400	65	35	1	8	20	37	21	70	5	22624125	6075	4775	148	1925	4244	4632	2536	13292	512	
FL	36600	36600	63	35	1	9	20	38	20	62	5	22561475	6075	4775	148	1925	4244	4632	2536	13292	512	
FL	36800	36800	62	36	1	10	16	36	22	60	4	22499146	6075	4775	148	1925	4244	4632	2536	13292	512	
FL	37000	37000	64	31	1	12	16	38	22	56	4	22436709	6075	4775	148	1925	4244	4632	2536	13292	512	
FL	37200	37200	69	29	1	13	15	35	21	54	4	22372965	6075	4775	148	1925	4244	4632	2536	13292	512	
FL	37400	37400	72	28	1	13	13	32	18	61	3	22309241	6075	4775	148	1925	4244	4632	2536	13292	512	
FL	37600	37600	67	31	1	13	12	27	18	56	4	22245672	6075	4775	148	1925	4244	4632	2536	13292	512	
FL	37800	37800	67	36	1	13	11	29	22	57	4	22182884	6075	4775	148	1925	4244	4632	2536	13292	512	
FL	38000	38000	70	33	1	12	10	28	21	58	4	22120879	6075	4775	148	1925	4244	4632	2536	13292	512	
FL	38200	38200	66	30	1	13	12	33	16	56	5	22059879	6075	4775	148	1925	4244	4632	2536	13292	512	
FL	38400	38400	63	27	1	14	12	35	17	63	4	21998249	6075	4775	148	1925	4244	4632	2536	13292	512	
FL	38600	38600	60	26	2	13	12	35	17	67	4	21938033	6075	4775	148	1925	4244	4632	2536	13292	512	
FL	38800	38800	61	27	1	13	11	35	18	62	4	21878586	6075	4775	148	1925	4244	4632	2536	13292	512	
FL	39000	39000	63	27	0	12	11	39	17	62	3	21818507	6075	4775	148	1925	4244	4632	2536	13292	512	
FL	39200	39200	60	23	0	10	9	44	17	64	3	21759441	6075	4775	148	1925	4244	4632	2536	13292	512	
FL	39400	39400	63	22	0	10	11	45	17	64	3	21701764	6075	4775	148	1925	4244	4632	2536	13292	512	
FL	39600	39600	61	20	0	10	13	50	17	70	3	21644528	6075	4775	148	1925	4244	4632	2536	13292	512	
FL	39800	39800	59	22	0	10	10	49	17	69	3	21586500	6075	4775	148	1925	4244	4632	2536	13292	512	
FL	40000	40000	61	20	0	11	9	47	17	75	3	21527948	6075	4775	148	1925	4244	4632	2536	13292	512	
FL	40200	40200	61	25	1	12	9	44	20	78	2	21468507	6075	4775	148	1925	4244	4632	2536	13292	512	
FL	40400	40400	60	22	1	13	12	48	21	79	0	21408282	6075	4775	148	1925	4244	4632	2536	13292	512	
FL	40600	40600	63	23	1	12	14	48	20	82	1	21348730	6075	4775	148	1925	4244	4632	2536	13292	512	
FL	40800	40800	66	21	1	12	14	47	20	77	2	21288509	6075	4775	148	1925	4244	4632	2536	13292	512	
FL	41000	41000	67	24	1	12	14	47	21	77	2	21227947	6075	4775	148	1925	4244	4632	2536	13292	512	
FL	41200	41200	69	26	1	12	15	49	26	74	1	21167923	6075	4775	148	1925	4244	4632	2536	13292	512	
FL	41400	41400	63	27	1	10	17	47	27	78	2	21108206	6075	4775	148	1925	4244	4632	2536	13292	512	
FL	41600	41600	70	28	0	8	14	45	27	77	2	21048795	6075	4775	148	1925	4244	4632	2536	13292	512	
FL	41800	41800	68	31	0	8	14	46	26	76	2	20989878	6075	4775	148	1925	4244	4632	2536	13292	512	
FL	42000	42000	70	36	0	8	13	44	26	75	2	20931497	6075	4775	148	1925	4244	4632	2536	13292	512	
FL	42200	42200	69	39	0	8	15	43	27	82	2	20872356	6075	4775	148	1925	4244	4632	2536	13292	512	
FL	42400	42400	67	36	0	9	14	43	24	79	1	20814133	6075	4775	148	1925	4244	4632	2536	13292	512	
FL	42600	42600	65	31	0	9	16	43	25	81	1	20756068	6075	4775	148	1925	4244	4632	2536	13292	512	
FL	42800	42800	63	35	0	10	17	38	25	81	1	20697792	6075	4775	148	1925	4244	4632	2536	13292	512	
FL	43000	43000	68	34	1	10	16	41	23	79	3	20640385	6075	4775	148	1925	4244	4632	2536	13292	512	
FL	43200	43200	68	31	1	10	16	37	21	74	3	20581299	6075	4775	148	1925	4244	4632	2536	13292	512	
FL	43400	43400	65	27	1	10	16	41	22	76	3	20522904	6075	4775	148	1925	4244	4632	2536	13292	512	
FL	43600	43600	61	25	1	10	17	43	19	77	2	20466651	6075	4775	148	1925	4244	4632	2536	13292	512	
FL	43800	43800	63	26	1	9	17	45	21	78	2	20410303	6075	4775	148	1925	4244	4632	2536	13292	512	
FL	44000	44000	65	27	2	12	18	42	22	80	2	20356100	6075	4775	148	1925	4244	4632	2536	13292	512	
FL	44200	44200	68	24	2	12	19	40	20	81	2	20301576	6075	4775	148	1925	4244	4632	2536	13292	512	
FL	44400	44400	64	24	2	13	21	43	18	70	1	20246365	6075	4775	148	1925	4244	4632	2536	13292	512	
FL	44600	44600	63	24	2	12	22	40	16	66	1	20193035	6075	4775	148	1925	4244	4632	2536	13292	512	
FL	44800	44800	60	25	2	10	22	40	15	66	1	20138767	6075	4775	148	1925	4244	4632	2536	13292	512	
FL	45000	45000	51	26	2	9	21	44	14	67	0	20083616	6075	4775	148	1925	4244	4632	2536	13292	512	
FL	45200	45200	53	30	1	9	19	41	15	70	0	20027480	6075	4775	148	1925	4244	4632	2536	13292	512	
FL	45400	45400	53	29	1	10	20	45	16	67	0	19969408	6075	4775	148	1925	4244	4632	2536	13292	512	
FL	45600	45600	49	33	1	9	18	48	15	65	0	19911238	6075	4775	148	1925	4244	4632	2536	13292	512	
FL	45800	45800	46	34	1	9	19	46	18	70	0	19853363	6075	4775	148	1925	4244	4632	2536	13292	512	
FL	46000	46000	48	34	1	9	21	47	19	72	0	19796027	6075	4775	148	1925	4244	4632	2536	13292	512	
FL	46200	46200	47	32	1	10	21	44	18	68	1	19737546	6075	4775	148	1925	4244	4632	2536	13292	512	
FL	46400	46400	49	34	1	9	21	45	21	65	2	19678248	6075	4775	148	1925	4244	4632	2536	13292	512	
FL	46600	46600	46	33	1	9	20	39	21	65	2	19620243	6075	4775	148	1925	4244	4632	2536	13292	512	
FL	46800	46800	45	30	2	10	20	37	19	63	1	19564104	6075	4775	148	1925	4244	4632	2536	13292	512	
FL	47000	47000	45	31	1	10	20	34	20	64	1	19508656	6075	4775	148	1925	4244	4632	2536	13292	512	
FL	47200	47200	43	36	1	10	22	32	20	65	2	19454535	6075	4775	148	1925	4244	4632	2536	13292	512	
FL	47400	47400	40	35	1	10	22	34	17	65	2	19402843	6075	4775	148	1925	4244	4632	2536	13292	512	
FL	47600	47600	39	38	1	9	20	33	19	64	1	19351619	6075	4775	148	1925	4244	4632	2536	13292	512	
FL	47800	47800	39	35	1	9	18	31	18	68	1	19298922	6075	4775	148	1925	4244	4632	2536	13292	512	
FL	48000	48000	41	37	1	13	18	35	16	71	1	19246680	6075	4775	148	1925	4244	4632	2536	13292	512	
FL	48200	48200	42	42	0	12	17	35	17	68	1	19194939	6075	4775	148	1925	4244	4632	2536	13292	512	
FL	48400	48400	44	43	0	15	16	37	18	75	2	19144933	6075	4775	148	1925	4244	4632	2536	13292	512	
FL	48600	48600	47	43	1	16	16	35	19	70	2	19095587	6075	4775	148	1925	4244	4632	2536	13292	512	
FL	48800	48800	48	42	1	16	17	32	21	65	3	19047465	6075	4775	148	1925	4244	4632	2536	13292	512	
FL	49000	49000	51	43	1	13	17	31	23	75	2	18999696	6075	4775	148	1925	4244	4632	2536	13292	512	
FL	49200	49200	48	43	1	13	16	35	20	76	2	18952093	6075	4775	148	1925	4244	4632	2536	13292	512	
FL	49400	49400	47	42	1	13	18	33	19	74	1	18904370	6075	4775	148	1925	4244	4632	2536	13292	512	
FL	49600	49600	51	44	1	13	18	34	22	70	1	18857067	6075	4775	148	1925	4244	4632	2536	13292	512	
FL	49800	49800	47	43	2	13	15	34	21	71	1	18810307	6075	4775	148	1925	4244	4632	2536	13292	512	
FL	50000	50000	48	42	2	11	16	34	20	66	1	18762602	6075	4775	148	1925	4244	4632	2536	13292	512	
FL	50200	50200	45	39	2	11	15	34	22	67	1	18715762	6075	4775	148	1925	4244	4632	2536	13292	512	
FL	50400	50400	45	38	2	12	15	31	21	69	1	18669158	6075	4775	148	1925	4244	4632	2536	13292	512	
FL	50600	50600	45	40	1	13	13	31	19	71	1	18623889	6075	4775	148	1925	4244	4632	2536	13292	512	
FL	50800	50800	52	41	1	13	14	28	17	65	2	18578113	6075	4775	148	1925	4244	4632	2536	13292	512	
FL	51000	51000	53	40	1	13	14	27	17	65	2	18532616	6075	4775	148	1925	4244	4632	2536	13292	512	
FL	51200	51200	55	39	1	11	14	25	17	62	2	18488197	6075	4775	148	1925	4244	4632	2536	13292	512	
FL	51400	51400	57	39	1	11	16	21	16	55	2	18444685	6075	4775	148	1925	4244	4632	2536	13292	512	
FL	51600	51600	55	40	1	14	15	21	18	45	1	18399385	6075	4775	148	1925	4244	4632	2536	13292	512	
FL	51800	51800	57	39	0	14	15	23	17	43	1	18354736	6075	4775	148	1925	4244	4632	2536	13292	512	
FL	52000	52000	58	41	1	15	15	23	17	48	1	18310799	6075	4775	148	1925	4244	4632	2536	13292	512	
FL	52200	52200	54	37	1	18	13	23	16	48	2	18266163	6075	4775	148	1925	4244	4632	2536	13292	512	
FL	52400	52400	54	33	2	20	13	23	17	50	3	18222283	6075	4775	148	1925	4244	4632	2536	13292	512	
FL	52600	52600	51	33	2	17	15	25	18	50	2	18179045	6075	4775	148	1925	4244	4632	2536	13292	512	
FL	52800	52800	54	33	3	14	16	25	20	49	2	18135320	6075	4775	148	1925	4244	4632	2536	13292	512	
FL	53000	53000	53	32	3	13	18	30	19	48	2	18091842	6075	4775	148	1925	4244	4632	2536	13292	512	
FL	53200	53200	56	34	2	13	18	31	16	49	2	18049419	6075	4775	148	1925	4244	4632	2536	13292	512	
FL	53400	53400	54	32	2	12	17	29	17	52	2	18006541	6075	4775	148	1925	4244	4632	2536	13292	512	
FL	53600	53600	48	33	2	10	16	24	18	56	2	17962558	6075	4775	148	1925	4244	4632	2536	13292	512	
FL	53800	53800	49	31	2	9	18	20	19	55	2	17916540	6075	4775	148	1925	4244	4632	2536	13292	512	
FL	54000	54000	48	29	2	8	15	20	21	57	2	17870803	6075	4775	148	1925	4244	4632	2536	13292	512	
FL	54200	54200	45	28	2	6	14	20	21	59	2	17824856	6075	4775	148	1925	4244	4632	2536	13292	512	
FL	54400	54400	44	28	2	8	12	22	23	62	2	17779822	6075	4775	148	1925	4244	4632	2536	13292	512	
FL	54600	54600	46	28	2	8	14	23	25	62	1	17736846	6075	4775	148	1925	4244	4632	2536	13292	512	
FL	54800	54800	51	27	2	9	15	24	25	67	0	17694672	6075	4775	148	1925	4244	4632	2536	13292	512	
FL	55000	55000	51	26	2	9	15	22	24	73	1	17652809	6075	4775	148	1925	4244	4632	2536	13292	512	
FL	55200	55200	51	31	1	8	13	22	24	77	1	17611686	6075	4775	148	1925	4244	4632	2536	13292	512	
FL	55400	55400	49	31	1	9	16	21	27	74	1	17571199	6075	4775	148	1925	4244	4632	2536	13292	512	
FL	55600	55600	48	34	1	11	18	24	27	71	1	17530257	6075	4775	148	1925	4244	4632	2536	13292	512	
FL	55800	55800	44	31	1	11	19	24	27	61	1	17487984	6075	4775	148	1925	4244	4632	2536	13292	512	
FL	56000	56000	44	33	0	12	21	29	28	60	1	17445224	6075	4775	148	1925	4244	4632	2536	13292	512	
FL	56200	56200	46	33	0	10	20	29	28	61	2	17402447	6075	4775	148	1925	4244	4632	2536	13292	512	
FL	56400	56400	42	35	0	8	19	26	26	59	3	17360035	6075	4775	148	1925	4244	4632	2536	13292	512	
FL	56600	56600	41	30	0	7	18	28	24	58	3	17318971	6075	4775	148	1925	4244	4632	2536	13292	512	
FL	56800	56800	38	29	0	7	18	27	22	48	3	17277614	6075	4775	148	1925	4244	4632	2536	13292	512	
FL	57000	57000	39	24	0	4	19	25	18	59	2	17235964	6075	4775	148	1925	4244	4632	2536	13292	512	
FL	57200	57200	38	24	0	3	17	27	18	61	2	17194567	6075	4775	148	1925	4244	4632	2536	13292	512	
FL	57400	57400	40	25	0	3	18	28	16	70	2	17153689	6075	4775	148	1925	4244	4632	2536	13292	512	
FL	57600	57600	38	31	0	3	16	28	15	63	2	17113308	6075	4775	148	1925	4244	4632	2536	13292	512	
FL	57800	57800	38	28	0	2	16	25	15	59	1	17072485	6075	4775	148	1925	4244	4632	2536	13292	512	
FL	58000	58000	43	27	0	3	16	26	15	55	1	17031201	6075	4775	148	1925	4244	4632	2536	13292	512	
FL	58200	58200	46	26	0	3	13	28	16	53	1	16989662	6075	4775	148	1925	4244	4632	2536	13292	512	
FL	58400	58400	45	28	0	3	13	32	14	51	1	16946482	6075	4775	148	1925	4244	4632	2536	13292	512	
FL	58600	58600	41	30	0	4	14	33	12	52	1	16903017	6075	4775	148	1925	4244	4632	2536	13292	512	
FL	58800	58800	36	30	1	6	15	36	14	55	1	16859248	6075	4775	148	1925	4244	4632	2536	13292	512	
FL	59000	59000	31	30	1	5	16	35	15	58	1	16816409	6075	4775	148	1925	4244	4632	2536	13292	512	
FL	59200	59200	38	28	1	5	19	34	15	57	1	16775020	6075	4775	148	1925	4244	4632	2536	13292	512	
FL	59400	59400	40	33	1	5	17	33	16	57	1	16733994	6075	4775	148	1925	4244	4632	2536	13292	512	
FL	59600	59600	42	31	1	6	14	32	15	59	1	16693644	6075	4775	148	1925	4244	4632	2536	13292	512	
FL	59800	59800	42	35	0	10	16	34	16	60	1	16653742	6075	4775	148	1925	4244	4632	2536	13292	512	
FL	60000	60000	40	39	0	8	17	35	14	58	1	16612800	6075	4775	148	1925	4244	4632	2536	13292	512	
FL	60200	60200	40	36	0	8	22	37	14	59	0	16572382	6075	4775	148	1925	4244	4632	2536	13292	512	
FL	60400	60400	40	30	0	8	20	43	14	53	0	16532621	6075	4775	148	1925	4244	4632	2536	13292	512	
FL	60600	60600	39	30	0	11	17	40	13	55	0	16494886	6075	4775	148	1925	4244	4632	2536	13292	512	
FL	60800	60800	39	34	0	11	15	35	15	54	0	16459254	6075	4775	148	1925	4244	4632	2536	13292	512	
FL	61000	61000	34	33	0	12	17	38	14	51	0	16424641	6075	4775	148	1925	4244	4632	2536	13292	512	
FL	61200	61200	35	34	0	12	17	39	15	49	0	16391060	6075	4775	148	1925	4244	4632	2536	13292	512	
FL	61400	61400	32	32	1	12	15	41	15	51	0	16355715	6075	4775	148	1925	4244	4632	2536	13292	512	
FL	61600	61600	32	28	1	12	16	39	16	50	0	16318264	6075	4775	148	1925	4244	4632	2536	13292	512	
FL	61800	61800	31	26	1	12	17	40	14	46	0	16281351	6075	4775	148	1925	4244	4632	2536	13292	512	
FL	62000	62000	29	25	1	12	18	38	13	48	0	16243776	6075	4775	148	1925	4244	4632	2536	13292	512	
FL	62200	62200	28	20	1	11	17	36	11	50	0	16204451	6075	4775	148	1925	4244	4632	2536	13292	512	
FL	62400	62400	32	19	1	11	18	36	12	47	0	16164610	6075	4775	148	1925	4244	4632	2536	13292	512	
FL	62600	62600	31	17	1	10	15	37	12	48	0	16125783	6075	4775	148	1925	4244	4632	2536	13292	512	
FL	62800	62800	31	15	1	10	16	36	12	47	0	16087470	6075	4775	148	1925	4244	4632	2536	13292	512	
FL	63000	63000	27	13	1	10	17	36	13	48	1	16048777	6075	4775	148	1925	4244	4632	2536	13292	512	
FL	63200	63200	34	16	1	8	15	33	16	50	2	16011311	6075	4775	148	1925	4244	4632	2536	13292	512	
FL	63400	63400	32	15	1	4	16	32	15	44	2	15974544	6075	4775	148	1925	4244	4632	2536	13292	512	
FL	63600	63600	36	18	0	5	13	36	13	46	1	15937715	6075	4775	148	1925	4244	4632	2536	13292	512	
FL	63800	63800	32	20	0	6	14	34	13	47	0	15902229	6075	4775	148	1925	4244	4632	2536	13292	512	
FL	64000	64000	35	20	0	8	11	34	13	43	0	15867434	6075	4775	148	1925	4244	4632	2536	13292	512	
FL	64200	64200	31	19	0	9	8	32	11	40	0	15832450	6075	4775	148	1925	4244	4632	2536	13292	512	
FL	64400	64400	30	20	1	9	11	31	11	44	0	15796708	6075	4775	148	1925	4244	4632	2536	13292	512	
FL	64600	64600	27	20	1	11	11	37	11	50	0	15760616	6075	4775	148	1925	4244	4632	2536	13292	512	
FL	64800	64800	27	21	1	11	9	38	11	42	0	15724847	6075	4775	148	1925	4244	4632	2536	13292	512	
FL	65000	65000	25	17	1	11	9	38	10	47	1	15689668	6075	4775	148	1925	4244	4632	2536	13292	512	
FL	65200	65200	27	19	1	11	10	34	10	51	3	15655177	6075	4775	148	1925	4244	4632	2536	13292	512	
FL	65400	65400	27	19	1	11	9	33	11	56	3	15622147	6075	4775	148	1925	4244	4632	2536	13292	512	
FL	65600	65600	27	23	0	11	11	28	11	60	3	15590442	6075	4775	148	1925	4244	4632	2536	13292	512	
FL	65800	65800	29	24	0	7	10	29	10	63	3	15558530	6075	4775	148	1925	4244	4632	2536	13292	512	
FL	66000	66000	28	26	0	5	9	29	9	64	4	15524922	6075	4775	148	1925	4244	4632	2536	13292	512	
FL	66200	66200	32	24	0	5	8	24	11	61	5	15492506	6075	4775	148	1925	4244	4632	2536	13292	512	
FL	66400	66400	31	25	0	7	8	27	11	61	5	15459468	6075	4775	148	1925	4244	4632	2536	13292	512	
FL	66600	66600	30	22	0	8	6	26	12	61	4	15427367	6075	4775	148	1925	4244	4632	2536	13292	512	
FL	66800	66800	34	22	0	8	6	24	11	63	3	15396017	6075	4775	148	1925	4244	4632	2536	13292	512	
FL	67000	67000	34	20	0	7	7	26	12	57	3	15364911	6075	4775	148	1925	4244	4632	2536	13292	512	
FL	67200	67200	38	22	0	5	11	27	10	57	2	15332859	6075	4775	148	1925	4244	4632	2536	13292	512	
FL	67400	67400	38	21	0	6	8	27	11	57	2	15301275	6075	4775	148	1925	4244	4632	2536	13292	512	
FL	67600	67600	39	24	0	6	7	28	12	53	2	15270505	6075	4775	148	1925	4244	4632	2536	13292	512	
FL	67800	67800	40	22	0	6	7	26	13	45	1	15239426	6075	4775	148	1925	4244	4632	2536	13292	512	
FL	68000	68000	34	23	0	6	6	25	12	46	1	15207763	6075	4775	148	1925	4244	4632	2536	13292	512	
FL	68200	68200	35	24	0	5	5	30	17	46	1	15175223	6075	4775	148	1925	4244	4632	2536	13292	512	
FL	68400	68400	38	22	1	5	4	33	16	54	2	15142657	6075	4775	148	1925	4244	4632	2536	13292	512	
FL	68600	68600	39	24	1	5	6	36	15	50	2	15108441	6075	4775	148	1925	4244	4632	2536	13292	512	
FL	68800	68800	38	25	0	5	7	39	16	52	2	15074252	6075	4775	148	1925	4244	4632	2536	13292	512	
FL	69000	69000	38	27	0	5	7	38	14	46	2	15039965	6075	4775	148	1925	4244	4632	2536	13292	512	
FL	69200	69200	37	22	0	5	9	38	14	49	3	15005086	6075	4775	148	1925	4244	4632	2536	13292	512	
FL	69400	69400	38	24	0	4	12	39	12	49	4	14969548	6075	4775	148	1925	4244	4632	2536	13292	512	
FL	69600	69600	34	22	0	5	12	37	16	53	3	14935061	6075	4775	148	1925	4244	4632	2536	13292	512	
FL	69800	69800	32	18	0	5	13	36	17	54	2	14901583	6075	4775	148	1925	4244	4632	2536	13292	512	
FL	70000	70000	32	17	0	5	13	38	16	52	2	14869724	6075	4775	148	1925	4244	4632	2536	13292	512	
FL	70200	70200	36	18	0	5	14	39	13	48	2	14838854	6075	4775	148	1925	4244	4632	2536	13292	512	
FL	70400	70400	36	19	0	4	15	40	13	51	2	14808604	6075	4775	148	1925	4244	4632	2536	13292	512	
FL	70600	70600	39	20	0	4	15	37	13	50	2	14780507	6075	4775	148	1925	4244	4632	2536	13292	512	
FL	70800	70800	38	20	1	6	15	37	14	53	2	14752070	6075	4775	148	1925	4244	4632	2536	13292	512	
FL	71000	71000	37	22	1	6	15	33	15	54	2	14723823	6075	4775	148	1925	4244	4632	2536	13292	512	
FL	71200	71200	40	21	1	7	15	33	15	52	3	14695789	6075	4775	148	1925	4244	4632	2536	13292	512	
FL	71400	71400	37	20	1	6	15	31	14	52	4	14667579	6075	4775	148	1925	4244	4632	2536	13292	512	
FL	71600	71600	35	18	1	5	14	29	14	61	4	14640669	6075	4775	148	1925	4244	4632	2536	13292	512	
FL	71800	71800	37	17	1	6	14	31	11	58	3	14615137	6075	4775	148	1925	4244	4632	2536	13292	512	
FL	72000	72000	35	17	1	6	16	32	13	56	4	14589824	6075	4775	148	1925	4244	4632	2536	13292	512	
FL	72200	72200	32	19	1	5	14	31	13	55	4	14563351	6075	4775	148	1925	4244	4632	2536	13292	512	
FL	72400	72400	31	20	1	4	11	28	16	55	3	14536551	6075	4775	148	1925	4244	4632	2536	13292	512	
FL	72600	72600	29	19	1	4	10	31	19	53	3	14509712	6075	4775	148	1925	4244	4632	2536	13292	512	
FL	72800	72800	28	20	0	6	8	31	19	59	2	14482293	6075	4775	148	1925	4244	4632	2536	13292	512	
FL	73000	73000	28	20	0	7	8	32	17	58	1	14452341	6075	4775	148	1925	4244	4632	2536	13292	512	
FL	73200	73200	27	19	1	9	8	31	15	57	1	14421759	6075	4775	148	1925	4244	4632	2536	13292	512	
FL	73400	73400	29	19	1	8	8	33	14	60	0	14391656	6075	4775	148	1925	4244	4632	2536	13292	512	
FL	73600	73600	34	24	1	9	8	28	16	58	0	14361831	6075	4775	148	1925	4244	4632	2536	13292	512	
FL	73800	73800	28	23	1	9	9	29	14	64	0	14332488	6075	4775	148	1925	4244	4632	2536	13292	512	
FL	74000	74000	22	22	2	7	9	31	13	65	0	14304287	6075	4775	148	1925	4244	4632	2536	13292	512	
FL	74200	74200	27	20	2	8	14	30	12	65	1	14277423	6075	4775	148	1925	4244	4632	2536	13292	512	
FL	74400	74400	31	22	2	9	13	30	12	67	1	14250620	6075	4775	148	1925	4244	4632	2536	13292	512	
FL	74600	74600	30	24	2	10	15	29	10	63	1	14222989	6075	4775	148	1925	4244	4632	2536	13292	512	
FL	74800	74800	35	24	2	11	13	32	6	54	1	14195400	6075	4775	148	1925	4244	4632	2536	13292	512	
FL	75000	75000	39	27	1	12	17	31	7	55	1	14168155	6075	4775	148	1925	4244	4632	2536	13292	512	
FL	75200	75200	39	28	1	11	21	32	7	54	1	14141785	6075	4775	148	1925	4244	4632	2536	13292	512	
FL	75400	75400	41	24	1	11	18	27	9	54	2	14115809	6075	4775	148	1925	4244	4632	2536	13292	512	
FL	75600	75600	43	21	1	9	17	28	11	52	1	14090337	6075	4775	148	1925	4244	4632	2536	13292	512	
FL	75800	75800	39	19	1	8	18	28	11	53	1	14063872	6075	4775	148	1925	4244	4632	2536	13292	512	
FL	76000	76000	39	20	1	8	17	24	13	49	2	14036790	6075	4775	148	1925	4244	4632	2536	13292	512	
FL	76200	76200	34	22	1	7	15	20	8	48	2	14011168	6075	4775	148	1925	4244	4632	2536	13292	512	
FL	76400	76400	29	21	1	8	12	19	10	48	2	13985124	6075	4775	148	1925	4244	4632	2536	13292	512	
FL	76600	76600	29	23	1	7	12	19	10	47	2	13959384	6075	4775	148	1925	4244	4632	2536	13292	512	
FL	76800	76800	33	25	0	8	13	17	8	45	2	13933444	6075	4775	148	1925	4244	4632	2536	13292	512	
FL	77000	77000	32	27	0	7	13	14	7	42	2	13905579	6075	4775	148	1925	4244	4632	2536	13292	512	
FL	77200	77200	33	30	0	7	12	18	8	42	1	13878994	6075	4775	148	1925	4244	4632	2536	13292	512	
FL	77400	77400	32	28	0	9	8	16	8	49	1	13853107	6075	4775	148	1925	4244	4632	2536	13292	512	
FL	77600	77600	33	27	0	9	7	21	7	46	1	13827242	6075	4775	148	1925	4244	4632	2536	13292	512	
FL	77800	77800	32	25	1	9	8	21	8	47	1	13800631	6075	4775	148	1925	4244	4632	2536	13292	512	
FL	78000	78000	32	21	1	9	8	23	10	48	1	13773700	6075	4775	148	1925	4244	4632	2536	13292	512	
FL	78200	78200	29	21	1	9	7	24	11	51	1	13747327	6075	4775	148	1925	4244	4632	2536	13292	512	
FL	78400	78400	31	21	1	8	6	24	15	52	1	13720453	6075	4775	148	1925	4244	4632	2536	13292	512	
FL	78600	78600	29	18	1	8	5	25	16	52	2	13693856	6075	4775	148	1925	4244	4632	2536	13292	512	
FL	78800	78800	28	20	1	9	6	23	16	52	3	13668309	6075	4775	148	1925	4244	4632	2536	13292	512	
FL	79000	79000	24	22	1	8	6	23	15	50	3	13643393	6075	4775	148	1925	4244	4632	2536	13292	512	
FL	79200	79200	26	21	1	9	8	24	14	51	3	13618437	6075	4775	148	1925	4244	4632	2536	13292	512	
FL	79400	79400	26	22	0	9	6	23	15	57	3	13594776	6075	4775	148	1925	4244	4632	2536	13292	512	
FL	79600	79600	25	21	0	9	8	25	15	59	3	13570366	6075	4775	148	1925	4244	4632	2536	13292	512	
FL	79800	79800	26	23	0	9	9	24	15	53	3	13546210	6075	4775	148	1925	4244	4632	2536	13292	512	
FL	80000	80000	30	24	0	11	10	24	14	50	4	13522616	6075	4775	148	1925	4244	4632	2536	13292	512	
FL	80200	80200	32	25	0	13	9	22	15	51	4	13497600	6075	4775	148	1925	4244	4632	2536	13292	512	
FL	80400	80400	32	25	0	14	8	23	14	46	4	13472183	6075	4775	148	1925	4244	4632	2536	13292	512	
FL	80600	80600	35	26	0	12	8	24	14	43	4	13446827	6075	4775	148	1925	4244	4632	2536	13292	512	
FL	80800	80800	37	27	0	10	9	26	11	43	3	13421641	6075	4775	148	1925	4244	4632	2536	13292	512	
FL	81000	81000	37	19	0	9	11	27	11	46	2	13395297	6075	4775	148	1925	4244	4632	2536	13292	512	
FL	81200	81200	35	17	0	7	9	28	11	49	1	13368770	6075	4775	148	1925	4244	4632	2536	13292	512	
FL	81400	81400	31	18	0	7	8	24	12	45	1	13342806	6075	4775	148	1925	4244	4632	2536	13292	512	
FL	81600	81600	29	17	0	7	9	24	11	45	1	13316749	6075	4775	148	1925	4244	4632	2536	13292	512	
FL	81800	81800	30	15	0	8	9	21	11	39	1	13290926	6075	4775	148	1925	4244	4632	2536	13292	512	
FL	82000	82000	30	16	0	8	8	21	11	39	1	13265284	6075	4775	148	1925	4244	4632	2536	13292	512	
FL	82200	82200	26	20	0	7	8	21	10	35	1	13238426	6075	4775	148	1925	4244	4632	2536	13292	512	
FL	82400	82400	25	22	0	5	9	18	11	35	1	13211517	6075	4775	148	1925	4244	4632	2536	13292	512	
FL	82600	82600	22	24	0	4	9	16	12	39	2	13185104	6075	4775	148	1925	4244	4632	2536	13292	512	
FL	82800	82800	24	23	0	5	10	16	12	39	2	13158996	6075	4775	148	1925	4244	4632	2536	13292	512	
FL	83000	83000	22	23	0	6	10	17	13	42	2	13132414	6075	4775	148	1925	4244	4632	2536	13292	512	
FL	83200	83200	22	26	0	5	10	15	14	44	2	13105505	6075	4775	148	1925	4244	4632	2536	13292	512	
FL	83400	83400	20	27	0	4	8	19	14	47	2	13077745	6075	4775	148	1925	4244	4632	2536	13292	512	
FL	83600	83600	22	28	0	6	9	20	14	51	0	13049215	6075	4775	148	1925	4244	4632	2536	13292	512	
FL	83800	83800	25	25	0	5	9	18	13	51	0	13019876	6075	4775	148	1925	4244	4632	2536	13292	512	
FL	84000	84000	27	25	0	4	10	20	14	52	1	12991940	6075	4775	148	1925	4244	4632	2536	13292	512	
FL	84200	84200	27	24	0	4	13	20	13	53	2	12964897	6075	4775	148	1925	4244	4632	2536	13292	512	
FL	84400	84400	26	25	0	4	15	22	12	50	2	12938706	6075	4775	148	1925	4244	4632	2536	13292	512	
FL	84600	84600	29	23	0	3	12	23	13	51	2	12912791	6075	4775	148	1925	4244	4632	2536	13292	512	
FL	84800	84800	30	23	0	5	12	25	11	54	2	12886660	6075	4775	148	1925	4244	4632	2536	13292	512	
FL	85000	85000	31	20	0	4	12	25	10	55	2	12860429	6075	4775	148	1925	4244	4632	2536	13292	512	
FL	85200	85200	31	17	0	6	13	23	10	54	2	12834992	6075	4775	148	1925	4244	4632	2536	13292	512	
FL	85400	85400	30	18	0	7	11	24	8	54	2	12808412	6075	4775	148	1925	4244	4632	2536	13292	512	
FL	85600	85600	28	20	0	7	9	28	9	53	2	12780453	6075	4775	148	1925	4244	4632	2536	13292	512	
FL	85800	85800	29	20	0	8	9	29	10	56	2	12753219	6075	4775	148	1925	4244	4632	2536	13292	512	
FL	86000	86000	28	19	0	9	10	29	12	56	2	12727121	6075	4775	148	1925	4244	4632	2536	13292	512	
FL	86200	86200	29	16	0	9	9	27	13	54	1	12700364	6075	4775	148	1925	4244	4632	2536	13292	512	
FL	86400	86400	30	15	0	9	9	24	15	51	2	12673530	6075	4775	148	1925	4244	4632	2536	13292	512	
FL	86600	86600	34	16	0	8	8	22	16	50	2	12646545	6075	4775	148	1925	4244	4632	2536	13292	512	
FL	86800	86800	35	16	0	9	8	19	17	54	1	12620056	6075	4775	148	1925	4244	4632	2536	13292	512	
FL	87000	87000	37	15	1	12	8	17	16	53	1	12592936	6075	4775	148	1925	4244	4632	2536	13292	512	
FL	87200	87200	32	18	1	13	8	17	15	51	2	12566856	6075	4775	148	1925	4244	4632	2536	13292	512	
FL	87400	87400	28	18	1	12	7	18	15	49	2	12541034	6075	4775	148	1925	4244	4632	2536	13292	512	
FL	87600	87600	33	20	0	11	5	17	14	53	1	12515682	6075	4775	148	1925	4244	4632	2536	13292	512	
FL	87800	87800	38	19	0	10	5	17	12	49	1	12490752	6075	4775	148	1925	4244	4632	2536	13292	512	
FL	88000	88000	38	15	0	10	9	17	13	49	1	12467277	6075	4775	148	1925	4244	4632	2536	13292	512	
FL	88200	88200	35	14	0	6	12	16	14	49	1	12444613	6075	4775	148	1925	4244	4632	2536	13292	512	
FL	88400	88400	34	15	0	6	12	16	15	46	1	12421350	6075	4775	148	1925	4244	4632	2536	13292	512	
FL	88600	88600	35	17	0	5	13	15	13	45	2	12397594	6075	4775	148	1925	4244	4632	2536	13292	512	
FL	88800	88800	35	15	0	4	12	12	12	46	2	12373426	6075	4775	148	1925	4244	4632	2536	13292	512	
FL	89000	89000	32	15	0	6	15	14	12	47	1	12349892	6075	4775	148	1925	4244	4632	2536	13292	512	
FL	89200	89200	31	18	0	5	15	13	11	43	1	12327261	6075	4775	148	1925	4244	4632	2536	13292	512	
FL	89400	89400	29	20	0	7	16	11	10	42	1	12304304	6075	4775	148	1925	4244	4632	2536	13292	512	
FL	89600	89600	29	21	0	7	13	13	9	39	1	12280662	6075	4775	148	1925	4244	4632	2536	13292	512	
FL	89800	89800	34	20	0	7	12	16	7	43	1	12256855	6075	4775	148	1925	4244	4632	2536	13292	512	
FL	90000	90000	30	20	0	6	15	18	10	46	0	12231578	6075	4775	148	1925	4244	4632	2536	13292	512	
FL	90200	90200	30	23	0	7	15	19	9	44	0	12204689	6075	4775	148	1925	4244	4632	2536	13292	512	
FL	90400	90400	32	23	0	7	14	19	9	45	0	12177450	6075	4775	148	1925	4244	4632	2536	13292	512	
FL	90600	90600	31	24	0	7	13	17	8	46	0	12151260	6075	4775	148	1925	4244	4632	2536	13292	512	
FL	90800	90800	28	22	0	10	14	17	7	52	1	12127705	6075	4775	148	1925	4244	4632	2536	13292	512	
FL	91000	91000	29	22	0	10	15	16	8	53	1	12106001	6075	4775	148	1925	4244	4632	2536	13292	512	
FL	91200	91200	29	23	0	9	14	17	9	53	1	12084333	6075	4775	148	1925	4244	4632	2536	13292	512	
FL	91400	91400	28	25	0	9	11	15	8	50	2	12062377	6075	4775	148	1925	4244	4632	2536	13292	512	
FL	91600	91600	27	23	0	8	10	16	6	51	2	12040163	6075	4775	148	1925	4244	4632	2536	13292	512	
FL	91800	91800	26	24	0	7	11	17	5	48	1	12016834	6075	4775	148	1925	4244	4632	2536	13292	512	
FL	92000	92000	28	25	0	4	10	16	4	51	1	11993296	6075	4775	148	1925	4244	4632	2536	13292	512	
FL	92200	92200	28	26	0	5	11	16	5	51	1	11970289	6075	4775	148	1925	4244	4632	2536	13292	512	
FL	92400	92400	29	24	0	5	12	16	6	49	1	11947737	6075	4775	148	1925	4244	4632	2536	13292	512	
FL	92600	92600	25	26	0	4	14	16	8	45	1	11924509	6075	4775	148	1925	4244	4632	2536	13292	512	
FL	92800	92800	24	27	0	3	16	15	8	49	1	11901532	6075	4775	148	1925	4244	4632	2536	13292	512	
FL	93000	93000	23	27	0	4	15	16	9	51	1	11878442	6075	4775	148	1925	4244	4632	2536	13292	512	
FL	93200	93200	23	26	0	4	13	16	8	50	0	11855364	6075	4775	148	1925	4244	4632	2536	13292	512	
FL	93400	93400	22	22	0	4	12	17	8	48	0	11832378	6075	4775	148	1925	4244	4632	2536	13292	512	
FL	93600	93600	19	23	0	5	14	17	8	41	0	11808158	6075	4775	148	1925	4244	4632	2536	13292	512	
FL	93800	93800	17	18	0	7	17	17	8	46	0	11783669	6075	4775	148	1925	4244	4632	2536	13292	512	
FL	94000	94000	14	19	0	6	19	19	9	51	0	11759293	6075	4775	148	1925	4244	4632	2536	13292	512	
FL	94200	94200	16	18	0	5	21	23	8	48	0	11735186	6075	4775	148	1925	4244	4632	2536	13292	512	
FL	94400	94400	15	18	0	7	19	19	9	47	0	11711248	6075	4775	148	1925	4244	4632	2536	13292	512	
FL	94600	94600	15	17	1	6	16	19	11	43	0	11688306	6075	4775	148	1925	4244	4632	2536	13292	512	
FL	94800	94800	15	18	1	6	17	17	12	42	0	11664636	6075	4775	148	1925	4244	4632	2536	13292	512	
FL	95000	95000	19	17	1	5	16	18	9	44	0	11640284	6075	4775	148	1925	4244	4632	2536	13292	512	
FL	95200	95200	23	18	1	4	14	19	9	43	0	11614534	6075	4775	148	1925	4244	4632	2536	13292	512	
FL	95400	95400	26	18	1	4	13	22	11	43	0	11587574	6075	4775	148	1925	4244	4632	2536	13292	512	
FL	95600	95600	31	20	1	4	12	21	11	41	0	11561803	6075	4775	148	1925	4244	4632	2536	13292	512	
FL	95800	95800	30	20	1	4	13	18	10	42	0	11536710	6075	4775	148	1925	4244	4632	2536	13292	512	
FL	96000	96000	27	18	1	2	13	14	9	38	0	11513681	6075	4775	148	1925	4244	4632	2536	13292	512	
FL	96200	96200	26	18	1	2	14	14	9	40	0	11490915	6075	4775	148	1925	4244	4632	2536	13292	512	
FL	96400	96400	22	19	1	3	12	12	11	38	0	11468134	6075	4775	148	1925	4244	4632	2536	13292	512	
FL	96600	96600	22	17	1	3	11	13	11	35	1	11445977	6075	4775	148	1925	4244	4632	2536	13292	512	
FL	96800	96800	24	16	1	2	11	13	12	37	1	11424238	6075	4775	148	1925	4244	4632	2536	13292	512	
FL	97000	97000	26	17	1	3	11	17	11	35	1	11403117	6075	4775	148	1925	4244	4632	2536	13292	512	
FL	97200	97200	24	18	2	4	10	18	10	37	1	11381421	6075	4775	148	1925	4244	4632	2536	13292	512	
FL	97400	97400	28	19	2	4	9	18	10	37	1	11360102	6075	4775	148	1925	4244	4632	2536	13292	512	
FL	97600	97600	26	18	2	3	9	23	8	34	1	11338604	6075	4775	148	1925	4244	4632	2536	13292	512	
FL	97800	97800	25	20	2	3	9	20	7	31	1	11315771	6075	4775	148	1925	4244	4632	2536	13292	512	
FL	98000	98000	26	19	1	4	9	19	9	31	1	11292571	6075	4775	148	1925	4244	4632	2536	13292	512	
FL	98200	98200	26	18	1	4	9	17	9	28	3	11270338	6075	4775	148	1925	4244	4632	2536	13292	512	
FL	98400	98400	23	16	1	4	12	17	9	33	3	11248861	6075	4775	148	1925	4244	4632	2536	13292	512	
FL	98600	98600	20	15	1	2	14	18	7	36	3	11226365	6075	4775	148	1925	4244	4632	2536	13292	512	
FL	98800	98800	18	18	0	4	16	20	5	37	3	11203504	6075	4775	148	1925	4244	4632	2536	13292	512	
FL	99000	99000	22	16	0	5	15	20	5	40	2	11180523	6075	4775	148	1925	4244	4632	2536	13292	512	
FL	99200	99200	21	16	0	6	13	16	5	44	1	11157404	6075	4775	148	1925	4244	4632	2536	13292	512	
FL	99400	99400	16	17	0	6	13	17	5	44	2	11134555	6075	4775	148	1925	4244	4632	2536	13292	512	
FL	99600	99600	15	15	0	6	11	19	5	45	3	11112733	6075	4775	148	1925	4244	4632	2536	13292	512	
FL	99800	99800	18	14	0	5	11	18	6	44	3	11091329	6075	4775	148	1925	4244	4632	2536	13292	512	
FL	100000	100000	21	17	0	5	9	20	7	43	2	11070836	6075	4775	148	1925	4244	4632	2536	13292	512	
