DHL	0	0	351	698	36	219	405	500	249	0	137	51323255	1810	2357	1241	2216	9263	7013	7501	5032	
DHL	-200	-200	344	681	35	220	402	496	241	0	139	51068362	1810	2357	1241	2216	9263	7013	7501	5032	
DHL	-400	-400	325	665	34	217	394	484	236	0	140	50444241	1810	2357	1241	2216	9263	7013	7501	5032	
DHL	-600	-600	317	635	33	212	384	484	228	0	126	49761675	1810	2357	1241	2216	9263	7013	7501	5032	
DHL	-800	-800	302	609	32	201	365	473	219	0	123	49104718	1810	2357	1241	2216	9263	7013	7501	5032	
DHL	-1000	-1000	289	588	26	189	363	450	211	0	115	48502059	1810	2357	1241	2216	9263	7013	7501	5032	
DHL	-1200	-1200	277	543	25	178	355	424	197	0	112	47945197	1810	2357	1241	2216	9263	7013	7501	5032	
DHL	-1400	-1400	265	509	22	166	349	385	189	0	110	47432539	1810	2357	1241	2216	9263	7013	7501	5032	
DHL	-1600	-1600	250	484	19	150	325	354	179	0	96	46950930	1810	2357	1241	2216	9263	7013	7501	5032	
DHL	-1800	-1800	227	450	16	146	313	329	174	0	91	46492851	1810	2357	1241	2216	9263	7013	7501	5032	
DHL	-2000	-2000	222	426	19	143	302	306	163	0	87	46058946	1810	2357	1241	2216	9263	7013	7501	5032	
DHL	-2200	-2200	212	391	18	133	278	285	155	0	83	45643929	1810	2357	1241	2216	9263	7013	7501	5032	
DHL	-2400	-2400	197	360	18	127	258	271	157	0	74	45247930	1810	2357	1241	2216	9263	7013	7501	5032	
DHL	-2600	-2600	184	334	19	118	232	252	157	0	70	44870465	1810	2357	1241	2216	9263	7013	7501	5032	
DHL	-2800	-2800	178	315	21	108	217	239	156	0	64	44507244	1810	2357	1241	2216	9263	7013	7501	5032	
DHL	-3000	-3000	170	303	25	92	207	212	149	0	62	44154815	1810	2357	1241	2216	9263	7013	7501	5032	
DHL	-3200	-3200	160	273	22	85	203	196	139	0	60	43811070	1810	2357	1241	2216	9263	7013	7501	5032	
DHL	-3400	-3400	152	261	22	76	185	176	133	0	56	43475867	1810	2357	1241	2216	9263	7013	7501	5032	
DHL	-3600	-3600	149	233	18	74	174	176	126	0	60	43153811	1810	2357	1241	2216	9263	7013	7501	5032	
DHL	-3800	-3800	144	222	15	80	175	164	124	0	59	42838931	1810	2357	1241	2216	9263	7013	7501	5032	
DHL	-4000	-4000	134	211	13	83	166	146	104	0	52	42532291	1810	2357	1241	2216	9263	7013	7501	5032	
DHL	-4200	-4200	120	207	16	80	154	139	95	0	52	42239053	1810	2357	1241	2216	9263	7013	7501	5032	
DHL	-4400	-4400	113	198	17	79	144	127	89	0	50	41953796	1810	2357	1241	2216	9263	7013	7501	5032	
DHL	-4600	-4600	115	194	17	74	147	120	85	0	51	41669833	1810	2357	1241	2216	9263	7013	7501	5032	
DHL	-4800	-4800	107	182	16	70	135	118	82	0	48	41390446	1810	2357	1241	2216	9263	7013	7501	5032	
DHL	-5000	-5000	100	181	15	64	120	106	83	0	47	41119102	1810	2357	1241	2216	9263	7013	7501	5032	
DHL	-5200	-5200	93	172	16	60	113	98	81	0	45	40855538	1810	2357	1241	2216	9263	7013	7501	5032	
DHL	-5400	-5400	90	160	16	56	118	95	86	0	43	40596996	1810	2357	1241	2216	9263	7013	7501	5032	
DHL	-5600	-5600	86	140	16	47	116	98	89	0	42	40344012	1810	2357	1241	2216	9263	7013	7501	5032	
DHL	-5800	-5800	81	134	15	42	116	98	85	0	37	40099768	1810	2357	1241	2216	9263	7013	7501	5032	
DHL	-6000	-6000	76	131	17	39	116	99	78	0	31	39863780	1810	2357	1241	2216	9263	7013	7501	5032	
DHL	-6200	-6200	74	117	20	41	118	101	79	0	31	39634970	1810	2357	1241	2216	9263	7013	7501	5032	
DHL	-6400	-6400	73	117	19	44	120	101	74	0	36	39408240	1810	2357	1241	2216	9263	7013	7501	5032	
DHL	-6600	-6600	72	117	20	46	122	101	73	0	38	39184799	1810	2357	1241	2216	9263	7013	7501	5032	
DHL	-6800	-6800	70	112	17	42	124	101	73	0	37	38968264	1810	2357	1241	2216	9263	7013	7501	5032	
DHL	-7000	-7000	69	112	16	38	125	100	78	0	36	38756742	1810	2357	1241	2216	9263	7013	7501	5032	
DHL	-7200	-7200	66	113	20	38	114	107	77	0	39	38548750	1810	2357	1241	2216	9263	7013	7501	5032	
DHL	-7400	-7400	67	118	19	38	110	113	75	0	37	38346778	1810	2357	1241	2216	9263	7013	7501	5032	
DHL	-7600	-7600	61	114	16	39	113	99	74	0	36	38149362	1810	2357	1241	2216	9263	7013	7501	5032	
DHL	-7800	-7800	60	109	15	39	112	97	74	0	38	37957102	1810	2357	1241	2216	9263	7013	7501	5032	
DHL	-8000	-8000	61	104	16	36	101	93	68	0	37	37763244	1810	2357	1241	2216	9263	7013	7501	5032	
DHL	-8200	-8200	59	95	14	33	95	103	75	0	35	37570647	1810	2357	1241	2216	9263	7013	7501	5032	
DHL	-8400	-8400	57	86	14	33	93	100	73	0	37	37380366	1810	2357	1241	2216	9263	7013	7501	5032	
DHL	-8600	-8600	55	79	14	33	90	97	74	0	44	37194540	1810	2357	1241	2216	9263	7013	7501	5032	
DHL	-8800	-8800	55	77	16	33	91	93	78	0	47	37009934	1810	2357	1241	2216	9263	7013	7501	5032	
DHL	-9000	-9000	53	74	19	32	84	89	72	0	49	36825111	1810	2357	1241	2216	9263	7013	7501	5032	
DHL	-9200	-9200	48	74	17	35	77	90	72	0	47	36645367	1810	2357	1241	2216	9263	7013	7501	5032	
DHL	-9400	-9400	47	74	17	36	77	89	78	0	46	36466916	1810	2357	1241	2216	9263	7013	7501	5032	
DHL	-9600	-9600	49	68	17	35	75	88	74	0	43	36291217	1810	2357	1241	2216	9263	7013	7501	5032	
DHL	-9800	-9800	48	65	17	31	82	81	72	0	45	36117343	1810	2357	1241	2216	9263	7013	7501	5032	
DHL	-10000	-10000	46	56	18	29	74	84	72	0	43	35945526	1810	2357	1241	2216	9263	7013	7501	5032	
DHL	-10200	-10200	51	57	17	28	76	80	69	0	39	35775437	1810	2357	1241	2216	9263	7013	7501	5032	
DHL	-10400	-10400	56	52	16	28	71	79	72	0	35	35607743	1810	2357	1241	2216	9263	7013	7501	5032	
DHL	-10600	-10600	54	55	17	30	72	74	75	0	33	35441320	1810	2357	1241	2216	9263	7013	7501	5032	
DHL	-10800	-10800	52	51	15	30	72	74	77	0	32	35278675	1810	2357	1241	2216	9263	7013	7501	5032	
DHL	-11000	-11000	55	48	14	31	71	68	76	0	33	35119219	1810	2357	1241	2216	9263	7013	7501	5032	
DHL	-11200	-11200	54	51	15	36	75	69	75	0	34	34962184	1810	2357	1241	2216	9263	7013	7501	5032	
DHL	-11400	-11400	48	49	17	31	76	69	81	0	35	34807011	1810	2357	1241	2216	9263	7013	7501	5032	
DHL	-11600	-11600	44	47	15	30	72	63	79	0	35	34653333	1810	2357	1241	2216	9263	7013	7501	5032	
DHL	-11800	-11800	48	47	14	29	66	65	80	0	36	34501484	1810	2357	1241	2216	9263	7013	7501	5032	
DHL	-12000	-12000	50	47	13	30	64	63	77	0	33	34353804	1810	2357	1241	2216	9263	7013	7501	5032	
DHL	-12200	-12200	49	49	13	27	58	64	76	0	38	34207282	1810	2357	1241	2216	9263	7013	7501	5032	
DHL	-12400	-12400	45	48	14	27	63	61	69	0	39	34063509	1810	2357	1241	2216	9263	7013	7501	5032	
DHL	-12600	-12600	45	51	15	28	64	64	66	0	41	33917724	1810	2357	1241	2216	9263	7013	7501	5032	
DHL	-12800	-12800	44	48	16	27	68	64	64	0	37	33772514	1810	2357	1241	2216	9263	7013	7501	5032	
DHL	-13000	-13000	44	54	13	25	62	63	66	0	33	33628144	1810	2357	1241	2216	9263	7013	7501	5032	
DHL	-13200	-13200	41	52	13	24	62	69	70	0	33	33485880	1810	2357	1241	2216	9263	7013	7501	5032	
DHL	-13400	-13400	41	50	15	22	60	69	76	0	31	33342289	1810	2357	1241	2216	9263	7013	7501	5032	
DHL	-13600	-13600	43	48	15	20	56	71	74	0	34	33198367	1810	2357	1241	2216	9263	7013	7501	5032	
DHL	-13800	-13800	37	46	16	21	54	73	72	0	33	33056740	1810	2357	1241	2216	9263	7013	7501	5032	
DHL	-14000	-14000	37	44	15	23	53	69	72	0	30	32918207	1810	2357	1241	2216	9263	7013	7501	5032	
DHL	-14200	-14200	35	40	16	21	52	68	77	0	34	32781418	1810	2357	1241	2216	9263	7013	7501	5032	
DHL	-14400	-14400	30	40	15	18	51	70	78	0	30	32648280	1810	2357	1241	2216	9263	7013	7501	5032	
DHL	-14600	-14600	26	35	14	20	48	68	79	0	30	32516775	1810	2357	1241	2216	9263	7013	7501	5032	
DHL	-14800	-14800	26	36	14	16	49	62	71	0	33	32388903	1810	2357	1241	2216	9263	7013	7501	5032	
DHL	-15000	-15000	25	34	13	19	49	60	79	0	31	32263542	1810	2357	1241	2216	9263	7013	7501	5032	
DHL	-15200	-15200	26	32	14	18	48	63	76	0	33	32139681	1810	2357	1241	2216	9263	7013	7501	5032	
DHL	-15400	-15400	29	30	15	19	50	57	78	0	36	32013318	1810	2357	1241	2216	9263	7013	7501	5032	
DHL	-15600	-15600	27	29	13	19	48	60	75	0	36	31889268	1810	2357	1241	2216	9263	7013	7501	5032	
DHL	-15800	-15800	23	31	11	17	50	61	73	0	32	31766641	1810	2357	1241	2216	9263	7013	7501	5032	
DHL	-16000	-16000	26	35	11	18	46	57	77	0	30	31640305	1810	2357	1241	2216	9263	7013	7501	5032	
DHL	-16200	-16200	28	32	10	21	46	58	78	0	33	31515829	1810	2357	1241	2216	9263	7013	7501	5032	
DHL	-16400	-16400	30	32	9	21	45	56	77	0	36	31394684	1810	2357	1241	2216	9263	7013	7501	5032	
DHL	-16600	-16600	25	32	8	22	46	58	70	0	33	31275764	1810	2357	1241	2216	9263	7013	7501	5032	
DHL	-16800	-16800	19	33	8	24	42	58	74	0	34	31158118	1810	2357	1241	2216	9263	7013	7501	5032	
DHL	-17000	-17000	19	30	8	24	45	59	72	0	34	31040127	1810	2357	1241	2216	9263	7013	7501	5032	
DHL	-17200	-17200	20	29	9	24	47	59	70	0	32	30922213	1810	2357	1241	2216	9263	7013	7501	5032	
DHL	-17400	-17400	20	29	9	23	50	59	63	0	32	30802501	1810	2357	1241	2216	9263	7013	7501	5032	
DHL	-17600	-17600	21	25	8	21	52	58	60	0	27	30682570	1810	2357	1241	2216	9263	7013	7501	5032	
DHL	-17800	-17800	20	23	7	18	52	56	60	0	27	30562978	1810	2357	1241	2216	9263	7013	7501	5032	
DHL	-18000	-18000	19	23	6	16	52	55	60	0	28	30444794	1810	2357	1241	2216	9263	7013	7501	5032	
DHL	-18200	-18200	20	21	8	21	54	56	63	0	26	30326092	1810	2357	1241	2216	9263	7013	7501	5032	
DHL	-18400	-18400	23	23	8	21	56	55	64	0	26	30211271	1810	2357	1241	2216	9263	7013	7501	5032	
DHL	-18600	-18600	25	28	8	19	57	57	70	0	28	30097130	1810	2357	1241	2216	9263	7013	7501	5032	
DHL	-18800	-18800	22	31	8	20	58	59	67	0	27	29983600	1810	2357	1241	2216	9263	7013	7501	5032	
DHL	-19000	-19000	22	32	8	20	54	64	67	0	28	29875809	1810	2357	1241	2216	9263	7013	7501	5032	
DHL	-19200	-19200	22	30	8	20	55	65	67	0	28	29768719	1810	2357	1241	2216	9263	7013	7501	5032	
DHL	-19400	-19400	20	29	8	22	52	65	75	0	26	29659425	1810	2357	1241	2216	9263	7013	7501	5032	
DHL	-19600	-19600	17	28	8	22	47	65	74	0	23	29548075	1810	2357	1241	2216	9263	7013	7501	5032	
DHL	-19800	-19800	13	28	8	23	48	60	70	0	25	29433159	1810	2357	1241	2216	9263	7013	7501	5032	
DHL	-20000	-20000	15	25	9	23	43	58	74	0	29	29315895	1810	2357	1241	2216	9263	7013	7501	5032	
DHL	-20200	-20200	14	26	9	27	43	58	77	0	31	29199522	1810	2357	1241	2216	9263	7013	7501	5032	
DHL	-20400	-20400	15	28	10	28	43	56	72	0	31	29086105	1810	2357	1241	2216	9263	7013	7501	5032	
DHL	-20600	-20600	13	27	8	30	51	61	70	0	31	28974017	1810	2357	1241	2216	9263	7013	7501	5032	
DHL	-20800	-20800	11	31	6	31	52	54	70	0	28	28863998	1810	2357	1241	2216	9263	7013	7501	5032	
DHL	-21000	-21000	12	29	7	34	62	53	73	0	26	28754968	1810	2357	1241	2216	9263	7013	7501	5032	
DHL	-21200	-21200	14	28	6	29	56	51	72	0	25	28648422	1810	2357	1241	2216	9263	7013	7501	5032	
DHL	-21400	-21400	15	28	5	27	64	48	66	0	25	28545091	1810	2357	1241	2216	9263	7013	7501	5032	
DHL	-21600	-21600	18	28	7	25	67	52	69	0	26	28443699	1810	2357	1241	2216	9263	7013	7501	5032	
DHL	-21800	-21800	17	31	7	25	69	50	66	0	29	28345653	1810	2357	1241	2216	9263	7013	7501	5032	
DHL	-22000	-22000	16	32	6	23	65	48	71	0	31	28247841	1810	2357	1241	2216	9263	7013	7501	5032	
DHL	-22200	-22200	18	30	3	22	70	47	71	0	33	28153514	1810	2357	1241	2216	9263	7013	7501	5032	
DHL	-22400	-22400	19	35	3	23	74	45	68	0	32	28061860	1810	2357	1241	2216	9263	7013	7501	5032	
DHL	-22600	-22600	20	37	5	22	75	51	65	0	34	27970424	1810	2357	1241	2216	9263	7013	7501	5032	
DHL	-22800	-22800	20	36	6	22	70	52	63	0	33	27877653	1810	2357	1241	2216	9263	7013	7501	5032	
DHL	-23000	-23000	18	34	8	23	64	55	59	0	32	27783900	1810	2357	1241	2216	9263	7013	7501	5032	
DHL	-23200	-23200	21	33	11	18	59	51	57	0	32	27691562	1810	2357	1241	2216	9263	7013	7501	5032	
DHL	-23400	-23400	18	29	11	17	56	51	57	0	32	27599848	1810	2357	1241	2216	9263	7013	7501	5032	
DHL	-23600	-23600	17	28	11	17	58	52	60	0	28	27508287	1810	2357	1241	2216	9263	7013	7501	5032	
DHL	-23800	-23800	19	27	12	14	62	48	61	0	31	27414408	1810	2357	1241	2216	9263	7013	7501	5032	
DHL	-24000	-24000	19	24	14	15	58	51	57	0	29	27320500	1810	2357	1241	2216	9263	7013	7501	5032	
DHL	-24200	-24200	20	23	12	17	57	54	62	0	28	27228284	1810	2357	1241	2216	9263	7013	7501	5032	
DHL	-24400	-24400	20	24	14	18	58	49	59	0	26	27138167	1810	2357	1241	2216	9263	7013	7501	5032	
DHL	-24600	-24600	15	23	15	18	51	50	54	0	25	27047449	1810	2357	1241	2216	9263	7013	7501	5032	
DHL	-24800	-24800	15	22	17	17	44	55	50	0	25	26956688	1810	2357	1241	2216	9263	7013	7501	5032	
DHL	-25000	-25000	14	24	17	21	45	54	44	0	26	26867561	1810	2357	1241	2216	9263	7013	7501	5032	
DHL	-25200	-25200	14	24	18	20	48	58	48	0	30	26778753	1810	2357	1241	2216	9263	7013	7501	5032	
DHL	-25400	-25400	16	20	16	18	50	55	47	0	29	26688586	1810	2357	1241	2216	9263	7013	7501	5032	
DHL	-25600	-25600	14	18	13	15	50	56	50	0	29	26597946	1810	2357	1241	2216	9263	7013	7501	5032	
DHL	-25800	-25800	15	15	13	14	46	60	50	0	29	26504886	1810	2357	1241	2216	9263	7013	7501	5032	
DHL	-26000	-26000	16	19	13	13	46	61	53	0	26	26410600	1810	2357	1241	2216	9263	7013	7501	5032	
DHL	-26200	-26200	16	25	13	13	47	57	49	0	26	26316404	1810	2357	1241	2216	9263	7013	7501	5032	
DHL	-26400	-26400	15	24	12	14	46	51	43	0	25	26224197	1810	2357	1241	2216	9263	7013	7501	5032	
DHL	-26600	-26600	15	26	11	15	46	53	48	0	28	26131394	1810	2357	1241	2216	9263	7013	7501	5032	
DHL	-26800	-26800	15	26	15	11	47	48	48	0	28	26039335	1810	2357	1241	2216	9263	7013	7501	5032	
DHL	-27000	-27000	15	22	14	12	51	52	42	0	28	25949417	1810	2357	1241	2216	9263	7013	7501	5032	
DHL	-27200	-27200	16	22	14	11	51	47	47	0	29	25861139	1810	2357	1241	2216	9263	7013	7501	5032	
DHL	-27400	-27400	13	23	13	14	50	47	40	0	29	25772532	1810	2357	1241	2216	9263	7013	7501	5032	
DHL	-27600	-27600	13	20	16	15	44	49	42	0	30	25685879	1810	2357	1241	2216	9263	7013	7501	5032	
DHL	-27800	-27800	10	18	16	16	40	45	42	0	26	25600663	1810	2357	1241	2216	9263	7013	7501	5032	
DHL	-28000	-28000	10	18	17	15	38	44	46	0	26	25516695	1810	2357	1241	2216	9263	7013	7501	5032	
DHL	-28200	-28200	8	18	17	17	37	43	50	0	25	25432176	1810	2357	1241	2216	9263	7013	7501	5032	
DHL	-28400	-28400	8	17	15	17	37	37	47	0	23	25348395	1810	2357	1241	2216	9263	7013	7501	5032	
DHL	-28600	-28600	9	15	11	12	39	40	49	0	24	25264426	1810	2357	1241	2216	9263	7013	7501	5032	
DHL	-28800	-28800	10	16	11	13	38	42	46	0	22	25180610	1810	2357	1241	2216	9263	7013	7501	5032	
DHL	-29000	-29000	8	16	12	12	41	42	44	0	26	25098210	1810	2357	1241	2216	9263	7013	7501	5032	
DHL	-29200	-29200	8	16	15	14	42	39	43	0	27	25018780	1810	2357	1241	2216	9263	7013	7501	5032	
DHL	-29400	-29400	11	12	16	14	42	46	41	0	23	24939816	1810	2357	1241	2216	9263	7013	7501	5032	
DHL	-29600	-29600	10	14	15	13	43	45	40	0	24	24859959	1810	2357	1241	2216	9263	7013	7501	5032	
DHL	-29800	-29800	11	14	15	11	43	48	42	0	25	24780304	1810	2357	1241	2216	9263	7013	7501	5032	
DHL	-30000	-30000	10	11	16	12	41	47	46	0	25	24699202	1810	2357	1241	2216	9263	7013	7501	5032	
DHL	-30200	-30200	10	12	13	12	41	46	48	0	27	24618338	1810	2357	1241	2216	9263	7013	7501	5032	
DHL	-30400	-30400	10	15	12	17	40	45	51	0	23	24535184	1810	2357	1241	2216	9263	7013	7501	5032	
DHL	-30600	-30600	12	16	9	19	40	43	55	0	24	24454183	1810	2357	1241	2216	9263	7013	7501	5032	
DHL	-30800	-30800	13	17	9	21	40	48	58	0	24	24375689	1810	2357	1241	2216	9263	7013	7501	5032	
DHL	-31000	-31000	14	21	8	22	39	46	60	0	27	24297725	1810	2357	1241	2216	9263	7013	7501	5032	
DHL	-31200	-31200	15	22	4	22	43	45	60	0	27	24220899	1810	2357	1241	2216	9263	7013	7501	5032	
DHL	-31400	-31400	15	23	4	21	47	44	57	0	27	24144828	1810	2357	1241	2216	9263	7013	7501	5032	
DHL	-31600	-31600	16	23	4	19	40	42	56	0	27	24069268	1810	2357	1241	2216	9263	7013	7501	5032	
DHL	-31800	-31800	13	22	5	17	42	41	63	0	27	23996021	1810	2357	1241	2216	9263	7013	7501	5032	
DHL	-32000	-32000	10	25	6	15	42	42	63	0	27	23921290	1810	2357	1241	2216	9263	7013	7501	5032	
DHL	-32200	-32200	10	25	6	15	45	41	62	0	26	23846473	1810	2357	1241	2216	9263	7013	7501	5032	
DHL	-32400	-32400	12	23	7	14	43	37	59	0	24	23771203	1810	2357	1241	2216	9263	7013	7501	5032	
DHL	-32600	-32600	12	27	8	14	42	34	58	0	22	23695239	1810	2357	1241	2216	9263	7013	7501	5032	
DHL	-32800	-32800	7	27	8	13	36	35	57	0	23	23619070	1810	2357	1241	2216	9263	7013	7501	5032	
DHL	-33000	-33000	10	25	9	11	39	38	55	0	27	23543585	1810	2357	1241	2216	9263	7013	7501	5032	
DHL	-33200	-33200	12	23	11	13	34	39	53	0	25	23468335	1810	2357	1241	2216	9263	7013	7501	5032	
DHL	-33400	-33400	12	21	9	13	31	36	50	0	24	23393842	1810	2357	1241	2216	9263	7013	7501	5032	
DHL	-33600	-33600	13	21	8	11	27	32	48	0	21	23320664	1810	2357	1241	2216	9263	7013	7501	5032	
DHL	-33800	-33800	13	20	9	9	27	31	44	0	23	23249798	1810	2357	1241	2216	9263	7013	7501	5032	
DHL	-34000	-34000	13	18	9	11	34	36	43	0	23	23180463	1810	2357	1241	2216	9263	7013	7501	5032	
DHL	-34200	-34200	13	15	9	12	31	34	41	0	24	23112323	1810	2357	1241	2216	9263	7013	7501	5032	
DHL	-34400	-34400	10	19	9	12	34	35	37	0	26	23047298	1810	2357	1241	2216	9263	7013	7501	5032	
DHL	-34600	-34600	13	19	9	13	37	33	38	0	26	22982677	1810	2357	1241	2216	9263	7013	7501	5032	
DHL	-34800	-34800	14	19	11	12	38	33	43	0	24	22914604	1810	2357	1241	2216	9263	7013	7501	5032	
DHL	-35000	-35000	14	19	11	11	38	34	39	0	25	22847302	1810	2357	1241	2216	9263	7013	7501	5032	
DHL	-35200	-35200	14	19	11	12	38	33	34	0	29	22782064	1810	2357	1241	2216	9263	7013	7501	5032	
DHL	-35400	-35400	11	18	11	11	37	31	30	0	30	22719079	1810	2357	1241	2216	9263	7013	7501	5032	
DHL	-35600	-35600	9	17	11	11	39	31	31	0	31	22657793	1810	2357	1241	2216	9263	7013	7501	5032	
DHL	-35800	-35800	7	18	11	10	40	29	30	0	26	22597299	1810	2357	1241	2216	9263	7013	7501	5032	
DHL	-36000	-36000	6	17	11	9	43	35	32	0	25	22535488	1810	2357	1241	2216	9263	7013	7501	5032	
DHL	-36200	-36200	8	16	10	10	41	35	31	0	27	22473636	1810	2357	1241	2216	9263	7013	7501	5032	
DHL	-36400	-36400	8	15	9	11	44	34	33	0	25	22412701	1810	2357	1241	2216	9263	7013	7501	5032	
DHL	-36600	-36600	7	17	9	9	42	34	34	0	25	22351441	1810	2357	1241	2216	9263	7013	7501	5032	
DHL	-36800	-36800	8	18	8	9	42	33	33	0	24	22288666	1810	2357	1241	2216	9263	7013	7501	5032	
DHL	-37000	-37000	8	16	8	10	41	32	32	0	23	22224038	1810	2357	1241	2216	9263	7013	7501	5032	
DHL	-37200	-37200	9	15	8	8	41	29	30	0	25	22161270	1810	2357	1241	2216	9263	7013	7501	5032	
DHL	-37400	-37400	10	12	8	7	41	29	28	0	25	22099702	1810	2357	1241	2216	9263	7013	7501	5032	
DHL	-37600	-37600	11	13	7	7	44	30	26	0	27	22038597	1810	2357	1241	2216	9263	7013	7501	5032	
DHL	-37800	-37800	12	12	6	6	44	28	29	0	28	21978079	1810	2357	1241	2216	9263	7013	7501	5032	
DHL	-38000	-38000	12	11	8	6	45	25	28	0	25	21916802	1810	2357	1241	2216	9263	7013	7501	5032	
DHL	-38200	-38200	12	12	5	6	45	27	25	0	23	21857005	1810	2357	1241	2216	9263	7013	7501	5032	
DHL	-38400	-38400	11	13	7	9	47	29	22	0	19	21798435	1810	2357	1241	2216	9263	7013	7501	5032	
DHL	-38600	-38600	12	15	7	8	51	30	26	0	20	21742121	1810	2357	1241	2216	9263	7013	7501	5032	
DHL	-38800	-38800	13	17	8	10	50	28	26	0	23	21686696	1810	2357	1241	2216	9263	7013	7501	5032	
DHL	-39000	-39000	16	17	9	10	51	31	30	0	26	21631064	1810	2357	1241	2216	9263	7013	7501	5032	
DHL	-39200	-39200	16	17	10	8	46	38	27	0	28	21573835	1810	2357	1241	2216	9263	7013	7501	5032	
DHL	-39400	-39400	15	18	10	6	43	37	29	0	27	21517846	1810	2357	1241	2216	9263	7013	7501	5032	
DHL	-39600	-39600	12	19	10	5	46	38	24	0	25	21461706	1810	2357	1241	2216	9263	7013	7501	5032	
DHL	-39800	-39800	12	19	10	5	46	36	27	0	25	21402981	1810	2357	1241	2216	9263	7013	7501	5032	
DHL	-40000	-40000	13	17	11	4	46	33	29	0	25	21343580	1810	2357	1241	2216	9263	7013	7501	5032	
DHL	-40200	-40200	11	17	8	9	47	34	28	0	27	21283126	1810	2357	1241	2216	9263	7013	7501	5032	
DHL	-40400	-40400	13	14	6	11	46	35	29	0	26	21223523	1810	2357	1241	2216	9263	7013	7501	5032	
DHL	-40600	-40600	13	12	6	15	46	39	32	0	23	21165459	1810	2357	1241	2216	9263	7013	7501	5032	
DHL	-40800	-40800	12	14	7	16	44	38	33	0	23	21106211	1810	2357	1241	2216	9263	7013	7501	5032	
DHL	-41000	-41000	11	13	5	15	40	35	32	0	19	21047612	1810	2357	1241	2216	9263	7013	7501	5032	
DHL	-41200	-41200	10	12	5	15	39	33	32	0	19	20989808	1810	2357	1241	2216	9263	7013	7501	5032	
DHL	-41400	-41400	10	12	5	13	39	33	28	0	17	20931928	1810	2357	1241	2216	9263	7013	7501	5032	
DHL	-41600	-41600	11	10	5	14	36	34	29	0	17	20874360	1810	2357	1241	2216	9263	7013	7501	5032	
DHL	-41800	-41800	11	8	6	13	34	33	26	0	17	20817264	1810	2357	1241	2216	9263	7013	7501	5032	
DHL	-42000	-42000	10	8	5	14	32	33	27	0	16	20761145	1810	2357	1241	2216	9263	7013	7501	5032	
DHL	-42200	-42200	11	9	4	15	31	34	30	0	14	20703125	1810	2357	1241	2216	9263	7013	7501	5032	
DHL	-42400	-42400	10	10	5	14	34	34	31	0	14	20646127	1810	2357	1241	2216	9263	7013	7501	5032	
DHL	-42600	-42600	10	9	5	16	37	31	30	0	14	20591414	1810	2357	1241	2216	9263	7013	7501	5032	
DHL	-42800	-42800	9	8	4	15	29	33	32	0	12	20537417	1810	2357	1241	2216	9263	7013	7501	5032	
DHL	-43000	-43000	10	8	5	13	30	34	34	0	13	20482664	1810	2357	1241	2216	9263	7013	7501	5032	
DHL	-43200	-43200	9	8	6	14	29	29	36	0	15	20425569	1810	2357	1241	2216	9263	7013	7501	5032	
DHL	-43400	-43400	8	12	6	15	27	31	36	0	13	20369049	1810	2357	1241	2216	9263	7013	7501	5032	
DHL	-43600	-43600	6	12	7	16	22	30	37	0	13	20313021	1810	2357	1241	2216	9263	7013	7501	5032	
DHL	-43800	-43800	5	12	6	18	23	33	37	0	13	20256151	1810	2357	1241	2216	9263	7013	7501	5032	
DHL	-44000	-44000	3	11	6	16	26	27	36	0	16	20199022	1810	2357	1241	2216	9263	7013	7501	5032	
DHL	-44200	-44200	5	10	5	14	25	26	35	0	14	20142853	1810	2357	1241	2216	9263	7013	7501	5032	
DHL	-44400	-44400	10	10	3	14	24	28	30	0	14	20087960	1810	2357	1241	2216	9263	7013	7501	5032	
DHL	-44600	-44600	11	13	5	10	25	27	26	0	14	20033556	1810	2357	1241	2216	9263	7013	7501	5032	
DHL	-44800	-44800	11	15	5	10	20	27	28	0	15	19979183	1810	2357	1241	2216	9263	7013	7501	5032	
DHL	-45000	-45000	14	15	6	9	20	29	26	0	15	19923728	1810	2357	1241	2216	9263	7013	7501	5032	
DHL	-45200	-45200	13	16	8	10	21	30	26	0	18	19868151	1810	2357	1241	2216	9263	7013	7501	5032	
DHL	-45400	-45400	12	17	6	10	23	30	29	0	17	19810384	1810	2357	1241	2216	9263	7013	7501	5032	
DHL	-45600	-45600	13	16	7	10	23	29	31	0	15	19753811	1810	2357	1241	2216	9263	7013	7501	5032	
DHL	-45800	-45800	15	14	6	10	25	30	32	0	13	19696385	1810	2357	1241	2216	9263	7013	7501	5032	
DHL	-46000	-46000	13	14	6	11	28	35	30	0	14	19638531	1810	2357	1241	2216	9263	7013	7501	5032	
DHL	-46200	-46200	13	13	5	11	27	34	35	0	13	19580326	1810	2357	1241	2216	9263	7013	7501	5032	
DHL	-46400	-46400	13	12	5	13	27	36	38	0	15	19523515	1810	2357	1241	2216	9263	7013	7501	5032	
DHL	-46600	-46600	14	13	4	14	28	36	42	0	17	19466151	1810	2357	1241	2216	9263	7013	7501	5032	
DHL	-46800	-46800	13	13	3	14	27	37	43	0	19	19408987	1810	2357	1241	2216	9263	7013	7501	5032	
DHL	-47000	-47000	12	11	6	14	26	34	35	0	20	19354102	1810	2357	1241	2216	9263	7013	7501	5032	
DHL	-47200	-47200	10	11	5	13	30	41	36	0	18	19298807	1810	2357	1241	2216	9263	7013	7501	5032	
DHL	-47400	-47400	10	15	5	14	36	43	35	0	17	19245020	1810	2357	1241	2216	9263	7013	7501	5032	
DHL	-47600	-47600	11	16	3	15	37	42	35	0	18	19192778	1810	2357	1241	2216	9263	7013	7501	5032	
DHL	-47800	-47800	11	15	3	18	35	39	31	0	17	19139540	1810	2357	1241	2216	9263	7013	7501	5032	
DHL	-48000	-48000	13	16	3	17	36	40	29	0	20	19085820	1810	2357	1241	2216	9263	7013	7501	5032	
DHL	-48200	-48200	9	17	3	17	36	37	25	0	23	19033619	1810	2357	1241	2216	9263	7013	7501	5032	
DHL	-48400	-48400	7	17	2	17	37	43	30	0	20	18982302	1810	2357	1241	2216	9263	7013	7501	5032	
DHL	-48600	-48600	7	16	2	16	38	45	32	0	22	18931070	1810	2357	1241	2216	9263	7013	7501	5032	
DHL	-48800	-48800	5	16	3	14	41	47	35	0	23	18880879	1810	2357	1241	2216	9263	7013	7501	5032	
DHL	-49000	-49000	7	16	4	14	37	43	34	0	21	18832909	1810	2357	1241	2216	9263	7013	7501	5032	
DHL	-49200	-49200	8	17	4	14	36	40	32	0	25	18784457	1810	2357	1241	2216	9263	7013	7501	5032	
DHL	-49400	-49400	8	14	4	15	35	40	31	0	26	18737624	1810	2357	1241	2216	9263	7013	7501	5032	
DHL	-49600	-49600	10	15	4	16	35	41	31	0	25	18692230	1810	2357	1241	2216	9263	7013	7501	5032	
DHL	-49800	-49800	11	13	4	14	35	39	34	0	18	18646999	1810	2357	1241	2216	9263	7013	7501	5032	
DHL	-50000	-50000	10	13	4	14	33	36	34	0	20	18600857	1810	2357	1241	2216	9263	7013	7501	5032	
DHL	-50200	-50200	11	12	5	15	31	41	35	0	19	18554537	1810	2357	1241	2216	9263	7013	7501	5032	
DHL	-50400	-50400	10	11	6	12	30	39	38	0	17	18508086	1810	2357	1241	2216	9263	7013	7501	5032	
DHL	-50600	-50600	9	10	4	14	29	34	38	0	18	18459893	1810	2357	1241	2216	9263	7013	7501	5032	
DHL	-50800	-50800	10	10	4	13	29	34	39	0	18	18412440	1810	2357	1241	2216	9263	7013	7501	5032	
DHL	-51000	-51000	10	9	5	14	32	36	42	0	18	18366492	1810	2357	1241	2216	9263	7013	7501	5032	
DHL	-51200	-51200	11	9	5	14	30	41	38	0	18	18320316	1810	2357	1241	2216	9263	7013	7501	5032	
DHL	-51400	-51400	11	9	5	16	29	37	41	0	17	18273856	1810	2357	1241	2216	9263	7013	7501	5032	
DHL	-51600	-51600	10	9	5	15	28	37	38	0	16	18222528	1810	2357	1241	2216	9263	7013	7501	5032	
DHL	-51800	-51800	9	7	5	13	31	41	38	0	14	18175562	1810	2357	1241	2216	9263	7013	7501	5032	
DHL	-52000	-52000	11	7	6	15	33	37	33	0	14	18127926	1810	2357	1241	2216	9263	7013	7501	5032	
DHL	-52200	-52200	9	5	6	14	34	37	32	0	14	18077649	1810	2357	1241	2216	9263	7013	7501	5032	
DHL	-52400	-52400	8	7	6	12	31	35	33	0	13	18027787	1810	2357	1241	2216	9263	7013	7501	5032	
DHL	-52600	-52600	8	9	6	14	33	35	34	0	12	17979434	1810	2357	1241	2216	9263	7013	7501	5032	
DHL	-52800	-52800	9	11	7	16	30	36	30	0	13	17932359	1810	2357	1241	2216	9263	7013	7501	5032	
DHL	-53000	-53000	7	12	7	14	35	36	32	0	11	17886247	1810	2357	1241	2216	9263	7013	7501	5032	
DHL	-53200	-53200	7	11	6	17	34	34	33	0	12	17839942	1810	2357	1241	2216	9263	7013	7501	5032	
DHL	-53400	-53400	10	8	7	16	35	33	35	0	14	17792796	1810	2357	1241	2216	9263	7013	7501	5032	
DHL	-53600	-53600	10	8	7	18	38	32	33	0	14	17745883	1810	2357	1241	2216	9263	7013	7501	5032	
DHL	-53800	-53800	7	7	5	16	38	32	32	0	16	17696842	1810	2357	1241	2216	9263	7013	7501	5032	
DHL	-54000	-54000	7	7	6	16	38	28	36	0	16	17646737	1810	2357	1241	2216	9263	7013	7501	5032	
DHL	-54200	-54200	7	6	6	17	38	29	35	0	17	17596650	1810	2357	1241	2216	9263	7013	7501	5032	
DHL	-54400	-54400	6	9	8	15	35	26	35	0	17	17548088	1810	2357	1241	2216	9263	7013	7501	5032	
DHL	-54600	-54600	6	9	8	14	32	26	36	0	18	17500229	1810	2357	1241	2216	9263	7013	7501	5032	
DHL	-54800	-54800	4	11	7	11	31	25	33	0	19	17455779	1810	2357	1241	2216	9263	7013	7501	5032	
DHL	-55000	-55000	3	8	3	12	31	27	31	0	20	17412452	1810	2357	1241	2216	9263	7013	7501	5032	
DHL	-55200	-55200	3	6	4	13	32	24	31	0	23	17371556	1810	2357	1241	2216	9263	7013	7501	5032	
DHL	-55400	-55400	4	8	4	16	30	23	32	0	20	17327548	1810	2357	1241	2216	9263	7013	7501	5032	
DHL	-55600	-55600	4	9	5	16	28	23	34	0	19	17284025	1810	2357	1241	2216	9263	7013	7501	5032	
DHL	-55800	-55800	6	11	5	15	28	23	31	0	21	17239799	1810	2357	1241	2216	9263	7013	7501	5032	
DHL	-56000	-56000	6	11	7	14	27	21	27	0	18	17194959	1810	2357	1241	2216	9263	7013	7501	5032	
DHL	-56200	-56200	5	10	7	13	31	21	33	0	17	17151409	1810	2357	1241	2216	9263	7013	7501	5032	
DHL	-56400	-56400	6	12	7	15	30	21	32	0	19	17108581	1810	2357	1241	2216	9263	7013	7501	5032	
DHL	-56600	-56600	6	11	5	14	30	23	33	0	20	17067521	1810	2357	1241	2216	9263	7013	7501	5032	
DHL	-56800	-56800	6	12	5	12	30	25	38	0	20	17027714	1810	2357	1241	2216	9263	7013	7501	5032	
DHL	-57000	-57000	6	12	4	11	34	24	37	0	19	16987324	1810	2357	1241	2216	9263	7013	7501	5032	
DHL	-57200	-57200	6	11	3	13	37	29	35	0	18	16946180	1810	2357	1241	2216	9263	7013	7501	5032	
DHL	-57400	-57400	6	10	2	10	32	33	38	0	24	16905615	1810	2357	1241	2216	9263	7013	7501	5032	
DHL	-57600	-57600	5	12	2	8	31	30	41	0	23	16867253	1810	2357	1241	2216	9263	7013	7501	5032	
DHL	-57800	-57800	4	13	3	7	32	31	39	0	21	16827752	1810	2357	1241	2216	9263	7013	7501	5032	
DHL	-58000	-58000	4	13	3	8	33	30	37	0	22	16787520	1810	2357	1241	2216	9263	7013	7501	5032	
DHL	-58200	-58200	6	13	4	8	24	32	34	0	18	16748657	1810	2357	1241	2216	9263	7013	7501	5032	
DHL	-58400	-58400	6	13	4	9	22	32	33	0	15	16707837	1810	2357	1241	2216	9263	7013	7501	5032	
DHL	-58600	-58600	4	13	4	8	23	32	29	0	15	16666672	1810	2357	1241	2216	9263	7013	7501	5032	
DHL	-58800	-58800	2	14	4	5	24	34	30	0	18	16624835	1810	2357	1241	2216	9263	7013	7501	5032	
DHL	-59000	-59000	2	13	3	4	25	35	27	0	18	16584051	1810	2357	1241	2216	9263	7013	7501	5032	
DHL	-59200	-59200	1	11	3	4	25	41	24	0	20	16542968	1810	2357	1241	2216	9263	7013	7501	5032	
DHL	-59400	-59400	1	11	3	5	26	39	20	0	21	16502293	1810	2357	1241	2216	9263	7013	7501	5032	
DHL	-59600	-59600	3	13	3	5	26	38	15	0	25	16460719	1810	2357	1241	2216	9263	7013	7501	5032	
DHL	-59800	-59800	3	15	4	6	25	38	17	0	23	16419178	1810	2357	1241	2216	9263	7013	7501	5032	
DHL	-60000	-60000	3	15	4	7	22	34	19	0	18	16376969	1810	2357	1241	2216	9263	7013	7501	5032	
DHL	-60200	-60200	4	14	4	9	25	40	24	0	20	16336597	1810	2357	1241	2216	9263	7013	7501	5032	
DHL	-60400	-60400	5	11	3	10	24	38	24	0	19	16297485	1810	2357	1241	2216	9263	7013	7501	5032	
DHL	-60600	-60600	6	12	2	10	21	42	24	0	21	16259025	1810	2357	1241	2216	9263	7013	7501	5032	
DHL	-60800	-60800	7	9	2	9	29	42	27	0	22	16221493	1810	2357	1241	2216	9263	7013	7501	5032	
DHL	-61000	-61000	7	8	2	10	29	46	28	0	18	16184950	1810	2357	1241	2216	9263	7013	7501	5032	
DHL	-61200	-61200	6	7	3	10	31	47	27	0	17	16149928	1810	2357	1241	2216	9263	7013	7501	5032	
DHL	-61400	-61400	4	7	4	10	32	41	29	0	15	16114515	1810	2357	1241	2216	9263	7013	7501	5032	
DHL	-61600	-61600	4	6	4	12	31	38	27	0	14	16078674	1810	2357	1241	2216	9263	7013	7501	5032	
DHL	-61800	-61800	4	7	5	11	35	40	29	0	14	16042541	1810	2357	1241	2216	9263	7013	7501	5032	
DHL	-62000	-62000	4	6	5	10	38	41	30	0	14	16005328	1810	2357	1241	2216	9263	7013	7501	5032	
DHL	-62200	-62200	3	6	6	9	35	41	29	0	13	15965543	1810	2357	1241	2216	9263	7013	7501	5032	
DHL	-62400	-62400	3	5	4	8	33	41	30	0	13	15923776	1810	2357	1241	2216	9263	7013	7501	5032	
DHL	-62600	-62600	3	6	4	8	32	43	30	0	13	15883821	1810	2357	1241	2216	9263	7013	7501	5032	
DHL	-62800	-62800	4	8	4	9	34	38	27	0	14	15844659	1810	2357	1241	2216	9263	7013	7501	5032	
DHL	-63000	-63000	4	9	6	10	35	37	27	0	17	15806658	1810	2357	1241	2216	9263	7013	7501	5032	
DHL	-63200	-63200	3	10	6	11	33	36	26	0	19	15770582	1810	2357	1241	2216	9263	7013	7501	5032	
DHL	-63400	-63400	5	12	4	10	33	34	25	0	19	15735370	1810	2357	1241	2216	9263	7013	7501	5032	
DHL	-63600	-63600	4	11	5	8	35	34	25	0	21	15699574	1810	2357	1241	2216	9263	7013	7501	5032	
DHL	-63800	-63800	4	16	5	10	34	33	27	0	16	15664129	1810	2357	1241	2216	9263	7013	7501	5032	
DHL	-64000	-64000	4	17	5	10	32	34	29	0	11	15630336	1810	2357	1241	2216	9263	7013	7501	5032	
DHL	-64200	-64200	5	18	4	9	32	33	26	0	11	15596549	1810	2357	1241	2216	9263	7013	7501	5032	
DHL	-64400	-64400	5	17	3	10	34	36	28	0	12	15561083	1810	2357	1241	2216	9263	7013	7501	5032	
DHL	-64600	-64600	5	17	4	9	35	42	27	0	13	15525304	1810	2357	1241	2216	9263	7013	7501	5032	
DHL	-64800	-64800	5	15	5	9	37	45	29	0	12	15490347	1810	2357	1241	2216	9263	7013	7501	5032	
DHL	-65000	-65000	5	14	6	7	39	47	29	0	11	15457351	1810	2357	1241	2216	9263	7013	7501	5032	
DHL	-65200	-65200	4	11	6	6	49	47	28	0	9	15425267	1810	2357	1241	2216	9263	7013	7501	5032	
DHL	-65400	-65400	5	10	6	6	54	47	29	0	8	15394494	1810	2357	1241	2216	9263	7013	7501	5032	
DHL	-65600	-65600	6	10	5	6	53	49	29	0	14	15364754	1810	2357	1241	2216	9263	7013	7501	5032	
DHL	-65800	-65800	7	7	5	7	55	44	28	0	14	15335342	1810	2357	1241	2216	9263	7013	7501	5032	
DHL	-66000	-66000	6	7	5	9	51	44	22	0	13	15305757	1810	2357	1241	2216	9263	7013	7501	5032	
DHL	-66200	-66200	7	7	4	8	49	37	21	0	12	15277103	1810	2357	1241	2216	9263	7013	7501	5032	
DHL	-66400	-66400	8	7	4	8	42	37	18	0	14	15248240	1810	2357	1241	2216	9263	7013	7501	5032	
DHL	-66600	-66600	10	10	5	8	35	35	19	0	14	15218617	1810	2357	1241	2216	9263	7013	7501	5032	
DHL	-66800	-66800	9	10	3	7	32	30	21	0	14	15188852	1810	2357	1241	2216	9263	7013	7501	5032	
DHL	-67000	-67000	8	8	2	8	30	25	25	0	14	15157818	1810	2357	1241	2216	9263	7013	7501	5032	
DHL	-67200	-67200	9	10	1	10	30	23	26	0	20	15126299	1810	2357	1241	2216	9263	7013	7501	5032	
DHL	-67400	-67400	9	10	1	10	29	20	31	0	19	15094479	1810	2357	1241	2216	9263	7013	7501	5032	
DHL	-67600	-67600	10	11	1	10	28	21	30	0	19	15062367	1810	2357	1241	2216	9263	7013	7501	5032	
DHL	-67800	-67800	10	10	2	10	33	21	28	0	18	15031063	1810	2357	1241	2216	9263	7013	7501	5032	
DHL	-68000	-68000	7	11	4	12	33	24	31	0	18	14999819	1810	2357	1241	2216	9263	7013	7501	5032	
DHL	-68200	-68200	8	7	4	13	31	20	32	0	18	14967038	1810	2357	1241	2216	9263	7013	7501	5032	
DHL	-68400	-68400	7	7	4	13	29	16	32	0	15	14933791	1810	2357	1241	2216	9263	7013	7501	5032	
DHL	-68600	-68600	7	5	5	13	26	17	29	0	13	14899977	1810	2357	1241	2216	9263	7013	7501	5032	
DHL	-68800	-68800	7	10	4	11	33	20	31	0	12	14866271	1810	2357	1241	2216	9263	7013	7501	5032	
DHL	-69000	-69000	8	12	4	12	31	21	30	0	12	14832219	1810	2357	1241	2216	9263	7013	7501	5032	
DHL	-69200	-69200	7	12	4	11	30	21	34	0	13	14798374	1810	2357	1241	2216	9263	7013	7501	5032	
DHL	-69400	-69400	7	12	5	12	32	20	31	0	14	14765751	1810	2357	1241	2216	9263	7013	7501	5032	
DHL	-69600	-69600	6	11	5	11	31	21	27	0	13	14734821	1810	2357	1241	2216	9263	7013	7501	5032	
DHL	-69800	-69800	7	9	4	12	30	19	26	0	10	14704047	1810	2357	1241	2216	9263	7013	7501	5032	
DHL	-70000	-70000	7	9	6	10	31	22	29	0	10	14673282	1810	2357	1241	2216	9263	7013	7501	5032	
DHL	-70200	-70200	7	8	6	9	30	21	32	0	12	14643639	1810	2357	1241	2216	9263	7013	7501	5032	
DHL	-70400	-70400	6	9	6	8	28	20	28	0	13	14615532	1810	2357	1241	2216	9263	7013	7501	5032	
DHL	-70600	-70600	7	10	6	7	27	17	28	0	13	14589240	1810	2357	1241	2216	9263	7013	7501	5032	
DHL	-70800	-70800	6	13	5	7	28	21	31	0	10	14563605	1810	2357	1241	2216	9263	7013	7501	5032	
DHL	-71000	-71000	4	13	7	10	26	20	33	0	14	14538735	1810	2357	1241	2216	9263	7013	7501	5032	
DHL	-71200	-71200	6	13	8	8	23	23	32	0	14	14512646	1810	2357	1241	2216	9263	7013	7501	5032	
DHL	-71400	-71400	6	14	9	9	24	23	32	0	14	14486390	1810	2357	1241	2216	9263	7013	7501	5032	
DHL	-71600	-71600	5	17	10	10	23	21	34	0	22	14461074	1810	2357	1241	2216	9263	7013	7501	5032	
DHL	-71800	-71800	6	16	9	11	24	18	34	0	23	14436335	1810	2357	1241	2216	9263	7013	7501	5032	
DHL	-72000	-72000	5	18	8	10	19	20	30	0	23	14411223	1810	2357	1241	2216	9263	7013	7501	5032	
DHL	-72200	-72200	4	19	7	10	18	23	31	0	24	14384651	1810	2357	1241	2216	9263	7013	7501	5032	
DHL	-72400	-72400	3	19	7	10	20	23	29	0	18	14359538	1810	2357	1241	2216	9263	7013	7501	5032	
DHL	-72600	-72600	3	18	8	9	19	24	29	0	18	14333981	1810	2357	1241	2216	9263	7013	7501	5032	
DHL	-72800	-72800	4	18	8	9	20	27	27	0	20	14307755	1810	2357	1241	2216	9263	7013	7501	5032	
DHL	-73000	-73000	5	19	8	11	23	27	26	0	22	14278943	1810	2357	1241	2216	9263	7013	7501	5032	
DHL	-73200	-73200	5	18	6	13	27	29	26	0	20	14251145	1810	2357	1241	2216	9263	7013	7501	5032	
DHL	-73400	-73400	4	17	4	11	27	25	30	0	20	14223252	1810	2357	1241	2216	9263	7013	7501	5032	
DHL	-73600	-73600	7	17	4	10	25	27	26	0	16	14194971	1810	2357	1241	2216	9263	7013	7501	5032	
DHL	-73800	-73800	8	15	4	11	23	25	25	0	15	14167732	1810	2357	1241	2216	9263	7013	7501	5032	
DHL	-74000	-74000	7	15	4	10	26	26	25	0	15	14141393	1810	2357	1241	2216	9263	7013	7501	5032	
DHL	-74200	-74200	9	16	5	11	26	27	27	0	15	14115732	1810	2357	1241	2216	9263	7013	7501	5032	
DHL	-74400	-74400	8	10	5	12	27	26	27	0	14	14089219	1810	2357	1241	2216	9263	7013	7501	5032	
DHL	-74600	-74600	7	10	5	11	32	27	26	0	15	14061359	1810	2357	1241	2216	9263	7013	7501	5032	
DHL	-74800	-74800	7	9	5	11	30	24	29	0	14	14033700	1810	2357	1241	2216	9263	7013	7501	5032	
DHL	-75000	-75000	6	8	4	11	28	26	31	0	13	14006455	1810	2357	1241	2216	9263	7013	7501	5032	
DHL	-75200	-75200	5	9	3	11	24	29	31	0	11	13979445	1810	2357	1241	2216	9263	7013	7501	5032	
DHL	-75400	-75400	5	8	2	10	26	34	31	0	9	13952333	1810	2357	1241	2216	9263	7013	7501	5032	
DHL	-75600	-75600	5	8	2	10	24	38	30	0	11	13926133	1810	2357	1241	2216	9263	7013	7501	5032	
DHL	-75800	-75800	5	6	1	12	28	38	29	0	11	13899557	1810	2357	1241	2216	9263	7013	7501	5032	
DHL	-76000	-76000	2	6	2	11	29	36	27	0	11	13873525	1810	2357	1241	2216	9263	7013	7501	5032	
DHL	-76200	-76200	1	6	2	10	34	34	28	0	11	13849072	1810	2357	1241	2216	9263	7013	7501	5032	
DHL	-76400	-76400	2	6	2	10	34	36	27	0	9	13823828	1810	2357	1241	2216	9263	7013	7501	5032	
DHL	-76600	-76600	2	7	2	10	35	35	27	0	8	13799934	1810	2357	1241	2216	9263	7013	7501	5032	
DHL	-76800	-76800	4	7	4	10	36	33	29	0	8	13779233	1810	2357	1241	2216	9263	7013	7501	5032	
DHL	-77000	-77000	4	9	5	9	33	27	30	0	7	13754073	1810	2357	1241	2216	9263	7013	7501	5032	
DHL	-77200	-77200	4	9	5	8	30	27	31	0	7	13727690	1810	2357	1241	2216	9263	7013	7501	5032	
DHL	-77400	-77400	6	9	5	8	27	26	27	0	10	13703931	1810	2357	1241	2216	9263	7013	7501	5032	
DHL	-77600	-77600	6	9	5	7	26	22	27	0	11	13679602	1810	2357	1241	2216	9263	7013	7501	5032	
DHL	-77800	-77800	7	11	4	7	28	23	24	0	12	13653549	1810	2357	1241	2216	9263	7013	7501	5032	
DHL	-78000	-78000	7	11	4	8	24	18	23	0	11	13626216	1810	2357	1241	2216	9263	7013	7501	5032	
DHL	-78200	-78200	7	11	4	7	29	17	21	0	13	13599321	1810	2357	1241	2216	9263	7013	7501	5032	
DHL	-78400	-78400	8	10	4	8	26	19	19	0	14	13572640	1810	2357	1241	2216	9263	7013	7501	5032	
DHL	-78600	-78600	9	9	3	8	30	18	19	0	14	13546255	1810	2357	1241	2216	9263	7013	7501	5032	
DHL	-78800	-78800	9	9	4	5	29	15	20	0	14	13521630	1810	2357	1241	2216	9263	7013	7501	5032	
DHL	-79000	-79000	8	8	4	3	30	18	21	0	17	13498468	1810	2357	1241	2216	9263	7013	7501	5032	
DHL	-79200	-79200	7	8	3	5	27	18	21	0	18	13475342	1810	2357	1241	2216	9263	7013	7501	5032	
DHL	-79400	-79400	7	8	3	5	25	16	22	0	16	13455578	1810	2357	1241	2216	9263	7013	7501	5032	
DHL	-79600	-79600	8	6	3	6	27	17	23	0	15	13433725	1810	2357	1241	2216	9263	7013	7501	5032	
DHL	-79800	-79800	8	6	5	7	26	18	25	0	14	13411321	1810	2357	1241	2216	9263	7013	7501	5032	
DHL	-80000	-80000	8	5	5	9	26	15	24	0	12	13387822	1810	2357	1241	2216	9263	7013	7501	5032	
DHL	-80200	-80200	8	5	6	9	24	13	22	0	13	13362846	1810	2357	1241	2216	9263	7013	7501	5032	
DHL	-80400	-80400	6	5	7	9	24	16	23	0	14	13337751	1810	2357	1241	2216	9263	7013	7501	5032	
DHL	-80600	-80600	7	6	7	10	23	18	23	0	13	13313520	1810	2357	1241	2216	9263	7013	7501	5032	
DHL	-80800	-80800	8	7	7	9	23	23	22	0	15	13289832	1810	2357	1241	2216	9263	7013	7501	5032	
DHL	-81000	-81000	8	7	5	9	19	22	20	0	14	13264872	1810	2357	1241	2216	9263	7013	7501	5032	
DHL	-81200	-81200	8	9	7	8	18	22	22	0	11	13240228	1810	2357	1241	2216	9263	7013	7501	5032	
DHL	-81400	-81400	9	8	8	7	24	23	25	0	10	13216016	1810	2357	1241	2216	9263	7013	7501	5032	
DHL	-81600	-81600	8	6	9	7	24	21	28	0	14	13191348	1810	2357	1241	2216	9263	7013	7501	5032	
DHL	-81800	-81800	8	6	8	6	24	20	22	0	15	13166238	1810	2357	1241	2216	9263	7013	7501	5032	
DHL	-82000	-82000	7	5	6	6	28	19	21	0	14	13141931	1810	2357	1241	2216	9263	7013	7501	5032	
DHL	-82200	-82200	5	6	3	6	29	18	24	0	13	13116544	1810	2357	1241	2216	9263	7013	7501	5032	
DHL	-82400	-82400	5	7	3	5	31	17	22	0	15	13090147	1810	2357	1241	2216	9263	7013	7501	5032	
DHL	-82600	-82600	7	8	3	6	34	18	22	0	17	13064577	1810	2357	1241	2216	9263	7013	7501	5032	
DHL	-82800	-82800	7	8	3	6	31	19	21	0	18	13038946	1810	2357	1241	2216	9263	7013	7501	5032	
DHL	-83000	-83000	8	8	3	9	31	25	22	0	16	13013156	1810	2357	1241	2216	9263	7013	7501	5032	
DHL	-83200	-83200	9	8	2	8	31	25	21	0	18	12987911	1810	2357	1241	2216	9263	7013	7501	5032	
DHL	-83400	-83400	9	8	4	11	30	29	24	0	19	12962197	1810	2357	1241	2216	9263	7013	7501	5032	
DHL	-83600	-83600	7	7	4	11	28	24	25	0	19	12936702	1810	2357	1241	2216	9263	7013	7501	5032	
DHL	-83800	-83800	6	7	4	12	28	25	24	0	18	12911091	1810	2357	1241	2216	9263	7013	7501	5032	
DHL	-84000	-84000	6	7	7	12	28	28	26	0	19	12886728	1810	2357	1241	2216	9263	7013	7501	5032	
DHL	-84200	-84200	6	7	6	11	24	28	25	0	20	12862054	1810	2357	1241	2216	9263	7013	7501	5032	
DHL	-84400	-84400	5	7	6	10	23	29	26	0	20	12837410	1810	2357	1241	2216	9263	7013	7501	5032	
DHL	-84600	-84600	4	7	5	10	22	28	27	0	18	12812358	1810	2357	1241	2216	9263	7013	7501	5032	
DHL	-84800	-84800	3	7	5	11	22	28	29	0	16	12787032	1810	2357	1241	2216	9263	7013	7501	5032	
DHL	-85000	-85000	4	7	4	13	25	29	30	0	15	12761540	1810	2357	1241	2216	9263	7013	7501	5032	
DHL	-85200	-85200	5	7	5	12	23	26	29	0	18	12736133	1810	2357	1241	2216	9263	7013	7501	5032	
DHL	-85400	-85400	3	7	5	10	24	28	32	0	20	12712210	1810	2357	1241	2216	9263	7013	7501	5032	
DHL	-85600	-85600	3	5	5	12	23	29	34	0	20	12688722	1810	2357	1241	2216	9263	7013	7501	5032	
DHL	-85800	-85800	3	6	5	12	26	30	27	0	18	12664872	1810	2357	1241	2216	9263	7013	7501	5032	
DHL	-86000	-86000	5	6	5	14	23	29	24	0	17	12640935	1810	2357	1241	2216	9263	7013	7501	5032	
DHL	-86200	-86200	3	5	5	17	23	31	22	0	16	12616926	1810	2357	1241	2216	9263	7013	7501	5032	
DHL	-86400	-86400	6	5	5	16	23	28	22	0	16	12593232	1810	2357	1241	2216	9263	7013	7501	5032	
DHL	-86600	-86600	7	6	4	17	23	27	21	0	17	12569780	1810	2357	1241	2216	9263	7013	7501	5032	
DHL	-86800	-86800	7	5	4	18	20	31	24	0	17	12545246	1810	2357	1241	2216	9263	7013	7501	5032	
DHL	-87000	-87000	7	6	4	15	21	29	23	0	17	12518152	1810	2357	1241	2216	9263	7013	7501	5032	
DHL	-87200	-87200	6	6	3	16	26	28	22	0	17	12491306	1810	2357	1241	2216	9263	7013	7501	5032	
DHL	-87400	-87400	5	6	3	16	27	24	20	0	19	12465181	1810	2357	1241	2216	9263	7013	7501	5032	
DHL	-87600	-87600	5	4	5	12	28	29	18	0	22	12440055	1810	2357	1241	2216	9263	7013	7501	5032	
DHL	-87800	-87800	5	4	3	12	26	28	17	0	22	12415324	1810	2357	1241	2216	9263	7013	7501	5032	
DHL	-88000	-88000	5	5	2	11	28	30	19	0	23	12390820	1810	2357	1241	2216	9263	7013	7501	5032	
DHL	-88200	-88200	5	5	2	9	28	34	20	0	17	12365552	1810	2357	1241	2216	9263	7013	7501	5032	
DHL	-88400	-88400	4	3	2	9	26	35	20	0	14	12340276	1810	2357	1241	2216	9263	7013	7501	5032	
DHL	-88600	-88600	5	5	2	8	26	36	21	0	15	12316002	1810	2357	1241	2216	9263	7013	7501	5032	
DHL	-88800	-88800	6	5	3	9	24	33	26	0	13	12292195	1810	2357	1241	2216	9263	7013	7501	5032	
DHL	-89000	-89000	5	4	4	10	23	31	27	0	15	12269011	1810	2357	1241	2216	9263	7013	7501	5032	
DHL	-89200	-89200	5	4	4	12	20	29	27	0	16	12246562	1810	2357	1241	2216	9263	7013	7501	5032	
DHL	-89400	-89400	5	4	5	14	19	29	26	0	14	12223922	1810	2357	1241	2216	9263	7013	7501	5032	
DHL	-89600	-89600	5	4	5	15	22	28	23	0	14	12201395	1810	2357	1241	2216	9263	7013	7501	5032	
DHL	-89800	-89800	6	5	5	15	19	28	25	0	14	12179209	1810	2357	1241	2216	9263	7013	7501	5032	
DHL	-90000	-90000	5	5	4	11	20	31	27	0	12	12155088	1810	2357	1241	2216	9263	7013	7501	5032	
DHL	-90200	-90200	5	5	4	9	19	33	25	0	16	12129194	1810	2357	1241	2216	9263	7013	7501	5032	
DHL	-90400	-90400	6	6	6	9	19	29	25	0	15	12103128	1810	2357	1241	2216	9263	7013	7501	5032	
DHL	-90600	-90600	6	6	5	9	19	28	25	0	14	12078917	1810	2357	1241	2216	9263	7013	7501	5032	
DHL	-90800	-90800	6	7	5	9	21	28	26	0	15	12056282	1810	2357	1241	2216	9263	7013	7501	5032	
DHL	-91000	-91000	5	7	5	9	19	28	26	0	17	12034411	1810	2357	1241	2216	9263	7013	7501	5032	
DHL	-91200	-91200	6	6	5	8	19	30	26	0	17	12012206	1810	2357	1241	2216	9263	7013	7501	5032	
DHL	-91400	-91400	6	7	4	5	19	29	27	0	15	11989344	1810	2357	1241	2216	9263	7013	7501	5032	
DHL	-91600	-91600	4	7	4	5	20	28	26	0	16	11966552	1810	2357	1241	2216	9263	7013	7501	5032	
DHL	-91800	-91800	5	5	5	6	22	25	27	0	16	11943671	1810	2357	1241	2216	9263	7013	7501	5032	
DHL	-92000	-92000	4	4	5	6	22	26	25	0	16	11920766	1810	2357	1241	2216	9263	7013	7501	5032	
DHL	-92200	-92200	4	4	5	6	21	25	20	0	14	11899360	1810	2357	1241	2216	9263	7013	7501	5032	
DHL	-92400	-92400	4	3	5	6	23	26	22	0	14	11877452	1810	2357	1241	2216	9263	7013	7501	5032	
DHL	-92600	-92600	4	2	4	7	26	20	26	0	14	11855291	1810	2357	1241	2216	9263	7013	7501	5032	
DHL	-92800	-92800	4	3	4	7	27	21	26	0	11	11832452	1810	2357	1241	2216	9263	7013	7501	5032	
DHL	-93000	-93000	3	3	5	5	26	20	26	0	10	11809049	1810	2357	1241	2216	9263	7013	7501	5032	
DHL	-93200	-93200	3	3	5	7	28	21	25	0	9	11784714	1810	2357	1241	2216	9263	7013	7501	5032	
DHL	-93400	-93400	3	3	5	6	29	24	26	0	9	11760488	1810	2357	1241	2216	9263	7013	7501	5032	
DHL	-93600	-93600	3	3	5	7	30	23	22	0	9	11734923	1810	2357	1241	2216	9263	7013	7501	5032	
DHL	-93800	-93800	3	4	4	9	28	25	23	0	9	11709179	1810	2357	1241	2216	9263	7013	7501	5032	
DHL	-94000	-94000	4	4	4	8	25	26	24	0	10	11684444	1810	2357	1241	2216	9263	7013	7501	5032	
DHL	-94200	-94200	5	5	5	8	24	26	23	0	14	11660268	1810	2357	1241	2216	9263	7013	7501	5032	
DHL	-94400	-94400	4	5	5	6	26	26	23	0	14	11635887	1810	2357	1241	2216	9263	7013	7501	5032	
DHL	-94600	-94600	4	5	4	7	28	25	24	0	12	11612548	1810	2357	1241	2216	9263	7013	7501	5032	
DHL	-94800	-94800	4	6	4	8	29	27	19	0	12	11588927	1810	2357	1241	2216	9263	7013	7501	5032	
DHL	-95000	-95000	5	7	6	7	29	25	20	0	12	11565123	1810	2357	1241	2216	9263	7013	7501	5032	
DHL	-95200	-95200	5	8	7	6	30	26	21	0	14	11540675	1810	2357	1241	2216	9263	7013	7501	5032	
DHL	-95400	-95400	7	9	8	6	28	24	19	0	14	11515477	1810	2357	1241	2216	9263	7013	7501	5032	
DHL	-95600	-95600	6	8	6	5	30	23	17	0	16	11491623	1810	2357	1241	2216	9263	7013	7501	5032	
DHL	-95800	-95800	8	8	4	5	29	24	18	0	17	11469056	1810	2357	1241	2216	9263	7013	7501	5032	
DHL	-96000	-96000	8	8	3	5	31	25	20	0	18	11446566	1810	2357	1241	2216	9263	7013	7501	5032	
DHL	-96200	-96200	9	6	3	5	31	29	21	0	18	11423195	1810	2357	1241	2216	9263	7013	7501	5032	
DHL	-96400	-96400	7	5	3	4	34	33	21	0	17	11400236	1810	2357	1241	2216	9263	7013	7501	5032	
DHL	-96600	-96600	5	5	2	5	32	36	22	0	17	11377157	1810	2357	1241	2216	9263	7013	7501	5032	
DHL	-96800	-96800	5	4	3	6	29	37	27	0	15	11353835	1810	2357	1241	2216	9263	7013	7501	5032	
DHL	-97000	-97000	3	4	5	7	27	34	24	0	14	11330643	1810	2357	1241	2216	9263	7013	7501	5032	
DHL	-97200	-97200	2	3	6	7	24	30	24	0	12	11307439	1810	2357	1241	2216	9263	7013	7501	5032	
DHL	-97400	-97400	3	3	6	7	24	26	27	0	10	11285111	1810	2357	1241	2216	9263	7013	7501	5032	
DHL	-97600	-97600	2	4	7	6	23	23	26	0	11	11263172	1810	2357	1241	2216	9263	7013	7501	5032	
DHL	-97800	-97800	2	3	6	6	24	27	28	0	12	11240141	1810	2357	1241	2216	9263	7013	7501	5032	
DHL	-98000	-98000	2	3	6	9	23	29	28	0	13	11217135	1810	2357	1241	2216	9263	7013	7501	5032	
DHL	-98200	-98200	3	2	5	9	22	26	31	0	16	11195290	1810	2357	1241	2216	9263	7013	7501	5032	
DHL	-98400	-98400	2	4	5	9	23	23	29	0	17	11173753	1810	2357	1241	2216	9263	7013	7501	5032	
DHL	-98600	-98600	1	7	5	9	24	21	27	0	12	11153233	1810	2357	1241	2216	9263	7013	7501	5032	
DHL	-98800	-98800	3	9	6	9	22	20	26	0	11	11132813	1810	2357	1241	2216	9263	7013	7501	5032	
DHL	-99000	-99000	4	11	6	10	19	20	26	0	13	11112350	1810	2357	1241	2216	9263	7013	7501	5032	
DHL	-99200	-99200	3	6	3	12	21	18	25	0	14	11092709	1810	2357	1241	2216	9263	7013	7501	5032	
DHL	-99400	-99400	3	6	3	13	16	16	21	0	13	11072596	1810	2357	1241	2216	9263	7013	7501	5032	
DHL	-99600	-99600	3	4	4	11	18	16	22	0	14	11053276	1810	2357	1241	2216	9263	7013	7501	5032	
DHL	-99800	-99800	3	3	5	11	20	17	19	0	18	11034831	1810	2357	1241	2216	9263	7013	7501	5032	
DHL	-100000	-100000	4	3	5	9	20	18	17	0	16	11017380	1810	2357	1241	2216	9263	7013	7501	5032	
