FL	0	0	124	187	2	212	92	52	66	452	10	79514563	6075	4775	148	1925	4244	4632	2536	13292	512	
FL	-200	-200	130	201	2	215	102	56	65	444	6	79175238	6075	4775	148	1925	4244	4632	2536	13292	512	
FL	-400	-400	133	190	3	214	108	67	66	437	5	78250069	6075	4775	148	1925	4244	4632	2536	13292	512	
FL	-600	-600	139	182	4	213	100	69	66	438	5	77059827	6075	4775	148	1925	4244	4632	2536	13292	512	
FL	-800	-800	146	175	4	208	104	81	66	434	5	75648717	6075	4775	148	1925	4244	4632	2536	13292	512	
FL	-1000	-1000	151	177	6	202	100	83	62	406	6	74013548	6075	4775	148	1925	4244	4632	2536	13292	512	
FL	-1200	-1200	154	180	7	193	99	92	61	383	7	72187578	6075	4775	148	1925	4244	4632	2536	13292	512	
FL	-1400	-1400	161	182	6	188	86	94	58	367	8	70236617	6075	4775	148	1925	4244	4632	2536	13292	512	
FL	-1600	-1600	158	176	5	184	82	97	55	359	8	68233625	6075	4775	148	1925	4244	4632	2536	13292	512	
FL	-1800	-1800	166	170	3	177	72	103	53	357	8	66241938	6075	4775	148	1925	4244	4632	2536	13292	512	
FL	-2000	-2000	171	157	3	173	67	102	55	358	9	64304424	6075	4775	148	1925	4244	4632	2536	13292	512	
FL	-2200	-2200	180	145	4	178	70	104	53	359	9	62437269	6075	4775	148	1925	4244	4632	2536	13292	512	
FL	-2400	-2400	180	127	4	174	68	107	56	352	8	60658939	6075	4775	148	1925	4244	4632	2536	13292	512	
FL	-2600	-2600	180	124	3	182	64	102	58	346	8	58968782	6075	4775	148	1925	4244	4632	2536	13292	512	
FL	-2800	-2800	177	120	3	174	64	99	59	340	5	57370173	6075	4775	148	1925	4244	4632	2536	13292	512	
FL	-3000	-3000	171	114	3	163	60	99	62	329	4	55864448	6075	4775	148	1925	4244	4632	2536	13292	512	
FL	-3200	-3200	166	106	3	152	62	95	65	309	3	54434132	6075	4775	148	1925	4244	4632	2536	13292	512	
FL	-3400	-3400	170	89	3	149	59	91	59	303	2	53071009	6075	4775	148	1925	4244	4632	2536	13292	512	
FL	-3600	-3600	172	88	5	145	57	89	60	307	1	51771241	6075	4775	148	1925	4244	4632	2536	13292	512	
FL	-3800	-3800	169	81	4	147	55	83	60	300	1	50535099	6075	4775	148	1925	4244	4632	2536	13292	512	
FL	-4000	-4000	168	81	3	145	53	84	53	299	1	49353221	6075	4775	148	1925	4244	4632	2536	13292	512	
FL	-4200	-4200	163	87	2	148	55	85	52	293	4	48230376	6075	4775	148	1925	4244	4632	2536	13292	512	
FL	-4400	-4400	152	86	2	145	54	88	52	284	4	47157483	6075	4775	148	1925	4244	4632	2536	13292	512	
FL	-4600	-4600	138	92	2	139	53	77	49	272	4	46131696	6075	4775	148	1925	4244	4632	2536	13292	512	
FL	-4800	-4800	131	99	2	127	55	73	48	266	5	45147335	6075	4775	148	1925	4244	4632	2536	13292	512	
FL	-5000	-5000	124	94	2	125	54	66	47	263	4	44203718	6075	4775	148	1925	4244	4632	2536	13292	512	
FL	-5200	-5200	127	90	3	119	54	67	42	258	4	43294584	6075	4775	148	1925	4244	4632	2536	13292	512	
FL	-5400	-5400	121	87	3	115	54	65	41	249	4	42426930	6075	4775	148	1925	4244	4632	2536	13292	512	
FL	-5600	-5600	115	88	4	109	52	65	41	242	4	41594942	6075	4775	148	1925	4244	4632	2536	13292	512	
FL	-5800	-5800	110	84	4	103	47	68	38	239	4	40797595	6075	4775	148	1925	4244	4632	2536	13292	512	
FL	-6000	-6000	103	81	3	101	45	74	40	237	3	40027091	6075	4775	148	1925	4244	4632	2536	13292	512	
FL	-6200	-6200	101	76	3	91	42	80	39	228	3	39286314	6075	4775	148	1925	4244	4632	2536	13292	512	
FL	-6400	-6400	99	73	2	83	42	85	39	225	3	38575587	6075	4775	148	1925	4244	4632	2536	13292	512	
FL	-6600	-6600	103	61	2	77	36	84	34	206	2	37890066	6075	4775	148	1925	4244	4632	2536	13292	512	
FL	-6800	-6800	108	59	2	78	35	79	32	199	2	37228278	6075	4775	148	1925	4244	4632	2536	13292	512	
FL	-7000	-7000	110	62	2	75	33	81	39	191	2	36586663	6075	4775	148	1925	4244	4632	2536	13292	512	
FL	-7200	-7200	100	64	0	74	31	79	35	184	2	35964587	6075	4775	148	1925	4244	4632	2536	13292	512	
FL	-7400	-7400	101	57	0	68	30	71	32	186	0	35373299	6075	4775	148	1925	4244	4632	2536	13292	512	
FL	-7600	-7600	93	54	1	68	26	66	31	181	0	34803769	6075	4775	148	1925	4244	4632	2536	13292	512	
FL	-7800	-7800	88	49	1	69	29	72	31	179	0	34254522	6075	4775	148	1925	4244	4632	2536	13292	512	
FL	-8000	-8000	84	51	1	69	27	72	27	172	0	33717540	6075	4775	148	1925	4244	4632	2536	13292	512	
FL	-8200	-8200	81	48	1	65	24	69	23	172	2	33196048	6075	4775	148	1925	4244	4632	2536	13292	512	
FL	-8400	-8400	72	55	1	62	26	70	25	163	2	32693474	6075	4775	148	1925	4244	4632	2536	13292	512	
FL	-8600	-8600	79	54	1	63	24	66	29	161	2	32207598	6075	4775	148	1925	4244	4632	2536	13292	512	
FL	-8800	-8800	81	54	1	59	21	69	28	155	2	31733660	6075	4775	148	1925	4244	4632	2536	13292	512	
FL	-9000	-9000	79	56	0	58	21	76	26	149	1	31272698	6075	4775	148	1925	4244	4632	2536	13292	512	
FL	-9200	-9200	81	54	0	60	21	80	27	145	1	30833947	6075	4775	148	1925	4244	4632	2536	13292	512	
FL	-9400	-9400	76	56	0	54	20	79	26	138	1	30412576	6075	4775	148	1925	4244	4632	2536	13292	512	
FL	-9600	-9600	77	55	0	51	19	83	25	131	1	30006166	6075	4775	148	1925	4244	4632	2536	13292	512	
FL	-9800	-9800	78	52	0	51	16	75	26	124	0	29607696	6075	4775	148	1925	4244	4632	2536	13292	512	
FL	-10000	-10000	72	51	1	50	14	70	25	121	0	29222388	6075	4775	148	1925	4244	4632	2536	13292	512	
FL	-10200	-10200	68	51	1	51	14	61	28	123	0	28845014	6075	4775	148	1925	4244	4632	2536	13292	512	
FL	-10400	-10400	65	55	1	49	13	57	30	126	0	28477035	6075	4775	148	1925	4244	4632	2536	13292	512	
FL	-10600	-10600	65	49	1	51	14	60	34	123	1	28116103	6075	4775	148	1925	4244	4632	2536	13292	512	
FL	-10800	-10800	63	55	2	49	12	51	30	127	2	27760823	6075	4775	148	1925	4244	4632	2536	13292	512	
FL	-11000	-11000	62	58	3	49	14	55	32	118	3	27413689	6075	4775	148	1925	4244	4632	2536	13292	512	
FL	-11200	-11200	61	58	5	47	15	59	29	115	3	27078674	6075	4775	148	1925	4244	4632	2536	13292	512	
FL	-11400	-11400	63	57	5	50	16	60	26	110	3	26755307	6075	4775	148	1925	4244	4632	2536	13292	512	
FL	-11600	-11600	59	57	3	47	20	63	22	103	3	26443290	6075	4775	148	1925	4244	4632	2536	13292	512	
FL	-11800	-11800	59	55	5	47	22	63	20	102	3	26139028	6075	4775	148	1925	4244	4632	2536	13292	512	
FL	-12000	-12000	65	58	5	39	22	62	22	107	2	25837367	6075	4775	148	1925	4244	4632	2536	13292	512	
FL	-12200	-12200	62	54	4	40	23	64	19	111	1	25541083	6075	4775	148	1925	4244	4632	2536	13292	512	
FL	-12400	-12400	57	56	4	38	24	58	18	114	1	25244247	6075	4775	148	1925	4244	4632	2536	13292	512	
FL	-12600	-12600	59	59	2	35	24	58	21	114	1	24955802	6075	4775	148	1925	4244	4632	2536	13292	512	
FL	-12800	-12800	62	59	2	34	22	64	24	111	0	24676295	6075	4775	148	1925	4244	4632	2536	13292	512	
FL	-13000	-13000	63	53	2	35	23	55	22	112	0	24404497	6075	4775	148	1925	4244	4632	2536	13292	512	
FL	-13200	-13200	58	47	3	33	24	56	19	108	0	24139659	6075	4775	148	1925	4244	4632	2536	13292	512	
FL	-13400	-13400	59	42	3	31	26	57	17	112	0	23880309	6075	4775	148	1925	4244	4632	2536	13292	512	
FL	-13600	-13600	58	46	3	32	24	53	19	118	0	23625395	6075	4775	148	1925	4244	4632	2536	13292	512	
FL	-13800	-13800	53	43	3	29	20	46	23	109	0	23377155	6075	4775	148	1925	4244	4632	2536	13292	512	
FL	-14000	-14000	50	38	3	27	20	42	19	108	0	23136718	6075	4775	148	1925	4244	4632	2536	13292	512	
FL	-14200	-14200	52	37	2	26	19	45	21	106	0	22897237	6075	4775	148	1925	4244	4632	2536	13292	512	
FL	-14400	-14400	54	38	2	26	20	40	22	104	0	22661872	6075	4775	148	1925	4244	4632	2536	13292	512	
FL	-14600	-14600	52	35	2	27	20	43	22	103	0	22433194	6075	4775	148	1925	4244	4632	2536	13292	512	
FL	-14800	-14800	51	37	2	26	18	42	19	106	0	22208555	6075	4775	148	1925	4244	4632	2536	13292	512	
FL	-15000	-15000	57	32	1	26	18	41	19	97	0	21990577	6075	4775	148	1925	4244	4632	2536	13292	512	
FL	-15200	-15200	56	32	1	25	17	43	19	99	0	21777303	6075	4775	148	1925	4244	4632	2536	13292	512	
FL	-15400	-15400	57	30	1	26	12	45	18	94	0	21570586	6075	4775	148	1925	4244	4632	2536	13292	512	
FL	-15600	-15600	54	29	2	25	14	46	21	90	0	21369676	6075	4775	148	1925	4244	4632	2536	13292	512	
FL	-15800	-15800	52	30	2	25	16	44	23	85	2	21174375	6075	4775	148	1925	4244	4632	2536	13292	512	
FL	-16000	-16000	46	33	1	20	17	42	22	90	2	20984625	6075	4775	148	1925	4244	4632	2536	13292	512	
FL	-16200	-16200	48	29	1	18	16	46	25	88	2	20799599	6075	4775	148	1925	4244	4632	2536	13292	512	
FL	-16400	-16400	57	31	0	17	18	46	26	78	2	20620234	6075	4775	148	1925	4244	4632	2536	13292	512	
FL	-16600	-16600	51	28	1	15	18	43	23	77	3	20445120	6075	4775	148	1925	4244	4632	2536	13292	512	
FL	-16800	-16800	53	26	1	17	20	40	27	75	3	20273199	6075	4775	148	1925	4244	4632	2536	13292	512	
FL	-17000	-17000	46	29	1	17	17	37	24	71	4	20100434	6075	4775	148	1925	4244	4632	2536	13292	512	
FL	-17200	-17200	46	28	1	17	18	37	25	73	4	19926472	6075	4775	148	1925	4244	4632	2536	13292	512	
FL	-17400	-17400	45	28	1	20	19	39	23	66	4	19755813	6075	4775	148	1925	4244	4632	2536	13292	512	
FL	-17600	-17600	48	30	0	19	17	42	22	69	5	19588408	6075	4775	148	1925	4244	4632	2536	13292	512	
FL	-17800	-17800	54	30	0	16	18	41	19	71	6	19427378	6075	4775	148	1925	4244	4632	2536	13292	512	
FL	-18000	-18000	52	34	0	12	17	37	24	75	5	19267529	6075	4775	148	1925	4244	4632	2536	13292	512	
FL	-18200	-18200	50	39	0	11	15	32	22	75	5	19108241	6075	4775	148	1925	4244	4632	2536	13292	512	
FL	-18400	-18400	49	37	0	10	14	31	20	75	5	18949286	6075	4775	148	1925	4244	4632	2536	13292	512	
FL	-18600	-18600	48	33	0	12	13	29	19	67	6	18794284	6075	4775	148	1925	4244	4632	2536	13292	512	
FL	-18800	-18800	46	37	0	9	10	27	18	65	4	18643466	6075	4775	148	1925	4244	4632	2536	13292	512	
FL	-19000	-19000	43	37	0	9	9	29	16	64	4	18494531	6075	4775	148	1925	4244	4632	2536	13292	512	
FL	-19200	-19200	45	36	0	8	11	31	16	69	4	18346060	6075	4775	148	1925	4244	4632	2536	13292	512	
FL	-19400	-19400	43	34	0	8	11	29	16	64	4	18195774	6075	4775	148	1925	4244	4632	2536	13292	512	
FL	-19600	-19600	41	30	0	6	13	28	15	66	4	18045627	6075	4775	148	1925	4244	4632	2536	13292	512	
FL	-19800	-19800	43	31	0	7	9	30	12	73	3	17897389	6075	4775	148	1925	4244	4632	2536	13292	512	
FL	-20000	-20000	36	31	0	7	11	28	14	71	4	17749584	6075	4775	148	1925	4244	4632	2536	13292	512	
FL	-20200	-20200	35	30	1	7	9	34	12	65	4	17601741	6075	4775	148	1925	4244	4632	2536	13292	512	
FL	-20400	-20400	38	27	1	6	9	32	11	60	5	17459123	6075	4775	148	1925	4244	4632	2536	13292	512	
FL	-20600	-20600	38	29	3	9	9	36	11	56	5	17324650	6075	4775	148	1925	4244	4632	2536	13292	512	
FL	-20800	-20800	42	31	4	10	11	35	12	55	5	17194645	6075	4775	148	1925	4244	4632	2536	13292	512	
FL	-21000	-21000	40	32	3	9	12	38	10	57	5	17066899	6075	4775	148	1925	4244	4632	2536	13292	512	
FL	-21200	-21200	40	35	1	8	12	41	10	59	5	16939995	6075	4775	148	1925	4244	4632	2536	13292	512	
FL	-21400	-21400	43	35	1	7	8	35	8	54	3	16816619	6075	4775	148	1925	4244	4632	2536	13292	512	
FL	-21600	-21600	45	34	1	8	7	30	8	53	3	16698833	6075	4775	148	1925	4244	4632	2536	13292	512	
FL	-21800	-21800	42	30	2	7	8	31	10	54	3	16585699	6075	4775	148	1925	4244	4632	2536	13292	512	
FL	-22000	-22000	40	32	2	5	7	29	10	52	3	16474082	6075	4775	148	1925	4244	4632	2536	13292	512	
FL	-22200	-22200	40	35	2	4	9	26	12	52	2	16364005	6075	4775	148	1925	4244	4632	2536	13292	512	
FL	-22400	-22400	43	29	2	4	6	28	13	56	3	16252466	6075	4775	148	1925	4244	4632	2536	13292	512	
FL	-22600	-22600	45	25	2	4	7	29	14	50	3	16142710	6075	4775	148	1925	4244	4632	2536	13292	512	
FL	-22800	-22800	35	29	1	4	10	30	14	57	3	16032067	6075	4775	148	1925	4244	4632	2536	13292	512	
FL	-23000	-23000	36	27	1	5	10	27	14	57	3	15924045	6075	4775	148	1925	4244	4632	2536	13292	512	
FL	-23200	-23200	37	26	1	6	9	25	14	56	3	15818026	6075	4775	148	1925	4244	4632	2536	13292	512	
FL	-23400	-23400	38	27	1	6	9	25	15	59	3	15711923	6075	4775	148	1925	4244	4632	2536	13292	512	
FL	-23600	-23600	42	25	1	4	7	25	12	59	3	15606371	6075	4775	148	1925	4244	4632	2536	13292	512	
FL	-23800	-23800	43	23	3	7	7	25	10	52	3	15504612	6075	4775	148	1925	4244	4632	2536	13292	512	
FL	-24000	-24000	52	22	4	7	7	29	11	55	2	15403394	6075	4775	148	1925	4244	4632	2536	13292	512	
FL	-24200	-24200	49	23	4	8	6	27	12	50	2	15302996	6075	4775	148	1925	4244	4632	2536	13292	512	
FL	-24400	-24400	44	22	4	8	8	29	11	41	1	15206815	6075	4775	148	1925	4244	4632	2536	13292	512	
FL	-24600	-24600	47	26	4	6	8	25	9	38	1	15112601	6075	4775	148	1925	4244	4632	2536	13292	512	
FL	-24800	-24800	41	24	4	4	9	24	8	28	0	15018957	6075	4775	148	1925	4244	4632	2536	13292	512	
FL	-25000	-25000	42	18	4	3	9	26	7	29	0	14921328	6075	4775	148	1925	4244	4632	2536	13292	512	
FL	-25200	-25200	33	17	4	4	8	31	6	28	0	14826727	6075	4775	148	1925	4244	4632	2536	13292	512	
FL	-25400	-25400	36	19	4	3	9	35	4	28	0	14733428	6075	4775	148	1925	4244	4632	2536	13292	512	
FL	-25600	-25600	35	18	3	3	9	38	5	31	0	14641057	6075	4775	148	1925	4244	4632	2536	13292	512	
FL	-25800	-25800	32	22	3	2	7	43	5	37	0	14550480	6075	4775	148	1925	4244	4632	2536	13292	512	
FL	-26000	-26000	34	26	4	4	8	45	6	36	0	14463370	6075	4775	148	1925	4244	4632	2536	13292	512	
FL	-26200	-26200	33	26	4	3	9	45	6	37	1	14379076	6075	4775	148	1925	4244	4632	2536	13292	512	
FL	-26400	-26400	36	30	4	4	10	39	7	45	1	14297071	6075	4775	148	1925	4244	4632	2536	13292	512	
FL	-26600	-26600	39	27	4	4	10	34	7	45	1	14216477	6075	4775	148	1925	4244	4632	2536	13292	512	
FL	-26800	-26800	39	25	3	6	14	37	9	48	0	14133231	6075	4775	148	1925	4244	4632	2536	13292	512	
FL	-27000	-27000	36	28	3	6	14	34	9	53	0	14050491	6075	4775	148	1925	4244	4632	2536	13292	512	
FL	-27200	-27200	36	23	3	6	14	30	9	49	0	13966691	6075	4775	148	1925	4244	4632	2536	13292	512	
FL	-27400	-27400	37	24	2	6	13	32	10	46	0	13882091	6075	4775	148	1925	4244	4632	2536	13292	512	
FL	-27600	-27600	34	19	1	5	13	34	12	46	0	13795473	6075	4775	148	1925	4244	4632	2536	13292	512	
FL	-27800	-27800	26	18	1	4	8	33	11	42	0	13709327	6075	4775	148	1925	4244	4632	2536	13292	512	
FL	-28000	-28000	29	20	1	4	7	37	11	46	0	13625290	6075	4775	148	1925	4244	4632	2536	13292	512	
FL	-28200	-28200	29	19	1	3	5	35	10	49	0	13539799	6075	4775	148	1925	4244	4632	2536	13292	512	
FL	-28400	-28400	33	17	1	3	9	26	12	40	0	13453150	6075	4775	148	1925	4244	4632	2536	13292	512	
FL	-28600	-28600	39	15	1	4	9	25	9	37	0	13366109	6075	4775	148	1925	4244	4632	2536	13292	512	
FL	-28800	-28800	43	15	1	4	6	24	8	37	0	13278922	6075	4775	148	1925	4244	4632	2536	13292	512	
FL	-29000	-29000	40	17	0	6	3	26	6	35	1	13195237	6075	4775	148	1925	4244	4632	2536	13292	512	
FL	-29200	-29200	41	17	0	7	6	26	5	39	1	13112278	6075	4775	148	1925	4244	4632	2536	13292	512	
FL	-29400	-29400	40	18	0	7	7	26	5	38	2	13031725	6075	4775	148	1925	4244	4632	2536	13292	512	
FL	-29600	-29600	41	20	0	8	9	24	11	34	2	12951781	6075	4775	148	1925	4244	4632	2536	13292	512	
FL	-29800	-29800	36	19	0	8	9	27	10	35	2	12871392	6075	4775	148	1925	4244	4632	2536	13292	512	
FL	-30000	-30000	30	17	0	7	7	30	11	32	1	12790869	6075	4775	148	1925	4244	4632	2536	13292	512	
FL	-30200	-30200	29	19	0	9	5	25	12	32	1	12711383	6075	4775	148	1925	4244	4632	2536	13292	512	
FL	-30400	-30400	28	19	0	9	6	30	9	29	1	12634009	6075	4775	148	1925	4244	4632	2536	13292	512	
FL	-30600	-30600	34	16	0	9	7	28	8	29	1	12558634	6075	4775	148	1925	4244	4632	2536	13292	512	
FL	-30800	-30800	33	15	0	8	8	33	10	29	1	12483450	6075	4775	148	1925	4244	4632	2536	13292	512	
FL	-31000	-31000	36	13	0	7	9	30	10	32	2	12411077	6075	4775	148	1925	4244	4632	2536	13292	512	
FL	-31200	-31200	32	14	0	6	8	24	8	39	3	12343058	6075	4775	148	1925	4244	4632	2536	13292	512	
FL	-31400	-31400	33	12	0	8	10	20	5	38	3	12271615	6075	4775	148	1925	4244	4632	2536	13292	512	
FL	-31600	-31600	34	16	0	9	9	21	6	38	2	12200409	6075	4775	148	1925	4244	4632	2536	13292	512	
FL	-31800	-31800	32	20	0	9	8	23	7	45	3	12131602	6075	4775	148	1925	4244	4632	2536	13292	512	
FL	-32000	-32000	34	25	0	7	8	23	4	40	3	12062953	6075	4775	148	1925	4244	4632	2536	13292	512	
FL	-32200	-32200	35	21	0	8	6	23	6	39	3	11992494	6075	4775	148	1925	4244	4632	2536	13292	512	
FL	-32400	-32400	35	21	0	6	5	24	5	35	3	11921717	6075	4775	148	1925	4244	4632	2536	13292	512	
FL	-32600	-32600	31	23	0	8	7	22	4	36	3	11851479	6075	4775	148	1925	4244	4632	2536	13292	512	
FL	-32800	-32800	28	21	0	9	4	17	6	40	3	11779879	6075	4775	148	1925	4244	4632	2536	13292	512	
FL	-33000	-33000	28	20	0	9	4	18	9	41	3	11708010	6075	4775	148	1925	4244	4632	2536	13292	512	
FL	-33200	-33200	34	19	0	10	4	23	9	38	2	11636963	6075	4775	148	1925	4244	4632	2536	13292	512	
FL	-33400	-33400	32	18	0	12	3	23	5	39	3	11566204	6075	4775	148	1925	4244	4632	2536	13292	512	
FL	-33600	-33600	33	18	0	12	4	19	7	37	3	11495251	6075	4775	148	1925	4244	4632	2536	13292	512	
FL	-33800	-33800	33	18	0	13	5	22	6	38	4	11425501	6075	4775	148	1925	4244	4632	2536	13292	512	
FL	-34000	-34000	34	14	0	10	6	22	7	42	4	11357122	6075	4775	148	1925	4244	4632	2536	13292	512	
FL	-34200	-34200	30	14	0	9	6	20	8	43	4	11290954	6075	4775	148	1925	4244	4632	2536	13292	512	
FL	-34400	-34400	36	17	0	9	5	18	8	41	4	11228524	6075	4775	148	1925	4244	4632	2536	13292	512	
FL	-34600	-34600	33	20	0	9	6	17	9	37	3	11167894	6075	4775	148	1925	4244	4632	2536	13292	512	
FL	-34800	-34800	29	21	0	11	7	24	9	36	3	11108157	6075	4775	148	1925	4244	4632	2536	13292	512	
FL	-35000	-35000	28	21	0	9	9	21	8	33	1	11049613	6075	4775	148	1925	4244	4632	2536	13292	512	
FL	-35200	-35200	28	24	0	10	7	19	8	30	1	10991742	6075	4775	148	1925	4244	4632	2536	13292	512	
FL	-35400	-35400	26	22	0	10	6	20	10	27	1	10934871	6075	4775	148	1925	4244	4632	2536	13292	512	
FL	-35600	-35600	24	20	0	11	6	17	8	24	0	10875370	6075	4775	148	1925	4244	4632	2536	13292	512	
FL	-35800	-35800	23	20	0	9	8	15	8	25	0	10816515	6075	4775	148	1925	4244	4632	2536	13292	512	
FL	-36000	-36000	25	20	1	7	11	14	8	25	0	10755147	6075	4775	148	1925	4244	4632	2536	13292	512	
FL	-36200	-36200	22	16	1	6	13	18	11	32	0	10696628	6075	4775	148	1925	4244	4632	2536	13292	512	
FL	-36400	-36400	22	18	1	7	14	18	14	30	0	10641421	6075	4775	148	1925	4244	4632	2536	13292	512	
FL	-36600	-36600	24	19	1	7	13	20	12	30	0	10588292	6075	4775	148	1925	4244	4632	2536	13292	512	
FL	-36800	-36800	21	16	0	7	12	21	13	31	0	10534732	6075	4775	148	1925	4244	4632	2536	13292	512	
FL	-37000	-37000	22	13	1	6	14	21	15	35	0	10481459	6075	4775	148	1925	4244	4632	2536	13292	512	
FL	-37200	-37200	25	18	1	4	13	20	14	34	0	10426857	6075	4775	148	1925	4244	4632	2536	13292	512	
FL	-37400	-37400	25	22	1	5	10	20	10	35	1	10372992	6075	4775	148	1925	4244	4632	2536	13292	512	
FL	-37600	-37600	25	21	1	5	10	19	11	35	1	10319555	6075	4775	148	1925	4244	4632	2536	13292	512	
FL	-37800	-37800	21	22	1	6	8	15	10	30	1	10267457	6075	4775	148	1925	4244	4632	2536	13292	512	
FL	-38000	-38000	19	22	1	6	7	16	12	30	1	10214690	6075	4775	148	1925	4244	4632	2536	13292	512	
FL	-38200	-38200	22	21	1	7	7	15	11	33	0	10159954	6075	4775	148	1925	4244	4632	2536	13292	512	
FL	-38400	-38400	22	20	1	5	9	17	11	35	1	10106497	6075	4775	148	1925	4244	4632	2536	13292	512	
FL	-38600	-38600	23	18	1	2	10	18	10	35	1	10052502	6075	4775	148	1925	4244	4632	2536	13292	512	
FL	-38800	-38800	23	16	1	3	11	17	11	36	2	9998954	6075	4775	148	1925	4244	4632	2536	13292	512	
FL	-39000	-39000	18	17	1	3	9	15	11	36	2	9946862	6075	4775	148	1925	4244	4632	2536	13292	512	
FL	-39200	-39200	18	16	1	3	10	16	10	40	2	9895502	6075	4775	148	1925	4244	4632	2536	13292	512	
FL	-39400	-39400	19	19	1	3	8	14	14	41	2	9843635	6075	4775	148	1925	4244	4632	2536	13292	512	
FL	-39600	-39600	20	20	1	3	6	17	15	32	2	9794297	6075	4775	148	1925	4244	4632	2536	13292	512	
FL	-39800	-39800	23	16	1	3	5	14	12	31	2	9748413	6075	4775	148	1925	4244	4632	2536	13292	512	
FL	-40000	-40000	24	16	1	3	5	13	11	30	2	9703258	6075	4775	148	1925	4244	4632	2536	13292	512	
FL	-40200	-40200	27	16	2	3	4	12	7	31	3	9656301	6075	4775	148	1925	4244	4632	2536	13292	512	
FL	-40400	-40400	25	15	2	3	5	13	5	31	3	9609996	6075	4775	148	1925	4244	4632	2536	13292	512	
FL	-40600	-40600	26	12	2	4	7	14	6	35	2	9563209	6075	4775	148	1925	4244	4632	2536	13292	512	
FL	-40800	-40800	27	12	2	4	6	11	5	35	1	9517862	6075	4775	148	1925	4244	4632	2536	13292	512	
FL	-41000	-41000	21	14	2	4	6	15	5	38	1	9472560	6075	4775	148	1925	4244	4632	2536	13292	512	
FL	-41200	-41200	20	12	2	3	6	15	5	33	1	9428374	6075	4775	148	1925	4244	4632	2536	13292	512	
FL	-41400	-41400	21	13	2	3	9	18	5	30	1	9382670	6075	4775	148	1925	4244	4632	2536	13292	512	
FL	-41600	-41600	23	11	2	4	9	20	5	27	1	9338688	6075	4775	148	1925	4244	4632	2536	13292	512	
FL	-41800	-41800	22	9	1	3	8	21	3	28	1	9295482	6075	4775	148	1925	4244	4632	2536	13292	512	
FL	-42000	-42000	20	7	0	3	8	21	4	28	1	9253930	6075	4775	148	1925	4244	4632	2536	13292	512	
FL	-42200	-42200	17	6	0	5	7	20	6	28	1	9213710	6075	4775	148	1925	4244	4632	2536	13292	512	
FL	-42400	-42400	18	7	0	6	7	21	5	27	1	9176663	6075	4775	148	1925	4244	4632	2536	13292	512	
FL	-42600	-42600	17	11	0	7	7	21	5	26	1	9138069	6075	4775	148	1925	4244	4632	2536	13292	512	
FL	-42800	-42800	16	12	0	3	5	18	5	27	1	9097969	6075	4775	148	1925	4244	4632	2536	13292	512	
FL	-43000	-43000	15	11	0	3	6	17	6	22	1	9055726	6075	4775	148	1925	4244	4632	2536	13292	512	
FL	-43200	-43200	14	12	0	4	6	17	7	23	1	9013792	6075	4775	148	1925	4244	4632	2536	13292	512	
FL	-43400	-43400	14	14	0	3	7	18	10	22	1	8972272	6075	4775	148	1925	4244	4632	2536	13292	512	
FL	-43600	-43600	14	15	0	3	4	18	11	20	1	8930861	6075	4775	148	1925	4244	4632	2536	13292	512	
FL	-43800	-43800	16	17	0	4	4	21	11	21	2	8887804	6075	4775	148	1925	4244	4632	2536	13292	512	
FL	-44000	-44000	17	16	0	4	5	18	11	23	1	8845982	6075	4775	148	1925	4244	4632	2536	13292	512	
FL	-44200	-44200	15	16	0	4	4	21	11	20	1	8805481	6075	4775	148	1925	4244	4632	2536	13292	512	
FL	-44400	-44400	16	15	0	2	4	23	11	20	1	8766233	6075	4775	148	1925	4244	4632	2536	13292	512	
FL	-44600	-44600	18	16	0	5	3	23	13	19	2	8729333	6075	4775	148	1925	4244	4632	2536	13292	512	
FL	-44800	-44800	20	17	0	5	3	23	13	22	2	8695296	6075	4775	148	1925	4244	4632	2536	13292	512	
FL	-45000	-45000	19	17	0	5	5	24	14	22	2	8662308	6075	4775	148	1925	4244	4632	2536	13292	512	
FL	-45200	-45200	20	20	0	4	4	25	16	22	1	8627339	6075	4775	148	1925	4244	4632	2536	13292	512	
FL	-45400	-45400	26	18	0	4	6	23	13	23	1	8590871	6075	4775	148	1925	4244	4632	2536	13292	512	
FL	-45600	-45600	23	14	0	5	7	22	13	21	1	8556971	6075	4775	148	1925	4244	4632	2536	13292	512	
FL	-45800	-45800	22	14	0	5	8	16	11	22	0	8523220	6075	4775	148	1925	4244	4632	2536	13292	512	
FL	-46000	-46000	19	16	0	5	8	14	8	21	0	8490104	6075	4775	148	1925	4244	4632	2536	13292	512	
FL	-46200	-46200	19	11	0	6	8	12	8	24	0	8457082	6075	4775	148	1925	4244	4632	2536	13292	512	
FL	-46400	-46400	19	13	0	5	7	11	7	27	0	8422787	6075	4775	148	1925	4244	4632	2536	13292	512	
FL	-46600	-46600	16	13	0	4	6	13	7	29	0	8389062	6075	4775	148	1925	4244	4632	2536	13292	512	
FL	-46800	-46800	18	11	0	4	7	17	3	28	0	8355068	6075	4775	148	1925	4244	4632	2536	13292	512	
FL	-47000	-47000	18	8	0	3	7	17	5	27	0	8319979	6075	4775	148	1925	4244	4632	2536	13292	512	
FL	-47200	-47200	13	8	0	2	6	19	2	25	0	8284406	6075	4775	148	1925	4244	4632	2536	13292	512	
FL	-47400	-47400	11	7	0	4	6	22	1	28	0	8249346	6075	4775	148	1925	4244	4632	2536	13292	512	
FL	-47600	-47600	13	6	0	5	5	23	1	28	0	8214842	6075	4775	148	1925	4244	4632	2536	13292	512	
FL	-47800	-47800	14	7	1	5	5	24	3	27	0	8180239	6075	4775	148	1925	4244	4632	2536	13292	512	
FL	-48000	-48000	13	6	1	7	5	26	5	26	0	8146097	6075	4775	148	1925	4244	4632	2536	13292	512	
FL	-48200	-48200	15	9	2	7	6	26	6	30	0	8112482	6075	4775	148	1925	4244	4632	2536	13292	512	
FL	-48400	-48400	16	9	1	6	8	25	8	31	0	8078282	6075	4775	148	1925	4244	4632	2536	13292	512	
FL	-48600	-48600	19	11	1	4	7	23	8	27	0	8044711	6075	4775	148	1925	4244	4632	2536	13292	512	
FL	-48800	-48800	24	11	1	2	7	20	8	29	0	8012131	6075	4775	148	1925	4244	4632	2536	13292	512	
FL	-49000	-49000	21	12	1	4	9	23	7	23	0	7979606	6075	4775	148	1925	4244	4632	2536	13292	512	
FL	-49200	-49200	26	13	1	5	9	23	10	20	0	7947697	6075	4775	148	1925	4244	4632	2536	13292	512	
FL	-49400	-49400	27	12	1	7	8	22	12	22	0	7917149	6075	4775	148	1925	4244	4632	2536	13292	512	
FL	-49600	-49600	23	14	1	7	10	23	10	25	0	7887533	6075	4775	148	1925	4244	4632	2536	13292	512	
FL	-49800	-49800	21	14	1	6	7	22	6	24	0	7857051	6075	4775	148	1925	4244	4632	2536	13292	512	
FL	-50000	-50000	16	11	1	7	7	20	8	29	0	7826677	6075	4775	148	1925	4244	4632	2536	13292	512	
FL	-50200	-50200	13	9	1	5	5	18	9	29	0	7795548	6075	4775	148	1925	4244	4632	2536	13292	512	
FL	-50400	-50400	12	8	1	5	5	17	8	31	0	7766444	6075	4775	148	1925	4244	4632	2536	13292	512	
FL	-50600	-50600	13	8	1	3	6	17	9	33	0	7737487	6075	4775	148	1925	4244	4632	2536	13292	512	
FL	-50800	-50800	11	9	1	3	6	17	10	34	0	7708348	6075	4775	148	1925	4244	4632	2536	13292	512	
FL	-51000	-51000	11	8	1	2	6	16	9	29	0	7678262	6075	4775	148	1925	4244	4632	2536	13292	512	
FL	-51200	-51200	10	9	0	2	6	14	6	29	0	7647533	6075	4775	148	1925	4244	4632	2536	13292	512	
FL	-51400	-51400	12	10	0	2	5	13	6	26	0	7617554	6075	4775	148	1925	4244	4632	2536	13292	512	
FL	-51600	-51600	12	12	0	2	5	10	6	25	0	7587030	6075	4775	148	1925	4244	4632	2536	13292	512	
FL	-51800	-51800	11	12	0	3	4	14	5	27	0	7556676	6075	4775	148	1925	4244	4632	2536	13292	512	
FL	-52000	-52000	11	10	0	2	4	15	4	26	0	7525699	6075	4775	148	1925	4244	4632	2536	13292	512	
FL	-52200	-52200	13	10	0	3	3	18	5	20	0	7496197	6075	4775	148	1925	4244	4632	2536	13292	512	
FL	-52400	-52400	14	12	0	3	3	19	5	26	0	7466974	6075	4775	148	1925	4244	4632	2536	13292	512	
FL	-52600	-52600	14	12	0	4	2	19	4	30	0	7439079	6075	4775	148	1925	4244	4632	2536	13292	512	
FL	-52800	-52800	16	11	0	3	2	17	6	29	0	7411140	6075	4775	148	1925	4244	4632	2536	13292	512	
FL	-53000	-53000	17	9	0	3	3	16	6	30	0	7383591	6075	4775	148	1925	4244	4632	2536	13292	512	
FL	-53200	-53200	14	8	0	1	3	15	7	31	0	7356000	6075	4775	148	1925	4244	4632	2536	13292	512	
FL	-53400	-53400	11	9	0	0	5	13	6	27	0	7327701	6075	4775	148	1925	4244	4632	2536	13292	512	
FL	-53600	-53600	11	10	1	1	5	16	5	33	0	7299091	6075	4775	148	1925	4244	4632	2536	13292	512	
FL	-53800	-53800	14	7	1	1	5	17	5	36	0	7271110	6075	4775	148	1925	4244	4632	2536	13292	512	
FL	-54000	-54000	13	9	1	1	6	16	4	35	0	7242788	6075	4775	148	1925	4244	4632	2536	13292	512	
FL	-54200	-54200	13	8	1	1	7	15	4	33	0	7213988	6075	4775	148	1925	4244	4632	2536	13292	512	
FL	-54400	-54400	13	7	1	1	7	14	4	37	0	7184405	6075	4775	148	1925	4244	4632	2536	13292	512	
FL	-54600	-54600	11	7	1	1	8	16	6	36	0	7156896	6075	4775	148	1925	4244	4632	2536	13292	512	
FL	-54800	-54800	12	8	1	2	8	17	5	35	0	7129472	6075	4775	148	1925	4244	4632	2536	13292	512	
FL	-55000	-55000	12	9	1	1	6	15	4	31	0	7102937	6075	4775	148	1925	4244	4632	2536	13292	512	
FL	-55200	-55200	14	9	0	1	6	16	5	29	0	7076164	6075	4775	148	1925	4244	4632	2536	13292	512	
FL	-55400	-55400	17	13	0	1	6	16	5	28	0	7051477	6075	4775	148	1925	4244	4632	2536	13292	512	
FL	-55600	-55600	18	13	0	1	5	14	5	27	0	7025968	6075	4775	148	1925	4244	4632	2536	13292	512	
FL	-55800	-55800	18	14	0	1	4	13	6	26	0	6998914	6075	4775	148	1925	4244	4632	2536	13292	512	
FL	-56000	-56000	16	11	0	1	4	12	7	27	0	6971440	6075	4775	148	1925	4244	4632	2536	13292	512	
FL	-56200	-56200	19	13	0	1	5	10	7	27	0	6944186	6075	4775	148	1925	4244	4632	2536	13292	512	
FL	-56400	-56400	19	13	0	0	5	11	5	26	0	6918121	6075	4775	148	1925	4244	4632	2536	13292	512	
FL	-56600	-56600	20	13	0	1	6	11	8	26	0	6892759	6075	4775	148	1925	4244	4632	2536	13292	512	
FL	-56800	-56800	19	12	0	1	6	12	8	24	0	6867775	6075	4775	148	1925	4244	4632	2536	13292	512	
FL	-57000	-57000	20	12	0	1	6	14	8	21	0	6841682	6075	4775	148	1925	4244	4632	2536	13292	512	
FL	-57200	-57200	19	12	0	2	5	15	9	17	0	6816718	6075	4775	148	1925	4244	4632	2536	13292	512	
FL	-57400	-57400	16	14	0	2	6	17	6	18	0	6790591	6075	4775	148	1925	4244	4632	2536	13292	512	
FL	-57600	-57600	18	13	0	2	5	19	9	18	0	6765852	6075	4775	148	1925	4244	4632	2536	13292	512	
FL	-57800	-57800	16	13	0	1	5	17	7	25	0	6740681	6075	4775	148	1925	4244	4632	2536	13292	512	
FL	-58000	-58000	17	15	1	1	5	17	9	25	0	6715892	6075	4775	148	1925	4244	4632	2536	13292	512	
FL	-58200	-58200	20	16	1	1	6	16	9	21	0	6692141	6075	4775	148	1925	4244	4632	2536	13292	512	
FL	-58400	-58400	21	14	1	1	6	13	7	18	0	6667959	6075	4775	148	1925	4244	4632	2536	13292	512	
FL	-58600	-58600	17	15	0	3	6	10	7	17	0	6644739	6075	4775	148	1925	4244	4632	2536	13292	512	
FL	-58800	-58800	18	14	0	3	6	12	5	14	0	6621424	6075	4775	148	1925	4244	4632	2536	13292	512	
FL	-59000	-59000	13	13	0	4	7	11	3	15	0	6597875	6075	4775	148	1925	4244	4632	2536	13292	512	
FL	-59200	-59200	10	14	0	4	8	13	3	17	0	6573111	6075	4775	148	1925	4244	4632	2536	13292	512	
FL	-59400	-59400	10	13	0	4	9	14	4	19	0	6549095	6075	4775	148	1925	4244	4632	2536	13292	512	
FL	-59600	-59600	7	12	0	4	9	13	4	17	0	6524770	6075	4775	148	1925	4244	4632	2536	13292	512	
FL	-59800	-59800	4	12	0	4	11	12	3	15	0	6501596	6075	4775	148	1925	4244	4632	2536	13292	512	
FL	-60000	-60000	7	14	0	4	11	10	2	16	0	6478477	6075	4775	148	1925	4244	4632	2536	13292	512	
FL	-60200	-60200	10	14	0	5	11	12	5	15	0	6457499	6075	4775	148	1925	4244	4632	2536	13292	512	
FL	-60400	-60400	10	12	0	5	9	14	7	21	0	6437484	6075	4775	148	1925	4244	4632	2536	13292	512	
FL	-60600	-60600	11	9	0	5	7	14	7	21	0	6417444	6075	4775	148	1925	4244	4632	2536	13292	512	
FL	-60800	-60800	11	7	0	5	6	14	7	15	0	6397296	6075	4775	148	1925	4244	4632	2536	13292	512	
FL	-61000	-61000	9	7	0	5	8	15	6	15	1	6374951	6075	4775	148	1925	4244	4632	2536	13292	512	
FL	-61200	-61200	6	4	0	4	7	14	6	14	1	6353911	6075	4775	148	1925	4244	4632	2536	13292	512	
FL	-61400	-61400	5	6	0	4	7	12	4	19	0	6333028	6075	4775	148	1925	4244	4632	2536	13292	512	
FL	-61600	-61600	8	5	1	4	6	11	4	19	0	6312621	6075	4775	148	1925	4244	4632	2536	13292	512	
FL	-61800	-61800	9	8	1	3	7	12	5	22	0	6291907	6075	4775	148	1925	4244	4632	2536	13292	512	
FL	-62000	-62000	12	9	1	2	8	12	3	22	0	6271471	6075	4775	148	1925	4244	4632	2536	13292	512	
FL	-62200	-62200	13	8	1	0	9	13	5	24	0	6250634	6075	4775	148	1925	4244	4632	2536	13292	512	
FL	-62400	-62400	12	10	1	0	9	11	6	23	0	6229684	6075	4775	148	1925	4244	4632	2536	13292	512	
FL	-62600	-62600	13	7	1	0	11	12	6	25	0	6208711	6075	4775	148	1925	4244	4632	2536	13292	512	
FL	-62800	-62800	14	7	1	0	9	13	8	30	1	6189149	6075	4775	148	1925	4244	4632	2536	13292	512	
FL	-63000	-63000	14	7	0	0	7	12	7	30	1	6169688	6075	4775	148	1925	4244	4632	2536	13292	512	
FL	-63200	-63200	13	8	0	0	6	13	5	27	0	6150677	6075	4775	148	1925	4244	4632	2536	13292	512	
FL	-63400	-63400	11	7	0	1	5	13	5	27	0	6130691	6075	4775	148	1925	4244	4632	2536	13292	512	
FL	-63600	-63600	11	6	0	1	4	13	4	28	0	6110930	6075	4775	148	1925	4244	4632	2536	13292	512	
FL	-63800	-63800	11	7	0	1	5	13	4	28	0	6089885	6075	4775	148	1925	4244	4632	2536	13292	512	
FL	-64000	-64000	11	5	0	2	5	10	4	27	0	6068658	6075	4775	148	1925	4244	4632	2536	13292	512	
FL	-64200	-64200	9	5	0	4	4	10	4	25	0	6049341	6075	4775	148	1925	4244	4632	2536	13292	512	
FL	-64400	-64400	8	6	0	5	2	11	5	31	0	6028766	6075	4775	148	1925	4244	4632	2536	13292	512	
FL	-64600	-64600	8	6	0	5	4	9	7	32	1	6008424	6075	4775	148	1925	4244	4632	2536	13292	512	
FL	-64800	-64800	11	7	0	5	6	8	7	31	1	5989496	6075	4775	148	1925	4244	4632	2536	13292	512	
FL	-65000	-65000	11	8	0	5	6	10	7	35	1	5970742	6075	4775	148	1925	4244	4632	2536	13292	512	
FL	-65200	-65200	14	7	0	1	7	10	4	34	1	5952352	6075	4775	148	1925	4244	4632	2536	13292	512	
FL	-65400	-65400	14	10	0	1	7	11	5	33	1	5935228	6075	4775	148	1925	4244	4632	2536	13292	512	
FL	-65600	-65600	15	13	0	2	6	14	6	36	1	5918397	6075	4775	148	1925	4244	4632	2536	13292	512	
FL	-65800	-65800	14	13	0	2	6	15	6	33	1	5901662	6075	4775	148	1925	4244	4632	2536	13292	512	
FL	-66000	-66000	17	11	0	2	6	13	7	29	1	5884297	6075	4775	148	1925	4244	4632	2536	13292	512	
FL	-66200	-66200	19	11	0	2	6	11	4	26	1	5867086	6075	4775	148	1925	4244	4632	2536	13292	512	
FL	-66400	-66400	20	8	0	2	6	13	5	23	1	5849892	6075	4775	148	1925	4244	4632	2536	13292	512	
FL	-66600	-66600	16	8	0	2	5	16	6	24	1	5833844	6075	4775	148	1925	4244	4632	2536	13292	512	
FL	-66800	-66800	15	8	0	3	5	14	5	24	1	5817019	6075	4775	148	1925	4244	4632	2536	13292	512	
FL	-67000	-67000	15	7	0	3	3	14	5	21	1	5799091	6075	4775	148	1925	4244	4632	2536	13292	512	
FL	-67200	-67200	16	5	0	2	3	12	5	25	1	5780349	6075	4775	148	1925	4244	4632	2536	13292	512	
FL	-67400	-67400	13	8	0	3	3	9	6	27	1	5761141	6075	4775	148	1925	4244	4632	2536	13292	512	
FL	-67600	-67600	17	8	0	3	3	6	7	25	1	5742460	6075	4775	148	1925	4244	4632	2536	13292	512	
FL	-67800	-67800	14	6	0	4	5	7	4	28	1	5725627	6075	4775	148	1925	4244	4632	2536	13292	512	
FL	-68000	-68000	17	7	0	3	3	5	3	27	1	5709826	6075	4775	148	1925	4244	4632	2536	13292	512	
FL	-68200	-68200	16	7	0	5	3	6	3	27	1	5694278	6075	4775	148	1925	4244	4632	2536	13292	512	
FL	-68400	-68400	16	7	0	4	3	6	2	25	1	5679326	6075	4775	148	1925	4244	4632	2536	13292	512	
FL	-68600	-68600	16	6	0	5	3	8	1	23	1	5664554	6075	4775	148	1925	4244	4632	2536	13292	512	
FL	-68800	-68800	16	6	0	5	2	10	1	24	1	5650338	6075	4775	148	1925	4244	4632	2536	13292	512	
FL	-69000	-69000	12	7	0	5	2	8	3	20	1	5637186	6075	4775	148	1925	4244	4632	2536	13292	512	
FL	-69200	-69200	13	7	0	4	3	9	4	17	1	5622891	6075	4775	148	1925	4244	4632	2536	13292	512	
FL	-69400	-69400	11	7	0	4	3	9	5	16	1	5609479	6075	4775	148	1925	4244	4632	2536	13292	512	
FL	-69600	-69600	10	7	0	2	4	10	5	17	1	5597014	6075	4775	148	1925	4244	4632	2536	13292	512	
FL	-69800	-69800	11	8	0	2	4	10	5	20	1	5583994	6075	4775	148	1925	4244	4632	2536	13292	512	
FL	-70000	-70000	11	8	0	2	6	10	3	19	1	5570115	6075	4775	148	1925	4244	4632	2536	13292	512	
FL	-70200	-70200	8	8	0	2	7	7	3	20	1	5556122	6075	4775	148	1925	4244	4632	2536	13292	512	
FL	-70400	-70400	10	8	0	4	7	7	3	18	0	5541779	6075	4775	148	1925	4244	4632	2536	13292	512	
FL	-70600	-70600	8	11	0	3	7	8	2	16	0	5526385	6075	4775	148	1925	4244	4632	2536	13292	512	
FL	-70800	-70800	10	12	0	2	4	10	2	18	0	5511522	6075	4775	148	1925	4244	4632	2536	13292	512	
FL	-71000	-71000	10	12	0	2	4	11	1	17	0	5497097	6075	4775	148	1925	4244	4632	2536	13292	512	
FL	-71200	-71200	11	10	0	2	4	9	3	15	0	5482392	6075	4775	148	1925	4244	4632	2536	13292	512	
FL	-71400	-71400	15	10	0	2	4	10	3	14	0	5467276	6075	4775	148	1925	4244	4632	2536	13292	512	
FL	-71600	-71600	14	11	0	1	5	10	4	13	0	5453240	6075	4775	148	1925	4244	4632	2536	13292	512	
FL	-71800	-71800	15	8	0	0	4	12	4	15	0	5438688	6075	4775	148	1925	4244	4632	2536	13292	512	
FL	-72000	-72000	14	7	0	0	5	9	4	14	0	5423751	6075	4775	148	1925	4244	4632	2536	13292	512	
FL	-72200	-72200	15	6	0	0	4	8	4	15	2	5408570	6075	4775	148	1925	4244	4632	2536	13292	512	
FL	-72400	-72400	12	7	0	0	6	9	4	13	2	5393472	6075	4775	148	1925	4244	4632	2536	13292	512	
FL	-72600	-72600	11	8	0	0	6	8	3	15	3	5377211	6075	4775	148	1925	4244	4632	2536	13292	512	
FL	-72800	-72800	9	8	0	1	8	8	3	17	4	5360375	6075	4775	148	1925	4244	4632	2536	13292	512	
FL	-73000	-73000	11	10	0	2	8	9	4	17	3	5343674	6075	4775	148	1925	4244	4632	2536	13292	512	
FL	-73200	-73200	12	11	0	2	8	8	3	19	2	5326834	6075	4775	148	1925	4244	4632	2536	13292	512	
FL	-73400	-73400	10	10	0	2	7	6	3	22	1	5309310	6075	4775	148	1925	4244	4632	2536	13292	512	
FL	-73600	-73600	13	10	0	2	7	8	4	21	1	5291974	6075	4775	148	1925	4244	4632	2536	13292	512	
FL	-73800	-73800	15	9	0	2	10	8	4	21	1	5276753	6075	4775	148	1925	4244	4632	2536	13292	512	
FL	-74000	-74000	15	6	0	2	9	8	4	21	1	5261503	6075	4775	148	1925	4244	4632	2536	13292	512	
FL	-74200	-74200	16	4	0	2	10	8	2	18	1	5246345	6075	4775	148	1925	4244	4632	2536	13292	512	
FL	-74400	-74400	17	6	0	3	9	7	2	14	1	5231852	6075	4775	148	1925	4244	4632	2536	13292	512	
FL	-74600	-74600	16	6	0	5	6	9	2	11	1	5218484	6075	4775	148	1925	4244	4632	2536	13292	512	
FL	-74800	-74800	15	7	0	6	5	11	2	11	1	5206413	6075	4775	148	1925	4244	4632	2536	13292	512	
FL	-75000	-75000	11	7	0	7	5	15	2	9	1	5193547	6075	4775	148	1925	4244	4632	2536	13292	512	
FL	-75200	-75200	10	6	1	6	6	16	3	16	1	5178929	6075	4775	148	1925	4244	4632	2536	13292	512	
FL	-75400	-75400	12	7	1	6	5	15	3	19	1	5164198	6075	4775	148	1925	4244	4632	2536	13292	512	
FL	-75600	-75600	13	6	1	5	6	18	3	21	0	5149468	6075	4775	148	1925	4244	4632	2536	13292	512	
FL	-75800	-75800	12	10	1	5	5	19	1	23	2	5134327	6075	4775	148	1925	4244	4632	2536	13292	512	
FL	-76000	-76000	11	12	1	5	6	15	3	22	2	5118916	6075	4775	148	1925	4244	4632	2536	13292	512	
FL	-76200	-76200	9	10	1	4	7	16	3	19	2	5104416	6075	4775	148	1925	4244	4632	2536	13292	512	
FL	-76400	-76400	8	9	1	4	7	14	2	21	2	5090651	6075	4775	148	1925	4244	4632	2536	13292	512	
FL	-76600	-76600	6	10	1	3	7	15	5	21	1	5076923	6075	4775	148	1925	4244	4632	2536	13292	512	
FL	-76800	-76800	10	12	1	3	6	12	4	22	1	5062689	6075	4775	148	1925	4244	4632	2536	13292	512	
FL	-77000	-77000	12	11	1	3	6	9	3	22	1	5050708	6075	4775	148	1925	4244	4632	2536	13292	512	
FL	-77200	-77200	13	10	0	3	5	8	4	15	1	5039433	6075	4775	148	1925	4244	4632	2536	13292	512	
FL	-77400	-77400	11	10	0	3	3	9	4	11	1	5028638	6075	4775	148	1925	4244	4632	2536	13292	512	
FL	-77600	-77600	12	8	0	4	2	9	2	9	1	5017561	6075	4775	148	1925	4244	4632	2536	13292	512	
FL	-77800	-77800	11	7	1	4	2	11	2	9	0	5006198	6075	4775	148	1925	4244	4632	2536	13292	512	
FL	-78000	-78000	10	5	1	3	3	10	5	8	0	4994806	6075	4775	148	1925	4244	4632	2536	13292	512	
FL	-78200	-78200	10	4	1	1	3	10	5	8	0	4981911	6075	4775	148	1925	4244	4632	2536	13292	512	
FL	-78400	-78400	10	10	1	1	2	5	5	7	0	4968351	6075	4775	148	1925	4244	4632	2536	13292	512	
FL	-78600	-78600	12	13	1	1	3	5	5	7	1	4954572	6075	4775	148	1925	4244	4632	2536	13292	512	
FL	-78800	-78800	11	14	1	1	3	6	5	8	1	4940327	6075	4775	148	1925	4244	4632	2536	13292	512	
FL	-79000	-79000	13	13	1	0	3	6	5	9	1	4927591	6075	4775	148	1925	4244	4632	2536	13292	512	
FL	-79200	-79200	12	13	1	0	3	6	4	9	1	4915896	6075	4775	148	1925	4244	4632	2536	13292	512	
FL	-79400	-79400	12	11	1	0	3	6	4	13	1	4906578	6075	4775	148	1925	4244	4632	2536	13292	512	
FL	-79600	-79600	13	10	1	0	3	7	5	14	1	4895534	6075	4775	148	1925	4244	4632	2536	13292	512	
FL	-79800	-79800	12	13	0	0	3	7	4	17	1	4884276	6075	4775	148	1925	4244	4632	2536	13292	512	
FL	-80000	-80000	10	13	0	0	3	7	5	16	2	4873738	6075	4775	148	1925	4244	4632	2536	13292	512	
FL	-80200	-80200	10	12	0	0	2	4	5	15	2	4863319	6075	4775	148	1925	4244	4632	2536	13292	512	
FL	-80400	-80400	10	13	0	2	2	5	4	15	1	4852173	6075	4775	148	1925	4244	4632	2536	13292	512	
FL	-80600	-80600	9	11	0	2	2	5	5	14	1	4839771	6075	4775	148	1925	4244	4632	2536	13292	512	
FL	-80800	-80800	7	8	0	2	2	5	5	14	1	4825793	6075	4775	148	1925	4244	4632	2536	13292	512	
FL	-81000	-81000	8	7	0	2	2	6	4	18	1	4811317	6075	4775	148	1925	4244	4632	2536	13292	512	
FL	-81200	-81200	9	6	0	2	2	6	5	18	1	4797534	6075	4775	148	1925	4244	4632	2536	13292	512	
FL	-81400	-81400	14	4	0	0	3	5	7	18	1	4783699	6075	4775	148	1925	4244	4632	2536	13292	512	
FL	-81600	-81600	17	3	0	0	3	5	6	17	0	4769792	6075	4775	148	1925	4244	4632	2536	13292	512	
FL	-81800	-81800	19	3	0	1	1	6	6	22	0	4756414	6075	4775	148	1925	4244	4632	2536	13292	512	
FL	-82000	-82000	18	3	0	1	2	7	7	23	0	4743351	6075	4775	148	1925	4244	4632	2536	13292	512	
FL	-82200	-82200	10	7	0	0	2	8	7	23	0	4730397	6075	4775	148	1925	4244	4632	2536	13292	512	
FL	-82400	-82400	9	8	0	0	2	9	8	24	0	4718169	6075	4775	148	1925	4244	4632	2536	13292	512	
FL	-82600	-82600	13	10	0	0	2	9	7	25	0	4704944	6075	4775	148	1925	4244	4632	2536	13292	512	
FL	-82800	-82800	16	11	0	0	3	9	7	26	0	4691200	6075	4775	148	1925	4244	4632	2536	13292	512	
FL	-83000	-83000	17	11	0	0	4	9	7	25	0	4676825	6075	4775	148	1925	4244	4632	2536	13292	512	
FL	-83200	-83200	14	12	0	1	4	8	6	17	0	4664080	6075	4775	148	1925	4244	4632	2536	13292	512	
FL	-83400	-83400	13	10	0	1	4	8	6	16	0	4651571	6075	4775	148	1925	4244	4632	2536	13292	512	
FL	-83600	-83600	16	8	0	1	3	7	6	17	0	4639025	6075	4775	148	1925	4244	4632	2536	13292	512	
FL	-83800	-83800	12	7	0	2	2	8	4	20	0	4626672	6075	4775	148	1925	4244	4632	2536	13292	512	
FL	-84000	-84000	12	8	0	3	2	8	2	15	0	4613007	6075	4775	148	1925	4244	4632	2536	13292	512	
FL	-84200	-84200	11	6	0	3	2	7	2	17	0	4600570	6075	4775	148	1925	4244	4632	2536	13292	512	
FL	-84400	-84400	11	7	0	2	2	6	2	18	0	4589009	6075	4775	148	1925	4244	4632	2536	13292	512	
FL	-84600	-84600	11	7	1	2	3	7	3	17	0	4578156	6075	4775	148	1925	4244	4632	2536	13292	512	
FL	-84800	-84800	10	7	1	3	3	8	4	17	0	4567168	6075	4775	148	1925	4244	4632	2536	13292	512	
FL	-85000	-85000	11	6	1	2	3	6	6	17	0	4556021	6075	4775	148	1925	4244	4632	2536	13292	512	
FL	-85200	-85200	11	3	1	1	3	5	6	20	0	4544769	6075	4775	148	1925	4244	4632	2536	13292	512	
FL	-85400	-85400	10	2	0	0	4	6	6	20	0	4533499	6075	4775	148	1925	4244	4632	2536	13292	512	
FL	-85600	-85600	12	2	0	0	4	6	5	14	0	4523053	6075	4775	148	1925	4244	4632	2536	13292	512	
FL	-85800	-85800	11	3	0	0	5	8	4	18	0	4513687	6075	4775	148	1925	4244	4632	2536	13292	512	
FL	-86000	-86000	11	5	0	0	5	9	4	16	0	4505674	6075	4775	148	1925	4244	4632	2536	13292	512	
FL	-86200	-86200	11	6	0	0	5	7	3	12	0	4497209	6075	4775	148	1925	4244	4632	2536	13292	512	
FL	-86400	-86400	13	9	0	1	5	6	5	13	0	4488928	6075	4775	148	1925	4244	4632	2536	13292	512	
FL	-86600	-86600	11	10	0	1	5	7	6	12	0	4480362	6075	4775	148	1925	4244	4632	2536	13292	512	
FL	-86800	-86800	17	10	0	1	4	7	5	13	1	4469434	6075	4775	148	1925	4244	4632	2536	13292	512	
FL	-87000	-87000	21	9	0	1	2	8	3	12	1	4457649	6075	4775	148	1925	4244	4632	2536	13292	512	
FL	-87200	-87200	20	8	0	1	3	8	5	14	0	4445067	6075	4775	148	1925	4244	4632	2536	13292	512	
FL	-87400	-87400	18	7	0	1	3	7	4	14	0	4433664	6075	4775	148	1925	4244	4632	2536	13292	512	
FL	-87600	-87600	18	5	0	1	3	8	4	14	0	4423833	6075	4775	148	1925	4244	4632	2536	13292	512	
FL	-87800	-87800	17	3	0	1	3	7	5	14	0	4414891	6075	4775	148	1925	4244	4632	2536	13292	512	
FL	-88000	-88000	19	4	0	1	2	7	4	11	0	4406472	6075	4775	148	1925	4244	4632	2536	13292	512	
FL	-88200	-88200	18	3	0	1	1	8	5	12	1	4397641	6075	4775	148	1925	4244	4632	2536	13292	512	
FL	-88400	-88400	12	4	0	1	2	11	5	12	1	4388450	6075	4775	148	1925	4244	4632	2536	13292	512	
FL	-88600	-88600	12	6	0	1	2	10	5	11	1	4378750	6075	4775	148	1925	4244	4632	2536	13292	512	
FL	-88800	-88800	9	7	0	1	2	10	4	9	1	4368740	6075	4775	148	1925	4244	4632	2536	13292	512	
FL	-89000	-89000	8	7	0	1	2	8	5	9	1	4359971	6075	4775	148	1925	4244	4632	2536	13292	512	
FL	-89200	-89200	7	5	0	1	2	6	7	9	1	4351898	6075	4775	148	1925	4244	4632	2536	13292	512	
FL	-89400	-89400	8	4	0	3	3	3	10	13	1	4344663	6075	4775	148	1925	4244	4632	2536	13292	512	
FL	-89600	-89600	10	4	0	3	2	4	8	13	1	4338125	6075	4775	148	1925	4244	4632	2536	13292	512	
FL	-89800	-89800	9	6	0	3	1	5	7	11	1	4330958	6075	4775	148	1925	4244	4632	2536	13292	512	
FL	-90000	-90000	11	7	0	2	1	6	6	15	1	4321933	6075	4775	148	1925	4244	4632	2536	13292	512	
FL	-90200	-90200	14	10	0	1	1	5	4	17	1	4312519	6075	4775	148	1925	4244	4632	2536	13292	512	
FL	-90400	-90400	16	7	1	1	2	6	4	14	1	4303747	6075	4775	148	1925	4244	4632	2536	13292	512	
FL	-90600	-90600	11	11	1	1	2	6	3	16	1	4294686	6075	4775	148	1925	4244	4632	2536	13292	512	
FL	-90800	-90800	11	11	1	1	1	6	3	15	1	4285644	6075	4775	148	1925	4244	4632	2536	13292	512	
FL	-91000	-91000	11	12	1	2	1	10	4	22	0	4276160	6075	4775	148	1925	4244	4632	2536	13292	512	
FL	-91200	-91200	11	10	1	1	1	10	4	22	0	4265242	6075	4775	148	1925	4244	4632	2536	13292	512	
FL	-91400	-91400	9	9	1	1	1	10	4	19	0	4253921	6075	4775	148	1925	4244	4632	2536	13292	512	
FL	-91600	-91600	9	9	0	1	1	11	4	18	0	4242726	6075	4775	148	1925	4244	4632	2536	13292	512	
FL	-91800	-91800	9	6	0	0	1	9	2	20	1	4232049	6075	4775	148	1925	4244	4632	2536	13292	512	
FL	-92000	-92000	10	5	0	0	1	6	2	17	1	4221404	6075	4775	148	1925	4244	4632	2536	13292	512	
FL	-92200	-92200	11	5	0	0	1	5	2	15	1	4210450	6075	4775	148	1925	4244	4632	2536	13292	512	
FL	-92400	-92400	11	6	0	0	2	4	3	15	1	4198719	6075	4775	148	1925	4244	4632	2536	13292	512	
FL	-92600	-92600	11	7	0	0	3	4	4	13	1	4188022	6075	4775	148	1925	4244	4632	2536	13292	512	
FL	-92800	-92800	9	6	0	0	3	8	5	14	1	4177450	6075	4775	148	1925	4244	4632	2536	13292	512	
FL	-93000	-93000	9	6	0	0	3	9	4	14	1	4166783	6075	4775	148	1925	4244	4632	2536	13292	512	
FL	-93200	-93200	10	6	1	1	4	10	5	14	1	4155686	6075	4775	148	1925	4244	4632	2536	13292	512	
FL	-93400	-93400	10	7	1	1	4	9	6	13	1	4144439	6075	4775	148	1925	4244	4632	2536	13292	512	
FL	-93600	-93600	8	4	1	1	5	9	8	9	1	4132807	6075	4775	148	1925	4244	4632	2536	13292	512	
FL	-93800	-93800	7	5	0	1	5	10	7	10	1	4121080	6075	4775	148	1925	4244	4632	2536	13292	512	
FL	-94000	-94000	8	4	0	2	6	10	7	12	0	4109597	6075	4775	148	1925	4244	4632	2536	13292	512	
FL	-94200	-94200	9	4	0	2	6	8	7	9	0	4098570	6075	4775	148	1925	4244	4632	2536	13292	512	
FL	-94400	-94400	9	3	0	2	5	8	5	12	0	4088977	6075	4775	148	1925	4244	4632	2536	13292	512	
FL	-94600	-94600	9	1	0	3	5	6	5	12	0	4080179	6075	4775	148	1925	4244	4632	2536	13292	512	
FL	-94800	-94800	7	0	0	3	4	7	4	14	0	4071328	6075	4775	148	1925	4244	4632	2536	13292	512	
FL	-95000	-95000	9	1	0	2	3	5	2	12	0	4062421	6075	4775	148	1925	4244	4632	2536	13292	512	
FL	-95200	-95200	9	1	0	2	2	6	1	12	0	4054026	6075	4775	148	1925	4244	4632	2536	13292	512	
FL	-95400	-95400	9	1	0	1	2	6	1	15	0	4045665	6075	4775	148	1925	4244	4632	2536	13292	512	
FL	-95600	-95600	12	2	0	1	3	5	0	15	0	4037767	6075	4775	148	1925	4244	4632	2536	13292	512	
FL	-95800	-95800	12	3	0	1	4	5	2	17	0	4030316	6075	4775	148	1925	4244	4632	2536	13292	512	
FL	-96000	-96000	14	3	0	0	4	4	2	16	0	4022647	6075	4775	148	1925	4244	4632	2536	13292	512	
FL	-96200	-96200	14	4	0	0	4	4	2	15	0	4014515	6075	4775	148	1925	4244	4632	2536	13292	512	
FL	-96400	-96400	12	4	0	2	3	5	2	14	0	4006607	6075	4775	148	1925	4244	4632	2536	13292	512	
FL	-96600	-96600	12	4	0	2	3	4	2	10	0	3998660	6075	4775	148	1925	4244	4632	2536	13292	512	
FL	-96800	-96800	11	6	0	2	4	4	1	9	0	3989848	6075	4775	148	1925	4244	4632	2536	13292	512	
FL	-97000	-97000	7	6	0	2	4	3	3	10	0	3980588	6075	4775	148	1925	4244	4632	2536	13292	512	
FL	-97200	-97200	7	6	0	2	2	3	4	14	0	3970822	6075	4775	148	1925	4244	4632	2536	13292	512	
FL	-97400	-97400	6	11	0	2	3	2	6	14	0	3960540	6075	4775	148	1925	4244	4632	2536	13292	512	
FL	-97600	-97600	4	15	0	2	2	3	7	17	0	3949957	6075	4775	148	1925	4244	4632	2536	13292	512	
FL	-97800	-97800	4	17	0	1	3	3	6	15	0	3939317	6075	4775	148	1925	4244	4632	2536	13292	512	
FL	-98000	-98000	4	15	0	1	3	3	7	13	0	3927240	6075	4775	148	1925	4244	4632	2536	13292	512	
FL	-98200	-98200	6	13	0	1	3	2	5	13	0	3915232	6075	4775	148	1925	4244	4632	2536	13292	512	
FL	-98400	-98400	5	15	0	1	3	2	5	14	0	3903205	6075	4775	148	1925	4244	4632	2536	13292	512	
FL	-98600	-98600	5	12	0	1	2	4	4	14	0	3891614	6075	4775	148	1925	4244	4632	2536	13292	512	
FL	-98800	-98800	6	9	0	2	2	6	3	15	0	3880213	6075	4775	148	1925	4244	4632	2536	13292	512	
FL	-99000	-99000	6	6	0	2	2	6	3	16	0	3870041	6075	4775	148	1925	4244	4632	2536	13292	512	
FL	-99200	-99200	7	7	0	1	3	3	2	17	0	3861866	6075	4775	148	1925	4244	4632	2536	13292	512	
FL	-99400	-99400	6	8	0	1	3	3	3	18	0	3853543	6075	4775	148	1925	4244	4632	2536	13292	512	
FL	-99600	-99600	6	8	0	1	2	4	2	15	1	3845895	6075	4775	148	1925	4244	4632	2536	13292	512	
FL	-99800	-99800	7	8	0	1	1	4	1	10	1	3839341	6075	4775	148	1925	4244	4632	2536	13292	512	
FL	-100000	-100000	8	6	0	1	0	3	3	12	1	3833161	6075	4775	148	1925	4244	4632	2536	13292	512	
