DHL	0	0	218	547	29	197	327	349	290	0	91	79514563	1810	2357	1241	2216	9263	7013	7501	5032	
DHL	-200	-200	210	528	33	196	320	351	289	0	95	79175238	1810	2357	1241	2216	9263	7013	7501	5032	
DHL	-400	-400	200	503	33	198	303	353	284	0	96	78250069	1810	2357	1241	2216	9263	7013	7501	5032	
DHL	-600	-600	201	494	33	198	293	336	276	0	95	77059827	1810	2357	1241	2216	9263	7013	7501	5032	
DHL	-800	-800	206	486	31	192	291	324	273	0	86	75648717	1810	2357	1241	2216	9263	7013	7501	5032	
DHL	-1000	-1000	209	486	32	178	280	327	260	0	82	74013548	1810	2357	1241	2216	9263	7013	7501	5032	
DHL	-1200	-1200	211	473	26	161	286	328	243	0	84	72187578	1810	2357	1241	2216	9263	7013	7501	5032	
DHL	-1400	-1400	220	465	26	157	273	340	228	0	92	70236617	1810	2357	1241	2216	9263	7013	7501	5032	
DHL	-1600	-1600	221	453	25	137	277	334	228	0	86	68233625	1810	2357	1241	2216	9263	7013	7501	5032	
DHL	-1800	-1800	234	447	25	133	286	331	224	0	84	66241938	1810	2357	1241	2216	9263	7013	7501	5032	
DHL	-2000	-2000	240	443	28	139	295	322	215	0	83	64304424	1810	2357	1241	2216	9263	7013	7501	5032	
DHL	-2200	-2200	249	436	28	142	291	316	210	0	77	62437269	1810	2357	1241	2216	9263	7013	7501	5032	
DHL	-2400	-2400	252	437	27	149	289	312	208	0	81	60658939	1810	2357	1241	2216	9263	7013	7501	5032	
DHL	-2600	-2600	244	430	28	145	279	297	204	0	77	58968782	1810	2357	1241	2216	9263	7013	7501	5032	
DHL	-2800	-2800	238	415	24	144	267	283	199	0	80	57370173	1810	2357	1241	2216	9263	7013	7501	5032	
DHL	-3000	-3000	234	406	23	137	264	276	197	0	78	55864448	1810	2357	1241	2216	9263	7013	7501	5032	
DHL	-3200	-3200	224	391	22	129	256	261	186	0	77	54434132	1810	2357	1241	2216	9263	7013	7501	5032	
DHL	-3400	-3400	217	375	20	125	250	254	185	0	76	53071009	1810	2357	1241	2216	9263	7013	7501	5032	
DHL	-3600	-3600	212	346	22	115	238	254	189	0	75	51771241	1810	2357	1241	2216	9263	7013	7501	5032	
DHL	-3800	-3800	204	339	19	109	223	252	185	0	73	50535099	1810	2357	1241	2216	9263	7013	7501	5032	
DHL	-4000	-4000	195	329	15	107	225	254	186	0	69	49353221	1810	2357	1241	2216	9263	7013	7501	5032	
DHL	-4200	-4200	198	318	13	105	219	253	186	0	68	48230376	1810	2357	1241	2216	9263	7013	7501	5032	
DHL	-4400	-4400	194	304	15	104	205	242	180	0	65	47157483	1810	2357	1241	2216	9263	7013	7501	5032	
DHL	-4600	-4600	189	283	14	107	199	234	176	0	57	46131696	1810	2357	1241	2216	9263	7013	7501	5032	
DHL	-4800	-4800	183	274	13	110	190	233	168	0	49	45147335	1810	2357	1241	2216	9263	7013	7501	5032	
DHL	-5000	-5000	171	266	12	104	176	217	160	0	49	44203718	1810	2357	1241	2216	9263	7013	7501	5032	
DHL	-5200	-5200	169	266	10	101	170	208	161	0	52	43294584	1810	2357	1241	2216	9263	7013	7501	5032	
DHL	-5400	-5400	156	255	11	93	164	200	161	0	48	42426930	1810	2357	1241	2216	9263	7013	7501	5032	
DHL	-5600	-5600	140	240	10	88	153	195	157	0	47	41594942	1810	2357	1241	2216	9263	7013	7501	5032	
DHL	-5800	-5800	129	222	8	81	144	190	155	0	41	40797595	1810	2357	1241	2216	9263	7013	7501	5032	
DHL	-6000	-6000	122	211	9	75	150	195	145	0	41	40027091	1810	2357	1241	2216	9263	7013	7501	5032	
DHL	-6200	-6200	113	207	11	76	147	195	140	0	41	39286314	1810	2357	1241	2216	9263	7013	7501	5032	
DHL	-6400	-6400	104	206	12	75	145	187	133	0	37	38575587	1810	2357	1241	2216	9263	7013	7501	5032	
DHL	-6600	-6600	96	195	10	75	140	178	117	0	36	37890066	1810	2357	1241	2216	9263	7013	7501	5032	
DHL	-6800	-6800	93	190	9	73	131	174	114	0	41	37228278	1810	2357	1241	2216	9263	7013	7501	5032	
DHL	-7000	-7000	91	184	10	70	130	166	112	0	41	36586663	1810	2357	1241	2216	9263	7013	7501	5032	
DHL	-7200	-7200	87	179	9	65	122	153	106	0	37	35964587	1810	2357	1241	2216	9263	7013	7501	5032	
DHL	-7400	-7400	81	172	10	61	123	138	108	0	37	35373299	1810	2357	1241	2216	9263	7013	7501	5032	
DHL	-7600	-7600	78	164	7	58	119	126	102	0	35	34803769	1810	2357	1241	2216	9263	7013	7501	5032	
DHL	-7800	-7800	71	163	8	54	121	116	97	0	32	34254522	1810	2357	1241	2216	9263	7013	7501	5032	
DHL	-8000	-8000	68	155	8	52	113	109	93	0	30	33717540	1810	2357	1241	2216	9263	7013	7501	5032	
DHL	-8200	-8200	69	144	7	53	106	99	86	0	31	33196048	1810	2357	1241	2216	9263	7013	7501	5032	
DHL	-8400	-8400	64	142	7	50	103	93	87	0	33	32693474	1810	2357	1241	2216	9263	7013	7501	5032	
DHL	-8600	-8600	62	137	8	50	100	93	84	0	35	32207598	1810	2357	1241	2216	9263	7013	7501	5032	
DHL	-8800	-8800	60	136	9	50	104	95	87	0	34	31733660	1810	2357	1241	2216	9263	7013	7501	5032	
DHL	-9000	-9000	61	128	9	47	93	94	85	0	32	31272698	1810	2357	1241	2216	9263	7013	7501	5032	
DHL	-9200	-9200	54	117	8	44	95	88	86	0	31	30833947	1810	2357	1241	2216	9263	7013	7501	5032	
DHL	-9400	-9400	53	111	12	42	92	97	83	0	34	30412576	1810	2357	1241	2216	9263	7013	7501	5032	
DHL	-9600	-9600	53	106	12	44	86	95	79	0	35	30006166	1810	2357	1241	2216	9263	7013	7501	5032	
DHL	-9800	-9800	53	102	11	43	92	95	78	0	33	29607696	1810	2357	1241	2216	9263	7013	7501	5032	
DHL	-10000	-10000	56	99	12	42	86	94	78	0	28	29222388	1810	2357	1241	2216	9263	7013	7501	5032	
DHL	-10200	-10200	61	101	11	39	82	89	77	0	29	28845014	1810	2357	1241	2216	9263	7013	7501	5032	
DHL	-10400	-10400	63	99	11	40	80	85	80	0	29	28477035	1810	2357	1241	2216	9263	7013	7501	5032	
DHL	-10600	-10600	61	96	11	38	81	81	77	0	30	28116103	1810	2357	1241	2216	9263	7013	7501	5032	
DHL	-10800	-10800	58	94	8	38	78	78	82	0	28	27760823	1810	2357	1241	2216	9263	7013	7501	5032	
DHL	-11000	-11000	58	89	8	39	75	73	80	0	25	27413689	1810	2357	1241	2216	9263	7013	7501	5032	
DHL	-11200	-11200	59	88	6	40	71	71	79	0	26	27078674	1810	2357	1241	2216	9263	7013	7501	5032	
DHL	-11400	-11400	57	81	9	38	69	67	81	0	25	26755307	1810	2357	1241	2216	9263	7013	7501	5032	
DHL	-11600	-11600	58	83	10	34	70	67	70	0	24	26443290	1810	2357	1241	2216	9263	7013	7501	5032	
DHL	-11800	-11800	58	75	9	31	66	64	60	0	23	26139028	1810	2357	1241	2216	9263	7013	7501	5032	
DHL	-12000	-12000	56	74	9	29	63	60	62	0	22	25837367	1810	2357	1241	2216	9263	7013	7501	5032	
DHL	-12200	-12200	55	77	9	29	60	61	55	0	22	25541083	1810	2357	1241	2216	9263	7013	7501	5032	
DHL	-12400	-12400	54	76	11	28	56	63	62	0	25	25244247	1810	2357	1241	2216	9263	7013	7501	5032	
DHL	-12600	-12600	54	79	11	31	53	66	61	0	27	24955802	1810	2357	1241	2216	9263	7013	7501	5032	
DHL	-12800	-12800	55	79	14	30	51	66	59	0	23	24676295	1810	2357	1241	2216	9263	7013	7501	5032	
DHL	-13000	-13000	51	77	12	30	51	65	62	0	22	24404497	1810	2357	1241	2216	9263	7013	7501	5032	
DHL	-13200	-13200	50	73	11	32	55	64	59	0	21	24139659	1810	2357	1241	2216	9263	7013	7501	5032	
DHL	-13400	-13400	52	74	8	28	54	65	62	0	20	23880309	1810	2357	1241	2216	9263	7013	7501	5032	
DHL	-13600	-13600	53	74	9	26	56	64	59	0	21	23625395	1810	2357	1241	2216	9263	7013	7501	5032	
DHL	-13800	-13800	52	73	8	24	56	62	54	0	22	23377155	1810	2357	1241	2216	9263	7013	7501	5032	
DHL	-14000	-14000	56	67	3	20	55	63	50	0	21	23136718	1810	2357	1241	2216	9263	7013	7501	5032	
DHL	-14200	-14200	54	61	4	22	57	63	50	0	22	22897237	1810	2357	1241	2216	9263	7013	7501	5032	
DHL	-14400	-14400	51	63	4	20	57	59	52	0	21	22661872	1810	2357	1241	2216	9263	7013	7501	5032	
DHL	-14600	-14600	49	61	4	19	59	56	55	0	21	22433194	1810	2357	1241	2216	9263	7013	7501	5032	
DHL	-14800	-14800	44	60	4	19	57	51	54	0	21	22208555	1810	2357	1241	2216	9263	7013	7501	5032	
DHL	-15000	-15000	44	57	4	17	61	56	51	0	23	21990577	1810	2357	1241	2216	9263	7013	7501	5032	
DHL	-15200	-15200	41	60	5	16	61	56	58	0	22	21777303	1810	2357	1241	2216	9263	7013	7501	5032	
DHL	-15400	-15400	42	58	4	16	57	54	52	0	21	21570586	1810	2357	1241	2216	9263	7013	7501	5032	
DHL	-15600	-15600	46	57	6	15	58	52	49	0	20	21369676	1810	2357	1241	2216	9263	7013	7501	5032	
DHL	-15800	-15800	47	58	7	16	55	56	45	0	19	21174375	1810	2357	1241	2216	9263	7013	7501	5032	
DHL	-16000	-16000	48	52	6	18	60	56	36	0	17	20984625	1810	2357	1241	2216	9263	7013	7501	5032	
DHL	-16200	-16200	49	44	6	16	59	53	35	0	17	20799599	1810	2357	1241	2216	9263	7013	7501	5032	
DHL	-16400	-16400	41	42	3	16	54	45	33	0	14	20620234	1810	2357	1241	2216	9263	7013	7501	5032	
DHL	-16600	-16600	36	41	3	13	51	42	33	0	15	20445120	1810	2357	1241	2216	9263	7013	7501	5032	
DHL	-16800	-16800	32	39	4	14	53	46	37	0	15	20273199	1810	2357	1241	2216	9263	7013	7501	5032	
DHL	-17000	-17000	31	40	4	16	52	48	35	0	14	20100434	1810	2357	1241	2216	9263	7013	7501	5032	
DHL	-17200	-17200	29	36	4	18	51	51	35	0	14	19926472	1810	2357	1241	2216	9263	7013	7501	5032	
DHL	-17400	-17400	26	35	5	18	52	51	33	0	17	19755813	1810	2357	1241	2216	9263	7013	7501	5032	
DHL	-17600	-17600	27	37	5	15	50	49	33	0	18	19588408	1810	2357	1241	2216	9263	7013	7501	5032	
DHL	-17800	-17800	27	36	6	13	52	51	33	0	19	19427378	1810	2357	1241	2216	9263	7013	7501	5032	
DHL	-18000	-18000	30	35	9	8	50	48	37	0	20	19267529	1810	2357	1241	2216	9263	7013	7501	5032	
DHL	-18200	-18200	32	38	8	7	47	48	33	0	23	19108241	1810	2357	1241	2216	9263	7013	7501	5032	
DHL	-18400	-18400	34	37	8	6	46	43	34	0	21	18949286	1810	2357	1241	2216	9263	7013	7501	5032	
DHL	-18600	-18600	33	39	10	9	42	44	32	0	20	18794284	1810	2357	1241	2216	9263	7013	7501	5032	
DHL	-18800	-18800	32	41	10	8	39	41	39	0	17	18643466	1810	2357	1241	2216	9263	7013	7501	5032	
DHL	-19000	-19000	27	40	9	10	39	46	40	0	17	18494531	1810	2357	1241	2216	9263	7013	7501	5032	
DHL	-19200	-19200	25	41	7	11	41	45	40	0	14	18346060	1810	2357	1241	2216	9263	7013	7501	5032	
DHL	-19400	-19400	26	34	6	10	42	46	38	0	14	18195774	1810	2357	1241	2216	9263	7013	7501	5032	
DHL	-19600	-19600	25	33	5	12	41	46	36	0	14	18045627	1810	2357	1241	2216	9263	7013	7501	5032	
DHL	-19800	-19800	23	29	6	12	38	43	37	0	16	17897389	1810	2357	1241	2216	9263	7013	7501	5032	
DHL	-20000	-20000	23	31	5	16	40	43	37	0	17	17749584	1810	2357	1241	2216	9263	7013	7501	5032	
DHL	-20200	-20200	24	25	5	12	41	39	38	0	18	17601741	1810	2357	1241	2216	9263	7013	7501	5032	
DHL	-20400	-20400	24	22	4	15	42	41	38	0	18	17459123	1810	2357	1241	2216	9263	7013	7501	5032	
DHL	-20600	-20600	20	25	4	15	49	37	34	0	19	17324650	1810	2357	1241	2216	9263	7013	7501	5032	
DHL	-20800	-20800	16	28	3	14	44	28	31	0	19	17194645	1810	2357	1241	2216	9263	7013	7501	5032	
DHL	-21000	-21000	16	29	2	14	50	29	37	0	18	17066899	1810	2357	1241	2216	9263	7013	7501	5032	
DHL	-21200	-21200	13	29	2	13	44	33	37	0	13	16939995	1810	2357	1241	2216	9263	7013	7501	5032	
DHL	-21400	-21400	14	30	1	13	41	28	37	0	12	16816619	1810	2357	1241	2216	9263	7013	7501	5032	
DHL	-21600	-21600	13	30	2	17	42	27	36	0	12	16698833	1810	2357	1241	2216	9263	7013	7501	5032	
DHL	-21800	-21800	12	30	2	14	40	31	40	0	12	16585699	1810	2357	1241	2216	9263	7013	7501	5032	
DHL	-22000	-22000	11	28	2	11	37	24	42	0	13	16474082	1810	2357	1241	2216	9263	7013	7501	5032	
DHL	-22200	-22200	10	28	3	11	38	26	37	0	11	16364005	1810	2357	1241	2216	9263	7013	7501	5032	
DHL	-22400	-22400	14	30	2	10	39	27	39	0	13	16252466	1810	2357	1241	2216	9263	7013	7501	5032	
DHL	-22600	-22600	12	26	4	10	34	30	35	0	14	16142710	1810	2357	1241	2216	9263	7013	7501	5032	
DHL	-22800	-22800	11	26	4	12	34	27	37	0	15	16032067	1810	2357	1241	2216	9263	7013	7501	5032	
DHL	-23000	-23000	9	25	4	14	33	28	35	0	15	15924045	1810	2357	1241	2216	9263	7013	7501	5032	
DHL	-23200	-23200	10	22	6	16	31	27	30	0	17	15818026	1810	2357	1241	2216	9263	7013	7501	5032	
DHL	-23400	-23400	10	19	6	13	31	26	32	0	15	15711923	1810	2357	1241	2216	9263	7013	7501	5032	
DHL	-23600	-23600	10	14	5	9	30	29	29	0	16	15606371	1810	2357	1241	2216	9263	7013	7501	5032	
DHL	-23800	-23800	10	14	7	7	36	28	27	0	17	15504612	1810	2357	1241	2216	9263	7013	7501	5032	
DHL	-24000	-24000	10	14	8	7	37	29	33	0	16	15403394	1810	2357	1241	2216	9263	7013	7501	5032	
DHL	-24200	-24200	10	13	6	4	37	29	28	0	16	15302996	1810	2357	1241	2216	9263	7013	7501	5032	
DHL	-24400	-24400	11	13	7	5	37	27	27	0	14	15206815	1810	2357	1241	2216	9263	7013	7501	5032	
DHL	-24600	-24600	12	13	9	6	32	26	23	0	14	15112601	1810	2357	1241	2216	9263	7013	7501	5032	
DHL	-24800	-24800	10	14	11	5	35	27	15	0	13	15018957	1810	2357	1241	2216	9263	7013	7501	5032	
DHL	-25000	-25000	11	16	11	8	33	25	20	0	13	14921328	1810	2357	1241	2216	9263	7013	7501	5032	
DHL	-25200	-25200	12	16	10	7	33	28	21	0	12	14826727	1810	2357	1241	2216	9263	7013	7501	5032	
DHL	-25400	-25400	11	16	9	6	34	28	20	0	15	14733428	1810	2357	1241	2216	9263	7013	7501	5032	
DHL	-25600	-25600	11	14	7	7	36	25	20	0	13	14641057	1810	2357	1241	2216	9263	7013	7501	5032	
DHL	-25800	-25800	11	13	8	7	36	22	21	0	11	14550480	1810	2357	1241	2216	9263	7013	7501	5032	
DHL	-26000	-26000	10	14	10	7	33	25	20	0	11	14463370	1810	2357	1241	2216	9263	7013	7501	5032	
DHL	-26200	-26200	10	17	10	5	29	23	23	0	11	14379076	1810	2357	1241	2216	9263	7013	7501	5032	
DHL	-26400	-26400	7	16	9	6	27	22	27	0	10	14297071	1810	2357	1241	2216	9263	7013	7501	5032	
DHL	-26600	-26600	8	15	11	7	26	22	31	0	10	14216477	1810	2357	1241	2216	9263	7013	7501	5032	
DHL	-26800	-26800	9	14	11	11	26	23	29	0	8	14133231	1810	2357	1241	2216	9263	7013	7501	5032	
DHL	-27000	-27000	10	13	10	10	28	22	25	0	8	14050491	1810	2357	1241	2216	9263	7013	7501	5032	
DHL	-27200	-27200	10	10	10	11	27	25	22	0	6	13966691	1810	2357	1241	2216	9263	7013	7501	5032	
DHL	-27400	-27400	10	10	12	11	24	27	24	0	8	13882091	1810	2357	1241	2216	9263	7013	7501	5032	
DHL	-27600	-27600	9	10	11	11	24	28	24	0	9	13795473	1810	2357	1241	2216	9263	7013	7501	5032	
DHL	-27800	-27800	9	12	12	10	19	31	23	0	10	13709327	1810	2357	1241	2216	9263	7013	7501	5032	
DHL	-28000	-28000	9	10	12	6	18	28	26	0	7	13625290	1810	2357	1241	2216	9263	7013	7501	5032	
DHL	-28200	-28200	9	10	12	5	19	28	26	0	5	13539799	1810	2357	1241	2216	9263	7013	7501	5032	
DHL	-28400	-28400	9	10	7	4	18	27	22	0	6	13453150	1810	2357	1241	2216	9263	7013	7501	5032	
DHL	-28600	-28600	8	8	7	3	18	26	20	0	5	13366109	1810	2357	1241	2216	9263	7013	7501	5032	
DHL	-28800	-28800	8	11	7	4	20	28	21	0	5	13278922	1810	2357	1241	2216	9263	7013	7501	5032	
DHL	-29000	-29000	6	11	8	6	21	27	23	0	5	13195237	1810	2357	1241	2216	9263	7013	7501	5032	
DHL	-29200	-29200	6	11	7	6	24	27	23	0	5	13112278	1810	2357	1241	2216	9263	7013	7501	5032	
DHL	-29400	-29400	6	10	5	7	23	25	23	0	5	13031725	1810	2357	1241	2216	9263	7013	7501	5032	
DHL	-29600	-29600	8	12	5	6	21	26	25	0	6	12951781	1810	2357	1241	2216	9263	7013	7501	5032	
DHL	-29800	-29800	8	11	5	8	22	24	25	0	7	12871392	1810	2357	1241	2216	9263	7013	7501	5032	
DHL	-30000	-30000	4	12	4	6	20	28	25	0	9	12790869	1810	2357	1241	2216	9263	7013	7501	5032	
DHL	-30200	-30200	4	12	4	6	19	25	26	0	9	12711383	1810	2357	1241	2216	9263	7013	7501	5032	
DHL	-30400	-30400	4	11	5	5	20	26	22	0	9	12634009	1810	2357	1241	2216	9263	7013	7501	5032	
DHL	-30600	-30600	3	14	3	9	20	21	24	0	10	12558634	1810	2357	1241	2216	9263	7013	7501	5032	
DHL	-30800	-30800	4	13	2	11	19	21	25	0	10	12483450	1810	2357	1241	2216	9263	7013	7501	5032	
DHL	-31000	-31000	5	12	1	11	21	20	25	0	15	12411077	1810	2357	1241	2216	9263	7013	7501	5032	
DHL	-31200	-31200	5	13	2	10	20	17	30	0	13	12343058	1810	2357	1241	2216	9263	7013	7501	5032	
DHL	-31400	-31400	4	11	2	9	21	17	29	0	12	12271615	1810	2357	1241	2216	9263	7013	7501	5032	
DHL	-31600	-31600	6	10	2	8	23	21	26	0	11	12200409	1810	2357	1241	2216	9263	7013	7501	5032	
DHL	-31800	-31800	6	10	4	9	23	19	28	0	13	12131602	1810	2357	1241	2216	9263	7013	7501	5032	
DHL	-32000	-32000	6	10	4	8	23	21	24	0	13	12062953	1810	2357	1241	2216	9263	7013	7501	5032	
DHL	-32200	-32200	5	7	4	6	21	20	24	0	10	11992494	1810	2357	1241	2216	9263	7013	7501	5032	
DHL	-32400	-32400	6	7	4	6	19	19	20	0	12	11921717	1810	2357	1241	2216	9263	7013	7501	5032	
DHL	-32600	-32600	7	9	4	6	17	17	21	0	13	11851479	1810	2357	1241	2216	9263	7013	7501	5032	
DHL	-32800	-32800	9	9	4	4	16	18	18	0	14	11779879	1810	2357	1241	2216	9263	7013	7501	5032	
DHL	-33000	-33000	9	7	5	4	18	20	20	0	13	11708010	1810	2357	1241	2216	9263	7013	7501	5032	
DHL	-33200	-33200	7	7	4	5	15	17	21	0	12	11636963	1810	2357	1241	2216	9263	7013	7501	5032	
DHL	-33400	-33400	7	8	3	5	21	17	21	0	11	11566204	1810	2357	1241	2216	9263	7013	7501	5032	
DHL	-33600	-33600	10	6	2	6	20	21	21	0	11	11495251	1810	2357	1241	2216	9263	7013	7501	5032	
DHL	-33800	-33800	11	5	4	6	22	22	21	0	12	11425501	1810	2357	1241	2216	9263	7013	7501	5032	
DHL	-34000	-34000	10	4	3	7	22	22	24	0	11	11357122	1810	2357	1241	2216	9263	7013	7501	5032	
DHL	-34200	-34200	11	4	4	6	23	21	24	0	11	11290954	1810	2357	1241	2216	9263	7013	7501	5032	
DHL	-34400	-34400	12	4	5	6	24	26	22	0	12	11228524	1810	2357	1241	2216	9263	7013	7501	5032	
DHL	-34600	-34600	10	3	5	5	25	24	24	0	11	11167894	1810	2357	1241	2216	9263	7013	7501	5032	
DHL	-34800	-34800	10	4	5	6	25	24	23	0	11	11108157	1810	2357	1241	2216	9263	7013	7501	5032	
DHL	-35000	-35000	11	5	7	6	22	25	23	0	10	11049613	1810	2357	1241	2216	9263	7013	7501	5032	
DHL	-35200	-35200	9	5	6	7	20	25	20	0	11	10991742	1810	2357	1241	2216	9263	7013	7501	5032	
DHL	-35400	-35400	8	5	7	7	20	26	19	0	10	10934871	1810	2357	1241	2216	9263	7013	7501	5032	
DHL	-35600	-35600	8	6	7	7	21	30	22	0	15	10875370	1810	2357	1241	2216	9263	7013	7501	5032	
DHL	-35800	-35800	8	6	6	8	22	31	25	0	15	10816515	1810	2357	1241	2216	9263	7013	7501	5032	
DHL	-36000	-36000	9	7	4	9	25	30	22	0	13	10755147	1810	2357	1241	2216	9263	7013	7501	5032	
DHL	-36200	-36200	8	5	4	8	25	27	22	0	15	10696628	1810	2357	1241	2216	9263	7013	7501	5032	
DHL	-36400	-36400	6	5	4	5	26	23	21	0	15	10641421	1810	2357	1241	2216	9263	7013	7501	5032	
DHL	-36600	-36600	5	5	4	5	25	19	21	0	13	10588292	1810	2357	1241	2216	9263	7013	7501	5032	
DHL	-36800	-36800	3	5	4	5	26	23	20	0	10	10534732	1810	2357	1241	2216	9263	7013	7501	5032	
DHL	-37000	-37000	3	6	3	5	24	20	23	0	7	10481459	1810	2357	1241	2216	9263	7013	7501	5032	
DHL	-37200	-37200	4	7	4	7	21	18	23	0	8	10426857	1810	2357	1241	2216	9263	7013	7501	5032	
DHL	-37400	-37400	4	6	5	8	22	14	23	0	8	10372992	1810	2357	1241	2216	9263	7013	7501	5032	
DHL	-37600	-37600	5	4	4	7	21	15	20	0	7	10319555	1810	2357	1241	2216	9263	7013	7501	5032	
DHL	-37800	-37800	6	5	4	6	20	13	23	0	7	10267457	1810	2357	1241	2216	9263	7013	7501	5032	
DHL	-38000	-38000	5	7	4	6	21	10	21	0	5	10214690	1810	2357	1241	2216	9263	7013	7501	5032	
DHL	-38200	-38200	5	8	3	6	23	10	18	0	7	10159954	1810	2357	1241	2216	9263	7013	7501	5032	
DHL	-38400	-38400	7	9	5	6	21	12	18	0	12	10106497	1810	2357	1241	2216	9263	7013	7501	5032	
DHL	-38600	-38600	6	9	5	7	20	11	17	0	14	10052502	1810	2357	1241	2216	9263	7013	7501	5032	
DHL	-38800	-38800	6	10	5	7	19	9	16	0	14	9998954	1810	2357	1241	2216	9263	7013	7501	5032	
DHL	-39000	-39000	5	8	6	7	20	9	17	0	13	9946862	1810	2357	1241	2216	9263	7013	7501	5032	
DHL	-39200	-39200	5	6	7	8	21	7	20	0	15	9895502	1810	2357	1241	2216	9263	7013	7501	5032	
DHL	-39400	-39400	4	6	7	6	21	6	23	0	13	9843635	1810	2357	1241	2216	9263	7013	7501	5032	
DHL	-39600	-39600	3	7	7	7	18	9	20	0	12	9794297	1810	2357	1241	2216	9263	7013	7501	5032	
DHL	-39800	-39800	3	5	6	7	18	13	22	0	13	9748413	1810	2357	1241	2216	9263	7013	7501	5032	
DHL	-40000	-40000	3	4	5	8	17	13	23	0	12	9703258	1810	2357	1241	2216	9263	7013	7501	5032	
DHL	-40200	-40200	3	1	5	7	17	16	24	0	12	9656301	1810	2357	1241	2216	9263	7013	7501	5032	
DHL	-40400	-40400	2	2	4	8	17	16	23	0	12	9609996	1810	2357	1241	2216	9263	7013	7501	5032	
DHL	-40600	-40600	3	2	4	7	17	18	23	0	10	9563209	1810	2357	1241	2216	9263	7013	7501	5032	
DHL	-40800	-40800	3	2	4	7	17	17	24	0	9	9517862	1810	2357	1241	2216	9263	7013	7501	5032	
DHL	-41000	-41000	2	6	4	6	14	16	24	0	9	9472560	1810	2357	1241	2216	9263	7013	7501	5032	
DHL	-41200	-41200	2	9	4	6	15	13	19	0	8	9428374	1810	2357	1241	2216	9263	7013	7501	5032	
DHL	-41400	-41400	2	10	4	5	13	14	18	0	10	9382670	1810	2357	1241	2216	9263	7013	7501	5032	
DHL	-41600	-41600	2	10	3	5	11	11	15	0	9	9338688	1810	2357	1241	2216	9263	7013	7501	5032	
DHL	-41800	-41800	2	9	3	4	10	11	15	0	10	9295482	1810	2357	1241	2216	9263	7013	7501	5032	
DHL	-42000	-42000	1	9	3	4	11	11	14	0	10	9253930	1810	2357	1241	2216	9263	7013	7501	5032	
DHL	-42200	-42200	3	9	3	5	12	12	17	0	7	9213710	1810	2357	1241	2216	9263	7013	7501	5032	
DHL	-42400	-42400	3	9	3	5	12	14	14	0	7	9176663	1810	2357	1241	2216	9263	7013	7501	5032	
DHL	-42600	-42600	3	11	3	6	13	14	15	0	8	9138069	1810	2357	1241	2216	9263	7013	7501	5032	
DHL	-42800	-42800	1	11	4	6	14	13	13	0	10	9097969	1810	2357	1241	2216	9263	7013	7501	5032	
DHL	-43000	-43000	3	12	4	5	13	14	13	0	8	9055726	1810	2357	1241	2216	9263	7013	7501	5032	
DHL	-43200	-43200	3	12	3	8	15	12	15	0	11	9013792	1810	2357	1241	2216	9263	7013	7501	5032	
DHL	-43400	-43400	4	14	2	8	14	12	16	0	11	8972272	1810	2357	1241	2216	9263	7013	7501	5032	
DHL	-43600	-43600	4	14	1	8	16	12	17	0	11	8930861	1810	2357	1241	2216	9263	7013	7501	5032	
DHL	-43800	-43800	4	14	1	8	17	13	19	0	9	8887804	1810	2357	1241	2216	9263	7013	7501	5032	
DHL	-44000	-44000	3	11	1	9	15	14	20	0	11	8845982	1810	2357	1241	2216	9263	7013	7501	5032	
DHL	-44200	-44200	3	11	2	8	15	16	19	0	12	8805481	1810	2357	1241	2216	9263	7013	7501	5032	
DHL	-44400	-44400	4	11	2	10	15	15	18	0	9	8766233	1810	2357	1241	2216	9263	7013	7501	5032	
DHL	-44600	-44600	4	10	2	8	14	12	18	0	6	8729333	1810	2357	1241	2216	9263	7013	7501	5032	
DHL	-44800	-44800	4	10	5	5	13	16	16	0	6	8695296	1810	2357	1241	2216	9263	7013	7501	5032	
DHL	-45000	-45000	3	10	5	4	17	15	15	0	5	8662308	1810	2357	1241	2216	9263	7013	7501	5032	
DHL	-45200	-45200	5	11	6	3	17	16	14	0	5	8627339	1810	2357	1241	2216	9263	7013	7501	5032	
DHL	-45400	-45400	5	12	5	2	17	16	16	0	6	8590871	1810	2357	1241	2216	9263	7013	7501	5032	
DHL	-45600	-45600	6	12	3	3	13	16	16	0	6	8556971	1810	2357	1241	2216	9263	7013	7501	5032	
DHL	-45800	-45800	5	12	2	2	9	17	21	0	6	8523220	1810	2357	1241	2216	9263	7013	7501	5032	
DHL	-46000	-46000	4	11	3	2	9	20	18	0	7	8490104	1810	2357	1241	2216	9263	7013	7501	5032	
DHL	-46200	-46200	6	12	3	4	8	18	18	0	9	8457082	1810	2357	1241	2216	9263	7013	7501	5032	
DHL	-46400	-46400	4	12	2	3	8	19	21	0	8	8422787	1810	2357	1241	2216	9263	7013	7501	5032	
DHL	-46600	-46600	6	7	2	3	8	17	20	0	9	8389062	1810	2357	1241	2216	9263	7013	7501	5032	
DHL	-46800	-46800	7	7	3	3	7	19	21	0	9	8355068	1810	2357	1241	2216	9263	7013	7501	5032	
DHL	-47000	-47000	7	7	3	3	11	17	17	0	9	8319979	1810	2357	1241	2216	9263	7013	7501	5032	
DHL	-47200	-47200	4	7	3	3	11	17	17	0	9	8284406	1810	2357	1241	2216	9263	7013	7501	5032	
DHL	-47400	-47400	4	6	4	5	11	18	17	0	8	8249346	1810	2357	1241	2216	9263	7013	7501	5032	
DHL	-47600	-47600	4	6	3	4	10	17	16	0	6	8214842	1810	2357	1241	2216	9263	7013	7501	5032	
DHL	-47800	-47800	6	5	2	7	11	14	16	0	6	8180239	1810	2357	1241	2216	9263	7013	7501	5032	
DHL	-48000	-48000	5	5	1	6	10	13	14	0	7	8146097	1810	2357	1241	2216	9263	7013	7501	5032	
DHL	-48200	-48200	5	4	1	5	9	13	15	0	10	8112482	1810	2357	1241	2216	9263	7013	7501	5032	
DHL	-48400	-48400	5	3	1	5	9	16	15	0	10	8078282	1810	2357	1241	2216	9263	7013	7501	5032	
DHL	-48600	-48600	7	4	1	5	10	16	13	0	11	8044711	1810	2357	1241	2216	9263	7013	7501	5032	
DHL	-48800	-48800	9	3	2	3	8	13	13	0	10	8012131	1810	2357	1241	2216	9263	7013	7501	5032	
DHL	-49000	-49000	9	4	2	5	9	12	10	0	8	7979606	1810	2357	1241	2216	9263	7013	7501	5032	
DHL	-49200	-49200	8	4	2	6	8	14	10	0	9	7947697	1810	2357	1241	2216	9263	7013	7501	5032	
DHL	-49400	-49400	8	5	2	5	9	17	12	0	7	7917149	1810	2357	1241	2216	9263	7013	7501	5032	
DHL	-49600	-49600	7	4	1	2	8	15	13	0	3	7887533	1810	2357	1241	2216	9263	7013	7501	5032	
DHL	-49800	-49800	7	4	1	1	8	18	13	0	6	7857051	1810	2357	1241	2216	9263	7013	7501	5032	
DHL	-50000	-50000	4	4	2	2	9	19	14	0	6	7826677	1810	2357	1241	2216	9263	7013	7501	5032	
DHL	-50200	-50200	4	3	2	2	10	17	14	0	6	7795548	1810	2357	1241	2216	9263	7013	7501	5032	
DHL	-50400	-50400	2	2	3	3	9	15	15	0	6	7766444	1810	2357	1241	2216	9263	7013	7501	5032	
DHL	-50600	-50600	3	2	4	3	9	13	17	0	7	7737487	1810	2357	1241	2216	9263	7013	7501	5032	
DHL	-50800	-50800	3	2	4	3	10	12	18	0	5	7708348	1810	2357	1241	2216	9263	7013	7501	5032	
DHL	-51000	-51000	3	3	3	4	12	10	17	0	3	7678262	1810	2357	1241	2216	9263	7013	7501	5032	
DHL	-51200	-51200	3	2	2	4	11	9	21	0	3	7647533	1810	2357	1241	2216	9263	7013	7501	5032	
DHL	-51400	-51400	2	2	2	4	11	9	19	0	2	7617554	1810	2357	1241	2216	9263	7013	7501	5032	
DHL	-51600	-51600	2	2	3	5	14	9	18	0	3	7587030	1810	2357	1241	2216	9263	7013	7501	5032	
DHL	-51800	-51800	1	2	3	5	14	9	21	0	3	7556676	1810	2357	1241	2216	9263	7013	7501	5032	
DHL	-52000	-52000	1	3	3	5	15	11	19	0	4	7525699	1810	2357	1241	2216	9263	7013	7501	5032	
DHL	-52200	-52200	1	3	5	4	14	9	16	0	4	7496197	1810	2357	1241	2216	9263	7013	7501	5032	
DHL	-52400	-52400	1	2	5	4	15	12	20	0	3	7466974	1810	2357	1241	2216	9263	7013	7501	5032	
DHL	-52600	-52600	2	2	6	3	17	15	23	0	2	7439079	1810	2357	1241	2216	9263	7013	7501	5032	
DHL	-52800	-52800	3	2	6	4	16	18	22	0	3	7411140	1810	2357	1241	2216	9263	7013	7501	5032	
DHL	-53000	-53000	4	2	6	4	16	15	22	0	3	7383591	1810	2357	1241	2216	9263	7013	7501	5032	
DHL	-53200	-53200	5	2	6	4	16	12	22	0	7	7356000	1810	2357	1241	2216	9263	7013	7501	5032	
DHL	-53400	-53400	6	1	6	4	17	11	18	0	10	7327701	1810	2357	1241	2216	9263	7013	7501	5032	
DHL	-53600	-53600	7	0	4	2	14	10	18	0	10	7299091	1810	2357	1241	2216	9263	7013	7501	5032	
DHL	-53800	-53800	6	0	5	2	12	11	17	0	13	7271110	1810	2357	1241	2216	9263	7013	7501	5032	
DHL	-54000	-54000	5	0	4	3	12	10	16	0	12	7242788	1810	2357	1241	2216	9263	7013	7501	5032	
DHL	-54200	-54200	5	0	3	2	10	9	14	0	11	7213988	1810	2357	1241	2216	9263	7013	7501	5032	
DHL	-54400	-54400	5	0	4	2	10	9	15	0	9	7184405	1810	2357	1241	2216	9263	7013	7501	5032	
DHL	-54600	-54600	4	0	5	1	11	11	14	0	8	7156896	1810	2357	1241	2216	9263	7013	7501	5032	
DHL	-54800	-54800	4	1	3	2	9	14	18	0	6	7129472	1810	2357	1241	2216	9263	7013	7501	5032	
DHL	-55000	-55000	6	0	3	3	8	15	15	0	6	7102937	1810	2357	1241	2216	9263	7013	7501	5032	
DHL	-55200	-55200	6	1	3	3	9	12	16	0	6	7076164	1810	2357	1241	2216	9263	7013	7501	5032	
DHL	-55400	-55400	7	2	4	4	10	10	15	0	6	7051477	1810	2357	1241	2216	9263	7013	7501	5032	
DHL	-55600	-55600	6	3	4	5	11	10	12	0	7	7025968	1810	2357	1241	2216	9263	7013	7501	5032	
DHL	-55800	-55800	5	2	4	4	11	9	13	0	7	6998914	1810	2357	1241	2216	9263	7013	7501	5032	
DHL	-56000	-56000	5	2	3	4	12	10	12	0	4	6971440	1810	2357	1241	2216	9263	7013	7501	5032	
DHL	-56200	-56200	4	3	4	4	14	9	15	0	4	6944186	1810	2357	1241	2216	9263	7013	7501	5032	
DHL	-56400	-56400	2	3	4	5	12	9	16	0	5	6918121	1810	2357	1241	2216	9263	7013	7501	5032	
DHL	-56600	-56600	1	2	3	5	11	8	15	0	5	6892759	1810	2357	1241	2216	9263	7013	7501	5032	
DHL	-56800	-56800	2	2	2	5	12	13	12	0	6	6867775	1810	2357	1241	2216	9263	7013	7501	5032	
DHL	-57000	-57000	3	3	2	5	14	12	13	0	6	6841682	1810	2357	1241	2216	9263	7013	7501	5032	
DHL	-57200	-57200	3	3	2	5	14	9	13	0	7	6816718	1810	2357	1241	2216	9263	7013	7501	5032	
DHL	-57400	-57400	4	2	1	5	14	12	11	0	4	6790591	1810	2357	1241	2216	9263	7013	7501	5032	
DHL	-57600	-57600	5	2	2	3	12	14	14	0	4	6765852	1810	2357	1241	2216	9263	7013	7501	5032	
DHL	-57800	-57800	5	4	3	3	11	14	16	0	5	6740681	1810	2357	1241	2216	9263	7013	7501	5032	
DHL	-58000	-58000	5	4	4	3	7	15	15	0	6	6715892	1810	2357	1241	2216	9263	7013	7501	5032	
DHL	-58200	-58200	7	4	3	2	8	17	11	0	6	6692141	1810	2357	1241	2216	9263	7013	7501	5032	
DHL	-58400	-58400	6	4	3	2	11	16	9	0	6	6667959	1810	2357	1241	2216	9263	7013	7501	5032	
DHL	-58600	-58600	6	5	3	2	11	14	10	0	6	6644739	1810	2357	1241	2216	9263	7013	7501	5032	
DHL	-58800	-58800	6	4	3	3	12	15	9	0	5	6621424	1810	2357	1241	2216	9263	7013	7501	5032	
DHL	-59000	-59000	6	5	1	4	13	16	9	0	5	6597875	1810	2357	1241	2216	9263	7013	7501	5032	
DHL	-59200	-59200	7	4	0	3	11	16	9	0	5	6573111	1810	2357	1241	2216	9263	7013	7501	5032	
DHL	-59400	-59400	7	5	0	4	10	15	8	0	7	6549095	1810	2357	1241	2216	9263	7013	7501	5032	
DHL	-59600	-59600	7	5	0	4	8	14	9	0	7	6524770	1810	2357	1241	2216	9263	7013	7501	5032	
DHL	-59800	-59800	7	6	1	4	7	14	7	0	7	6501596	1810	2357	1241	2216	9263	7013	7501	5032	
DHL	-60000	-60000	6	6	1	3	5	16	8	0	7	6478477	1810	2357	1241	2216	9263	7013	7501	5032	
DHL	-60200	-60200	6	6	1	2	6	15	9	0	6	6457499	1810	2357	1241	2216	9263	7013	7501	5032	
DHL	-60400	-60400	6	6	0	5	8	16	15	0	6	6437484	1810	2357	1241	2216	9263	7013	7501	5032	
DHL	-60600	-60600	5	6	0	5	9	18	15	0	5	6417444	1810	2357	1241	2216	9263	7013	7501	5032	
DHL	-60800	-60800	4	5	1	5	9	15	9	0	5	6397296	1810	2357	1241	2216	9263	7013	7501	5032	
DHL	-61000	-61000	6	5	1	5	6	18	9	0	6	6374951	1810	2357	1241	2216	9263	7013	7501	5032	
DHL	-61200	-61200	6	4	2	5	7	15	10	0	5	6353911	1810	2357	1241	2216	9263	7013	7501	5032	
DHL	-61400	-61400	6	4	2	4	6	14	12	0	5	6333028	1810	2357	1241	2216	9263	7013	7501	5032	
DHL	-61600	-61600	5	3	2	4	9	15	13	0	5	6312621	1810	2357	1241	2216	9263	7013	7501	5032	
DHL	-61800	-61800	5	2	1	5	8	12	16	0	5	6291907	1810	2357	1241	2216	9263	7013	7501	5032	
DHL	-62000	-62000	4	2	1	5	9	11	16	0	3	6271471	1810	2357	1241	2216	9263	7013	7501	5032	
DHL	-62200	-62200	4	4	1	4	9	11	16	0	2	6250634	1810	2357	1241	2216	9263	7013	7501	5032	
DHL	-62400	-62400	4	3	0	4	9	14	13	0	4	6229684	1810	2357	1241	2216	9263	7013	7501	5032	
DHL	-62600	-62600	5	5	0	4	8	13	13	0	4	6208711	1810	2357	1241	2216	9263	7013	7501	5032	
DHL	-62800	-62800	6	5	0	4	11	14	13	0	5	6189149	1810	2357	1241	2216	9263	7013	7501	5032	
DHL	-63000	-63000	6	5	1	4	10	14	11	0	4	6169688	1810	2357	1241	2216	9263	7013	7501	5032	
DHL	-63200	-63200	5	10	1	4	10	11	9	0	5	6150677	1810	2357	1241	2216	9263	7013	7501	5032	
DHL	-63400	-63400	2	10	1	4	10	9	11	0	3	6130691	1810	2357	1241	2216	9263	7013	7501	5032	
DHL	-63600	-63600	1	9	1	3	9	9	12	0	4	6110930	1810	2357	1241	2216	9263	7013	7501	5032	
DHL	-63800	-63800	1	8	1	4	10	8	14	0	3	6089885	1810	2357	1241	2216	9263	7013	7501	5032	
DHL	-64000	-64000	2	8	1	3	9	5	13	0	2	6068658	1810	2357	1241	2216	9263	7013	7501	5032	
DHL	-64200	-64200	2	7	1	3	11	7	12	0	3	6049341	1810	2357	1241	2216	9263	7013	7501	5032	
DHL	-64400	-64400	1	8	1	4	12	8	17	0	3	6028766	1810	2357	1241	2216	9263	7013	7501	5032	
DHL	-64600	-64600	1	9	0	4	12	10	16	0	3	6008424	1810	2357	1241	2216	9263	7013	7501	5032	
DHL	-64800	-64800	1	8	1	6	14	9	18	0	2	5989496	1810	2357	1241	2216	9263	7013	7501	5032	
DHL	-65000	-65000	1	9	1	5	15	9	20	0	2	5970742	1810	2357	1241	2216	9263	7013	7501	5032	
DHL	-65200	-65200	1	10	1	5	15	8	20	0	3	5952352	1810	2357	1241	2216	9263	7013	7501	5032	
DHL	-65400	-65400	2	10	1	5	14	9	19	0	4	5935228	1810	2357	1241	2216	9263	7013	7501	5032	
DHL	-65600	-65600	2	5	1	4	15	8	19	0	3	5918397	1810	2357	1241	2216	9263	7013	7501	5032	
DHL	-65800	-65800	2	5	2	4	20	8	17	0	4	5901662	1810	2357	1241	2216	9263	7013	7501	5032	
DHL	-66000	-66000	2	6	2	5	21	8	16	0	4	5884297	1810	2357	1241	2216	9263	7013	7501	5032	
DHL	-66200	-66200	2	6	3	3	18	9	15	0	6	5867086	1810	2357	1241	2216	9263	7013	7501	5032	
DHL	-66400	-66400	3	5	5	4	17	12	18	0	6	5849892	1810	2357	1241	2216	9263	7013	7501	5032	
DHL	-66600	-66600	2	5	3	5	14	14	17	0	7	5833844	1810	2357	1241	2216	9263	7013	7501	5032	
DHL	-66800	-66800	2	5	3	5	10	13	18	0	6	5817019	1810	2357	1241	2216	9263	7013	7501	5032	
DHL	-67000	-67000	2	5	3	5	8	14	16	0	6	5799091	1810	2357	1241	2216	9263	7013	7501	5032	
DHL	-67200	-67200	3	5	4	4	7	9	15	0	7	5780349	1810	2357	1241	2216	9263	7013	7501	5032	
DHL	-67400	-67400	3	6	4	4	9	9	14	0	8	5761141	1810	2357	1241	2216	9263	7013	7501	5032	
DHL	-67600	-67600	3	4	7	3	11	6	12	0	7	5742460	1810	2357	1241	2216	9263	7013	7501	5032	
DHL	-67800	-67800	3	3	7	3	12	6	15	0	6	5725627	1810	2357	1241	2216	9263	7013	7501	5032	
DHL	-68000	-68000	4	3	6	3	14	4	13	0	6	5709826	1810	2357	1241	2216	9263	7013	7501	5032	
DHL	-68200	-68200	5	3	4	2	13	7	13	0	4	5694278	1810	2357	1241	2216	9263	7013	7501	5032	
DHL	-68400	-68400	4	4	5	2	12	8	11	0	3	5679326	1810	2357	1241	2216	9263	7013	7501	5032	
DHL	-68600	-68600	3	5	5	1	9	6	12	0	4	5664554	1810	2357	1241	2216	9263	7013	7501	5032	
DHL	-68800	-68800	3	4	4	0	12	6	12	0	4	5650338	1810	2357	1241	2216	9263	7013	7501	5032	
DHL	-69000	-69000	2	3	3	0	13	6	12	0	4	5637186	1810	2357	1241	2216	9263	7013	7501	5032	
DHL	-69200	-69200	2	3	2	2	12	10	9	0	3	5622891	1810	2357	1241	2216	9263	7013	7501	5032	
DHL	-69400	-69400	2	3	2	3	12	11	7	0	5	5609479	1810	2357	1241	2216	9263	7013	7501	5032	
DHL	-69600	-69600	2	1	2	5	10	10	6	0	5	5597014	1810	2357	1241	2216	9263	7013	7501	5032	
DHL	-69800	-69800	2	1	2	4	7	9	7	0	7	5583994	1810	2357	1241	2216	9263	7013	7501	5032	
DHL	-70000	-70000	2	3	1	4	9	8	8	0	7	5570115	1810	2357	1241	2216	9263	7013	7501	5032	
DHL	-70200	-70200	2	4	2	6	8	9	9	0	7	5556122	1810	2357	1241	2216	9263	7013	7501	5032	
DHL	-70400	-70400	2	4	2	6	8	6	11	0	6	5541779	1810	2357	1241	2216	9263	7013	7501	5032	
DHL	-70600	-70600	2	2	2	5	6	8	12	0	7	5526385	1810	2357	1241	2216	9263	7013	7501	5032	
DHL	-70800	-70800	2	1	2	4	6	8	13	0	6	5511522	1810	2357	1241	2216	9263	7013	7501	5032	
DHL	-71000	-71000	2	1	2	4	6	7	14	0	6	5497097	1810	2357	1241	2216	9263	7013	7501	5032	
DHL	-71200	-71200	3	1	3	4	6	6	14	0	7	5482392	1810	2357	1241	2216	9263	7013	7501	5032	
DHL	-71400	-71400	3	4	4	4	5	8	12	0	8	5467276	1810	2357	1241	2216	9263	7013	7501	5032	
DHL	-71600	-71600	3	5	5	4	5	10	12	0	5	5453240	1810	2357	1241	2216	9263	7013	7501	5032	
DHL	-71800	-71800	4	5	5	3	6	9	12	0	5	5438688	1810	2357	1241	2216	9263	7013	7501	5032	
DHL	-72000	-72000	5	6	3	2	9	8	10	0	5	5423751	1810	2357	1241	2216	9263	7013	7501	5032	
DHL	-72200	-72200	4	4	3	3	9	8	9	0	4	5408570	1810	2357	1241	2216	9263	7013	7501	5032	
DHL	-72400	-72400	4	4	2	4	8	9	12	0	3	5393472	1810	2357	1241	2216	9263	7013	7501	5032	
DHL	-72600	-72600	4	3	2	5	9	9	12	0	5	5377211	1810	2357	1241	2216	9263	7013	7501	5032	
DHL	-72800	-72800	4	3	1	3	7	9	12	0	8	5360375	1810	2357	1241	2216	9263	7013	7501	5032	
DHL	-73000	-73000	3	3	1	4	7	10	12	0	12	5343674	1810	2357	1241	2216	9263	7013	7501	5032	
DHL	-73200	-73200	2	2	1	5	3	10	10	0	13	5326834	1810	2357	1241	2216	9263	7013	7501	5032	
DHL	-73400	-73400	3	2	3	4	3	9	9	0	10	5309310	1810	2357	1241	2216	9263	7013	7501	5032	
DHL	-73600	-73600	4	2	2	5	5	9	11	0	7	5291974	1810	2357	1241	2216	9263	7013	7501	5032	
DHL	-73800	-73800	3	2	2	5	6	8	12	0	7	5276753	1810	2357	1241	2216	9263	7013	7501	5032	
DHL	-74000	-74000	3	2	2	4	6	7	12	0	4	5261503	1810	2357	1241	2216	9263	7013	7501	5032	
DHL	-74200	-74200	3	2	2	4	7	7	8	0	4	5246345	1810	2357	1241	2216	9263	7013	7501	5032	
DHL	-74400	-74400	3	3	4	3	6	7	8	0	4	5231852	1810	2357	1241	2216	9263	7013	7501	5032	
DHL	-74600	-74600	3	3	4	3	8	5	11	0	5	5218484	1810	2357	1241	2216	9263	7013	7501	5032	
DHL	-74800	-74800	3	4	4	3	6	5	11	0	6	5206413	1810	2357	1241	2216	9263	7013	7501	5032	
DHL	-75000	-75000	2	4	3	2	6	7	13	0	5	5193547	1810	2357	1241	2216	9263	7013	7501	5032	
DHL	-75200	-75200	2	3	2	1	6	9	13	0	6	5178929	1810	2357	1241	2216	9263	7013	7501	5032	
DHL	-75400	-75400	2	3	2	1	5	8	13	0	7	5164198	1810	2357	1241	2216	9263	7013	7501	5032	
DHL	-75600	-75600	2	4	2	1	4	9	13	0	7	5149468	1810	2357	1241	2216	9263	7013	7501	5032	
DHL	-75800	-75800	2	6	2	1	5	14	11	0	6	5134327	1810	2357	1241	2216	9263	7013	7501	5032	
DHL	-76000	-76000	3	6	2	1	7	13	12	0	6	5118916	1810	2357	1241	2216	9263	7013	7501	5032	
DHL	-76200	-76200	5	6	1	2	8	13	13	0	6	5104416	1810	2357	1241	2216	9263	7013	7501	5032	
DHL	-76400	-76400	5	7	1	2	8	9	13	0	7	5090651	1810	2357	1241	2216	9263	7013	7501	5032	
DHL	-76600	-76600	5	6	1	3	7	5	13	0	6	5076923	1810	2357	1241	2216	9263	7013	7501	5032	
DHL	-76800	-76800	3	7	0	3	4	3	14	0	6	5062689	1810	2357	1241	2216	9263	7013	7501	5032	
DHL	-77000	-77000	4	6	0	4	4	3	13	0	6	5050708	1810	2357	1241	2216	9263	7013	7501	5032	
DHL	-77200	-77200	4	7	1	3	3	5	9	0	4	5039433	1810	2357	1241	2216	9263	7013	7501	5032	
DHL	-77400	-77400	2	8	1	2	4	6	6	0	4	5028638	1810	2357	1241	2216	9263	7013	7501	5032	
DHL	-77600	-77600	1	9	2	1	4	7	5	0	3	5017561	1810	2357	1241	2216	9263	7013	7501	5032	
DHL	-77800	-77800	1	8	3	0	4	4	6	0	3	5006198	1810	2357	1241	2216	9263	7013	7501	5032	
DHL	-78000	-78000	1	6	3	0	5	5	3	0	4	4994806	1810	2357	1241	2216	9263	7013	7501	5032	
DHL	-78200	-78200	1	6	3	1	6	7	3	0	4	4981911	1810	2357	1241	2216	9263	7013	7501	5032	
DHL	-78400	-78400	1	6	3	1	6	7	3	0	5	4968351	1810	2357	1241	2216	9263	7013	7501	5032	
DHL	-78600	-78600	2	6	2	1	6	8	2	0	4	4954572	1810	2357	1241	2216	9263	7013	7501	5032	
DHL	-78800	-78800	3	6	2	1	7	10	2	0	4	4940327	1810	2357	1241	2216	9263	7013	7501	5032	
DHL	-79000	-79000	3	4	2	1	8	11	3	0	3	4927591	1810	2357	1241	2216	9263	7013	7501	5032	
DHL	-79200	-79200	2	4	2	1	8	7	2	0	4	4915896	1810	2357	1241	2216	9263	7013	7501	5032	
DHL	-79400	-79400	2	3	3	1	7	11	3	0	2	4906578	1810	2357	1241	2216	9263	7013	7501	5032	
DHL	-79600	-79600	2	3	3	1	7	11	3	0	2	4895534	1810	2357	1241	2216	9263	7013	7501	5032	
DHL	-79800	-79800	2	3	2	1	7	10	6	0	2	4884276	1810	2357	1241	2216	9263	7013	7501	5032	
DHL	-80000	-80000	3	4	2	1	7	12	6	0	3	4873738	1810	2357	1241	2216	9263	7013	7501	5032	
DHL	-80200	-80200	3	4	2	1	6	11	7	0	6	4863319	1810	2357	1241	2216	9263	7013	7501	5032	
DHL	-80400	-80400	3	5	5	3	6	10	7	0	7	4852173	1810	2357	1241	2216	9263	7013	7501	5032	
DHL	-80600	-80600	3	5	5	3	5	15	7	0	7	4839771	1810	2357	1241	2216	9263	7013	7501	5032	
DHL	-80800	-80800	2	3	6	3	6	13	6	0	9	4825793	1810	2357	1241	2216	9263	7013	7501	5032	
DHL	-81000	-81000	2	3	6	3	7	12	8	0	9	4811317	1810	2357	1241	2216	9263	7013	7501	5032	
DHL	-81200	-81200	2	3	5	3	10	10	7	0	9	4797534	1810	2357	1241	2216	9263	7013	7501	5032	
DHL	-81400	-81400	3	3	5	3	9	11	10	0	10	4783699	1810	2357	1241	2216	9263	7013	7501	5032	
DHL	-81600	-81600	3	2	4	3	10	10	9	0	8	4769792	1810	2357	1241	2216	9263	7013	7501	5032	
DHL	-81800	-81800	3	2	4	3	7	8	8	0	7	4756414	1810	2357	1241	2216	9263	7013	7501	5032	
DHL	-82000	-82000	3	2	4	3	7	6	9	0	5	4743351	1810	2357	1241	2216	9263	7013	7501	5032	
DHL	-82200	-82200	3	4	3	3	7	5	11	0	6	4730397	1810	2357	1241	2216	9263	7013	7501	5032	
DHL	-82400	-82400	1	4	2	3	9	6	10	0	6	4718169	1810	2357	1241	2216	9263	7013	7501	5032	
DHL	-82600	-82600	2	4	4	3	12	8	10	0	6	4704944	1810	2357	1241	2216	9263	7013	7501	5032	
DHL	-82800	-82800	1	4	3	3	11	8	10	0	5	4691200	1810	2357	1241	2216	9263	7013	7501	5032	
DHL	-83000	-83000	1	3	3	3	14	11	10	0	3	4676825	1810	2357	1241	2216	9263	7013	7501	5032	
DHL	-83200	-83200	1	3	1	3	14	13	6	0	3	4664080	1810	2357	1241	2216	9263	7013	7501	5032	
DHL	-83400	-83400	3	3	1	4	14	13	6	0	4	4651571	1810	2357	1241	2216	9263	7013	7501	5032	
DHL	-83600	-83600	3	4	1	4	13	13	6	0	5	4639025	1810	2357	1241	2216	9263	7013	7501	5032	
DHL	-83800	-83800	3	4	2	3	12	13	10	0	5	4626672	1810	2357	1241	2216	9263	7013	7501	5032	
DHL	-84000	-84000	3	3	3	2	11	13	10	0	4	4613007	1810	2357	1241	2216	9263	7013	7501	5032	
DHL	-84200	-84200	3	3	3	2	11	10	10	0	4	4600570	1810	2357	1241	2216	9263	7013	7501	5032	
DHL	-84400	-84400	0	3	3	3	13	11	10	0	5	4589009	1810	2357	1241	2216	9263	7013	7501	5032	
DHL	-84600	-84600	0	3	3	3	13	10	11	0	3	4578156	1810	2357	1241	2216	9263	7013	7501	5032	
DHL	-84800	-84800	1	3	2	3	12	10	12	0	3	4567168	1810	2357	1241	2216	9263	7013	7501	5032	
DHL	-85000	-85000	2	3	2	3	12	10	12	0	5	4556021	1810	2357	1241	2216	9263	7013	7501	5032	
DHL	-85200	-85200	3	3	1	2	13	9	15	0	6	4544769	1810	2357	1241	2216	9263	7013	7501	5032	
DHL	-85400	-85400	2	3	2	3	16	8	17	0	6	4533499	1810	2357	1241	2216	9263	7013	7501	5032	
DHL	-85600	-85600	3	3	2	4	17	9	13	0	6	4523053	1810	2357	1241	2216	9263	7013	7501	5032	
DHL	-85800	-85800	4	2	2	4	16	9	12	0	5	4513687	1810	2357	1241	2216	9263	7013	7501	5032	
DHL	-86000	-86000	3	2	2	4	13	8	11	0	6	4505674	1810	2357	1241	2216	9263	7013	7501	5032	
DHL	-86200	-86200	3	2	3	5	13	7	7	0	7	4497209	1810	2357	1241	2216	9263	7013	7501	5032	
DHL	-86400	-86400	3	2	4	6	13	8	9	0	11	4488928	1810	2357	1241	2216	9263	7013	7501	5032	
DHL	-86600	-86600	3	2	4	5	12	9	9	0	11	4480362	1810	2357	1241	2216	9263	7013	7501	5032	
DHL	-86800	-86800	4	2	4	4	10	9	10	0	11	4469434	1810	2357	1241	2216	9263	7013	7501	5032	
DHL	-87000	-87000	3	3	4	4	6	6	8	0	11	4457649	1810	2357	1241	2216	9263	7013	7501	5032	
DHL	-87200	-87200	3	2	3	5	2	5	8	0	8	4445067	1810	2357	1241	2216	9263	7013	7501	5032	
DHL	-87400	-87400	1	2	2	6	1	4	7	0	8	4433664	1810	2357	1241	2216	9263	7013	7501	5032	
DHL	-87600	-87600	1	2	2	7	3	6	8	0	7	4423833	1810	2357	1241	2216	9263	7013	7501	5032	
DHL	-87800	-87800	1	2	2	6	3	6	9	0	6	4414891	1810	2357	1241	2216	9263	7013	7501	5032	
DHL	-88000	-88000	1	4	2	5	4	6	10	0	6	4406472	1810	2357	1241	2216	9263	7013	7501	5032	
DHL	-88200	-88200	2	4	2	4	4	8	9	0	5	4397641	1810	2357	1241	2216	9263	7013	7501	5032	
DHL	-88400	-88400	1	4	1	4	4	7	8	0	6	4388450	1810	2357	1241	2216	9263	7013	7501	5032	
DHL	-88600	-88600	2	4	0	4	4	7	6	0	4	4378750	1810	2357	1241	2216	9263	7013	7501	5032	
DHL	-88800	-88800	2	4	0	5	4	6	6	0	4	4368740	1810	2357	1241	2216	9263	7013	7501	5032	
DHL	-89000	-89000	2	2	0	4	3	8	6	0	3	4359971	1810	2357	1241	2216	9263	7013	7501	5032	
DHL	-89200	-89200	2	1	0	3	3	7	6	0	3	4351898	1810	2357	1241	2216	9263	7013	7501	5032	
DHL	-89400	-89400	1	1	0	4	3	6	6	0	2	4344663	1810	2357	1241	2216	9263	7013	7501	5032	
DHL	-89600	-89600	1	1	0	5	3	7	6	0	2	4338125	1810	2357	1241	2216	9263	7013	7501	5032	
DHL	-89800	-89800	1	1	0	6	3	6	6	0	2	4330958	1810	2357	1241	2216	9263	7013	7501	5032	
DHL	-90000	-90000	1	1	1	5	4	7	7	0	3	4321933	1810	2357	1241	2216	9263	7013	7501	5032	
DHL	-90200	-90200	0	1	1	5	6	8	8	0	4	4312519	1810	2357	1241	2216	9263	7013	7501	5032	
DHL	-90400	-90400	2	0	1	3	6	8	4	0	4	4303747	1810	2357	1241	2216	9263	7013	7501	5032	
DHL	-90600	-90600	2	0	1	4	7	10	7	0	5	4294686	1810	2357	1241	2216	9263	7013	7501	5032	
DHL	-90800	-90800	2	1	1	4	5	10	7	0	6	4285644	1810	2357	1241	2216	9263	7013	7501	5032	
DHL	-91000	-91000	2	1	1	3	5	11	10	0	4	4276160	1810	2357	1241	2216	9263	7013	7501	5032	
DHL	-91200	-91200	2	1	0	3	4	10	10	0	3	4265242	1810	2357	1241	2216	9263	7013	7501	5032	
DHL	-91400	-91400	2	2	0	4	4	10	9	0	3	4253921	1810	2357	1241	2216	9263	7013	7501	5032	
DHL	-91600	-91600	1	1	0	5	4	8	10	0	4	4242726	1810	2357	1241	2216	9263	7013	7501	5032	
DHL	-91800	-91800	1	2	0	6	7	8	11	0	4	4232049	1810	2357	1241	2216	9263	7013	7501	5032	
DHL	-92000	-92000	2	2	1	5	8	6	10	0	5	4221404	1810	2357	1241	2216	9263	7013	7501	5032	
DHL	-92200	-92200	2	2	2	5	8	7	10	0	5	4210450	1810	2357	1241	2216	9263	7013	7501	5032	
DHL	-92400	-92400	2	2	2	4	9	9	9	0	3	4198719	1810	2357	1241	2216	9263	7013	7501	5032	
DHL	-92600	-92600	1	2	1	4	8	10	8	0	3	4188022	1810	2357	1241	2216	9263	7013	7501	5032	
DHL	-92800	-92800	1	2	2	4	7	9	9	0	5	4177450	1810	2357	1241	2216	9263	7013	7501	5032	
DHL	-93000	-93000	1	2	1	5	4	9	9	0	7	4166783	1810	2357	1241	2216	9263	7013	7501	5032	
DHL	-93200	-93200	1	2	1	5	7	9	10	0	6	4155686	1810	2357	1241	2216	9263	7013	7501	5032	
DHL	-93400	-93400	4	1	0	4	8	7	9	0	5	4144439	1810	2357	1241	2216	9263	7013	7501	5032	
DHL	-93600	-93600	4	1	0	3	9	6	6	0	5	4132807	1810	2357	1241	2216	9263	7013	7501	5032	
DHL	-93800	-93800	4	1	0	5	10	6	6	0	4	4121080	1810	2357	1241	2216	9263	7013	7501	5032	
DHL	-94000	-94000	3	1	1	5	11	7	7	0	3	4109597	1810	2357	1241	2216	9263	7013	7501	5032	
DHL	-94200	-94200	3	2	1	4	12	9	6	0	3	4098570	1810	2357	1241	2216	9263	7013	7501	5032	
DHL	-94400	-94400	3	1	1	3	10	10	6	0	3	4088977	1810	2357	1241	2216	9263	7013	7501	5032	
DHL	-94600	-94600	3	2	1	4	6	9	6	0	4	4080179	1810	2357	1241	2216	9263	7013	7501	5032	
DHL	-94800	-94800	3	2	1	3	5	11	9	0	4	4071328	1810	2357	1241	2216	9263	7013	7501	5032	
DHL	-95000	-95000	3	2	1	3	4	12	8	0	3	4062421	1810	2357	1241	2216	9263	7013	7501	5032	
DHL	-95200	-95200	2	3	2	3	2	10	7	0	4	4054026	1810	2357	1241	2216	9263	7013	7501	5032	
DHL	-95400	-95400	2	4	2	2	2	9	8	0	4	4045665	1810	2357	1241	2216	9263	7013	7501	5032	
DHL	-95600	-95600	1	5	2	2	3	9	7	0	4	4037767	1810	2357	1241	2216	9263	7013	7501	5032	
DHL	-95800	-95800	1	4	2	1	3	7	6	0	6	4030316	1810	2357	1241	2216	9263	7013	7501	5032	
DHL	-96000	-96000	1	5	1	1	3	5	5	0	6	4022647	1810	2357	1241	2216	9263	7013	7501	5032	
DHL	-96200	-96200	1	4	1	1	1	6	4	0	6	4014515	1810	2357	1241	2216	9263	7013	7501	5032	
DHL	-96400	-96400	1	4	1	1	1	9	7	0	5	4006607	1810	2357	1241	2216	9263	7013	7501	5032	
DHL	-96600	-96600	2	2	1	1	2	9	7	0	6	3998660	1810	2357	1241	2216	9263	7013	7501	5032	
DHL	-96800	-96800	2	2	1	1	3	11	8	0	6	3989848	1810	2357	1241	2216	9263	7013	7501	5032	
DHL	-97000	-97000	2	3	2	1	3	9	9	0	4	3980588	1810	2357	1241	2216	9263	7013	7501	5032	
DHL	-97200	-97200	2	1	2	1	2	9	11	0	3	3970822	1810	2357	1241	2216	9263	7013	7501	5032	
DHL	-97400	-97400	2	1	2	1	4	9	11	0	4	3960540	1810	2357	1241	2216	9263	7013	7501	5032	
DHL	-97600	-97600	1	1	2	1	3	8	11	0	4	3949957	1810	2357	1241	2216	9263	7013	7501	5032	
DHL	-97800	-97800	1	1	2	1	3	10	9	0	5	3939317	1810	2357	1241	2216	9263	7013	7501	5032	
DHL	-98000	-98000	1	0	1	2	3	11	7	0	6	3927240	1810	2357	1241	2216	9263	7013	7501	5032	
DHL	-98200	-98200	2	0	1	3	3	13	8	0	6	3915232	1810	2357	1241	2216	9263	7013	7501	5032	
DHL	-98400	-98400	2	0	1	5	4	13	8	0	6	3903205	1810	2357	1241	2216	9263	7013	7501	5032	
DHL	-98600	-98600	3	0	2	5	3	14	5	0	3	3891614	1810	2357	1241	2216	9263	7013	7501	5032	
DHL	-98800	-98800	3	0	2	4	3	14	7	0	3	3880213	1810	2357	1241	2216	9263	7013	7501	5032	
DHL	-99000	-99000	4	0	2	3	5	14	6	0	4	3870041	1810	2357	1241	2216	9263	7013	7501	5032	
DHL	-99200	-99200	4	0	2	3	5	11	8	0	6	3861866	1810	2357	1241	2216	9263	7013	7501	5032	
DHL	-99400	-99400	6	1	2	4	5	7	9	0	6	3853543	1810	2357	1241	2216	9263	7013	7501	5032	
DHL	-99600	-99600	6	2	3	5	4	8	7	0	8	3845895	1810	2357	1241	2216	9263	7013	7501	5032	
DHL	-99800	-99800	6	1	2	5	5	9	6	0	7	3839341	1810	2357	1241	2216	9263	7013	7501	5032	
DHL	-100000	-100000	5	1	2	5	7	10	8	0	5	3833161	1810	2357	1241	2216	9263	7013	7501	5032	
