FL	0	0	189	103	1	262	95	122	33	367	11	51323255	20421	4617	111	1773	4068	20501	2373	12989	460	
FL	200	200	201	101	1	263	89	117	35	360	11	51068362	20421	4617	111	1773	4068	20501	2373	12989	460	
FL	400	400	219	101	1	255	80	141	35	350	11	50444597	20421	4617	111	1773	4068	20501	2373	12989	460	
FL	600	600	226	92	2	244	81	153	34	331	12	49765437	20421	4617	111	1773	4068	20501	2373	12989	460	
FL	800	800	252	92	2	221	73	168	32	318	13	49117777	20421	4617	111	1773	4068	20501	2373	12989	460	
FL	1000	1000	260	89	3	206	69	183	30	290	13	48519129	20421	4617	111	1773	4068	20501	2373	12989	460	
FL	1200	1200	290	88	1	193	68	200	27	268	12	47969469	20421	4617	111	1773	4068	20501	2373	12989	460	
FL	1400	1400	311	82	1	183	63	222	30	268	11	47461932	20421	4617	111	1773	4068	20501	2373	12989	460	
FL	1600	1600	336	80	1	176	64	244	28	268	9	46989702	20421	4617	111	1773	4068	20501	2373	12989	460	
FL	1800	1800	355	87	1	167	59	239	26	256	8	46545057	20421	4617	111	1773	4068	20501	2373	12989	460	
FL	2000	2000	360	80	1	154	54	257	26	247	8	46124629	20421	4617	111	1773	4068	20501	2373	12989	460	
FL	2200	2200	351	74	3	147	51	277	27	238	8	45721333	20421	4617	111	1773	4068	20501	2373	12989	460	
FL	2400	2400	353	68	3	146	47	273	23	235	7	45336986	20421	4617	111	1773	4068	20501	2373	12989	460	
FL	2600	2600	356	62	5	139	46	282	24	231	6	44974312	20421	4617	111	1773	4068	20501	2373	12989	460	
FL	2800	2800	350	63	5	136	43	311	25	225	6	44626590	20421	4617	111	1773	4068	20501	2373	12989	460	
FL	3000	3000	362	59	5	129	42	326	24	219	4	44289591	20421	4617	111	1773	4068	20501	2373	12989	460	
FL	3200	3200	364	60	5	120	43	339	22	217	3	43959183	20421	4617	111	1773	4068	20501	2373	12989	460	
FL	3400	3400	364	66	5	113	44	349	21	203	3	43633390	20421	4617	111	1773	4068	20501	2373	12989	460	
FL	3600	3600	382	64	5	103	44	355	21	202	3	43318989	20421	4617	111	1773	4068	20501	2373	12989	460	
FL	3800	3800	400	64	5	96	40	374	17	191	3	43011374	20421	4617	111	1773	4068	20501	2373	12989	460	
FL	4000	4000	397	58	5	89	42	377	20	185	3	42714758	20421	4617	111	1773	4068	20501	2373	12989	460	
FL	4200	4200	398	57	5	89	38	373	24	186	3	42429941	20421	4617	111	1773	4068	20501	2373	12989	460	
FL	4400	4400	389	60	6	86	40	358	24	184	4	42153312	20421	4617	111	1773	4068	20501	2373	12989	460	
FL	4600	4600	403	64	5	81	42	352	23	172	4	41875391	20421	4617	111	1773	4068	20501	2373	12989	460	
FL	4800	4800	389	66	5	74	40	350	22	175	5	41601345	20421	4617	111	1773	4068	20501	2373	12989	460	
FL	5000	5000	389	64	2	69	38	351	22	171	6	41335328	20421	4617	111	1773	4068	20501	2373	12989	460	
FL	5200	5200	379	63	2	66	39	344	23	172	5	41074448	20421	4617	111	1773	4068	20501	2373	12989	460	
FL	5400	5400	389	63	2	61	40	344	26	170	5	40823769	20421	4617	111	1773	4068	20501	2373	12989	460	
FL	5600	5600	374	67	2	62	41	339	25	174	5	40578622	20421	4617	111	1773	4068	20501	2373	12989	460	
FL	5800	5800	368	69	1	65	39	349	25	175	7	40335726	20421	4617	111	1773	4068	20501	2373	12989	460	
FL	6000	6000	363	69	1	64	38	354	26	176	6	40093340	20421	4617	111	1773	4068	20501	2373	12989	460	
FL	6200	6200	352	73	0	60	37	353	31	174	6	39856870	20421	4617	111	1773	4068	20501	2373	12989	460	
FL	6400	6400	353	76	0	60	38	359	27	170	6	39626454	20421	4617	111	1773	4068	20501	2373	12989	460	
FL	6600	6600	339	71	0	61	39	361	31	171	6	39398774	20421	4617	111	1773	4068	20501	2373	12989	460	
FL	6800	6800	348	71	0	60	41	354	29	171	7	39177199	20421	4617	111	1773	4068	20501	2373	12989	460	
FL	7000	7000	360	69	0	57	41	343	31	180	7	38960864	20421	4617	111	1773	4068	20501	2373	12989	460	
FL	7200	7200	353	71	1	59	41	344	31	175	7	38748733	20421	4617	111	1773	4068	20501	2373	12989	460	
FL	7400	7400	343	68	1	60	42	340	30	169	5	38540119	20421	4617	111	1773	4068	20501	2373	12989	460	
FL	7600	7600	339	71	1	60	41	334	32	162	4	38333804	20421	4617	111	1773	4068	20501	2373	12989	460	
FL	7800	7800	337	71	1	58	38	322	28	166	4	38129343	20421	4617	111	1773	4068	20501	2373	12989	460	
FL	8000	8000	322	75	1	55	38	322	29	161	4	37928676	20421	4617	111	1773	4068	20501	2373	12989	460	
FL	8200	8200	314	75	1	55	33	340	28	155	3	37727013	20421	4617	111	1773	4068	20501	2373	12989	460	
FL	8400	8400	318	74	2	51	33	330	25	155	5	37530662	20421	4617	111	1773	4068	20501	2373	12989	460	
FL	8600	8600	334	76	2	44	32	329	22	157	4	37336857	20421	4617	111	1773	4068	20501	2373	12989	460	
FL	8800	8800	333	75	2	41	33	338	20	164	6	37144522	20421	4617	111	1773	4068	20501	2373	12989	460	
FL	9000	9000	322	76	2	42	33	348	15	162	7	36954391	20421	4617	111	1773	4068	20501	2373	12989	460	
FL	9200	9200	340	71	2	42	32	351	15	166	6	36769977	20421	4617	111	1773	4068	20501	2373	12989	460	
FL	9400	9400	332	71	2	39	30	369	16	156	6	36586539	20421	4617	111	1773	4068	20501	2373	12989	460	
FL	9600	9600	327	69	1	32	29	357	15	142	5	36403735	20421	4617	111	1773	4068	20501	2373	12989	460	
FL	9800	9800	330	75	0	26	24	369	16	138	5	36223975	20421	4617	111	1773	4068	20501	2373	12989	460	
FL	10000	10000	322	72	1	22	27	371	19	137	4	36046061	20421	4617	111	1773	4068	20501	2373	12989	460	
FL	10200	10200	312	66	2	20	28	369	22	138	4	35871966	20421	4617	111	1773	4068	20501	2373	12989	460	
FL	10400	10400	302	66	1	15	26	341	23	136	4	35701673	20421	4617	111	1773	4068	20501	2373	12989	460	
FL	10600	10600	296	67	1	15	24	346	20	129	4	35533163	20421	4617	111	1773	4068	20501	2373	12989	460	
FL	10800	10800	299	66	1	17	25	340	19	124	4	35368106	20421	4617	111	1773	4068	20501	2373	12989	460	
FL	11000	11000	292	65	1	18	24	340	21	123	5	35206588	20421	4617	111	1773	4068	20501	2373	12989	460	
FL	11200	11200	291	67	1	21	21	347	19	127	3	35043622	20421	4617	111	1773	4068	20501	2373	12989	460	
FL	11400	11400	289	69	1	23	17	356	23	124	3	34884417	20421	4617	111	1773	4068	20501	2373	12989	460	
FL	11600	11600	298	63	1	21	15	351	21	123	3	34729458	20421	4617	111	1773	4068	20501	2373	12989	460	
FL	11800	11800	313	61	1	20	19	341	21	123	3	34575023	20421	4617	111	1773	4068	20501	2373	12989	460	
FL	12000	12000	317	56	3	22	19	334	19	130	4	34423917	20421	4617	111	1773	4068	20501	2373	12989	460	
FL	12200	12200	308	52	3	22	17	336	19	123	4	34274017	20421	4617	111	1773	4068	20501	2373	12989	460	
FL	12400	12400	312	49	3	24	15	330	20	130	2	34124254	20421	4617	111	1773	4068	20501	2373	12989	460	
FL	12600	12600	318	49	3	24	14	336	20	125	1	33974515	20421	4617	111	1773	4068	20501	2373	12989	460	
FL	12800	12800	320	48	1	20	14	345	23	116	1	33825021	20421	4617	111	1773	4068	20501	2373	12989	460	
FL	13000	13000	326	48	1	19	13	352	23	118	1	33678463	20421	4617	111	1773	4068	20501	2373	12989	460	
FL	13200	13200	315	54	1	16	18	336	25	125	1	33535847	20421	4617	111	1773	4068	20501	2373	12989	460	
FL	13400	13400	333	48	1	15	19	331	27	114	1	33394482	20421	4617	111	1773	4068	20501	2373	12989	460	
FL	13600	13600	315	48	1	13	21	315	29	104	1	33255154	20421	4617	111	1773	4068	20501	2373	12989	460	
FL	13800	13800	303	52	1	13	24	316	29	104	1	33116682	20421	4617	111	1773	4068	20501	2373	12989	460	
FL	14000	14000	315	49	1	10	22	312	30	109	1	32980380	20421	4617	111	1773	4068	20501	2373	12989	460	
FL	14200	14200	306	49	1	10	23	305	30	108	2	32844810	20421	4617	111	1773	4068	20501	2373	12989	460	
FL	14400	14400	302	43	1	10	19	305	30	112	2	32712908	20421	4617	111	1773	4068	20501	2373	12989	460	
FL	14600	14600	290	48	1	11	17	318	30	108	2	32582331	20421	4617	111	1773	4068	20501	2373	12989	460	
FL	14800	14800	296	49	1	14	17	309	31	104	2	32453572	20421	4617	111	1773	4068	20501	2373	12989	460	
FL	15000	15000	296	53	1	14	18	309	27	102	2	32326641	20421	4617	111	1773	4068	20501	2373	12989	460	
FL	15200	15200	288	55	0	14	20	297	29	111	2	32200269	20421	4617	111	1773	4068	20501	2373	12989	460	
FL	15400	15400	298	53	1	14	21	297	26	109	2	32074028	20421	4617	111	1773	4068	20501	2373	12989	460	
FL	15600	15600	299	47	1	11	21	298	23	108	2	31949267	20421	4617	111	1773	4068	20501	2373	12989	460	
FL	15800	15800	304	49	1	9	22	299	20	100	1	31827802	20421	4617	111	1773	4068	20501	2373	12989	460	
FL	16000	16000	306	49	1	10	19	292	22	104	1	31704380	20421	4617	111	1773	4068	20501	2373	12989	460	
FL	16200	16200	288	46	1	12	19	287	23	101	0	31581268	20421	4617	111	1773	4068	20501	2373	12989	460	
FL	16400	16400	285	46	1	12	19	294	25	92	0	31460587	20421	4617	111	1773	4068	20501	2373	12989	460	
FL	16600	16600	288	45	1	16	20	297	27	98	1	31342982	20421	4617	111	1773	4068	20501	2373	12989	460	
FL	16800	16800	274	45	1	13	21	290	25	100	1	31227361	20421	4617	111	1773	4068	20501	2373	12989	460	
FL	17000	17000	274	50	1	11	19	295	24	98	1	31112974	20421	4617	111	1773	4068	20501	2373	12989	460	
FL	17200	17200	268	45	1	9	16	292	25	106	1	30999933	20421	4617	111	1773	4068	20501	2373	12989	460	
FL	17400	17400	269	45	1	9	17	299	25	115	1	30883923	20421	4617	111	1773	4068	20501	2373	12989	460	
FL	17600	17600	270	43	1	12	20	306	27	114	1	30768082	20421	4617	111	1773	4068	20501	2373	12989	460	
FL	17800	17800	275	44	1	11	22	307	29	121	1	30654239	20421	4617	111	1773	4068	20501	2373	12989	460	
FL	18000	18000	272	44	0	13	19	296	31	123	1	30541846	20421	4617	111	1773	4068	20501	2373	12989	460	
FL	18200	18200	274	41	1	15	21	289	33	122	0	30429588	20421	4617	111	1773	4068	20501	2373	12989	460	
FL	18400	18400	266	43	1	17	21	290	26	124	0	30318154	20421	4617	111	1773	4068	20501	2373	12989	460	
FL	18600	18600	272	47	1	20	20	287	29	121	0	30208950	20421	4617	111	1773	4068	20501	2373	12989	460	
FL	18800	18800	283	48	1	19	22	278	29	125	0	30102043	20421	4617	111	1773	4068	20501	2373	12989	460	
FL	19000	19000	288	49	1	15	21	266	32	122	0	29996178	20421	4617	111	1773	4068	20501	2373	12989	460	
FL	19200	19200	298	46	1	17	22	273	27	111	0	29891446	20421	4617	111	1773	4068	20501	2373	12989	460	
FL	19400	19400	296	45	1	16	17	267	29	112	1	29785031	20421	4617	111	1773	4068	20501	2373	12989	460	
FL	19600	19600	280	50	3	15	17	266	32	117	1	29678583	20421	4617	111	1773	4068	20501	2373	12989	460	
FL	19800	19800	279	47	3	17	17	265	33	114	1	29571315	20421	4617	111	1773	4068	20501	2373	12989	460	
FL	20000	20000	276	49	1	22	20	267	36	126	1	29464498	20421	4617	111	1773	4068	20501	2373	12989	460	
FL	20200	20200	265	48	1	24	19	258	35	124	1	29358179	20421	4617	111	1773	4068	20501	2373	12989	460	
FL	20400	20400	263	44	1	22	19	263	30	124	1	29252323	20421	4617	111	1773	4068	20501	2373	12989	460	
FL	20600	20600	267	45	1	20	21	258	31	123	1	29145950	20421	4617	111	1773	4068	20501	2373	12989	460	
FL	20800	20800	272	48	1	17	18	255	28	117	1	29039332	20421	4617	111	1773	4068	20501	2373	12989	460	
FL	21000	21000	263	42	1	19	19	262	26	108	1	28934676	20421	4617	111	1773	4068	20501	2373	12989	460	
FL	21200	21200	261	39	1	18	18	261	25	111	0	28832452	20421	4617	111	1773	4068	20501	2373	12989	460	
FL	21400	21400	255	39	1	15	15	263	24	110	0	28732477	20421	4617	111	1773	4068	20501	2373	12989	460	
FL	21600	21600	264	44	0	17	16	268	24	106	0	28635008	20421	4617	111	1773	4068	20501	2373	12989	460	
FL	21800	21800	259	43	0	19	17	273	20	103	0	28539917	20421	4617	111	1773	4068	20501	2373	12989	460	
FL	22000	22000	259	48	0	22	18	270	22	103	1	28445546	20421	4617	111	1773	4068	20501	2373	12989	460	
FL	22200	22200	260	49	0	20	18	269	20	96	1	28352657	20421	4617	111	1773	4068	20501	2373	12989	460	
FL	22400	22400	258	47	0	20	19	267	21	94	1	28261265	20421	4617	111	1773	4068	20501	2373	12989	460	
FL	22600	22600	258	49	0	23	18	266	22	90	1	28170107	20421	4617	111	1773	4068	20501	2373	12989	460	
FL	22800	22800	250	52	0	22	19	260	21	93	1	28077004	20421	4617	111	1773	4068	20501	2373	12989	460	
FL	23000	23000	245	52	0	22	19	261	19	87	0	27983725	20421	4617	111	1773	4068	20501	2373	12989	460	
FL	23200	23200	239	57	0	22	17	259	17	88	0	27893165	20421	4617	111	1773	4068	20501	2373	12989	460	
FL	23400	23400	229	54	1	23	17	259	17	87	0	27804161	20421	4617	111	1773	4068	20501	2373	12989	460	
FL	23600	23600	230	55	1	22	16	250	15	88	0	27714288	20421	4617	111	1773	4068	20501	2373	12989	460	
FL	23800	23800	229	55	1	20	17	256	16	86	0	27623108	20421	4617	111	1773	4068	20501	2373	12989	460	
FL	24000	24000	223	53	3	16	15	252	16	83	0	27529855	20421	4617	111	1773	4068	20501	2373	12989	460	
FL	24200	24200	204	52	3	16	15	245	14	79	0	27437106	20421	4617	111	1773	4068	20501	2373	12989	460	
FL	24400	24400	200	50	3	18	17	246	14	76	0	27344606	20421	4617	111	1773	4068	20501	2373	12989	460	
FL	24600	24600	205	48	3	17	14	248	15	82	0	27250729	20421	4617	111	1773	4068	20501	2373	12989	460	
FL	24800	24800	229	42	3	17	13	257	17	83	1	27155986	20421	4617	111	1773	4068	20501	2373	12989	460	
FL	25000	25000	234	43	3	15	14	253	16	80	3	27062024	20421	4617	111	1773	4068	20501	2373	12989	460	
FL	25200	25200	234	44	3	15	14	252	16	74	2	26968337	20421	4617	111	1773	4068	20501	2373	12989	460	
FL	25400	25400	242	40	3	16	14	243	17	74	2	26872461	20421	4617	111	1773	4068	20501	2373	12989	460	
FL	25600	25600	237	42	3	15	16	248	17	74	3	26777009	20421	4617	111	1773	4068	20501	2373	12989	460	
FL	25800	25800	242	46	3	15	17	237	18	76	4	26681572	20421	4617	111	1773	4068	20501	2373	12989	460	
FL	26000	26000	233	45	2	13	17	243	19	82	4	26585988	20421	4617	111	1773	4068	20501	2373	12989	460	
FL	26200	26200	247	44	2	11	18	241	17	85	4	26490563	20421	4617	111	1773	4068	20501	2373	12989	460	
FL	26400	26400	248	46	1	8	19	247	21	89	5	26396536	20421	4617	111	1773	4068	20501	2373	12989	460	
FL	26600	26600	248	46	1	8	17	240	22	90	4	26303597	20421	4617	111	1773	4068	20501	2373	12989	460	
FL	26800	26800	245	43	1	10	17	250	25	84	4	26212346	20421	4617	111	1773	4068	20501	2373	12989	460	
FL	27000	27000	246	40	1	11	16	242	23	92	3	26123411	20421	4617	111	1773	4068	20501	2373	12989	460	
FL	27200	27200	248	40	1	13	17	250	18	86	3	26035353	20421	4617	111	1773	4068	20501	2373	12989	460	
FL	27400	27400	247	43	1	13	20	249	17	81	4	25947994	20421	4617	111	1773	4068	20501	2373	12989	460	
FL	27600	27600	236	49	1	14	19	253	17	75	4	25860349	20421	4617	111	1773	4068	20501	2373	12989	460	
FL	27800	27800	225	42	1	14	22	247	19	76	4	25773411	20421	4617	111	1773	4068	20501	2373	12989	460	
FL	28000	28000	236	44	1	13	21	261	18	78	4	25687381	20421	4617	111	1773	4068	20501	2373	12989	460	
FL	28200	28200	224	41	1	13	19	255	17	76	4	25601570	20421	4617	111	1773	4068	20501	2373	12989	460	
FL	28400	28400	224	43	1	13	18	254	19	72	4	25515831	20421	4617	111	1773	4068	20501	2373	12989	460	
FL	28600	28600	218	41	1	11	19	254	19	74	5	25430751	20421	4617	111	1773	4068	20501	2373	12989	460	
FL	28800	28800	228	38	1	10	16	260	20	70	5	25345906	20421	4617	111	1773	4068	20501	2373	12989	460	
FL	29000	29000	233	37	2	11	16	257	23	81	4	25261245	20421	4617	111	1773	4068	20501	2373	12989	460	
FL	29200	29200	243	40	3	11	15	256	23	84	4	25178882	20421	4617	111	1773	4068	20501	2373	12989	460	
FL	29400	29400	242	39	3	9	15	264	22	86	3	25099594	20421	4617	111	1773	4068	20501	2373	12989	460	
FL	29600	29600	240	37	2	9	16	266	19	86	4	25019615	20421	4617	111	1773	4068	20501	2373	12989	460	
FL	29800	29800	243	39	3	9	16	257	21	84	3	24940062	20421	4617	111	1773	4068	20501	2373	12989	460	
FL	30000	30000	232	43	3	9	16	250	21	86	2	24858158	20421	4617	111	1773	4068	20501	2373	12989	460	
FL	30200	30200	224	47	3	8	17	244	21	92	1	24775045	20421	4617	111	1773	4068	20501	2373	12989	460	
FL	30400	30400	230	47	3	8	16	242	21	96	1	24692193	20421	4617	111	1773	4068	20501	2373	12989	460	
FL	30600	30600	237	48	3	6	17	237	19	99	2	24610701	20421	4617	111	1773	4068	20501	2373	12989	460	
FL	30800	30800	235	43	3	5	19	236	19	98	2	24530522	20421	4617	111	1773	4068	20501	2373	12989	460	
FL	31000	31000	237	37	3	4	18	236	23	98	2	24452884	20421	4617	111	1773	4068	20501	2373	12989	460	
FL	31200	31200	231	42	2	5	18	232	23	90	2	24377524	20421	4617	111	1773	4068	20501	2373	12989	460	
FL	31400	31400	223	42	2	5	19	231	20	89	2	24303392	20421	4617	111	1773	4068	20501	2373	12989	460	
FL	31600	31600	224	47	3	7	22	239	18	85	3	24227880	20421	4617	111	1773	4068	20501	2373	12989	460	
FL	31800	31800	221	50	3	8	22	234	18	80	3	24153402	20421	4617	111	1773	4068	20501	2373	12989	460	
FL	32000	32000	222	47	3	8	23	229	18	82	3	24078243	20421	4617	111	1773	4068	20501	2373	12989	460	
FL	32200	32200	218	50	3	9	21	223	18	79	3	24005309	20421	4617	111	1773	4068	20501	2373	12989	460	
FL	32400	32400	219	50	3	8	23	227	18	79	3	23930942	20421	4617	111	1773	4068	20501	2373	12989	460	
FL	32600	32600	221	50	1	8	23	218	18	82	3	23858302	20421	4617	111	1773	4068	20501	2373	12989	460	
FL	32800	32800	226	52	1	7	22	210	17	80	3	23787358	20421	4617	111	1773	4068	20501	2373	12989	460	
FL	33000	33000	230	50	1	7	25	207	14	79	4	23717753	20421	4617	111	1773	4068	20501	2373	12989	460	
FL	33200	33200	226	49	1	8	24	199	15	74	5	23650039	20421	4617	111	1773	4068	20501	2373	12989	460	
FL	33400	33400	222	46	2	8	25	204	17	75	6	23582714	20421	4617	111	1773	4068	20501	2373	12989	460	
FL	33600	33600	232	49	2	7	25	204	16	73	5	23516630	20421	4617	111	1773	4068	20501	2373	12989	460	
FL	33800	33800	232	46	2	8	23	216	14	79	5	23450630	20421	4617	111	1773	4068	20501	2373	12989	460	
FL	34000	34000	233	45	1	11	19	218	17	91	5	23386059	20421	4617	111	1773	4068	20501	2373	12989	460	
FL	34200	34200	228	42	1	12	18	226	19	90	4	23322349	20421	4617	111	1773	4068	20501	2373	12989	460	
FL	34400	34400	231	44	1	13	17	224	18	86	4	23258745	20421	4617	111	1773	4068	20501	2373	12989	460	
FL	34600	34600	218	40	1	14	16	234	17	92	4	23195789	20421	4617	111	1773	4068	20501	2373	12989	460	
FL	34800	34800	219	36	1	15	16	231	15	87	4	23130022	20421	4617	111	1773	4068	20501	2373	12989	460	
FL	35000	35000	208	34	1	14	16	225	16	84	5	23065070	20421	4617	111	1773	4068	20501	2373	12989	460	
FL	35200	35200	214	32	1	12	18	226	14	82	5	23001032	20421	4617	111	1773	4068	20501	2373	12989	460	
FL	35400	35400	220	34	1	11	19	217	17	81	5	22937735	20421	4617	111	1773	4068	20501	2373	12989	460	
FL	35600	35600	209	32	1	10	17	223	16	81	6	22876751	20421	4617	111	1773	4068	20501	2373	12989	460	
FL	35800	35800	203	31	1	13	18	220	16	77	5	22814890	20421	4617	111	1773	4068	20501	2373	12989	460	
FL	36000	36000	194	32	1	11	17	230	18	77	3	22751235	20421	4617	111	1773	4068	20501	2373	12989	460	
FL	36200	36200	197	31	1	9	16	232	18	72	4	22687768	20421	4617	111	1773	4068	20501	2373	12989	460	
FL	36400	36400	199	34	1	8	17	238	19	69	4	22624125	20421	4617	111	1773	4068	20501	2373	12989	460	
FL	36600	36600	210	34	0	9	16	246	18	62	4	22561475	20421	4617	111	1773	4068	20501	2373	12989	460	
FL	36800	36800	213	35	0	10	13	247	18	58	4	22499146	20421	4617	111	1773	4068	20501	2373	12989	460	
FL	37000	37000	211	31	0	12	14	243	17	54	4	22436709	20421	4617	111	1773	4068	20501	2373	12989	460	
FL	37200	37200	214	28	0	13	13	236	15	52	4	22372965	20421	4617	111	1773	4068	20501	2373	12989	460	
FL	37400	37400	208	27	0	12	13	221	14	59	3	22309241	20421	4617	111	1773	4068	20501	2373	12989	460	
FL	37600	37600	202	30	0	12	12	222	14	55	3	22245672	20421	4617	111	1773	4068	20501	2373	12989	460	
FL	37800	37800	206	36	0	12	11	207	18	56	3	22182884	20421	4617	111	1773	4068	20501	2373	12989	460	
FL	38000	38000	205	33	0	11	10	206	17	56	3	22120879	20421	4617	111	1773	4068	20501	2373	12989	460	
FL	38200	38200	201	30	0	12	12	211	14	55	4	22059879	20421	4617	111	1773	4068	20501	2373	12989	460	
FL	38400	38400	201	27	0	14	11	205	16	62	3	21998249	20421	4617	111	1773	4068	20501	2373	12989	460	
FL	38600	38600	201	26	1	13	11	190	17	66	3	21938033	20421	4617	111	1773	4068	20501	2373	12989	460	
FL	38800	38800	205	26	1	13	10	179	17	61	3	21878586	20421	4617	111	1773	4068	20501	2373	12989	460	
FL	39000	39000	203	26	0	12	10	186	16	59	2	21818507	20421	4617	111	1773	4068	20501	2373	12989	460	
FL	39200	39200	204	22	0	10	8	188	16	61	2	21759441	20421	4617	111	1773	4068	20501	2373	12989	460	
FL	39400	39400	208	22	0	10	11	188	16	62	2	21701764	20421	4617	111	1773	4068	20501	2373	12989	460	
FL	39600	39600	207	20	0	10	13	180	14	68	2	21644528	20421	4617	111	1773	4068	20501	2373	12989	460	
FL	39800	39800	205	21	0	10	10	174	13	67	2	21586500	20421	4617	111	1773	4068	20501	2373	12989	460	
FL	40000	40000	204	19	0	11	9	170	11	73	2	21527948	20421	4617	111	1773	4068	20501	2373	12989	460	
FL	40200	40200	196	24	2	11	9	186	12	76	1	21468507	20421	4617	111	1773	4068	20501	2373	12989	460	
FL	40400	40400	205	22	2	12	12	185	13	78	0	21408282	20421	4617	111	1773	4068	20501	2373	12989	460	
FL	40600	40600	207	23	1	12	14	185	12	80	0	21348730	20421	4617	111	1773	4068	20501	2373	12989	460	
FL	40800	40800	213	21	1	12	14	185	13	75	1	21288509	20421	4617	111	1773	4068	20501	2373	12989	460	
FL	41000	41000	203	24	1	12	14	189	14	76	1	21227947	20421	4617	111	1773	4068	20501	2373	12989	460	
FL	41200	41200	210	26	1	12	14	194	21	73	1	21167923	20421	4617	111	1773	4068	20501	2373	12989	460	
FL	41400	41400	202	27	1	10	16	191	24	77	2	21108206	20421	4617	111	1773	4068	20501	2373	12989	460	
FL	41600	41600	208	27	0	8	13	187	23	76	2	21048795	20421	4617	111	1773	4068	20501	2373	12989	460	
FL	41800	41800	212	30	0	8	14	192	22	75	2	20989878	20421	4617	111	1773	4068	20501	2373	12989	460	
FL	42000	42000	203	35	0	8	13	195	22	74	2	20931497	20421	4617	111	1773	4068	20501	2373	12989	460	
FL	42200	42200	199	38	0	8	14	199	22	82	2	20872356	20421	4617	111	1773	4068	20501	2373	12989	460	
FL	42400	42400	202	35	0	9	13	197	19	78	1	20814133	20421	4617	111	1773	4068	20501	2373	12989	460	
FL	42600	42600	204	30	0	9	14	195	19	79	1	20756068	20421	4617	111	1773	4068	20501	2373	12989	460	
FL	42800	42800	199	32	0	10	14	197	20	78	1	20697792	20421	4617	111	1773	4068	20501	2373	12989	460	
FL	43000	43000	192	32	1	10	13	201	18	76	2	20640385	20421	4617	111	1773	4068	20501	2373	12989	460	
FL	43200	43200	187	29	1	11	13	197	19	71	2	20581299	20421	4617	111	1773	4068	20501	2373	12989	460	
FL	43400	43400	180	25	1	11	13	191	19	73	2	20522904	20421	4617	111	1773	4068	20501	2373	12989	460	
FL	43600	43600	181	23	1	10	14	189	16	74	1	20466651	20421	4617	111	1773	4068	20501	2373	12989	460	
FL	43800	43800	178	24	1	9	15	199	18	75	1	20410303	20421	4617	111	1773	4068	20501	2373	12989	460	
FL	44000	44000	188	25	2	12	16	199	18	76	1	20356100	20421	4617	111	1773	4068	20501	2373	12989	460	
FL	44200	44200	186	23	2	12	17	200	19	77	1	20301576	20421	4617	111	1773	4068	20501	2373	12989	460	
FL	44400	44400	189	23	2	13	19	197	18	67	1	20246365	20421	4617	111	1773	4068	20501	2373	12989	460	
FL	44600	44600	200	23	2	12	20	196	16	63	1	20193035	20421	4617	111	1773	4068	20501	2373	12989	460	
FL	44800	44800	197	24	2	10	20	198	16	62	1	20138767	20421	4617	111	1773	4068	20501	2373	12989	460	
FL	45000	45000	187	25	2	10	19	203	15	63	0	20083616	20421	4617	111	1773	4068	20501	2373	12989	460	
FL	45200	45200	178	29	1	10	16	201	16	67	0	20027480	20421	4617	111	1773	4068	20501	2373	12989	460	
FL	45400	45400	179	29	1	11	18	206	16	63	0	19969408	20421	4617	111	1773	4068	20501	2373	12989	460	
FL	45600	45600	174	33	1	10	16	209	16	61	0	19911238	20421	4617	111	1773	4068	20501	2373	12989	460	
FL	45800	45800	177	34	1	10	17	213	19	65	0	19853363	20421	4617	111	1773	4068	20501	2373	12989	460	
FL	46000	46000	188	34	1	10	20	215	20	66	0	19796027	20421	4617	111	1773	4068	20501	2373	12989	460	
FL	46200	46200	178	32	1	11	20	210	19	62	1	19737546	20421	4617	111	1773	4068	20501	2373	12989	460	
FL	46400	46400	184	34	1	10	20	203	21	61	2	19678248	20421	4617	111	1773	4068	20501	2373	12989	460	
FL	46600	46600	176	33	1	10	19	201	21	62	2	19620243	20421	4617	111	1773	4068	20501	2373	12989	460	
FL	46800	46800	185	30	2	11	19	204	20	61	1	19564104	20421	4617	111	1773	4068	20501	2373	12989	460	
FL	47000	47000	183	31	1	11	19	196	21	61	1	19508656	20421	4617	111	1773	4068	20501	2373	12989	460	
FL	47200	47200	193	36	1	11	21	188	21	62	2	19454535	20421	4617	111	1773	4068	20501	2373	12989	460	
FL	47400	47400	188	35	1	11	21	189	19	62	2	19402843	20421	4617	111	1773	4068	20501	2373	12989	460	
FL	47600	47600	180	38	1	10	19	193	21	60	1	19351619	20421	4617	111	1773	4068	20501	2373	12989	460	
FL	47800	47800	179	35	1	9	17	193	20	66	1	19298922	20421	4617	111	1773	4068	20501	2373	12989	460	
FL	48000	48000	174	37	1	13	17	195	18	70	1	19246680	20421	4617	111	1773	4068	20501	2373	12989	460	
FL	48200	48200	180	42	0	12	17	183	19	68	1	19194939	20421	4617	111	1773	4068	20501	2373	12989	460	
FL	48400	48400	180	43	0	15	16	194	19	75	2	19144933	20421	4617	111	1773	4068	20501	2373	12989	460	
FL	48600	48600	185	43	1	16	16	197	20	70	2	19095587	20421	4617	111	1773	4068	20501	2373	12989	460	
FL	48800	48800	183	42	1	16	16	208	22	65	3	19047465	20421	4617	111	1773	4068	20501	2373	12989	460	
FL	49000	49000	182	44	1	13	16	194	23	74	2	18999696	20421	4617	111	1773	4068	20501	2373	12989	460	
FL	49200	49200	173	44	1	13	15	195	20	75	2	18952093	20421	4617	111	1773	4068	20501	2373	12989	460	
FL	49400	49400	178	43	1	13	17	184	19	73	1	18904370	20421	4617	111	1773	4068	20501	2373	12989	460	
FL	49600	49600	180	45	1	13	17	189	21	69	1	18857067	20421	4617	111	1773	4068	20501	2373	12989	460	
FL	49800	49800	177	44	2	13	14	180	20	70	1	18810307	20421	4617	111	1773	4068	20501	2373	12989	460	
FL	50000	50000	175	43	2	11	14	181	20	65	1	18762602	20421	4617	111	1773	4068	20501	2373	12989	460	
FL	50200	50200	173	40	2	11	13	179	23	66	1	18715762	20421	4617	111	1773	4068	20501	2373	12989	460	
FL	50400	50400	173	39	2	12	13	184	21	66	1	18669158	20421	4617	111	1773	4068	20501	2373	12989	460	
FL	50600	50600	171	41	1	13	11	181	20	68	1	18623889	20421	4617	111	1773	4068	20501	2373	12989	460	
FL	50800	50800	180	42	1	13	12	175	17	62	2	18578113	20421	4617	111	1773	4068	20501	2373	12989	460	
FL	51000	51000	185	41	1	13	12	175	17	62	2	18532616	20421	4617	111	1773	4068	20501	2373	12989	460	
FL	51200	51200	184	40	1	11	12	170	16	59	2	18488197	20421	4617	111	1773	4068	20501	2373	12989	460	
FL	51400	51400	183	40	1	11	14	161	14	53	2	18444685	20421	4617	111	1773	4068	20501	2373	12989	460	
FL	51600	51600	178	40	1	14	13	157	16	43	1	18399385	20421	4617	111	1773	4068	20501	2373	12989	460	
FL	51800	51800	173	39	0	14	13	164	15	42	1	18354736	20421	4617	111	1773	4068	20501	2373	12989	460	
FL	52000	52000	166	41	1	15	13	163	14	47	1	18310799	20421	4617	111	1773	4068	20501	2373	12989	460	
FL	52200	52200	164	37	1	17	11	167	14	48	2	18266163	20421	4617	111	1773	4068	20501	2373	12989	460	
FL	52400	52400	173	33	2	19	11	159	15	51	3	18222283	20421	4617	111	1773	4068	20501	2373	12989	460	
FL	52600	52600	167	34	2	17	13	153	16	51	2	18179045	20421	4617	111	1773	4068	20501	2373	12989	460	
FL	52800	52800	169	34	2	14	15	143	18	48	2	18135320	20421	4617	111	1773	4068	20501	2373	12989	460	
FL	53000	53000	165	32	2	13	17	152	17	47	2	18091842	20421	4617	111	1773	4068	20501	2373	12989	460	
FL	53200	53200	164	34	1	13	18	150	15	49	2	18049419	20421	4617	111	1773	4068	20501	2373	12989	460	
FL	53400	53400	149	32	1	12	17	156	16	52	2	18006541	20421	4617	111	1773	4068	20501	2373	12989	460	
FL	53600	53600	148	33	1	10	16	166	17	55	2	17962558	20421	4617	111	1773	4068	20501	2373	12989	460	
FL	53800	53800	146	31	1	9	18	169	18	54	2	17916540	20421	4617	111	1773	4068	20501	2373	12989	460	
FL	54000	54000	145	29	1	8	15	168	19	56	2	17870803	20421	4617	111	1773	4068	20501	2373	12989	460	
FL	54200	54200	143	28	1	6	14	167	18	56	2	17824856	20421	4617	111	1773	4068	20501	2373	12989	460	
FL	54400	54400	141	28	1	8	12	170	20	59	2	17779822	20421	4617	111	1773	4068	20501	2373	12989	460	
FL	54600	54600	139	27	1	8	14	175	21	59	1	17736846	20421	4617	111	1773	4068	20501	2373	12989	460	
FL	54800	54800	157	26	1	8	15	170	21	64	0	17694672	20421	4617	111	1773	4068	20501	2373	12989	460	
FL	55000	55000	158	24	1	8	15	166	21	70	1	17652809	20421	4617	111	1773	4068	20501	2373	12989	460	
FL	55200	55200	154	29	1	7	12	155	22	73	1	17611686	20421	4617	111	1773	4068	20501	2373	12989	460	
FL	55400	55400	152	29	1	8	15	149	25	70	1	17571199	20421	4617	111	1773	4068	20501	2373	12989	460	
FL	55600	55600	149	33	1	10	16	144	24	66	1	17530257	20421	4617	111	1773	4068	20501	2373	12989	460	
FL	55800	55800	146	31	1	10	17	130	23	56	1	17487984	20421	4617	111	1773	4068	20501	2373	12989	460	
FL	56000	56000	144	33	0	11	19	125	24	54	1	17445224	20421	4617	111	1773	4068	20501	2373	12989	460	
FL	56200	56200	146	32	0	9	18	132	24	55	2	17402447	20421	4617	111	1773	4068	20501	2373	12989	460	
FL	56400	56400	151	34	0	7	17	137	22	55	3	17360035	20421	4617	111	1773	4068	20501	2373	12989	460	
FL	56600	56600	145	30	0	6	16	144	20	55	3	17318971	20421	4617	111	1773	4068	20501	2373	12989	460	
FL	56800	56800	143	29	0	6	16	142	19	46	3	17277614	20421	4617	111	1773	4068	20501	2373	12989	460	
FL	57000	57000	154	24	0	4	17	145	16	56	2	17235964	20421	4617	111	1773	4068	20501	2373	12989	460	
FL	57200	57200	158	25	0	3	14	140	16	59	2	17194567	20421	4617	111	1773	4068	20501	2373	12989	460	
FL	57400	57400	159	26	0	3	15	144	14	68	2	17153689	20421	4617	111	1773	4068	20501	2373	12989	460	
FL	57600	57600	160	32	0	3	14	146	12	62	2	17113308	20421	4617	111	1773	4068	20501	2373	12989	460	
FL	57800	57800	158	29	0	2	14	142	12	59	1	17072485	20421	4617	111	1773	4068	20501	2373	12989	460	
FL	58000	58000	167	27	0	3	14	150	12	55	1	17031201	20421	4617	111	1773	4068	20501	2373	12989	460	
FL	58200	58200	175	26	0	3	11	149	13	53	1	16989662	20421	4617	111	1773	4068	20501	2373	12989	460	
FL	58400	58400	177	28	0	3	12	149	12	51	1	16946482	20421	4617	111	1773	4068	20501	2373	12989	460	
FL	58600	58600	164	30	0	4	13	139	10	52	1	16903017	20421	4617	111	1773	4068	20501	2373	12989	460	
FL	58800	58800	152	30	1	6	14	140	12	55	1	16859248	20421	4617	111	1773	4068	20501	2373	12989	460	
FL	59000	59000	151	30	1	5	15	140	14	58	1	16816409	20421	4617	111	1773	4068	20501	2373	12989	460	
FL	59200	59200	156	28	1	4	18	137	15	58	1	16775020	20421	4617	111	1773	4068	20501	2373	12989	460	
FL	59400	59400	160	33	1	4	17	134	16	58	1	16733994	20421	4617	111	1773	4068	20501	2373	12989	460	
FL	59600	59600	165	31	1	5	14	138	15	60	1	16693644	20421	4617	111	1773	4068	20501	2373	12989	460	
FL	59800	59800	154	35	0	9	16	143	16	59	1	16653742	20421	4617	111	1773	4068	20501	2373	12989	460	
FL	60000	60000	144	38	0	8	17	143	14	57	1	16612800	20421	4617	111	1773	4068	20501	2373	12989	460	
FL	60200	60200	147	35	0	8	21	131	13	58	0	16572382	20421	4617	111	1773	4068	20501	2373	12989	460	
FL	60400	60400	148	29	0	8	19	138	13	52	0	16532621	20421	4617	111	1773	4068	20501	2373	12989	460	
FL	60600	60600	140	29	0	11	16	139	12	53	0	16494886	20421	4617	111	1773	4068	20501	2373	12989	460	
FL	60800	60800	144	33	0	11	14	133	14	52	0	16459254	20421	4617	111	1773	4068	20501	2373	12989	460	
FL	61000	61000	139	32	0	13	16	137	14	50	0	16424641	20421	4617	111	1773	4068	20501	2373	12989	460	
FL	61200	61200	132	33	0	13	16	134	15	47	0	16391060	20421	4617	111	1773	4068	20501	2373	12989	460	
FL	61400	61400	137	32	1	13	14	143	14	48	0	16355715	20421	4617	111	1773	4068	20501	2373	12989	460	
FL	61600	61600	137	28	1	13	15	141	15	48	0	16318264	20421	4617	111	1773	4068	20501	2373	12989	460	
FL	61800	61800	134	26	1	13	15	136	14	43	0	16281351	20421	4617	111	1773	4068	20501	2373	12989	460	
FL	62000	62000	131	25	1	13	16	131	13	45	0	16243776	20421	4617	111	1773	4068	20501	2373	12989	460	
FL	62200	62200	131	20	1	12	15	135	11	47	0	16204451	20421	4617	111	1773	4068	20501	2373	12989	460	
FL	62400	62400	135	19	1	11	16	134	12	44	0	16164610	20421	4617	111	1773	4068	20501	2373	12989	460	
FL	62600	62600	131	17	1	10	13	134	10	43	0	16125783	20421	4617	111	1773	4068	20501	2373	12989	460	
FL	62800	62800	129	15	1	10	14	140	11	42	0	16087470	20421	4617	111	1773	4068	20501	2373	12989	460	
FL	63000	63000	127	13	1	9	15	149	13	43	1	16048777	20421	4617	111	1773	4068	20501	2373	12989	460	
FL	63200	63200	130	16	1	7	14	148	15	45	1	16011311	20421	4617	111	1773	4068	20501	2373	12989	460	
FL	63400	63400	126	15	1	3	15	147	13	39	1	15974544	20421	4617	111	1773	4068	20501	2373	12989	460	
FL	63600	63600	132	18	0	3	12	153	11	41	0	15937715	20421	4617	111	1773	4068	20501	2373	12989	460	
FL	63800	63800	120	20	0	3	13	156	12	42	0	15902229	20421	4617	111	1773	4068	20501	2373	12989	460	
FL	64000	64000	115	20	0	2	10	157	12	39	0	15867434	20421	4617	111	1773	4068	20501	2373	12989	460	
FL	64200	64200	113	20	0	3	7	152	10	38	0	15832450	20421	4617	111	1773	4068	20501	2373	12989	460	
FL	64400	64400	112	21	1	3	10	151	11	42	0	15796708	20421	4617	111	1773	4068	20501	2373	12989	460	
FL	64600	64600	114	21	1	4	10	150	12	48	0	15760616	20421	4617	111	1773	4068	20501	2373	12989	460	
FL	64800	64800	111	22	1	4	9	150	12	41	0	15724847	20421	4617	111	1773	4068	20501	2373	12989	460	
FL	65000	65000	111	18	1	4	9	149	11	46	1	15689668	20421	4617	111	1773	4068	20501	2373	12989	460	
FL	65200	65200	114	20	1	4	10	150	9	51	2	15655177	20421	4617	111	1773	4068	20501	2373	12989	460	
FL	65400	65400	120	20	1	4	9	150	10	56	2	15622147	20421	4617	111	1773	4068	20501	2373	12989	460	
FL	65600	65600	124	24	0	4	10	149	10	59	2	15590442	20421	4617	111	1773	4068	20501	2373	12989	460	
FL	65800	65800	129	25	0	4	9	157	9	62	2	15558530	20421	4617	111	1773	4068	20501	2373	12989	460	
FL	66000	66000	126	27	0	3	8	147	8	64	3	15524922	20421	4617	111	1773	4068	20501	2373	12989	460	
FL	66200	66200	135	25	0	3	8	145	10	61	4	15492506	20421	4617	111	1773	4068	20501	2373	12989	460	
FL	66400	66400	135	26	0	5	8	146	11	62	4	15459468	20421	4617	111	1773	4068	20501	2373	12989	460	
FL	66600	66600	125	23	0	5	6	139	13	62	4	15427367	20421	4617	111	1773	4068	20501	2373	12989	460	
FL	66800	66800	133	22	0	5	6	132	12	64	3	15396017	20421	4617	111	1773	4068	20501	2373	12989	460	
FL	67000	67000	132	19	0	5	7	128	13	58	3	15364911	20421	4617	111	1773	4068	20501	2373	12989	460	
FL	67200	67200	138	21	0	4	10	138	11	57	2	15332859	20421	4617	111	1773	4068	20501	2373	12989	460	
FL	67400	67400	140	20	0	5	8	132	12	56	2	15301275	20421	4617	111	1773	4068	20501	2373	12989	460	
FL	67600	67600	145	23	0	5	7	124	12	52	2	15270505	20421	4617	111	1773	4068	20501	2373	12989	460	
FL	67800	67800	136	21	0	5	7	128	12	44	1	15239426	20421	4617	111	1773	4068	20501	2373	12989	460	
FL	68000	68000	135	22	0	5	6	126	11	45	1	15207763	20421	4617	111	1773	4068	20501	2373	12989	460	
FL	68200	68200	146	23	0	4	5	123	15	45	1	15175223	20421	4617	111	1773	4068	20501	2373	12989	460	
FL	68400	68400	148	22	1	4	2	131	15	53	2	15142657	20421	4617	111	1773	4068	20501	2373	12989	460	
FL	68600	68600	145	24	1	4	4	137	14	49	2	15108441	20421	4617	111	1773	4068	20501	2373	12989	460	
FL	68800	68800	139	25	0	4	4	142	15	50	2	15074252	20421	4617	111	1773	4068	20501	2373	12989	460	
FL	69000	69000	134	27	0	4	4	131	14	44	2	15039965	20421	4617	111	1773	4068	20501	2373	12989	460	
FL	69200	69200	131	22	0	4	6	128	13	47	3	15005086	20421	4617	111	1773	4068	20501	2373	12989	460	
FL	69400	69400	132	24	0	3	9	132	11	45	4	14969548	20421	4617	111	1773	4068	20501	2373	12989	460	
FL	69600	69600	128	22	0	4	9	130	14	48	3	14935061	20421	4617	111	1773	4068	20501	2373	12989	460	
FL	69800	69800	131	18	0	4	10	142	14	49	2	14901583	20421	4617	111	1773	4068	20501	2373	12989	460	
FL	70000	70000	132	17	0	4	10	145	13	48	2	14869724	20421	4617	111	1773	4068	20501	2373	12989	460	
FL	70200	70200	127	18	0	4	11	154	11	45	2	14838854	20421	4617	111	1773	4068	20501	2373	12989	460	
FL	70400	70400	128	19	0	3	12	150	11	47	2	14808604	20421	4617	111	1773	4068	20501	2373	12989	460	
FL	70600	70600	128	20	0	3	12	147	12	46	2	14780507	20421	4617	111	1773	4068	20501	2373	12989	460	
FL	70800	70800	121	20	1	5	13	148	13	50	2	14752070	20421	4617	111	1773	4068	20501	2373	12989	460	
FL	71000	71000	120	22	1	5	12	141	14	52	2	14723823	20421	4617	111	1773	4068	20501	2373	12989	460	
FL	71200	71200	122	21	1	6	12	134	14	50	3	14695789	20421	4617	111	1773	4068	20501	2373	12989	460	
FL	71400	71400	122	20	1	5	12	136	13	50	4	14667579	20421	4617	111	1773	4068	20501	2373	12989	460	
FL	71600	71600	122	18	1	4	11	132	13	58	4	14640669	20421	4617	111	1773	4068	20501	2373	12989	460	
FL	71800	71800	128	17	1	5	11	147	11	57	3	14615137	20421	4617	111	1773	4068	20501	2373	12989	460	
FL	72000	72000	122	17	1	5	13	148	13	56	4	14589824	20421	4617	111	1773	4068	20501	2373	12989	460	
FL	72200	72200	117	19	1	4	11	147	13	55	4	14563351	20421	4617	111	1773	4068	20501	2373	12989	460	
FL	72400	72400	116	20	1	3	9	145	16	55	3	14536551	20421	4617	111	1773	4068	20501	2373	12989	460	
FL	72600	72600	109	19	1	3	8	140	19	53	3	14509712	20421	4617	111	1773	4068	20501	2373	12989	460	
FL	72800	72800	102	21	0	6	6	134	19	59	2	14482293	20421	4617	111	1773	4068	20501	2373	12989	460	
FL	73000	73000	105	21	0	6	6	130	17	57	1	14452341	20421	4617	111	1773	4068	20501	2373	12989	460	
FL	73200	73200	100	20	1	8	6	141	15	56	1	14421759	20421	4617	111	1773	4068	20501	2373	12989	460	
FL	73400	73400	96	20	1	7	6	140	14	59	0	14391656	20421	4617	111	1773	4068	20501	2373	12989	460	
FL	73600	73600	107	21	1	7	6	132	16	57	0	14361831	20421	4617	111	1773	4068	20501	2373	12989	460	
FL	73800	73800	95	20	1	7	8	134	13	62	0	14332488	20421	4617	111	1773	4068	20501	2373	12989	460	
FL	74000	74000	90	19	2	5	8	137	13	62	0	14304287	20421	4617	111	1773	4068	20501	2373	12989	460	
FL	74200	74200	98	19	2	6	13	135	12	62	0	14277423	20421	4617	111	1773	4068	20501	2373	12989	460	
FL	74400	74400	105	21	2	7	12	136	12	65	0	14250620	20421	4617	111	1773	4068	20501	2373	12989	460	
FL	74600	74600	101	23	2	8	14	135	10	60	0	14222989	20421	4617	111	1773	4068	20501	2373	12989	460	
FL	74800	74800	112	24	2	9	13	141	6	51	1	14195400	20421	4617	111	1773	4068	20501	2373	12989	460	
FL	75000	75000	121	27	1	10	17	127	6	52	1	14168155	20421	4617	111	1773	4068	20501	2373	12989	460	
FL	75200	75200	126	28	1	10	21	126	7	51	1	14141785	20421	4617	111	1773	4068	20501	2373	12989	460	
FL	75400	75400	132	23	1	10	17	118	8	51	2	14115809	20421	4617	111	1773	4068	20501	2373	12989	460	
FL	75600	75600	135	20	1	8	16	121	9	49	1	14090337	20421	4617	111	1773	4068	20501	2373	12989	460	
FL	75800	75800	132	18	1	7	17	123	8	50	1	14063872	20421	4617	111	1773	4068	20501	2373	12989	460	
FL	76000	76000	130	19	1	7	16	119	9	47	2	14036790	20421	4617	111	1773	4068	20501	2373	12989	460	
FL	76200	76200	123	21	1	7	14	108	7	46	2	14011168	20421	4617	111	1773	4068	20501	2373	12989	460	
FL	76400	76400	120	19	1	8	11	110	9	46	2	13985124	20421	4617	111	1773	4068	20501	2373	12989	460	
FL	76600	76600	121	21	1	6	11	110	10	45	2	13959384	20421	4617	111	1773	4068	20501	2373	12989	460	
FL	76800	76800	127	23	0	7	12	117	8	44	2	13933444	20421	4617	111	1773	4068	20501	2373	12989	460	
FL	77000	77000	127	25	0	6	12	114	6	41	2	13905579	20421	4617	111	1773	4068	20501	2373	12989	460	
FL	77200	77200	130	28	0	6	11	115	7	41	1	13878994	20421	4617	111	1773	4068	20501	2373	12989	460	
FL	77400	77400	134	26	0	8	7	111	7	48	1	13853107	20421	4617	111	1773	4068	20501	2373	12989	460	
FL	77600	77600	131	25	0	8	7	113	6	45	1	13827242	20421	4617	111	1773	4068	20501	2373	12989	460	
FL	77800	77800	131	23	1	8	8	105	6	46	1	13800631	20421	4617	111	1773	4068	20501	2373	12989	460	
FL	78000	78000	129	19	1	8	8	104	8	47	1	13773700	20421	4617	111	1773	4068	20501	2373	12989	460	
FL	78200	78200	127	19	1	8	7	107	8	50	1	13747327	20421	4617	111	1773	4068	20501	2373	12989	460	
FL	78400	78400	129	19	1	7	7	111	11	51	1	13720453	20421	4617	111	1773	4068	20501	2373	12989	460	
FL	78600	78600	127	16	1	7	6	114	11	48	1	13693856	20421	4617	111	1773	4068	20501	2373	12989	460	
FL	78800	78800	127	18	1	7	7	111	11	48	2	13668309	20421	4617	111	1773	4068	20501	2373	12989	460	
FL	79000	79000	123	20	1	7	7	113	9	44	2	13643393	20421	4617	111	1773	4068	20501	2373	12989	460	
FL	79200	79200	120	19	1	8	8	114	9	46	2	13618437	20421	4617	111	1773	4068	20501	2373	12989	460	
FL	79400	79400	119	20	0	8	6	119	10	52	2	13594776	20421	4617	111	1773	4068	20501	2373	12989	460	
FL	79600	79600	114	19	0	8	7	127	11	54	2	13570366	20421	4617	111	1773	4068	20501	2373	12989	460	
FL	79800	79800	111	21	0	8	8	123	11	51	2	13546210	20421	4617	111	1773	4068	20501	2373	12989	460	
FL	80000	80000	115	22	0	10	9	114	11	48	2	13522616	20421	4617	111	1773	4068	20501	2373	12989	460	
FL	80200	80200	116	24	0	12	8	115	12	50	2	13497600	20421	4617	111	1773	4068	20501	2373	12989	460	
FL	80400	80400	109	24	0	13	7	121	11	45	2	13472183	20421	4617	111	1773	4068	20501	2373	12989	460	
FL	80600	80600	116	25	0	11	7	122	11	42	2	13446827	20421	4617	111	1773	4068	20501	2373	12989	460	
FL	80800	80800	115	26	0	9	8	128	8	42	1	13421641	20421	4617	111	1773	4068	20501	2373	12989	460	
FL	81000	81000	115	19	0	8	10	127	9	45	1	13395297	20421	4617	111	1773	4068	20501	2373	12989	460	
FL	81200	81200	115	17	0	7	8	116	9	49	0	13368770	20421	4617	111	1773	4068	20501	2373	12989	460	
FL	81400	81400	107	18	0	7	7	111	10	47	1	13342806	20421	4617	111	1773	4068	20501	2373	12989	460	
FL	81600	81600	107	17	0	7	8	112	9	47	1	13316749	20421	4617	111	1773	4068	20501	2373	12989	460	
FL	81800	81800	109	15	0	8	8	103	9	41	1	13290926	20421	4617	111	1773	4068	20501	2373	12989	460	
FL	82000	82000	106	16	0	8	7	103	9	41	1	13265284	20421	4617	111	1773	4068	20501	2373	12989	460	
FL	82200	82200	107	20	0	7	7	99	8	37	1	13238426	20421	4617	111	1773	4068	20501	2373	12989	460	
FL	82400	82400	108	22	0	5	8	88	8	38	1	13211517	20421	4617	111	1773	4068	20501	2373	12989	460	
FL	82600	82600	104	24	0	4	8	88	9	42	2	13185104	20421	4617	111	1773	4068	20501	2373	12989	460	
FL	82800	82800	103	23	0	5	9	88	9	42	2	13158996	20421	4617	111	1773	4068	20501	2373	12989	460	
FL	83000	83000	105	23	0	6	9	88	10	45	2	13132414	20421	4617	111	1773	4068	20501	2373	12989	460	
FL	83200	83200	102	25	0	5	8	82	11	45	2	13105505	20421	4617	111	1773	4068	20501	2373	12989	460	
FL	83400	83400	100	26	0	4	8	88	12	47	2	13077745	20421	4617	111	1773	4068	20501	2373	12989	460	
FL	83600	83600	99	27	0	6	9	92	12	50	0	13049215	20421	4617	111	1773	4068	20501	2373	12989	460	
FL	83800	83800	103	24	0	5	9	93	12	49	0	13019876	20421	4617	111	1773	4068	20501	2373	12989	460	
FL	84000	84000	102	24	0	4	10	104	13	50	1	12991940	20421	4617	111	1773	4068	20501	2373	12989	460	
FL	84200	84200	104	23	0	4	13	100	12	51	2	12964897	20421	4617	111	1773	4068	20501	2373	12989	460	
FL	84400	84400	105	24	0	4	15	100	11	48	2	12938706	20421	4617	111	1773	4068	20501	2373	12989	460	
FL	84600	84600	110	22	0	3	12	100	12	50	3	12912791	20421	4617	111	1773	4068	20501	2373	12989	460	
FL	84800	84800	110	22	0	4	12	95	10	53	3	12886660	20421	4617	111	1773	4068	20501	2373	12989	460	
FL	85000	85000	113	20	0	3	12	95	9	54	3	12860429	20421	4617	111	1773	4068	20501	2373	12989	460	
FL	85200	85200	117	17	0	5	12	90	9	53	3	12834992	20421	4617	111	1773	4068	20501	2373	12989	460	
FL	85400	85400	111	18	0	6	10	85	7	52	3	12808412	20421	4617	111	1773	4068	20501	2373	12989	460	
FL	85600	85600	110	19	0	6	8	90	8	52	3	12780453	20421	4617	111	1773	4068	20501	2373	12989	460	
FL	85800	85800	106	19	0	7	8	98	8	55	3	12753219	20421	4617	111	1773	4068	20501	2373	12989	460	
FL	86000	86000	116	18	0	7	9	101	10	55	3	12727121	20421	4617	111	1773	4068	20501	2373	12989	460	
FL	86200	86200	113	16	0	7	8	102	10	52	2	12700364	20421	4617	111	1773	4068	20501	2373	12989	460	
FL	86400	86400	108	15	0	7	8	97	12	49	3	12673530	20421	4617	111	1773	4068	20501	2373	12989	460	
FL	86600	86600	111	16	0	6	7	95	14	48	3	12646545	20421	4617	111	1773	4068	20501	2373	12989	460	
FL	86800	86800	117	16	0	7	7	93	16	52	1	12620056	20421	4617	111	1773	4068	20501	2373	12989	460	
FL	87000	87000	110	15	1	11	7	87	15	51	1	12592936	20421	4617	111	1773	4068	20501	2373	12989	460	
FL	87200	87200	102	17	1	13	7	90	15	51	2	12566856	20421	4617	111	1773	4068	20501	2373	12989	460	
FL	87400	87400	100	17	1	12	6	85	15	50	2	12541034	20421	4617	111	1773	4068	20501	2373	12989	460	
FL	87600	87600	104	19	0	11	5	80	14	53	1	12515682	20421	4617	111	1773	4068	20501	2373	12989	460	
FL	87800	87800	106	18	0	10	5	79	12	49	1	12490752	20421	4617	111	1773	4068	20501	2373	12989	460	
FL	88000	88000	102	14	0	10	8	76	12	49	1	12467277	20421	4617	111	1773	4068	20501	2373	12989	460	
FL	88200	88200	99	13	0	6	11	82	13	49	1	12444613	20421	4617	111	1773	4068	20501	2373	12989	460	
FL	88400	88400	101	15	0	6	11	78	14	46	1	12421350	20421	4617	111	1773	4068	20501	2373	12989	460	
FL	88600	88600	105	17	0	5	12	73	11	45	2	12397594	20421	4617	111	1773	4068	20501	2373	12989	460	
FL	88800	88800	103	15	0	4	12	73	10	46	2	12373426	20421	4617	111	1773	4068	20501	2373	12989	460	
FL	89000	89000	101	15	0	5	15	78	10	47	1	12349892	20421	4617	111	1773	4068	20501	2373	12989	460	
FL	89200	89200	102	18	0	4	15	83	9	43	1	12327261	20421	4617	111	1773	4068	20501	2373	12989	460	
FL	89400	89400	104	20	0	6	16	83	9	42	1	12304304	20421	4617	111	1773	4068	20501	2373	12989	460	
FL	89600	89600	105	21	0	6	13	86	8	39	1	12280662	20421	4617	111	1773	4068	20501	2373	12989	460	
FL	89800	89800	108	20	0	6	12	86	8	44	1	12256855	20421	4617	111	1773	4068	20501	2373	12989	460	
FL	90000	90000	100	20	0	5	15	86	10	47	0	12231578	20421	4617	111	1773	4068	20501	2373	12989	460	
FL	90200	90200	108	23	0	6	15	86	8	45	0	12204689	20421	4617	111	1773	4068	20501	2373	12989	460	
FL	90400	90400	113	23	0	6	14	85	7	46	0	12177450	20421	4617	111	1773	4068	20501	2373	12989	460	
FL	90600	90600	109	24	0	6	13	86	6	47	0	12151260	20421	4617	111	1773	4068	20501	2373	12989	460	
FL	90800	90800	99	22	0	9	14	90	5	53	1	12127705	20421	4617	111	1773	4068	20501	2373	12989	460	
FL	91000	91000	107	22	0	9	15	90	5	54	1	12106001	20421	4617	111	1773	4068	20501	2373	12989	460	
FL	91200	91200	110	23	0	9	14	94	6	53	1	12084333	20421	4617	111	1773	4068	20501	2373	12989	460	
FL	91400	91400	108	25	0	9	11	100	5	50	2	12062377	20421	4617	111	1773	4068	20501	2373	12989	460	
FL	91600	91600	106	23	0	8	10	101	4	52	2	12040163	20421	4617	111	1773	4068	20501	2373	12989	460	
FL	91800	91800	110	24	0	7	11	109	4	49	1	12016834	20421	4617	111	1773	4068	20501	2373	12989	460	
FL	92000	92000	110	25	0	4	10	115	3	52	1	11993296	20421	4617	111	1773	4068	20501	2373	12989	460	
FL	92200	92200	110	26	0	5	11	118	3	52	1	11970289	20421	4617	111	1773	4068	20501	2373	12989	460	
FL	92400	92400	103	24	0	4	12	108	3	49	1	11947737	20421	4617	111	1773	4068	20501	2373	12989	460	
FL	92600	92600	99	26	0	3	14	104	5	45	1	11924509	20421	4617	111	1773	4068	20501	2373	12989	460	
FL	92800	92800	96	27	0	3	14	94	4	49	1	11901532	20421	4617	111	1773	4068	20501	2373	12989	460	
FL	93000	93000	98	27	0	4	13	86	5	51	1	11878442	20421	4617	111	1773	4068	20501	2373	12989	460	
FL	93200	93200	100	26	0	4	11	79	5	50	0	11855364	20421	4617	111	1773	4068	20501	2373	12989	460	
FL	93400	93400	103	23	0	4	10	78	5	48	0	11832378	20421	4617	111	1773	4068	20501	2373	12989	460	
FL	93600	93600	103	24	0	5	12	81	6	41	0	11808158	20421	4617	111	1773	4068	20501	2373	12989	460	
FL	93800	93800	100	19	0	7	15	83	6	45	0	11783669	20421	4617	111	1773	4068	20501	2373	12989	460	
FL	94000	94000	96	20	0	6	16	92	7	50	0	11759293	20421	4617	111	1773	4068	20501	2373	12989	460	
FL	94200	94200	93	19	0	5	17	97	7	47	0	11735186	20421	4617	111	1773	4068	20501	2373	12989	460	
FL	94400	94400	93	19	0	7	16	94	8	46	0	11711248	20421	4617	111	1773	4068	20501	2373	12989	460	
FL	94600	94600	91	18	0	6	14	93	10	43	0	11688306	20421	4617	111	1773	4068	20501	2373	12989	460	
FL	94800	94800	93	19	0	6	15	103	11	42	0	11664636	20421	4617	111	1773	4068	20501	2373	12989	460	
FL	95000	95000	94	17	0	4	14	101	8	44	0	11640284	20421	4617	111	1773	4068	20501	2373	12989	460	
FL	95200	95200	97	18	0	3	12	105	8	41	0	11614534	20421	4617	111	1773	4068	20501	2373	12989	460	
FL	95400	95400	97	18	0	3	11	101	9	41	0	11587574	20421	4617	111	1773	4068	20501	2373	12989	460	
FL	95600	95600	97	20	0	3	10	104	9	39	0	11561803	20421	4617	111	1773	4068	20501	2373	12989	460	
FL	95800	95800	100	20	0	3	11	98	7	40	0	11536710	20421	4617	111	1773	4068	20501	2373	12989	460	
FL	96000	96000	96	18	0	1	11	96	7	37	0	11513681	20421	4617	111	1773	4068	20501	2373	12989	460	
FL	96200	96200	92	18	0	1	13	93	8	40	0	11490915	20421	4617	111	1773	4068	20501	2373	12989	460	
FL	96400	96400	86	19	0	2	11	91	10	38	0	11468134	20421	4617	111	1773	4068	20501	2373	12989	460	
FL	96600	96600	86	17	0	2	11	95	10	35	1	11445977	20421	4617	111	1773	4068	20501	2373	12989	460	
FL	96800	96800	85	16	0	2	11	93	11	38	1	11424238	20421	4617	111	1773	4068	20501	2373	12989	460	
FL	97000	97000	89	17	0	3	11	101	8	36	1	11403117	20421	4617	111	1773	4068	20501	2373	12989	460	
FL	97200	97200	87	18	1	4	10	107	7	38	1	11381421	20421	4617	111	1773	4068	20501	2373	12989	460	
FL	97400	97400	88	19	1	4	9	102	7	38	1	11360102	20421	4617	111	1773	4068	20501	2373	12989	460	
FL	97600	97600	95	18	1	3	9	106	5	35	1	11338604	20421	4617	111	1773	4068	20501	2373	12989	460	
FL	97800	97800	90	19	1	3	9	102	4	32	1	11315771	20421	4617	111	1773	4068	20501	2373	12989	460	
FL	98000	98000	89	17	1	4	9	101	6	30	1	11292571	20421	4617	111	1773	4068	20501	2373	12989	460	
FL	98200	98200	88	16	1	4	9	95	7	27	3	11270338	20421	4617	111	1773	4068	20501	2373	12989	460	
FL	98400	98400	81	14	1	4	11	88	7	32	3	11248861	20421	4617	111	1773	4068	20501	2373	12989	460	
FL	98600	98600	77	13	1	2	13	89	6	35	3	11226365	20421	4617	111	1773	4068	20501	2373	12989	460	
FL	98800	98800	78	17	0	4	15	93	6	36	3	11203504	20421	4617	111	1773	4068	20501	2373	12989	460	
FL	99000	99000	76	15	0	5	14	92	7	39	2	11180523	20421	4617	111	1773	4068	20501	2373	12989	460	
FL	99200	99200	74	15	0	5	13	80	7	43	1	11157404	20421	4617	111	1773	4068	20501	2373	12989	460	
FL	99400	99400	63	16	0	5	13	71	7	43	2	11134555	20421	4617	111	1773	4068	20501	2373	12989	460	
FL	99600	99600	67	14	0	4	11	73	5	44	3	11112733	20421	4617	111	1773	4068	20501	2373	12989	460	
FL	99800	99800	74	13	0	3	11	70	6	43	3	11091329	20421	4617	111	1773	4068	20501	2373	12989	460	
FL	100000	100000	75	16	0	3	9	66	6	42	2	11070836	20421	4617	111	1773	4068	20501	2373	12989	460	
