DHL	0	0	352	673	30	212	390	491	230	0	128	51323255	2244	2253	1119	2143	9003	7950	6980	4755	
DHL	200	200	351	666	28	211	384	496	224	0	130	51068362	2244	2253	1119	2143	9003	7950	6980	4755	
DHL	400	400	345	636	23	202	380	500	218	0	127	50444597	2244	2253	1119	2143	9003	7950	6980	4755	
DHL	600	600	345	603	25	200	368	489	208	0	123	49765437	2244	2253	1119	2143	9003	7950	6980	4755	
DHL	800	800	329	591	21	182	342	481	201	0	124	49117777	2244	2253	1119	2143	9003	7950	6980	4755	
DHL	1000	1000	316	574	19	164	320	455	179	0	116	48519129	2244	2253	1119	2143	9003	7950	6980	4755	
DHL	1200	1200	308	553	19	154	297	425	172	0	114	47969469	2244	2253	1119	2143	9003	7950	6980	4755	
DHL	1400	1400	293	522	19	144	273	420	176	0	105	47461932	2244	2253	1119	2143	9003	7950	6980	4755	
DHL	1600	1600	286	489	21	132	265	403	175	0	98	46989702	2244	2253	1119	2143	9003	7950	6980	4755	
DHL	1800	1800	281	458	17	128	249	385	168	0	98	46545057	2244	2253	1119	2143	9003	7950	6980	4755	
DHL	2000	2000	272	427	19	118	239	364	154	0	90	46124629	2244	2253	1119	2143	9003	7950	6980	4755	
DHL	2200	2200	255	395	18	106	226	341	144	0	83	45721333	2244	2253	1119	2143	9003	7950	6980	4755	
DHL	2400	2400	235	356	17	102	218	330	136	0	81	45336986	2244	2253	1119	2143	9003	7950	6980	4755	
DHL	2600	2600	224	330	16	99	208	320	130	0	80	44974312	2244	2253	1119	2143	9003	7950	6980	4755	
DHL	2800	2800	217	308	14	93	204	307	126	0	76	44626590	2244	2253	1119	2143	9003	7950	6980	4755	
DHL	3000	3000	211	293	12	91	202	292	130	0	76	44289591	2244	2253	1119	2143	9003	7950	6980	4755	
DHL	3200	3200	201	281	12	88	191	281	131	0	65	43959183	2244	2253	1119	2143	9003	7950	6980	4755	
DHL	3400	3400	193	250	12	79	182	262	123	0	70	43633390	2244	2253	1119	2143	9003	7950	6980	4755	
DHL	3600	3600	190	235	13	79	163	246	118	0	70	43318989	2244	2253	1119	2143	9003	7950	6980	4755	
DHL	3800	3800	186	222	14	79	165	235	115	0	68	43011374	2244	2253	1119	2143	9003	7950	6980	4755	
DHL	4000	4000	173	215	13	76	155	229	107	0	61	42714758	2244	2253	1119	2143	9003	7950	6980	4755	
DHL	4200	4200	168	207	13	67	148	217	106	0	65	42429941	2244	2253	1119	2143	9003	7950	6980	4755	
DHL	4400	4400	160	196	15	65	133	210	103	0	61	42153312	2244	2253	1119	2143	9003	7950	6980	4755	
DHL	4600	4600	149	192	17	64	134	204	95	0	59	41875391	2244	2253	1119	2143	9003	7950	6980	4755	
DHL	4800	4800	145	184	17	62	133	200	96	0	57	41601345	2244	2253	1119	2143	9003	7950	6980	4755	
DHL	5000	5000	141	183	16	62	133	195	93	0	61	41335328	2244	2253	1119	2143	9003	7950	6980	4755	
DHL	5200	5200	142	182	16	60	130	198	93	0	57	41074448	2244	2253	1119	2143	9003	7950	6980	4755	
DHL	5400	5400	141	180	16	55	133	188	94	0	57	40823769	2244	2253	1119	2143	9003	7950	6980	4755	
DHL	5600	5600	143	178	16	55	133	191	94	0	56	40578622	2244	2253	1119	2143	9003	7950	6980	4755	
DHL	5800	5800	140	176	15	53	129	186	98	0	54	40335726	2244	2253	1119	2143	9003	7950	6980	4755	
DHL	6000	6000	137	169	17	52	128	183	94	0	54	40093340	2244	2253	1119	2143	9003	7950	6980	4755	
DHL	6200	6200	135	162	17	50	122	172	92	0	52	39856870	2244	2253	1119	2143	9003	7950	6980	4755	
DHL	6400	6400	139	159	17	52	114	171	93	0	54	39626454	2244	2253	1119	2143	9003	7950	6980	4755	
DHL	6600	6600	138	155	18	52	113	168	96	0	53	39398774	2244	2253	1119	2143	9003	7950	6980	4755	
DHL	6800	6800	138	150	17	49	112	165	92	0	52	39177199	2244	2253	1119	2143	9003	7950	6980	4755	
DHL	7000	7000	129	156	17	50	105	163	94	0	51	38960864	2244	2253	1119	2143	9003	7950	6980	4755	
DHL	7200	7200	124	157	17	48	100	157	94	0	53	38748733	2244	2253	1119	2143	9003	7950	6980	4755	
DHL	7400	7400	121	157	18	40	98	148	90	0	53	38540119	2244	2253	1119	2143	9003	7950	6980	4755	
DHL	7600	7600	121	157	18	39	101	143	82	0	51	38333804	2244	2253	1119	2143	9003	7950	6980	4755	
DHL	7800	7800	118	145	15	40	103	132	89	0	51	38129343	2244	2253	1119	2143	9003	7950	6980	4755	
DHL	8000	8000	101	138	16	43	96	128	93	0	49	37928676	2244	2253	1119	2143	9003	7950	6980	4755	
DHL	8200	8200	94	130	15	43	95	127	89	0	47	37727013	2244	2253	1119	2143	9003	7950	6980	4755	
DHL	8400	8400	84	119	14	42	87	120	89	0	44	37530662	2244	2253	1119	2143	9003	7950	6980	4755	
DHL	8600	8600	69	115	16	47	82	112	89	0	45	37336857	2244	2253	1119	2143	9003	7950	6980	4755	
DHL	8800	8800	66	114	19	46	81	115	92	0	44	37144522	2244	2253	1119	2143	9003	7950	6980	4755	
DHL	9000	9000	62	112	19	42	78	120	92	0	42	36954391	2244	2253	1119	2143	9003	7950	6980	4755	
DHL	9200	9200	60	106	16	40	79	123	96	0	41	36769977	2244	2253	1119	2143	9003	7950	6980	4755	
DHL	9400	9400	55	104	11	38	76	118	90	0	39	36586539	2244	2253	1119	2143	9003	7950	6980	4755	
DHL	9600	9600	50	96	11	36	70	105	76	0	33	36403735	2244	2253	1119	2143	9003	7950	6980	4755	
DHL	9800	9800	44	85	12	34	71	97	69	0	32	36223975	2244	2253	1119	2143	9003	7950	6980	4755	
DHL	10000	10000	32	72	17	29	69	95	72	0	35	36046061	2244	2253	1119	2143	9003	7950	6980	4755	
DHL	10200	10200	31	65	17	29	69	92	75	0	36	35871966	2244	2253	1119	2143	9003	7950	6980	4755	
DHL	10400	10400	37	58	15	34	71	88	76	0	37	35701673	2244	2253	1119	2143	9003	7950	6980	4755	
DHL	10600	10600	35	54	17	34	71	86	74	0	34	35533163	2244	2253	1119	2143	9003	7950	6980	4755	
DHL	10800	10800	30	54	15	28	72	83	69	0	31	35368106	2244	2253	1119	2143	9003	7950	6980	4755	
DHL	11000	11000	33	49	13	28	67	77	67	0	30	35206588	2244	2253	1119	2143	9003	7950	6980	4755	
DHL	11200	11200	32	48	11	32	66	75	72	0	27	35043622	2244	2253	1119	2143	9003	7950	6980	4755	
DHL	11400	11400	31	45	10	30	60	77	73	0	32	34884417	2244	2253	1119	2143	9003	7950	6980	4755	
DHL	11600	11600	31	47	10	28	57	80	66	0	32	34729458	2244	2253	1119	2143	9003	7950	6980	4755	
DHL	11800	11800	30	46	10	28	51	78	64	0	34	34575023	2244	2253	1119	2143	9003	7950	6980	4755	
DHL	12000	12000	23	45	9	28	52	70	67	0	34	34423917	2244	2253	1119	2143	9003	7950	6980	4755	
DHL	12200	12200	23	42	9	27	54	76	64	0	34	34274017	2244	2253	1119	2143	9003	7950	6980	4755	
DHL	12400	12400	23	45	8	25	54	78	72	0	37	34124254	2244	2253	1119	2143	9003	7950	6980	4755	
DHL	12600	12600	22	45	6	17	54	80	70	0	35	33974515	2244	2253	1119	2143	9003	7950	6980	4755	
DHL	12800	12800	21	44	5	20	47	77	72	0	31	33825021	2244	2253	1119	2143	9003	7950	6980	4755	
DHL	13000	13000	20	43	4	24	51	70	74	0	31	33678463	2244	2253	1119	2143	9003	7950	6980	4755	
DHL	13200	13200	18	44	4	23	50	69	77	0	33	33535847	2244	2253	1119	2143	9003	7950	6980	4755	
DHL	13400	13400	20	45	3	22	48	67	74	0	37	33394482	2244	2253	1119	2143	9003	7950	6980	4755	
DHL	13600	13600	19	44	2	20	49	74	69	0	37	33255154	2244	2253	1119	2143	9003	7950	6980	4755	
DHL	13800	13800	18	47	2	18	48	74	69	0	41	33116682	2244	2253	1119	2143	9003	7950	6980	4755	
DHL	14000	14000	17	50	1	19	45	65	72	0	42	32980380	2244	2253	1119	2143	9003	7950	6980	4755	
DHL	14200	14200	17	53	2	20	43	57	68	0	42	32844810	2244	2253	1119	2143	9003	7950	6980	4755	
DHL	14400	14400	15	47	3	20	42	58	72	0	43	32712908	2244	2253	1119	2143	9003	7950	6980	4755	
DHL	14600	14600	15	44	3	21	48	60	76	0	44	32582331	2244	2253	1119	2143	9003	7950	6980	4755	
DHL	14800	14800	18	39	4	19	49	51	69	0	40	32453572	2244	2253	1119	2143	9003	7950	6980	4755	
DHL	15000	15000	22	38	4	21	51	53	69	0	34	32326641	2244	2253	1119	2143	9003	7950	6980	4755	
DHL	15200	15200	19	40	5	21	52	62	69	0	30	32200269	2244	2253	1119	2143	9003	7950	6980	4755	
DHL	15400	15400	21	40	7	23	57	71	66	0	29	32074028	2244	2253	1119	2143	9003	7950	6980	4755	
DHL	15600	15600	20	42	7	21	57	72	67	0	27	31949267	2244	2253	1119	2143	9003	7950	6980	4755	
DHL	15800	15800	19	47	7	21	58	71	67	0	27	31827802	2244	2253	1119	2143	9003	7950	6980	4755	
DHL	16000	16000	23	44	7	22	58	76	73	0	28	31704380	2244	2253	1119	2143	9003	7950	6980	4755	
DHL	16200	16200	22	40	7	22	56	77	71	0	28	31581268	2244	2253	1119	2143	9003	7950	6980	4755	
DHL	16400	16400	21	38	6	22	58	79	68	0	30	31460587	2244	2253	1119	2143	9003	7950	6980	4755	
DHL	16600	16600	19	39	9	23	62	82	68	0	30	31342982	2244	2253	1119	2143	9003	7950	6980	4755	
DHL	16800	16800	20	43	11	20	53	76	71	0	29	31227361	2244	2253	1119	2143	9003	7950	6980	4755	
DHL	17000	17000	18	43	13	23	53	81	64	0	29	31112974	2244	2253	1119	2143	9003	7950	6980	4755	
DHL	17200	17200	20	41	11	23	48	77	62	0	29	30999933	2244	2253	1119	2143	9003	7950	6980	4755	
DHL	17400	17400	22	40	8	22	48	77	69	0	31	30883923	2244	2253	1119	2143	9003	7950	6980	4755	
DHL	17600	17600	21	42	7	22	50	80	75	0	30	30768082	2244	2253	1119	2143	9003	7950	6980	4755	
DHL	17800	17800	22	41	6	26	50	76	80	0	29	30654239	2244	2253	1119	2143	9003	7950	6980	4755	
DHL	18000	18000	21	40	4	27	55	76	81	0	34	30541846	2244	2253	1119	2143	9003	7950	6980	4755	
DHL	18200	18200	20	41	5	29	51	70	77	0	31	30429588	2244	2253	1119	2143	9003	7950	6980	4755	
DHL	18400	18400	21	39	6	26	53	66	77	0	33	30318154	2244	2253	1119	2143	9003	7950	6980	4755	
DHL	18600	18600	19	39	7	22	56	67	77	0	33	30208950	2244	2253	1119	2143	9003	7950	6980	4755	
DHL	18800	18800	16	40	7	20	54	62	77	0	34	30102043	2244	2253	1119	2143	9003	7950	6980	4755	
DHL	19000	19000	17	41	4	20	51	59	78	0	31	29996178	2244	2253	1119	2143	9003	7950	6980	4755	
DHL	19200	19200	21	37	4	20	48	59	72	0	33	29891446	2244	2253	1119	2143	9003	7950	6980	4755	
DHL	19400	19400	24	33	4	18	51	59	65	0	33	29785031	2244	2253	1119	2143	9003	7950	6980	4755	
DHL	19600	19600	23	31	5	17	54	54	64	0	35	29678583	2244	2253	1119	2143	9003	7950	6980	4755	
DHL	19800	19800	25	34	5	18	57	57	64	0	39	29571315	2244	2253	1119	2143	9003	7950	6980	4755	
DHL	20000	20000	27	35	3	15	52	55	70	0	38	29464498	2244	2253	1119	2143	9003	7950	6980	4755	
DHL	20200	20200	29	34	2	15	46	57	68	0	37	29358179	2244	2253	1119	2143	9003	7950	6980	4755	
DHL	20400	20400	27	37	2	13	52	49	66	0	38	29252323	2244	2253	1119	2143	9003	7950	6980	4755	
DHL	20600	20600	25	40	3	10	53	47	68	0	37	29145950	2244	2253	1119	2143	9003	7950	6980	4755	
DHL	20800	20800	27	40	5	9	52	43	66	0	36	29039332	2244	2253	1119	2143	9003	7950	6980	4755	
DHL	21000	21000	26	40	6	11	51	48	66	0	33	28934676	2244	2253	1119	2143	9003	7950	6980	4755	
DHL	21200	21200	24	39	6	13	50	48	69	0	34	28832452	2244	2253	1119	2143	9003	7950	6980	4755	
DHL	21400	21400	24	40	7	13	46	43	62	0	28	28732477	2244	2253	1119	2143	9003	7950	6980	4755	
DHL	21600	21600	23	38	8	14	47	48	63	0	27	28635008	2244	2253	1119	2143	9003	7950	6980	4755	
DHL	21800	21800	25	35	8	13	45	45	63	0	25	28539917	2244	2253	1119	2143	9003	7950	6980	4755	
DHL	22000	22000	23	33	10	13	43	45	65	0	24	28445546	2244	2253	1119	2143	9003	7950	6980	4755	
DHL	22200	22200	23	32	11	14	45	48	58	0	23	28352657	2244	2253	1119	2143	9003	7950	6980	4755	
DHL	22400	22400	23	30	12	12	50	51	60	0	25	28261265	2244	2253	1119	2143	9003	7950	6980	4755	
DHL	22600	22600	22	29	12	12	52	48	58	0	26	28170107	2244	2253	1119	2143	9003	7950	6980	4755	
DHL	22800	22800	22	28	11	11	49	52	58	0	22	28077004	2244	2253	1119	2143	9003	7950	6980	4755	
DHL	23000	23000	22	27	11	12	51	52	57	0	22	27983725	2244	2253	1119	2143	9003	7950	6980	4755	
DHL	23200	23200	22	24	11	11	49	55	56	0	26	27893165	2244	2253	1119	2143	9003	7950	6980	4755	
DHL	23400	23400	20	24	12	15	51	58	51	0	30	27804161	2244	2253	1119	2143	9003	7950	6980	4755	
DHL	23600	23600	18	27	11	16	50	62	46	0	32	27714288	2244	2253	1119	2143	9003	7950	6980	4755	
DHL	23800	23800	19	23	12	15	59	60	44	0	26	27623108	2244	2253	1119	2143	9003	7950	6980	4755	
DHL	24000	24000	20	22	11	15	54	66	45	0	29	27529855	2244	2253	1119	2143	9003	7950	6980	4755	
DHL	24200	24200	22	23	10	16	54	67	44	0	29	27437106	2244	2253	1119	2143	9003	7950	6980	4755	
DHL	24400	24400	22	25	10	17	53	66	37	0	29	27344606	2244	2253	1119	2143	9003	7950	6980	4755	
DHL	24600	24600	25	19	11	19	54	61	39	0	29	27250729	2244	2253	1119	2143	9003	7950	6980	4755	
DHL	24800	24800	26	17	10	19	49	58	40	0	29	27155986	2244	2253	1119	2143	9003	7950	6980	4755	
DHL	25000	25000	27	20	9	17	46	55	39	0	31	27062024	2244	2253	1119	2143	9003	7950	6980	4755	
DHL	25200	25200	27	20	8	16	42	59	43	0	27	26968337	2244	2253	1119	2143	9003	7950	6980	4755	
DHL	25400	25400	27	21	6	15	47	53	44	0	27	26872461	2244	2253	1119	2143	9003	7950	6980	4755	
DHL	25600	25600	25	19	6	17	46	53	43	0	29	26777009	2244	2253	1119	2143	9003	7950	6980	4755	
DHL	25800	25800	20	17	7	16	47	54	43	0	24	26681572	2244	2253	1119	2143	9003	7950	6980	4755	
DHL	26000	26000	19	16	8	16	42	54	45	0	24	26585988	2244	2253	1119	2143	9003	7950	6980	4755	
DHL	26200	26200	20	20	7	18	44	56	46	0	21	26490563	2244	2253	1119	2143	9003	7950	6980	4755	
DHL	26400	26400	20	18	8	19	40	54	48	0	22	26396536	2244	2253	1119	2143	9003	7950	6980	4755	
DHL	26600	26600	19	19	8	20	37	54	51	0	26	26303597	2244	2253	1119	2143	9003	7950	6980	4755	
DHL	26800	26800	20	22	7	17	36	56	49	0	25	26212346	2244	2253	1119	2143	9003	7950	6980	4755	
DHL	27000	27000	20	23	7	18	36	54	52	0	22	26123411	2244	2253	1119	2143	9003	7950	6980	4755	
DHL	27200	27200	20	22	4	15	39	60	52	0	21	26035353	2244	2253	1119	2143	9003	7950	6980	4755	
DHL	27400	27400	21	21	4	14	39	63	50	0	22	25947994	2244	2253	1119	2143	9003	7950	6980	4755	
DHL	27600	27600	20	19	3	15	41	63	50	0	24	25860349	2244	2253	1119	2143	9003	7950	6980	4755	
DHL	27800	27800	15	18	4	16	42	67	50	0	24	25773411	2244	2253	1119	2143	9003	7950	6980	4755	
DHL	28000	28000	15	18	5	18	44	69	44	0	24	25687381	2244	2253	1119	2143	9003	7950	6980	4755	
DHL	28200	28200	15	17	5	18	49	72	39	0	27	25601570	2244	2253	1119	2143	9003	7950	6980	4755	
DHL	28400	28400	15	17	4	17	44	70	38	0	25	25515831	2244	2253	1119	2143	9003	7950	6980	4755	
DHL	28600	28600	14	16	5	23	42	73	42	0	24	25430751	2244	2253	1119	2143	9003	7950	6980	4755	
DHL	28800	28800	14	18	6	26	41	70	40	0	25	25345906	2244	2253	1119	2143	9003	7950	6980	4755	
DHL	29000	29000	15	17	8	22	41	61	42	0	26	25261245	2244	2253	1119	2143	9003	7950	6980	4755	
DHL	29200	29200	15	16	8	23	37	65	44	0	24	25178882	2244	2253	1119	2143	9003	7950	6980	4755	
DHL	29400	29400	14	11	8	19	36	60	45	0	26	25099594	2244	2253	1119	2143	9003	7950	6980	4755	
DHL	29600	29600	15	14	10	21	39	59	48	0	24	25019615	2244	2253	1119	2143	9003	7950	6980	4755	
DHL	29800	29800	13	13	9	19	39	52	45	0	21	24940062	2244	2253	1119	2143	9003	7950	6980	4755	
DHL	30000	30000	15	13	9	20	40	47	46	0	20	24858158	2244	2253	1119	2143	9003	7950	6980	4755	
DHL	30200	30200	19	11	9	22	43	48	48	0	19	24775045	2244	2253	1119	2143	9003	7950	6980	4755	
DHL	30400	30400	20	11	8	20	44	53	48	0	18	24692193	2244	2253	1119	2143	9003	7950	6980	4755	
DHL	30600	30600	20	15	7	20	46	58	49	0	18	24610701	2244	2253	1119	2143	9003	7950	6980	4755	
DHL	30800	30800	20	18	8	21	50	59	45	0	21	24530522	2244	2253	1119	2143	9003	7950	6980	4755	
DHL	31000	31000	22	18	7	18	46	63	46	0	19	24452884	2244	2253	1119	2143	9003	7950	6980	4755	
DHL	31200	31200	22	17	5	19	41	54	47	0	21	24377524	2244	2253	1119	2143	9003	7950	6980	4755	
DHL	31400	31400	24	17	6	19	41	53	52	0	19	24303392	2244	2253	1119	2143	9003	7950	6980	4755	
DHL	31600	31600	26	16	6	19	42	51	49	0	21	24227880	2244	2253	1119	2143	9003	7950	6980	4755	
DHL	31800	31800	25	25	6	19	48	49	50	0	23	24153402	2244	2253	1119	2143	9003	7950	6980	4755	
DHL	32000	32000	22	22	5	17	47	46	51	0	19	24078243	2244	2253	1119	2143	9003	7950	6980	4755	
DHL	32200	32200	24	22	6	19	49	48	50	0	19	24005309	2244	2253	1119	2143	9003	7950	6980	4755	
DHL	32400	32400	20	23	6	19	41	44	51	0	18	23930942	2244	2253	1119	2143	9003	7950	6980	4755	
DHL	32600	32600	21	23	7	18	43	49	51	0	18	23858302	2244	2253	1119	2143	9003	7950	6980	4755	
DHL	32800	32800	20	22	7	17	45	45	53	0	16	23787358	2244	2253	1119	2143	9003	7950	6980	4755	
DHL	33000	33000	20	26	7	15	43	46	56	0	19	23717753	2244	2253	1119	2143	9003	7950	6980	4755	
DHL	33200	33200	22	25	7	14	38	46	55	0	16	23650039	2244	2253	1119	2143	9003	7950	6980	4755	
DHL	33400	33400	19	26	9	14	37	49	52	0	17	23582714	2244	2253	1119	2143	9003	7950	6980	4755	
DHL	33600	33600	18	29	9	13	39	42	52	0	19	23516630	2244	2253	1119	2143	9003	7950	6980	4755	
DHL	33800	33800	17	30	9	16	39	45	53	0	20	23450630	2244	2253	1119	2143	9003	7950	6980	4755	
DHL	34000	34000	17	30	9	15	33	47	59	0	20	23386059	2244	2253	1119	2143	9003	7950	6980	4755	
DHL	34200	34200	16	32	5	18	37	46	57	0	18	23322349	2244	2253	1119	2143	9003	7950	6980	4755	
DHL	34400	34400	16	31	4	18	33	48	52	0	19	23258745	2244	2253	1119	2143	9003	7950	6980	4755	
DHL	34600	34600	15	31	4	22	33	51	50	0	23	23195789	2244	2253	1119	2143	9003	7950	6980	4755	
DHL	34800	34800	15	30	5	20	35	49	43	0	19	23130022	2244	2253	1119	2143	9003	7950	6980	4755	
DHL	35000	35000	15	28	7	17	33	51	42	0	22	23065070	2244	2253	1119	2143	9003	7950	6980	4755	
DHL	35200	35200	16	30	7	18	33	49	39	0	20	23001032	2244	2253	1119	2143	9003	7950	6980	4755	
DHL	35400	35400	17	25	8	15	32	48	38	0	18	22937735	2244	2253	1119	2143	9003	7950	6980	4755	
DHL	35600	35600	17	22	11	16	35	49	34	0	17	22876751	2244	2253	1119	2143	9003	7950	6980	4755	
DHL	35800	35800	17	19	10	16	36	53	32	0	19	22814890	2244	2253	1119	2143	9003	7950	6980	4755	
DHL	36000	36000	20	17	13	16	38	54	34	0	21	22751235	2244	2253	1119	2143	9003	7950	6980	4755	
DHL	36200	36200	20	18	16	16	36	53	34	0	17	22687768	2244	2253	1119	2143	9003	7950	6980	4755	
DHL	36400	36400	20	15	16	14	33	56	34	0	16	22624125	2244	2253	1119	2143	9003	7950	6980	4755	
DHL	36600	36600	22	18	16	13	33	56	34	0	16	22561475	2244	2253	1119	2143	9003	7950	6980	4755	
DHL	36800	36800	21	17	13	15	37	52	36	0	16	22499146	2244	2253	1119	2143	9003	7950	6980	4755	
DHL	37000	37000	22	19	13	18	38	49	37	0	16	22436709	2244	2253	1119	2143	9003	7950	6980	4755	
DHL	37200	37200	22	19	14	17	40	47	42	0	15	22372965	2244	2253	1119	2143	9003	7950	6980	4755	
DHL	37400	37400	20	19	15	19	42	52	43	0	12	22309241	2244	2253	1119	2143	9003	7950	6980	4755	
DHL	37600	37600	22	19	15	19	41	43	39	0	13	22245672	2244	2253	1119	2143	9003	7950	6980	4755	
DHL	37800	37800	20	17	14	19	38	43	39	0	12	22182884	2244	2253	1119	2143	9003	7950	6980	4755	
DHL	38000	38000	17	18	15	17	37	41	33	0	12	22120879	2244	2253	1119	2143	9003	7950	6980	4755	
DHL	38200	38200	19	18	13	17	39	35	33	0	11	22059879	2244	2253	1119	2143	9003	7950	6980	4755	
DHL	38400	38400	18	17	9	16	41	38	35	0	11	21998249	2244	2253	1119	2143	9003	7950	6980	4755	
DHL	38600	38600	17	16	10	17	40	37	34	0	13	21938033	2244	2253	1119	2143	9003	7950	6980	4755	
DHL	38800	38800	18	18	10	17	40	37	35	0	11	21878586	2244	2253	1119	2143	9003	7950	6980	4755	
DHL	39000	39000	15	18	9	17	45	42	37	0	12	21818507	2244	2253	1119	2143	9003	7950	6980	4755	
DHL	39200	39200	16	18	7	17	50	38	35	0	13	21759441	2244	2253	1119	2143	9003	7950	6980	4755	
DHL	39400	39400	16	18	6	17	49	36	41	0	12	21701764	2244	2253	1119	2143	9003	7950	6980	4755	
DHL	39600	39600	17	18	7	16	57	39	43	0	11	21644528	2244	2253	1119	2143	9003	7950	6980	4755	
DHL	39800	39800	15	18	8	15	55	47	43	0	10	21586500	2244	2253	1119	2143	9003	7950	6980	4755	
DHL	40000	40000	12	20	7	17	45	51	49	0	11	21527948	2244	2253	1119	2143	9003	7950	6980	4755	
DHL	40200	40200	10	21	7	17	39	52	51	0	12	21468507	2244	2253	1119	2143	9003	7950	6980	4755	
DHL	40400	40400	10	22	7	14	39	51	57	0	17	21408282	2244	2253	1119	2143	9003	7950	6980	4755	
DHL	40600	40600	13	20	7	11	34	53	55	0	17	21348730	2244	2253	1119	2143	9003	7950	6980	4755	
DHL	40800	40800	13	18	6	11	32	54	54	0	15	21288509	2244	2253	1119	2143	9003	7950	6980	4755	
DHL	41000	41000	12	20	6	10	37	47	56	0	19	21227947	2244	2253	1119	2143	9003	7950	6980	4755	
DHL	41200	41200	12	19	8	12	39	42	56	0	17	21167923	2244	2253	1119	2143	9003	7950	6980	4755	
DHL	41400	41400	12	22	7	12	35	42	61	0	19	21108206	2244	2253	1119	2143	9003	7950	6980	4755	
DHL	41600	41600	14	23	8	10	37	45	58	0	21	21048795	2244	2253	1119	2143	9003	7950	6980	4755	
DHL	41800	41800	16	23	9	11	38	45	57	0	23	20989878	2244	2253	1119	2143	9003	7950	6980	4755	
DHL	42000	42000	16	24	10	11	39	43	59	0	23	20931497	2244	2253	1119	2143	9003	7950	6980	4755	
DHL	42200	42200	15	21	10	14	37	46	58	0	24	20872356	2244	2253	1119	2143	9003	7950	6980	4755	
DHL	42400	42400	17	18	9	14	34	48	51	0	28	20814133	2244	2253	1119	2143	9003	7950	6980	4755	
DHL	42600	42600	19	17	11	15	38	44	52	0	25	20756068	2244	2253	1119	2143	9003	7950	6980	4755	
DHL	42800	42800	20	17	11	16	41	42	50	0	24	20697792	2244	2253	1119	2143	9003	7950	6980	4755	
DHL	43000	43000	21	18	11	18	36	44	49	0	22	20640385	2244	2253	1119	2143	9003	7950	6980	4755	
DHL	43200	43200	19	18	12	19	42	48	47	0	22	20581299	2244	2253	1119	2143	9003	7950	6980	4755	
DHL	43400	43400	21	16	12	19	44	51	40	0	23	20522904	2244	2253	1119	2143	9003	7950	6980	4755	
DHL	43600	43600	19	17	9	20	41	51	39	0	20	20466651	2244	2253	1119	2143	9003	7950	6980	4755	
DHL	43800	43800	21	19	9	20	39	51	39	0	21	20410303	2244	2253	1119	2143	9003	7950	6980	4755	
DHL	44000	44000	20	17	8	18	38	49	39	0	23	20356100	2244	2253	1119	2143	9003	7950	6980	4755	
DHL	44200	44200	20	18	7	17	32	50	42	0	24	20301576	2244	2253	1119	2143	9003	7950	6980	4755	
DHL	44400	44400	18	18	10	17	34	51	37	0	23	20246365	2244	2253	1119	2143	9003	7950	6980	4755	
DHL	44600	44600	17	19	9	15	40	49	35	0	23	20193035	2244	2253	1119	2143	9003	7950	6980	4755	
DHL	44800	44800	16	18	5	12	42	47	33	0	24	20138767	2244	2253	1119	2143	9003	7950	6980	4755	
DHL	45000	45000	17	16	6	10	37	43	34	0	21	20083616	2244	2253	1119	2143	9003	7950	6980	4755	
DHL	45200	45200	20	13	5	11	41	43	33	0	26	20027480	2244	2253	1119	2143	9003	7950	6980	4755	
DHL	45400	45400	19	15	6	9	42	42	32	0	24	19969408	2244	2253	1119	2143	9003	7950	6980	4755	
DHL	45600	45600	19	14	4	9	44	39	32	0	22	19911238	2244	2253	1119	2143	9003	7950	6980	4755	
DHL	45800	45800	15	14	6	10	44	36	33	0	19	19853363	2244	2253	1119	2143	9003	7950	6980	4755	
DHL	46000	46000	14	14	5	12	39	40	36	0	21	19796027	2244	2253	1119	2143	9003	7950	6980	4755	
DHL	46200	46200	13	13	4	11	38	46	29	0	16	19737546	2244	2253	1119	2143	9003	7950	6980	4755	
DHL	46400	46400	15	13	4	10	38	47	27	0	12	19678248	2244	2253	1119	2143	9003	7950	6980	4755	
DHL	46600	46600	12	12	5	11	39	46	31	0	13	19620243	2244	2253	1119	2143	9003	7950	6980	4755	
DHL	46800	46800	12	12	7	11	38	45	33	0	14	19564104	2244	2253	1119	2143	9003	7950	6980	4755	
DHL	47000	47000	9	9	7	11	36	37	31	0	12	19508656	2244	2253	1119	2143	9003	7950	6980	4755	
DHL	47200	47200	6	8	7	11	39	42	35	0	12	19454535	2244	2253	1119	2143	9003	7950	6980	4755	
DHL	47400	47400	6	9	7	12	37	39	29	0	14	19402843	2244	2253	1119	2143	9003	7950	6980	4755	
DHL	47600	47600	7	9	6	13	37	38	28	0	14	19351619	2244	2253	1119	2143	9003	7950	6980	4755	
DHL	47800	47800	8	9	6	13	37	41	28	0	12	19298922	2244	2253	1119	2143	9003	7950	6980	4755	
DHL	48000	48000	11	10	6	13	36	38	27	0	13	19246680	2244	2253	1119	2143	9003	7950	6980	4755	
DHL	48200	48200	10	10	6	16	37	36	28	0	14	19194939	2244	2253	1119	2143	9003	7950	6980	4755	
DHL	48400	48400	9	10	5	13	35	37	29	0	13	19144933	2244	2253	1119	2143	9003	7950	6980	4755	
DHL	48600	48600	5	12	5	17	36	39	25	0	15	19095587	2244	2253	1119	2143	9003	7950	6980	4755	
DHL	48800	48800	4	15	6	17	34	43	23	0	17	19047465	2244	2253	1119	2143	9003	7950	6980	4755	
DHL	49000	49000	4	14	6	15	36	44	29	0	15	18999696	2244	2253	1119	2143	9003	7950	6980	4755	
DHL	49200	49200	3	13	7	16	34	38	32	0	15	18952093	2244	2253	1119	2143	9003	7950	6980	4755	
DHL	49400	49400	2	13	6	14	35	33	28	0	14	18904370	2244	2253	1119	2143	9003	7950	6980	4755	
DHL	49600	49600	3	14	6	12	32	30	27	0	9	18857067	2244	2253	1119	2143	9003	7950	6980	4755	
DHL	49800	49800	4	13	5	13	31	32	25	0	9	18810307	2244	2253	1119	2143	9003	7950	6980	4755	
DHL	50000	50000	3	15	5	13	29	36	28	0	11	18762602	2244	2253	1119	2143	9003	7950	6980	4755	
DHL	50200	50200	3	13	4	14	33	37	32	0	17	18715762	2244	2253	1119	2143	9003	7950	6980	4755	
DHL	50400	50400	2	13	5	12	35	37	29	0	16	18669158	2244	2253	1119	2143	9003	7950	6980	4755	
DHL	50600	50600	2	12	5	10	30	38	31	0	16	18623889	2244	2253	1119	2143	9003	7950	6980	4755	
DHL	50800	50800	3	11	7	10	33	34	29	0	16	18578113	2244	2253	1119	2143	9003	7950	6980	4755	
DHL	51000	51000	3	11	8	9	33	33	33	0	15	18532616	2244	2253	1119	2143	9003	7950	6980	4755	
DHL	51200	51200	5	11	7	7	34	36	34	0	17	18488197	2244	2253	1119	2143	9003	7950	6980	4755	
DHL	51400	51400	7	10	5	10	30	34	32	0	17	18444685	2244	2253	1119	2143	9003	7950	6980	4755	
DHL	51600	51600	8	12	5	8	32	29	30	0	17	18399385	2244	2253	1119	2143	9003	7950	6980	4755	
DHL	51800	51800	9	12	5	7	31	29	29	0	19	18354736	2244	2253	1119	2143	9003	7950	6980	4755	
DHL	52000	52000	11	11	3	6	31	27	31	0	18	18310799	2244	2253	1119	2143	9003	7950	6980	4755	
DHL	52200	52200	15	12	2	9	33	29	29	0	16	18266163	2244	2253	1119	2143	9003	7950	6980	4755	
DHL	52400	52400	15	11	5	9	34	31	33	0	19	18222283	2244	2253	1119	2143	9003	7950	6980	4755	
DHL	52600	52600	14	10	5	10	33	37	33	0	18	18179045	2244	2253	1119	2143	9003	7950	6980	4755	
DHL	52800	52800	13	8	5	9	32	33	31	0	17	18135320	2244	2253	1119	2143	9003	7950	6980	4755	
DHL	53000	53000	12	9	7	9	29	37	31	0	13	18091842	2244	2253	1119	2143	9003	7950	6980	4755	
DHL	53200	53200	13	10	7	11	32	36	33	0	11	18049419	2244	2253	1119	2143	9003	7950	6980	4755	
DHL	53400	53400	14	9	10	9	35	38	28	0	8	18006541	2244	2253	1119	2143	9003	7950	6980	4755	
DHL	53600	53600	14	10	10	9	35	37	30	0	9	17962558	2244	2253	1119	2143	9003	7950	6980	4755	
DHL	53800	53800	12	9	10	10	40	40	29	0	9	17916540	2244	2253	1119	2143	9003	7950	6980	4755	
DHL	54000	54000	11	8	9	9	38	39	32	0	10	17870803	2244	2253	1119	2143	9003	7950	6980	4755	
DHL	54200	54200	13	8	9	10	34	39	29	0	10	17824856	2244	2253	1119	2143	9003	7950	6980	4755	
DHL	54400	54400	13	8	9	11	34	38	29	0	13	17779822	2244	2253	1119	2143	9003	7950	6980	4755	
DHL	54600	54600	14	10	9	12	36	39	30	0	14	17736846	2244	2253	1119	2143	9003	7950	6980	4755	
DHL	54800	54800	14	10	8	12	38	38	33	0	13	17694672	2244	2253	1119	2143	9003	7950	6980	4755	
DHL	55000	55000	14	12	7	12	38	41	38	0	13	17652809	2244	2253	1119	2143	9003	7950	6980	4755	
DHL	55200	55200	14	13	8	11	34	36	38	0	14	17611686	2244	2253	1119	2143	9003	7950	6980	4755	
DHL	55400	55400	11	14	11	11	31	37	34	0	16	17571199	2244	2253	1119	2143	9003	7950	6980	4755	
DHL	55600	55600	12	15	10	11	32	38	32	0	19	17530257	2244	2253	1119	2143	9003	7950	6980	4755	
DHL	55800	55800	11	17	9	12	26	39	26	0	20	17487984	2244	2253	1119	2143	9003	7950	6980	4755	
DHL	56000	56000	11	18	8	14	24	41	32	0	21	17445224	2244	2253	1119	2143	9003	7950	6980	4755	
DHL	56200	56200	10	17	9	15	24	40	30	0	20	17402447	2244	2253	1119	2143	9003	7950	6980	4755	
DHL	56400	56400	10	16	8	14	22	39	28	0	22	17360035	2244	2253	1119	2143	9003	7950	6980	4755	
DHL	56600	56600	12	16	7	15	18	39	26	0	25	17318971	2244	2253	1119	2143	9003	7950	6980	4755	
DHL	56800	56800	12	16	4	15	20	38	25	0	26	17277614	2244	2253	1119	2143	9003	7950	6980	4755	
DHL	57000	57000	13	17	5	18	21	32	30	0	24	17235964	2244	2253	1119	2143	9003	7950	6980	4755	
DHL	57200	57200	15	16	4	17	24	32	33	0	25	17194567	2244	2253	1119	2143	9003	7950	6980	4755	
DHL	57400	57400	14	16	2	16	26	34	34	0	27	17153689	2244	2253	1119	2143	9003	7950	6980	4755	
DHL	57600	57600	12	16	2	16	26	33	35	0	24	17113308	2244	2253	1119	2143	9003	7950	6980	4755	
DHL	57800	57800	10	14	2	17	26	33	38	0	24	17072485	2244	2253	1119	2143	9003	7950	6980	4755	
DHL	58000	58000	7	15	3	16	29	37	36	0	25	17031201	2244	2253	1119	2143	9003	7950	6980	4755	
DHL	58200	58200	6	16	3	12	28	34	37	0	22	16989662	2244	2253	1119	2143	9003	7950	6980	4755	
DHL	58400	58400	7	19	3	11	27	33	34	0	14	16946482	2244	2253	1119	2143	9003	7950	6980	4755	
DHL	58600	58600	7	19	3	11	26	33	38	0	16	16903017	2244	2253	1119	2143	9003	7950	6980	4755	
DHL	58800	58800	10	22	4	10	29	31	39	0	19	16859248	2244	2253	1119	2143	9003	7950	6980	4755	
DHL	59000	59000	9	22	3	10	32	35	41	0	21	16816409	2244	2253	1119	2143	9003	7950	6980	4755	
DHL	59200	59200	8	19	4	10	31	38	43	0	21	16775020	2244	2253	1119	2143	9003	7950	6980	4755	
DHL	59400	59400	6	16	4	11	32	37	42	0	21	16733994	2244	2253	1119	2143	9003	7950	6980	4755	
DHL	59600	59600	7	18	4	13	27	37	41	0	21	16693644	2244	2253	1119	2143	9003	7950	6980	4755	
DHL	59800	59800	6	20	4	16	27	36	36	0	20	16653742	2244	2253	1119	2143	9003	7950	6980	4755	
DHL	60000	60000	5	20	5	17	25	34	33	0	21	16612800	2244	2253	1119	2143	9003	7950	6980	4755	
DHL	60200	60200	5	18	5	19	29	33	33	0	21	16572382	2244	2253	1119	2143	9003	7950	6980	4755	
DHL	60400	60400	6	16	6	19	35	34	34	0	20	16532621	2244	2253	1119	2143	9003	7950	6980	4755	
DHL	60600	60600	6	17	6	18	33	34	32	0	18	16494886	2244	2253	1119	2143	9003	7950	6980	4755	
DHL	60800	60800	5	13	5	19	31	39	29	0	17	16459254	2244	2253	1119	2143	9003	7950	6980	4755	
DHL	61000	61000	6	11	5	18	34	38	25	0	18	16424641	2244	2253	1119	2143	9003	7950	6980	4755	
DHL	61200	61200	6	11	5	18	32	41	23	0	15	16391060	2244	2253	1119	2143	9003	7950	6980	4755	
DHL	61400	61400	8	11	4	17	33	41	24	0	16	16355715	2244	2253	1119	2143	9003	7950	6980	4755	
DHL	61600	61600	11	9	4	14	31	41	24	0	17	16318264	2244	2253	1119	2143	9003	7950	6980	4755	
DHL	61800	61800	12	7	5	15	31	41	23	0	18	16281351	2244	2253	1119	2143	9003	7950	6980	4755	
DHL	62000	62000	12	7	5	15	30	41	22	0	18	16243776	2244	2253	1119	2143	9003	7950	6980	4755	
DHL	62200	62200	11	5	6	15	28	38	25	0	13	16204451	2244	2253	1119	2143	9003	7950	6980	4755	
DHL	62400	62400	12	6	6	13	30	41	28	0	16	16164610	2244	2253	1119	2143	9003	7950	6980	4755	
DHL	62600	62600	10	6	5	12	33	42	30	0	15	16125783	2244	2253	1119	2143	9003	7950	6980	4755	
DHL	62800	62800	10	7	4	13	32	43	30	0	17	16087470	2244	2253	1119	2143	9003	7950	6980	4755	
DHL	63000	63000	8	8	4	11	29	40	31	0	16	16048777	2244	2253	1119	2143	9003	7950	6980	4755	
DHL	63200	63200	11	8	4	9	30	39	36	0	15	16011311	2244	2253	1119	2143	9003	7950	6980	4755	
DHL	63400	63400	10	7	4	6	30	38	34	0	15	15974544	2244	2253	1119	2143	9003	7950	6980	4755	
DHL	63600	63600	12	7	4	5	30	41	35	0	13	15937715	2244	2253	1119	2143	9003	7950	6980	4755	
DHL	63800	63800	12	5	4	5	28	41	36	0	13	15902229	2244	2253	1119	2143	9003	7950	6980	4755	
DHL	64000	64000	10	5	4	5	28	42	32	0	13	15867434	2244	2253	1119	2143	9003	7950	6980	4755	
DHL	64200	64200	11	6	5	5	31	43	32	0	14	15832450	2244	2253	1119	2143	9003	7950	6980	4755	
DHL	64400	64400	11	7	5	4	33	43	31	0	13	15796708	2244	2253	1119	2143	9003	7950	6980	4755	
DHL	64600	64600	10	7	6	6	34	38	34	0	14	15760616	2244	2253	1119	2143	9003	7950	6980	4755	
DHL	64800	64800	4	8	6	5	32	38	29	0	12	15724847	2244	2253	1119	2143	9003	7950	6980	4755	
DHL	65000	65000	4	8	4	6	31	38	29	0	13	15689668	2244	2253	1119	2143	9003	7950	6980	4755	
DHL	65200	65200	6	10	4	8	28	42	29	0	14	15655177	2244	2253	1119	2143	9003	7950	6980	4755	
DHL	65400	65400	5	9	4	8	28	40	29	0	14	15622147	2244	2253	1119	2143	9003	7950	6980	4755	
DHL	65600	65600	5	8	4	8	28	37	29	0	11	15590442	2244	2253	1119	2143	9003	7950	6980	4755	
DHL	65800	65800	6	9	4	6	32	31	30	0	10	15558530	2244	2253	1119	2143	9003	7950	6980	4755	
DHL	66000	66000	5	10	5	6	31	27	27	0	9	15524922	2244	2253	1119	2143	9003	7950	6980	4755	
DHL	66200	66200	5	10	4	9	29	28	29	0	8	15492506	2244	2253	1119	2143	9003	7950	6980	4755	
DHL	66400	66400	6	10	5	10	30	30	30	0	10	15459468	2244	2253	1119	2143	9003	7950	6980	4755	
DHL	66600	66600	7	8	5	10	27	33	31	0	12	15427367	2244	2253	1119	2143	9003	7950	6980	4755	
DHL	66800	66800	7	8	5	9	24	34	29	0	11	15396017	2244	2253	1119	2143	9003	7950	6980	4755	
DHL	67000	67000	10	9	4	7	25	32	32	0	9	15364911	2244	2253	1119	2143	9003	7950	6980	4755	
DHL	67200	67200	7	11	5	7	25	30	33	0	7	15332859	2244	2253	1119	2143	9003	7950	6980	4755	
DHL	67400	67400	8	10	5	7	28	31	32	0	8	15301275	2244	2253	1119	2143	9003	7950	6980	4755	
DHL	67600	67600	8	10	6	8	25	32	31	0	8	15270505	2244	2253	1119	2143	9003	7950	6980	4755	
DHL	67800	67800	9	9	6	12	25	33	30	0	8	15239426	2244	2253	1119	2143	9003	7950	6980	4755	
DHL	68000	68000	11	12	6	13	25	34	34	0	7	15207763	2244	2253	1119	2143	9003	7950	6980	4755	
DHL	68200	68200	11	13	6	14	25	27	33	0	7	15175223	2244	2253	1119	2143	9003	7950	6980	4755	
DHL	68400	68400	13	13	6	13	23	28	33	0	7	15142657	2244	2253	1119	2143	9003	7950	6980	4755	
DHL	68600	68600	12	11	6	14	24	32	31	0	6	15108441	2244	2253	1119	2143	9003	7950	6980	4755	
DHL	68800	68800	12	10	6	14	28	36	31	0	7	15074252	2244	2253	1119	2143	9003	7950	6980	4755	
DHL	69000	69000	12	6	5	12	28	39	29	0	9	15039965	2244	2253	1119	2143	9003	7950	6980	4755	
DHL	69200	69200	10	8	3	11	27	36	29	0	9	15005086	2244	2253	1119	2143	9003	7950	6980	4755	
DHL	69400	69400	9	9	2	11	25	40	26	0	9	14969548	2244	2253	1119	2143	9003	7950	6980	4755	
DHL	69600	69600	9	11	2	10	24	39	26	0	12	14935061	2244	2253	1119	2143	9003	7950	6980	4755	
DHL	69800	69800	11	11	3	9	29	37	30	0	15	14901583	2244	2253	1119	2143	9003	7950	6980	4755	
DHL	70000	70000	10	9	3	9	26	37	31	0	17	14869724	2244	2253	1119	2143	9003	7950	6980	4755	
DHL	70200	70200	11	10	3	9	25	32	29	0	17	14838854	2244	2253	1119	2143	9003	7950	6980	4755	
DHL	70400	70400	10	9	4	9	31	32	29	0	17	14808604	2244	2253	1119	2143	9003	7950	6980	4755	
DHL	70600	70600	11	10	4	7	36	32	26	0	16	14780507	2244	2253	1119	2143	9003	7950	6980	4755	
DHL	70800	70800	11	10	3	6	37	31	27	0	23	14752070	2244	2253	1119	2143	9003	7950	6980	4755	
DHL	71000	71000	11	11	3	9	37	32	25	0	24	14723823	2244	2253	1119	2143	9003	7950	6980	4755	
DHL	71200	71200	12	11	3	9	37	32	22	0	24	14695789	2244	2253	1119	2143	9003	7950	6980	4755	
DHL	71400	71400	14	9	4	10	40	31	23	0	22	14667579	2244	2253	1119	2143	9003	7950	6980	4755	
DHL	71600	71600	14	8	4	11	42	28	30	0	21	14640669	2244	2253	1119	2143	9003	7950	6980	4755	
DHL	71800	71800	16	9	3	11	41	28	28	0	20	14615137	2244	2253	1119	2143	9003	7950	6980	4755	
DHL	72000	72000	15	9	4	8	35	28	27	0	18	14589824	2244	2253	1119	2143	9003	7950	6980	4755	
DHL	72200	72200	14	9	4	8	27	30	27	0	23	14563351	2244	2253	1119	2143	9003	7950	6980	4755	
DHL	72400	72400	14	8	4	8	23	29	28	0	24	14536551	2244	2253	1119	2143	9003	7950	6980	4755	
DHL	72600	72600	14	7	3	7	18	30	25	0	24	14509712	2244	2253	1119	2143	9003	7950	6980	4755	
DHL	72800	72800	13	6	4	5	20	28	25	0	25	14482293	2244	2253	1119	2143	9003	7950	6980	4755	
DHL	73000	73000	13	6	4	6	20	32	26	0	23	14452341	2244	2253	1119	2143	9003	7950	6980	4755	
DHL	73200	73200	13	6	4	9	20	31	26	0	23	14421759	2244	2253	1119	2143	9003	7950	6980	4755	
DHL	73400	73400	13	6	5	9	20	30	26	0	21	14391656	2244	2253	1119	2143	9003	7950	6980	4755	
DHL	73600	73600	13	6	5	9	22	25	24	0	21	14361831	2244	2253	1119	2143	9003	7950	6980	4755	
DHL	73800	73800	12	4	5	7	25	24	31	0	20	14332488	2244	2253	1119	2143	9003	7950	6980	4755	
DHL	74000	74000	9	3	6	7	25	27	29	0	18	14304287	2244	2253	1119	2143	9003	7950	6980	4755	
DHL	74200	74200	6	2	6	7	26	32	28	0	17	14277423	2244	2253	1119	2143	9003	7950	6980	4755	
DHL	74400	74400	7	3	6	7	26	30	28	0	16	14250620	2244	2253	1119	2143	9003	7950	6980	4755	
DHL	74600	74600	9	4	6	8	22	27	27	0	17	14222989	2244	2253	1119	2143	9003	7950	6980	4755	
DHL	74800	74800	8	4	6	9	23	25	26	0	16	14195400	2244	2253	1119	2143	9003	7950	6980	4755	
DHL	75000	75000	8	5	4	9	23	27	27	0	19	14168155	2244	2253	1119	2143	9003	7950	6980	4755	
DHL	75200	75200	10	5	3	7	22	26	24	0	15	14141785	2244	2253	1119	2143	9003	7950	6980	4755	
DHL	75400	75400	8	6	4	7	24	24	23	0	13	14115809	2244	2253	1119	2143	9003	7950	6980	4755	
DHL	75600	75600	9	5	3	8	25	25	20	0	11	14090337	2244	2253	1119	2143	9003	7950	6980	4755	
DHL	75800	75800	7	5	4	7	24	25	18	0	8	14063872	2244	2253	1119	2143	9003	7950	6980	4755	
DHL	76000	76000	9	6	4	6	22	25	19	0	13	14036790	2244	2253	1119	2143	9003	7950	6980	4755	
DHL	76200	76200	9	6	5	6	21	26	18	0	13	14011168	2244	2253	1119	2143	9003	7950	6980	4755	
DHL	76400	76400	11	4	5	6	22	29	20	0	14	13985124	2244	2253	1119	2143	9003	7950	6980	4755	
DHL	76600	76600	11	4	5	6	22	33	23	0	15	13959384	2244	2253	1119	2143	9003	7950	6980	4755	
DHL	76800	76800	13	4	5	7	21	34	22	0	17	13933444	2244	2253	1119	2143	9003	7950	6980	4755	
DHL	77000	77000	11	5	5	10	19	37	21	0	15	13905579	2244	2253	1119	2143	9003	7950	6980	4755	
DHL	77200	77200	10	5	6	11	18	39	25	0	13	13878994	2244	2253	1119	2143	9003	7950	6980	4755	
DHL	77400	77400	9	6	6	8	17	40	24	0	11	13853107	2244	2253	1119	2143	9003	7950	6980	4755	
DHL	77600	77600	10	6	6	8	17	46	25	0	11	13827242	2244	2253	1119	2143	9003	7950	6980	4755	
DHL	77800	77800	10	5	6	9	17	51	24	0	13	13800631	2244	2253	1119	2143	9003	7950	6980	4755	
DHL	78000	78000	11	3	6	10	19	49	29	0	16	13773700	2244	2253	1119	2143	9003	7950	6980	4755	
DHL	78200	78200	10	3	6	10	19	48	29	0	17	13747327	2244	2253	1119	2143	9003	7950	6980	4755	
DHL	78400	78400	10	4	6	9	20	45	32	0	16	13720453	2244	2253	1119	2143	9003	7950	6980	4755	
DHL	78600	78600	10	4	6	9	19	46	25	0	14	13693856	2244	2253	1119	2143	9003	7950	6980	4755	
DHL	78800	78800	10	4	5	6	17	47	25	0	14	13668309	2244	2253	1119	2143	9003	7950	6980	4755	
DHL	79000	79000	9	4	4	6	19	51	25	0	11	13643393	2244	2253	1119	2143	9003	7950	6980	4755	
DHL	79200	79200	8	2	3	6	17	51	26	0	13	13618437	2244	2253	1119	2143	9003	7950	6980	4755	
DHL	79400	79400	6	2	3	5	20	49	26	0	12	13594776	2244	2253	1119	2143	9003	7950	6980	4755	
DHL	79600	79600	7	2	3	7	22	45	25	0	14	13570366	2244	2253	1119	2143	9003	7950	6980	4755	
DHL	79800	79800	7	2	3	7	21	41	23	0	10	13546210	2244	2253	1119	2143	9003	7950	6980	4755	
DHL	80000	80000	7	1	6	7	26	43	20	0	11	13522616	2244	2253	1119	2143	9003	7950	6980	4755	
DHL	80200	80200	6	3	7	7	25	47	22	0	12	13497600	2244	2253	1119	2143	9003	7950	6980	4755	
DHL	80400	80400	5	3	8	8	28	46	23	0	12	13472183	2244	2253	1119	2143	9003	7950	6980	4755	
DHL	80600	80600	5	4	7	6	27	44	23	0	15	13446827	2244	2253	1119	2143	9003	7950	6980	4755	
DHL	80800	80800	6	4	7	6	22	44	25	0	13	13421641	2244	2253	1119	2143	9003	7950	6980	4755	
DHL	81000	81000	6	4	7	5	24	45	27	0	14	13395297	2244	2253	1119	2143	9003	7950	6980	4755	
DHL	81200	81200	5	3	8	5	24	45	30	0	15	13368770	2244	2253	1119	2143	9003	7950	6980	4755	
DHL	81400	81400	5	4	7	6	25	46	27	0	13	13342806	2244	2253	1119	2143	9003	7950	6980	4755	
DHL	81600	81600	5	4	8	5	21	49	27	0	14	13316749	2244	2253	1119	2143	9003	7950	6980	4755	
DHL	81800	81800	5	3	8	6	19	50	24	0	13	13290926	2244	2253	1119	2143	9003	7950	6980	4755	
DHL	82000	82000	4	3	5	6	19	44	19	0	10	13265284	2244	2253	1119	2143	9003	7950	6980	4755	
DHL	82200	82200	5	2	3	7	21	43	17	0	12	13238426	2244	2253	1119	2143	9003	7950	6980	4755	
DHL	82400	82400	5	2	3	4	18	45	17	0	13	13211517	2244	2253	1119	2143	9003	7950	6980	4755	
DHL	82600	82600	5	2	2	5	24	41	20	0	13	13185104	2244	2253	1119	2143	9003	7950	6980	4755	
DHL	82800	82800	8	2	2	7	24	41	20	0	19	13158996	2244	2253	1119	2143	9003	7950	6980	4755	
DHL	83000	83000	9	2	2	10	24	44	22	0	21	13132414	2244	2253	1119	2143	9003	7950	6980	4755	
DHL	83200	83200	9	3	3	8	24	44	21	0	17	13105505	2244	2253	1119	2143	9003	7950	6980	4755	
DHL	83400	83400	10	3	4	9	24	42	22	0	15	13077745	2244	2253	1119	2143	9003	7950	6980	4755	
DHL	83600	83600	10	3	4	8	23	46	24	0	17	13049215	2244	2253	1119	2143	9003	7950	6980	4755	
DHL	83800	83800	12	3	5	10	23	43	22	0	22	13019876	2244	2253	1119	2143	9003	7950	6980	4755	
DHL	84000	84000	10	2	6	11	22	42	22	0	22	12991940	2244	2253	1119	2143	9003	7950	6980	4755	
DHL	84200	84200	11	2	6	11	20	39	23	0	18	12964897	2244	2253	1119	2143	9003	7950	6980	4755	
DHL	84400	84400	12	3	7	11	17	38	23	0	17	12938706	2244	2253	1119	2143	9003	7950	6980	4755	
DHL	84600	84600	12	3	7	10	16	35	27	0	17	12912791	2244	2253	1119	2143	9003	7950	6980	4755	
DHL	84800	84800	11	4	6	9	18	30	31	0	17	12886660	2244	2253	1119	2143	9003	7950	6980	4755	
DHL	85000	85000	10	5	6	7	19	25	31	0	17	12860429	2244	2253	1119	2143	9003	7950	6980	4755	
DHL	85200	85200	10	5	5	8	19	23	31	0	15	12834992	2244	2253	1119	2143	9003	7950	6980	4755	
DHL	85400	85400	10	7	4	8	20	26	27	0	19	12808412	2244	2253	1119	2143	9003	7950	6980	4755	
DHL	85600	85600	7	8	5	8	22	27	33	0	18	12780453	2244	2253	1119	2143	9003	7950	6980	4755	
DHL	85800	85800	7	6	5	7	20	25	33	0	18	12753219	2244	2253	1119	2143	9003	7950	6980	4755	
DHL	86000	86000	7	8	5	7	22	25	32	0	18	12727121	2244	2253	1119	2143	9003	7950	6980	4755	
DHL	86200	86200	7	10	5	6	21	23	29	0	14	12700364	2244	2253	1119	2143	9003	7950	6980	4755	
DHL	86400	86400	3	11	5	6	20	25	27	0	14	12673530	2244	2253	1119	2143	9003	7950	6980	4755	
DHL	86600	86600	4	10	4	6	22	24	23	0	16	12646545	2244	2253	1119	2143	9003	7950	6980	4755	
DHL	86800	86800	4	10	5	7	21	27	20	0	18	12620056	2244	2253	1119	2143	9003	7950	6980	4755	
DHL	87000	87000	5	10	6	5	22	27	18	0	21	12592936	2244	2253	1119	2143	9003	7950	6980	4755	
DHL	87200	87200	5	10	7	5	22	29	20	0	23	12566856	2244	2253	1119	2143	9003	7950	6980	4755	
DHL	87400	87400	6	10	4	5	22	31	20	0	21	12541034	2244	2253	1119	2143	9003	7950	6980	4755	
DHL	87600	87600	5	8	3	5	22	30	22	0	20	12515682	2244	2253	1119	2143	9003	7950	6980	4755	
DHL	87800	87800	4	7	3	6	22	26	23	0	19	12490752	2244	2253	1119	2143	9003	7950	6980	4755	
DHL	88000	88000	4	7	2	6	22	26	21	0	16	12467277	2244	2253	1119	2143	9003	7950	6980	4755	
DHL	88200	88200	3	6	2	6	25	27	22	0	17	12444613	2244	2253	1119	2143	9003	7950	6980	4755	
DHL	88400	88400	3	6	2	6	28	26	22	0	19	12421350	2244	2253	1119	2143	9003	7950	6980	4755	
DHL	88600	88600	5	6	3	4	26	33	25	0	23	12397594	2244	2253	1119	2143	9003	7950	6980	4755	
DHL	88800	88800	4	6	4	3	26	33	24	0	24	12373426	2244	2253	1119	2143	9003	7950	6980	4755	
DHL	89000	89000	5	7	5	4	27	31	21	0	23	12349892	2244	2253	1119	2143	9003	7950	6980	4755	
DHL	89200	89200	6	9	4	5	32	35	22	0	23	12327261	2244	2253	1119	2143	9003	7950	6980	4755	
DHL	89400	89400	6	8	3	4	29	30	18	0	22	12304304	2244	2253	1119	2143	9003	7950	6980	4755	
DHL	89600	89600	5	6	4	4	30	34	18	0	21	12280662	2244	2253	1119	2143	9003	7950	6980	4755	
DHL	89800	89800	7	7	4	4	31	30	20	0	22	12256855	2244	2253	1119	2143	9003	7950	6980	4755	
DHL	90000	90000	7	7	5	5	30	30	21	0	20	12231578	2244	2253	1119	2143	9003	7950	6980	4755	
DHL	90200	90200	9	6	5	6	31	29	17	0	20	12204689	2244	2253	1119	2143	9003	7950	6980	4755	
DHL	90400	90400	7	4	6	7	30	25	19	0	20	12177450	2244	2253	1119	2143	9003	7950	6980	4755	
DHL	90600	90600	8	5	7	7	30	25	19	0	18	12151260	2244	2253	1119	2143	9003	7950	6980	4755	
DHL	90800	90800	8	5	6	7	27	26	20	0	18	12127705	2244	2253	1119	2143	9003	7950	6980	4755	
DHL	91000	91000	8	4	6	6	28	29	20	0	15	12106001	2244	2253	1119	2143	9003	7950	6980	4755	
DHL	91200	91200	8	3	6	6	27	30	20	0	19	12084333	2244	2253	1119	2143	9003	7950	6980	4755	
DHL	91400	91400	7	3	8	4	24	28	18	0	17	12062377	2244	2253	1119	2143	9003	7950	6980	4755	
DHL	91600	91600	6	3	9	6	22	24	21	0	16	12040163	2244	2253	1119	2143	9003	7950	6980	4755	
DHL	91800	91800	6	3	9	7	17	22	18	0	15	12016834	2244	2253	1119	2143	9003	7950	6980	4755	
DHL	92000	92000	6	3	9	8	14	22	16	0	13	11993296	2244	2253	1119	2143	9003	7950	6980	4755	
DHL	92200	92200	5	3	8	8	15	23	17	0	12	11970289	2244	2253	1119	2143	9003	7950	6980	4755	
DHL	92400	92400	4	2	8	8	17	25	16	0	12	11947737	2244	2253	1119	2143	9003	7950	6980	4755	
DHL	92600	92600	4	2	7	8	16	24	14	0	12	11924509	2244	2253	1119	2143	9003	7950	6980	4755	
DHL	92800	92800	4	2	8	8	18	19	14	0	11	11901532	2244	2253	1119	2143	9003	7950	6980	4755	
DHL	93000	93000	3	2	8	8	18	17	15	0	9	11878442	2244	2253	1119	2143	9003	7950	6980	4755	
DHL	93200	93200	3	1	9	8	17	17	16	0	5	11855364	2244	2253	1119	2143	9003	7950	6980	4755	
DHL	93400	93400	3	1	9	7	20	19	18	0	6	11832378	2244	2253	1119	2143	9003	7950	6980	4755	
DHL	93600	93600	3	1	10	8	21	17	16	0	7	11808158	2244	2253	1119	2143	9003	7950	6980	4755	
DHL	93800	93800	5	1	9	7	23	18	17	0	8	11783669	2244	2253	1119	2143	9003	7950	6980	4755	
DHL	94000	94000	5	1	6	8	24	19	19	0	7	11759293	2244	2253	1119	2143	9003	7950	6980	4755	
DHL	94200	94200	6	2	7	9	25	22	20	0	7	11735186	2244	2253	1119	2143	9003	7950	6980	4755	
DHL	94400	94400	7	2	4	10	23	23	22	0	6	11711248	2244	2253	1119	2143	9003	7950	6980	4755	
DHL	94600	94600	5	1	4	9	23	24	22	0	5	11688306	2244	2253	1119	2143	9003	7950	6980	4755	
DHL	94800	94800	4	2	3	8	25	26	20	0	5	11664636	2244	2253	1119	2143	9003	7950	6980	4755	
DHL	95000	95000	3	3	2	8	29	29	21	0	6	11640284	2244	2253	1119	2143	9003	7950	6980	4755	
DHL	95200	95200	4	3	2	8	32	28	20	0	6	11614534	2244	2253	1119	2143	9003	7950	6980	4755	
DHL	95400	95400	4	3	3	9	32	28	23	0	5	11587574	2244	2253	1119	2143	9003	7950	6980	4755	
DHL	95600	95600	4	3	3	9	33	30	20	0	5	11561803	2244	2253	1119	2143	9003	7950	6980	4755	
DHL	95800	95800	3	3	3	9	31	30	23	0	7	11536710	2244	2253	1119	2143	9003	7950	6980	4755	
DHL	96000	96000	5	4	3	7	30	28	24	0	9	11513681	2244	2253	1119	2143	9003	7950	6980	4755	
DHL	96200	96200	6	5	5	7	32	28	22	0	8	11490915	2244	2253	1119	2143	9003	7950	6980	4755	
DHL	96400	96400	7	5	5	7	31	27	23	0	8	11468134	2244	2253	1119	2143	9003	7950	6980	4755	
DHL	96600	96600	8	4	4	7	27	25	20	0	8	11445977	2244	2253	1119	2143	9003	7950	6980	4755	
DHL	96800	96800	5	4	4	6	25	27	21	0	8	11424238	2244	2253	1119	2143	9003	7950	6980	4755	
DHL	97000	97000	6	6	4	7	24	28	21	0	9	11403117	2244	2253	1119	2143	9003	7950	6980	4755	
DHL	97200	97200	5	5	4	7	22	30	21	0	10	11381421	2244	2253	1119	2143	9003	7950	6980	4755	
DHL	97400	97400	7	4	4	8	17	34	23	0	9	11360102	2244	2253	1119	2143	9003	7950	6980	4755	
DHL	97600	97600	9	3	4	8	16	33	20	0	8	11338604	2244	2253	1119	2143	9003	7950	6980	4755	
DHL	97800	97800	9	2	3	8	17	33	15	0	7	11315771	2244	2253	1119	2143	9003	7950	6980	4755	
DHL	98000	98000	8	4	3	9	14	35	14	0	8	11292571	2244	2253	1119	2143	9003	7950	6980	4755	
DHL	98200	98200	8	4	3	8	13	34	13	0	7	11270338	2244	2253	1119	2143	9003	7950	6980	4755	
DHL	98400	98400	8	5	4	7	14	34	15	0	8	11248861	2244	2253	1119	2143	9003	7950	6980	4755	
DHL	98600	98600	6	6	6	7	14	36	16	0	8	11226365	2244	2253	1119	2143	9003	7950	6980	4755	
DHL	98800	98800	6	7	5	8	11	35	16	0	9	11203504	2244	2253	1119	2143	9003	7950	6980	4755	
DHL	99000	99000	6	6	4	8	11	36	17	0	10	11180523	2244	2253	1119	2143	9003	7950	6980	4755	
DHL	99200	99200	8	6	4	8	14	38	18	0	11	11157404	2244	2253	1119	2143	9003	7950	6980	4755	
DHL	99400	99400	8	6	4	9	14	39	16	0	12	11134555	2244	2253	1119	2143	9003	7950	6980	4755	
DHL	99600	99600	7	5	5	9	12	35	17	0	13	11112733	2244	2253	1119	2143	9003	7950	6980	4755	
DHL	99800	99800	6	6	4	9	14	36	18	0	14	11091329	2244	2253	1119	2143	9003	7950	6980	4755	
DHL	100000	100000	6	4	3	9	15	34	18	0	14	11070836	2244	2253	1119	2143	9003	7950	6980	4755	
