FL	0	0	11	14	1	29	13	4	7	64	3	9170603	6075	4775	148	1925	4244	4632	2536	13292	512	
FL	-200	-200	12	13	1	30	14	4	9	62	3	9132387	6075	4775	148	1925	4244	4632	2536	13292	512	
FL	-400	-400	12	14	1	30	12	6	11	63	3	9040539	6075	4775	148	1925	4244	4632	2536	13292	512	
FL	-600	-600	11	10	2	31	13	7	12	65	0	8941557	6075	4775	148	1925	4244	4632	2536	13292	512	
FL	-800	-800	11	10	2	30	13	6	12	61	0	8847889	6075	4775	148	1925	4244	4632	2536	13292	512	
FL	-1000	-1000	12	9	2	26	12	7	9	64	0	8762295	6075	4775	148	1925	4244	4632	2536	13292	512	
FL	-1200	-1200	10	6	2	25	13	7	9	59	0	8684897	6075	4775	148	1925	4244	4632	2536	13292	512	
FL	-1400	-1400	12	4	2	25	12	9	9	57	0	8614125	6075	4775	148	1925	4244	4632	2536	13292	512	
FL	-1600	-1600	10	4	2	24	12	10	7	53	0	8549706	6075	4775	148	1925	4244	4632	2536	13292	512	
FL	-1800	-1800	10	4	2	23	10	8	4	48	0	8490281	6075	4775	148	1925	4244	4632	2536	13292	512	
FL	-2000	-2000	11	3	2	21	12	8	4	44	0	8434895	6075	4775	148	1925	4244	4632	2536	13292	512	
FL	-2200	-2200	13	4	2	21	9	8	5	43	0	8379936	6075	4775	148	1925	4244	4632	2536	13292	512	
FL	-2400	-2400	16	6	3	21	11	12	5	46	0	8327078	6075	4775	148	1925	4244	4632	2536	13292	512	
FL	-2600	-2600	14	6	2	21	12	15	5	48	0	8275390	6075	4775	148	1925	4244	4632	2536	13292	512	
FL	-2800	-2800	17	4	2	20	13	16	6	50	0	8226998	6075	4775	148	1925	4244	4632	2536	13292	512	
FL	-3000	-3000	18	5	2	22	13	17	6	47	0	8181184	6075	4775	148	1925	4244	4632	2536	13292	512	
FL	-3200	-3200	19	6	2	22	14	13	5	44	0	8137056	6075	4775	148	1925	4244	4632	2536	13292	512	
FL	-3400	-3400	15	6	2	15	14	12	7	46	0	8093213	6075	4775	148	1925	4244	4632	2536	13292	512	
FL	-3600	-3600	17	9	2	14	10	13	9	43	0	8052629	6075	4775	148	1925	4244	4632	2536	13292	512	
FL	-3800	-3800	16	10	2	15	10	11	8	42	0	8013927	6075	4775	148	1925	4244	4632	2536	13292	512	
FL	-4000	-4000	14	8	2	12	9	10	7	40	0	7976936	6075	4775	148	1925	4244	4632	2536	13292	512	
FL	-4200	-4200	13	11	2	11	10	11	6	38	0	7941792	6075	4775	148	1925	4244	4632	2536	13292	512	
FL	-4400	-4400	15	12	2	11	11	11	6	36	0	7906729	6075	4775	148	1925	4244	4632	2536	13292	512	
FL	-4600	-4600	15	11	1	12	10	10	5	36	0	7872257	6075	4775	148	1925	4244	4632	2536	13292	512	
FL	-4800	-4800	17	15	1	10	10	11	5	40	0	7839631	6075	4775	148	1925	4244	4632	2536	13292	512	
FL	-5000	-5000	18	13	1	10	8	13	7	39	1	7807356	6075	4775	148	1925	4244	4632	2536	13292	512	
FL	-5200	-5200	18	13	1	9	8	12	10	34	1	7775307	6075	4775	148	1925	4244	4632	2536	13292	512	
FL	-5400	-5400	20	14	1	8	7	14	10	33	1	7744187	6075	4775	148	1925	4244	4632	2536	13292	512	
FL	-5600	-5600	17	16	1	8	7	13	10	36	1	7715594	6075	4775	148	1925	4244	4632	2536	13292	512	
FL	-5800	-5800	20	18	1	8	7	14	10	29	0	7688834	6075	4775	148	1925	4244	4632	2536	13292	512	
FL	-6000	-6000	22	18	1	8	6	15	9	28	0	7662399	6075	4775	148	1925	4244	4632	2536	13292	512	
FL	-6200	-6200	21	19	1	8	5	13	11	28	0	7636159	6075	4775	148	1925	4244	4632	2536	13292	512	
FL	-6400	-6400	24	15	0	9	5	10	12	27	0	7610052	6075	4775	148	1925	4244	4632	2536	13292	512	
FL	-6600	-6600	23	16	0	9	8	11	10	26	0	7584674	6075	4775	148	1925	4244	4632	2536	13292	512	
FL	-6800	-6800	20	16	0	9	8	11	10	26	0	7560690	6075	4775	148	1925	4244	4632	2536	13292	512	
FL	-7000	-7000	17	15	0	9	7	16	8	27	0	7536661	6075	4775	148	1925	4244	4632	2536	13292	512	
FL	-7200	-7200	18	14	0	7	7	14	8	28	0	7512799	6075	4775	148	1925	4244	4632	2536	13292	512	
FL	-7400	-7400	18	12	0	8	6	15	8	28	0	7489953	6075	4775	148	1925	4244	4632	2536	13292	512	
FL	-7600	-7600	18	12	0	7	8	15	8	28	0	7467507	6075	4775	148	1925	4244	4632	2536	13292	512	
FL	-7800	-7800	15	12	0	7	9	15	8	31	0	7445550	6075	4775	148	1925	4244	4632	2536	13292	512	
FL	-8000	-8000	17	13	0	5	10	14	7	29	0	7422751	6075	4775	148	1925	4244	4632	2536	13292	512	
FL	-8200	-8200	21	13	0	3	10	15	7	32	0	7400960	6075	4775	148	1925	4244	4632	2536	13292	512	
FL	-8400	-8400	20	11	0	3	11	17	7	34	0	7380854	6075	4775	148	1925	4244	4632	2536	13292	512	
FL	-8600	-8600	20	8	0	3	11	19	7	29	0	7361035	6075	4775	148	1925	4244	4632	2536	13292	512	
FL	-8800	-8800	19	9	0	3	11	19	6	34	0	7341517	6075	4775	148	1925	4244	4632	2536	13292	512	
FL	-9000	-9000	20	6	0	4	9	19	8	33	0	7322842	6075	4775	148	1925	4244	4632	2536	13292	512	
FL	-9200	-9200	18	8	0	4	10	18	8	31	2	7305269	6075	4775	148	1925	4244	4632	2536	13292	512	
FL	-9400	-9400	16	8	0	4	9	18	8	25	2	7287783	6075	4775	148	1925	4244	4632	2536	13292	512	
FL	-9600	-9600	20	10	0	3	10	17	8	31	2	7270821	6075	4775	148	1925	4244	4632	2536	13292	512	
FL	-9800	-9800	17	10	2	1	11	17	8	31	2	7253874	6075	4775	148	1925	4244	4632	2536	13292	512	
FL	-10000	-10000	20	11	2	1	10	15	8	31	3	7237413	6075	4775	148	1925	4244	4632	2536	13292	512	
FL	-10200	-10200	22	11	0	2	8	15	7	30	3	7220619	6075	4775	148	1925	4244	4632	2536	13292	512	
FL	-10400	-10400	19	12	0	1	8	12	6	29	3	7202976	6075	4775	148	1925	4244	4632	2536	13292	512	
FL	-10600	-10600	17	12	0	1	10	11	7	31	3	7184204	6075	4775	148	1925	4244	4632	2536	13292	512	
FL	-10800	-10800	18	13	0	1	11	12	7	31	2	7164885	6075	4775	148	1925	4244	4632	2536	13292	512	
FL	-11000	-11000	17	14	0	2	11	18	5	28	2	7144616	6075	4775	148	1925	4244	4632	2536	13292	512	
FL	-11200	-11200	17	12	0	2	9	20	6	27	2	7123570	6075	4775	148	1925	4244	4632	2536	13292	512	
FL	-11400	-11400	16	11	0	3	10	18	6	26	1	7102340	6075	4775	148	1925	4244	4632	2536	13292	512	
FL	-11600	-11600	17	13	0	3	10	18	5	28	1	7081892	6075	4775	148	1925	4244	4632	2536	13292	512	
FL	-11800	-11800	15	13	0	4	9	20	5	32	1	7061139	6075	4775	148	1925	4244	4632	2536	13292	512	
FL	-12000	-12000	18	12	0	4	11	19	5	30	1	7041949	6075	4775	148	1925	4244	4632	2536	13292	512	
FL	-12200	-12200	18	12	0	5	11	20	5	29	1	7025103	6075	4775	148	1925	4244	4632	2536	13292	512	
FL	-12400	-12400	17	10	0	5	11	20	4	28	1	7008684	6075	4775	148	1925	4244	4632	2536	13292	512	
FL	-12600	-12600	16	12	0	5	11	19	5	27	0	6990563	6075	4775	148	1925	4244	4632	2536	13292	512	
FL	-12800	-12800	13	10	0	5	11	20	5	30	0	6971115	6075	4775	148	1925	4244	4632	2536	13292	512	
FL	-13000	-13000	16	11	0	4	7	19	5	28	0	6952157	6075	4775	148	1925	4244	4632	2536	13292	512	
FL	-13200	-13200	15	11	0	5	8	17	6	27	0	6934957	6075	4775	148	1925	4244	4632	2536	13292	512	
FL	-13400	-13400	16	13	0	4	9	16	6	29	0	6918597	6075	4775	148	1925	4244	4632	2536	13292	512	
FL	-13600	-13600	16	13	0	4	6	17	6	30	0	6901995	6075	4775	148	1925	4244	4632	2536	13292	512	
FL	-13800	-13800	17	12	0	4	7	17	6	32	0	6885414	6075	4775	148	1925	4244	4632	2536	13292	512	
FL	-14000	-14000	16	15	0	4	5	18	7	30	0	6868727	6075	4775	148	1925	4244	4632	2536	13292	512	
FL	-14200	-14200	14	17	0	3	5	19	7	29	0	6851876	6075	4775	148	1925	4244	4632	2536	13292	512	
FL	-14400	-14400	16	15	0	0	5	15	6	27	0	6835699	6075	4775	148	1925	4244	4632	2536	13292	512	
FL	-14600	-14600	15	15	0	0	6	12	4	32	0	6820118	6075	4775	148	1925	4244	4632	2536	13292	512	
FL	-14800	-14800	14	14	0	0	5	10	4	30	0	6804714	6075	4775	148	1925	4244	4632	2536	13292	512	
FL	-15000	-15000	13	14	0	0	7	10	3	30	0	6789875	6075	4775	148	1925	4244	4632	2536	13292	512	
FL	-15200	-15200	15	14	0	1	8	9	3	31	0	6774734	6075	4775	148	1925	4244	4632	2536	13292	512	
FL	-15400	-15400	16	12	0	2	8	8	4	29	0	6758816	6075	4775	148	1925	4244	4632	2536	13292	512	
FL	-15600	-15600	18	10	0	2	9	7	5	25	0	6742633	6075	4775	148	1925	4244	4632	2536	13292	512	
FL	-15800	-15800	19	9	0	2	8	7	6	22	0	6726572	6075	4775	148	1925	4244	4632	2536	13292	512	
FL	-16000	-16000	20	11	0	1	6	7	7	19	0	6710031	6075	4775	148	1925	4244	4632	2536	13292	512	
FL	-16200	-16200	23	12	0	1	6	8	7	22	0	6693851	6075	4775	148	1925	4244	4632	2536	13292	512	
FL	-16400	-16400	25	12	0	2	6	10	6	25	0	6677995	6075	4775	148	1925	4244	4632	2536	13292	512	
FL	-16600	-16600	25	11	0	2	6	9	5	22	0	6662157	6075	4775	148	1925	4244	4632	2536	13292	512	
FL	-16800	-16800	23	11	0	2	3	8	5	23	1	6646637	6075	4775	148	1925	4244	4632	2536	13292	512	
FL	-17000	-17000	23	9	0	2	3	9	5	26	1	6630394	6075	4775	148	1925	4244	4632	2536	13292	512	
FL	-17200	-17200	19	9	0	2	4	8	2	23	1	6614612	6075	4775	148	1925	4244	4632	2536	13292	512	
FL	-17400	-17400	18	10	0	2	7	7	3	23	1	6599883	6075	4775	148	1925	4244	4632	2536	13292	512	
FL	-17600	-17600	18	10	0	2	7	7	5	24	1	6585549	6075	4775	148	1925	4244	4632	2536	13292	512	
FL	-17800	-17800	19	13	0	1	8	7	6	19	1	6572147	6075	4775	148	1925	4244	4632	2536	13292	512	
FL	-18000	-18000	21	13	0	2	7	8	5	23	2	6558707	6075	4775	148	1925	4244	4632	2536	13292	512	
FL	-18200	-18200	18	13	0	4	7	9	5	25	3	6544890	6075	4775	148	1925	4244	4632	2536	13292	512	
FL	-18400	-18400	17	15	0	4	7	9	6	24	3	6532390	6075	4775	148	1925	4244	4632	2536	13292	512	
FL	-18600	-18600	16	15	0	3	8	11	6	24	3	6519620	6075	4775	148	1925	4244	4632	2536	13292	512	
FL	-18800	-18800	16	12	0	3	7	7	3	23	4	6507169	6075	4775	148	1925	4244	4632	2536	13292	512	
FL	-19000	-19000	15	11	0	2	7	6	4	24	3	6494681	6075	4775	148	1925	4244	4632	2536	13292	512	
FL	-19200	-19200	16	10	0	2	6	6	6	26	2	6482027	6075	4775	148	1925	4244	4632	2536	13292	512	
FL	-19400	-19400	17	13	0	3	8	5	6	25	2	6468518	6075	4775	148	1925	4244	4632	2536	13292	512	
FL	-19600	-19600	20	13	0	5	7	6	7	25	2	6454002	6075	4775	148	1925	4244	4632	2536	13292	512	
FL	-19800	-19800	23	13	0	5	8	5	6	23	2	6439004	6075	4775	148	1925	4244	4632	2536	13292	512	
FL	-20000	-20000	25	14	0	4	8	7	6	26	2	6423725	6075	4775	148	1925	4244	4632	2536	13292	512	
FL	-20200	-20200	26	14	0	4	9	8	6	26	2	6408570	6075	4775	148	1925	4244	4632	2536	13292	512	
FL	-20400	-20400	23	13	0	3	10	8	7	26	2	6393749	6075	4775	148	1925	4244	4632	2536	13292	512	
FL	-20600	-20600	21	13	0	3	10	8	6	27	2	6378906	6075	4775	148	1925	4244	4632	2536	13292	512	
FL	-20800	-20800	19	13	0	3	9	7	7	30	3	6364455	6075	4775	148	1925	4244	4632	2536	13292	512	
FL	-21000	-21000	20	12	0	3	10	9	7	31	3	6350722	6075	4775	148	1925	4244	4632	2536	13292	512	
FL	-21200	-21200	18	11	0	3	10	12	7	28	2	6337505	6075	4775	148	1925	4244	4632	2536	13292	512	
FL	-21400	-21400	20	13	0	4	10	12	4	29	2	6324645	6075	4775	148	1925	4244	4632	2536	13292	512	
FL	-21600	-21600	22	13	0	4	8	12	4	26	1	6311549	6075	4775	148	1925	4244	4632	2536	13292	512	
FL	-21800	-21800	20	13	0	4	7	11	4	29	1	6298210	6075	4775	148	1925	4244	4632	2536	13292	512	
FL	-22000	-22000	19	13	0	4	8	11	3	27	1	6284176	6075	4775	148	1925	4244	4632	2536	13292	512	
FL	-22200	-22200	20	10	0	4	9	10	6	29	1	6271020	6075	4775	148	1925	4244	4632	2536	13292	512	
FL	-22400	-22400	20	10	0	3	12	10	5	28	1	6258337	6075	4775	148	1925	4244	4632	2536	13292	512	
FL	-22600	-22600	17	9	0	5	11	9	5	26	1	6244636	6075	4775	148	1925	4244	4632	2536	13292	512	
FL	-22800	-22800	16	11	0	4	10	10	7	25	1	6231002	6075	4775	148	1925	4244	4632	2536	13292	512	
FL	-23000	-23000	16	14	0	4	12	12	7	25	0	6217099	6075	4775	148	1925	4244	4632	2536	13292	512	
FL	-23200	-23200	20	12	0	4	10	12	6	23	0	6203089	6075	4775	148	1925	4244	4632	2536	13292	512	
FL	-23400	-23400	20	13	0	4	11	14	7	21	0	6188947	6075	4775	148	1925	4244	4632	2536	13292	512	
FL	-23600	-23600	20	11	0	3	9	12	6	19	0	6175604	6075	4775	148	1925	4244	4632	2536	13292	512	
FL	-23800	-23800	20	6	0	3	8	15	6	15	0	6161800	6075	4775	148	1925	4244	4632	2536	13292	512	
FL	-24000	-24000	20	6	0	3	7	16	6	15	0	6147280	6075	4775	148	1925	4244	4632	2536	13292	512	
FL	-24200	-24200	20	6	0	2	8	17	5	17	0	6132644	6075	4775	148	1925	4244	4632	2536	13292	512	
FL	-24400	-24400	21	6	0	2	7	14	5	16	0	6118082	6075	4775	148	1925	4244	4632	2536	13292	512	
FL	-24600	-24600	17	5	0	1	6	15	6	19	0	6103040	6075	4775	148	1925	4244	4632	2536	13292	512	
FL	-24800	-24800	15	6	0	1	6	15	4	21	0	6088069	6075	4775	148	1925	4244	4632	2536	13292	512	
FL	-25000	-25000	17	6	0	1	3	12	4	23	0	6073691	6075	4775	148	1925	4244	4632	2536	13292	512	
FL	-25200	-25200	19	8	0	1	5	13	4	23	1	6059386	6075	4775	148	1925	4244	4632	2536	13292	512	
FL	-25400	-25400	18	7	1	2	6	15	5	24	1	6043383	6075	4775	148	1925	4244	4632	2536	13292	512	
FL	-25600	-25600	19	8	1	2	6	15	6	25	1	6027740	6075	4775	148	1925	4244	4632	2536	13292	512	
FL	-25800	-25800	18	9	1	0	7	15	6	26	1	6012662	6075	4775	148	1925	4244	4632	2536	13292	512	
FL	-26000	-26000	19	8	1	0	6	13	5	27	1	5998508	6075	4775	148	1925	4244	4632	2536	13292	512	
FL	-26200	-26200	18	9	1	1	6	12	5	24	0	5985546	6075	4775	148	1925	4244	4632	2536	13292	512	
FL	-26400	-26400	14	9	1	1	5	12	5	21	0	5973609	6075	4775	148	1925	4244	4632	2536	13292	512	
FL	-26600	-26600	13	11	1	3	7	11	5	24	0	5961834	6075	4775	148	1925	4244	4632	2536	13292	512	
FL	-26800	-26800	13	12	1	4	5	12	5	26	0	5950080	6075	4775	148	1925	4244	4632	2536	13292	512	
FL	-27000	-27000	12	12	1	4	5	13	5	27	0	5938695	6075	4775	148	1925	4244	4632	2536	13292	512	
FL	-27200	-27200	12	13	1	4	5	14	6	33	0	5926925	6075	4775	148	1925	4244	4632	2536	13292	512	
FL	-27400	-27400	17	13	0	2	5	15	6	29	0	5914560	6075	4775	148	1925	4244	4632	2536	13292	512	
FL	-27600	-27600	19	13	0	2	4	13	6	24	0	5903196	6075	4775	148	1925	4244	4632	2536	13292	512	
FL	-27800	-27800	20	14	0	2	3	14	6	23	0	5893076	6075	4775	148	1925	4244	4632	2536	13292	512	
FL	-28000	-28000	20	14	0	2	3	14	6	23	0	5883332	6075	4775	148	1925	4244	4632	2536	13292	512	
FL	-28200	-28200	19	15	0	2	4	12	5	24	0	5873096	6075	4775	148	1925	4244	4632	2536	13292	512	
FL	-28400	-28400	17	14	0	2	4	14	6	21	0	5862886	6075	4775	148	1925	4244	4632	2536	13292	512	
FL	-28600	-28600	16	13	0	2	6	13	3	22	0	5853069	6075	4775	148	1925	4244	4632	2536	13292	512	
FL	-28800	-28800	17	11	0	2	7	12	4	17	0	5842786	6075	4775	148	1925	4244	4632	2536	13292	512	
FL	-29000	-29000	16	11	0	2	7	12	5	15	0	5832768	6075	4775	148	1925	4244	4632	2536	13292	512	
FL	-29200	-29200	15	9	0	2	4	12	5	14	0	5822744	6075	4775	148	1925	4244	4632	2536	13292	512	
FL	-29400	-29400	17	9	0	3	6	12	5	13	0	5812855	6075	4775	148	1925	4244	4632	2536	13292	512	
FL	-29600	-29600	17	9	0	4	7	11	8	16	1	5801947	6075	4775	148	1925	4244	4632	2536	13292	512	
FL	-29800	-29800	18	10	0	5	8	12	8	19	1	5790954	6075	4775	148	1925	4244	4632	2536	13292	512	
FL	-30000	-30000	18	11	0	5	9	12	8	23	0	5779879	6075	4775	148	1925	4244	4632	2536	13292	512	
FL	-30200	-30200	14	8	0	5	10	10	8	26	0	5768714	6075	4775	148	1925	4244	4632	2536	13292	512	
FL	-30400	-30400	12	10	0	5	11	10	7	26	0	5758191	6075	4775	148	1925	4244	4632	2536	13292	512	
FL	-30600	-30600	10	10	0	3	10	10	8	30	0	5748092	6075	4775	148	1925	4244	4632	2536	13292	512	
FL	-30800	-30800	13	9	0	4	10	12	8	27	0	5738501	6075	4775	148	1925	4244	4632	2536	13292	512	
FL	-31000	-31000	15	6	0	4	9	9	8	26	1	5729407	6075	4775	148	1925	4244	4632	2536	13292	512	
FL	-31200	-31200	15	7	0	3	9	9	8	28	1	5721150	6075	4775	148	1925	4244	4632	2536	13292	512	
FL	-31400	-31400	17	8	0	3	7	10	10	28	1	5713132	6075	4775	148	1925	4244	4632	2536	13292	512	
FL	-31600	-31600	17	8	0	2	6	9	9	24	1	5705867	6075	4775	148	1925	4244	4632	2536	13292	512	
FL	-31800	-31800	20	10	0	2	5	8	7	29	1	5698830	6075	4775	148	1925	4244	4632	2536	13292	512	
FL	-32000	-32000	21	10	0	3	6	9	8	29	1	5691714	6075	4775	148	1925	4244	4632	2536	13292	512	
FL	-32200	-32200	19	12	0	5	6	8	7	26	2	5684583	6075	4775	148	1925	4244	4632	2536	13292	512	
FL	-32400	-32400	20	10	0	3	6	8	8	29	2	5677204	6075	4775	148	1925	4244	4632	2536	13292	512	
FL	-32600	-32600	18	11	0	4	5	6	8	28	3	5668748	6075	4775	148	1925	4244	4632	2536	13292	512	
FL	-32800	-32800	21	12	0	3	3	9	8	27	2	5659815	6075	4775	148	1925	4244	4632	2536	13292	512	
FL	-33000	-33000	20	10	0	2	4	10	9	29	2	5650795	6075	4775	148	1925	4244	4632	2536	13292	512	
FL	-33200	-33200	19	10	0	2	4	11	6	25	1	5641897	6075	4775	148	1925	4244	4632	2536	13292	512	
FL	-33400	-33400	18	9	0	2	4	12	7	26	0	5633344	6075	4775	148	1925	4244	4632	2536	13292	512	
FL	-33600	-33600	19	8	0	2	7	11	7	25	0	5624821	6075	4775	148	1925	4244	4632	2536	13292	512	
FL	-33800	-33800	18	8	1	3	7	12	6	21	0	5616475	6075	4775	148	1925	4244	4632	2536	13292	512	
FL	-34000	-34000	13	9	1	3	6	9	5	22	0	5608787	6075	4775	148	1925	4244	4632	2536	13292	512	
FL	-34200	-34200	12	9	1	2	5	9	5	18	1	5601098	6075	4775	148	1925	4244	4632	2536	13292	512	
FL	-34400	-34400	14	9	1	1	4	9	5	18	1	5593602	6075	4775	148	1925	4244	4632	2536	13292	512	
FL	-34600	-34600	13	9	1	1	5	9	6	21	1	5585286	6075	4775	148	1925	4244	4632	2536	13292	512	
FL	-34800	-34800	13	11	1	1	5	8	6	26	1	5576468	6075	4775	148	1925	4244	4632	2536	13292	512	
FL	-35000	-35000	16	10	1	2	5	8	6	25	1	5566844	6075	4775	148	1925	4244	4632	2536	13292	512	
FL	-35200	-35200	16	11	0	3	5	7	6	23	0	5557628	6075	4775	148	1925	4244	4632	2536	13292	512	
FL	-35400	-35400	17	10	0	2	5	8	5	22	0	5548530	6075	4775	148	1925	4244	4632	2536	13292	512	
FL	-35600	-35600	17	12	0	3	4	7	5	20	0	5539984	6075	4775	148	1925	4244	4632	2536	13292	512	
FL	-35800	-35800	19	12	0	3	5	7	5	17	0	5531106	6075	4775	148	1925	4244	4632	2536	13292	512	
FL	-36000	-36000	17	12	0	3	5	9	7	17	0	5522259	6075	4775	148	1925	4244	4632	2536	13292	512	
FL	-36200	-36200	17	14	0	2	5	11	7	17	0	5513650	6075	4775	148	1925	4244	4632	2536	13292	512	
FL	-36400	-36400	14	14	0	2	4	13	6	20	0	5505449	6075	4775	148	1925	4244	4632	2536	13292	512	
FL	-36600	-36600	15	15	0	3	5	13	5	21	0	5497135	6075	4775	148	1925	4244	4632	2536	13292	512	
FL	-36800	-36800	15	15	0	3	6	13	5	21	1	5487872	6075	4775	148	1925	4244	4632	2536	13292	512	
FL	-37000	-37000	15	12	0	6	6	13	6	23	1	5477666	6075	4775	148	1925	4244	4632	2536	13292	512	
FL	-37200	-37200	11	12	0	7	7	13	8	25	1	5468233	6075	4775	148	1925	4244	4632	2536	13292	512	
FL	-37400	-37400	12	10	0	7	8	13	8	21	0	5459091	6075	4775	148	1925	4244	4632	2536	13292	512	
FL	-37600	-37600	12	10	0	7	9	11	6	19	0	5449592	6075	4775	148	1925	4244	4632	2536	13292	512	
FL	-37800	-37800	12	8	0	7	11	11	5	18	0	5440793	6075	4775	148	1925	4244	4632	2536	13292	512	
FL	-38000	-38000	10	9	0	6	12	12	4	18	0	5432245	6075	4775	148	1925	4244	4632	2536	13292	512	
FL	-38200	-38200	9	9	0	5	12	11	4	19	0	5424470	6075	4775	148	1925	4244	4632	2536	13292	512	
FL	-38400	-38400	11	7	0	6	12	11	2	21	0	5416498	6075	4775	148	1925	4244	4632	2536	13292	512	
FL	-38600	-38600	14	8	0	5	13	13	1	20	0	5409307	6075	4775	148	1925	4244	4632	2536	13292	512	
FL	-38800	-38800	14	8	0	4	13	12	1	18	0	5402588	6075	4775	148	1925	4244	4632	2536	13292	512	
FL	-39000	-39000	10	8	0	4	16	14	1	21	0	5396779	6075	4775	148	1925	4244	4632	2536	13292	512	
FL	-39200	-39200	10	7	0	5	16	14	2	22	0	5390878	6075	4775	148	1925	4244	4632	2536	13292	512	
FL	-39400	-39400	9	12	0	6	15	14	2	22	0	5385141	6075	4775	148	1925	4244	4632	2536	13292	512	
FL	-39600	-39600	12	13	1	5	15	12	2	25	0	5378733	6075	4775	148	1925	4244	4632	2536	13292	512	
FL	-39800	-39800	15	12	1	5	12	13	2	24	0	5372513	6075	4775	148	1925	4244	4632	2536	13292	512	
FL	-40000	-40000	16	10	1	5	14	15	2	27	0	5366387	6075	4775	148	1925	4244	4632	2536	13292	512	
FL	-40200	-40200	17	7	1	6	12	14	2	23	0	5360186	6075	4775	148	1925	4244	4632	2536	13292	512	
FL	-40400	-40400	17	7	1	5	11	15	2	22	0	5354170	6075	4775	148	1925	4244	4632	2536	13292	512	
FL	-40600	-40600	19	7	1	4	11	11	2	22	0	5349210	6075	4775	148	1925	4244	4632	2536	13292	512	
FL	-40800	-40800	21	8	1	3	12	11	2	20	0	5344546	6075	4775	148	1925	4244	4632	2536	13292	512	
FL	-41000	-41000	21	7	1	2	11	7	2	20	0	5339296	6075	4775	148	1925	4244	4632	2536	13292	512	
FL	-41200	-41200	18	7	1	3	9	7	2	20	0	5333664	6075	4775	148	1925	4244	4632	2536	13292	512	
FL	-41400	-41400	21	6	1	3	9	5	3	22	0	5327923	6075	4775	148	1925	4244	4632	2536	13292	512	
FL	-41600	-41600	21	5	1	1	9	6	4	21	1	5322372	6075	4775	148	1925	4244	4632	2536	13292	512	
FL	-41800	-41800	21	4	1	1	9	6	4	20	1	5316907	6075	4775	148	1925	4244	4632	2536	13292	512	
FL	-42000	-42000	23	3	1	0	9	7	5	21	1	5310938	6075	4775	148	1925	4244	4632	2536	13292	512	
FL	-42200	-42200	23	6	1	0	6	9	4	20	1	5304207	6075	4775	148	1925	4244	4632	2536	13292	512	
FL	-42400	-42400	21	6	1	0	7	11	4	19	2	5297115	6075	4775	148	1925	4244	4632	2536	13292	512	
FL	-42600	-42600	16	5	1	0	9	8	6	20	2	5289517	6075	4775	148	1925	4244	4632	2536	13292	512	
FL	-42800	-42800	15	6	1	2	10	6	8	19	2	5282010	6075	4775	148	1925	4244	4632	2536	13292	512	
FL	-43000	-43000	13	4	1	2	7	8	9	18	2	5274023	6075	4775	148	1925	4244	4632	2536	13292	512	
FL	-43200	-43200	12	5	1	3	6	8	11	20	1	5264938	6075	4775	148	1925	4244	4632	2536	13292	512	
FL	-43400	-43400	9	5	1	4	6	8	12	23	1	5255707	6075	4775	148	1925	4244	4632	2536	13292	512	
FL	-43600	-43600	10	4	1	4	8	8	10	21	1	5246695	6075	4775	148	1925	4244	4632	2536	13292	512	
FL	-43800	-43800	10	6	1	5	5	11	10	20	0	5237879	6075	4775	148	1925	4244	4632	2536	13292	512	
FL	-44000	-44000	10	10	1	5	5	10	11	19	0	5228716	6075	4775	148	1925	4244	4632	2536	13292	512	
FL	-44200	-44200	11	12	1	5	6	10	10	20	0	5219358	6075	4775	148	1925	4244	4632	2536	13292	512	
FL	-44400	-44400	12	11	1	4	6	10	10	21	0	5210403	6075	4775	148	1925	4244	4632	2536	13292	512	
FL	-44600	-44600	9	10	1	4	7	9	6	19	0	5202017	6075	4775	148	1925	4244	4632	2536	13292	512	
FL	-44800	-44800	8	10	1	3	8	7	6	20	1	5193898	6075	4775	148	1925	4244	4632	2536	13292	512	
FL	-45000	-45000	8	9	1	3	7	7	5	15	1	5185847	6075	4775	148	1925	4244	4632	2536	13292	512	
FL	-45200	-45200	8	9	0	2	5	7	4	15	0	5177267	6075	4775	148	1925	4244	4632	2536	13292	512	
FL	-45400	-45400	8	9	1	1	7	6	4	17	0	5168672	6075	4775	148	1925	4244	4632	2536	13292	512	
FL	-45600	-45600	9	8	1	1	7	3	4	16	0	5160292	6075	4775	148	1925	4244	4632	2536	13292	512	
FL	-45800	-45800	11	9	2	1	7	2	4	17	0	5152033	6075	4775	148	1925	4244	4632	2536	13292	512	
FL	-46000	-46000	12	11	2	2	8	1	5	15	0	5143529	6075	4775	148	1925	4244	4632	2536	13292	512	
FL	-46200	-46200	13	12	2	2	7	0	5	18	0	5135174	6075	4775	148	1925	4244	4632	2536	13292	512	
FL	-46400	-46400	14	9	2	2	9	1	5	23	0	5127825	6075	4775	148	1925	4244	4632	2536	13292	512	
FL	-46600	-46600	15	8	2	3	9	3	5	24	0	5120455	6075	4775	148	1925	4244	4632	2536	13292	512	
FL	-46800	-46800	15	8	2	3	10	4	2	25	0	5112297	6075	4775	148	1925	4244	4632	2536	13292	512	
FL	-47000	-47000	15	7	2	4	8	4	2	23	0	5103858	6075	4775	148	1925	4244	4632	2536	13292	512	
FL	-47200	-47200	14	6	2	5	8	4	2	28	0	5095505	6075	4775	148	1925	4244	4632	2536	13292	512	
FL	-47400	-47400	14	7	2	5	7	4	3	28	0	5088304	6075	4775	148	1925	4244	4632	2536	13292	512	
FL	-47600	-47600	12	6	2	5	8	4	3	25	0	5082346	6075	4775	148	1925	4244	4632	2536	13292	512	
FL	-47800	-47800	11	6	2	5	8	4	3	21	0	5075700	6075	4775	148	1925	4244	4632	2536	13292	512	
FL	-48000	-48000	6	5	1	5	6	4	3	19	0	5069179	6075	4775	148	1925	4244	4632	2536	13292	512	
FL	-48200	-48200	6	7	1	6	4	5	2	19	0	5063649	6075	4775	148	1925	4244	4632	2536	13292	512	
FL	-48400	-48400	6	7	1	4	4	6	3	23	0	5058912	6075	4775	148	1925	4244	4632	2536	13292	512	
FL	-48600	-48600	6	8	1	5	5	6	3	19	0	5054159	6075	4775	148	1925	4244	4632	2536	13292	512	
FL	-48800	-48800	8	7	1	5	6	6	5	19	0	5049221	6075	4775	148	1925	4244	4632	2536	13292	512	
FL	-49000	-49000	6	7	1	5	6	6	6	23	0	5043876	6075	4775	148	1925	4244	4632	2536	13292	512	
FL	-49200	-49200	6	5	1	5	7	6	5	23	0	5039495	6075	4775	148	1925	4244	4632	2536	13292	512	
FL	-49400	-49400	6	6	1	6	7	3	4	25	0	5035485	6075	4775	148	1925	4244	4632	2536	13292	512	
FL	-49600	-49600	10	5	0	6	9	2	4	26	0	5031134	6075	4775	148	1925	4244	4632	2536	13292	512	
FL	-49800	-49800	9	6	0	4	10	3	4	26	0	5026801	6075	4775	148	1925	4244	4632	2536	13292	512	
FL	-50000	-50000	9	6	0	3	9	3	5	24	0	5022326	6075	4775	148	1925	4244	4632	2536	13292	512	
FL	-50200	-50200	7	8	0	2	7	3	5	25	0	5017526	6075	4775	148	1925	4244	4632	2536	13292	512	
FL	-50400	-50400	8	9	0	2	6	4	8	25	0	5012585	6075	4775	148	1925	4244	4632	2536	13292	512	
FL	-50600	-50600	8	8	1	2	7	3	8	23	1	5007437	6075	4775	148	1925	4244	4632	2536	13292	512	
FL	-50800	-50800	7	8	1	4	6	2	10	24	1	5001863	6075	4775	148	1925	4244	4632	2536	13292	512	
FL	-51000	-51000	11	7	1	4	7	2	9	24	1	4996909	6075	4775	148	1925	4244	4632	2536	13292	512	
FL	-51200	-51200	10	6	1	4	6	3	7	21	2	4992301	6075	4775	148	1925	4244	4632	2536	13292	512	
FL	-51400	-51400	8	7	1	4	5	3	8	21	3	4987306	6075	4775	148	1925	4244	4632	2536	13292	512	
FL	-51600	-51600	10	6	1	3	7	3	6	17	2	4981568	6075	4775	148	1925	4244	4632	2536	13292	512	
FL	-51800	-51800	6	5	1	2	8	3	6	17	3	4975601	6075	4775	148	1925	4244	4632	2536	13292	512	
FL	-52000	-52000	6	5	1	2	8	4	3	18	2	4969502	6075	4775	148	1925	4244	4632	2536	13292	512	
FL	-52200	-52200	7	6	1	2	7	5	3	20	2	4963414	6075	4775	148	1925	4244	4632	2536	13292	512	
FL	-52400	-52400	6	6	1	2	7	5	4	22	2	4957475	6075	4775	148	1925	4244	4632	2536	13292	512	
FL	-52600	-52600	6	6	1	2	7	5	4	23	2	4952362	6075	4775	148	1925	4244	4632	2536	13292	512	
FL	-52800	-52800	8	8	1	4	7	5	4	22	2	4947360	6075	4775	148	1925	4244	4632	2536	13292	512	
FL	-53000	-53000	7	5	1	4	5	5	4	22	2	4942662	6075	4775	148	1925	4244	4632	2536	13292	512	
FL	-53200	-53200	7	4	1	4	5	5	5	20	1	4938469	6075	4775	148	1925	4244	4632	2536	13292	512	
FL	-53400	-53400	9	4	1	3	5	5	4	21	1	4934516	6075	4775	148	1925	4244	4632	2536	13292	512	
FL	-53600	-53600	10	5	1	3	6	4	3	20	1	4930611	6075	4775	148	1925	4244	4632	2536	13292	512	
FL	-53800	-53800	11	4	1	2	8	4	3	20	1	4926261	6075	4775	148	1925	4244	4632	2536	13292	512	
FL	-54000	-54000	10	6	1	2	9	3	2	19	1	4921349	6075	4775	148	1925	4244	4632	2536	13292	512	
FL	-54200	-54200	11	7	1	2	6	5	2	16	1	4916481	6075	4775	148	1925	4244	4632	2536	13292	512	
FL	-54400	-54400	11	6	1	1	5	5	4	18	1	4911777	6075	4775	148	1925	4244	4632	2536	13292	512	
FL	-54600	-54600	10	6	1	3	7	6	4	16	1	4906916	6075	4775	148	1925	4244	4632	2536	13292	512	
FL	-54800	-54800	10	6	1	3	7	8	5	17	0	4902464	6075	4775	148	1925	4244	4632	2536	13292	512	
FL	-55000	-55000	9	6	1	4	6	7	5	15	0	4898438	6075	4775	148	1925	4244	4632	2536	13292	512	
FL	-55200	-55200	8	6	1	5	6	7	4	13	0	4894202	6075	4775	148	1925	4244	4632	2536	13292	512	
FL	-55400	-55400	7	7	1	5	6	7	5	10	0	4889630	6075	4775	148	1925	4244	4632	2536	13292	512	
FL	-55600	-55600	8	6	1	6	6	7	3	10	1	4885057	6075	4775	148	1925	4244	4632	2536	13292	512	
FL	-55800	-55800	7	8	1	5	4	7	3	9	1	4880195	6075	4775	148	1925	4244	4632	2536	13292	512	
FL	-56000	-56000	7	9	1	5	4	7	3	12	0	4874806	6075	4775	148	1925	4244	4632	2536	13292	512	
FL	-56200	-56200	6	9	1	4	5	8	3	13	0	4869208	6075	4775	148	1925	4244	4632	2536	13292	512	
FL	-56400	-56400	6	10	1	5	5	8	3	16	0	4863620	6075	4775	148	1925	4244	4632	2536	13292	512	
FL	-56600	-56600	7	12	1	5	4	9	3	15	0	4857635	6075	4775	148	1925	4244	4632	2536	13292	512	
FL	-56800	-56800	8	13	1	6	5	8	3	14	0	4852170	6075	4775	148	1925	4244	4632	2536	13292	512	
FL	-57000	-57000	8	13	1	5	5	11	1	12	0	4847215	6075	4775	148	1925	4244	4632	2536	13292	512	
FL	-57200	-57200	4	11	1	4	5	11	1	13	0	4841941	6075	4775	148	1925	4244	4632	2536	13292	512	
FL	-57400	-57400	5	11	1	3	6	11	2	13	0	4836225	6075	4775	148	1925	4244	4632	2536	13292	512	
FL	-57600	-57600	7	12	1	4	3	11	3	15	0	4830445	6075	4775	148	1925	4244	4632	2536	13292	512	
FL	-57800	-57800	9	11	1	3	3	10	2	13	0	4824012	6075	4775	148	1925	4244	4632	2536	13292	512	
FL	-58000	-58000	9	13	1	3	0	11	3	12	2	4816621	6075	4775	148	1925	4244	4632	2536	13292	512	
FL	-58200	-58200	8	10	1	3	2	13	4	15	3	4809417	6075	4775	148	1925	4244	4632	2536	13292	512	
FL	-58400	-58400	10	10	1	4	2	15	4	14	3	4801630	6075	4775	148	1925	4244	4632	2536	13292	512	
FL	-58600	-58600	9	8	1	4	2	12	4	14	3	4794246	6075	4775	148	1925	4244	4632	2536	13292	512	
FL	-58800	-58800	10	8	1	4	3	14	3	15	3	4786549	6075	4775	148	1925	4244	4632	2536	13292	512	
FL	-59000	-59000	8	8	1	3	4	14	2	16	1	4778260	6075	4775	148	1925	4244	4632	2536	13292	512	
FL	-59200	-59200	10	8	1	3	4	14	2	16	1	4770394	6075	4775	148	1925	4244	4632	2536	13292	512	
FL	-59400	-59400	10	6	1	3	3	12	2	16	1	4762553	6075	4775	148	1925	4244	4632	2536	13292	512	
FL	-59600	-59600	12	5	1	3	5	11	2	14	1	4755104	6075	4775	148	1925	4244	4632	2536	13292	512	
FL	-59800	-59800	12	5	1	4	6	11	2	21	0	4747814	6075	4775	148	1925	4244	4632	2536	13292	512	
FL	-60000	-60000	13	5	1	3	8	11	2	23	0	4740384	6075	4775	148	1925	4244	4632	2536	13292	512	
FL	-60200	-60200	14	5	1	1	8	10	3	20	0	4733452	6075	4775	148	1925	4244	4632	2536	13292	512	
FL	-60400	-60400	12	5	1	1	10	11	2	19	1	4726404	6075	4775	148	1925	4244	4632	2536	13292	512	
FL	-60600	-60600	12	5	1	1	10	11	6	17	1	4719420	6075	4775	148	1925	4244	4632	2536	13292	512	
FL	-60800	-60800	13	5	1	2	9	7	8	18	1	4711915	6075	4775	148	1925	4244	4632	2536	13292	512	
FL	-61000	-61000	13	7	0	2	8	8	8	16	1	4704952	6075	4775	148	1925	4244	4632	2536	13292	512	
FL	-61200	-61200	14	8	0	2	8	10	7	15	1	4697768	6075	4775	148	1925	4244	4632	2536	13292	512	
FL	-61400	-61400	11	7	0	2	7	9	8	15	1	4691682	6075	4775	148	1925	4244	4632	2536	13292	512	
FL	-61600	-61600	11	9	0	1	7	9	6	18	1	4686367	6075	4775	148	1925	4244	4632	2536	13292	512	
FL	-61800	-61800	10	8	0	1	7	8	8	18	1	4681159	6075	4775	148	1925	4244	4632	2536	13292	512	
FL	-62000	-62000	10	8	0	1	7	11	9	16	1	4675645	6075	4775	148	1925	4244	4632	2536	13292	512	
FL	-62200	-62200	12	10	0	6	7	13	8	15	1	4669915	6075	4775	148	1925	4244	4632	2536	13292	512	
FL	-62400	-62400	13	9	0	6	8	12	6	21	1	4664620	6075	4775	148	1925	4244	4632	2536	13292	512	
FL	-62600	-62600	13	6	0	6	8	11	6	21	1	4660142	6075	4775	148	1925	4244	4632	2536	13292	512	
FL	-62800	-62800	11	6	1	6	8	13	6	20	1	4655568	6075	4775	148	1925	4244	4632	2536	13292	512	
FL	-63000	-63000	8	5	1	6	8	13	7	20	0	4650226	6075	4775	148	1925	4244	4632	2536	13292	512	
FL	-63200	-63200	11	4	1	5	8	14	8	16	0	4644840	6075	4775	148	1925	4244	4632	2536	13292	512	
FL	-63400	-63400	13	7	1	5	8	14	8	16	1	4639713	6075	4775	148	1925	4244	4632	2536	13292	512	
FL	-63600	-63600	11	6	1	6	8	12	10	15	1	4633748	6075	4775	148	1925	4244	4632	2536	13292	512	
FL	-63800	-63800	15	9	0	6	7	12	11	14	0	4627542	6075	4775	148	1925	4244	4632	2536	13292	512	
FL	-64000	-64000	13	11	0	7	7	9	10	17	0	4621594	6075	4775	148	1925	4244	4632	2536	13292	512	
FL	-64200	-64200	14	10	0	8	10	10	11	15	0	4616243	6075	4775	148	1925	4244	4632	2536	13292	512	
FL	-64400	-64400	16	9	0	8	10	9	8	12	0	4610459	6075	4775	148	1925	4244	4632	2536	13292	512	
FL	-64600	-64600	15	8	0	4	11	8	9	12	0	4604449	6075	4775	148	1925	4244	4632	2536	13292	512	
FL	-64800	-64800	14	10	0	4	11	8	8	13	0	4597986	6075	4775	148	1925	4244	4632	2536	13292	512	
FL	-65000	-65000	14	10	0	4	9	10	7	11	0	4591272	6075	4775	148	1925	4244	4632	2536	13292	512	
FL	-65200	-65200	15	10	0	3	7	9	6	10	0	4584656	6075	4775	148	1925	4244	4632	2536	13292	512	
FL	-65400	-65400	15	9	0	3	7	8	6	9	1	4578945	6075	4775	148	1925	4244	4632	2536	13292	512	
FL	-65600	-65600	15	9	0	3	8	7	6	11	1	4573686	6075	4775	148	1925	4244	4632	2536	13292	512	
FL	-65800	-65800	12	7	0	4	6	9	5	10	1	4568670	6075	4775	148	1925	4244	4632	2536	13292	512	
FL	-66000	-66000	13	7	0	4	6	9	5	12	1	4563606	6075	4775	148	1925	4244	4632	2536	13292	512	
FL	-66200	-66200	14	7	0	4	6	9	5	14	1	4558801	6075	4775	148	1925	4244	4632	2536	13292	512	
FL	-66400	-66400	10	8	0	2	6	13	5	12	1	4553957	6075	4775	148	1925	4244	4632	2536	13292	512	
FL	-66600	-66600	10	8	0	3	7	14	7	10	0	4549279	6075	4775	148	1925	4244	4632	2536	13292	512	
FL	-66800	-66800	8	8	0	3	9	15	7	10	0	4545112	6075	4775	148	1925	4244	4632	2536	13292	512	
FL	-67000	-67000	8	7	0	3	8	15	9	12	0	4540964	6075	4775	148	1925	4244	4632	2536	13292	512	
FL	-67200	-67200	8	6	0	5	8	16	8	12	0	4536393	6075	4775	148	1925	4244	4632	2536	13292	512	
FL	-67400	-67400	8	3	0	5	9	14	8	16	0	4531631	6075	4775	148	1925	4244	4632	2536	13292	512	
FL	-67600	-67600	7	4	0	5	9	12	6	18	0	4527080	6075	4775	148	1925	4244	4632	2536	13292	512	
FL	-67800	-67800	8	6	0	5	10	12	6	18	0	4522650	6075	4775	148	1925	4244	4632	2536	13292	512	
FL	-68000	-68000	7	7	0	2	9	10	6	19	0	4517676	6075	4775	148	1925	4244	4632	2536	13292	512	
FL	-68200	-68200	7	6	0	2	8	10	6	21	0	4512651	6075	4775	148	1925	4244	4632	2536	13292	512	
FL	-68400	-68400	10	7	0	2	8	11	4	20	0	4508041	6075	4775	148	1925	4244	4632	2536	13292	512	
FL	-68600	-68600	12	6	0	2	5	11	4	20	0	4503310	6075	4775	148	1925	4244	4632	2536	13292	512	
FL	-68800	-68800	10	6	0	3	5	11	4	21	0	4498698	6075	4775	148	1925	4244	4632	2536	13292	512	
FL	-69000	-69000	12	5	0	3	4	10	1	18	0	4494166	6075	4775	148	1925	4244	4632	2536	13292	512	
FL	-69200	-69200	13	6	0	3	4	8	1	20	0	4489514	6075	4775	148	1925	4244	4632	2536	13292	512	
FL	-69400	-69400	10	7	0	5	4	8	1	18	0	4484614	6075	4775	148	1925	4244	4632	2536	13292	512	
FL	-69600	-69600	12	10	0	6	3	10	2	19	0	4479758	6075	4775	148	1925	4244	4632	2536	13292	512	
FL	-69800	-69800	13	10	0	6	4	9	2	21	0	4474124	6075	4775	148	1925	4244	4632	2536	13292	512	
FL	-70000	-70000	11	10	0	6	4	9	2	19	0	4468136	6075	4775	148	1925	4244	4632	2536	13292	512	
FL	-70200	-70200	9	11	0	6	4	9	3	21	0	4462473	6075	4775	148	1925	4244	4632	2536	13292	512	
FL	-70400	-70400	5	11	0	5	4	8	3	19	0	4457281	6075	4775	148	1925	4244	4632	2536	13292	512	
FL	-70600	-70600	3	10	0	5	3	9	3	20	0	4452450	6075	4775	148	1925	4244	4632	2536	13292	512	
FL	-70800	-70800	3	11	0	6	4	10	2	19	0	4448242	6075	4775	148	1925	4244	4632	2536	13292	512	
FL	-71000	-71000	4	10	0	6	5	10	1	21	0	4444367	6075	4775	148	1925	4244	4632	2536	13292	512	
FL	-71200	-71200	5	10	0	6	5	10	1	19	0	4440453	6075	4775	148	1925	4244	4632	2536	13292	512	
FL	-71400	-71400	6	9	0	6	5	12	1	20	0	4436911	6075	4775	148	1925	4244	4632	2536	13292	512	
FL	-71600	-71600	7	9	0	6	6	11	1	22	0	4433303	6075	4775	148	1925	4244	4632	2536	13292	512	
FL	-71800	-71800	9	8	0	5	5	10	1	26	0	4430093	6075	4775	148	1925	4244	4632	2536	13292	512	
FL	-72000	-72000	11	8	0	6	5	10	1	27	0	4426613	6075	4775	148	1925	4244	4632	2536	13292	512	
FL	-72200	-72200	10	10	0	6	5	6	1	27	0	4422836	6075	4775	148	1925	4244	4632	2536	13292	512	
FL	-72400	-72400	8	11	0	7	4	7	2	22	0	4419696	6075	4775	148	1925	4244	4632	2536	13292	512	
FL	-72600	-72600	5	11	0	7	6	7	2	25	0	4417103	6075	4775	148	1925	4244	4632	2536	13292	512	
FL	-72800	-72800	6	12	0	7	5	8	2	24	0	4413813	6075	4775	148	1925	4244	4632	2536	13292	512	
FL	-73000	-73000	5	9	0	7	3	8	4	22	0	4410252	6075	4775	148	1925	4244	4632	2536	13292	512	
FL	-73200	-73200	5	9	0	8	2	12	4	21	0	4406927	6075	4775	148	1925	4244	4632	2536	13292	512	
FL	-73400	-73400	5	8	0	8	1	11	3	19	0	4403881	6075	4775	148	1925	4244	4632	2536	13292	512	
FL	-73600	-73600	5	8	0	7	1	11	3	20	1	4400676	6075	4775	148	1925	4244	4632	2536	13292	512	
FL	-73800	-73800	4	8	0	7	2	12	3	18	1	4397189	6075	4775	148	1925	4244	4632	2536	13292	512	
FL	-74000	-74000	5	11	0	7	2	12	3	21	1	4394265	6075	4775	148	1925	4244	4632	2536	13292	512	
FL	-74200	-74200	5	11	0	7	2	13	3	21	0	4391279	6075	4775	148	1925	4244	4632	2536	13292	512	
FL	-74400	-74400	6	9	0	6	2	14	5	21	0	4387919	6075	4775	148	1925	4244	4632	2536	13292	512	
FL	-74600	-74600	5	10	0	6	2	13	5	19	0	4384137	6075	4775	148	1925	4244	4632	2536	13292	512	
FL	-74800	-74800	3	9	0	6	2	13	5	20	0	4380384	6075	4775	148	1925	4244	4632	2536	13292	512	
FL	-75000	-75000	2	11	0	6	1	13	7	22	0	4376520	6075	4775	148	1925	4244	4632	2536	13292	512	
FL	-75200	-75200	2	13	0	7	2	12	7	22	0	4372733	6075	4775	148	1925	4244	4632	2536	13292	512	
FL	-75400	-75400	1	11	0	9	2	10	7	21	0	4369153	6075	4775	148	1925	4244	4632	2536	13292	512	
FL	-75600	-75600	2	9	0	9	1	12	7	20	0	4365718	6075	4775	148	1925	4244	4632	2536	13292	512	
FL	-75800	-75800	4	9	0	4	1	12	6	17	0	4362086	6075	4775	148	1925	4244	4632	2536	13292	512	
FL	-76000	-76000	4	8	0	2	3	13	5	16	0	4358276	6075	4775	148	1925	4244	4632	2536	13292	512	
FL	-76200	-76200	7	10	0	2	3	12	4	15	0	4355076	6075	4775	148	1925	4244	4632	2536	13292	512	
FL	-76400	-76400	9	12	0	2	4	11	3	13	0	4351679	6075	4775	148	1925	4244	4632	2536	13292	512	
FL	-76600	-76600	7	12	0	2	4	11	3	12	0	4348346	6075	4775	148	1925	4244	4632	2536	13292	512	
FL	-76800	-76800	8	11	0	2	4	13	4	13	0	4344991	6075	4775	148	1925	4244	4632	2536	13292	512	
FL	-77000	-77000	7	10	0	3	3	13	4	15	0	4341873	6075	4775	148	1925	4244	4632	2536	13292	512	
FL	-77200	-77200	9	8	0	3	3	15	6	13	1	4339009	6075	4775	148	1925	4244	4632	2536	13292	512	
FL	-77400	-77400	11	8	0	3	3	12	6	11	1	4335580	6075	4775	148	1925	4244	4632	2536	13292	512	
FL	-77600	-77600	12	9	0	3	3	11	5	11	0	4331916	6075	4775	148	1925	4244	4632	2536	13292	512	
FL	-77800	-77800	11	7	0	3	6	9	6	11	0	4327307	6075	4775	148	1925	4244	4632	2536	13292	512	
FL	-78000	-78000	7	6	0	3	6	8	4	12	0	4322274	6075	4775	148	1925	4244	4632	2536	13292	512	
FL	-78200	-78200	7	7	0	3	6	5	5	13	0	4317957	6075	4775	148	1925	4244	4632	2536	13292	512	
FL	-78400	-78400	7	9	0	3	7	5	4	14	0	4313915	6075	4775	148	1925	4244	4632	2536	13292	512	
FL	-78600	-78600	8	9	0	3	6	5	5	15	0	4309624	6075	4775	148	1925	4244	4632	2536	13292	512	
FL	-78800	-78800	10	9	0	2	5	4	5	15	0	4305705	6075	4775	148	1925	4244	4632	2536	13292	512	
FL	-79000	-79000	9	8	0	2	6	5	5	13	0	4302459	6075	4775	148	1925	4244	4632	2536	13292	512	
FL	-79200	-79200	7	7	0	2	6	6	4	11	0	4298690	6075	4775	148	1925	4244	4632	2536	13292	512	
FL	-79400	-79400	5	9	0	2	7	8	4	10	0	4294932	6075	4775	148	1925	4244	4632	2536	13292	512	
FL	-79600	-79600	6	8	0	2	5	10	4	9	0	4291202	6075	4775	148	1925	4244	4632	2536	13292	512	
FL	-79800	-79800	7	10	0	2	6	9	4	13	0	4287389	6075	4775	148	1925	4244	4632	2536	13292	512	
FL	-80000	-80000	6	8	0	2	5	11	4	12	0	4283140	6075	4775	148	1925	4244	4632	2536	13292	512	
FL	-80200	-80200	5	7	0	2	6	11	3	11	0	4278894	6075	4775	148	1925	4244	4632	2536	13292	512	
FL	-80400	-80400	4	6	0	1	6	11	2	12	0	4274798	6075	4775	148	1925	4244	4632	2536	13292	512	
FL	-80600	-80600	5	5	0	1	4	11	1	14	0	4270941	6075	4775	148	1925	4244	4632	2536	13292	512	
FL	-80800	-80800	6	6	0	1	5	10	1	18	0	4267336	6075	4775	148	1925	4244	4632	2536	13292	512	
FL	-81000	-81000	8	6	0	2	5	11	1	15	0	4263660	6075	4775	148	1925	4244	4632	2536	13292	512	
FL	-81200	-81200	7	4	0	1	5	11	2	15	0	4260123	6075	4775	148	1925	4244	4632	2536	13292	512	
FL	-81400	-81400	6	4	0	1	5	10	2	17	0	4256825	6075	4775	148	1925	4244	4632	2536	13292	512	
FL	-81600	-81600	6	7	0	1	5	9	3	18	0	4253296	6075	4775	148	1925	4244	4632	2536	13292	512	
FL	-81800	-81800	6	8	0	1	4	7	3	13	1	4249671	6075	4775	148	1925	4244	4632	2536	13292	512	
FL	-82000	-82000	7	7	0	1	5	7	2	12	1	4246148	6075	4775	148	1925	4244	4632	2536	13292	512	
FL	-82200	-82200	6	7	0	1	5	6	2	13	1	4242264	6075	4775	148	1925	4244	4632	2536	13292	512	
FL	-82400	-82400	7	5	0	2	4	5	3	13	1	4238321	6075	4775	148	1925	4244	4632	2536	13292	512	
FL	-82600	-82600	6	7	0	2	4	6	3	14	0	4234216	6075	4775	148	1925	4244	4632	2536	13292	512	
FL	-82800	-82800	6	7	0	2	4	7	2	15	0	4229838	6075	4775	148	1925	4244	4632	2536	13292	512	
FL	-83000	-83000	5	9	0	2	4	6	3	17	0	4225242	6075	4775	148	1925	4244	4632	2536	13292	512	
FL	-83200	-83200	7	9	0	2	2	6	5	17	0	4220367	6075	4775	148	1925	4244	4632	2536	13292	512	
FL	-83400	-83400	8	6	0	1	1	6	4	20	0	4215382	6075	4775	148	1925	4244	4632	2536	13292	512	
FL	-83600	-83600	9	6	0	1	2	7	3	17	0	4210828	6075	4775	148	1925	4244	4632	2536	13292	512	
FL	-83800	-83800	9	4	0	1	2	6	3	16	2	4206599	6075	4775	148	1925	4244	4632	2536	13292	512	
FL	-84000	-84000	11	5	0	1	3	7	6	19	2	4202563	6075	4775	148	1925	4244	4632	2536	13292	512	
FL	-84200	-84200	13	3	0	2	3	6	6	17	2	4198191	6075	4775	148	1925	4244	4632	2536	13292	512	
FL	-84400	-84400	13	4	0	3	3	6	5	13	2	4194133	6075	4775	148	1925	4244	4632	2536	13292	512	
FL	-84600	-84600	14	5	0	3	2	4	4	14	2	4190036	6075	4775	148	1925	4244	4632	2536	13292	512	
FL	-84800	-84800	13	6	0	3	2	5	5	13	2	4185832	6075	4775	148	1925	4244	4632	2536	13292	512	
FL	-85000	-85000	15	7	0	2	2	4	5	12	2	4181518	6075	4775	148	1925	4244	4632	2536	13292	512	
FL	-85200	-85200	15	6	0	2	2	5	4	14	2	4177004	6075	4775	148	1925	4244	4632	2536	13292	512	
FL	-85400	-85400	15	6	0	2	3	5	4	16	2	4173405	6075	4775	148	1925	4244	4632	2536	13292	512	
FL	-85600	-85600	17	5	0	2	2	7	4	18	2	4169955	6075	4775	148	1925	4244	4632	2536	13292	512	
FL	-85800	-85800	19	7	0	3	1	8	3	20	2	4166555	6075	4775	148	1925	4244	4632	2536	13292	512	
FL	-86000	-86000	18	7	0	3	3	9	2	18	1	4163267	6075	4775	148	1925	4244	4632	2536	13292	512	
FL	-86200	-86200	14	8	0	3	2	9	2	18	1	4159704	6075	4775	148	1925	4244	4632	2536	13292	512	
FL	-86400	-86400	12	7	0	4	2	8	3	15	1	4156113	6075	4775	148	1925	4244	4632	2536	13292	512	
FL	-86600	-86600	9	8	0	3	3	10	4	12	0	4152947	6075	4775	148	1925	4244	4632	2536	13292	512	
FL	-86800	-86800	11	8	0	3	3	10	4	11	0	4149624	6075	4775	148	1925	4244	4632	2536	13292	512	
FL	-87000	-87000	10	10	0	3	1	10	3	10	0	4145598	6075	4775	148	1925	4244	4632	2536	13292	512	
FL	-87200	-87200	10	9	0	3	2	11	3	10	0	4141657	6075	4775	148	1925	4244	4632	2536	13292	512	
FL	-87400	-87400	10	9	0	3	3	11	4	11	1	4138389	6075	4775	148	1925	4244	4632	2536	13292	512	
FL	-87600	-87600	9	8	0	5	3	9	3	10	1	4135986	6075	4775	148	1925	4244	4632	2536	13292	512	
FL	-87800	-87800	8	8	0	5	3	9	4	9	1	4133397	6075	4775	148	1925	4244	4632	2536	13292	512	
FL	-88000	-88000	7	4	0	5	4	8	5	12	1	4131007	6075	4775	148	1925	4244	4632	2536	13292	512	
FL	-88200	-88200	7	5	0	4	4	7	9	17	1	4128349	6075	4775	148	1925	4244	4632	2536	13292	512	
FL	-88400	-88400	7	5	0	4	3	9	8	17	1	4125229	6075	4775	148	1925	4244	4632	2536	13292	512	
FL	-88600	-88600	8	7	0	5	3	9	5	18	0	4121687	6075	4775	148	1925	4244	4632	2536	13292	512	
FL	-88800	-88800	9	6	0	6	3	7	3	19	0	4117588	6075	4775	148	1925	4244	4632	2536	13292	512	
FL	-89000	-89000	14	7	0	4	3	5	4	21	0	4113449	6075	4775	148	1925	4244	4632	2536	13292	512	
FL	-89200	-89200	15	7	0	4	3	4	6	22	1	4109650	6075	4775	148	1925	4244	4632	2536	13292	512	
FL	-89400	-89400	18	6	0	4	2	4	6	23	1	4106121	6075	4775	148	1925	4244	4632	2536	13292	512	
FL	-89600	-89600	16	6	0	3	2	3	6	22	1	4102508	6075	4775	148	1925	4244	4632	2536	13292	512	
FL	-89800	-89800	16	5	0	3	2	3	5	23	0	4099201	6075	4775	148	1925	4244	4632	2536	13292	512	
FL	-90000	-90000	16	4	0	3	2	2	5	23	0	4095876	6075	4775	148	1925	4244	4632	2536	13292	512	
FL	-90200	-90200	17	5	0	3	2	3	5	22	0	4092436	6075	4775	148	1925	4244	4632	2536	13292	512	
FL	-90400	-90400	17	5	0	3	2	4	4	21	0	4089144	6075	4775	148	1925	4244	4632	2536	13292	512	
FL	-90600	-90600	16	3	0	3	1	4	4	23	0	4085986	6075	4775	148	1925	4244	4632	2536	13292	512	
FL	-90800	-90800	16	3	0	3	1	6	3	22	0	4083097	6075	4775	148	1925	4244	4632	2536	13292	512	
FL	-91000	-91000	13	3	0	3	2	6	4	22	0	4080297	6075	4775	148	1925	4244	4632	2536	13292	512	
FL	-91200	-91200	12	3	0	2	2	8	3	23	0	4077424	6075	4775	148	1925	4244	4632	2536	13292	512	
FL	-91400	-91400	14	2	0	2	3	7	3	24	0	4074352	6075	4775	148	1925	4244	4632	2536	13292	512	
FL	-91600	-91600	15	2	0	2	3	6	3	24	0	4071556	6075	4775	148	1925	4244	4632	2536	13292	512	
FL	-91800	-91800	14	2	0	1	3	8	3	24	0	4068591	6075	4775	148	1925	4244	4632	2536	13292	512	
FL	-92000	-92000	16	4	0	1	2	9	4	24	0	4065724	6075	4775	148	1925	4244	4632	2536	13292	512	
FL	-92200	-92200	14	5	0	1	5	9	2	23	0	4062980	6075	4775	148	1925	4244	4632	2536	13292	512	
FL	-92400	-92400	13	5	0	1	5	8	4	22	0	4060170	6075	4775	148	1925	4244	4632	2536	13292	512	
FL	-92600	-92600	15	4	0	1	3	8	4	25	0	4056962	6075	4775	148	1925	4244	4632	2536	13292	512	
FL	-92800	-92800	16	5	0	1	5	8	4	23	1	4053466	6075	4775	148	1925	4244	4632	2536	13292	512	
FL	-93000	-93000	15	5	0	0	5	8	4	20	1	4049482	6075	4775	148	1925	4244	4632	2536	13292	512	
FL	-93200	-93200	16	6	0	0	6	7	3	20	1	4045851	6075	4775	148	1925	4244	4632	2536	13292	512	
FL	-93400	-93400	16	7	0	0	5	4	3	19	1	4042163	6075	4775	148	1925	4244	4632	2536	13292	512	
FL	-93600	-93600	15	6	0	1	5	4	3	14	2	4038031	6075	4775	148	1925	4244	4632	2536	13292	512	
FL	-93800	-93800	15	8	0	1	5	4	4	18	2	4033735	6075	4775	148	1925	4244	4632	2536	13292	512	
FL	-94000	-94000	15	8	0	1	4	5	4	18	1	4029514	6075	4775	148	1925	4244	4632	2536	13292	512	
FL	-94200	-94200	15	7	0	2	5	5	3	16	1	4025753	6075	4775	148	1925	4244	4632	2536	13292	512	
FL	-94400	-94400	14	7	0	2	4	7	7	17	1	4022063	6075	4775	148	1925	4244	4632	2536	13292	512	
FL	-94600	-94600	15	9	0	2	5	6	6	16	1	4018381	6075	4775	148	1925	4244	4632	2536	13292	512	
FL	-94800	-94800	13	8	0	2	5	8	5	13	1	4014848	6075	4775	148	1925	4244	4632	2536	13292	512	
FL	-95000	-95000	10	7	0	1	5	10	6	14	1	4011140	6075	4775	148	1925	4244	4632	2536	13292	512	
FL	-95200	-95200	10	7	0	0	6	10	6	15	1	4007541	6075	4775	148	1925	4244	4632	2536	13292	512	
FL	-95400	-95400	12	9	0	1	7	11	6	17	1	4003608	6075	4775	148	1925	4244	4632	2536	13292	512	
FL	-95600	-95600	10	9	0	0	7	11	4	18	1	3999809	6075	4775	148	1925	4244	4632	2536	13292	512	
FL	-95800	-95800	9	8	0	2	7	9	4	20	1	3996311	6075	4775	148	1925	4244	4632	2536	13292	512	
FL	-96000	-96000	11	10	0	2	5	10	5	21	0	3992974	6075	4775	148	1925	4244	4632	2536	13292	512	
FL	-96200	-96200	11	10	0	1	4	11	5	22	0	3989547	6075	4775	148	1925	4244	4632	2536	13292	512	
FL	-96400	-96400	11	8	0	1	6	12	5	20	0	3986147	6075	4775	148	1925	4244	4632	2536	13292	512	
FL	-96600	-96600	12	6	0	1	6	13	5	21	0	3982905	6075	4775	148	1925	4244	4632	2536	13292	512	
FL	-96800	-96800	11	8	0	2	5	13	8	23	0	3979765	6075	4775	148	1925	4244	4632	2536	13292	512	
FL	-97000	-97000	9	11	0	2	3	14	9	21	0	3976997	6075	4775	148	1925	4244	4632	2536	13292	512	
FL	-97200	-97200	9	10	0	2	3	12	9	21	0	3974031	6075	4775	148	1925	4244	4632	2536	13292	512	
FL	-97400	-97400	8	8	0	2	3	13	9	20	0	3970769	6075	4775	148	1925	4244	4632	2536	13292	512	
FL	-97600	-97600	8	7	0	1	3	11	9	20	0	3967090	6075	4775	148	1925	4244	4632	2536	13292	512	
FL	-97800	-97800	9	8	0	1	2	10	10	22	0	3962742	6075	4775	148	1925	4244	4632	2536	13292	512	
FL	-98000	-98000	9	8	0	1	2	10	11	23	0	3958495	6075	4775	148	1925	4244	4632	2536	13292	512	
FL	-98200	-98200	10	7	0	1	4	10	11	27	0	3954600	6075	4775	148	1925	4244	4632	2536	13292	512	
FL	-98400	-98400	9	8	0	1	3	10	11	22	1	3951101	6075	4775	148	1925	4244	4632	2536	13292	512	
FL	-98600	-98600	7	8	0	1	3	12	12	26	1	3947589	6075	4775	148	1925	4244	4632	2536	13292	512	
FL	-98800	-98800	5	6	1	1	5	13	11	24	1	3943859	6075	4775	148	1925	4244	4632	2536	13292	512	
FL	-99000	-99000	5	5	1	1	5	13	11	23	1	3939807	6075	4775	148	1925	4244	4632	2536	13292	512	
FL	-99200	-99200	4	4	1	1	4	13	11	23	1	3936207	6075	4775	148	1925	4244	4632	2536	13292	512	
FL	-99400	-99400	4	4	1	1	4	13	11	21	1	3932637	6075	4775	148	1925	4244	4632	2536	13292	512	
FL	-99600	-99600	5	4	1	1	5	10	11	26	2	3929482	6075	4775	148	1925	4244	4632	2536	13292	512	
FL	-99800	-99800	5	4	1	2	6	10	11	24	2	3926839	6075	4775	148	1925	4244	4632	2536	13292	512	
FL	-100000	-100000	5	4	1	2	8	8	9	21	2	3924357	6075	4775	148	1925	4244	4632	2536	13292	512	
