DHL	0	0	18	70	5	17	50	77	32	0	53	9170603	1810	2357	1241	2216	9263	7013	7501	5032	
DHL	200	200	19	70	5	17	48	78	26	0	56	9132387	1810	2357	1241	2216	9263	7013	7501	5032	
DHL	400	400	19	66	6	17	50	81	26	0	52	9040750	1810	2357	1241	2216	9263	7013	7501	5032	
DHL	600	600	18	61	5	19	48	76	28	0	47	8943423	1810	2357	1241	2216	9263	7013	7501	5032	
DHL	800	800	17	61	5	20	44	74	27	0	47	8852846	1810	2357	1241	2216	9263	7013	7501	5032	
DHL	1000	1000	13	60	5	20	43	68	27	0	44	8770689	1810	2357	1241	2216	9263	7013	7501	5032	
DHL	1200	1200	13	57	5	20	39	67	27	0	41	8696146	1810	2357	1241	2216	9263	7013	7501	5032	
DHL	1400	1400	11	54	4	20	34	64	27	0	40	8628339	1810	2357	1241	2216	9263	7013	7501	5032	
DHL	1600	1600	11	54	4	18	32	62	27	0	33	8565791	1810	2357	1241	2216	9263	7013	7501	5032	
DHL	1800	1800	11	52	4	18	31	61	28	0	32	8507091	1810	2357	1241	2216	9263	7013	7501	5032	
DHL	2000	2000	12	48	4	18	37	61	28	0	27	8450755	1810	2357	1241	2216	9263	7013	7501	5032	
DHL	2200	2200	10	46	4	18	34	60	24	0	27	8395218	1810	2357	1241	2216	9263	7013	7501	5032	
DHL	2400	2400	9	45	4	19	42	57	25	0	21	8342882	1810	2357	1241	2216	9263	7013	7501	5032	
DHL	2600	2600	8	46	3	19	43	54	26	0	17	8293726	1810	2357	1241	2216	9263	7013	7501	5032	
DHL	2800	2800	8	42	3	19	45	53	26	0	17	8247240	1810	2357	1241	2216	9263	7013	7501	5032	
DHL	3000	3000	8	41	3	19	44	55	27	0	17	8202573	1810	2357	1241	2216	9263	7013	7501	5032	
DHL	3200	3200	4	41	4	19	39	55	30	0	15	8160212	1810	2357	1241	2216	9263	7013	7501	5032	
DHL	3400	3400	5	40	4	16	37	56	30	0	18	8119017	1810	2357	1241	2216	9263	7013	7501	5032	
DHL	3600	3600	5	38	3	17	35	58	29	0	18	8080074	1810	2357	1241	2216	9263	7013	7501	5032	
DHL	3800	3800	6	36	3	16	35	57	27	0	17	8041893	1810	2357	1241	2216	9263	7013	7501	5032	
DHL	4000	4000	5	36	3	12	32	54	24	0	17	8005670	1810	2357	1241	2216	9263	7013	7501	5032	
DHL	4200	4200	6	34	3	8	30	53	26	0	20	7970957	1810	2357	1241	2216	9263	7013	7501	5032	
DHL	4400	4400	7	34	4	9	30	50	24	0	19	7936204	1810	2357	1241	2216	9263	7013	7501	5032	
DHL	4600	4600	8	34	4	7	30	50	21	0	20	7901318	1810	2357	1241	2216	9263	7013	7501	5032	
DHL	4800	4800	8	32	3	5	31	51	23	0	16	7868145	1810	2357	1241	2216	9263	7013	7501	5032	
DHL	5000	5000	6	30	3	5	31	55	21	0	18	7836374	1810	2357	1241	2216	9263	7013	7501	5032	
DHL	5200	5200	6	31	3	5	29	56	19	0	18	7805288	1810	2357	1241	2216	9263	7013	7501	5032	
DHL	5400	5400	7	30	2	5	29	55	18	0	18	7775736	1810	2357	1241	2216	9263	7013	7501	5032	
DHL	5600	5600	8	30	2	6	31	53	17	0	19	7747089	1810	2357	1241	2216	9263	7013	7501	5032	
DHL	5800	5800	8	28	3	6	34	53	17	0	17	7718560	1810	2357	1241	2216	9263	7013	7501	5032	
DHL	6000	6000	9	28	3	6	33	51	16	0	16	7690900	1810	2357	1241	2216	9263	7013	7501	5032	
DHL	6200	6200	9	28	4	5	32	49	20	0	16	7664597	1810	2357	1241	2216	9263	7013	7501	5032	
DHL	6400	6400	9	27	4	5	31	52	20	0	17	7639034	1810	2357	1241	2216	9263	7013	7501	5032	
DHL	6600	6600	8	25	4	4	33	50	23	0	16	7613701	1810	2357	1241	2216	9263	7013	7501	5032	
DHL	6800	6800	8	25	4	2	34	50	25	0	15	7589493	1810	2357	1241	2216	9263	7013	7501	5032	
DHL	7000	7000	8	26	3	3	34	50	26	0	15	7565209	1810	2357	1241	2216	9263	7013	7501	5032	
DHL	7200	7200	5	26	3	3	34	48	26	0	16	7540213	1810	2357	1241	2216	9263	7013	7501	5032	
DHL	7400	7400	5	26	3	4	34	49	24	0	16	7516058	1810	2357	1241	2216	9263	7013	7501	5032	
DHL	7600	7600	6	28	2	4	36	49	22	0	17	7492971	1810	2357	1241	2216	9263	7013	7501	5032	
DHL	7800	7800	6	28	1	4	36	47	24	0	18	7470491	1810	2357	1241	2216	9263	7013	7501	5032	
DHL	8000	8000	6	29	2	6	33	47	24	0	15	7448671	1810	2357	1241	2216	9263	7013	7501	5032	
DHL	8200	8200	4	32	2	6	32	45	20	0	13	7427087	1810	2357	1241	2216	9263	7013	7501	5032	
DHL	8400	8400	4	31	2	7	28	45	19	0	10	7406713	1810	2357	1241	2216	9263	7013	7501	5032	
DHL	8600	8600	5	31	3	10	29	43	19	0	10	7387120	1810	2357	1241	2216	9263	7013	7501	5032	
DHL	8800	8800	5	30	4	9	28	43	21	0	14	7368284	1810	2357	1241	2216	9263	7013	7501	5032	
DHL	9000	9000	4	29	4	11	29	46	26	0	12	7349710	1810	2357	1241	2216	9263	7013	7501	5032	
DHL	9200	9200	4	29	4	11	27	49	28	0	10	7332239	1810	2357	1241	2216	9263	7013	7501	5032	
DHL	9400	9400	4	29	3	10	20	49	27	0	9	7314470	1810	2357	1241	2216	9263	7013	7501	5032	
DHL	9600	9600	4	29	3	8	17	45	23	0	8	7297052	1810	2357	1241	2216	9263	7013	7501	5032	
DHL	9800	9800	3	28	3	9	18	41	21	0	7	7279462	1810	2357	1241	2216	9263	7013	7501	5032	
DHL	10000	10000	2	22	4	8	19	39	22	0	6	7262810	1810	2357	1241	2216	9263	7013	7501	5032	
DHL	10200	10200	3	18	3	8	19	38	23	0	8	7246120	1810	2357	1241	2216	9263	7013	7501	5032	
DHL	10400	10400	6	13	3	10	20	33	23	0	8	7229257	1810	2357	1241	2216	9263	7013	7501	5032	
DHL	10600	10600	5	10	4	10	20	28	19	0	8	7211534	1810	2357	1241	2216	9263	7013	7501	5032	
DHL	10800	10800	5	9	4	9	21	24	19	0	6	7193383	1810	2357	1241	2216	9263	7013	7501	5032	
DHL	11000	11000	6	7	3	8	19	20	19	0	5	7175065	1810	2357	1241	2216	9263	7013	7501	5032	
DHL	11200	11200	6	9	2	9	17	20	22	0	5	7156352	1810	2357	1241	2216	9263	7013	7501	5032	
DHL	11400	11400	5	9	2	9	17	19	23	0	5	7137492	1810	2357	1241	2216	9263	7013	7501	5032	
DHL	11600	11600	6	8	3	9	15	20	21	0	6	7118805	1810	2357	1241	2216	9263	7013	7501	5032	
DHL	11800	11800	5	6	3	10	12	18	20	0	6	7100670	1810	2357	1241	2216	9263	7013	7501	5032	
DHL	12000	12000	2	6	2	10	10	16	19	0	5	7083322	1810	2357	1241	2216	9263	7013	7501	5032	
DHL	12200	12200	2	5	2	8	12	17	19	0	6	7067124	1810	2357	1241	2216	9263	7013	7501	5032	
DHL	12400	12400	2	8	2	8	13	17	19	0	9	7050870	1810	2357	1241	2216	9263	7013	7501	5032	
DHL	12600	12600	2	7	2	7	13	16	15	0	9	7033593	1810	2357	1241	2216	9263	7013	7501	5032	
DHL	12800	12800	2	7	2	8	10	15	15	0	9	7015918	1810	2357	1241	2216	9263	7013	7501	5032	
DHL	13000	13000	2	6	2	10	10	12	15	0	9	6998377	1810	2357	1241	2216	9263	7013	7501	5032	
DHL	13200	13200	2	6	2	9	11	12	17	0	9	6981393	1810	2357	1241	2216	9263	7013	7501	5032	
DHL	13400	13400	2	5	1	6	10	14	17	0	10	6965159	1810	2357	1241	2216	9263	7013	7501	5032	
DHL	13600	13600	2	6	1	5	10	15	14	0	8	6948248	1810	2357	1241	2216	9263	7013	7501	5032	
DHL	13800	13800	4	6	1	5	11	17	15	0	10	6931187	1810	2357	1241	2216	9263	7013	7501	5032	
DHL	14000	14000	4	5	1	6	10	13	18	0	10	6914062	1810	2357	1241	2216	9263	7013	7501	5032	
DHL	14200	14200	3	5	1	5	11	11	16	0	8	6896551	1810	2357	1241	2216	9263	7013	7501	5032	
DHL	14400	14400	3	2	0	5	9	9	17	0	8	6879459	1810	2357	1241	2216	9263	7013	7501	5032	
DHL	14600	14600	3	2	0	4	11	10	19	0	10	6862052	1810	2357	1241	2216	9263	7013	7501	5032	
DHL	14800	14800	3	2	0	3	12	7	16	0	10	6845644	1810	2357	1241	2216	9263	7013	7501	5032	
DHL	15000	15000	3	2	0	4	13	10	17	0	8	6829811	1810	2357	1241	2216	9263	7013	7501	5032	
DHL	15200	15200	1	2	0	4	14	11	18	0	8	6815116	1810	2357	1241	2216	9263	7013	7501	5032	
DHL	15400	15400	1	2	1	6	14	14	17	0	10	6801364	1810	2357	1241	2216	9263	7013	7501	5032	
DHL	15600	15600	0	3	1	5	12	17	14	0	10	6787766	1810	2357	1241	2216	9263	7013	7501	5032	
DHL	15800	15800	0	3	1	4	14	20	16	0	9	6774617	1810	2357	1241	2216	9263	7013	7501	5032	
DHL	16000	16000	1	4	1	4	15	25	16	0	9	6761108	1810	2357	1241	2216	9263	7013	7501	5032	
DHL	16200	16200	1	4	1	3	16	23	15	0	8	6747924	1810	2357	1241	2216	9263	7013	7501	5032	
DHL	16400	16400	1	4	1	3	17	22	13	0	8	6734641	1810	2357	1241	2216	9263	7013	7501	5032	
DHL	16600	16600	1	4	2	4	20	24	12	0	7	6721060	1810	2357	1241	2216	9263	7013	7501	5032	
DHL	16800	16800	1	4	3	4	13	24	17	0	6	6707158	1810	2357	1241	2216	9263	7013	7501	5032	
DHL	17000	17000	1	3	4	4	16	25	17	0	7	6692960	1810	2357	1241	2216	9263	7013	7501	5032	
DHL	17200	17200	1	4	3	4	14	26	16	0	9	6679178	1810	2357	1241	2216	9263	7013	7501	5032	
DHL	17400	17400	2	3	2	4	12	24	16	0	11	6664735	1810	2357	1241	2216	9263	7013	7501	5032	
DHL	17600	17600	2	3	1	4	13	23	14	0	11	6650422	1810	2357	1241	2216	9263	7013	7501	5032	
DHL	17800	17800	2	4	0	5	13	23	12	0	11	6637450	1810	2357	1241	2216	9263	7013	7501	5032	
DHL	18000	18000	2	4	0	5	15	25	12	0	16	6624634	1810	2357	1241	2216	9263	7013	7501	5032	
DHL	18200	18200	1	5	1	6	15	23	14	0	15	6611109	1810	2357	1241	2216	9263	7013	7501	5032	
DHL	18400	18400	2	5	1	6	15	18	13	0	16	6598129	1810	2357	1241	2216	9263	7013	7501	5032	
DHL	18600	18600	2	5	2	6	17	18	13	0	17	6584599	1810	2357	1241	2216	9263	7013	7501	5032	
DHL	18800	18800	1	6	1	6	18	15	15	0	17	6571155	1810	2357	1241	2216	9263	7013	7501	5032	
DHL	19000	19000	1	2	1	6	17	14	13	0	14	6557401	1810	2357	1241	2216	9263	7013	7501	5032	
DHL	19200	19200	2	3	1	6	17	17	13	0	16	6543937	1810	2357	1241	2216	9263	7013	7501	5032	
DHL	19400	19400	2	3	1	6	22	17	13	0	14	6529906	1810	2357	1241	2216	9263	7013	7501	5032	
DHL	19600	19600	2	5	2	5	23	17	14	0	14	6515408	1810	2357	1241	2216	9263	7013	7501	5032	
DHL	19800	19800	2	6	2	5	22	16	12	0	16	6501417	1810	2357	1241	2216	9263	7013	7501	5032	
DHL	20000	20000	2	7	1	5	21	13	15	0	16	6487605	1810	2357	1241	2216	9263	7013	7501	5032	
DHL	20200	20200	4	7	0	5	18	14	16	0	17	6473531	1810	2357	1241	2216	9263	7013	7501	5032	
DHL	20400	20400	4	7	1	5	24	12	15	0	17	6460145	1810	2357	1241	2216	9263	7013	7501	5032	
DHL	20600	20600	4	9	1	2	26	13	16	0	16	6445357	1810	2357	1241	2216	9263	7013	7501	5032	
DHL	20800	20800	4	8	2	1	23	13	12	0	15	6430265	1810	2357	1241	2216	9263	7013	7501	5032	
DHL	21000	21000	3	9	2	2	24	13	13	0	15	6415808	1810	2357	1241	2216	9263	7013	7501	5032	
DHL	21200	21200	3	9	2	3	25	11	16	0	14	6401886	1810	2357	1241	2216	9263	7013	7501	5032	
DHL	21400	21400	4	9	2	3	18	11	16	0	11	6388012	1810	2357	1241	2216	9263	7013	7501	5032	
DHL	21600	21600	4	9	2	4	17	12	18	0	11	6374649	1810	2357	1241	2216	9263	7013	7501	5032	
DHL	21800	21800	5	9	2	4	14	12	16	0	9	6361535	1810	2357	1241	2216	9263	7013	7501	5032	
DHL	22000	22000	4	8	3	4	14	13	18	0	7	6348187	1810	2357	1241	2216	9263	7013	7501	5032	
DHL	22200	22200	4	8	3	5	15	15	14	0	6	6335189	1810	2357	1241	2216	9263	7013	7501	5032	
DHL	22400	22400	5	6	3	6	16	17	13	0	7	6322320	1810	2357	1241	2216	9263	7013	7501	5032	
DHL	22600	22600	5	6	3	6	14	15	12	0	8	6309559	1810	2357	1241	2216	9263	7013	7501	5032	
DHL	22800	22800	4	8	3	3	11	15	11	0	7	6297537	1810	2357	1241	2216	9263	7013	7501	5032	
DHL	23000	23000	4	9	4	2	15	13	11	0	8	6285168	1810	2357	1241	2216	9263	7013	7501	5032	
DHL	23200	23200	5	9	4	2	15	16	10	0	9	6271880	1810	2357	1241	2216	9263	7013	7501	5032	
DHL	23400	23400	4	9	4	3	17	16	10	0	12	6259005	1810	2357	1241	2216	9263	7013	7501	5032	
DHL	23600	23600	4	9	2	3	15	14	10	0	13	6246679	1810	2357	1241	2216	9263	7013	7501	5032	
DHL	23800	23800	4	8	2	3	18	11	9	0	10	6233715	1810	2357	1241	2216	9263	7013	7501	5032	
DHL	24000	24000	5	6	2	3	18	12	8	0	11	6219395	1810	2357	1241	2216	9263	7013	7501	5032	
DHL	24200	24200	5	6	2	4	19	14	9	0	11	6205027	1810	2357	1241	2216	9263	7013	7501	5032	
DHL	24400	24400	5	6	1	5	19	14	7	0	8	6190628	1810	2357	1241	2216	9263	7013	7501	5032	
DHL	24600	24600	4	1	1	6	19	11	7	0	9	6175501	1810	2357	1241	2216	9263	7013	7501	5032	
DHL	24800	24800	5	1	1	6	17	10	7	0	11	6160256	1810	2357	1241	2216	9263	7013	7501	5032	
DHL	25000	25000	6	2	1	4	13	8	7	0	13	6145428	1810	2357	1241	2216	9263	7013	7501	5032	
DHL	25200	25200	5	1	1	3	10	8	10	0	10	6130243	1810	2357	1241	2216	9263	7013	7501	5032	
DHL	25400	25400	5	1	0	1	14	8	9	0	11	6113825	1810	2357	1241	2216	9263	7013	7501	5032	
DHL	25600	25600	3	1	0	1	15	10	9	0	12	6098639	1810	2357	1241	2216	9263	7013	7501	5032	
DHL	25800	25800	2	1	0	0	18	13	8	0	9	6083913	1810	2357	1241	2216	9263	7013	7501	5032	
DHL	26000	26000	2	1	0	1	18	14	9	0	7	6071023	1810	2357	1241	2216	9263	7013	7501	5032	
DHL	26200	26200	3	3	0	3	19	16	12	0	7	6058740	1810	2357	1241	2216	9263	7013	7501	5032	
DHL	26400	26400	3	2	0	2	15	14	14	0	7	6046667	1810	2357	1241	2216	9263	7013	7501	5032	
DHL	26600	26600	3	2	0	2	15	13	15	0	9	6034667	1810	2357	1241	2216	9263	7013	7501	5032	
DHL	26800	26800	2	3	0	3	15	12	17	0	10	6022905	1810	2357	1241	2216	9263	7013	7501	5032	
DHL	27000	27000	1	3	0	3	14	13	17	0	9	6011513	1810	2357	1241	2216	9263	7013	7501	5032	
DHL	27200	27200	0	2	0	3	13	14	20	0	7	5999451	1810	2357	1241	2216	9263	7013	7501	5032	
DHL	27400	27400	2	2	0	3	15	14	17	0	6	5987005	1810	2357	1241	2216	9263	7013	7501	5032	
DHL	27600	27600	2	2	0	4	17	15	15	0	6	5974619	1810	2357	1241	2216	9263	7013	7501	5032	
DHL	27800	27800	2	2	1	4	14	15	15	0	5	5963058	1810	2357	1241	2216	9263	7013	7501	5032	
DHL	28000	28000	2	2	1	5	15	15	12	0	7	5951353	1810	2357	1241	2216	9263	7013	7501	5032	
DHL	28200	28200	1	2	1	4	17	17	10	0	9	5940064	1810	2357	1241	2216	9263	7013	7501	5032	
DHL	28400	28400	0	2	0	4	13	16	11	0	10	5929278	1810	2357	1241	2216	9263	7013	7501	5032	
DHL	28600	28600	0	2	0	5	14	19	14	0	8	5918480	1810	2357	1241	2216	9263	7013	7501	5032	
DHL	28800	28800	0	2	0	6	12	15	14	0	10	5906945	1810	2357	1241	2216	9263	7013	7501	5032	
DHL	29000	29000	0	2	0	6	14	12	14	0	12	5895432	1810	2357	1241	2216	9263	7013	7501	5032	
DHL	29200	29200	0	2	0	7	13	12	15	0	11	5883614	1810	2357	1241	2216	9263	7013	7501	5032	
DHL	29400	29400	0	2	0	5	11	12	16	0	11	5871760	1810	2357	1241	2216	9263	7013	7501	5032	
DHL	29600	29600	0	3	1	5	12	11	16	0	11	5858930	1810	2357	1241	2216	9263	7013	7501	5032	
DHL	29800	29800	0	2	1	5	11	10	16	0	9	5845966	1810	2357	1241	2216	9263	7013	7501	5032	
DHL	30000	30000	1	2	1	6	11	9	17	0	10	5832666	1810	2357	1241	2216	9263	7013	7501	5032	
DHL	30200	30200	1	1	1	7	12	9	17	0	10	5819178	1810	2357	1241	2216	9263	7013	7501	5032	
DHL	30400	30400	1	1	1	5	11	11	19	0	8	5805918	1810	2357	1241	2216	9263	7013	7501	5032	
DHL	30600	30600	3	2	1	5	11	13	18	0	8	5793243	1810	2357	1241	2216	9263	7013	7501	5032	
DHL	30800	30800	3	2	1	5	12	13	19	0	8	5780924	1810	2357	1241	2216	9263	7013	7501	5032	
DHL	31000	31000	4	2	0	4	13	13	18	0	7	5770052	1810	2357	1241	2216	9263	7013	7501	5032	
DHL	31200	31200	3	2	0	5	11	10	19	0	7	5759721	1810	2357	1241	2216	9263	7013	7501	5032	
DHL	31400	31400	3	2	0	5	11	11	21	0	8	5750189	1810	2357	1241	2216	9263	7013	7501	5032	
DHL	31600	31600	4	2	1	5	12	10	18	0	10	5740691	1810	2357	1241	2216	9263	7013	7501	5032	
DHL	31800	31800	4	2	1	4	13	8	18	0	12	5731391	1810	2357	1241	2216	9263	7013	7501	5032	
DHL	32000	32000	5	2	2	4	11	10	19	0	11	5722078	1810	2357	1241	2216	9263	7013	7501	5032	
DHL	32200	32200	6	2	2	5	10	10	16	0	12	5713766	1810	2357	1241	2216	9263	7013	7501	5032	
DHL	32400	32400	6	5	2	4	9	9	17	0	11	5705441	1810	2357	1241	2216	9263	7013	7501	5032	
DHL	32600	32600	6	5	3	4	11	9	16	0	10	5696857	1810	2357	1241	2216	9263	7013	7501	5032	
DHL	32800	32800	5	6	2	5	11	8	16	0	9	5688123	1810	2357	1241	2216	9263	7013	7501	5032	
DHL	33000	33000	5	6	2	3	12	8	18	0	11	5679864	1810	2357	1241	2216	9263	7013	7501	5032	
DHL	33200	33200	5	4	2	3	10	10	20	0	8	5671753	1810	2357	1241	2216	9263	7013	7501	5032	
DHL	33400	33400	4	4	3	4	11	11	20	0	8	5663948	1810	2357	1241	2216	9263	7013	7501	5032	
DHL	33600	33600	4	2	3	3	12	12	22	0	7	5656049	1810	2357	1241	2216	9263	7013	7501	5032	
DHL	33800	33800	2	2	4	4	12	13	21	0	7	5647785	1810	2357	1241	2216	9263	7013	7501	5032	
DHL	34000	34000	3	1	4	4	9	14	25	0	9	5639981	1810	2357	1241	2216	9263	7013	7501	5032	
DHL	34200	34200	3	3	4	3	11	14	21	0	8	5631914	1810	2357	1241	2216	9263	7013	7501	5032	
DHL	34400	34400	3	3	3	3	12	11	20	0	10	5623626	1810	2357	1241	2216	9263	7013	7501	5032	
DHL	34600	34600	2	5	3	4	11	12	19	0	12	5615602	1810	2357	1241	2216	9263	7013	7501	5032	
DHL	34800	34800	3	5	3	3	8	12	15	0	10	5607334	1810	2357	1241	2216	9263	7013	7501	5032	
DHL	35000	35000	2	5	3	2	9	12	14	0	11	5598865	1810	2357	1241	2216	9263	7013	7501	5032	
DHL	35200	35200	3	5	2	3	10	12	13	0	11	5591018	1810	2357	1241	2216	9263	7013	7501	5032	
DHL	35400	35400	3	5	2	3	8	13	14	0	9	5582625	1810	2357	1241	2216	9263	7013	7501	5032	
DHL	35600	35600	3	5	3	3	9	13	14	0	7	5574913	1810	2357	1241	2216	9263	7013	7501	5032	
DHL	35800	35800	3	5	3	2	11	13	13	0	9	5566362	1810	2357	1241	2216	9263	7013	7501	5032	
DHL	36000	36000	1	4	4	2	12	14	15	0	10	5557420	1810	2357	1241	2216	9263	7013	7501	5032	
DHL	36200	36200	1	5	5	2	12	11	14	0	9	5548552	1810	2357	1241	2216	9263	7013	7501	5032	
DHL	36400	36400	2	4	4	2	13	12	15	0	10	5539743	1810	2357	1241	2216	9263	7013	7501	5032	
DHL	36600	36600	3	5	4	2	13	12	15	0	7	5531500	1810	2357	1241	2216	9263	7013	7501	5032	
DHL	36800	36800	4	4	2	2	16	11	14	0	7	5522775	1810	2357	1241	2216	9263	7013	7501	5032	
DHL	37000	37000	4	4	2	4	18	11	15	0	7	5513777	1810	2357	1241	2216	9263	7013	7501	5032	
DHL	37200	37200	4	4	2	3	18	11	18	0	6	5504835	1810	2357	1241	2216	9263	7013	7501	5032	
DHL	37400	37400	3	4	3	3	21	13	18	0	4	5495950	1810	2357	1241	2216	9263	7013	7501	5032	
DHL	37600	37600	3	5	5	3	19	13	18	0	7	5487103	1810	2357	1241	2216	9263	7013	7501	5032	
DHL	37800	37800	2	5	5	3	18	11	24	0	6	5478808	1810	2357	1241	2216	9263	7013	7501	5032	
DHL	38000	38000	2	5	4	3	17	11	20	0	6	5471150	1810	2357	1241	2216	9263	7013	7501	5032	
DHL	38200	38200	1	5	3	4	17	9	19	0	5	5464140	1810	2357	1241	2216	9263	7013	7501	5032	
DHL	38400	38400	2	3	3	4	22	10	21	0	6	5456870	1810	2357	1241	2216	9263	7013	7501	5032	
DHL	38600	38600	3	2	3	4	23	8	20	0	6	5449872	1810	2357	1241	2216	9263	7013	7501	5032	
DHL	38800	38800	3	2	3	4	21	10	19	0	4	5442808	1810	2357	1241	2216	9263	7013	7501	5032	
DHL	39000	39000	3	2	3	4	21	13	19	0	4	5435689	1810	2357	1241	2216	9263	7013	7501	5032	
DHL	39200	39200	2	3	2	4	21	12	20	0	5	5428973	1810	2357	1241	2216	9263	7013	7501	5032	
DHL	39400	39400	3	3	1	4	20	13	22	0	5	5422783	1810	2357	1241	2216	9263	7013	7501	5032	
DHL	39600	39600	3	3	1	3	18	13	25	0	4	5415395	1810	2357	1241	2216	9263	7013	7501	5032	
DHL	39800	39800	3	3	3	3	19	13	23	0	3	5407764	1810	2357	1241	2216	9263	7013	7501	5032	
DHL	40000	40000	3	3	2	3	15	16	26	0	3	5400244	1810	2357	1241	2216	9263	7013	7501	5032	
DHL	40200	40200	3	3	1	3	13	18	27	0	3	5392827	1810	2357	1241	2216	9263	7013	7501	5032	
DHL	40400	40400	4	3	1	1	13	18	29	0	3	5385518	1810	2357	1241	2216	9263	7013	7501	5032	
DHL	40600	40600	4	3	1	1	15	17	25	0	3	5378527	1810	2357	1241	2216	9263	7013	7501	5032	
DHL	40800	40800	4	3	1	1	14	17	25	0	3	5371356	1810	2357	1241	2216	9263	7013	7501	5032	
DHL	41000	41000	3	4	1	1	17	12	25	0	5	5363916	1810	2357	1241	2216	9263	7013	7501	5032	
DHL	41200	41200	4	3	1	1	18	9	23	0	4	5356498	1810	2357	1241	2216	9263	7013	7501	5032	
DHL	41400	41400	4	3	1	1	15	6	26	0	4	5349015	1810	2357	1241	2216	9263	7013	7501	5032	
DHL	41600	41600	3	2	1	1	18	5	27	0	5	5342221	1810	2357	1241	2216	9263	7013	7501	5032	
DHL	41800	41800	4	1	1	2	20	4	24	0	6	5335154	1810	2357	1241	2216	9263	7013	7501	5032	
DHL	42000	42000	4	0	1	2	19	5	24	0	7	5327411	1810	2357	1241	2216	9263	7013	7501	5032	
DHL	42200	42200	4	0	1	2	15	6	24	0	8	5319369	1810	2357	1241	2216	9263	7013	7501	5032	
DHL	42400	42400	5	0	1	2	14	8	23	0	7	5311377	1810	2357	1241	2216	9263	7013	7501	5032	
DHL	42600	42600	6	0	2	2	16	9	23	0	8	5302621	1810	2357	1241	2216	9263	7013	7501	5032	
DHL	42800	42800	6	0	2	2	17	9	23	0	9	5294255	1810	2357	1241	2216	9263	7013	7501	5032	
DHL	43000	43000	6	0	2	2	15	9	25	0	7	5286100	1810	2357	1241	2216	9263	7013	7501	5032	
DHL	43200	43200	5	1	2	3	18	12	24	0	7	5276649	1810	2357	1241	2216	9263	7013	7501	5032	
DHL	43400	43400	6	1	1	3	18	14	24	0	7	5266997	1810	2357	1241	2216	9263	7013	7501	5032	
DHL	43600	43600	3	0	1	3	18	15	22	0	6	5257849	1810	2357	1241	2216	9263	7013	7501	5032	
DHL	43800	43800	4	1	1	3	17	14	18	0	6	5248648	1810	2357	1241	2216	9263	7013	7501	5032	
DHL	44000	44000	4	1	1	2	16	12	17	0	6	5239776	1810	2357	1241	2216	9263	7013	7501	5032	
DHL	44200	44200	3	1	1	3	13	12	14	0	6	5230926	1810	2357	1241	2216	9263	7013	7501	5032	
DHL	44400	44400	3	1	3	4	15	13	12	0	5	5221579	1810	2357	1241	2216	9263	7013	7501	5032	
DHL	44600	44600	3	3	2	4	16	12	10	0	4	5212712	1810	2357	1241	2216	9263	7013	7501	5032	
DHL	44800	44800	3	2	0	4	14	8	10	0	4	5203815	1810	2357	1241	2216	9263	7013	7501	5032	
DHL	45000	45000	3	2	0	4	11	10	12	0	2	5194671	1810	2357	1241	2216	9263	7013	7501	5032	
DHL	45200	45200	3	1	0	5	13	11	12	0	6	5185387	1810	2357	1241	2216	9263	7013	7501	5032	
DHL	45400	45400	3	1	1	5	13	10	9	0	6	5176069	1810	2357	1241	2216	9263	7013	7501	5032	
DHL	45600	45600	3	1	1	5	15	10	10	0	6	5167140	1810	2357	1241	2216	9263	7013	7501	5032	
DHL	45800	45800	2	1	1	6	15	10	9	0	8	5158510	1810	2357	1241	2216	9263	7013	7501	5032	
DHL	46000	46000	2	1	1	6	12	11	9	0	10	5150053	1810	2357	1241	2216	9263	7013	7501	5032	
DHL	46200	46200	2	1	1	5	15	14	7	0	7	5141561	1810	2357	1241	2216	9263	7013	7501	5032	
DHL	46400	46400	2	1	1	5	15	12	5	0	6	5133236	1810	2357	1241	2216	9263	7013	7501	5032	
DHL	46600	46600	2	2	1	5	14	11	8	0	7	5125304	1810	2357	1241	2216	9263	7013	7501	5032	
DHL	46800	46800	2	3	2	5	13	13	10	0	9	5116600	1810	2357	1241	2216	9263	7013	7501	5032	
DHL	47000	47000	2	3	2	5	12	8	10	0	8	5108149	1810	2357	1241	2216	9263	7013	7501	5032	
DHL	47200	47200	1	3	2	6	14	14	12	0	7	5099766	1810	2357	1241	2216	9263	7013	7501	5032	
DHL	47400	47400	1	5	2	6	15	13	10	0	8	5092644	1810	2357	1241	2216	9263	7013	7501	5032	
DHL	47600	47600	1	4	2	6	17	12	10	0	9	5086471	1810	2357	1241	2216	9263	7013	7501	5032	
DHL	47800	47800	2	4	3	4	17	13	11	0	9	5079816	1810	2357	1241	2216	9263	7013	7501	5032	
DHL	48000	48000	2	4	3	4	17	13	12	0	8	5073095	1810	2357	1241	2216	9263	7013	7501	5032	
DHL	48200	48200	2	5	3	4	17	12	11	0	8	5066489	1810	2357	1241	2216	9263	7013	7501	5032	
DHL	48400	48400	2	5	3	3	16	13	11	0	9	5060113	1810	2357	1241	2216	9263	7013	7501	5032	
DHL	48600	48600	1	5	3	2	17	11	11	0	10	5054004	1810	2357	1241	2216	9263	7013	7501	5032	
DHL	48800	48800	0	5	3	2	17	9	8	0	11	5048077	1810	2357	1241	2216	9263	7013	7501	5032	
DHL	49000	49000	0	5	3	1	18	9	11	0	8	5042024	1810	2357	1241	2216	9263	7013	7501	5032	
DHL	49200	49200	0	4	3	1	15	7	13	0	8	5036678	1810	2357	1241	2216	9263	7013	7501	5032	
DHL	49400	49400	0	4	2	1	17	7	13	0	6	5031471	1810	2357	1241	2216	9263	7013	7501	5032	
DHL	49600	49600	0	4	2	0	14	5	11	0	3	5026508	1810	2357	1241	2216	9263	7013	7501	5032	
DHL	49800	49800	0	3	2	0	11	5	9	0	3	5021550	1810	2357	1241	2216	9263	7013	7501	5032	
DHL	50000	50000	0	3	2	0	9	6	10	0	6	5016137	1810	2357	1241	2216	9263	7013	7501	5032	
DHL	50200	50200	0	3	1	0	12	6	14	0	9	5010698	1810	2357	1241	2216	9263	7013	7501	5032	
DHL	50400	50400	0	2	2	0	13	5	14	0	8	5005357	1810	2357	1241	2216	9263	7013	7501	5032	
DHL	50600	50600	0	2	2	0	12	5	14	0	8	4999604	1810	2357	1241	2216	9263	7013	7501	5032	
DHL	50800	50800	0	2	1	0	16	4	14	0	7	4993684	1810	2357	1241	2216	9263	7013	7501	5032	
DHL	51000	51000	0	1	2	1	16	3	18	0	6	4987901	1810	2357	1241	2216	9263	7013	7501	5032	
DHL	51200	51200	1	1	2	0	17	4	18	0	7	4982687	1810	2357	1241	2216	9263	7013	7501	5032	
DHL	51400	51400	2	1	3	2	16	3	16	0	7	4977635	1810	2357	1241	2216	9263	7013	7501	5032	
DHL	51600	51600	3	3	4	3	16	1	16	0	7	4971884	1810	2357	1241	2216	9263	7013	7501	5032	
DHL	51800	51800	3	2	4	3	15	2	15	0	9	4966460	1810	2357	1241	2216	9263	7013	7501	5032	
DHL	52000	52000	4	2	3	2	14	2	15	0	7	4961152	1810	2357	1241	2216	9263	7013	7501	5032	
DHL	52200	52200	4	3	2	3	16	4	12	0	6	4956298	1810	2357	1241	2216	9263	7013	7501	5032	
DHL	52400	52400	4	4	2	3	17	4	11	0	9	4951613	1810	2357	1241	2216	9263	7013	7501	5032	
DHL	52600	52600	4	4	2	4	20	5	11	0	9	4947286	1810	2357	1241	2216	9263	7013	7501	5032	
DHL	52800	52800	4	4	2	3	20	6	11	0	9	4942547	1810	2357	1241	2216	9263	7013	7501	5032	
DHL	53000	53000	4	5	2	3	18	8	11	0	8	4937803	1810	2357	1241	2216	9263	7013	7501	5032	
DHL	53200	53200	4	4	2	4	20	9	11	0	8	4933479	1810	2357	1241	2216	9263	7013	7501	5032	
DHL	53400	53400	4	4	2	3	22	10	10	0	6	4929404	1810	2357	1241	2216	9263	7013	7501	5032	
DHL	53600	53600	4	4	2	3	21	12	12	0	6	4925062	1810	2357	1241	2216	9263	7013	7501	5032	
DHL	53800	53800	3	4	2	4	24	16	11	0	7	4920327	1810	2357	1241	2216	9263	7013	7501	5032	
DHL	54000	54000	3	4	2	4	20	11	12	0	8	4915333	1810	2357	1241	2216	9263	7013	7501	5032	
DHL	54200	54200	4	2	2	5	14	12	10	0	7	4910123	1810	2357	1241	2216	9263	7013	7501	5032	
DHL	54400	54400	3	2	2	5	13	12	11	0	7	4905265	1810	2357	1241	2216	9263	7013	7501	5032	
DHL	54600	54600	3	4	2	6	15	13	11	0	7	4900544	1810	2357	1241	2216	9263	7013	7501	5032	
DHL	54800	54800	3	3	1	6	15	9	13	0	6	4895937	1810	2357	1241	2216	9263	7013	7501	5032	
DHL	55000	55000	3	3	1	5	14	9	14	0	6	4891096	1810	2357	1241	2216	9263	7013	7501	5032	
DHL	55200	55200	2	3	2	6	13	8	14	0	7	4885970	1810	2357	1241	2216	9263	7013	7501	5032	
DHL	55400	55400	2	2	4	7	14	8	11	0	10	4880970	1810	2357	1241	2216	9263	7013	7501	5032	
DHL	55600	55600	2	2	4	6	14	6	12	0	10	4876049	1810	2357	1241	2216	9263	7013	7501	5032	
DHL	55800	55800	3	4	4	6	11	6	10	0	10	4870801	1810	2357	1241	2216	9263	7013	7501	5032	
DHL	56000	56000	3	5	5	6	10	7	11	0	11	4865212	1810	2357	1241	2216	9263	7013	7501	5032	
DHL	56200	56200	3	4	5	5	9	8	12	0	12	4859018	1810	2357	1241	2216	9263	7013	7501	5032	
DHL	56400	56400	3	3	4	4	6	8	10	0	12	4852992	1810	2357	1241	2216	9263	7013	7501	5032	
DHL	56600	56600	3	2	4	5	6	8	7	0	13	4846995	1810	2357	1241	2216	9263	7013	7501	5032	
DHL	56800	56800	3	2	2	5	5	9	7	0	13	4840710	1810	2357	1241	2216	9263	7013	7501	5032	
DHL	57000	57000	4	1	3	6	6	8	8	0	12	4834309	1810	2357	1241	2216	9263	7013	7501	5032	
DHL	57200	57200	6	1	2	6	9	9	8	0	12	4827463	1810	2357	1241	2216	9263	7013	7501	5032	
DHL	57400	57400	6	1	0	6	11	9	9	0	14	4821211	1810	2357	1241	2216	9263	7013	7501	5032	
DHL	57600	57600	6	1	0	6	11	9	8	0	14	4815256	1810	2357	1241	2216	9263	7013	7501	5032	
DHL	57800	57800	6	1	0	7	9	9	10	0	11	4808593	1810	2357	1241	2216	9263	7013	7501	5032	
DHL	58000	58000	6	1	0	7	10	10	10	0	13	4801053	1810	2357	1241	2216	9263	7013	7501	5032	
DHL	58200	58200	5	1	0	6	10	10	10	0	12	4793276	1810	2357	1241	2216	9263	7013	7501	5032	
DHL	58400	58400	5	1	0	6	11	10	10	0	8	4784887	1810	2357	1241	2216	9263	7013	7501	5032	
DHL	58600	58600	5	1	0	6	12	11	10	0	9	4776751	1810	2357	1241	2216	9263	7013	7501	5032	
DHL	58800	58800	6	2	1	4	15	12	12	0	11	4768103	1810	2357	1241	2216	9263	7013	7501	5032	
DHL	59000	59000	6	1	2	4	15	14	12	0	12	4758986	1810	2357	1241	2216	9263	7013	7501	5032	
DHL	59200	59200	5	1	3	3	15	16	11	0	13	4750071	1810	2357	1241	2216	9263	7013	7501	5032	
DHL	59400	59400	4	0	5	4	14	12	11	0	14	4741197	1810	2357	1241	2216	9263	7013	7501	5032	
DHL	59600	59600	4	0	5	6	14	12	11	0	15	4733063	1810	2357	1241	2216	9263	7013	7501	5032	
DHL	59800	59800	3	2	3	9	13	13	9	0	13	4725118	1810	2357	1241	2216	9263	7013	7501	5032	
DHL	60000	60000	3	2	3	11	13	11	7	0	13	4716668	1810	2357	1241	2216	9263	7013	7501	5032	
DHL	60200	60200	3	1	3	12	17	13	7	0	12	4708172	1810	2357	1241	2216	9263	7013	7501	5032	
DHL	60400	60400	3	1	4	11	22	15	7	0	9	4699916	1810	2357	1241	2216	9263	7013	7501	5032	
DHL	60600	60600	3	2	3	10	19	14	7	0	7	4692873	1810	2357	1241	2216	9263	7013	7501	5032	
DHL	60800	60800	2	2	2	9	17	15	7	0	7	4685894	1810	2357	1241	2216	9263	7013	7501	5032	
DHL	61000	61000	2	2	2	8	17	17	5	0	8	4679665	1810	2357	1241	2216	9263	7013	7501	5032	
DHL	61200	61200	3	2	2	8	14	17	5	0	6	4673380	1810	2357	1241	2216	9263	7013	7501	5032	
DHL	61400	61400	4	2	2	8	16	16	5	0	7	4667442	1810	2357	1241	2216	9263	7013	7501	5032	
DHL	61600	61600	5	2	2	8	17	18	4	0	8	4661621	1810	2357	1241	2216	9263	7013	7501	5032	
DHL	61800	61800	8	2	2	8	18	15	4	0	8	4656365	1810	2357	1241	2216	9263	7013	7501	5032	
DHL	62000	62000	8	2	2	8	16	17	5	0	6	4651127	1810	2357	1241	2216	9263	7013	7501	5032	
DHL	62200	62200	8	2	2	9	15	16	4	0	5	4645858	1810	2357	1241	2216	9263	7013	7501	5032	
DHL	62400	62400	7	2	2	9	12	16	9	0	7	4640491	1810	2357	1241	2216	9263	7013	7501	5032	
DHL	62600	62600	3	1	2	9	14	15	10	0	7	4635694	1810	2357	1241	2216	9263	7013	7501	5032	
DHL	62800	62800	3	2	1	9	13	15	12	0	7	4631223	1810	2357	1241	2216	9263	7013	7501	5032	
DHL	63000	63000	1	2	1	7	12	16	13	0	7	4626543	1810	2357	1241	2216	9263	7013	7501	5032	
DHL	63200	63200	3	2	1	6	11	17	13	0	5	4621701	1810	2357	1241	2216	9263	7013	7501	5032	
DHL	63400	63400	2	2	2	3	12	15	12	0	5	4617493	1810	2357	1241	2216	9263	7013	7501	5032	
DHL	63600	63600	2	2	2	2	13	18	12	0	6	4612661	1810	2357	1241	2216	9263	7013	7501	5032	
DHL	63800	63800	1	1	2	2	12	19	12	0	6	4607601	1810	2357	1241	2216	9263	7013	7501	5032	
DHL	64000	64000	1	2	2	2	12	20	10	0	6	4602274	1810	2357	1241	2216	9263	7013	7501	5032	
DHL	64200	64200	1	2	2	2	15	20	11	0	7	4597602	1810	2357	1241	2216	9263	7013	7501	5032	
DHL	64400	64400	1	2	2	2	16	21	11	0	7	4592914	1810	2357	1241	2216	9263	7013	7501	5032	
DHL	64600	64600	1	2	2	5	15	21	11	0	7	4587779	1810	2357	1241	2216	9263	7013	7501	5032	
DHL	64800	64800	1	2	2	5	13	20	10	0	6	4582105	1810	2357	1241	2216	9263	7013	7501	5032	
DHL	65000	65000	1	2	3	7	17	20	9	0	6	4576374	1810	2357	1241	2216	9263	7013	7501	5032	
DHL	65200	65200	1	2	3	7	12	21	7	0	6	4570921	1810	2357	1241	2216	9263	7013	7501	5032	
DHL	65400	65400	1	1	3	6	13	18	7	0	7	4565669	1810	2357	1241	2216	9263	7013	7501	5032	
DHL	65600	65600	1	0	3	6	14	18	6	0	6	4561234	1810	2357	1241	2216	9263	7013	7501	5032	
DHL	65800	65800	1	0	3	4	14	14	7	0	5	4556726	1810	2357	1241	2216	9263	7013	7501	5032	
DHL	66000	66000	0	0	4	4	13	10	6	0	6	4551986	1810	2357	1241	2216	9263	7013	7501	5032	
DHL	66200	66200	0	0	3	5	12	10	7	0	4	4547580	1810	2357	1241	2216	9263	7013	7501	5032	
DHL	66400	66400	1	0	3	6	12	14	8	0	7	4542891	1810	2357	1241	2216	9263	7013	7501	5032	
DHL	66600	66600	1	0	3	6	13	17	9	0	8	4538277	1810	2357	1241	2216	9263	7013	7501	5032	
DHL	66800	66800	1	0	3	5	10	17	8	0	8	4534352	1810	2357	1241	2216	9263	7013	7501	5032	
DHL	67000	67000	3	1	2	3	10	14	8	0	6	4530674	1810	2357	1241	2216	9263	7013	7501	5032	
DHL	67200	67200	2	2	2	3	9	14	10	0	5	4526169	1810	2357	1241	2216	9263	7013	7501	5032	
DHL	67400	67400	2	2	2	3	10	12	10	0	5	4521417	1810	2357	1241	2216	9263	7013	7501	5032	
DHL	67600	67600	2	2	2	3	11	13	9	0	6	4516868	1810	2357	1241	2216	9263	7013	7501	5032	
DHL	67800	67800	2	4	2	3	10	12	9	0	6	4512102	1810	2357	1241	2216	9263	7013	7501	5032	
DHL	68000	68000	2	5	1	4	12	13	10	0	5	4507241	1810	2357	1241	2216	9263	7013	7501	5032	
DHL	68200	68200	2	6	1	4	11	13	11	0	4	4502357	1810	2357	1241	2216	9263	7013	7501	5032	
DHL	68400	68400	2	7	1	3	11	13	12	0	4	4497652	1810	2357	1241	2216	9263	7013	7501	5032	
DHL	68600	68600	1	6	1	4	11	11	11	0	3	4492906	1810	2357	1241	2216	9263	7013	7501	5032	
DHL	68800	68800	1	5	1	4	13	12	9	0	4	4488564	1810	2357	1241	2216	9263	7013	7501	5032	
DHL	69000	69000	1	3	1	3	13	13	8	0	5	4484303	1810	2357	1241	2216	9263	7013	7501	5032	
DHL	69200	69200	0	4	1	2	13	13	8	0	5	4479496	1810	2357	1241	2216	9263	7013	7501	5032	
DHL	69400	69400	0	4	1	2	11	15	8	0	5	4474473	1810	2357	1241	2216	9263	7013	7501	5032	
DHL	69600	69600	0	5	1	2	11	14	8	0	5	4469755	1810	2357	1241	2216	9263	7013	7501	5032	
DHL	69800	69800	0	4	2	1	15	14	12	0	9	4464766	1810	2357	1241	2216	9263	7013	7501	5032	
DHL	70000	70000	0	2	2	2	13	14	14	0	9	4459743	1810	2357	1241	2216	9263	7013	7501	5032	
DHL	70200	70200	0	2	2	2	11	12	14	0	9	4454799	1810	2357	1241	2216	9263	7013	7501	5032	
DHL	70400	70400	0	2	2	2	12	12	15	0	8	4449796	1810	2357	1241	2216	9263	7013	7501	5032	
DHL	70600	70600	0	2	2	2	12	12	13	0	7	4445146	1810	2357	1241	2216	9263	7013	7501	5032	
DHL	70800	70800	0	3	1	1	13	13	13	0	13	4440627	1810	2357	1241	2216	9263	7013	7501	5032	
DHL	71000	71000	0	3	1	1	12	12	11	0	14	4436343	1810	2357	1241	2216	9263	7013	7501	5032	
DHL	71200	71200	0	5	1	1	12	11	7	0	13	4432081	1810	2357	1241	2216	9263	7013	7501	5032	
DHL	71400	71400	0	5	2	1	14	10	8	0	11	4427721	1810	2357	1241	2216	9263	7013	7501	5032	
DHL	71600	71600	0	6	2	2	16	9	13	0	10	4423399	1810	2357	1241	2216	9263	7013	7501	5032	
DHL	71800	71800	0	7	1	2	18	7	13	0	9	4419424	1810	2357	1241	2216	9263	7013	7501	5032	
DHL	72000	72000	1	7	1	1	18	8	13	0	9	4415839	1810	2357	1241	2216	9263	7013	7501	5032	
DHL	72200	72200	1	5	1	2	13	8	13	0	10	4412357	1810	2357	1241	2216	9263	7013	7501	5032	
DHL	72400	72400	2	5	1	2	14	6	13	0	10	4408881	1810	2357	1241	2216	9263	7013	7501	5032	
DHL	72600	72600	2	4	0	1	11	7	10	0	8	4405883	1810	2357	1241	2216	9263	7013	7501	5032	
DHL	72800	72800	1	4	0	0	11	8	9	0	7	4402523	1810	2357	1241	2216	9263	7013	7501	5032	
DHL	73000	73000	1	3	0	0	10	7	10	0	6	4398817	1810	2357	1241	2216	9263	7013	7501	5032	
DHL	73200	73200	0	3	1	1	12	6	10	0	7	4395529	1810	2357	1241	2216	9263	7013	7501	5032	
DHL	73400	73400	0	2	1	1	11	7	12	0	8	4392417	1810	2357	1241	2216	9263	7013	7501	5032	
DHL	73600	73600	0	2	1	1	14	5	10	0	9	4389285	1810	2357	1241	2216	9263	7013	7501	5032	
DHL	73800	73800	0	2	1	1	15	7	13	0	10	4386091	1810	2357	1241	2216	9263	7013	7501	5032	
DHL	74000	74000	0	2	1	1	13	8	12	0	9	4383119	1810	2357	1241	2216	9263	7013	7501	5032	
DHL	74200	74200	0	2	1	1	14	10	13	0	8	4379944	1810	2357	1241	2216	9263	7013	7501	5032	
DHL	74400	74400	3	3	1	1	14	10	12	0	8	4376529	1810	2357	1241	2216	9263	7013	7501	5032	
DHL	74600	74600	8	3	1	2	15	12	10	0	9	4372677	1810	2357	1241	2216	9263	7013	7501	5032	
DHL	74800	74800	9	3	1	3	14	12	8	0	8	4368643	1810	2357	1241	2216	9263	7013	7501	5032	
DHL	75000	75000	9	2	1	3	15	14	9	0	8	4364371	1810	2357	1241	2216	9263	7013	7501	5032	
DHL	75200	75200	6	3	1	2	20	15	7	0	6	4359832	1810	2357	1241	2216	9263	7013	7501	5032	
DHL	75400	75400	7	4	1	2	20	13	7	0	5	4355479	1810	2357	1241	2216	9263	7013	7501	5032	
DHL	75600	75600	6	4	1	3	20	12	6	0	5	4351444	1810	2357	1241	2216	9263	7013	7501	5032	
DHL	75800	75800	3	4	1	2	16	8	5	0	4	4346986	1810	2357	1241	2216	9263	7013	7501	5032	
DHL	76000	76000	1	2	1	2	11	6	7	0	6	4342312	1810	2357	1241	2216	9263	7013	7501	5032	
DHL	76200	76200	3	1	1	2	9	5	9	0	7	4338054	1810	2357	1241	2216	9263	7013	7501	5032	
DHL	76400	76400	3	1	1	2	8	4	11	0	7	4333703	1810	2357	1241	2216	9263	7013	7501	5032	
DHL	76600	76600	3	1	1	3	7	4	12	0	8	4329025	1810	2357	1241	2216	9263	7013	7501	5032	
DHL	76800	76800	2	1	1	3	7	4	12	0	9	4324033	1810	2357	1241	2216	9263	7013	7501	5032	
DHL	77000	77000	1	1	1	4	6	6	12	0	9	4319213	1810	2357	1241	2216	9263	7013	7501	5032	
DHL	77200	77200	1	1	1	5	6	6	14	0	8	4315205	1810	2357	1241	2216	9263	7013	7501	5032	
DHL	77400	77400	2	1	0	3	6	6	12	0	6	4311145	1810	2357	1241	2216	9263	7013	7501	5032	
DHL	77600	77600	3	1	0	4	6	9	10	0	6	4307016	1810	2357	1241	2216	9263	7013	7501	5032	
DHL	77800	77800	3	1	0	5	6	12	9	0	6	4302094	1810	2357	1241	2216	9263	7013	7501	5032	
DHL	78000	78000	3	1	0	5	7	10	11	0	8	4297090	1810	2357	1241	2216	9263	7013	7501	5032	
DHL	78200	78200	1	1	0	4	10	9	12	0	9	4292668	1810	2357	1241	2216	9263	7013	7501	5032	
DHL	78400	78400	1	2	0	3	9	7	15	0	8	4288186	1810	2357	1241	2216	9263	7013	7501	5032	
DHL	78600	78600	1	2	1	3	8	8	12	0	8	4283616	1810	2357	1241	2216	9263	7013	7501	5032	
DHL	78800	78800	1	2	2	2	6	8	11	0	10	4279167	1810	2357	1241	2216	9263	7013	7501	5032	
DHL	79000	79000	0	2	1	1	6	6	10	0	9	4275326	1810	2357	1241	2216	9263	7013	7501	5032	
DHL	79200	79200	0	2	0	1	6	5	11	0	10	4271301	1810	2357	1241	2216	9263	7013	7501	5032	
DHL	79400	79400	0	3	0	1	8	6	11	0	9	4267594	1810	2357	1241	2216	9263	7013	7501	5032	
DHL	79600	79600	1	3	0	1	9	7	11	0	10	4263626	1810	2357	1241	2216	9263	7013	7501	5032	
DHL	79800	79800	1	3	0	1	6	8	10	0	7	4259920	1810	2357	1241	2216	9263	7013	7501	5032	
DHL	80000	80000	1	2	0	1	9	11	10	0	7	4256461	1810	2357	1241	2216	9263	7013	7501	5032	
DHL	80200	80200	1	2	1	2	9	13	11	0	6	4252961	1810	2357	1241	2216	9263	7013	7501	5032	
DHL	80400	80400	1	1	2	3	11	13	10	0	5	4249382	1810	2357	1241	2216	9263	7013	7501	5032	
DHL	80600	80600	1	1	2	3	10	12	10	0	8	4245654	1810	2357	1241	2216	9263	7013	7501	5032	
DHL	80800	80800	1	1	2	3	10	14	12	0	9	4241925	1810	2357	1241	2216	9263	7013	7501	5032	
DHL	81000	81000	0	1	2	3	11	14	12	0	9	4237845	1810	2357	1241	2216	9263	7013	7501	5032	
DHL	81200	81200	0	0	3	2	11	14	14	0	9	4233889	1810	2357	1241	2216	9263	7013	7501	5032	
DHL	81400	81400	0	1	3	2	11	18	11	0	7	4230252	1810	2357	1241	2216	9263	7013	7501	5032	
DHL	81600	81600	0	1	2	1	8	18	11	0	8	4226592	1810	2357	1241	2216	9263	7013	7501	5032	
DHL	81800	81800	0	1	2	2	8	18	10	0	7	4223371	1810	2357	1241	2216	9263	7013	7501	5032	
DHL	82000	82000	0	1	2	2	7	13	7	0	5	4220100	1810	2357	1241	2216	9263	7013	7501	5032	
DHL	82200	82200	0	0	0	1	9	11	5	0	7	4216538	1810	2357	1241	2216	9263	7013	7501	5032	
DHL	82400	82400	0	0	0	0	9	14	5	0	7	4213170	1810	2357	1241	2216	9263	7013	7501	5032	
DHL	82600	82600	0	0	0	2	12	14	5	0	7	4209928	1810	2357	1241	2216	9263	7013	7501	5032	
DHL	82800	82800	1	0	0	3	11	13	5	0	8	4206521	1810	2357	1241	2216	9263	7013	7501	5032	
DHL	83000	83000	2	0	0	5	11	14	7	0	11	4202725	1810	2357	1241	2216	9263	7013	7501	5032	
DHL	83200	83200	2	0	0	5	10	12	8	0	8	4198626	1810	2357	1241	2216	9263	7013	7501	5032	
DHL	83400	83400	1	0	1	6	9	11	7	0	8	4194450	1810	2357	1241	2216	9263	7013	7501	5032	
DHL	83600	83600	0	0	1	6	11	13	7	0	8	4190250	1810	2357	1241	2216	9263	7013	7501	5032	
DHL	83800	83800	0	0	1	8	10	12	8	0	12	4186050	1810	2357	1241	2216	9263	7013	7501	5032	
DHL	84000	84000	0	0	2	9	11	13	8	0	12	4182181	1810	2357	1241	2216	9263	7013	7501	5032	
DHL	84200	84200	0	0	2	8	10	13	7	0	10	4178429	1810	2357	1241	2216	9263	7013	7501	5032	
DHL	84400	84400	0	0	2	8	11	12	7	0	9	4174805	1810	2357	1241	2216	9263	7013	7501	5032	
DHL	84600	84600	0	0	2	7	9	14	9	0	9	4171242	1810	2357	1241	2216	9263	7013	7501	5032	
DHL	84800	84800	0	0	1	6	10	14	11	0	9	4167629	1810	2357	1241	2216	9263	7013	7501	5032	
DHL	85000	85000	0	1	1	6	9	11	11	0	9	4163818	1810	2357	1241	2216	9263	7013	7501	5032	
DHL	85200	85200	0	1	1	5	9	10	11	0	8	4159620	1810	2357	1241	2216	9263	7013	7501	5032	
DHL	85400	85400	2	1	1	5	10	11	8	0	10	4155239	1810	2357	1241	2216	9263	7013	7501	5032	
DHL	85600	85600	2	1	1	5	9	11	11	0	10	4150966	1810	2357	1241	2216	9263	7013	7501	5032	
DHL	85800	85800	1	2	1	5	9	10	10	0	10	4147664	1810	2357	1241	2216	9263	7013	7501	5032	
DHL	86000	86000	1	2	1	5	11	11	10	0	11	4144578	1810	2357	1241	2216	9263	7013	7501	5032	
DHL	86200	86200	1	2	1	5	11	8	11	0	8	4141600	1810	2357	1241	2216	9263	7013	7501	5032	
DHL	86400	86400	2	2	1	4	11	10	10	0	8	4138518	1810	2357	1241	2216	9263	7013	7501	5032	
DHL	86600	86600	2	2	0	4	12	11	8	0	7	4135311	1810	2357	1241	2216	9263	7013	7501	5032	
DHL	86800	86800	3	2	0	3	13	11	9	0	7	4132523	1810	2357	1241	2216	9263	7013	7501	5032	
DHL	87000	87000	4	2	0	3	14	11	7	0	10	4129235	1810	2357	1241	2216	9263	7013	7501	5032	
DHL	87200	87200	4	2	0	3	14	10	8	0	12	4126327	1810	2357	1241	2216	9263	7013	7501	5032	
DHL	87400	87400	4	2	0	3	13	10	7	0	11	4123490	1810	2357	1241	2216	9263	7013	7501	5032	
DHL	87600	87600	3	2	0	4	11	9	9	0	11	4120738	1810	2357	1241	2216	9263	7013	7501	5032	
DHL	87800	87800	2	1	0	4	10	7	9	0	12	4117904	1810	2357	1241	2216	9263	7013	7501	5032	
DHL	88000	88000	2	1	1	4	9	7	10	0	10	4115165	1810	2357	1241	2216	9263	7013	7501	5032	
DHL	88200	88200	1	1	1	4	11	6	10	0	11	4112469	1810	2357	1241	2216	9263	7013	7501	5032	
DHL	88400	88400	1	1	1	3	13	6	9	0	14	4109262	1810	2357	1241	2216	9263	7013	7501	5032	
DHL	88600	88600	2	1	1	2	12	7	15	0	15	4105580	1810	2357	1241	2216	9263	7013	7501	5032	
DHL	88800	88800	1	1	1	1	12	7	15	0	15	4101529	1810	2357	1241	2216	9263	7013	7501	5032	
DHL	89000	89000	1	1	1	1	13	8	13	0	13	4097831	1810	2357	1241	2216	9263	7013	7501	5032	
DHL	89200	89200	1	1	1	1	16	8	14	0	13	4094272	1810	2357	1241	2216	9263	7013	7501	5032	
DHL	89400	89400	1	1	1	1	14	6	12	0	13	4090849	1810	2357	1241	2216	9263	7013	7501	5032	
DHL	89600	89600	1	1	1	1	15	7	14	0	11	4087527	1810	2357	1241	2216	9263	7013	7501	5032	
DHL	89800	89800	3	2	1	1	14	7	12	0	12	4084527	1810	2357	1241	2216	9263	7013	7501	5032	
DHL	90000	90000	3	2	1	0	13	6	11	0	11	4081305	1810	2357	1241	2216	9263	7013	7501	5032	
DHL	90200	90200	4	2	2	0	14	6	12	0	10	4077903	1810	2357	1241	2216	9263	7013	7501	5032	
DHL	90400	90400	4	2	3	0	12	5	12	0	10	4074325	1810	2357	1241	2216	9263	7013	7501	5032	
DHL	90600	90600	4	2	3	0	13	4	9	0	10	4070731	1810	2357	1241	2216	9263	7013	7501	5032	
DHL	90800	90800	3	2	2	0	12	6	9	0	11	4067608	1810	2357	1241	2216	9263	7013	7501	5032	
DHL	91000	91000	3	1	2	0	12	7	10	0	9	4064876	1810	2357	1241	2216	9263	7013	7501	5032	
DHL	91200	91200	2	1	2	0	13	10	11	0	10	4062156	1810	2357	1241	2216	9263	7013	7501	5032	
DHL	91400	91400	2	1	2	0	9	11	8	0	8	4059288	1810	2357	1241	2216	9263	7013	7501	5032	
DHL	91600	91600	2	1	2	1	7	12	9	0	7	4056679	1810	2357	1241	2216	9263	7013	7501	5032	
DHL	91800	91800	2	1	2	2	4	10	8	0	4	4053876	1810	2357	1241	2216	9263	7013	7501	5032	
DHL	92000	92000	2	1	2	2	5	11	7	0	4	4050876	1810	2357	1241	2216	9263	7013	7501	5032	
DHL	92200	92200	1	1	2	2	7	10	8	0	4	4047897	1810	2357	1241	2216	9263	7013	7501	5032	
DHL	92400	92400	1	1	2	1	9	12	8	0	4	4045295	1810	2357	1241	2216	9263	7013	7501	5032	
DHL	92600	92600	1	1	1	1	9	11	7	0	4	4042266	1810	2357	1241	2216	9263	7013	7501	5032	
DHL	92800	92800	1	1	1	1	10	8	7	0	4	4039044	1810	2357	1241	2216	9263	7013	7501	5032	
DHL	93000	93000	1	1	1	1	10	8	6	0	5	4035775	1810	2357	1241	2216	9263	7013	7501	5032	
DHL	93200	93200	1	0	1	1	10	10	6	0	4	4033210	1810	2357	1241	2216	9263	7013	7501	5032	
DHL	93400	93400	1	0	1	0	9	10	6	0	5	4030709	1810	2357	1241	2216	9263	7013	7501	5032	
DHL	93600	93600	1	0	1	0	10	8	7	0	5	4027685	1810	2357	1241	2216	9263	7013	7501	5032	
DHL	93800	93800	2	0	1	0	11	9	9	0	5	4024108	1810	2357	1241	2216	9263	7013	7501	5032	
DHL	94000	94000	2	0	1	0	12	8	9	0	5	4020221	1810	2357	1241	2216	9263	7013	7501	5032	
DHL	94200	94200	2	1	3	1	14	9	7	0	5	4016225	1810	2357	1241	2216	9263	7013	7501	5032	
DHL	94400	94400	3	1	3	1	13	7	8	0	5	4011946	1810	2357	1241	2216	9263	7013	7501	5032	
DHL	94600	94600	2	1	3	1	11	7	8	0	4	4008129	1810	2357	1241	2216	9263	7013	7501	5032	
DHL	94800	94800	2	2	2	2	11	8	5	0	4	4004831	1810	2357	1241	2216	9263	7013	7501	5032	
DHL	95000	95000	2	2	3	2	15	10	6	0	5	4001606	1810	2357	1241	2216	9263	7013	7501	5032	
DHL	95200	95200	3	2	3	1	16	10	6	0	5	3997982	1810	2357	1241	2216	9263	7013	7501	5032	
DHL	95400	95400	3	2	4	1	18	10	8	0	5	3993648	1810	2357	1241	2216	9263	7013	7501	5032	
DHL	95600	95600	3	2	4	1	20	10	8	0	5	3989529	1810	2357	1241	2216	9263	7013	7501	5032	
DHL	95800	95800	1	2	4	1	18	10	9	0	6	3985706	1810	2357	1241	2216	9263	7013	7501	5032	
DHL	96000	96000	1	2	4	2	17	9	9	0	6	3982316	1810	2357	1241	2216	9263	7013	7501	5032	
DHL	96200	96200	1	3	4	3	19	9	11	0	6	3979503	1810	2357	1241	2216	9263	7013	7501	5032	
DHL	96400	96400	2	3	4	3	19	10	13	0	5	3976713	1810	2357	1241	2216	9263	7013	7501	5032	
DHL	96600	96600	2	2	3	2	17	9	13	0	4	3974426	1810	2357	1241	2216	9263	7013	7501	5032	
DHL	96800	96800	1	2	3	2	16	10	13	0	4	3972337	1810	2357	1241	2216	9263	7013	7501	5032	
DHL	97000	97000	2	3	3	2	16	10	11	0	5	3970419	1810	2357	1241	2216	9263	7013	7501	5032	
DHL	97200	97200	2	2	3	2	14	9	11	0	7	3968177	1810	2357	1241	2216	9263	7013	7501	5032	
DHL	97400	97400	3	2	3	2	9	9	11	0	5	3965667	1810	2357	1241	2216	9263	7013	7501	5032	
DHL	97600	97600	3	1	2	2	9	8	9	0	4	3962666	1810	2357	1241	2216	9263	7013	7501	5032	
DHL	97800	97800	3	1	2	2	9	9	6	0	5	3958969	1810	2357	1241	2216	9263	7013	7501	5032	
DHL	98000	98000	2	2	2	3	8	12	4	0	4	3954954	1810	2357	1241	2216	9263	7013	7501	5032	
DHL	98200	98200	1	2	2	2	7	14	4	0	4	3951149	1810	2357	1241	2216	9263	7013	7501	5032	
DHL	98400	98400	1	2	2	1	8	14	6	0	4	3947112	1810	2357	1241	2216	9263	7013	7501	5032	
DHL	98600	98600	1	3	3	1	8	17	5	0	3	3942783	1810	2357	1241	2216	9263	7013	7501	5032	
DHL	98800	98800	1	4	2	2	5	19	8	0	4	3938466	1810	2357	1241	2216	9263	7013	7501	5032	
DHL	99000	99000	1	5	2	2	5	17	9	0	4	3934034	1810	2357	1241	2216	9263	7013	7501	5032	
DHL	99200	99200	1	5	4	2	7	18	8	0	4	3930369	1810	2357	1241	2216	9263	7013	7501	5032	
DHL	99400	99400	2	5	4	2	8	16	5	0	6	3926804	1810	2357	1241	2216	9263	7013	7501	5032	
DHL	99600	99600	2	4	4	2	7	14	5	0	6	3923143	1810	2357	1241	2216	9263	7013	7501	5032	
DHL	99800	99800	1	5	4	2	4	17	6	0	6	3919543	1810	2357	1241	2216	9263	7013	7501	5032	
DHL	100000	100000	1	3	3	2	6	15	6	0	5	3915895	1810	2357	1241	2216	9263	7013	7501	5032	
