FL	0	0	11	14	1	29	13	4	7	64	3	9170603	6075	4775	148	1925	4244	4632	2536	13292	512	
FL	200	200	14	15	1	28	11	6	7	59	3	9132387	6075	4775	148	1925	4244	4632	2536	13292	512	
FL	400	400	14	14	1	25	10	7	6	58	3	9040750	6075	4775	148	1925	4244	4632	2536	13292	512	
FL	600	600	13	13	1	25	9	6	6	59	4	8943423	6075	4775	148	1925	4244	4632	2536	13292	512	
FL	800	800	17	13	1	25	8	6	5	59	5	8852846	6075	4775	148	1925	4244	4632	2536	13292	512	
FL	1000	1000	15	14	1	24	8	5	5	57	5	8770689	6075	4775	148	1925	4244	4632	2536	13292	512	
FL	1200	1200	16	12	0	22	10	6	4	52	5	8696146	6075	4775	148	1925	4244	4632	2536	13292	512	
FL	1400	1400	17	11	0	21	11	6	4	49	5	8628339	6075	4775	148	1925	4244	4632	2536	13292	512	
FL	1600	1600	17	10	0	21	9	5	5	48	5	8565791	6075	4775	148	1925	4244	4632	2536	13292	512	
FL	1800	1800	17	9	0	22	7	5	5	47	6	8507091	6075	4775	148	1925	4244	4632	2536	13292	512	
FL	2000	2000	16	9	0	22	7	6	7	47	6	8450755	6075	4775	148	1925	4244	4632	2536	13292	512	
FL	2200	2200	17	9	0	22	6	6	9	44	5	8395218	6075	4775	148	1925	4244	4632	2536	13292	512	
FL	2400	2400	17	10	0	20	6	8	7	49	5	8342882	6075	4775	148	1925	4244	4632	2536	13292	512	
FL	2600	2600	18	11	2	20	6	8	5	51	4	8293726	6075	4775	148	1925	4244	4632	2536	13292	512	
FL	2800	2800	17	13	2	22	7	10	5	55	4	8247240	6075	4775	148	1925	4244	4632	2536	13292	512	
FL	3000	3000	16	13	2	22	8	13	5	53	3	8202573	6075	4775	148	1925	4244	4632	2536	13292	512	
FL	3200	3200	15	15	2	22	7	16	5	54	1	8160212	6075	4775	148	1925	4244	4632	2536	13292	512	
FL	3400	3400	17	16	2	21	6	15	5	55	1	8119017	6075	4775	148	1925	4244	4632	2536	13292	512	
FL	3600	3600	16	13	2	21	5	18	4	55	1	8080074	6075	4775	148	1925	4244	4632	2536	13292	512	
FL	3800	3800	14	10	2	20	5	19	3	50	1	8041893	6075	4775	148	1925	4244	4632	2536	13292	512	
FL	4000	4000	16	9	2	18	6	20	4	50	1	8005670	6075	4775	148	1925	4244	4632	2536	13292	512	
FL	4200	4200	17	5	2	18	7	20	5	54	1	7970957	6075	4775	148	1925	4244	4632	2536	13292	512	
FL	4400	4400	20	6	2	19	9	15	4	52	1	7936204	6075	4775	148	1925	4244	4632	2536	13292	512	
FL	4600	4600	22	11	1	17	11	16	3	44	1	7901318	6075	4775	148	1925	4244	4632	2536	13292	512	
FL	4800	4800	22	12	1	12	7	15	3	45	1	7868145	6075	4775	148	1925	4244	4632	2536	13292	512	
FL	5000	5000	22	11	1	11	7	15	2	42	0	7836374	6075	4775	148	1925	4244	4632	2536	13292	512	
FL	5200	5200	22	15	1	10	6	15	2	43	0	7805288	6075	4775	148	1925	4244	4632	2536	13292	512	
FL	5400	5400	20	16	1	5	5	16	2	43	0	7775736	6075	4775	148	1925	4244	4632	2536	13292	512	
FL	5600	5600	15	16	1	6	7	15	3	45	0	7747089	6075	4775	148	1925	4244	4632	2536	13292	512	
FL	5800	5800	14	16	0	8	6	13	5	48	1	7718560	6075	4775	148	1925	4244	4632	2536	13292	512	
FL	6000	6000	15	18	0	8	6	12	6	48	1	7690900	6075	4775	148	1925	4244	4632	2536	13292	512	
FL	6200	6200	14	22	0	7	5	12	6	51	1	7664597	6075	4775	148	1925	4244	4632	2536	13292	512	
FL	6400	6400	13	23	0	7	5	13	5	48	1	7639034	6075	4775	148	1925	4244	4632	2536	13292	512	
FL	6600	6600	13	19	0	7	8	12	5	51	1	7613701	6075	4775	148	1925	4244	4632	2536	13292	512	
FL	6800	6800	16	20	0	7	9	13	5	53	1	7589493	6075	4775	148	1925	4244	4632	2536	13292	512	
FL	7000	7000	17	21	0	8	10	15	5	50	1	7565209	6075	4775	148	1925	4244	4632	2536	13292	512	
FL	7200	7200	16	21	0	11	11	15	5	49	1	7540213	6075	4775	148	1925	4244	4632	2536	13292	512	
FL	7400	7400	17	18	0	11	10	12	5	46	0	7516058	6075	4775	148	1925	4244	4632	2536	13292	512	
FL	7600	7600	16	17	0	12	10	10	5	44	0	7492971	6075	4775	148	1925	4244	4632	2536	13292	512	
FL	7800	7800	16	17	0	14	8	10	4	48	0	7470491	6075	4775	148	1925	4244	4632	2536	13292	512	
FL	8000	8000	16	16	0	14	9	9	5	45	0	7448671	6075	4775	148	1925	4244	4632	2536	13292	512	
FL	8200	8200	14	18	0	14	10	12	6	43	0	7427087	6075	4775	148	1925	4244	4632	2536	13292	512	
FL	8400	8400	14	15	0	15	11	11	7	43	1	7406713	6075	4775	148	1925	4244	4632	2536	13292	512	
FL	8600	8600	20	15	0	12	10	11	7	43	1	7387120	6075	4775	148	1925	4244	4632	2536	13292	512	
FL	8800	8800	22	15	0	12	11	8	7	43	1	7368284	6075	4775	148	1925	4244	4632	2536	13292	512	
FL	9000	9000	22	15	0	12	10	10	4	47	2	7349710	6075	4775	148	1925	4244	4632	2536	13292	512	
FL	9200	9200	23	14	0	12	9	12	4	54	2	7332239	6075	4775	148	1925	4244	4632	2536	13292	512	
FL	9400	9400	24	13	0	13	7	13	3	50	2	7314470	6075	4775	148	1925	4244	4632	2536	13292	512	
FL	9600	9600	22	13	0	12	7	12	2	44	1	7297052	6075	4775	148	1925	4244	4632	2536	13292	512	
FL	9800	9800	21	15	0	12	7	12	3	42	1	7279462	6075	4775	148	1925	4244	4632	2536	13292	512	
FL	10000	10000	19	15	0	11	6	12	6	43	1	7262810	6075	4775	148	1925	4244	4632	2536	13292	512	
FL	10200	10200	22	15	0	9	6	12	6	43	1	7246120	6075	4775	148	1925	4244	4632	2536	13292	512	
FL	10400	10400	20	14	0	5	6	9	4	40	1	7229257	6075	4775	148	1925	4244	4632	2536	13292	512	
FL	10600	10600	22	12	0	4	6	10	4	36	1	7211534	6075	4775	148	1925	4244	4632	2536	13292	512	
FL	10800	10800	22	13	0	5	5	9	6	34	1	7193383	6075	4775	148	1925	4244	4632	2536	13292	512	
FL	11000	11000	22	12	0	5	5	9	6	31	1	7175065	6075	4775	148	1925	4244	4632	2536	13292	512	
FL	11200	11200	21	12	0	6	4	11	5	30	1	7156352	6075	4775	148	1925	4244	4632	2536	13292	512	
FL	11400	11400	21	12	0	7	3	11	5	32	1	7137492	6075	4775	148	1925	4244	4632	2536	13292	512	
FL	11600	11600	21	10	0	6	3	12	3	31	1	7118805	6075	4775	148	1925	4244	4632	2536	13292	512	
FL	11800	11800	20	10	0	7	5	12	4	30	1	7100670	6075	4775	148	1925	4244	4632	2536	13292	512	
FL	12000	12000	23	12	2	8	5	11	4	30	1	7083322	6075	4775	148	1925	4244	4632	2536	13292	512	
FL	12200	12200	22	12	2	8	5	9	3	28	0	7067124	6075	4775	148	1925	4244	4632	2536	13292	512	
FL	12400	12400	22	12	2	9	5	8	4	30	0	7050870	6075	4775	148	1925	4244	4632	2536	13292	512	
FL	12600	12600	20	12	2	9	5	8	4	23	0	7033593	6075	4775	148	1925	4244	4632	2536	13292	512	
FL	12800	12800	21	10	0	7	5	10	4	22	0	7015918	6075	4775	148	1925	4244	4632	2536	13292	512	
FL	13000	13000	24	8	0	7	5	10	5	22	0	6998377	6075	4775	148	1925	4244	4632	2536	13292	512	
FL	13200	13200	22	12	0	6	8	12	6	24	0	6981393	6075	4775	148	1925	4244	4632	2536	13292	512	
FL	13400	13400	19	10	0	6	8	13	6	22	0	6965159	6075	4775	148	1925	4244	4632	2536	13292	512	
FL	13600	13600	14	11	0	6	8	12	6	17	0	6948248	6075	4775	148	1925	4244	4632	2536	13292	512	
FL	13800	13800	14	11	0	7	11	12	6	19	0	6931187	6075	4775	148	1925	4244	4632	2536	13292	512	
FL	14000	14000	16	11	0	5	6	11	8	25	0	6914062	6075	4775	148	1925	4244	4632	2536	13292	512	
FL	14200	14200	13	12	0	4	6	11	8	23	0	6896551	6075	4775	148	1925	4244	4632	2536	13292	512	
FL	14400	14400	14	10	0	4	4	11	8	24	0	6879459	6075	4775	148	1925	4244	4632	2536	13292	512	
FL	14600	14600	12	11	0	4	4	9	8	24	0	6862052	6075	4775	148	1925	4244	4632	2536	13292	512	
FL	14800	14800	15	10	0	7	3	7	8	19	0	6845644	6075	4775	148	1925	4244	4632	2536	13292	512	
FL	15000	15000	15	13	1	5	2	6	7	21	0	6829811	6075	4775	148	1925	4244	4632	2536	13292	512	
FL	15200	15200	15	11	1	6	2	7	8	27	1	6815116	6075	4775	148	1925	4244	4632	2536	13292	512	
FL	15400	15400	20	11	1	5	4	9	6	25	1	6801364	6075	4775	148	1925	4244	4632	2536	13292	512	
FL	15600	15600	19	10	1	4	4	7	4	23	1	6787766	6075	4775	148	1925	4244	4632	2536	13292	512	
FL	15800	15800	20	10	1	3	4	8	3	22	1	6774617	6075	4775	148	1925	4244	4632	2536	13292	512	
FL	16000	16000	19	10	1	4	4	7	5	22	1	6761108	6075	4775	148	1925	4244	4632	2536	13292	512	
FL	16200	16200	17	10	1	4	4	8	5	23	0	6747924	6075	4775	148	1925	4244	4632	2536	13292	512	
FL	16400	16400	13	10	1	3	4	7	6	20	0	6734641	6075	4775	148	1925	4244	4632	2536	13292	512	
FL	16600	16600	13	8	1	4	4	9	7	23	0	6721060	6075	4775	148	1925	4244	4632	2536	13292	512	
FL	16800	16800	12	7	1	3	5	10	7	29	0	6707158	6075	4775	148	1925	4244	4632	2536	13292	512	
FL	17000	17000	12	7	1	2	6	10	7	30	0	6692960	6075	4775	148	1925	4244	4632	2536	13292	512	
FL	17200	17200	12	4	0	2	4	11	5	35	0	6679178	6075	4775	148	1925	4244	4632	2536	13292	512	
FL	17400	17400	11	4	0	2	5	7	6	36	0	6664735	6075	4775	148	1925	4244	4632	2536	13292	512	
FL	17600	17600	10	5	0	2	7	7	5	28	0	6650422	6075	4775	148	1925	4244	4632	2536	13292	512	
FL	17800	17800	11	5	0	2	8	7	5	26	0	6637450	6075	4775	148	1925	4244	4632	2536	13292	512	
FL	18000	18000	11	5	0	3	7	9	5	26	0	6624634	6075	4775	148	1925	4244	4632	2536	13292	512	
FL	18200	18200	10	5	0	4	8	8	6	27	0	6611109	6075	4775	148	1925	4244	4632	2536	13292	512	
FL	18400	18400	11	6	0	4	5	9	5	30	0	6598129	6075	4775	148	1925	4244	4632	2536	13292	512	
FL	18600	18600	12	7	0	4	5	10	7	30	0	6584599	6075	4775	148	1925	4244	4632	2536	13292	512	
FL	18800	18800	14	8	0	3	5	10	8	34	0	6571155	6075	4775	148	1925	4244	4632	2536	13292	512	
FL	19000	19000	15	11	0	2	5	10	9	30	0	6557401	6075	4775	148	1925	4244	4632	2536	13292	512	
FL	19200	19200	17	11	0	2	7	11	8	26	0	6543937	6075	4775	148	1925	4244	4632	2536	13292	512	
FL	19400	19400	18	12	0	2	6	8	8	26	1	6529906	6075	4775	148	1925	4244	4632	2536	13292	512	
FL	19600	19600	16	12	0	1	5	9	11	27	1	6515408	6075	4775	148	1925	4244	4632	2536	13292	512	
FL	19800	19800	17	10	0	2	7	12	9	26	1	6501417	6075	4775	148	1925	4244	4632	2536	13292	512	
FL	20000	20000	17	9	0	3	9	15	11	28	1	6487605	6075	4775	148	1925	4244	4632	2536	13292	512	
FL	20200	20200	15	10	0	3	8	15	10	29	1	6473531	6075	4775	148	1925	4244	4632	2536	13292	512	
FL	20400	20400	12	10	0	3	7	15	7	29	1	6460145	6075	4775	148	1925	4244	4632	2536	13292	512	
FL	20600	20600	14	12	0	3	7	16	10	30	1	6445357	6075	4775	148	1925	4244	4632	2536	13292	512	
FL	20800	20800	16	13	1	2	6	15	8	26	1	6430265	6075	4775	148	1925	4244	4632	2536	13292	512	
FL	21000	21000	18	12	1	4	6	16	8	24	1	6415808	6075	4775	148	1925	4244	4632	2536	13292	512	
FL	21200	21200	18	13	1	2	7	14	8	26	0	6401886	6075	4775	148	1925	4244	4632	2536	13292	512	
FL	21400	21400	16	12	1	2	7	15	8	33	0	6388012	6075	4775	148	1925	4244	4632	2536	13292	512	
FL	21600	21600	15	13	1	3	6	14	9	34	0	6374649	6075	4775	148	1925	4244	4632	2536	13292	512	
FL	21800	21800	14	11	1	2	7	18	7	32	0	6361535	6075	4775	148	1925	4244	4632	2536	13292	512	
FL	22000	22000	14	13	0	3	8	20	7	35	0	6348187	6075	4775	148	1925	4244	4632	2536	13292	512	
FL	22200	22200	13	14	0	3	7	19	6	30	0	6335189	6075	4775	148	1925	4244	4632	2536	13292	512	
FL	22400	22400	13	11	0	3	7	19	6	24	1	6322320	6075	4775	148	1925	4244	4632	2536	13292	512	
FL	22600	22600	18	13	0	4	7	18	5	25	1	6309559	6075	4775	148	1925	4244	4632	2536	13292	512	
FL	22800	22800	16	12	0	4	9	18	4	24	1	6297537	6075	4775	148	1925	4244	4632	2536	13292	512	
FL	23000	23000	15	12	0	5	9	17	4	24	1	6285168	6075	4775	148	1925	4244	4632	2536	13292	512	
FL	23200	23200	15	12	0	5	7	19	4	25	1	6271880	6075	4775	148	1925	4244	4632	2536	13292	512	
FL	23400	23400	17	12	0	5	7	18	4	26	1	6259005	6075	4775	148	1925	4244	4632	2536	13292	512	
FL	23600	23600	16	12	0	5	6	15	3	27	1	6246679	6075	4775	148	1925	4244	4632	2536	13292	512	
FL	23800	23800	16	9	0	4	6	16	4	25	1	6233715	6075	4775	148	1925	4244	4632	2536	13292	512	
FL	24000	24000	14	11	1	2	5	15	4	24	0	6219395	6075	4775	148	1925	4244	4632	2536	13292	512	
FL	24200	24200	15	11	1	1	5	15	4	27	0	6205027	6075	4775	148	1925	4244	4632	2536	13292	512	
FL	24400	24400	16	10	1	1	5	14	5	25	0	6190628	6075	4775	148	1925	4244	4632	2536	13292	512	
FL	24600	24600	16	8	1	1	4	17	5	29	0	6175501	6075	4775	148	1925	4244	4632	2536	13292	512	
FL	24800	24800	18	8	1	1	4	22	4	29	0	6160256	6075	4775	148	1925	4244	4632	2536	13292	512	
FL	25000	25000	20	10	1	2	4	21	4	27	1	6145428	6075	4775	148	1925	4244	4632	2536	13292	512	
FL	25200	25200	20	13	1	2	3	19	5	24	1	6130243	6075	4775	148	1925	4244	4632	2536	13292	512	
FL	25400	25400	20	12	1	3	5	15	5	21	1	6113825	6075	4775	148	1925	4244	4632	2536	13292	512	
FL	25600	25600	22	12	1	3	6	14	5	22	1	6098639	6075	4775	148	1925	4244	4632	2536	13292	512	
FL	25800	25800	20	13	1	3	6	12	4	22	1	6083913	6075	4775	148	1925	4244	4632	2536	13292	512	
FL	26000	26000	14	11	1	3	6	15	5	24	1	6071023	6075	4775	148	1925	4244	4632	2536	13292	512	
FL	26200	26200	14	10	1	1	6	17	4	25	1	6058740	6075	4775	148	1925	4244	4632	2536	13292	512	
FL	26400	26400	14	8	1	1	6	17	6	25	2	6046667	6075	4775	148	1925	4244	4632	2536	13292	512	
FL	26600	26600	10	8	1	1	5	16	8	24	1	6034667	6075	4775	148	1925	4244	4632	2536	13292	512	
FL	26800	26800	9	8	1	1	5	17	8	26	1	6022905	6075	4775	148	1925	4244	4632	2536	13292	512	
FL	27000	27000	12	7	1	1	4	15	7	27	1	6011513	6075	4775	148	1925	4244	4632	2536	13292	512	
FL	27200	27200	14	6	1	2	6	15	6	31	1	5999451	6075	4775	148	1925	4244	4632	2536	13292	512	
FL	27400	27400	14	6	1	2	6	17	4	26	1	5987005	6075	4775	148	1925	4244	4632	2536	13292	512	
FL	27600	27600	14	6	1	2	6	17	4	25	1	5974619	6075	4775	148	1925	4244	4632	2536	13292	512	
FL	27800	27800	14	6	1	1	6	16	3	27	0	5963058	6075	4775	148	1925	4244	4632	2536	13292	512	
FL	28000	28000	16	7	1	0	5	15	4	26	0	5951353	6075	4775	148	1925	4244	4632	2536	13292	512	
FL	28200	28200	16	6	1	0	5	14	5	25	0	5940064	6075	4775	148	1925	4244	4632	2536	13292	512	
FL	28400	28400	17	5	1	2	5	11	4	24	0	5929278	6075	4775	148	1925	4244	4632	2536	13292	512	
FL	28600	28600	19	3	1	3	5	12	4	29	0	5918480	6075	4775	148	1925	4244	4632	2536	13292	512	
FL	28800	28800	20	4	1	4	2	13	5	29	0	5906945	6075	4775	148	1925	4244	4632	2536	13292	512	
FL	29000	29000	20	4	1	4	2	13	6	33	0	5895432	6075	4775	148	1925	4244	4632	2536	13292	512	
FL	29200	29200	21	5	1	4	2	13	7	32	0	5883614	6075	4775	148	1925	4244	4632	2536	13292	512	
FL	29400	29400	21	6	1	3	1	13	6	34	0	5871760	6075	4775	148	1925	4244	4632	2536	13292	512	
FL	29600	29600	21	5	1	3	1	16	6	31	0	5858930	6075	4775	148	1925	4244	4632	2536	13292	512	
FL	29800	29800	21	7	1	3	2	15	7	32	0	5845966	6075	4775	148	1925	4244	4632	2536	13292	512	
FL	30000	30000	20	5	1	3	2	15	7	36	0	5832666	6075	4775	148	1925	4244	4632	2536	13292	512	
FL	30200	30200	16	5	1	3	2	14	6	38	0	5819178	6075	4775	148	1925	4244	4632	2536	13292	512	
FL	30400	30400	17	6	1	3	3	12	6	42	0	5805918	6075	4775	148	1925	4244	4632	2536	13292	512	
FL	30600	30600	18	8	1	2	5	13	5	40	0	5793243	6075	4775	148	1925	4244	4632	2536	13292	512	
FL	30800	30800	18	6	1	1	6	17	6	43	0	5780924	6075	4775	148	1925	4244	4632	2536	13292	512	
FL	31000	31000	19	4	1	1	6	17	6	40	0	5770052	6075	4775	148	1925	4244	4632	2536	13292	512	
FL	31200	31200	18	4	1	1	5	17	6	39	0	5759721	6075	4775	148	1925	4244	4632	2536	13292	512	
FL	31400	31400	16	5	1	1	5	17	6	34	0	5750189	6075	4775	148	1925	4244	4632	2536	13292	512	
FL	31600	31600	17	5	2	2	6	17	6	29	1	5740691	6075	4775	148	1925	4244	4632	2536	13292	512	
FL	31800	31800	17	7	2	2	5	16	5	26	1	5731391	6075	4775	148	1925	4244	4632	2536	13292	512	
FL	32000	32000	16	5	2	2	4	17	4	27	1	5722078	6075	4775	148	1925	4244	4632	2536	13292	512	
FL	32200	32200	12	7	2	3	5	17	4	25	1	5713766	6075	4775	148	1925	4244	4632	2536	13292	512	
FL	32400	32400	16	8	2	3	7	17	4	23	1	5705441	6075	4775	148	1925	4244	4632	2536	13292	512	
FL	32600	32600	15	7	0	3	6	17	4	25	1	5696857	6075	4775	148	1925	4244	4632	2536	13292	512	
FL	32800	32800	16	8	0	3	7	18	5	24	1	5688123	6075	4775	148	1925	4244	4632	2536	13292	512	
FL	33000	33000	15	7	0	3	8	18	3	22	2	5679864	6075	4775	148	1925	4244	4632	2536	13292	512	
FL	33200	33200	15	7	0	3	6	16	3	23	2	5671753	6075	4775	148	1925	4244	4632	2536	13292	512	
FL	33400	33400	14	8	1	3	7	15	4	20	3	5663948	6075	4775	148	1925	4244	4632	2536	13292	512	
FL	33600	33600	14	10	1	3	8	15	4	19	2	5656049	6075	4775	148	1925	4244	4632	2536	13292	512	
FL	33800	33800	14	10	1	3	9	16	2	21	2	5647785	6075	4775	148	1925	4244	4632	2536	13292	512	
FL	34000	34000	17	10	1	3	8	17	3	28	2	5639981	6075	4775	148	1925	4244	4632	2536	13292	512	
FL	34200	34200	16	8	1	2	7	16	4	26	2	5631914	6075	4775	148	1925	4244	4632	2536	13292	512	
FL	34400	34400	16	9	1	3	9	16	5	26	2	5623626	6075	4775	148	1925	4244	4632	2536	13292	512	
FL	34600	34600	15	7	1	3	9	15	5	30	2	5615602	6075	4775	148	1925	4244	4632	2536	13292	512	
FL	34800	34800	13	7	1	4	10	16	4	29	2	5607334	6075	4775	148	1925	4244	4632	2536	13292	512	
FL	35000	35000	15	6	1	3	9	16	4	26	2	5598865	6075	4775	148	1925	4244	4632	2536	13292	512	
FL	35200	35200	17	8	1	3	9	14	2	26	2	5591018	6075	4775	148	1925	4244	4632	2536	13292	512	
FL	35400	35400	19	7	1	2	10	13	3	26	2	5582625	6075	4775	148	1925	4244	4632	2536	13292	512	
FL	35600	35600	19	5	1	1	10	12	3	27	3	5574913	6075	4775	148	1925	4244	4632	2536	13292	512	
FL	35800	35800	17	5	1	2	11	12	4	27	2	5566362	6075	4775	148	1925	4244	4632	2536	13292	512	
FL	36000	36000	14	6	1	2	11	15	4	31	2	5557420	6075	4775	148	1925	4244	4632	2536	13292	512	
FL	36200	36200	17	6	1	2	10	11	4	31	4	5548552	6075	4775	148	1925	4244	4632	2536	13292	512	
FL	36400	36400	18	6	1	1	11	7	5	30	4	5539743	6075	4775	148	1925	4244	4632	2536	13292	512	
FL	36600	36600	18	7	0	2	10	7	4	23	4	5531500	6075	4775	148	1925	4244	4632	2536	13292	512	
FL	36800	36800	19	7	0	2	6	8	5	21	3	5522775	6075	4775	148	1925	4244	4632	2536	13292	512	
FL	37000	37000	19	6	0	3	6	8	5	18	3	5513777	6075	4775	148	1925	4244	4632	2536	13292	512	
FL	37200	37200	20	5	0	4	5	7	5	16	3	5504835	6075	4775	148	1925	4244	4632	2536	13292	512	
FL	37400	37400	23	6	0	4	6	6	4	16	3	5495950	6075	4775	148	1925	4244	4632	2536	13292	512	
FL	37600	37600	21	7	0	5	5	7	3	15	3	5487103	6075	4775	148	1925	4244	4632	2536	13292	512	
FL	37800	37800	19	7	0	4	4	7	7	22	3	5478808	6075	4775	148	1925	4244	4632	2536	13292	512	
FL	38000	38000	20	8	0	4	4	8	6	21	3	5471150	6075	4775	148	1925	4244	4632	2536	13292	512	
FL	38200	38200	19	7	0	4	5	7	5	21	3	5464140	6075	4775	148	1925	4244	4632	2536	13292	512	
FL	38400	38400	17	6	0	3	4	8	5	22	2	5456870	6075	4775	148	1925	4244	4632	2536	13292	512	
FL	38600	38600	16	5	0	2	4	7	5	22	2	5449872	6075	4775	148	1925	4244	4632	2536	13292	512	
FL	38800	38800	14	6	0	2	4	8	4	20	2	5442808	6075	4775	148	1925	4244	4632	2536	13292	512	
FL	39000	39000	15	7	0	2	4	8	5	22	2	5435689	6075	4775	148	1925	4244	4632	2536	13292	512	
FL	39200	39200	11	7	0	2	3	10	5	24	2	5428973	6075	4775	148	1925	4244	4632	2536	13292	512	
FL	39400	39400	11	7	0	2	5	10	5	24	2	5422783	6075	4775	148	1925	4244	4632	2536	13292	512	
FL	39600	39600	11	6	0	2	6	12	5	28	2	5415395	6075	4775	148	1925	4244	4632	2536	13292	512	
FL	39800	39800	12	6	0	2	5	11	6	27	2	5407764	6075	4775	148	1925	4244	4632	2536	13292	512	
FL	40000	40000	13	6	0	2	4	8	7	30	2	5400244	6075	4775	148	1925	4244	4632	2536	13292	512	
FL	40200	40200	14	7	0	2	2	8	9	30	1	5392827	6075	4775	148	1925	4244	4632	2536	13292	512	
FL	40400	40400	15	6	0	2	2	10	9	33	0	5385518	6075	4775	148	1925	4244	4632	2536	13292	512	
FL	40600	40600	14	6	0	2	5	7	8	31	0	5378527	6075	4775	148	1925	4244	4632	2536	13292	512	
FL	40800	40800	14	7	0	3	5	5	8	28	1	5371356	6075	4775	148	1925	4244	4632	2536	13292	512	
FL	41000	41000	14	6	0	3	5	5	9	29	1	5363916	6075	4775	148	1925	4244	4632	2536	13292	512	
FL	41200	41200	14	8	0	3	5	4	11	28	1	5356498	6075	4775	148	1925	4244	4632	2536	13292	512	
FL	41400	41400	10	10	0	2	6	4	11	30	1	5349015	6075	4775	148	1925	4244	4632	2536	13292	512	
FL	41600	41600	11	11	0	1	7	4	10	31	1	5342221	6075	4775	148	1925	4244	4632	2536	13292	512	
FL	41800	41800	10	13	0	1	8	6	9	28	1	5335154	6075	4775	148	1925	4244	4632	2536	13292	512	
FL	42000	42000	11	13	0	1	7	5	8	25	1	5327411	6075	4775	148	1925	4244	4632	2536	13292	512	
FL	42200	42200	13	16	0	1	8	6	9	29	1	5319369	6075	4775	148	1925	4244	4632	2536	13292	512	
FL	42400	42400	13	12	0	2	7	5	7	25	1	5311377	6075	4775	148	1925	4244	4632	2536	13292	512	
FL	42600	42600	12	10	0	2	9	5	7	26	1	5302621	6075	4775	148	1925	4244	4632	2536	13292	512	
FL	42800	42800	10	11	0	2	10	2	7	25	1	5294255	6075	4775	148	1925	4244	4632	2536	13292	512	
FL	43000	43000	10	9	1	2	9	4	5	25	1	5286100	6075	4775	148	1925	4244	4632	2536	13292	512	
FL	43200	43200	9	9	1	2	9	5	5	22	1	5276649	6075	4775	148	1925	4244	4632	2536	13292	512	
FL	43400	43400	9	6	1	2	11	8	6	24	1	5266997	6075	4775	148	1925	4244	4632	2536	13292	512	
FL	43600	43600	8	5	1	2	12	9	3	23	1	5257849	6075	4775	148	1925	4244	4632	2536	13292	512	
FL	43800	43800	8	5	1	2	10	11	4	22	1	5248648	6075	4775	148	1925	4244	4632	2536	13292	512	
FL	44000	44000	9	6	1	4	11	9	5	20	1	5239776	6075	4775	148	1925	4244	4632	2536	13292	512	
FL	44200	44200	11	7	1	4	11	9	3	22	1	5230926	6075	4775	148	1925	4244	4632	2536	13292	512	
FL	44400	44400	11	9	1	4	12	10	3	17	1	5221579	6075	4775	148	1925	4244	4632	2536	13292	512	
FL	44600	44600	10	9	1	2	12	10	1	14	1	5212712	6075	4775	148	1925	4244	4632	2536	13292	512	
FL	44800	44800	10	9	1	2	11	10	1	14	1	5203815	6075	4775	148	1925	4244	4632	2536	13292	512	
FL	45000	45000	10	8	1	1	11	12	1	18	0	5194671	6075	4775	148	1925	4244	4632	2536	13292	512	
FL	45200	45200	14	7	0	1	10	11	2	18	0	5185387	6075	4775	148	1925	4244	4632	2536	13292	512	
FL	45400	45400	15	5	0	1	9	12	2	15	0	5176069	6075	4775	148	1925	4244	4632	2536	13292	512	
FL	45600	45600	14	6	0	1	8	11	3	18	0	5167140	6075	4775	148	1925	4244	4632	2536	13292	512	
FL	45800	45800	12	6	0	1	9	11	4	19	0	5158510	6075	4775	148	1925	4244	4632	2536	13292	512	
FL	46000	46000	12	6	0	1	9	11	5	18	0	5150053	6075	4775	148	1925	4244	4632	2536	13292	512	
FL	46200	46200	14	6	0	2	9	11	6	16	1	5141561	6075	4775	148	1925	4244	4632	2536	13292	512	
FL	46400	46400	14	5	0	2	8	12	7	9	1	5133236	6075	4775	148	1925	4244	4632	2536	13292	512	
FL	46600	46600	15	5	0	3	7	10	10	10	1	5125304	6075	4775	148	1925	4244	4632	2536	13292	512	
FL	46800	46800	12	4	1	4	8	9	10	13	1	5116600	6075	4775	148	1925	4244	4632	2536	13292	512	
FL	47000	47000	10	4	1	5	7	8	12	13	1	5108149	6075	4775	148	1925	4244	4632	2536	13292	512	
FL	47200	47200	10	5	1	5	8	8	11	14	1	5099766	6075	4775	148	1925	4244	4632	2536	13292	512	
FL	47400	47400	10	6	1	5	7	8	9	14	1	5092644	6075	4775	148	1925	4244	4632	2536	13292	512	
FL	47600	47600	10	6	1	4	8	7	11	12	1	5086471	6075	4775	148	1925	4244	4632	2536	13292	512	
FL	47800	47800	9	8	1	3	7	9	10	17	1	5079816	6075	4775	148	1925	4244	4632	2536	13292	512	
FL	48000	48000	10	9	1	6	7	11	6	18	1	5073095	6075	4775	148	1925	4244	4632	2536	13292	512	
FL	48200	48200	8	9	0	5	4	10	6	17	1	5066489	6075	4775	148	1925	4244	4632	2536	13292	512	
FL	48400	48400	9	8	0	6	3	12	6	22	1	5060113	6075	4775	148	1925	4244	4632	2536	13292	512	
FL	48600	48600	11	7	0	7	3	11	5	22	1	5054004	6075	4775	148	1925	4244	4632	2536	13292	512	
FL	48800	48800	13	7	0	8	2	9	6	20	1	5048077	6075	4775	148	1925	4244	4632	2536	13292	512	
FL	49000	49000	15	10	0	7	4	8	7	24	1	5042024	6075	4775	148	1925	4244	4632	2536	13292	512	
FL	49200	49200	11	10	0	7	4	7	7	25	1	5036678	6075	4775	148	1925	4244	4632	2536	13292	512	
FL	49400	49400	10	12	0	7	6	7	7	24	1	5031471	6075	4775	148	1925	4244	4632	2536	13292	512	
FL	49600	49600	12	16	0	7	6	7	6	22	1	5026508	6075	4775	148	1925	4244	4632	2536	13292	512	
FL	49800	49800	10	16	0	7	4	7	7	22	1	5021550	6075	4775	148	1925	4244	4632	2536	13292	512	
FL	50000	50000	11	16	0	5	5	4	7	20	1	5016137	6075	4775	148	1925	4244	4632	2536	13292	512	
FL	50200	50200	10	13	0	4	5	4	8	21	1	5010698	6075	4775	148	1925	4244	4632	2536	13292	512	
FL	50400	50400	10	11	0	3	4	4	7	22	1	5005357	6075	4775	148	1925	4244	4632	2536	13292	512	
FL	50600	50600	10	9	0	3	3	5	6	23	1	4999604	6075	4775	148	1925	4244	4632	2536	13292	512	
FL	50800	50800	14	9	0	3	3	4	5	24	1	4993684	6075	4775	148	1925	4244	4632	2536	13292	512	
FL	51000	51000	13	9	0	3	4	4	4	25	0	4987901	6075	4775	148	1925	4244	4632	2536	13292	512	
FL	51200	51200	14	9	0	2	4	2	3	23	0	4982687	6075	4775	148	1925	4244	4632	2536	13292	512	
FL	51400	51400	14	9	0	3	7	2	3	21	0	4977635	6075	4775	148	1925	4244	4632	2536	13292	512	
FL	51600	51600	14	10	0	4	7	3	3	17	0	4971884	6075	4775	148	1925	4244	4632	2536	13292	512	
FL	51800	51800	15	9	0	4	7	4	2	16	0	4966460	6075	4775	148	1925	4244	4632	2536	13292	512	
FL	52000	52000	16	10	0	4	7	5	2	18	0	4961152	6075	4775	148	1925	4244	4632	2536	13292	512	
FL	52200	52200	14	7	0	4	6	5	3	20	0	4956298	6075	4775	148	1925	4244	4632	2536	13292	512	
FL	52400	52400	14	5	0	5	5	4	3	17	1	4951613	6075	4775	148	1925	4244	4632	2536	13292	512	
FL	52600	52600	12	3	0	5	4	3	4	18	0	4947286	6075	4775	148	1925	4244	4632	2536	13292	512	
FL	52800	52800	13	4	0	5	5	4	4	17	0	4942547	6075	4775	148	1925	4244	4632	2536	13292	512	
FL	53000	53000	11	5	0	5	6	5	5	17	0	4937803	6075	4775	148	1925	4244	4632	2536	13292	512	
FL	53200	53200	11	7	0	5	4	5	4	17	0	4933479	6075	4775	148	1925	4244	4632	2536	13292	512	
FL	53400	53400	9	7	0	5	4	4	5	17	0	4929404	6075	4775	148	1925	4244	4632	2536	13292	512	
FL	53600	53600	8	9	0	4	3	5	6	18	0	4925062	6075	4775	148	1925	4244	4632	2536	13292	512	
FL	53800	53800	8	9	0	3	3	4	6	18	0	4920327	6075	4775	148	1925	4244	4632	2536	13292	512	
FL	54000	54000	8	9	0	2	3	4	7	20	0	4915333	6075	4775	148	1925	4244	4632	2536	13292	512	
FL	54200	54200	5	9	0	1	3	5	7	19	0	4910123	6075	4775	148	1925	4244	4632	2536	13292	512	
FL	54400	54400	6	7	0	2	2	5	8	20	0	4905265	6075	4775	148	1925	4244	4632	2536	13292	512	
FL	54600	54600	7	7	0	2	4	5	8	16	0	4900544	6075	4775	148	1925	4244	4632	2536	13292	512	
FL	54800	54800	10	7	0	3	5	5	8	17	0	4895937	6075	4775	148	1925	4244	4632	2536	13292	512	
FL	55000	55000	9	7	0	3	4	4	7	19	0	4891096	6075	4775	148	1925	4244	4632	2536	13292	512	
FL	55200	55200	11	8	0	2	3	5	5	20	0	4885970	6075	4775	148	1925	4244	4632	2536	13292	512	
FL	55400	55400	12	8	0	2	4	4	8	19	0	4880970	6075	4775	148	1925	4244	4632	2536	13292	512	
FL	55600	55600	11	9	0	2	4	6	8	18	0	4876049	6075	4775	148	1925	4244	4632	2536	13292	512	
FL	55800	55800	8	7	0	2	5	4	7	17	0	4870801	6075	4775	148	1925	4244	4632	2536	13292	512	
FL	56000	56000	7	8	0	3	6	7	8	17	0	4865212	6075	4775	148	1925	4244	4632	2536	13292	512	
FL	56200	56200	7	9	0	3	6	8	7	18	0	4859018	6075	4775	148	1925	4244	4632	2536	13292	512	
FL	56400	56400	7	11	0	3	4	8	5	18	0	4852992	6075	4775	148	1925	4244	4632	2536	13292	512	
FL	56600	56600	9	8	0	3	4	10	5	16	0	4846995	6075	4775	148	1925	4244	4632	2536	13292	512	
FL	56800	56800	7	8	0	3	5	9	5	15	0	4840710	6075	4775	148	1925	4244	4632	2536	13292	512	
FL	57000	57000	6	7	0	1	6	9	3	18	0	4834309	6075	4775	148	1925	4244	4632	2536	13292	512	
FL	57200	57200	6	6	0	1	6	9	3	18	0	4827463	6075	4775	148	1925	4244	4632	2536	13292	512	
FL	57400	57400	9	4	0	1	6	9	4	20	0	4821211	6075	4775	148	1925	4244	4632	2536	13292	512	
FL	57600	57600	11	5	0	1	5	9	4	17	0	4815256	6075	4775	148	1925	4244	4632	2536	13292	512	
FL	57800	57800	10	4	0	0	5	8	5	16	0	4808593	6075	4775	148	1925	4244	4632	2536	13292	512	
FL	58000	58000	11	4	0	1	6	10	5	15	0	4801053	6075	4775	148	1925	4244	4632	2536	13292	512	
FL	58200	58200	13	5	0	1	4	10	5	13	0	4793276	6075	4775	148	1925	4244	4632	2536	13292	512	
FL	58400	58400	13	6	0	1	5	9	4	14	0	4784887	6075	4775	148	1925	4244	4632	2536	13292	512	
FL	58600	58600	13	6	0	1	5	9	3	11	0	4776751	6075	4775	148	1925	4244	4632	2536	13292	512	
FL	58800	58800	11	6	0	3	5	9	3	16	0	4768103	6075	4775	148	1925	4244	4632	2536	13292	512	
FL	59000	59000	10	7	0	3	5	9	3	18	0	4758986	6075	4775	148	1925	4244	4632	2536	13292	512	
FL	59200	59200	11	6	0	3	7	7	4	16	0	4750071	6075	4775	148	1925	4244	4632	2536	13292	512	
FL	59400	59400	12	7	0	3	6	6	4	15	0	4741197	6075	4775	148	1925	4244	4632	2536	13292	512	
FL	59600	59600	14	7	1	4	4	4	4	16	0	4733063	6075	4775	148	1925	4244	4632	2536	13292	512	
FL	59800	59800	16	8	0	8	4	6	4	18	0	4725118	6075	4775	148	1925	4244	4632	2536	13292	512	
FL	60000	60000	13	9	0	7	5	6	4	16	0	4716668	6075	4775	148	1925	4244	4632	2536	13292	512	
FL	60200	60200	13	7	0	7	7	6	5	19	0	4708172	6075	4775	148	1925	4244	4632	2536	13292	512	
FL	60400	60400	13	8	0	7	6	7	5	17	0	4699916	6075	4775	148	1925	4244	4632	2536	13292	512	
FL	60600	60600	12	8	0	10	4	7	4	17	0	4692873	6075	4775	148	1925	4244	4632	2536	13292	512	
FL	60800	60800	13	8	0	10	3	6	5	17	0	4685894	6075	4775	148	1925	4244	4632	2536	13292	512	
FL	61000	61000	13	9	0	9	5	6	6	18	0	4679665	6075	4775	148	1925	4244	4632	2536	13292	512	
FL	61200	61200	12	8	0	9	5	8	8	18	0	4673380	6075	4775	148	1925	4244	4632	2536	13292	512	
FL	61400	61400	9	7	0	10	5	9	7	18	0	4667442	6075	4775	148	1925	4244	4632	2536	13292	512	
FL	61600	61600	9	7	0	10	7	9	7	16	0	4661621	6075	4775	148	1925	4244	4632	2536	13292	512	
FL	61800	61800	8	7	0	10	8	7	6	16	0	4656365	6075	4775	148	1925	4244	4632	2536	13292	512	
FL	62000	62000	7	5	0	10	10	7	7	19	0	4651127	6075	4775	148	1925	4244	4632	2536	13292	512	
FL	62200	62200	7	3	0	9	8	7	6	18	0	4645858	6075	4775	148	1925	4244	4632	2536	13292	512	
FL	62400	62400	9	2	0	9	8	7	6	18	0	4640491	6075	4775	148	1925	4244	4632	2536	13292	512	
FL	62600	62600	10	1	0	8	7	4	6	17	0	4635694	6075	4775	148	1925	4244	4632	2536	13292	512	
FL	62800	62800	11	1	0	8	8	4	5	14	0	4631223	6075	4775	148	1925	4244	4632	2536	13292	512	
FL	63000	63000	9	0	0	7	8	6	5	16	0	4626543	6075	4775	148	1925	4244	4632	2536	13292	512	
FL	63200	63200	12	0	0	5	6	5	5	16	0	4621701	6075	4775	148	1925	4244	4632	2536	13292	512	
FL	63400	63400	12	0	0	2	7	5	4	13	0	4617493	6075	4775	148	1925	4244	4632	2536	13292	512	
FL	63600	63600	13	1	0	2	6	5	4	14	0	4612661	6075	4775	148	1925	4244	4632	2536	13292	512	
FL	63800	63800	12	4	0	3	6	5	4	14	0	4607601	6075	4775	148	1925	4244	4632	2536	13292	512	
FL	64000	64000	13	4	0	5	4	4	2	12	0	4602274	6075	4775	148	1925	4244	4632	2536	13292	512	
FL	64200	64200	13	4	0	6	3	4	1	13	0	4597602	6075	4775	148	1925	4244	4632	2536	13292	512	
FL	64400	64400	11	5	1	6	4	3	3	16	0	4592914	6075	4775	148	1925	4244	4632	2536	13292	512	
FL	64600	64600	8	5	1	8	4	5	3	18	0	4587779	6075	4775	148	1925	4244	4632	2536	13292	512	
FL	64800	64800	8	5	1	8	4	5	3	16	0	4582105	6075	4775	148	1925	4244	4632	2536	13292	512	
FL	65000	65000	7	4	1	8	4	5	3	15	1	4576374	6075	4775	148	1925	4244	4632	2536	13292	512	
FL	65200	65200	8	3	1	8	5	5	3	18	1	4570921	6075	4775	148	1925	4244	4632	2536	13292	512	
FL	65400	65400	8	2	1	7	4	4	4	21	1	4565669	6075	4775	148	1925	4244	4632	2536	13292	512	
FL	65600	65600	9	3	0	6	4	5	4	21	1	4561234	6075	4775	148	1925	4244	4632	2536	13292	512	
FL	65800	65800	10	3	0	1	4	8	3	23	1	4556726	6075	4775	148	1925	4244	4632	2536	13292	512	
FL	66000	66000	9	4	0	1	3	8	4	24	2	4551986	6075	4775	148	1925	4244	4632	2536	13292	512	
FL	66200	66200	10	3	0	1	3	5	5	23	3	4547580	6075	4775	148	1925	4244	4632	2536	13292	512	
FL	66400	66400	10	5	0	1	3	5	5	24	3	4542891	6075	4775	148	1925	4244	4632	2536	13292	512	
FL	66600	66600	8	5	0	2	2	6	6	24	3	4538277	6075	4775	148	1925	4244	4632	2536	13292	512	
FL	66800	66800	9	4	0	2	2	6	6	25	2	4534352	6075	4775	148	1925	4244	4632	2536	13292	512	
FL	67000	67000	11	4	0	2	3	8	6	23	2	4530674	6075	4775	148	1925	4244	4632	2536	13292	512	
FL	67200	67200	13	4	0	2	7	7	5	22	1	4526169	6075	4775	148	1925	4244	4632	2536	13292	512	
FL	67400	67400	13	5	0	3	5	6	6	21	1	4521417	6075	4775	148	1925	4244	4632	2536	13292	512	
FL	67600	67600	11	7	0	3	5	5	6	17	1	4516868	6075	4775	148	1925	4244	4632	2536	13292	512	
FL	67800	67800	11	6	0	3	6	6	6	13	1	4512102	6075	4775	148	1925	4244	4632	2536	13292	512	
FL	68000	68000	7	7	0	2	5	7	5	13	1	4507241	6075	4775	148	1925	4244	4632	2536	13292	512	
FL	68200	68200	7	6	0	1	4	9	6	14	1	4502357	6075	4775	148	1925	4244	4632	2536	13292	512	
FL	68400	68400	6	6	1	1	1	12	4	18	1	4497652	6075	4775	148	1925	4244	4632	2536	13292	512	
FL	68600	68600	9	6	1	1	2	14	3	17	1	4492906	6075	4775	148	1925	4244	4632	2536	13292	512	
FL	68800	68800	9	7	0	1	3	15	3	16	1	4488564	6075	4775	148	1925	4244	4632	2536	13292	512	
FL	69000	69000	10	6	0	1	3	15	2	12	1	4484303	6075	4775	148	1925	4244	4632	2536	13292	512	
FL	69200	69200	8	4	0	1	4	15	2	13	1	4479496	6075	4775	148	1925	4244	4632	2536	13292	512	
FL	69400	69400	10	5	0	1	6	14	2	15	1	4474473	6075	4775	148	1925	4244	4632	2536	13292	512	
FL	69600	69600	7	5	0	1	6	14	4	19	0	4469755	6075	4775	148	1925	4244	4632	2536	13292	512	
FL	69800	69800	7	5	0	2	6	10	4	20	0	4464766	6075	4775	148	1925	4244	4632	2536	13292	512	
FL	70000	70000	8	6	0	2	6	10	3	21	0	4459743	6075	4775	148	1925	4244	4632	2536	13292	512	
FL	70200	70200	10	7	0	2	7	10	2	20	0	4454799	6075	4775	148	1925	4244	4632	2536	13292	512	
FL	70400	70400	12	9	0	2	7	12	3	20	0	4449796	6075	4775	148	1925	4244	4632	2536	13292	512	
FL	70600	70600	12	9	0	3	6	12	4	19	0	4445146	6075	4775	148	1925	4244	4632	2536	13292	512	
FL	70800	70800	12	9	1	4	5	13	4	20	0	4440627	6075	4775	148	1925	4244	4632	2536	13292	512	
FL	71000	71000	11	10	1	5	5	13	4	23	0	4436343	6075	4775	148	1925	4244	4632	2536	13292	512	
FL	71200	71200	12	8	1	6	6	11	5	20	1	4432081	6075	4775	148	1925	4244	4632	2536	13292	512	
FL	71400	71400	11	9	1	7	7	9	4	21	2	4427721	6075	4775	148	1925	4244	4632	2536	13292	512	
FL	71600	71600	10	9	1	4	8	7	5	28	2	4423399	6075	4775	148	1925	4244	4632	2536	13292	512	
FL	71800	71800	11	9	1	5	8	8	5	28	1	4419424	6075	4775	148	1925	4244	4632	2536	13292	512	
FL	72000	72000	11	8	1	4	9	10	5	27	1	4415839	6075	4775	148	1925	4244	4632	2536	13292	512	
FL	72200	72200	10	9	1	4	8	10	4	26	1	4412357	6075	4775	148	1925	4244	4632	2536	13292	512	
FL	72400	72400	12	7	1	2	6	8	4	25	0	4408881	6075	4775	148	1925	4244	4632	2536	13292	512	
FL	72600	72600	12	7	1	3	5	12	4	22	1	4405883	6075	4775	148	1925	4244	4632	2536	13292	512	
FL	72800	72800	11	7	0	2	4	11	4	23	1	4402523	6075	4775	148	1925	4244	4632	2536	13292	512	
FL	73000	73000	9	7	0	3	4	11	3	23	0	4398817	6075	4775	148	1925	4244	4632	2536	13292	512	
FL	73200	73200	10	5	0	4	4	8	3	22	0	4395529	6075	4775	148	1925	4244	4632	2536	13292	512	
FL	73400	73400	12	4	0	4	4	9	3	23	0	4392417	6075	4775	148	1925	4244	4632	2536	13292	512	
FL	73600	73600	11	5	0	4	3	7	3	22	0	4389285	6075	4775	148	1925	4244	4632	2536	13292	512	
FL	73800	73800	8	7	0	4	3	7	3	23	0	4386091	6075	4775	148	1925	4244	4632	2536	13292	512	
FL	74000	74000	5	6	0	3	3	7	3	21	0	4383119	6075	4775	148	1925	4244	4632	2536	13292	512	
FL	74200	74200	10	4	0	4	7	5	2	22	0	4379944	6075	4775	148	1925	4244	4632	2536	13292	512	
FL	74400	74400	11	5	0	5	7	9	2	25	0	4376529	6075	4775	148	1925	4244	4632	2536	13292	512	
FL	74600	74600	12	7	0	7	8	8	2	22	0	4372677	6075	4775	148	1925	4244	4632	2536	13292	512	
FL	74800	74800	13	8	0	9	8	10	2	18	1	4368643	6075	4775	148	1925	4244	4632	2536	13292	512	
FL	75000	75000	16	9	0	9	12	10	2	21	1	4364371	6075	4775	148	1925	4244	4632	2536	13292	512	
FL	75200	75200	18	9	0	8	13	10	2	17	1	4359832	6075	4775	148	1925	4244	4632	2536	13292	512	
FL	75400	75400	21	9	0	7	11	9	2	20	1	4355479	6075	4775	148	1925	4244	4632	2536	13292	512	
FL	75600	75600	21	7	0	4	10	9	4	20	0	4351444	6075	4775	148	1925	4244	4632	2536	13292	512	
FL	75800	75800	14	7	0	5	10	7	3	19	0	4346986	6075	4775	148	1925	4244	4632	2536	13292	512	
FL	76000	76000	13	6	0	5	9	5	4	18	0	4342312	6075	4775	148	1925	4244	4632	2536	13292	512	
FL	76200	76200	9	6	0	4	7	5	3	18	0	4338054	6075	4775	148	1925	4244	4632	2536	13292	512	
FL	76400	76400	5	7	0	6	6	6	5	18	0	4333703	6075	4775	148	1925	4244	4632	2536	13292	512	
FL	76600	76600	6	7	0	5	6	7	5	18	0	4329025	6075	4775	148	1925	4244	4632	2536	13292	512	
FL	76800	76800	8	8	0	6	7	7	4	18	0	4324033	6075	4775	148	1925	4244	4632	2536	13292	512	
FL	77000	77000	11	10	0	5	7	4	3	19	0	4319213	6075	4775	148	1925	4244	4632	2536	13292	512	
FL	77200	77200	10	10	0	5	7	4	3	20	0	4315205	6075	4775	148	1925	4244	4632	2536	13292	512	
FL	77400	77400	10	6	0	6	6	5	3	21	0	4311145	6075	4775	148	1925	4244	4632	2536	13292	512	
FL	77600	77600	11	5	0	6	5	8	3	17	0	4307016	6075	4775	148	1925	4244	4632	2536	13292	512	
FL	77800	77800	10	6	0	6	6	8	3	16	0	4302094	6075	4775	148	1925	4244	4632	2536	13292	512	
FL	78000	78000	10	5	0	5	6	8	5	18	0	4297090	6075	4775	148	1925	4244	4632	2536	13292	512	
FL	78200	78200	8	4	0	4	5	9	5	21	0	4292668	6075	4775	148	1925	4244	4632	2536	13292	512	
FL	78400	78400	9	5	0	3	5	8	7	24	0	4288186	6075	4775	148	1925	4244	4632	2536	13292	512	
FL	78600	78600	9	4	0	2	5	10	6	22	0	4283616	6075	4775	148	1925	4244	4632	2536	13292	512	
FL	78800	78800	9	6	0	2	4	8	5	23	0	4279167	6075	4775	148	1925	4244	4632	2536	13292	512	
FL	79000	79000	6	6	0	2	4	9	3	21	0	4275326	6075	4775	148	1925	4244	4632	2536	13292	512	
FL	79200	79200	6	7	0	2	6	10	3	22	0	4271301	6075	4775	148	1925	4244	4632	2536	13292	512	
FL	79400	79400	5	8	0	2	4	8	4	25	0	4267594	6075	4775	148	1925	4244	4632	2536	13292	512	
FL	79600	79600	6	7	0	2	6	11	5	24	0	4263626	6075	4775	148	1925	4244	4632	2536	13292	512	
FL	79800	79800	5	7	0	2	7	13	6	23	0	4259920	6075	4775	148	1925	4244	4632	2536	13292	512	
FL	80000	80000	6	5	0	2	7	13	5	24	0	4256461	6075	4775	148	1925	4244	4632	2536	13292	512	
FL	80200	80200	6	5	0	3	6	11	6	25	0	4252961	6075	4775	148	1925	4244	4632	2536	13292	512	
FL	80400	80400	5	6	0	4	5	11	5	21	0	4249382	6075	4775	148	1925	4244	4632	2536	13292	512	
FL	80600	80600	5	5	0	4	4	11	6	21	0	4245654	6075	4775	148	1925	4244	4632	2536	13292	512	
FL	80800	80800	7	5	0	4	5	11	3	21	1	4241925	6075	4775	148	1925	4244	4632	2536	13292	512	
FL	81000	81000	8	6	0	3	6	11	4	21	1	4237845	6075	4775	148	1925	4244	4632	2536	13292	512	
FL	81200	81200	8	8	0	3	5	10	4	20	1	4233889	6075	4775	148	1925	4244	4632	2536	13292	512	
FL	81400	81400	7	9	0	3	4	9	4	18	1	4230252	6075	4775	148	1925	4244	4632	2536	13292	512	
FL	81600	81600	5	9	0	3	4	10	4	20	1	4226592	6075	4775	148	1925	4244	4632	2536	13292	512	
FL	81800	81800	5	7	0	5	3	7	4	15	1	4223371	6075	4775	148	1925	4244	4632	2536	13292	512	
FL	82000	82000	4	7	0	5	4	6	2	13	1	4220100	6075	4775	148	1925	4244	4632	2536	13292	512	
FL	82200	82200	4	7	0	4	4	6	1	9	1	4216538	6075	4775	148	1925	4244	4632	2536	13292	512	
FL	82400	82400	3	7	0	3	4	3	1	11	1	4213170	6075	4775	148	1925	4244	4632	2536	13292	512	
FL	82600	82600	4	9	0	2	4	2	1	10	1	4209928	6075	4775	148	1925	4244	4632	2536	13292	512	
FL	82800	82800	5	9	0	2	5	3	1	11	1	4206521	6075	4775	148	1925	4244	4632	2536	13292	512	
FL	83000	83000	4	12	0	3	5	3	2	12	1	4202725	6075	4775	148	1925	4244	4632	2536	13292	512	
FL	83200	83200	6	13	0	3	5	3	3	15	1	4198626	6075	4775	148	1925	4244	4632	2536	13292	512	
FL	83400	83400	8	13	0	4	4	4	3	15	1	4194450	6075	4775	148	1925	4244	4632	2536	13292	512	
FL	83600	83600	8	13	0	5	5	5	3	17	0	4190250	6075	4775	148	1925	4244	4632	2536	13292	512	
FL	83800	83800	9	12	0	4	5	5	2	19	0	4186050	6075	4775	148	1925	4244	4632	2536	13292	512	
FL	84000	84000	11	12	0	3	6	7	2	21	1	4182181	6075	4775	148	1925	4244	4632	2536	13292	512	
FL	84200	84200	13	11	0	3	7	6	3	20	1	4178429	6075	4775	148	1925	4244	4632	2536	13292	512	
FL	84400	84400	11	10	0	3	8	5	4	19	1	4174805	6075	4775	148	1925	4244	4632	2536	13292	512	
FL	84600	84600	14	9	0	2	6	6	4	20	2	4171242	6075	4775	148	1925	4244	4632	2536	13292	512	
FL	84800	84800	14	9	0	4	7	7	1	21	2	4167629	6075	4775	148	1925	4244	4632	2536	13292	512	
FL	85000	85000	14	9	0	3	7	7	1	23	2	4163818	6075	4775	148	1925	4244	4632	2536	13292	512	
FL	85200	85200	15	8	0	3	8	7	1	21	2	4159620	6075	4775	148	1925	4244	4632	2536	13292	512	
FL	85400	85400	15	8	0	4	8	7	0	18	2	4155239	6075	4775	148	1925	4244	4632	2536	13292	512	
FL	85600	85600	12	9	0	4	7	10	0	16	2	4150966	6075	4775	148	1925	4244	4632	2536	13292	512	
FL	85800	85800	13	9	0	4	7	10	1	15	2	4147664	6075	4775	148	1925	4244	4632	2536	13292	512	
FL	86000	86000	12	8	0	5	7	9	1	16	2	4144578	6075	4775	148	1925	4244	4632	2536	13292	512	
FL	86200	86200	12	6	0	5	7	9	3	18	1	4141600	6075	4775	148	1925	4244	4632	2536	13292	512	
FL	86400	86400	13	8	0	5	7	9	3	17	2	4138518	6075	4775	148	1925	4244	4632	2536	13292	512	
FL	86600	86600	17	9	0	5	6	8	3	15	2	4135311	6075	4775	148	1925	4244	4632	2536	13292	512	
FL	86800	86800	17	9	0	4	6	7	4	17	1	4132523	6075	4775	148	1925	4244	4632	2536	13292	512	
FL	87000	87000	17	9	1	4	5	6	4	17	1	4129235	6075	4775	148	1925	4244	4632	2536	13292	512	
FL	87200	87200	15	10	1	4	5	7	3	19	2	4126327	6075	4775	148	1925	4244	4632	2536	13292	512	
FL	87400	87400	12	12	1	5	5	7	2	19	2	4123490	6075	4775	148	1925	4244	4632	2536	13292	512	
FL	87600	87600	12	14	0	4	3	6	2	21	1	4120738	6075	4775	148	1925	4244	4632	2536	13292	512	
FL	87800	87800	14	14	0	4	2	6	2	20	0	4117904	6075	4775	148	1925	4244	4632	2536	13292	512	
FL	88000	88000	13	12	0	5	4	6	3	21	0	4115165	6075	4775	148	1925	4244	4632	2536	13292	512	
FL	88200	88200	11	11	0	3	5	5	3	22	0	4112469	6075	4775	148	1925	4244	4632	2536	13292	512	
FL	88400	88400	11	10	0	3	5	5	3	19	0	4109262	6075	4775	148	1925	4244	4632	2536	13292	512	
FL	88600	88600	11	10	0	2	5	5	3	23	0	4105580	6075	4775	148	1925	4244	4632	2536	13292	512	
FL	88800	88800	12	9	0	2	4	4	3	23	0	4101529	6075	4775	148	1925	4244	4632	2536	13292	512	
FL	89000	89000	10	9	0	2	5	4	4	23	0	4097831	6075	4775	148	1925	4244	4632	2536	13292	512	
FL	89200	89200	11	10	0	1	5	3	3	20	0	4094272	6075	4775	148	1925	4244	4632	2536	13292	512	
FL	89400	89400	10	11	0	1	6	3	4	20	0	4090849	6075	4775	148	1925	4244	4632	2536	13292	512	
FL	89600	89600	11	12	0	1	6	5	3	20	0	4087527	6075	4775	148	1925	4244	4632	2536	13292	512	
FL	89800	89800	12	12	0	1	5	6	2	19	0	4084527	6075	4775	148	1925	4244	4632	2536	13292	512	
FL	90000	90000	11	13	0	0	10	6	3	15	0	4081305	6075	4775	148	1925	4244	4632	2536	13292	512	
FL	90200	90200	10	14	0	0	10	6	3	17	0	4077903	6075	4775	148	1925	4244	4632	2536	13292	512	
FL	90400	90400	10	13	0	0	9	6	3	17	0	4074325	6075	4775	148	1925	4244	4632	2536	13292	512	
FL	90600	90600	10	11	0	0	7	6	4	19	0	4070731	6075	4775	148	1925	4244	4632	2536	13292	512	
FL	90800	90800	10	8	0	1	7	6	2	20	1	4067608	6075	4775	148	1925	4244	4632	2536	13292	512	
FL	91000	91000	10	8	0	1	7	5	3	23	1	4064876	6075	4775	148	1925	4244	4632	2536	13292	512	
FL	91200	91200	10	7	0	2	6	4	4	24	1	4062156	6075	4775	148	1925	4244	4632	2536	13292	512	
FL	91400	91400	11	8	0	2	6	6	4	21	2	4059288	6075	4775	148	1925	4244	4632	2536	13292	512	
FL	91600	91600	10	8	0	2	4	5	2	20	2	4056679	6075	4775	148	1925	4244	4632	2536	13292	512	
FL	91800	91800	10	8	0	2	4	6	2	18	1	4053876	6075	4775	148	1925	4244	4632	2536	13292	512	
FL	92000	92000	10	9	0	2	4	5	2	20	1	4050876	6075	4775	148	1925	4244	4632	2536	13292	512	
FL	92200	92200	10	9	0	2	5	5	2	21	1	4047897	6075	4775	148	1925	4244	4632	2536	13292	512	
FL	92400	92400	11	8	0	2	6	5	3	18	1	4045295	6075	4775	148	1925	4244	4632	2536	13292	512	
FL	92600	92600	11	8	0	1	6	6	3	17	1	4042266	6075	4775	148	1925	4244	4632	2536	13292	512	
FL	92800	92800	10	7	0	1	6	6	3	20	1	4039044	6075	4775	148	1925	4244	4632	2536	13292	512	
FL	93000	93000	11	9	0	2	6	8	3	20	1	4035775	6075	4775	148	1925	4244	4632	2536	13292	512	
FL	93200	93200	10	9	0	2	5	7	2	21	0	4033210	6075	4775	148	1925	4244	4632	2536	13292	512	
FL	93400	93400	11	7	0	2	3	6	2	17	0	4030709	6075	4775	148	1925	4244	4632	2536	13292	512	
FL	93600	93600	8	9	0	2	4	5	2	16	0	4027685	6075	4775	148	1925	4244	4632	2536	13292	512	
FL	93800	93800	8	7	0	3	5	5	2	19	0	4024108	6075	4775	148	1925	4244	4632	2536	13292	512	
FL	94000	94000	7	8	0	3	5	5	1	22	0	4020221	6075	4775	148	1925	4244	4632	2536	13292	512	
FL	94200	94200	8	7	0	2	7	8	1	19	0	4016225	6075	4775	148	1925	4244	4632	2536	13292	512	
FL	94400	94400	5	8	0	3	6	5	2	17	0	4011946	6075	4775	148	1925	4244	4632	2536	13292	512	
FL	94600	94600	5	7	0	3	4	5	3	14	0	4008129	6075	4775	148	1925	4244	4632	2536	13292	512	
FL	94800	94800	4	7	0	3	5	4	5	14	0	4004831	6075	4775	148	1925	4244	4632	2536	13292	512	
FL	95000	95000	5	6	0	3	5	6	5	15	0	4001606	6075	4775	148	1925	4244	4632	2536	13292	512	
FL	95200	95200	7	7	0	2	5	6	5	14	0	3997982	6075	4775	148	1925	4244	4632	2536	13292	512	
FL	95400	95400	8	7	0	2	5	7	7	13	0	3993648	6075	4775	148	1925	4244	4632	2536	13292	512	
FL	95600	95600	9	7	0	2	5	7	7	15	0	3989529	6075	4775	148	1925	4244	4632	2536	13292	512	
FL	95800	95800	10	6	0	2	6	7	5	13	0	3985706	6075	4775	148	1925	4244	4632	2536	13292	512	
FL	96000	96000	9	5	0	1	6	4	5	12	0	3982316	6075	4775	148	1925	4244	4632	2536	13292	512	
FL	96200	96200	9	5	0	1	6	4	5	14	0	3979503	6075	4775	148	1925	4244	4632	2536	13292	512	
FL	96400	96400	7	4	0	1	5	3	6	15	0	3976713	6075	4775	148	1925	4244	4632	2536	13292	512	
FL	96600	96600	8	4	0	1	6	3	6	11	1	3974426	6075	4775	148	1925	4244	4632	2536	13292	512	
FL	96800	96800	10	4	0	0	6	3	6	12	1	3972337	6075	4775	148	1925	4244	4632	2536	13292	512	
FL	97000	97000	12	5	0	0	6	4	6	12	1	3970419	6075	4775	148	1925	4244	4632	2536	13292	512	
FL	97200	97200	10	4	0	0	6	4	5	11	1	3968177	6075	4775	148	1925	4244	4632	2536	13292	512	
FL	97400	97400	10	5	0	0	5	4	4	11	1	3965667	6075	4775	148	1925	4244	4632	2536	13292	512	
FL	97600	97600	9	6	0	0	5	5	2	10	1	3962666	6075	4775	148	1925	4244	4632	2536	13292	512	
FL	97800	97800	7	9	0	0	4	5	2	9	1	3958969	6075	4775	148	1925	4244	4632	2536	13292	512	
FL	98000	98000	6	9	0	0	4	6	2	8	1	3954954	6075	4775	148	1925	4244	4632	2536	13292	512	
FL	98200	98200	6	8	0	0	4	6	2	7	2	3951149	6075	4775	148	1925	4244	4632	2536	13292	512	
FL	98400	98400	5	7	0	0	7	7	2	11	2	3947112	6075	4775	148	1925	4244	4632	2536	13292	512	
FL	98600	98600	4	6	0	0	8	7	0	12	2	3942783	6075	4775	148	1925	4244	4632	2536	13292	512	
FL	98800	98800	4	6	0	2	9	8	0	15	2	3938466	6075	4775	148	1925	4244	4632	2536	13292	512	
FL	99000	99000	6	6	0	3	9	10	0	17	1	3934034	6075	4775	148	1925	4244	4632	2536	13292	512	
FL	99200	99200	6	4	0	3	7	8	0	17	1	3930369	6075	4775	148	1925	4244	4632	2536	13292	512	
FL	99400	99400	5	5	0	3	7	8	0	16	1	3926804	6075	4775	148	1925	4244	4632	2536	13292	512	
FL	99600	99600	6	4	0	3	6	7	0	14	1	3923143	6075	4775	148	1925	4244	4632	2536	13292	512	
FL	99800	99800	4	3	0	2	5	7	1	14	1	3919543	6075	4775	148	1925	4244	4632	2536	13292	512	
FL	100000	100000	4	5	0	2	4	7	1	14	1	3915895	6075	4775	148	1925	4244	4632	2536	13292	512	
