DHL	0	0	73	191	18	84	207	169	148	0	60	52134387	2244	2253	1119	2143	9003	7950	6980	4755	
DHL	-200	-200	85	199	18	77	197	156	156	0	60	51880035	2244	2253	1119	2143	9003	7950	6980	4755	
DHL	-400	-400	85	191	19	77	189	151	147	0	62	51161246	2244	2253	1119	2143	9003	7950	6980	4755	
DHL	-600	-600	84	192	18	73	178	144	151	0	62	50112398	2244	2253	1119	2143	9003	7950	6980	4755	
DHL	-800	-800	92	193	17	77	172	160	141	0	56	48832393	2244	2253	1119	2143	9003	7950	6980	4755	
DHL	-1000	-1000	86	183	19	79	166	145	140	0	57	47394445	2244	2253	1119	2143	9003	7950	6980	4755	
DHL	-1200	-1200	85	190	17	75	150	151	138	0	56	45870183	2244	2253	1119	2143	9003	7950	6980	4755	
DHL	-1400	-1400	83	192	18	80	131	168	132	0	56	44315060	2244	2253	1119	2143	9003	7950	6980	4755	
DHL	-1600	-1600	82	196	16	89	134	171	136	0	54	42780994	2244	2253	1119	2143	9003	7950	6980	4755	
DHL	-1800	-1800	93	192	17	82	138	162	134	0	52	41294353	2244	2253	1119	2143	9003	7950	6980	4755	
DHL	-2000	-2000	87	195	15	82	133	156	135	0	55	39851589	2244	2253	1119	2143	9003	7950	6980	4755	
DHL	-2200	-2200	86	207	16	90	139	153	131	0	53	38481484	2244	2253	1119	2143	9003	7950	6980	4755	
DHL	-2400	-2400	86	205	18	87	137	155	125	0	56	37184953	2244	2253	1119	2143	9003	7950	6980	4755	
DHL	-2600	-2600	83	209	19	79	132	151	114	0	52	35972714	2244	2253	1119	2143	9003	7950	6980	4755	
DHL	-2800	-2800	77	206	20	86	122	144	101	0	51	34830699	2244	2253	1119	2143	9003	7950	6980	4755	
DHL	-3000	-3000	68	184	18	78	120	136	101	0	47	33752760	2244	2253	1119	2143	9003	7950	6980	4755	
DHL	-3200	-3200	69	197	15	72	116	136	99	0	47	32744890	2244	2253	1119	2143	9003	7950	6980	4755	
DHL	-3400	-3400	64	179	16	63	126	141	94	0	48	31802250	2244	2253	1119	2143	9003	7950	6980	4755	
DHL	-3600	-3600	64	164	13	60	128	131	103	0	44	30919220	2244	2253	1119	2143	9003	7950	6980	4755	
DHL	-3800	-3800	62	134	9	52	107	123	99	0	44	30082738	2244	2253	1119	2143	9003	7950	6980	4755	
DHL	-4000	-4000	61	127	10	48	111	133	96	0	47	29298377	2244	2253	1119	2143	9003	7950	6980	4755	
DHL	-4200	-4200	72	126	8	45	114	117	95	0	48	28558892	2244	2253	1119	2143	9003	7950	6980	4755	
DHL	-4400	-4400	79	124	7	43	109	119	97	0	43	27857919	2244	2253	1119	2143	9003	7950	6980	4755	
DHL	-4600	-4600	74	112	8	44	102	112	99	0	35	27197792	2244	2253	1119	2143	9003	7950	6980	4755	
DHL	-4800	-4800	74	103	7	47	104	105	105	0	32	26573502	2244	2253	1119	2143	9003	7950	6980	4755	
DHL	-5000	-5000	72	100	7	48	106	105	100	0	32	25982689	2244	2253	1119	2143	9003	7950	6980	4755	
DHL	-5200	-5200	70	95	7	47	108	104	94	0	29	25423473	2244	2253	1119	2143	9003	7950	6980	4755	
DHL	-5400	-5400	67	91	6	45	108	98	81	0	27	24894908	2244	2253	1119	2143	9003	7950	6980	4755	
DHL	-5600	-5600	64	89	5	42	103	82	70	0	26	24387792	2244	2253	1119	2143	9003	7950	6980	4755	
DHL	-5800	-5800	57	82	6	40	104	77	69	0	25	23905999	2244	2253	1119	2143	9003	7950	6980	4755	
DHL	-6000	-6000	53	78	6	37	89	74	71	0	27	23447594	2244	2253	1119	2143	9003	7950	6980	4755	
DHL	-6200	-6200	54	80	9	42	91	69	72	0	25	23014817	2244	2253	1119	2143	9003	7950	6980	4755	
DHL	-6400	-6400	46	82	9	42	86	69	77	0	24	22605824	2244	2253	1119	2143	9003	7950	6980	4755	
DHL	-6600	-6600	43	84	8	39	82	68	77	0	21	22213318	2244	2253	1119	2143	9003	7950	6980	4755	
DHL	-6800	-6800	44	84	7	39	81	66	77	0	26	21840398	2244	2253	1119	2143	9003	7950	6980	4755	
DHL	-7000	-7000	43	81	8	41	79	63	73	0	27	21488702	2244	2253	1119	2143	9003	7950	6980	4755	
DHL	-7200	-7200	41	86	7	38	83	58	71	0	26	21155578	2244	2253	1119	2143	9003	7950	6980	4755	
DHL	-7400	-7400	43	83	8	40	75	63	68	0	24	20836168	2244	2253	1119	2143	9003	7950	6980	4755	
DHL	-7600	-7600	47	76	7	40	74	67	72	0	24	20532934	2244	2253	1119	2143	9003	7950	6980	4755	
DHL	-7800	-7800	41	82	7	40	80	61	68	0	22	20250008	2244	2253	1119	2143	9003	7950	6980	4755	
DHL	-8000	-8000	37	84	5	44	79	65	70	0	21	19979929	2244	2253	1119	2143	9003	7950	6980	4755	
DHL	-8200	-8200	34	73	6	43	77	55	74	0	19	19720850	2244	2253	1119	2143	9003	7950	6980	4755	
DHL	-8400	-8400	36	67	3	39	73	62	73	0	20	19471068	2244	2253	1119	2143	9003	7950	6980	4755	
DHL	-8600	-8600	39	65	4	35	66	63	68	0	20	19233690	2244	2253	1119	2143	9003	7950	6980	4755	
DHL	-8800	-8800	38	61	4	35	63	60	64	0	18	19006304	2244	2253	1119	2143	9003	7950	6980	4755	
DHL	-9000	-9000	29	62	3	35	60	57	63	0	15	18788776	2244	2253	1119	2143	9003	7950	6980	4755	
DHL	-9200	-9200	31	62	4	33	61	57	60	0	16	18582455	2244	2253	1119	2143	9003	7950	6980	4755	
DHL	-9400	-9400	28	62	3	31	48	53	54	0	17	18381723	2244	2253	1119	2143	9003	7950	6980	4755	
DHL	-9600	-9600	27	64	3	32	47	56	51	0	18	18189527	2244	2253	1119	2143	9003	7950	6980	4755	
DHL	-9800	-9800	25	64	4	31	46	53	49	0	20	18004946	2244	2253	1119	2143	9003	7950	6980	4755	
DHL	-10000	-10000	21	65	4	32	45	47	46	0	22	17825266	2244	2253	1119	2143	9003	7950	6980	4755	
DHL	-10200	-10200	22	62	7	30	41	45	45	0	23	17650490	2244	2253	1119	2143	9003	7950	6980	4755	
DHL	-10400	-10400	18	62	7	30	45	52	45	0	28	17483525	2244	2253	1119	2143	9003	7950	6980	4755	
DHL	-10600	-10600	18	62	6	31	42	45	44	0	28	17324752	2244	2253	1119	2143	9003	7950	6980	4755	
DHL	-10800	-10800	18	61	5	30	38	40	44	0	26	17169739	2244	2253	1119	2143	9003	7950	6980	4755	
DHL	-11000	-11000	20	61	5	32	43	39	43	0	24	17017357	2244	2253	1119	2143	9003	7950	6980	4755	
DHL	-11200	-11200	18	54	3	32	39	34	41	0	22	16866215	2244	2253	1119	2143	9003	7950	6980	4755	
DHL	-11400	-11400	21	51	4	29	40	35	44	0	21	16720509	2244	2253	1119	2143	9003	7950	6980	4755	
DHL	-11600	-11600	20	47	5	26	40	41	45	0	27	16581056	2244	2253	1119	2143	9003	7950	6980	4755	
DHL	-11800	-11800	21	48	5	25	40	35	43	0	28	16447708	2244	2253	1119	2143	9003	7950	6980	4755	
DHL	-12000	-12000	20	46	5	23	39	33	43	0	26	16319026	2244	2253	1119	2143	9003	7950	6980	4755	
DHL	-12200	-12200	18	44	7	23	38	34	51	0	24	16189856	2244	2253	1119	2143	9003	7950	6980	4755	
DHL	-12400	-12400	19	47	6	23	36	30	51	0	21	16062660	2244	2253	1119	2143	9003	7950	6980	4755	
DHL	-12600	-12600	16	46	6	24	37	29	52	0	20	15941724	2244	2253	1119	2143	9003	7950	6980	4755	
DHL	-12800	-12800	17	43	6	23	41	29	45	0	18	15826917	2244	2253	1119	2143	9003	7950	6980	4755	
DHL	-13000	-13000	18	42	6	24	43	32	45	0	18	15717799	2244	2253	1119	2143	9003	7950	6980	4755	
DHL	-13200	-13200	17	40	4	23	44	35	49	0	17	15609006	2244	2253	1119	2143	9003	7950	6980	4755	
DHL	-13400	-13400	15	40	7	27	40	42	44	0	18	15500207	2244	2253	1119	2143	9003	7950	6980	4755	
DHL	-13600	-13600	16	38	6	26	45	48	42	0	16	15392060	2244	2253	1119	2143	9003	7950	6980	4755	
DHL	-13800	-13800	19	39	7	27	45	43	45	0	16	15285503	2244	2253	1119	2143	9003	7950	6980	4755	
DHL	-14000	-14000	21	36	6	27	41	47	43	0	16	15182244	2244	2253	1119	2143	9003	7950	6980	4755	
DHL	-14200	-14200	21	39	5	30	41	45	45	0	15	15082599	2244	2253	1119	2143	9003	7950	6980	4755	
DHL	-14400	-14400	24	38	3	32	39	45	47	0	14	14987877	2244	2253	1119	2143	9003	7950	6980	4755	
DHL	-14600	-14600	23	40	4	28	38	47	45	0	16	14895772	2244	2253	1119	2143	9003	7950	6980	4755	
DHL	-14800	-14800	22	39	5	29	36	45	44	0	18	14806585	2244	2253	1119	2143	9003	7950	6980	4755	
DHL	-15000	-15000	24	39	5	28	37	42	43	0	17	14720656	2244	2253	1119	2143	9003	7950	6980	4755	
DHL	-15200	-15200	20	41	5	26	42	46	41	0	15	14637244	2244	2253	1119	2143	9003	7950	6980	4755	
DHL	-15400	-15400	19	42	4	25	46	45	51	0	15	14554057	2244	2253	1119	2143	9003	7950	6980	4755	
DHL	-15600	-15600	17	40	4	26	46	46	49	0	17	14469935	2244	2253	1119	2143	9003	7950	6980	4755	
DHL	-15800	-15800	16	39	5	26	43	45	45	0	16	14385914	2244	2253	1119	2143	9003	7950	6980	4755	
DHL	-16000	-16000	18	38	5	25	40	43	44	0	15	14301126	2244	2253	1119	2143	9003	7950	6980	4755	
DHL	-16200	-16200	15	35	7	22	37	42	43	0	14	14216482	2244	2253	1119	2143	9003	7950	6980	4755	
DHL	-16400	-16400	12	35	8	20	33	34	44	0	15	14133211	2244	2253	1119	2143	9003	7950	6980	4755	
DHL	-16600	-16600	12	32	7	21	33	32	43	0	11	14051113	2244	2253	1119	2143	9003	7950	6980	4755	
DHL	-16800	-16800	10	33	8	23	39	38	41	0	9	13971434	2244	2253	1119	2143	9003	7950	6980	4755	
DHL	-17000	-17000	15	33	8	22	35	44	40	0	10	13895382	2244	2253	1119	2143	9003	7950	6980	4755	
DHL	-17200	-17200	14	33	7	21	36	43	38	0	10	13822068	2244	2253	1119	2143	9003	7950	6980	4755	
DHL	-17400	-17400	16	32	6	19	39	45	41	0	14	13747390	2244	2253	1119	2143	9003	7950	6980	4755	
DHL	-17600	-17600	19	32	7	18	49	44	40	0	17	13672638	2244	2253	1119	2143	9003	7950	6980	4755	
DHL	-17800	-17800	16	28	6	18	51	52	44	0	16	13598508	2244	2253	1119	2143	9003	7950	6980	4755	
DHL	-18000	-18000	16	26	6	20	46	48	36	0	15	13527137	2244	2253	1119	2143	9003	7950	6980	4755	
DHL	-18200	-18200	17	31	4	17	50	45	36	0	20	13456306	2244	2253	1119	2143	9003	7950	6980	4755	
DHL	-18400	-18400	12	35	4	17	50	48	38	0	23	13385884	2244	2253	1119	2143	9003	7950	6980	4755	
DHL	-18600	-18600	12	32	3	22	40	48	39	0	21	13316816	2244	2253	1119	2143	9003	7950	6980	4755	
DHL	-18800	-18800	11	27	3	19	41	48	43	0	19	13249646	2244	2253	1119	2143	9003	7950	6980	4755	
DHL	-19000	-19000	11	24	4	18	42	44	45	0	17	13183134	2244	2253	1119	2143	9003	7950	6980	4755	
DHL	-19200	-19200	12	24	4	19	42	42	43	0	17	13116121	2244	2253	1119	2143	9003	7950	6980	4755	
DHL	-19400	-19400	13	23	3	20	48	42	47	0	17	13050847	2244	2253	1119	2143	9003	7950	6980	4755	
DHL	-19600	-19600	11	24	3	17	57	36	44	0	17	12986043	2244	2253	1119	2143	9003	7950	6980	4755	
DHL	-19800	-19800	12	26	3	17	57	41	42	0	16	12922135	2244	2253	1119	2143	9003	7950	6980	4755	
DHL	-20000	-20000	16	31	4	18	60	39	38	0	16	12858575	2244	2253	1119	2143	9003	7950	6980	4755	
DHL	-20200	-20200	17	36	3	14	59	42	39	0	16	12794301	2244	2253	1119	2143	9003	7950	6980	4755	
DHL	-20400	-20400	17	37	3	15	58	49	40	0	19	12727632	2244	2253	1119	2143	9003	7950	6980	4755	
DHL	-20600	-20600	19	32	2	13	55	50	43	0	20	12662273	2244	2253	1119	2143	9003	7950	6980	4755	
DHL	-20800	-20800	22	25	2	17	53	47	45	0	23	12598904	2244	2253	1119	2143	9003	7950	6980	4755	
DHL	-21000	-21000	17	27	3	20	50	37	48	0	20	12536066	2244	2253	1119	2143	9003	7950	6980	4755	
DHL	-21200	-21200	15	30	3	20	45	33	50	0	16	12474175	2244	2253	1119	2143	9003	7950	6980	4755	
DHL	-21400	-21400	10	27	5	22	39	29	49	0	17	12413675	2244	2253	1119	2143	9003	7950	6980	4755	
DHL	-21600	-21600	9	25	2	20	35	29	49	0	18	12354954	2244	2253	1119	2143	9003	7950	6980	4755	
DHL	-21800	-21800	8	24	1	20	32	30	47	0	15	12298266	2244	2253	1119	2143	9003	7950	6980	4755	
DHL	-22000	-22000	8	23	0	20	27	29	50	0	14	12244143	2244	2253	1119	2143	9003	7950	6980	4755	
DHL	-22200	-22200	6	23	0	21	32	26	52	0	15	12189369	2244	2253	1119	2143	9003	7950	6980	4755	
DHL	-22400	-22400	7	25	0	22	29	23	53	0	17	12136510	2244	2253	1119	2143	9003	7950	6980	4755	
DHL	-22600	-22600	7	24	0	24	25	23	49	0	19	12084884	2244	2253	1119	2143	9003	7950	6980	4755	
DHL	-22800	-22800	7	25	0	25	27	25	53	0	16	12033082	2244	2253	1119	2143	9003	7950	6980	4755	
DHL	-23000	-23000	9	25	0	26	20	27	52	0	13	11981590	2244	2253	1119	2143	9003	7950	6980	4755	
DHL	-23200	-23200	9	22	0	24	19	27	47	0	10	11934605	2244	2253	1119	2143	9003	7950	6980	4755	
DHL	-23400	-23400	11	21	0	23	19	23	46	0	12	11887987	2244	2253	1119	2143	9003	7950	6980	4755	
DHL	-23600	-23600	8	20	0	19	22	25	44	0	13	11842919	2244	2253	1119	2143	9003	7950	6980	4755	
DHL	-23800	-23800	7	19	0	19	20	23	38	0	15	11796417	2244	2253	1119	2143	9003	7950	6980	4755	
DHL	-24000	-24000	8	19	1	11	25	29	36	0	13	11748024	2244	2253	1119	2143	9003	7950	6980	4755	
DHL	-24200	-24200	9	18	1	9	21	28	34	0	12	11699848	2244	2253	1119	2143	9003	7950	6980	4755	
DHL	-24400	-24400	9	18	2	10	19	24	33	0	11	11651731	2244	2253	1119	2143	9003	7950	6980	4755	
DHL	-24600	-24600	10	17	4	6	20	23	34	0	8	11605856	2244	2253	1119	2143	9003	7950	6980	4755	
DHL	-24800	-24800	8	19	3	7	23	25	37	0	5	11560231	2244	2253	1119	2143	9003	7950	6980	4755	
DHL	-25000	-25000	6	15	3	8	27	30	29	0	8	11514041	2244	2253	1119	2143	9003	7950	6980	4755	
DHL	-25200	-25200	7	12	4	6	24	31	27	0	8	11466161	2244	2253	1119	2143	9003	7950	6980	4755	
DHL	-25400	-25400	6	13	2	6	25	30	30	0	10	11420220	2244	2253	1119	2143	9003	7950	6980	4755	
DHL	-25600	-25600	7	15	2	7	25	32	25	0	10	11375635	2244	2253	1119	2143	9003	7950	6980	4755	
DHL	-25800	-25800	4	18	3	7	31	34	27	0	10	11331665	2244	2253	1119	2143	9003	7950	6980	4755	
DHL	-26000	-26000	6	17	2	9	28	36	24	0	10	11288064	2244	2253	1119	2143	9003	7950	6980	4755	
DHL	-26200	-26200	6	15	3	10	28	35	25	0	9	11245586	2244	2253	1119	2143	9003	7950	6980	4755	
DHL	-26400	-26400	6	16	3	10	26	39	25	0	9	11205254	2244	2253	1119	2143	9003	7950	6980	4755	
DHL	-26600	-26600	5	15	3	10	23	37	22	0	9	11166954	2244	2253	1119	2143	9003	7950	6980	4755	
DHL	-26800	-26800	6	15	2	10	23	33	25	0	8	11129953	2244	2253	1119	2143	9003	7950	6980	4755	
DHL	-27000	-27000	5	18	2	12	28	32	22	0	10	11091248	2244	2253	1119	2143	9003	7950	6980	4755	
DHL	-27200	-27200	8	19	2	14	33	33	20	0	8	11053760	2244	2253	1119	2143	9003	7950	6980	4755	
DHL	-27400	-27400	8	21	1	15	32	38	29	0	8	11015351	2244	2253	1119	2143	9003	7950	6980	4755	
DHL	-27600	-27600	9	15	0	15	32	41	29	0	11	10975332	2244	2253	1119	2143	9003	7950	6980	4755	
DHL	-27800	-27800	12	16	0	17	32	38	28	0	10	10935100	2244	2253	1119	2143	9003	7950	6980	4755	
DHL	-28000	-28000	12	13	1	16	33	37	30	0	11	10895521	2244	2253	1119	2143	9003	7950	6980	4755	
DHL	-28200	-28200	12	13	2	14	29	38	34	0	12	10855954	2244	2253	1119	2143	9003	7950	6980	4755	
DHL	-28400	-28400	13	14	3	10	25	32	25	0	9	10815397	2244	2253	1119	2143	9003	7950	6980	4755	
DHL	-28600	-28600	13	13	3	11	21	33	26	0	8	10774333	2244	2253	1119	2143	9003	7950	6980	4755	
DHL	-28800	-28800	13	13	3	10	18	32	24	0	6	10734649	2244	2253	1119	2143	9003	7950	6980	4755	
DHL	-29000	-29000	13	5	3	9	13	31	24	0	6	10697172	2244	2253	1119	2143	9003	7950	6980	4755	
DHL	-29200	-29200	13	5	2	7	15	32	22	0	8	10656488	2244	2253	1119	2143	9003	7950	6980	4755	
DHL	-29400	-29400	13	6	3	7	16	30	22	0	9	10618541	2244	2253	1119	2143	9003	7950	6980	4755	
DHL	-29600	-29600	12	7	3	8	16	37	20	0	11	10581788	2244	2253	1119	2143	9003	7950	6980	4755	
DHL	-29800	-29800	8	9	4	9	14	38	21	0	13	10545873	2244	2253	1119	2143	9003	7950	6980	4755	
DHL	-30000	-30000	8	11	3	5	14	38	23	0	13	10509569	2244	2253	1119	2143	9003	7950	6980	4755	
DHL	-30200	-30200	8	10	1	3	14	37	24	0	13	10471859	2244	2253	1119	2143	9003	7950	6980	4755	
DHL	-30400	-30400	9	9	1	4	15	38	21	0	15	10435044	2244	2253	1119	2143	9003	7950	6980	4755	
DHL	-30600	-30600	9	7	2	3	14	36	21	0	15	10397710	2244	2253	1119	2143	9003	7950	6980	4755	
DHL	-30800	-30800	8	10	3	3	16	26	18	0	12	10360813	2244	2253	1119	2143	9003	7950	6980	4755	
DHL	-31000	-31000	10	8	2	3	16	30	18	0	8	10324386	2244	2253	1119	2143	9003	7950	6980	4755	
DHL	-31200	-31200	9	8	4	3	17	28	18	0	10	10287269	2244	2253	1119	2143	9003	7950	6980	4755	
DHL	-31400	-31400	5	9	4	3	18	32	15	0	11	10251394	2244	2253	1119	2143	9003	7950	6980	4755	
DHL	-31600	-31600	4	8	6	5	22	33	19	0	13	10217266	2244	2253	1119	2143	9003	7950	6980	4755	
DHL	-31800	-31800	5	8	6	5	24	32	17	0	16	10185271	2244	2253	1119	2143	9003	7950	6980	4755	
DHL	-32000	-32000	6	8	8	6	24	30	13	0	15	10154820	2244	2253	1119	2143	9003	7950	6980	4755	
DHL	-32200	-32200	5	6	8	7	19	31	14	0	17	10123884	2244	2253	1119	2143	9003	7950	6980	4755	
DHL	-32400	-32400	8	5	6	7	20	35	12	0	13	10091512	2244	2253	1119	2143	9003	7950	6980	4755	
DHL	-32600	-32600	7	5	5	6	20	35	11	0	17	10058395	2244	2253	1119	2143	9003	7950	6980	4755	
DHL	-32800	-32800	9	7	7	6	18	35	11	0	14	10024920	2244	2253	1119	2143	9003	7950	6980	4755	
DHL	-33000	-33000	9	7	7	6	17	37	13	0	12	9990890	2244	2253	1119	2143	9003	7950	6980	4755	
DHL	-33200	-33200	9	8	3	5	18	33	10	0	12	9956994	2244	2253	1119	2143	9003	7950	6980	4755	
DHL	-33400	-33400	8	10	3	9	19	32	14	0	12	9925418	2244	2253	1119	2143	9003	7950	6980	4755	
DHL	-33600	-33600	6	8	3	8	23	35	11	0	13	9894416	2244	2253	1119	2143	9003	7950	6980	4755	
DHL	-33800	-33800	4	8	4	9	23	29	12	0	17	9864046	2244	2253	1119	2143	9003	7950	6980	4755	
DHL	-34000	-34000	4	9	4	8	27	25	8	0	18	9834789	2244	2253	1119	2143	9003	7950	6980	4755	
DHL	-34200	-34200	4	10	2	9	29	21	10	0	20	9804662	2244	2253	1119	2143	9003	7950	6980	4755	
DHL	-34400	-34400	6	8	0	9	30	19	8	0	17	9775509	2244	2253	1119	2143	9003	7950	6980	4755	
DHL	-34600	-34600	8	8	0	9	24	19	8	0	19	9747403	2244	2253	1119	2143	9003	7950	6980	4755	
DHL	-34800	-34800	8	9	1	9	23	21	8	0	19	9718635	2244	2253	1119	2143	9003	7950	6980	4755	
DHL	-35000	-35000	10	9	1	7	22	23	10	0	17	9689061	2244	2253	1119	2143	9003	7950	6980	4755	
DHL	-35200	-35200	11	9	1	6	21	23	12	0	19	9658884	2244	2253	1119	2143	9003	7950	6980	4755	
DHL	-35400	-35400	10	8	2	9	21	21	13	0	20	9627260	2244	2253	1119	2143	9003	7950	6980	4755	
DHL	-35600	-35600	8	7	1	8	21	22	14	0	22	9595076	2244	2253	1119	2143	9003	7950	6980	4755	
DHL	-35800	-35800	8	6	1	7	18	23	14	0	20	9564748	2244	2253	1119	2143	9003	7950	6980	4755	
DHL	-36000	-36000	6	5	1	6	21	23	14	0	18	9532510	2244	2253	1119	2143	9003	7950	6980	4755	
DHL	-36200	-36200	5	5	1	5	23	21	12	0	16	9500871	2244	2253	1119	2143	9003	7950	6980	4755	
DHL	-36400	-36400	7	4	3	5	26	21	13	0	16	9470252	2244	2253	1119	2143	9003	7950	6980	4755	
DHL	-36600	-36600	6	5	3	4	22	20	14	0	18	9440910	2244	2253	1119	2143	9003	7950	6980	4755	
DHL	-36800	-36800	6	8	3	5	16	20	13	0	19	9412101	2244	2253	1119	2143	9003	7950	6980	4755	
DHL	-37000	-37000	5	8	2	5	16	22	11	0	17	9382753	2244	2253	1119	2143	9003	7950	6980	4755	
DHL	-37200	-37200	4	8	3	12	18	18	12	0	15	9355445	2244	2253	1119	2143	9003	7950	6980	4755	
DHL	-37400	-37400	7	10	3	12	17	19	12	0	13	9328465	2244	2253	1119	2143	9003	7950	6980	4755	
DHL	-37600	-37600	8	11	4	13	17	23	12	0	11	9301436	2244	2253	1119	2143	9003	7950	6980	4755	
DHL	-37800	-37800	9	13	3	12	18	22	7	0	10	9274204	2244	2253	1119	2143	9003	7950	6980	4755	
DHL	-38000	-38000	8	12	3	11	16	26	8	0	13	9245955	2244	2253	1119	2143	9003	7950	6980	4755	
DHL	-38200	-38200	10	13	4	12	19	24	11	0	13	9220324	2244	2253	1119	2143	9003	7950	6980	4755	
DHL	-38400	-38400	11	13	5	12	17	24	14	0	11	9196317	2244	2253	1119	2143	9003	7950	6980	4755	
DHL	-38600	-38600	7	13	4	11	19	25	18	0	13	9170915	2244	2253	1119	2143	9003	7950	6980	4755	
DHL	-38800	-38800	7	7	3	8	19	23	20	0	15	9144385	2244	2253	1119	2143	9003	7950	6980	4755	
DHL	-39000	-39000	6	10	3	11	20	28	18	0	14	9116899	2244	2253	1119	2143	9003	7950	6980	4755	
DHL	-39200	-39200	7	12	3	8	19	25	18	0	9	9090197	2244	2253	1119	2143	9003	7950	6980	4755	
DHL	-39400	-39400	6	12	3	8	20	24	20	0	9	9064555	2244	2253	1119	2143	9003	7950	6980	4755	
DHL	-39600	-39600	7	12	3	9	17	26	22	0	12	9039285	2244	2253	1119	2143	9003	7950	6980	4755	
DHL	-39800	-39800	5	14	2	6	18	20	22	0	13	9013652	2244	2253	1119	2143	9003	7950	6980	4755	
DHL	-40000	-40000	5	15	2	7	19	19	23	0	14	8988441	2244	2253	1119	2143	9003	7950	6980	4755	
DHL	-40200	-40200	5	15	2	7	17	18	23	0	14	8963767	2244	2253	1119	2143	9003	7950	6980	4755	
DHL	-40400	-40400	5	14	2	6	14	18	23	0	14	8938560	2244	2253	1119	2143	9003	7950	6980	4755	
DHL	-40600	-40600	5	13	2	5	15	15	26	0	15	8913532	2244	2253	1119	2143	9003	7950	6980	4755	
DHL	-40800	-40800	6	11	1	5	13	14	27	0	16	8889811	2244	2253	1119	2143	9003	7950	6980	4755	
DHL	-41000	-41000	6	9	2	4	12	15	28	0	12	8866491	2244	2253	1119	2143	9003	7950	6980	4755	
DHL	-41200	-41200	8	9	1	4	13	15	25	0	13	8843203	2244	2253	1119	2143	9003	7950	6980	4755	
DHL	-41400	-41400	7	10	2	3	16	16	28	0	13	8821367	2244	2253	1119	2143	9003	7950	6980	4755	
DHL	-41600	-41600	7	12	2	3	16	19	29	0	12	8799041	2244	2253	1119	2143	9003	7950	6980	4755	
DHL	-41800	-41800	9	11	3	4	15	17	27	0	11	8776771	2244	2253	1119	2143	9003	7950	6980	4755	
DHL	-42000	-42000	6	10	3	4	16	17	25	0	10	8754491	2244	2253	1119	2143	9003	7950	6980	4755	
DHL	-42200	-42200	6	8	3	5	17	15	22	0	12	8732340	2244	2253	1119	2143	9003	7950	6980	4755	
DHL	-42400	-42400	5	11	3	4	20	15	20	0	12	8710199	2244	2253	1119	2143	9003	7950	6980	4755	
DHL	-42600	-42600	4	9	2	7	21	15	18	0	12	8688203	2244	2253	1119	2143	9003	7950	6980	4755	
DHL	-42800	-42800	4	6	1	5	24	13	19	0	11	8666141	2244	2253	1119	2143	9003	7950	6980	4755	
DHL	-43000	-43000	3	5	1	7	23	15	15	0	11	8644790	2244	2253	1119	2143	9003	7950	6980	4755	
DHL	-43200	-43200	2	3	1	10	23	18	18	0	11	8623216	2244	2253	1119	2143	9003	7950	6980	4755	
DHL	-43400	-43400	3	1	1	14	24	16	17	0	9	8602512	2244	2253	1119	2143	9003	7950	6980	4755	
DHL	-43600	-43600	3	1	0	10	23	14	14	0	10	8582805	2244	2253	1119	2143	9003	7950	6980	4755	
DHL	-43800	-43800	5	1	0	10	23	13	15	0	10	8561690	2244	2253	1119	2143	9003	7950	6980	4755	
DHL	-44000	-44000	6	1	1	9	20	17	15	0	9	8539049	2244	2253	1119	2143	9003	7950	6980	4755	
DHL	-44200	-44200	4	1	1	9	19	18	18	0	10	8514569	2244	2253	1119	2143	9003	7950	6980	4755	
DHL	-44400	-44400	4	1	1	8	20	18	18	0	10	8491214	2244	2253	1119	2143	9003	7950	6980	4755	
DHL	-44600	-44600	3	1	1	8	20	17	17	0	10	8468313	2244	2253	1119	2143	9003	7950	6980	4755	
DHL	-44800	-44800	4	2	1	7	20	26	17	0	9	8446338	2244	2253	1119	2143	9003	7950	6980	4755	
DHL	-45000	-45000	5	2	1	9	23	26	15	0	7	8425630	2244	2253	1119	2143	9003	7950	6980	4755	
DHL	-45200	-45200	6	2	1	8	20	23	16	0	10	8405658	2244	2253	1119	2143	9003	7950	6980	4755	
DHL	-45400	-45400	7	6	1	9	19	22	19	0	14	8386884	2244	2253	1119	2143	9003	7950	6980	4755	
DHL	-45600	-45600	8	8	2	8	18	22	20	0	15	8367364	2244	2253	1119	2143	9003	7950	6980	4755	
DHL	-45800	-45800	6	4	3	7	19	24	16	0	17	8348724	2244	2253	1119	2143	9003	7950	6980	4755	
DHL	-46000	-46000	6	3	2	8	22	31	16	0	17	8329349	2244	2253	1119	2143	9003	7950	6980	4755	
DHL	-46200	-46200	6	5	3	9	18	26	15	0	17	8310239	2244	2253	1119	2143	9003	7950	6980	4755	
DHL	-46400	-46400	5	7	3	8	19	24	16	0	20	8290924	2244	2253	1119	2143	9003	7950	6980	4755	
DHL	-46600	-46600	6	7	4	7	19	28	14	0	19	8273463	2244	2253	1119	2143	9003	7950	6980	4755	
DHL	-46800	-46800	7	6	3	5	17	26	14	0	19	8256756	2244	2253	1119	2143	9003	7950	6980	4755	
DHL	-47000	-47000	8	8	4	5	19	27	16	0	16	8238581	2244	2253	1119	2143	9003	7950	6980	4755	
DHL	-47200	-47200	8	7	4	9	21	25	13	0	13	8221501	2244	2253	1119	2143	9003	7950	6980	4755	
DHL	-47400	-47400	8	6	5	8	20	23	12	0	14	8203978	2244	2253	1119	2143	9003	7950	6980	4755	
DHL	-47600	-47600	6	4	3	8	21	25	10	0	12	8185230	2244	2253	1119	2143	9003	7950	6980	4755	
DHL	-47800	-47800	5	7	3	5	20	29	12	0	10	8166720	2244	2253	1119	2143	9003	7950	6980	4755	
DHL	-48000	-48000	6	7	1	4	23	33	10	0	13	8147437	2244	2253	1119	2143	9003	7950	6980	4755	
DHL	-48200	-48200	6	9	1	3	26	29	10	0	17	8128763	2244	2253	1119	2143	9003	7950	6980	4755	
DHL	-48400	-48400	6	7	2	2	29	28	10	0	14	8110008	2244	2253	1119	2143	9003	7950	6980	4755	
DHL	-48600	-48600	8	6	1	7	29	21	14	0	12	8092661	2244	2253	1119	2143	9003	7950	6980	4755	
DHL	-48800	-48800	7	7	0	7	27	22	14	0	11	8075833	2244	2253	1119	2143	9003	7950	6980	4755	
DHL	-49000	-49000	7	6	0	8	27	20	16	0	11	8059692	2244	2253	1119	2143	9003	7950	6980	4755	
DHL	-49200	-49200	6	6	0	7	25	15	15	0	13	8043284	2244	2253	1119	2143	9003	7950	6980	4755	
DHL	-49400	-49400	7	4	0	6	25	12	16	0	10	8026804	2244	2253	1119	2143	9003	7950	6980	4755	
DHL	-49600	-49600	6	3	0	5	21	11	17	0	9	8010809	2244	2253	1119	2143	9003	7950	6980	4755	
DHL	-49800	-49800	4	3	1	5	21	13	18	0	11	7994999	2244	2253	1119	2143	9003	7950	6980	4755	
DHL	-50000	-50000	5	3	2	5	24	14	14	0	8	7978955	2244	2253	1119	2143	9003	7950	6980	4755	
DHL	-50200	-50200	6	0	2	6	24	16	18	0	9	7962917	2244	2253	1119	2143	9003	7950	6980	4755	
DHL	-50400	-50400	7	1	3	5	24	18	15	0	10	7947422	2244	2253	1119	2143	9003	7950	6980	4755	
DHL	-50600	-50600	6	1	3	6	23	16	14	0	9	7931641	2244	2253	1119	2143	9003	7950	6980	4755	
DHL	-50800	-50800	6	1	3	6	24	18	11	0	8	7915281	2244	2253	1119	2143	9003	7950	6980	4755	
DHL	-51000	-51000	4	1	3	5	22	19	15	0	8	7897622	2244	2253	1119	2143	9003	7950	6980	4755	
DHL	-51200	-51200	4	1	3	8	20	16	16	0	8	7880057	2244	2253	1119	2143	9003	7950	6980	4755	
DHL	-51400	-51400	3	3	3	9	19	15	16	0	9	7863535	2244	2253	1119	2143	9003	7950	6980	4755	
DHL	-51600	-51600	1	3	3	9	17	14	15	0	11	7846338	2244	2253	1119	2143	9003	7950	6980	4755	
DHL	-51800	-51800	1	3	3	8	12	15	18	0	9	7828184	2244	2253	1119	2143	9003	7950	6980	4755	
DHL	-52000	-52000	1	4	3	6	14	18	16	0	11	7811257	2244	2253	1119	2143	9003	7950	6980	4755	
DHL	-52200	-52200	1	4	3	5	16	20	20	0	13	7794074	2244	2253	1119	2143	9003	7950	6980	4755	
DHL	-52400	-52400	1	3	5	5	20	22	21	0	12	7776298	2244	2253	1119	2143	9003	7950	6980	4755	
DHL	-52600	-52600	2	3	4	6	20	23	22	0	10	7757877	2244	2253	1119	2143	9003	7950	6980	4755	
DHL	-52800	-52800	3	3	4	5	22	20	22	0	9	7739957	2244	2253	1119	2143	9003	7950	6980	4755	
DHL	-53000	-53000	4	3	4	6	24	18	22	0	9	7722365	2244	2253	1119	2143	9003	7950	6980	4755	
DHL	-53200	-53200	4	2	5	6	22	14	21	0	8	7705278	2244	2253	1119	2143	9003	7950	6980	4755	
DHL	-53400	-53400	3	2	6	7	21	13	21	0	7	7689314	2244	2253	1119	2143	9003	7950	6980	4755	
DHL	-53600	-53600	2	2	6	5	21	15	14	0	6	7673138	2244	2253	1119	2143	9003	7950	6980	4755	
DHL	-53800	-53800	3	3	6	6	18	15	14	0	7	7656898	2244	2253	1119	2143	9003	7950	6980	4755	
DHL	-54000	-54000	3	4	6	6	23	18	11	0	7	7640401	2244	2253	1119	2143	9003	7950	6980	4755	
DHL	-54200	-54200	3	6	7	5	19	18	12	0	8	7624209	2244	2253	1119	2143	9003	7950	6980	4755	
DHL	-54400	-54400	5	4	6	6	20	19	14	0	11	7607861	2244	2253	1119	2143	9003	7950	6980	4755	
DHL	-54600	-54600	7	6	5	7	21	18	15	0	14	7590359	2244	2253	1119	2143	9003	7950	6980	4755	
DHL	-54800	-54800	7	6	4	6	17	16	18	0	16	7573338	2244	2253	1119	2143	9003	7950	6980	4755	
DHL	-55000	-55000	7	5	5	8	19	20	17	0	17	7555469	2244	2253	1119	2143	9003	7950	6980	4755	
DHL	-55200	-55200	9	7	4	7	16	20	14	0	18	7536964	2244	2253	1119	2143	9003	7950	6980	4755	
DHL	-55400	-55400	10	8	4	8	15	21	17	0	13	7519106	2244	2253	1119	2143	9003	7950	6980	4755	
DHL	-55600	-55600	8	8	4	6	13	25	18	0	13	7502446	2244	2253	1119	2143	9003	7950	6980	4755	
DHL	-55800	-55800	9	7	3	5	14	19	12	0	11	7485850	2244	2253	1119	2143	9003	7950	6980	4755	
DHL	-56000	-56000	6	6	3	5	15	18	14	0	11	7470804	2244	2253	1119	2143	9003	7950	6980	4755	
DHL	-56200	-56200	4	6	2	5	15	20	11	0	13	7456487	2244	2253	1119	2143	9003	7950	6980	4755	
DHL	-56400	-56400	6	5	2	5	15	18	9	0	11	7442125	2244	2253	1119	2143	9003	7950	6980	4755	
DHL	-56600	-56600	4	4	2	5	16	21	8	0	13	7427219	2244	2253	1119	2143	9003	7950	6980	4755	
DHL	-56800	-56800	4	5	0	4	14	22	11	0	15	7411283	2244	2253	1119	2143	9003	7950	6980	4755	
DHL	-57000	-57000	6	4	0	6	17	19	12	0	11	7395950	2244	2253	1119	2143	9003	7950	6980	4755	
DHL	-57200	-57200	5	2	2	6	15	19	15	0	11	7380511	2244	2253	1119	2143	9003	7950	6980	4755	
DHL	-57400	-57400	3	1	1	4	14	16	15	0	9	7365613	2244	2253	1119	2143	9003	7950	6980	4755	
DHL	-57600	-57600	4	2	2	6	16	17	14	0	9	7350251	2244	2253	1119	2143	9003	7950	6980	4755	
DHL	-57800	-57800	3	3	3	6	17	18	13	0	9	7334213	2244	2253	1119	2143	9003	7950	6980	4755	
DHL	-58000	-58000	6	3	3	5	15	27	10	0	9	7317853	2244	2253	1119	2143	9003	7950	6980	4755	
DHL	-58200	-58200	7	4	1	3	14	25	9	0	9	7301947	2244	2253	1119	2143	9003	7950	6980	4755	
DHL	-58400	-58400	8	3	0	2	17	23	12	0	10	7286742	2244	2253	1119	2143	9003	7950	6980	4755	
DHL	-58600	-58600	8	4	0	3	21	22	13	0	10	7271423	2244	2253	1119	2143	9003	7950	6980	4755	
DHL	-58800	-58800	9	5	1	3	21	23	14	0	7	7255974	2244	2253	1119	2143	9003	7950	6980	4755	
DHL	-59000	-59000	10	6	1	4	21	21	13	0	8	7240293	2244	2253	1119	2143	9003	7950	6980	4755	
DHL	-59200	-59200	10	4	2	4	22	17	10	0	10	7224916	2244	2253	1119	2143	9003	7950	6980	4755	
DHL	-59400	-59400	11	5	2	4	22	17	12	0	7	7208846	2244	2253	1119	2143	9003	7950	6980	4755	
DHL	-59600	-59600	12	5	2	4	15	18	11	0	5	7194240	2244	2253	1119	2143	9003	7950	6980	4755	
DHL	-59800	-59800	10	4	2	3	14	17	9	0	6	7179259	2244	2253	1119	2143	9003	7950	6980	4755	
DHL	-60000	-60000	11	4	2	2	18	24	10	0	5	7165236	2244	2253	1119	2143	9003	7950	6980	4755	
DHL	-60200	-60200	11	5	2	0	17	22	10	0	7	7150881	2244	2253	1119	2143	9003	7950	6980	4755	
DHL	-60400	-60400	10	5	1	0	17	20	11	0	12	7135335	2244	2253	1119	2143	9003	7950	6980	4755	
DHL	-60600	-60600	6	4	1	1	17	19	12	0	12	7121061	2244	2253	1119	2143	9003	7950	6980	4755	
DHL	-60800	-60800	5	5	1	1	18	20	12	0	14	7107311	2244	2253	1119	2143	9003	7950	6980	4755	
DHL	-61000	-61000	5	4	2	1	17	17	10	0	13	7094406	2244	2253	1119	2143	9003	7950	6980	4755	
DHL	-61200	-61200	6	1	2	1	18	16	11	0	11	7081787	2244	2253	1119	2143	9003	7950	6980	4755	
DHL	-61400	-61400	5	2	3	1	20	13	8	0	9	7068875	2244	2253	1119	2143	9003	7950	6980	4755	
DHL	-61600	-61600	5	2	3	4	20	13	8	0	11	7055267	2244	2253	1119	2143	9003	7950	6980	4755	
DHL	-61800	-61800	5	1	3	4	24	13	11	0	8	7042674	2244	2253	1119	2143	9003	7950	6980	4755	
DHL	-62000	-62000	5	0	3	4	18	16	11	0	11	7029350	2244	2253	1119	2143	9003	7950	6980	4755	
DHL	-62200	-62200	5	1	1	5	21	20	13	0	11	7015100	2244	2253	1119	2143	9003	7950	6980	4755	
DHL	-62400	-62400	6	1	1	4	21	20	13	0	12	7000875	2244	2253	1119	2143	9003	7950	6980	4755	
DHL	-62600	-62600	5	2	0	4	20	21	14	0	13	6986690	2244	2253	1119	2143	9003	7950	6980	4755	
DHL	-62800	-62800	5	4	0	4	16	22	17	0	14	6973355	2244	2253	1119	2143	9003	7950	6980	4755	
DHL	-63000	-63000	5	6	0	3	16	19	18	0	10	6960546	2244	2253	1119	2143	9003	7950	6980	4755	
DHL	-63200	-63200	4	5	0	3	14	19	16	0	10	6947068	2244	2253	1119	2143	9003	7950	6980	4755	
DHL	-63400	-63400	5	10	0	4	14	19	14	0	10	6933209	2244	2253	1119	2143	9003	7950	6980	4755	
DHL	-63600	-63600	5	11	0	5	14	21	17	0	6	6919966	2244	2253	1119	2143	9003	7950	6980	4755	
DHL	-63800	-63800	5	4	1	5	12	25	12	0	5	6906197	2244	2253	1119	2143	9003	7950	6980	4755	
DHL	-64000	-64000	4	4	0	3	18	19	9	0	5	6892357	2244	2253	1119	2143	9003	7950	6980	4755	
DHL	-64200	-64200	3	2	1	3	17	16	10	0	5	6878394	2244	2253	1119	2143	9003	7950	6980	4755	
DHL	-64400	-64400	4	3	1	3	18	13	11	0	4	6863600	2244	2253	1119	2143	9003	7950	6980	4755	
DHL	-64600	-64600	4	3	1	4	19	13	6	0	4	6850049	2244	2253	1119	2143	9003	7950	6980	4755	
DHL	-64800	-64800	5	3	1	5	16	12	6	0	3	6836143	2244	2253	1119	2143	9003	7950	6980	4755	
DHL	-65000	-65000	5	5	2	6	17	12	8	0	4	6824026	2244	2253	1119	2143	9003	7950	6980	4755	
DHL	-65200	-65200	6	5	2	4	16	13	10	0	5	6811647	2244	2253	1119	2143	9003	7950	6980	4755	
DHL	-65400	-65400	5	4	2	3	16	13	11	0	7	6798703	2244	2253	1119	2143	9003	7950	6980	4755	
DHL	-65600	-65600	4	3	2	2	16	12	12	0	6	6785751	2244	2253	1119	2143	9003	7950	6980	4755	
DHL	-65800	-65800	3	4	3	3	13	10	12	0	5	6773139	2244	2253	1119	2143	9003	7950	6980	4755	
DHL	-66000	-66000	4	3	2	2	12	10	12	0	6	6761772	2244	2253	1119	2143	9003	7950	6980	4755	
DHL	-66200	-66200	5	3	2	2	12	12	13	0	7	6750931	2244	2253	1119	2143	9003	7950	6980	4755	
DHL	-66400	-66400	6	3	2	3	11	12	13	0	7	6740389	2244	2253	1119	2143	9003	7950	6980	4755	
DHL	-66600	-66600	5	3	2	3	15	15	11	0	11	6729311	2244	2253	1119	2143	9003	7950	6980	4755	
DHL	-66800	-66800	5	5	2	3	15	14	9	0	13	6717607	2244	2253	1119	2143	9003	7950	6980	4755	
DHL	-67000	-67000	5	5	2	4	14	14	9	0	12	6705267	2244	2253	1119	2143	9003	7950	6980	4755	
DHL	-67200	-67200	5	2	2	3	13	12	14	0	7	6694051	2244	2253	1119	2143	9003	7950	6980	4755	
DHL	-67400	-67400	5	1	2	4	13	15	12	0	8	6683375	2244	2253	1119	2143	9003	7950	6980	4755	
DHL	-67600	-67600	5	0	3	4	14	13	13	0	10	6672769	2244	2253	1119	2143	9003	7950	6980	4755	
DHL	-67800	-67800	4	0	3	4	15	14	13	0	11	6661097	2244	2253	1119	2143	9003	7950	6980	4755	
DHL	-68000	-68000	4	0	2	3	15	13	10	0	9	6649367	2244	2253	1119	2143	9003	7950	6980	4755	
DHL	-68200	-68200	4	2	2	3	13	13	10	0	8	6637920	2244	2253	1119	2143	9003	7950	6980	4755	
DHL	-68400	-68400	2	3	2	3	13	16	4	0	7	6627238	2244	2253	1119	2143	9003	7950	6980	4755	
DHL	-68600	-68600	2	3	1	2	15	18	5	0	11	6616744	2244	2253	1119	2143	9003	7950	6980	4755	
DHL	-68800	-68800	4	3	1	3	15	20	8	0	10	6606122	2244	2253	1119	2143	9003	7950	6980	4755	
DHL	-69000	-69000	6	3	1	2	16	20	9	0	10	6596194	2244	2253	1119	2143	9003	7950	6980	4755	
DHL	-69200	-69200	6	4	2	3	14	20	10	0	9	6586850	2244	2253	1119	2143	9003	7950	6980	4755	
DHL	-69400	-69400	6	5	1	4	13	22	12	0	11	6578374	2244	2253	1119	2143	9003	7950	6980	4755	
DHL	-69600	-69600	7	5	1	5	17	22	10	0	11	6571280	2244	2253	1119	2143	9003	7950	6980	4755	
DHL	-69800	-69800	8	6	1	3	17	21	9	0	10	6564652	2244	2253	1119	2143	9003	7950	6980	4755	
DHL	-70000	-70000	8	7	1	3	17	23	11	0	11	6557261	2244	2253	1119	2143	9003	7950	6980	4755	
DHL	-70200	-70200	6	8	1	3	18	19	9	0	12	6550146	2244	2253	1119	2143	9003	7950	6980	4755	
DHL	-70400	-70400	5	8	0	4	18	22	10	0	13	6543213	2244	2253	1119	2143	9003	7950	6980	4755	
DHL	-70600	-70600	5	8	0	4	18	21	11	0	13	6536328	2244	2253	1119	2143	9003	7950	6980	4755	
DHL	-70800	-70800	6	9	0	5	20	16	13	0	12	6529195	2244	2253	1119	2143	9003	7950	6980	4755	
DHL	-71000	-71000	5	8	1	6	22	18	13	0	13	6520958	2244	2253	1119	2143	9003	7950	6980	4755	
DHL	-71200	-71200	5	7	2	6	22	19	14	0	13	6511214	2244	2253	1119	2143	9003	7950	6980	4755	
DHL	-71400	-71400	4	5	2	5	25	18	12	0	11	6501216	2244	2253	1119	2143	9003	7950	6980	4755	
DHL	-71600	-71600	6	6	2	3	27	19	12	0	9	6491165	2244	2253	1119	2143	9003	7950	6980	4755	
DHL	-71800	-71800	6	6	2	3	26	19	8	0	7	6480821	2244	2253	1119	2143	9003	7950	6980	4755	
DHL	-72000	-72000	5	5	2	3	23	18	5	0	6	6470484	2244	2253	1119	2143	9003	7950	6980	4755	
DHL	-72200	-72200	4	4	1	2	16	19	6	0	8	6462263	2244	2253	1119	2143	9003	7950	6980	4755	
DHL	-72400	-72400	4	3	1	0	14	12	9	0	9	6454983	2244	2253	1119	2143	9003	7950	6980	4755	
DHL	-72600	-72600	4	3	2	1	16	14	11	0	10	6447469	2244	2253	1119	2143	9003	7950	6980	4755	
DHL	-72800	-72800	4	3	2	0	11	15	11	0	10	6439157	2244	2253	1119	2143	9003	7950	6980	4755	
DHL	-73000	-73000	4	3	2	0	13	12	12	0	9	6431640	2244	2253	1119	2143	9003	7950	6980	4755	
DHL	-73200	-73200	4	4	2	0	11	13	14	0	8	6425264	2244	2253	1119	2143	9003	7950	6980	4755	
DHL	-73400	-73400	6	4	2	0	9	12	11	0	9	6418625	2244	2253	1119	2143	9003	7950	6980	4755	
DHL	-73600	-73600	8	5	1	0	10	11	12	0	9	6411422	2244	2253	1119	2143	9003	7950	6980	4755	
DHL	-73800	-73800	9	6	2	0	8	9	15	0	9	6403729	2244	2253	1119	2143	9003	7950	6980	4755	
DHL	-74000	-74000	8	7	2	0	12	9	16	0	9	6395698	2244	2253	1119	2143	9003	7950	6980	4755	
DHL	-74200	-74200	8	7	2	1	15	11	13	0	9	6387567	2244	2253	1119	2143	9003	7950	6980	4755	
DHL	-74400	-74400	9	5	4	1	18	12	13	0	8	6379576	2244	2253	1119	2143	9003	7950	6980	4755	
DHL	-74600	-74600	11	6	6	2	21	10	14	0	8	6371693	2244	2253	1119	2143	9003	7950	6980	4755	
DHL	-74800	-74800	9	5	5	2	20	11	17	0	11	6362604	2244	2253	1119	2143	9003	7950	6980	4755	
DHL	-75000	-75000	8	7	5	2	17	10	15	0	11	6352290	2244	2253	1119	2143	9003	7950	6980	4755	
DHL	-75200	-75200	5	7	5	2	21	10	15	0	13	6341158	2244	2253	1119	2143	9003	7950	6980	4755	
DHL	-75400	-75400	6	7	4	2	19	11	15	0	13	6331455	2244	2253	1119	2143	9003	7950	6980	4755	
DHL	-75600	-75600	5	7	4	1	16	7	12	0	12	6322345	2244	2253	1119	2143	9003	7950	6980	4755	
DHL	-75800	-75800	4	7	5	1	16	7	10	0	12	6312228	2244	2253	1119	2143	9003	7950	6980	4755	
DHL	-76000	-76000	3	4	4	1	15	10	10	0	12	6301826	2244	2253	1119	2143	9003	7950	6980	4755	
DHL	-76200	-76200	2	3	5	1	15	10	10	0	12	6291998	2244	2253	1119	2143	9003	7950	6980	4755	
DHL	-76400	-76400	2	3	5	2	16	11	12	0	12	6282216	2244	2253	1119	2143	9003	7950	6980	4755	
DHL	-76600	-76600	2	5	5	2	14	13	11	0	10	6273104	2244	2253	1119	2143	9003	7950	6980	4755	
DHL	-76800	-76800	1	6	4	2	14	14	12	0	11	6264732	2244	2253	1119	2143	9003	7950	6980	4755	
DHL	-77000	-77000	2	6	4	2	15	12	15	0	12	6257033	2244	2253	1119	2143	9003	7950	6980	4755	
DHL	-77200	-77200	2	8	4	1	16	12	15	0	10	6248770	2244	2253	1119	2143	9003	7950	6980	4755	
DHL	-77400	-77400	4	8	2	3	19	13	13	0	11	6239519	2244	2253	1119	2143	9003	7950	6980	4755	
DHL	-77600	-77600	4	8	3	3	21	9	14	0	10	6230179	2244	2253	1119	2143	9003	7950	6980	4755	
DHL	-77800	-77800	4	8	4	4	24	9	19	0	11	6220762	2244	2253	1119	2143	9003	7950	6980	4755	
DHL	-78000	-78000	4	4	5	3	23	12	21	0	12	6210194	2244	2253	1119	2143	9003	7950	6980	4755	
DHL	-78200	-78200	4	3	4	5	22	11	23	0	11	6199815	2244	2253	1119	2143	9003	7950	6980	4755	
DHL	-78400	-78400	4	3	4	4	23	8	18	0	8	6189731	2244	2253	1119	2143	9003	7950	6980	4755	
DHL	-78600	-78600	5	2	4	5	22	7	18	0	9	6179697	2244	2253	1119	2143	9003	7950	6980	4755	
DHL	-78800	-78800	5	2	6	6	23	10	16	0	10	6170468	2244	2253	1119	2143	9003	7950	6980	4755	
DHL	-79000	-79000	8	2	6	5	23	9	16	0	9	6160262	2244	2253	1119	2143	9003	7950	6980	4755	
DHL	-79200	-79200	6	2	6	3	22	13	14	0	6	6149938	2244	2253	1119	2143	9003	7950	6980	4755	
DHL	-79400	-79400	6	2	6	2	20	14	19	0	8	6139946	2244	2253	1119	2143	9003	7950	6980	4755	
DHL	-79600	-79600	5	1	6	2	18	15	20	0	9	6130446	2244	2253	1119	2143	9003	7950	6980	4755	
DHL	-79800	-79800	5	2	4	4	17	16	23	0	12	6120504	2244	2253	1119	2143	9003	7950	6980	4755	
DHL	-80000	-80000	4	3	7	3	15	17	26	0	12	6109385	2244	2253	1119	2143	9003	7950	6980	4755	
DHL	-80200	-80200	1	3	8	4	16	16	20	0	11	6098197	2244	2253	1119	2143	9003	7950	6980	4755	
DHL	-80400	-80400	0	3	8	4	18	17	19	0	14	6088203	2244	2253	1119	2143	9003	7950	6980	4755	
DHL	-80600	-80600	1	2	7	4	18	22	17	0	15	6078940	2244	2253	1119	2143	9003	7950	6980	4755	
DHL	-80800	-80800	0	3	8	6	15	20	14	0	15	6070661	2244	2253	1119	2143	9003	7950	6980	4755	
DHL	-81000	-81000	1	3	8	4	18	17	11	0	12	6062564	2244	2253	1119	2143	9003	7950	6980	4755	
DHL	-81200	-81200	2	2	8	4	20	16	14	0	12	6054763	2244	2253	1119	2143	9003	7950	6980	4755	
DHL	-81400	-81400	5	2	8	5	18	13	11	0	11	6046566	2244	2253	1119	2143	9003	7950	6980	4755	
DHL	-81600	-81600	4	2	8	7	20	10	13	0	10	6039111	2244	2253	1119	2143	9003	7950	6980	4755	
DHL	-81800	-81800	4	2	6	8	21	10	12	0	8	6031836	2244	2253	1119	2143	9003	7950	6980	4755	
DHL	-82000	-82000	5	3	5	8	24	10	14	0	8	6024447	2244	2253	1119	2143	9003	7950	6980	4755	
DHL	-82200	-82200	2	4	3	8	25	14	12	0	9	6015865	2244	2253	1119	2143	9003	7950	6980	4755	
DHL	-82400	-82400	3	4	2	10	22	15	13	0	9	6006792	2244	2253	1119	2143	9003	7950	6980	4755	
DHL	-82600	-82600	3	4	4	8	22	16	15	0	7	5997763	2244	2253	1119	2143	9003	7950	6980	4755	
DHL	-82800	-82800	3	4	5	8	20	19	14	0	7	5988215	2244	2253	1119	2143	9003	7950	6980	4755	
DHL	-83000	-83000	2	4	4	6	18	18	16	0	7	5978842	2244	2253	1119	2143	9003	7950	6980	4755	
DHL	-83200	-83200	2	3	4	3	15	18	17	0	7	5970365	2244	2253	1119	2143	9003	7950	6980	4755	
DHL	-83400	-83400	3	3	4	3	13	16	16	0	8	5962188	2244	2253	1119	2143	9003	7950	6980	4755	
DHL	-83600	-83600	0	4	6	2	11	18	17	0	8	5953726	2244	2253	1119	2143	9003	7950	6980	4755	
DHL	-83800	-83800	1	3	6	1	18	16	12	0	8	5945477	2244	2253	1119	2143	9003	7950	6980	4755	
DHL	-84000	-84000	0	3	3	1	14	15	12	0	7	5935407	2244	2253	1119	2143	9003	7950	6980	4755	
DHL	-84200	-84200	0	3	7	1	16	14	14	0	8	5927416	2244	2253	1119	2143	9003	7950	6980	4755	
DHL	-84400	-84400	1	2	6	2	13	15	13	0	8	5919543	2244	2253	1119	2143	9003	7950	6980	4755	
DHL	-84600	-84600	1	2	5	1	14	17	17	0	9	5911767	2244	2253	1119	2143	9003	7950	6980	4755	
DHL	-84800	-84800	1	2	5	2	11	20	18	0	12	5903757	2244	2253	1119	2143	9003	7950	6980	4755	
DHL	-85000	-85000	1	2	4	2	9	20	15	0	11	5895041	2244	2253	1119	2143	9003	7950	6980	4755	
DHL	-85200	-85200	1	2	4	2	8	20	17	0	9	5886231	2244	2253	1119	2143	9003	7950	6980	4755	
DHL	-85400	-85400	2	2	3	2	9	17	15	0	7	5876405	2244	2253	1119	2143	9003	7950	6980	4755	
DHL	-85600	-85600	2	2	3	1	6	14	10	0	6	5865840	2244	2253	1119	2143	9003	7950	6980	4755	
DHL	-85800	-85800	2	3	3	1	5	16	8	0	9	5855535	2244	2253	1119	2143	9003	7950	6980	4755	
DHL	-86000	-86000	3	5	2	1	5	14	7	0	9	5844926	2244	2253	1119	2143	9003	7950	6980	4755	
DHL	-86200	-86200	3	4	3	1	6	17	9	0	11	5834624	2244	2253	1119	2143	9003	7950	6980	4755	
DHL	-86400	-86400	2	5	3	1	9	16	11	0	10	5824843	2244	2253	1119	2143	9003	7950	6980	4755	
DHL	-86600	-86600	2	5	2	1	10	19	13	0	9	5815401	2244	2253	1119	2143	9003	7950	6980	4755	
DHL	-86800	-86800	3	4	2	1	10	19	15	0	8	5806827	2244	2253	1119	2143	9003	7950	6980	4755	
DHL	-87000	-87000	2	4	2	1	9	18	14	0	8	5798825	2244	2253	1119	2143	9003	7950	6980	4755	
DHL	-87200	-87200	2	4	3	1	7	20	17	0	8	5790938	2244	2253	1119	2143	9003	7950	6980	4755	
DHL	-87400	-87400	2	6	3	2	9	20	15	0	6	5783490	2244	2253	1119	2143	9003	7950	6980	4755	
DHL	-87600	-87600	1	5	2	3	9	19	16	0	5	5775760	2244	2253	1119	2143	9003	7950	6980	4755	
DHL	-87800	-87800	0	6	1	3	12	13	17	0	5	5767175	2244	2253	1119	2143	9003	7950	6980	4755	
DHL	-88000	-88000	0	4	1	4	9	14	17	0	4	5758880	2244	2253	1119	2143	9003	7950	6980	4755	
DHL	-88200	-88200	0	4	1	5	10	14	17	0	5	5749926	2244	2253	1119	2143	9003	7950	6980	4755	
DHL	-88400	-88400	2	5	1	5	9	14	14	0	3	5741649	2244	2253	1119	2143	9003	7950	6980	4755	
DHL	-88600	-88600	2	5	0	5	6	15	13	0	3	5734390	2244	2253	1119	2143	9003	7950	6980	4755	
DHL	-88800	-88800	3	5	0	4	5	15	12	0	3	5727734	2244	2253	1119	2143	9003	7950	6980	4755	
DHL	-89000	-89000	4	7	0	3	5	17	10	0	3	5720898	2244	2253	1119	2143	9003	7950	6980	4755	
DHL	-89200	-89200	4	8	0	2	6	16	9	0	4	5713001	2244	2253	1119	2143	9003	7950	6980	4755	
DHL	-89400	-89400	2	8	0	2	7	16	8	0	2	5704642	2244	2253	1119	2143	9003	7950	6980	4755	
DHL	-89600	-89600	2	9	0	3	7	16	8	0	3	5695537	2244	2253	1119	2143	9003	7950	6980	4755	
DHL	-89800	-89800	2	8	0	4	11	17	8	0	4	5686936	2244	2253	1119	2143	9003	7950	6980	4755	
DHL	-90000	-90000	1	9	0	3	7	17	8	0	4	5678474	2244	2253	1119	2143	9003	7950	6980	4755	
DHL	-90200	-90200	1	10	0	5	7	11	9	0	7	5670076	2244	2253	1119	2143	9003	7950	6980	4755	
DHL	-90400	-90400	2	8	2	4	6	11	13	0	7	5661607	2244	2253	1119	2143	9003	7950	6980	4755	
DHL	-90600	-90600	1	7	2	5	8	10	14	0	6	5653434	2244	2253	1119	2143	9003	7950	6980	4755	
DHL	-90800	-90800	2	5	2	5	8	9	13	0	6	5645507	2244	2253	1119	2143	9003	7950	6980	4755	
DHL	-91000	-91000	2	5	2	5	7	11	13	0	5	5638171	2244	2253	1119	2143	9003	7950	6980	4755	
DHL	-91200	-91200	2	3	2	6	10	10	15	0	3	5631256	2244	2253	1119	2143	9003	7950	6980	4755	
DHL	-91400	-91400	3	2	2	8	8	9	18	0	5	5624673	2244	2253	1119	2143	9003	7950	6980	4755	
DHL	-91600	-91600	4	1	2	8	10	9	23	0	4	5617848	2244	2253	1119	2143	9003	7950	6980	4755	
DHL	-91800	-91800	3	1	2	8	11	11	22	0	5	5611682	2244	2253	1119	2143	9003	7950	6980	4755	
DHL	-92000	-92000	2	2	2	6	11	9	19	0	5	5605368	2244	2253	1119	2143	9003	7950	6980	4755	
DHL	-92200	-92200	4	3	2	6	11	9	12	0	4	5599938	2244	2253	1119	2143	9003	7950	6980	4755	
DHL	-92400	-92400	3	3	2	6	11	7	10	0	7	5594343	2244	2253	1119	2143	9003	7950	6980	4755	
DHL	-92600	-92600	2	3	2	5	12	9	8	0	9	5589096	2244	2253	1119	2143	9003	7950	6980	4755	
DHL	-92800	-92800	2	4	3	6	13	9	14	0	8	5583565	2244	2253	1119	2143	9003	7950	6980	4755	
DHL	-93000	-93000	2	3	3	6	10	10	12	0	8	5577118	2244	2253	1119	2143	9003	7950	6980	4755	
DHL	-93200	-93200	1	2	3	4	10	12	15	0	9	5570442	2244	2253	1119	2143	9003	7950	6980	4755	
DHL	-93400	-93400	1	2	3	4	12	14	13	0	8	5563651	2244	2253	1119	2143	9003	7950	6980	4755	
DHL	-93600	-93600	1	3	3	2	13	13	13	0	12	5557735	2244	2253	1119	2143	9003	7950	6980	4755	
DHL	-93800	-93800	2	3	3	2	9	14	12	0	9	5552603	2244	2253	1119	2143	9003	7950	6980	4755	
DHL	-94000	-94000	2	3	4	2	6	14	10	0	7	5547843	2244	2253	1119	2143	9003	7950	6980	4755	
DHL	-94200	-94200	2	4	4	2	6	14	13	0	6	5543268	2244	2253	1119	2143	9003	7950	6980	4755	
DHL	-94400	-94400	1	4	5	1	7	18	12	0	8	5539000	2244	2253	1119	2143	9003	7950	6980	4755	
DHL	-94600	-94600	1	5	4	2	5	17	13	0	7	5534438	2244	2253	1119	2143	9003	7950	6980	4755	
DHL	-94800	-94800	1	4	3	2	7	14	14	0	6	5529788	2244	2253	1119	2143	9003	7950	6980	4755	
DHL	-95000	-95000	3	3	2	1	7	13	14	0	5	5524200	2244	2253	1119	2143	9003	7950	6980	4755	
DHL	-95200	-95200	3	2	3	2	8	12	12	0	4	5518433	2244	2253	1119	2143	9003	7950	6980	4755	
DHL	-95400	-95400	2	3	2	2	8	13	13	0	5	5512217	2244	2253	1119	2143	9003	7950	6980	4755	
DHL	-95600	-95600	2	2	2	3	8	12	12	0	7	5505811	2244	2253	1119	2143	9003	7950	6980	4755	
DHL	-95800	-95800	2	1	2	3	12	11	11	0	8	5498674	2244	2253	1119	2143	9003	7950	6980	4755	
DHL	-96000	-96000	3	1	2	3	12	13	11	0	8	5491419	2244	2253	1119	2143	9003	7950	6980	4755	
DHL	-96200	-96200	3	1	2	3	13	12	12	0	10	5484328	2244	2253	1119	2143	9003	7950	6980	4755	
DHL	-96400	-96400	3	1	3	5	10	13	8	0	10	5476347	2244	2253	1119	2143	9003	7950	6980	4755	
DHL	-96600	-96600	2	1	3	6	11	12	6	0	9	5467945	2244	2253	1119	2143	9003	7950	6980	4755	
DHL	-96800	-96800	1	1	3	6	14	12	5	0	9	5459923	2244	2253	1119	2143	9003	7950	6980	4755	
DHL	-97000	-97000	1	1	3	6	16	12	8	0	8	5452395	2244	2253	1119	2143	9003	7950	6980	4755	
DHL	-97200	-97200	2	1	2	7	13	15	10	0	7	5444518	2244	2253	1119	2143	9003	7950	6980	4755	
DHL	-97400	-97400	1	1	2	6	13	16	15	0	7	5436917	2244	2253	1119	2143	9003	7950	6980	4755	
DHL	-97600	-97600	1	1	2	4	13	15	14	0	7	5428970	2244	2253	1119	2143	9003	7950	6980	4755	
DHL	-97800	-97800	3	1	1	4	12	16	12	0	6	5421672	2244	2253	1119	2143	9003	7950	6980	4755	
DHL	-98000	-98000	5	2	1	4	11	17	14	0	8	5414146	2244	2253	1119	2143	9003	7950	6980	4755	
DHL	-98200	-98200	5	2	1	4	11	18	15	0	10	5407345	2244	2253	1119	2143	9003	7950	6980	4755	
DHL	-98400	-98400	6	2	3	6	14	17	12	0	8	5400469	2244	2253	1119	2143	9003	7950	6980	4755	
DHL	-98600	-98600	5	2	3	7	13	18	11	0	6	5393181	2244	2253	1119	2143	9003	7950	6980	4755	
DHL	-98800	-98800	5	2	3	7	12	19	11	0	8	5386202	2244	2253	1119	2143	9003	7950	6980	4755	
DHL	-99000	-99000	5	3	4	6	12	17	8	0	7	5379657	2244	2253	1119	2143	9003	7950	6980	4755	
DHL	-99200	-99200	5	4	6	7	11	17	7	0	7	5373286	2244	2253	1119	2143	9003	7950	6980	4755	
DHL	-99400	-99400	5	4	5	8	9	15	7	0	6	5366700	2244	2253	1119	2143	9003	7950	6980	4755	
DHL	-99600	-99600	6	4	3	8	10	15	11	0	8	5359663	2244	2253	1119	2143	9003	7950	6980	4755	
DHL	-99800	-99800	6	5	4	7	8	15	11	0	10	5351576	2244	2253	1119	2143	9003	7950	6980	4755	
DHL	-100000	-100000	6	4	4	6	10	18	9	0	8	5342885	2244	2253	1119	2143	9003	7950	6980	4755	
