FL	0	0	280	101	1	59	61	246	30	246	4	52134387	20421	4617	111	1773	4068	20501	2373	12989	460	
FL	-200	-200	285	103	1	65	61	253	29	250	5	51880035	20421	4617	111	1773	4068	20501	2373	12989	460	
FL	-400	-400	289	93	2	68	71	280	30	253	5	51161246	20421	4617	111	1773	4068	20501	2373	12989	460	
FL	-600	-600	292	96	2	71	65	279	30	250	6	50112398	20421	4617	111	1773	4068	20501	2373	12989	460	
FL	-800	-800	304	94	3	77	67	274	28	232	7	48832393	20421	4617	111	1773	4068	20501	2373	12989	460	
FL	-1000	-1000	309	91	3	80	73	264	32	220	7	47394445	20421	4617	111	1773	4068	20501	2373	12989	460	
FL	-1200	-1200	309	88	2	78	72	258	35	215	6	45870183	20421	4617	111	1773	4068	20501	2373	12989	460	
FL	-1400	-1400	302	81	3	83	63	245	36	202	6	44315060	20421	4617	111	1773	4068	20501	2373	12989	460	
FL	-1600	-1600	301	87	3	71	60	237	33	211	4	42780994	20421	4617	111	1773	4068	20501	2373	12989	460	
FL	-1800	-1800	289	83	3	67	58	232	33	207	4	41294353	20421	4617	111	1773	4068	20501	2373	12989	460	
FL	-2000	-2000	277	83	2	65	53	241	35	217	5	39851589	20421	4617	111	1773	4068	20501	2373	12989	460	
FL	-2200	-2200	269	71	2	62	56	239	32	215	7	38481484	20421	4617	111	1773	4068	20501	2373	12989	460	
FL	-2400	-2400	262	78	2	62	53	227	34	204	7	37184953	20421	4617	111	1773	4068	20501	2373	12989	460	
FL	-2600	-2600	259	76	2	67	47	223	35	197	5	35972714	20421	4617	111	1773	4068	20501	2373	12989	460	
FL	-2800	-2800	246	73	1	68	44	218	35	189	4	34830699	20421	4617	111	1773	4068	20501	2373	12989	460	
FL	-3000	-3000	237	73	1	63	45	211	33	177	6	33752760	20421	4617	111	1773	4068	20501	2373	12989	460	
FL	-3200	-3200	236	73	1	59	42	212	32	164	6	32744890	20421	4617	111	1773	4068	20501	2373	12989	460	
FL	-3400	-3400	247	71	1	53	34	187	33	156	5	31802250	20421	4617	111	1773	4068	20501	2373	12989	460	
FL	-3600	-3600	245	71	1	46	32	188	36	164	5	30919220	20421	4617	111	1773	4068	20501	2373	12989	460	
FL	-3800	-3800	238	68	1	42	32	177	35	163	4	30082738	20421	4617	111	1773	4068	20501	2373	12989	460	
FL	-4000	-4000	233	67	1	34	33	179	33	164	4	29298377	20421	4617	111	1773	4068	20501	2373	12989	460	
FL	-4200	-4200	237	64	2	28	32	179	32	159	4	28558892	20421	4617	111	1773	4068	20501	2373	12989	460	
FL	-4400	-4400	216	56	1	32	32	172	33	163	5	27857919	20421	4617	111	1773	4068	20501	2373	12989	460	
FL	-4600	-4600	210	56	1	28	32	174	32	158	5	27197792	20421	4617	111	1773	4068	20501	2373	12989	460	
FL	-4800	-4800	197	55	1	29	29	182	34	164	7	26573502	20421	4617	111	1773	4068	20501	2373	12989	460	
FL	-5000	-5000	193	52	2	27	26	181	31	157	7	25982689	20421	4617	111	1773	4068	20501	2373	12989	460	
FL	-5200	-5200	184	53	2	28	23	178	31	146	7	25423473	20421	4617	111	1773	4068	20501	2373	12989	460	
FL	-5400	-5400	171	49	2	30	18	183	33	127	7	24894908	20421	4617	111	1773	4068	20501	2373	12989	460	
FL	-5600	-5600	176	51	2	27	14	192	31	119	5	24387792	20421	4617	111	1773	4068	20501	2373	12989	460	
FL	-5800	-5800	173	47	2	23	15	183	26	121	4	23905999	20421	4617	111	1773	4068	20501	2373	12989	460	
FL	-6000	-6000	171	47	2	21	17	181	27	125	2	23447594	20421	4617	111	1773	4068	20501	2373	12989	460	
FL	-6200	-6200	175	49	2	20	16	168	30	125	2	23014817	20421	4617	111	1773	4068	20501	2373	12989	460	
FL	-6400	-6400	167	41	2	23	16	169	30	128	1	22605824	20421	4617	111	1773	4068	20501	2373	12989	460	
FL	-6600	-6600	171	36	1	25	18	179	28	134	1	22213318	20421	4617	111	1773	4068	20501	2373	12989	460	
FL	-6800	-6800	173	33	1	26	15	169	25	132	1	21840398	20421	4617	111	1773	4068	20501	2373	12989	460	
FL	-7000	-7000	170	32	1	23	17	154	24	125	1	21488702	20421	4617	111	1773	4068	20501	2373	12989	460	
FL	-7200	-7200	159	30	0	22	18	150	23	125	1	21155578	20421	4617	111	1773	4068	20501	2373	12989	460	
FL	-7400	-7400	158	30	0	22	21	152	21	126	1	20836168	20421	4617	111	1773	4068	20501	2373	12989	460	
FL	-7600	-7600	164	29	1	23	23	149	22	130	1	20532934	20421	4617	111	1773	4068	20501	2373	12989	460	
FL	-7800	-7800	170	29	0	18	21	147	21	122	1	20250008	20421	4617	111	1773	4068	20501	2373	12989	460	
FL	-8000	-8000	167	28	0	20	15	155	18	120	1	19979929	20421	4617	111	1773	4068	20501	2373	12989	460	
FL	-8200	-8200	165	26	0	23	16	137	16	122	1	19720850	20421	4617	111	1773	4068	20501	2373	12989	460	
FL	-8400	-8400	152	27	0	20	16	132	17	122	1	19471068	20421	4617	111	1773	4068	20501	2373	12989	460	
FL	-8600	-8600	148	27	0	25	17	141	18	111	1	19233690	20421	4617	111	1773	4068	20501	2373	12989	460	
FL	-8800	-8800	142	24	0	26	18	143	18	100	1	19006304	20421	4617	111	1773	4068	20501	2373	12989	460	
FL	-9000	-9000	146	29	0	29	19	146	17	99	1	18788776	20421	4617	111	1773	4068	20501	2373	12989	460	
FL	-9200	-9200	148	26	0	31	19	143	17	93	1	18582455	20421	4617	111	1773	4068	20501	2373	12989	460	
FL	-9400	-9400	138	21	0	33	16	146	14	87	1	18381723	20421	4617	111	1773	4068	20501	2373	12989	460	
FL	-9600	-9600	134	18	0	30	13	140	15	82	1	18189527	20421	4617	111	1773	4068	20501	2373	12989	460	
FL	-9800	-9800	137	18	0	27	13	138	18	75	2	18004946	20421	4617	111	1773	4068	20501	2373	12989	460	
FL	-10000	-10000	134	21	0	25	14	134	16	73	2	17825266	20421	4617	111	1773	4068	20501	2373	12989	460	
FL	-10200	-10200	133	21	0	22	14	136	19	74	2	17650490	20421	4617	111	1773	4068	20501	2373	12989	460	
FL	-10400	-10400	131	23	0	21	14	131	20	72	2	17483525	20421	4617	111	1773	4068	20501	2373	12989	460	
FL	-10600	-10600	121	24	1	20	16	125	16	71	2	17324752	20421	4617	111	1773	4068	20501	2373	12989	460	
FL	-10800	-10800	119	23	1	18	17	128	12	71	3	17169739	20421	4617	111	1773	4068	20501	2373	12989	460	
FL	-11000	-11000	122	26	1	21	16	121	13	68	2	17017357	20421	4617	111	1773	4068	20501	2373	12989	460	
FL	-11200	-11200	118	25	2	17	16	113	11	68	2	16866215	20421	4617	111	1773	4068	20501	2373	12989	460	
FL	-11400	-11400	117	26	2	17	15	121	11	71	2	16720509	20421	4617	111	1773	4068	20501	2373	12989	460	
FL	-11600	-11600	124	24	1	17	15	115	11	68	1	16581056	20421	4617	111	1773	4068	20501	2373	12989	460	
FL	-11800	-11800	127	25	1	17	14	104	11	69	1	16447708	20421	4617	111	1773	4068	20501	2373	12989	460	
FL	-12000	-12000	130	23	1	17	11	108	12	66	1	16319026	20421	4617	111	1773	4068	20501	2373	12989	460	
FL	-12200	-12200	124	25	1	17	13	127	13	73	1	16189856	20421	4617	111	1773	4068	20501	2373	12989	460	
FL	-12400	-12400	116	24	1	15	12	124	13	75	1	16062660	20421	4617	111	1773	4068	20501	2373	12989	460	
FL	-12600	-12600	113	23	1	15	14	130	13	81	0	15941724	20421	4617	111	1773	4068	20501	2373	12989	460	
FL	-12800	-12800	111	21	1	15	12	128	14	82	1	15826917	20421	4617	111	1773	4068	20501	2373	12989	460	
FL	-13000	-13000	115	21	2	14	12	121	14	80	1	15717799	20421	4617	111	1773	4068	20501	2373	12989	460	
FL	-13200	-13200	109	21	1	14	13	127	11	75	1	15609006	20421	4617	111	1773	4068	20501	2373	12989	460	
FL	-13400	-13400	111	26	1	13	11	133	10	70	1	15500207	20421	4617	111	1773	4068	20501	2373	12989	460	
FL	-13600	-13600	106	24	1	16	11	132	11	62	0	15392060	20421	4617	111	1773	4068	20501	2373	12989	460	
FL	-13800	-13800	117	27	2	17	12	122	12	62	0	15285503	20421	4617	111	1773	4068	20501	2373	12989	460	
FL	-14000	-14000	120	23	2	17	9	127	13	62	1	15182244	20421	4617	111	1773	4068	20501	2373	12989	460	
FL	-14200	-14200	124	21	0	18	9	132	12	68	1	15082599	20421	4617	111	1773	4068	20501	2373	12989	460	
FL	-14400	-14400	132	26	0	19	9	129	12	67	1	14987877	20421	4617	111	1773	4068	20501	2373	12989	460	
FL	-14600	-14600	130	30	0	18	9	124	13	64	2	14895772	20421	4617	111	1773	4068	20501	2373	12989	460	
FL	-14800	-14800	118	33	0	16	9	127	15	61	2	14806585	20421	4617	111	1773	4068	20501	2373	12989	460	
FL	-15000	-15000	119	29	0	14	10	142	17	64	1	14720656	20421	4617	111	1773	4068	20501	2373	12989	460	
FL	-15200	-15200	121	27	0	11	11	133	17	69	1	14637244	20421	4617	111	1773	4068	20501	2373	12989	460	
FL	-15400	-15400	117	26	0	10	12	130	18	73	0	14554057	20421	4617	111	1773	4068	20501	2373	12989	460	
FL	-15600	-15600	108	29	0	10	15	130	19	79	0	14469935	20421	4617	111	1773	4068	20501	2373	12989	460	
FL	-15800	-15800	105	30	0	11	11	128	22	76	1	14385914	20421	4617	111	1773	4068	20501	2373	12989	460	
FL	-16000	-16000	114	28	0	15	11	130	19	77	0	14301126	20421	4617	111	1773	4068	20501	2373	12989	460	
FL	-16200	-16200	112	24	0	14	10	127	23	78	2	14216482	20421	4617	111	1773	4068	20501	2373	12989	460	
FL	-16400	-16400	110	25	0	11	11	122	21	76	2	14133211	20421	4617	111	1773	4068	20501	2373	12989	460	
FL	-16600	-16600	109	24	0	11	10	132	20	78	2	14051113	20421	4617	111	1773	4068	20501	2373	12989	460	
FL	-16800	-16800	118	24	0	11	9	131	18	77	1	13971434	20421	4617	111	1773	4068	20501	2373	12989	460	
FL	-17000	-17000	113	25	0	11	11	135	15	75	1	13895382	20421	4617	111	1773	4068	20501	2373	12989	460	
FL	-17200	-17200	107	26	0	11	8	140	15	75	1	13822068	20421	4617	111	1773	4068	20501	2373	12989	460	
FL	-17400	-17400	101	30	0	10	8	136	17	71	1	13747390	20421	4617	111	1773	4068	20501	2373	12989	460	
FL	-17600	-17600	95	30	0	12	11	138	17	76	2	13672638	20421	4617	111	1773	4068	20501	2373	12989	460	
FL	-17800	-17800	98	30	0	12	10	140	18	77	2	13598508	20421	4617	111	1773	4068	20501	2373	12989	460	
FL	-18000	-18000	92	25	0	12	11	126	19	72	2	13527137	20421	4617	111	1773	4068	20501	2373	12989	460	
FL	-18200	-18200	95	26	0	12	12	128	18	64	1	13456306	20421	4617	111	1773	4068	20501	2373	12989	460	
FL	-18400	-18400	89	28	0	11	10	133	22	67	2	13385884	20421	4617	111	1773	4068	20501	2373	12989	460	
FL	-18600	-18600	86	24	0	11	11	132	18	68	2	13316816	20421	4617	111	1773	4068	20501	2373	12989	460	
FL	-18800	-18800	85	27	0	11	12	133	17	69	2	13249646	20421	4617	111	1773	4068	20501	2373	12989	460	
FL	-19000	-19000	87	26	0	9	11	119	14	71	2	13183134	20421	4617	111	1773	4068	20501	2373	12989	460	
FL	-19200	-19200	95	21	0	10	10	121	15	74	2	13116121	20421	4617	111	1773	4068	20501	2373	12989	460	
FL	-19400	-19400	93	22	0	11	9	119	15	78	2	13050847	20421	4617	111	1773	4068	20501	2373	12989	460	
FL	-19600	-19600	101	23	3	11	12	114	14	80	4	12986043	20421	4617	111	1773	4068	20501	2373	12989	460	
FL	-19800	-19800	99	22	3	9	10	113	14	79	3	12922135	20421	4617	111	1773	4068	20501	2373	12989	460	
FL	-20000	-20000	99	23	5	8	8	112	15	71	3	12858575	20421	4617	111	1773	4068	20501	2373	12989	460	
FL	-20200	-20200	92	25	5	8	6	107	15	71	3	12794301	20421	4617	111	1773	4068	20501	2373	12989	460	
FL	-20400	-20400	97	25	3	6	5	104	17	69	3	12727632	20421	4617	111	1773	4068	20501	2373	12989	460	
FL	-20600	-20600	94	25	3	6	7	102	18	68	2	12662273	20421	4617	111	1773	4068	20501	2373	12989	460	
FL	-20800	-20800	105	23	3	6	10	107	16	68	2	12598904	20421	4617	111	1773	4068	20501	2373	12989	460	
FL	-21000	-21000	99	28	3	8	12	94	15	72	1	12536066	20421	4617	111	1773	4068	20501	2373	12989	460	
FL	-21200	-21200	96	24	3	7	15	99	15	68	2	12474175	20421	4617	111	1773	4068	20501	2373	12989	460	
FL	-21400	-21400	101	25	1	7	16	99	14	67	2	12413675	20421	4617	111	1773	4068	20501	2373	12989	460	
FL	-21600	-21600	104	22	0	6	18	99	13	65	2	12354954	20421	4617	111	1773	4068	20501	2373	12989	460	
FL	-21800	-21800	101	21	1	6	18	98	13	67	2	12298266	20421	4617	111	1773	4068	20501	2373	12989	460	
FL	-22000	-22000	99	24	1	7	17	97	17	72	1	12244143	20421	4617	111	1773	4068	20501	2373	12989	460	
FL	-22200	-22200	104	23	1	7	16	100	18	71	1	12189369	20421	4617	111	1773	4068	20501	2373	12989	460	
FL	-22400	-22400	100	22	1	7	13	109	22	78	0	12136510	20421	4617	111	1773	4068	20501	2373	12989	460	
FL	-22600	-22600	95	23	0	7	12	100	21	77	0	12084884	20421	4617	111	1773	4068	20501	2373	12989	460	
FL	-22800	-22800	97	21	0	6	13	95	24	79	0	12033082	20421	4617	111	1773	4068	20501	2373	12989	460	
FL	-23000	-23000	92	17	0	6	15	92	27	76	1	11981590	20421	4617	111	1773	4068	20501	2373	12989	460	
FL	-23200	-23200	92	17	0	6	13	90	26	72	1	11934605	20421	4617	111	1773	4068	20501	2373	12989	460	
FL	-23400	-23400	94	17	0	6	14	95	24	71	1	11887987	20421	4617	111	1773	4068	20501	2373	12989	460	
FL	-23600	-23600	97	16	0	6	10	89	23	66	0	11842919	20421	4617	111	1773	4068	20501	2373	12989	460	
FL	-23800	-23800	93	15	0	6	8	99	23	64	0	11796417	20421	4617	111	1773	4068	20501	2373	12989	460	
FL	-24000	-24000	91	12	0	5	10	100	24	63	0	11748024	20421	4617	111	1773	4068	20501	2373	12989	460	
FL	-24200	-24200	90	12	0	6	9	107	21	56	1	11699848	20421	4617	111	1773	4068	20501	2373	12989	460	
FL	-24400	-24400	86	17	0	7	10	102	16	52	1	11651731	20421	4617	111	1773	4068	20501	2373	12989	460	
FL	-24600	-24600	88	19	0	6	9	99	13	58	1	11605856	20421	4617	111	1773	4068	20501	2373	12989	460	
FL	-24800	-24800	90	23	0	5	9	101	14	60	1	11560231	20421	4617	111	1773	4068	20501	2373	12989	460	
FL	-25000	-25000	92	22	0	5	10	100	10	49	1	11514041	20421	4617	111	1773	4068	20501	2373	12989	460	
FL	-25200	-25200	90	23	0	5	9	108	10	47	0	11466161	20421	4617	111	1773	4068	20501	2373	12989	460	
FL	-25400	-25400	87	22	0	4	7	111	10	47	1	11420220	20421	4617	111	1773	4068	20501	2373	12989	460	
FL	-25600	-25600	81	19	0	3	5	108	11	48	1	11375635	20421	4617	111	1773	4068	20501	2373	12989	460	
FL	-25800	-25800	82	20	0	3	7	103	11	48	1	11331665	20421	4617	111	1773	4068	20501	2373	12989	460	
FL	-26000	-26000	81	24	0	5	7	102	11	44	1	11288064	20421	4617	111	1773	4068	20501	2373	12989	460	
FL	-26200	-26200	84	22	0	4	8	100	10	47	1	11245586	20421	4617	111	1773	4068	20501	2373	12989	460	
FL	-26400	-26400	87	23	0	5	7	100	8	43	1	11205254	20421	4617	111	1773	4068	20501	2373	12989	460	
FL	-26600	-26600	87	24	0	5	6	93	8	43	1	11166954	20421	4617	111	1773	4068	20501	2373	12989	460	
FL	-26800	-26800	87	23	0	5	5	91	5	45	1	11129953	20421	4617	111	1773	4068	20501	2373	12989	460	
FL	-27000	-27000	75	27	0	8	5	95	5	39	1	11091248	20421	4617	111	1773	4068	20501	2373	12989	460	
FL	-27200	-27200	81	21	0	14	6	90	4	39	1	11053760	20421	4617	111	1773	4068	20501	2373	12989	460	
FL	-27400	-27400	81	18	0	18	5	87	6	44	1	11015351	20421	4617	111	1773	4068	20501	2373	12989	460	
FL	-27600	-27600	80	19	0	19	7	85	6	49	1	10975332	20421	4617	111	1773	4068	20501	2373	12989	460	
FL	-27800	-27800	74	22	0	21	5	88	6	42	1	10935100	20421	4617	111	1773	4068	20501	2373	12989	460	
FL	-28000	-28000	81	26	0	18	4	86	10	43	1	10895521	20421	4617	111	1773	4068	20501	2373	12989	460	
FL	-28200	-28200	87	24	0	16	4	80	11	43	1	10855954	20421	4617	111	1773	4068	20501	2373	12989	460	
FL	-28400	-28400	90	19	0	12	5	84	9	33	1	10815397	20421	4617	111	1773	4068	20501	2373	12989	460	
FL	-28600	-28600	94	19	0	9	6	91	8	35	2	10774333	20421	4617	111	1773	4068	20501	2373	12989	460	
FL	-28800	-28800	96	16	0	8	8	86	6	36	2	10734649	20421	4617	111	1773	4068	20501	2373	12989	460	
FL	-29000	-29000	94	16	0	7	8	80	7	40	2	10697172	20421	4617	111	1773	4068	20501	2373	12989	460	
FL	-29200	-29200	93	16	0	6	9	87	6	37	2	10656488	20421	4617	111	1773	4068	20501	2373	12989	460	
FL	-29400	-29400	100	19	0	6	9	88	11	38	2	10618541	20421	4617	111	1773	4068	20501	2373	12989	460	
FL	-29600	-29600	91	16	0	6	8	84	8	35	2	10581788	20421	4617	111	1773	4068	20501	2373	12989	460	
FL	-29800	-29800	88	15	0	6	8	84	10	42	2	10545873	20421	4617	111	1773	4068	20501	2373	12989	460	
FL	-30000	-30000	93	16	0	8	8	83	11	37	2	10509569	20421	4617	111	1773	4068	20501	2373	12989	460	
FL	-30200	-30200	89	18	0	8	8	84	12	36	1	10471859	20421	4617	111	1773	4068	20501	2373	12989	460	
FL	-30400	-30400	89	14	0	5	11	86	14	36	1	10435044	20421	4617	111	1773	4068	20501	2373	12989	460	
FL	-30600	-30600	88	16	0	5	10	88	13	40	1	10397710	20421	4617	111	1773	4068	20501	2373	12989	460	
FL	-30800	-30800	93	12	0	6	10	83	12	38	1	10360813	20421	4617	111	1773	4068	20501	2373	12989	460	
FL	-31000	-31000	81	11	0	6	8	84	12	35	2	10324386	20421	4617	111	1773	4068	20501	2373	12989	460	
FL	-31200	-31200	83	15	0	7	10	93	9	41	2	10287269	20421	4617	111	1773	4068	20501	2373	12989	460	
FL	-31400	-31400	79	16	0	3	11	81	8	36	2	10251394	20421	4617	111	1773	4068	20501	2373	12989	460	
FL	-31600	-31600	75	19	0	4	10	81	6	38	1	10217266	20421	4617	111	1773	4068	20501	2373	12989	460	
FL	-31800	-31800	74	20	0	3	12	77	8	37	2	10185271	20421	4617	111	1773	4068	20501	2373	12989	460	
FL	-32000	-32000	72	21	0	4	12	76	9	35	2	10154820	20421	4617	111	1773	4068	20501	2373	12989	460	
FL	-32200	-32200	78	22	0	3	13	78	8	35	2	10123884	20421	4617	111	1773	4068	20501	2373	12989	460	
FL	-32400	-32400	76	23	0	5	13	78	9	33	1	10091512	20421	4617	111	1773	4068	20501	2373	12989	460	
FL	-32600	-32600	81	21	0	6	12	83	8	34	0	10058395	20421	4617	111	1773	4068	20501	2373	12989	460	
FL	-32800	-32800	76	19	0	7	12	81	7	36	0	10024920	20421	4617	111	1773	4068	20501	2373	12989	460	
FL	-33000	-33000	90	17	0	9	11	77	5	35	0	9990890	20421	4617	111	1773	4068	20501	2373	12989	460	
FL	-33200	-33200	88	19	0	9	12	70	4	33	0	9956994	20421	4617	111	1773	4068	20501	2373	12989	460	
FL	-33400	-33400	86	16	0	7	12	74	4	35	0	9925418	20421	4617	111	1773	4068	20501	2373	12989	460	
FL	-33600	-33600	94	15	0	7	10	81	7	34	2	9894416	20421	4617	111	1773	4068	20501	2373	12989	460	
FL	-33800	-33800	95	18	0	11	9	77	7	40	3	9864046	20421	4617	111	1773	4068	20501	2373	12989	460	
FL	-34000	-34000	94	21	0	11	8	78	7	38	3	9834789	20421	4617	111	1773	4068	20501	2373	12989	460	
FL	-34200	-34200	90	25	0	8	9	73	8	38	2	9804662	20421	4617	111	1773	4068	20501	2373	12989	460	
FL	-34400	-34400	92	22	0	6	14	75	9	32	2	9775509	20421	4617	111	1773	4068	20501	2373	12989	460	
FL	-34600	-34600	82	22	0	5	14	70	12	29	2	9747403	20421	4617	111	1773	4068	20501	2373	12989	460	
FL	-34800	-34800	70	25	0	7	15	60	11	29	1	9718635	20421	4617	111	1773	4068	20501	2373	12989	460	
FL	-35000	-35000	72	23	0	5	13	60	12	32	1	9689061	20421	4617	111	1773	4068	20501	2373	12989	460	
FL	-35200	-35200	72	19	0	4	15	75	10	35	1	9658884	20421	4617	111	1773	4068	20501	2373	12989	460	
FL	-35400	-35400	84	18	1	2	17	77	11	39	1	9627260	20421	4617	111	1773	4068	20501	2373	12989	460	
FL	-35600	-35600	81	18	1	2	18	76	8	38	0	9595076	20421	4617	111	1773	4068	20501	2373	12989	460	
FL	-35800	-35800	74	20	1	2	18	77	8	33	0	9564748	20421	4617	111	1773	4068	20501	2373	12989	460	
FL	-36000	-36000	72	18	0	4	16	74	10	30	1	9532510	20421	4617	111	1773	4068	20501	2373	12989	460	
FL	-36200	-36200	81	21	0	5	13	69	10	26	1	9500871	20421	4617	111	1773	4068	20501	2373	12989	460	
FL	-36400	-36400	80	23	0	7	9	70	9	29	1	9470252	20421	4617	111	1773	4068	20501	2373	12989	460	
FL	-36600	-36600	81	21	0	5	8	69	9	29	1	9440910	20421	4617	111	1773	4068	20501	2373	12989	460	
FL	-36800	-36800	90	21	0	4	6	71	9	22	1	9412101	20421	4617	111	1773	4068	20501	2373	12989	460	
FL	-37000	-37000	91	20	0	4	8	75	9	26	1	9382753	20421	4617	111	1773	4068	20501	2373	12989	460	
FL	-37200	-37200	77	20	0	3	8	72	7	28	1	9355445	20421	4617	111	1773	4068	20501	2373	12989	460	
FL	-37400	-37400	84	20	0	3	5	69	9	31	1	9328465	20421	4617	111	1773	4068	20501	2373	12989	460	
FL	-37600	-37600	81	19	0	2	7	70	9	27	1	9301436	20421	4617	111	1773	4068	20501	2373	12989	460	
FL	-37800	-37800	81	22	0	1	5	69	9	29	1	9274204	20421	4617	111	1773	4068	20501	2373	12989	460	
FL	-38000	-38000	80	17	0	3	5	70	8	31	1	9245955	20421	4617	111	1773	4068	20501	2373	12989	460	
FL	-38200	-38200	92	16	0	3	5	67	7	30	1	9220324	20421	4617	111	1773	4068	20501	2373	12989	460	
FL	-38400	-38400	81	11	0	3	8	73	9	30	2	9196317	20421	4617	111	1773	4068	20501	2373	12989	460	
FL	-38600	-38600	65	12	0	2	9	75	8	32	1	9170915	20421	4617	111	1773	4068	20501	2373	12989	460	
FL	-38800	-38800	63	15	0	2	6	68	7	34	3	9144385	20421	4617	111	1773	4068	20501	2373	12989	460	
FL	-39000	-39000	65	18	1	4	6	71	9	30	3	9116899	20421	4617	111	1773	4068	20501	2373	12989	460	
FL	-39200	-39200	71	15	1	4	7	78	7	29	4	9090197	20421	4617	111	1773	4068	20501	2373	12989	460	
FL	-39400	-39400	64	16	1	4	6	73	6	29	4	9064555	20421	4617	111	1773	4068	20501	2373	12989	460	
FL	-39600	-39600	69	17	0	4	5	69	10	37	3	9039285	20421	4617	111	1773	4068	20501	2373	12989	460	
FL	-39800	-39800	75	18	0	4	8	63	7	36	3	9013652	20421	4617	111	1773	4068	20501	2373	12989	460	
FL	-40000	-40000	70	18	1	5	6	66	6	38	2	8988441	20421	4617	111	1773	4068	20501	2373	12989	460	
FL	-40200	-40200	67	18	1	6	5	74	6	35	2	8963767	20421	4617	111	1773	4068	20501	2373	12989	460	
FL	-40400	-40400	74	18	1	5	8	78	9	38	2	8938560	20421	4617	111	1773	4068	20501	2373	12989	460	
FL	-40600	-40600	74	14	1	5	10	73	10	40	2	8913532	20421	4617	111	1773	4068	20501	2373	12989	460	
FL	-40800	-40800	71	12	2	4	9	70	9	45	2	8889811	20421	4617	111	1773	4068	20501	2373	12989	460	
FL	-41000	-41000	70	13	2	4	11	69	11	44	2	8866491	20421	4617	111	1773	4068	20501	2373	12989	460	
FL	-41200	-41200	64	13	2	4	13	70	10	40	2	8843203	20421	4617	111	1773	4068	20501	2373	12989	460	
FL	-41400	-41400	57	10	2	4	12	67	10	38	1	8821367	20421	4617	111	1773	4068	20501	2373	12989	460	
FL	-41600	-41600	65	14	1	3	12	69	9	38	1	8799041	20421	4617	111	1773	4068	20501	2373	12989	460	
FL	-41800	-41800	68	15	1	4	10	62	12	38	1	8776771	20421	4617	111	1773	4068	20501	2373	12989	460	
FL	-42000	-42000	72	13	1	5	14	66	11	35	0	8754491	20421	4617	111	1773	4068	20501	2373	12989	460	
FL	-42200	-42200	67	15	1	4	16	69	10	35	1	8732340	20421	4617	111	1773	4068	20501	2373	12989	460	
FL	-42400	-42400	67	13	1	4	15	69	10	34	0	8710199	20421	4617	111	1773	4068	20501	2373	12989	460	
FL	-42600	-42600	64	12	0	4	11	73	8	33	0	8688203	20421	4617	111	1773	4068	20501	2373	12989	460	
FL	-42800	-42800	65	14	0	2	9	76	7	32	0	8666141	20421	4617	111	1773	4068	20501	2373	12989	460	
FL	-43000	-43000	69	14	0	2	8	75	10	28	0	8644790	20421	4617	111	1773	4068	20501	2373	12989	460	
FL	-43200	-43200	71	14	0	3	9	77	7	29	0	8623216	20421	4617	111	1773	4068	20501	2373	12989	460	
FL	-43400	-43400	68	16	0	3	8	77	8	21	0	8602512	20421	4617	111	1773	4068	20501	2373	12989	460	
FL	-43600	-43600	65	14	0	3	10	77	7	17	0	8582805	20421	4617	111	1773	4068	20501	2373	12989	460	
FL	-43800	-43800	67	14	0	4	9	71	8	18	0	8561690	20421	4617	111	1773	4068	20501	2373	12989	460	
FL	-44000	-44000	63	14	0	5	10	66	8	21	0	8539049	20421	4617	111	1773	4068	20501	2373	12989	460	
FL	-44200	-44200	60	12	0	4	10	63	11	20	0	8514569	20421	4617	111	1773	4068	20501	2373	12989	460	
FL	-44400	-44400	58	12	0	3	9	60	9	15	0	8491214	20421	4617	111	1773	4068	20501	2373	12989	460	
FL	-44600	-44600	56	13	0	3	7	60	8	14	0	8468313	20421	4617	111	1773	4068	20501	2373	12989	460	
FL	-44800	-44800	60	14	0	2	10	58	9	20	0	8446338	20421	4617	111	1773	4068	20501	2373	12989	460	
FL	-45000	-45000	61	13	0	2	9	66	9	25	0	8425630	20421	4617	111	1773	4068	20501	2373	12989	460	
FL	-45200	-45200	62	11	0	4	11	57	10	27	0	8405658	20421	4617	111	1773	4068	20501	2373	12989	460	
FL	-45400	-45400	65	9	0	4	10	63	10	33	0	8386884	20421	4617	111	1773	4068	20501	2373	12989	460	
FL	-45600	-45600	67	8	0	4	11	62	10	32	0	8367364	20421	4617	111	1773	4068	20501	2373	12989	460	
FL	-45800	-45800	70	10	0	3	13	67	11	34	0	8348724	20421	4617	111	1773	4068	20501	2373	12989	460	
FL	-46000	-46000	80	12	0	4	14	60	10	34	0	8329349	20421	4617	111	1773	4068	20501	2373	12989	460	
FL	-46200	-46200	80	13	0	3	10	62	9	32	0	8310239	20421	4617	111	1773	4068	20501	2373	12989	460	
FL	-46400	-46400	77	12	0	4	9	58	9	36	0	8290924	20421	4617	111	1773	4068	20501	2373	12989	460	
FL	-46600	-46600	73	13	0	4	11	65	8	34	0	8273463	20421	4617	111	1773	4068	20501	2373	12989	460	
FL	-46800	-46800	77	14	0	3	9	60	9	34	0	8256756	20421	4617	111	1773	4068	20501	2373	12989	460	
FL	-47000	-47000	74	15	0	2	9	56	10	34	0	8238581	20421	4617	111	1773	4068	20501	2373	12989	460	
FL	-47200	-47200	74	10	0	2	10	55	13	35	0	8221501	20421	4617	111	1773	4068	20501	2373	12989	460	
FL	-47400	-47400	64	11	0	2	7	64	13	29	0	8203978	20421	4617	111	1773	4068	20501	2373	12989	460	
FL	-47600	-47600	61	13	0	2	8	60	12	25	0	8185230	20421	4617	111	1773	4068	20501	2373	12989	460	
FL	-47800	-47800	61	11	0	4	8	68	11	25	0	8166720	20421	4617	111	1773	4068	20501	2373	12989	460	
FL	-48000	-48000	59	14	1	4	9	63	12	29	0	8147437	20421	4617	111	1773	4068	20501	2373	12989	460	
FL	-48200	-48200	57	14	1	4	9	67	13	26	0	8128763	20421	4617	111	1773	4068	20501	2373	12989	460	
FL	-48400	-48400	56	16	1	3	10	65	13	26	0	8110008	20421	4617	111	1773	4068	20501	2373	12989	460	
FL	-48600	-48600	59	15	1	4	9	58	14	28	0	8092661	20421	4617	111	1773	4068	20501	2373	12989	460	
FL	-48800	-48800	57	16	2	3	11	61	15	28	0	8075833	20421	4617	111	1773	4068	20501	2373	12989	460	
FL	-49000	-49000	55	13	2	3	10	63	18	30	0	8059692	20421	4617	111	1773	4068	20501	2373	12989	460	
FL	-49200	-49200	55	16	2	3	10	69	18	28	0	8043284	20421	4617	111	1773	4068	20501	2373	12989	460	
FL	-49400	-49400	56	14	2	3	10	74	18	31	0	8026804	20421	4617	111	1773	4068	20501	2373	12989	460	
FL	-49600	-49600	58	15	2	2	9	68	21	32	1	8010809	20421	4617	111	1773	4068	20501	2373	12989	460	
FL	-49800	-49800	57	15	2	2	9	67	26	32	1	7994999	20421	4617	111	1773	4068	20501	2373	12989	460	
FL	-50000	-50000	56	12	2	1	11	61	23	28	1	7978955	20421	4617	111	1773	4068	20501	2373	12989	460	
FL	-50200	-50200	64	12	1	3	12	66	21	29	1	7962917	20421	4617	111	1773	4068	20501	2373	12989	460	
FL	-50400	-50400	62	10	1	4	12	61	20	24	1	7947422	20421	4617	111	1773	4068	20501	2373	12989	460	
FL	-50600	-50600	60	7	1	4	10	56	18	24	1	7931641	20421	4617	111	1773	4068	20501	2373	12989	460	
FL	-50800	-50800	60	6	1	3	10	57	16	19	1	7915281	20421	4617	111	1773	4068	20501	2373	12989	460	
FL	-51000	-51000	56	7	1	3	10	58	12	21	1	7897622	20421	4617	111	1773	4068	20501	2373	12989	460	
FL	-51200	-51200	55	7	0	4	6	54	11	23	1	7880057	20421	4617	111	1773	4068	20501	2373	12989	460	
FL	-51400	-51400	50	7	0	5	6	58	12	22	0	7863535	20421	4617	111	1773	4068	20501	2373	12989	460	
FL	-51600	-51600	54	7	0	5	8	59	12	20	0	7846338	20421	4617	111	1773	4068	20501	2373	12989	460	
FL	-51800	-51800	54	10	0	4	8	67	10	20	0	7828184	20421	4617	111	1773	4068	20501	2373	12989	460	
FL	-52000	-52000	57	8	0	3	9	67	9	21	0	7811257	20421	4617	111	1773	4068	20501	2373	12989	460	
FL	-52200	-52200	54	11	0	2	11	64	8	25	0	7794074	20421	4617	111	1773	4068	20501	2373	12989	460	
FL	-52400	-52400	57	9	0	2	13	64	7	25	0	7776298	20421	4617	111	1773	4068	20501	2373	12989	460	
FL	-52600	-52600	60	9	0	2	11	69	8	23	0	7757877	20421	4617	111	1773	4068	20501	2373	12989	460	
FL	-52800	-52800	59	10	0	1	10	65	8	22	1	7739957	20421	4617	111	1773	4068	20501	2373	12989	460	
FL	-53000	-53000	61	8	0	1	8	65	8	26	2	7722365	20421	4617	111	1773	4068	20501	2373	12989	460	
FL	-53200	-53200	56	9	0	1	10	62	7	28	2	7705278	20421	4617	111	1773	4068	20501	2373	12989	460	
FL	-53400	-53400	58	6	0	1	12	59	6	27	2	7689314	20421	4617	111	1773	4068	20501	2373	12989	460	
FL	-53600	-53600	63	7	1	1	9	60	4	25	3	7673138	20421	4617	111	1773	4068	20501	2373	12989	460	
FL	-53800	-53800	65	8	1	1	7	57	4	24	3	7656898	20421	4617	111	1773	4068	20501	2373	12989	460	
FL	-54000	-54000	63	8	1	3	10	60	3	18	1	7640401	20421	4617	111	1773	4068	20501	2373	12989	460	
FL	-54200	-54200	64	7	1	4	8	54	6	20	1	7624209	20421	4617	111	1773	4068	20501	2373	12989	460	
FL	-54400	-54400	61	7	1	4	7	59	7	25	0	7607861	20421	4617	111	1773	4068	20501	2373	12989	460	
FL	-54600	-54600	66	7	1	3	9	53	7	28	0	7590359	20421	4617	111	1773	4068	20501	2373	12989	460	
FL	-54800	-54800	60	7	1	3	8	60	5	33	0	7573338	20421	4617	111	1773	4068	20501	2373	12989	460	
FL	-55000	-55000	65	7	1	2	8	57	6	31	0	7555469	20421	4617	111	1773	4068	20501	2373	12989	460	
FL	-55200	-55200	60	8	1	3	6	59	7	29	0	7536964	20421	4617	111	1773	4068	20501	2373	12989	460	
FL	-55400	-55400	53	7	1	3	6	58	6	30	0	7519106	20421	4617	111	1773	4068	20501	2373	12989	460	
FL	-55600	-55600	53	6	0	1	5	51	6	27	0	7502446	20421	4617	111	1773	4068	20501	2373	12989	460	
FL	-55800	-55800	48	6	0	1	7	51	7	29	0	7485850	20421	4617	111	1773	4068	20501	2373	12989	460	
FL	-56000	-56000	51	8	0	3	6	50	8	27	0	7470804	20421	4617	111	1773	4068	20501	2373	12989	460	
FL	-56200	-56200	49	9	0	4	5	53	8	26	0	7456487	20421	4617	111	1773	4068	20501	2373	12989	460	
FL	-56400	-56400	58	9	0	4	5	51	10	20	0	7442125	20421	4617	111	1773	4068	20501	2373	12989	460	
FL	-56600	-56600	51	10	0	3	4	48	8	20	0	7427219	20421	4617	111	1773	4068	20501	2373	12989	460	
FL	-56800	-56800	54	10	0	3	5	48	9	24	0	7411283	20421	4617	111	1773	4068	20501	2373	12989	460	
FL	-57000	-57000	53	10	0	3	7	51	9	23	0	7395950	20421	4617	111	1773	4068	20501	2373	12989	460	
FL	-57200	-57200	57	10	0	2	5	43	7	24	0	7380511	20421	4617	111	1773	4068	20501	2373	12989	460	
FL	-57400	-57400	50	9	0	2	5	43	5	24	0	7365613	20421	4617	111	1773	4068	20501	2373	12989	460	
FL	-57600	-57600	52	11	0	2	5	50	7	27	0	7350251	20421	4617	111	1773	4068	20501	2373	12989	460	
FL	-57800	-57800	50	11	0	2	4	59	7	26	1	7334213	20421	4617	111	1773	4068	20501	2373	12989	460	
FL	-58000	-58000	52	12	0	2	5	67	6	24	1	7317853	20421	4617	111	1773	4068	20501	2373	12989	460	
FL	-58200	-58200	57	14	0	2	6	69	7	27	1	7301947	20421	4617	111	1773	4068	20501	2373	12989	460	
FL	-58400	-58400	55	10	0	1	6	66	7	28	1	7286742	20421	4617	111	1773	4068	20501	2373	12989	460	
FL	-58600	-58600	60	12	0	1	7	67	5	30	1	7271423	20421	4617	111	1773	4068	20501	2373	12989	460	
FL	-58800	-58800	66	11	1	1	8	61	5	30	1	7255974	20421	4617	111	1773	4068	20501	2373	12989	460	
FL	-59000	-59000	72	11	1	1	6	58	4	30	1	7240293	20421	4617	111	1773	4068	20501	2373	12989	460	
FL	-59200	-59200	72	8	1	2	10	57	4	27	1	7224916	20421	4617	111	1773	4068	20501	2373	12989	460	
FL	-59400	-59400	73	7	1	2	10	51	4	24	1	7208846	20421	4617	111	1773	4068	20501	2373	12989	460	
FL	-59600	-59600	79	9	1	2	10	54	4	24	1	7194240	20421	4617	111	1773	4068	20501	2373	12989	460	
FL	-59800	-59800	77	9	0	3	6	57	6	24	1	7179259	20421	4617	111	1773	4068	20501	2373	12989	460	
FL	-60000	-60000	80	12	0	3	5	57	7	25	1	7165236	20421	4617	111	1773	4068	20501	2373	12989	460	
FL	-60200	-60200	76	13	0	3	5	59	7	22	1	7150881	20421	4617	111	1773	4068	20501	2373	12989	460	
FL	-60400	-60400	79	17	0	2	3	70	7	21	1	7135335	20421	4617	111	1773	4068	20501	2373	12989	460	
FL	-60600	-60600	77	13	0	2	4	68	7	20	1	7121061	20421	4617	111	1773	4068	20501	2373	12989	460	
FL	-60800	-60800	68	14	0	4	1	59	5	20	1	7107311	20421	4617	111	1773	4068	20501	2373	12989	460	
FL	-61000	-61000	64	16	0	5	1	59	3	15	1	7094406	20421	4617	111	1773	4068	20501	2373	12989	460	
FL	-61200	-61200	70	17	0	4	1	67	3	14	0	7081787	20421	4617	111	1773	4068	20501	2373	12989	460	
FL	-61400	-61400	63	15	1	4	1	64	3	15	0	7068875	20421	4617	111	1773	4068	20501	2373	12989	460	
FL	-61600	-61600	63	13	1	6	2	61	3	11	0	7055267	20421	4617	111	1773	4068	20501	2373	12989	460	
FL	-61800	-61800	68	12	0	4	1	59	3	18	0	7042674	20421	4617	111	1773	4068	20501	2373	12989	460	
FL	-62000	-62000	66	10	0	3	4	57	4	20	0	7029350	20421	4617	111	1773	4068	20501	2373	12989	460	
FL	-62200	-62200	61	12	0	0	4	61	4	21	0	7015100	20421	4617	111	1773	4068	20501	2373	12989	460	
FL	-62400	-62400	57	14	0	1	5	59	5	18	0	7000875	20421	4617	111	1773	4068	20501	2373	12989	460	
FL	-62600	-62600	56	13	0	0	5	58	4	23	0	6986690	20421	4617	111	1773	4068	20501	2373	12989	460	
FL	-62800	-62800	56	12	0	1	5	60	4	29	0	6973355	20421	4617	111	1773	4068	20501	2373	12989	460	
FL	-63000	-63000	50	12	0	1	5	54	4	31	0	6960546	20421	4617	111	1773	4068	20501	2373	12989	460	
FL	-63200	-63200	53	10	0	1	4	57	4	29	0	6947068	20421	4617	111	1773	4068	20501	2373	12989	460	
FL	-63400	-63400	52	11	0	1	3	57	6	27	0	6933209	20421	4617	111	1773	4068	20501	2373	12989	460	
FL	-63600	-63600	50	11	0	2	2	55	4	28	0	6919966	20421	4617	111	1773	4068	20501	2373	12989	460	
FL	-63800	-63800	56	10	0	2	4	49	5	24	0	6906197	20421	4617	111	1773	4068	20501	2373	12989	460	
FL	-64000	-64000	60	10	0	2	4	53	4	19	0	6892357	20421	4617	111	1773	4068	20501	2373	12989	460	
FL	-64200	-64200	59	8	0	2	5	47	3	19	0	6878394	20421	4617	111	1773	4068	20501	2373	12989	460	
FL	-64400	-64400	59	7	0	2	8	44	3	19	0	6863600	20421	4617	111	1773	4068	20501	2373	12989	460	
FL	-64600	-64600	61	8	0	3	7	48	4	14	0	6850049	20421	4617	111	1773	4068	20501	2373	12989	460	
FL	-64800	-64800	69	10	0	1	7	52	5	16	0	6836143	20421	4617	111	1773	4068	20501	2373	12989	460	
FL	-65000	-65000	62	11	0	0	5	51	6	18	0	6824026	20421	4617	111	1773	4068	20501	2373	12989	460	
FL	-65200	-65200	50	11	0	1	7	47	5	23	0	6811647	20421	4617	111	1773	4068	20501	2373	12989	460	
FL	-65400	-65400	46	10	0	2	7	42	5	22	1	6798703	20421	4617	111	1773	4068	20501	2373	12989	460	
FL	-65600	-65600	45	9	0	2	9	53	5	24	1	6785751	20421	4617	111	1773	4068	20501	2373	12989	460	
FL	-65800	-65800	49	8	0	2	11	55	7	20	1	6773139	20421	4617	111	1773	4068	20501	2373	12989	460	
FL	-66000	-66000	44	9	0	3	13	57	9	20	1	6761772	20421	4617	111	1773	4068	20501	2373	12989	460	
FL	-66200	-66200	38	8	0	1	13	46	13	22	1	6750931	20421	4617	111	1773	4068	20501	2373	12989	460	
FL	-66400	-66400	42	8	0	1	10	45	10	21	1	6740389	20421	4617	111	1773	4068	20501	2373	12989	460	
FL	-66600	-66600	42	8	0	1	8	45	9	18	1	6729311	20421	4617	111	1773	4068	20501	2373	12989	460	
FL	-66800	-66800	50	11	0	1	6	46	9	18	1	6717607	20421	4617	111	1773	4068	20501	2373	12989	460	
FL	-67000	-67000	54	13	0	0	6	50	6	21	2	6705267	20421	4617	111	1773	4068	20501	2373	12989	460	
FL	-67200	-67200	56	10	0	0	6	52	7	26	2	6694051	20421	4617	111	1773	4068	20501	2373	12989	460	
FL	-67400	-67400	64	10	0	0	6	54	8	24	2	6683375	20421	4617	111	1773	4068	20501	2373	12989	460	
FL	-67600	-67600	60	8	0	1	6	52	7	23	1	6672769	20421	4617	111	1773	4068	20501	2373	12989	460	
FL	-67800	-67800	59	8	0	1	7	47	8	19	1	6661097	20421	4617	111	1773	4068	20501	2373	12989	460	
FL	-68000	-68000	52	6	0	1	7	46	9	14	1	6649367	20421	4617	111	1773	4068	20501	2373	12989	460	
FL	-68200	-68200	61	6	0	2	5	50	8	18	0	6637920	20421	4617	111	1773	4068	20501	2373	12989	460	
FL	-68400	-68400	56	5	0	1	7	46	8	16	0	6627238	20421	4617	111	1773	4068	20501	2373	12989	460	
FL	-68600	-68600	55	7	0	0	6	55	7	16	0	6616744	20421	4617	111	1773	4068	20501	2373	12989	460	
FL	-68800	-68800	52	7	0	0	6	57	7	15	0	6606122	20421	4617	111	1773	4068	20501	2373	12989	460	
FL	-69000	-69000	48	7	0	0	7	55	3	18	0	6596194	20421	4617	111	1773	4068	20501	2373	12989	460	
FL	-69200	-69200	47	7	0	0	8	53	2	21	0	6586850	20421	4617	111	1773	4068	20501	2373	12989	460	
FL	-69400	-69400	46	6	0	0	6	51	2	25	0	6578374	20421	4617	111	1773	4068	20501	2373	12989	460	
FL	-69600	-69600	44	7	0	1	7	50	2	26	0	6571280	20421	4617	111	1773	4068	20501	2373	12989	460	
FL	-69800	-69800	45	6	0	1	6	50	3	25	0	6564652	20421	4617	111	1773	4068	20501	2373	12989	460	
FL	-70000	-70000	45	4	0	2	6	52	4	24	0	6557261	20421	4617	111	1773	4068	20501	2373	12989	460	
FL	-70200	-70200	39	6	0	2	9	48	4	25	0	6550146	20421	4617	111	1773	4068	20501	2373	12989	460	
FL	-70400	-70400	37	7	0	2	10	50	5	28	1	6543213	20421	4617	111	1773	4068	20501	2373	12989	460	
FL	-70600	-70600	46	8	0	3	9	49	3	30	1	6536328	20421	4617	111	1773	4068	20501	2373	12989	460	
FL	-70800	-70800	47	8	0	3	9	51	6	34	1	6529195	20421	4617	111	1773	4068	20501	2373	12989	460	
FL	-71000	-71000	57	7	0	3	10	53	6	31	2	6520958	20421	4617	111	1773	4068	20501	2373	12989	460	
FL	-71200	-71200	57	10	0	3	9	58	6	33	2	6511214	20421	4617	111	1773	4068	20501	2373	12989	460	
FL	-71400	-71400	51	11	0	1	9	51	6	31	2	6501216	20421	4617	111	1773	4068	20501	2373	12989	460	
FL	-71600	-71600	48	13	0	1	9	56	7	31	2	6491165	20421	4617	111	1773	4068	20501	2373	12989	460	
FL	-71800	-71800	51	14	0	1	9	60	6	22	2	6480821	20421	4617	111	1773	4068	20501	2373	12989	460	
FL	-72000	-72000	50	13	0	1	8	61	5	19	1	6470484	20421	4617	111	1773	4068	20501	2373	12989	460	
FL	-72200	-72200	53	12	0	1	10	63	6	17	1	6462263	20421	4617	111	1773	4068	20501	2373	12989	460	
FL	-72400	-72400	52	17	0	1	11	66	6	18	1	6454983	20421	4617	111	1773	4068	20501	2373	12989	460	
FL	-72600	-72600	56	16	0	1	10	66	6	16	1	6447469	20421	4617	111	1773	4068	20501	2373	12989	460	
FL	-72800	-72800	54	18	0	1	9	63	5	17	2	6439157	20421	4617	111	1773	4068	20501	2373	12989	460	
FL	-73000	-73000	56	16	0	1	8	67	5	19	2	6431640	20421	4617	111	1773	4068	20501	2373	12989	460	
FL	-73200	-73200	58	15	0	2	7	60	5	23	1	6425264	20421	4617	111	1773	4068	20501	2373	12989	460	
FL	-73400	-73400	62	13	0	3	7	60	6	25	2	6418625	20421	4617	111	1773	4068	20501	2373	12989	460	
FL	-73600	-73600	62	12	0	4	9	55	5	26	1	6411422	20421	4617	111	1773	4068	20501	2373	12989	460	
FL	-73800	-73800	62	11	0	3	8	54	4	34	1	6403729	20421	4617	111	1773	4068	20501	2373	12989	460	
FL	-74000	-74000	59	13	0	3	7	64	3	34	1	6395698	20421	4617	111	1773	4068	20501	2373	12989	460	
FL	-74200	-74200	61	13	0	4	7	65	3	32	1	6387567	20421	4617	111	1773	4068	20501	2373	12989	460	
FL	-74400	-74400	59	18	0	4	4	62	2	31	1	6379576	20421	4617	111	1773	4068	20501	2373	12989	460	
FL	-74600	-74600	54	17	0	4	4	58	3	34	1	6371693	20421	4617	111	1773	4068	20501	2373	12989	460	
FL	-74800	-74800	49	18	0	5	2	56	3	38	1	6362604	20421	4617	111	1773	4068	20501	2373	12989	460	
FL	-75000	-75000	46	17	1	3	4	54	4	32	1	6352290	20421	4617	111	1773	4068	20501	2373	12989	460	
FL	-75200	-75200	53	15	1	3	3	51	3	27	1	6341158	20421	4617	111	1773	4068	20501	2373	12989	460	
FL	-75400	-75400	61	14	1	3	6	55	5	24	1	6331455	20421	4617	111	1773	4068	20501	2373	12989	460	
FL	-75600	-75600	65	11	1	4	7	54	3	19	1	6322345	20421	4617	111	1773	4068	20501	2373	12989	460	
FL	-75800	-75800	58	11	1	5	7	48	2	19	1	6312228	20421	4617	111	1773	4068	20501	2373	12989	460	
FL	-76000	-76000	63	12	1	6	7	54	1	19	1	6301826	20421	4617	111	1773	4068	20501	2373	12989	460	
FL	-76200	-76200	51	12	1	6	6	67	2	22	0	6291998	20421	4617	111	1773	4068	20501	2373	12989	460	
FL	-76400	-76400	53	11	1	4	7	62	3	20	0	6282216	20421	4617	111	1773	4068	20501	2373	12989	460	
FL	-76600	-76600	45	12	1	5	4	64	2	19	0	6273104	20421	4617	111	1773	4068	20501	2373	12989	460	
FL	-76800	-76800	40	12	1	3	3	58	2	17	1	6264732	20421	4617	111	1773	4068	20501	2373	12989	460	
FL	-77000	-77000	44	12	1	4	3	51	2	21	2	6257033	20421	4617	111	1773	4068	20501	2373	12989	460	
FL	-77200	-77200	51	12	1	4	3	50	5	23	2	6248770	20421	4617	111	1773	4068	20501	2373	12989	460	
FL	-77400	-77400	45	9	0	5	3	47	5	24	2	6239519	20421	4617	111	1773	4068	20501	2373	12989	460	
FL	-77600	-77600	38	10	0	4	2	56	6	24	3	6230179	20421	4617	111	1773	4068	20501	2373	12989	460	
FL	-77800	-77800	40	12	0	4	3	58	7	19	2	6220762	20421	4617	111	1773	4068	20501	2373	12989	460	
FL	-78000	-78000	44	9	1	4	2	56	7	19	1	6210194	20421	4617	111	1773	4068	20501	2373	12989	460	
FL	-78200	-78200	36	8	1	2	2	59	6	21	1	6199815	20421	4617	111	1773	4068	20501	2373	12989	460	
FL	-78400	-78400	40	7	1	3	3	63	5	18	2	6189731	20421	4617	111	1773	4068	20501	2373	12989	460	
FL	-78600	-78600	39	8	1	4	3	55	5	19	2	6179697	20421	4617	111	1773	4068	20501	2373	12989	460	
FL	-78800	-78800	43	8	2	4	2	60	6	19	2	6170468	20421	4617	111	1773	4068	20501	2373	12989	460	
FL	-79000	-79000	48	8	2	4	0	60	5	19	2	6160262	20421	4617	111	1773	4068	20501	2373	12989	460	
FL	-79200	-79200	52	8	2	4	2	55	5	18	2	6149938	20421	4617	111	1773	4068	20501	2373	12989	460	
FL	-79400	-79400	56	8	2	3	2	53	7	24	1	6139946	20421	4617	111	1773	4068	20501	2373	12989	460	
FL	-79600	-79600	50	9	2	4	3	48	8	24	0	6130446	20421	4617	111	1773	4068	20501	2373	12989	460	
FL	-79800	-79800	50	7	2	4	3	39	10	26	1	6120504	20421	4617	111	1773	4068	20501	2373	12989	460	
FL	-80000	-80000	55	9	1	4	4	32	10	26	1	6109385	20421	4617	111	1773	4068	20501	2373	12989	460	
FL	-80200	-80200	51	9	1	4	2	39	7	23	1	6098197	20421	4617	111	1773	4068	20501	2373	12989	460	
FL	-80400	-80400	46	7	1	6	2	42	7	23	0	6088203	20421	4617	111	1773	4068	20501	2373	12989	460	
FL	-80600	-80600	40	9	1	5	3	48	7	21	0	6078940	20421	4617	111	1773	4068	20501	2373	12989	460	
FL	-80800	-80800	43	13	1	5	4	54	6	17	0	6070661	20421	4617	111	1773	4068	20501	2373	12989	460	
FL	-81000	-81000	43	12	1	3	5	46	6	14	0	6062564	20421	4617	111	1773	4068	20501	2373	12989	460	
FL	-81200	-81200	43	11	1	2	6	44	7	22	1	6054763	20421	4617	111	1773	4068	20501	2373	12989	460	
FL	-81400	-81400	38	11	1	1	7	45	8	21	1	6046566	20421	4617	111	1773	4068	20501	2373	12989	460	
FL	-81600	-81600	39	12	1	0	6	42	8	21	1	6039111	20421	4617	111	1773	4068	20501	2373	12989	460	
FL	-81800	-81800	37	11	1	0	9	48	7	21	0	6031836	20421	4617	111	1773	4068	20501	2373	12989	460	
FL	-82000	-82000	40	11	1	0	8	54	8	21	0	6024447	20421	4617	111	1773	4068	20501	2373	12989	460	
FL	-82200	-82200	46	12	1	0	7	49	8	19	1	6015865	20421	4617	111	1773	4068	20501	2373	12989	460	
FL	-82400	-82400	51	10	1	1	7	50	7	20	1	6006792	20421	4617	111	1773	4068	20501	2373	12989	460	
FL	-82600	-82600	55	6	1	1	7	51	6	19	1	5997763	20421	4617	111	1773	4068	20501	2373	12989	460	
FL	-82800	-82800	48	6	1	1	5	52	6	18	1	5988215	20421	4617	111	1773	4068	20501	2373	12989	460	
FL	-83000	-83000	54	7	1	1	3	45	5	21	1	5978842	20421	4617	111	1773	4068	20501	2373	12989	460	
FL	-83200	-83200	46	9	1	0	5	46	6	23	1	5970365	20421	4617	111	1773	4068	20501	2373	12989	460	
FL	-83400	-83400	51	10	1	0	6	44	8	21	1	5962188	20421	4617	111	1773	4068	20501	2373	12989	460	
FL	-83600	-83600	43	8	1	0	5	48	9	23	1	5953726	20421	4617	111	1773	4068	20501	2373	12989	460	
FL	-83800	-83800	47	11	1	0	5	48	10	23	0	5945477	20421	4617	111	1773	4068	20501	2373	12989	460	
FL	-84000	-84000	46	10	1	0	5	47	8	21	1	5935407	20421	4617	111	1773	4068	20501	2373	12989	460	
FL	-84200	-84200	45	8	2	0	5	53	6	22	1	5927416	20421	4617	111	1773	4068	20501	2373	12989	460	
FL	-84400	-84400	56	9	2	0	7	45	5	24	1	5919543	20421	4617	111	1773	4068	20501	2373	12989	460	
FL	-84600	-84600	52	9	2	1	10	41	4	23	1	5911767	20421	4617	111	1773	4068	20501	2373	12989	460	
FL	-84800	-84800	52	8	2	1	11	38	6	23	1	5903757	20421	4617	111	1773	4068	20501	2373	12989	460	
FL	-85000	-85000	51	5	2	1	11	38	5	23	1	5895041	20421	4617	111	1773	4068	20501	2373	12989	460	
FL	-85200	-85200	50	4	1	1	10	43	6	22	1	5886231	20421	4617	111	1773	4068	20501	2373	12989	460	
FL	-85400	-85400	45	5	0	0	8	49	4	22	1	5876405	20421	4617	111	1773	4068	20501	2373	12989	460	
FL	-85600	-85600	48	5	0	0	8	49	5	22	2	5865840	20421	4617	111	1773	4068	20501	2373	12989	460	
FL	-85800	-85800	49	4	0	0	9	44	5	19	2	5855535	20421	4617	111	1773	4068	20501	2373	12989	460	
FL	-86000	-86000	40	4	0	0	7	46	5	19	1	5844926	20421	4617	111	1773	4068	20501	2373	12989	460	
FL	-86200	-86200	41	7	0	0	8	46	6	19	1	5834624	20421	4617	111	1773	4068	20501	2373	12989	460	
FL	-86400	-86400	37	7	0	0	11	43	5	22	1	5824843	20421	4617	111	1773	4068	20501	2373	12989	460	
FL	-86600	-86600	34	7	0	1	10	36	4	23	1	5815401	20421	4617	111	1773	4068	20501	2373	12989	460	
FL	-86800	-86800	44	7	0	2	10	31	5	24	2	5806827	20421	4617	111	1773	4068	20501	2373	12989	460	
FL	-87000	-87000	43	9	0	2	8	36	4	22	2	5798825	20421	4617	111	1773	4068	20501	2373	12989	460	
FL	-87200	-87200	45	10	0	4	6	37	5	26	2	5790938	20421	4617	111	1773	4068	20501	2373	12989	460	
FL	-87400	-87400	47	8	0	4	5	38	5	27	2	5783490	20421	4617	111	1773	4068	20501	2373	12989	460	
FL	-87600	-87600	47	10	0	3	4	38	5	26	2	5775760	20421	4617	111	1773	4068	20501	2373	12989	460	
FL	-87800	-87800	49	10	0	3	4	39	6	26	1	5767175	20421	4617	111	1773	4068	20501	2373	12989	460	
FL	-88000	-88000	51	13	0	4	3	38	8	22	1	5758880	20421	4617	111	1773	4068	20501	2373	12989	460	
FL	-88200	-88200	50	13	0	3	2	38	7	23	0	5749926	20421	4617	111	1773	4068	20501	2373	12989	460	
FL	-88400	-88400	52	11	0	4	4	35	5	21	0	5741649	20421	4617	111	1773	4068	20501	2373	12989	460	
FL	-88600	-88600	52	12	0	3	6	44	5	21	1	5734390	20421	4617	111	1773	4068	20501	2373	12989	460	
FL	-88800	-88800	54	13	1	2	6	43	7	15	2	5727734	20421	4617	111	1773	4068	20501	2373	12989	460	
FL	-89000	-89000	49	13	1	3	3	46	7	14	2	5720898	20421	4617	111	1773	4068	20501	2373	12989	460	
FL	-89200	-89200	43	12	1	2	1	41	4	12	2	5713001	20421	4617	111	1773	4068	20501	2373	12989	460	
FL	-89400	-89400	40	13	1	2	0	42	5	15	2	5704642	20421	4617	111	1773	4068	20501	2373	12989	460	
FL	-89600	-89600	40	13	1	2	1	35	3	15	2	5695537	20421	4617	111	1773	4068	20501	2373	12989	460	
FL	-89800	-89800	38	12	1	3	1	31	2	14	2	5686936	20421	4617	111	1773	4068	20501	2373	12989	460	
FL	-90000	-90000	42	12	0	3	2	35	3	15	2	5678474	20421	4617	111	1773	4068	20501	2373	12989	460	
FL	-90200	-90200	41	12	0	4	2	39	2	15	2	5670076	20421	4617	111	1773	4068	20501	2373	12989	460	
FL	-90400	-90400	40	10	0	4	2	37	3	19	2	5661607	20421	4617	111	1773	4068	20501	2373	12989	460	
FL	-90600	-90600	31	8	0	3	1	34	4	19	2	5653434	20421	4617	111	1773	4068	20501	2373	12989	460	
FL	-90800	-90800	30	8	0	3	1	30	3	21	1	5645507	20421	4617	111	1773	4068	20501	2373	12989	460	
FL	-91000	-91000	31	9	0	1	1	34	1	22	2	5638171	20421	4617	111	1773	4068	20501	2373	12989	460	
FL	-91200	-91200	27	9	0	1	1	28	1	25	2	5631256	20421	4617	111	1773	4068	20501	2373	12989	460	
FL	-91400	-91400	25	7	0	1	2	31	1	27	1	5624673	20421	4617	111	1773	4068	20501	2373	12989	460	
FL	-91600	-91600	25	6	0	1	2	32	1	29	1	5617848	20421	4617	111	1773	4068	20501	2373	12989	460	
FL	-91800	-91800	32	6	0	2	3	31	3	32	1	5611682	20421	4617	111	1773	4068	20501	2373	12989	460	
FL	-92000	-92000	30	9	0	2	4	36	0	26	1	5605368	20421	4617	111	1773	4068	20501	2373	12989	460	
FL	-92200	-92200	34	9	0	2	4	40	0	20	2	5599938	20421	4617	111	1773	4068	20501	2373	12989	460	
FL	-92400	-92400	33	10	0	2	2	42	0	20	2	5594343	20421	4617	111	1773	4068	20501	2373	12989	460	
FL	-92600	-92600	34	8	0	2	2	42	0	18	2	5589096	20421	4617	111	1773	4068	20501	2373	12989	460	
FL	-92800	-92800	32	6	0	1	4	38	2	20	2	5583565	20421	4617	111	1773	4068	20501	2373	12989	460	
FL	-93000	-93000	35	6	0	2	5	34	2	19	2	5577118	20421	4617	111	1773	4068	20501	2373	12989	460	
FL	-93200	-93200	37	7	0	2	3	33	3	25	1	5570442	20421	4617	111	1773	4068	20501	2373	12989	460	
FL	-93400	-93400	40	8	0	2	3	32	3	25	1	5563651	20421	4617	111	1773	4068	20501	2373	12989	460	
FL	-93600	-93600	45	8	0	1	4	32	3	24	1	5557735	20421	4617	111	1773	4068	20501	2373	12989	460	
FL	-93800	-93800	49	10	0	1	3	26	3	25	1	5552603	20421	4617	111	1773	4068	20501	2373	12989	460	
FL	-94000	-94000	50	11	0	0	3	24	2	22	1	5547843	20421	4617	111	1773	4068	20501	2373	12989	460	
FL	-94200	-94200	46	14	0	1	3	29	1	19	1	5543268	20421	4617	111	1773	4068	20501	2373	12989	460	
FL	-94400	-94400	51	10	0	1	3	31	0	19	1	5539000	20421	4617	111	1773	4068	20501	2373	12989	460	
FL	-94600	-94600	51	9	0	1	4	30	1	22	1	5534438	20421	4617	111	1773	4068	20501	2373	12989	460	
FL	-94800	-94800	47	10	0	2	4	37	0	21	1	5529788	20421	4617	111	1773	4068	20501	2373	12989	460	
FL	-95000	-95000	50	11	0	2	5	33	1	22	1	5524200	20421	4617	111	1773	4068	20501	2373	12989	460	
FL	-95200	-95200	45	10	0	3	5	31	1	22	1	5518433	20421	4617	111	1773	4068	20501	2373	12989	460	
FL	-95400	-95400	41	11	0	3	4	36	1	24	1	5512217	20421	4617	111	1773	4068	20501	2373	12989	460	
FL	-95600	-95600	42	9	0	2	4	35	1	25	1	5505811	20421	4617	111	1773	4068	20501	2373	12989	460	
FL	-95800	-95800	44	11	1	2	3	42	3	25	1	5498674	20421	4617	111	1773	4068	20501	2373	12989	460	
FL	-96000	-96000	45	10	0	2	3	45	5	25	1	5491419	20421	4617	111	1773	4068	20501	2373	12989	460	
FL	-96200	-96200	46	11	0	2	3	49	4	27	1	5484328	20421	4617	111	1773	4068	20501	2373	12989	460	
FL	-96400	-96400	50	11	0	1	4	50	5	26	1	5476347	20421	4617	111	1773	4068	20501	2373	12989	460	
FL	-96600	-96600	49	14	0	1	5	45	5	23	1	5467945	20421	4617	111	1773	4068	20501	2373	12989	460	
FL	-96800	-96800	42	13	0	1	5	47	5	22	1	5459923	20421	4617	111	1773	4068	20501	2373	12989	460	
FL	-97000	-97000	42	9	0	2	5	46	6	25	1	5452395	20421	4617	111	1773	4068	20501	2373	12989	460	
FL	-97200	-97200	45	9	0	2	5	44	6	25	1	5444518	20421	4617	111	1773	4068	20501	2373	12989	460	
FL	-97400	-97400	41	9	0	1	4	44	5	27	1	5436917	20421	4617	111	1773	4068	20501	2373	12989	460	
FL	-97600	-97600	34	8	0	0	6	47	5	25	1	5428970	20421	4617	111	1773	4068	20501	2373	12989	460	
FL	-97800	-97800	37	9	0	0	6	46	5	21	1	5421672	20421	4617	111	1773	4068	20501	2373	12989	460	
FL	-98000	-98000	36	9	0	0	5	46	5	25	1	5414146	20421	4617	111	1773	4068	20501	2373	12989	460	
FL	-98200	-98200	43	10	0	0	6	44	5	26	2	5407345	20421	4617	111	1773	4068	20501	2373	12989	460	
FL	-98400	-98400	45	11	0	0	5	40	6	23	2	5400469	20421	4617	111	1773	4068	20501	2373	12989	460	
FL	-98600	-98600	44	11	0	1	5	36	5	21	2	5393181	20421	4617	111	1773	4068	20501	2373	12989	460	
FL	-98800	-98800	39	13	0	1	7	40	5	15	2	5386202	20421	4617	111	1773	4068	20501	2373	12989	460	
FL	-99000	-99000	35	14	0	3	6	42	2	20	1	5379657	20421	4617	111	1773	4068	20501	2373	12989	460	
FL	-99200	-99200	36	14	0	3	7	47	1	20	1	5373286	20421	4617	111	1773	4068	20501	2373	12989	460	
FL	-99400	-99400	39	13	0	3	7	46	0	24	1	5366700	20421	4617	111	1773	4068	20501	2373	12989	460	
FL	-99600	-99600	39	14	0	3	6	47	3	22	1	5359663	20421	4617	111	1773	4068	20501	2373	12989	460	
FL	-99800	-99800	34	17	0	3	5	50	3	23	1	5351576	20421	4617	111	1773	4068	20501	2373	12989	460	
FL	-100000	-100000	34	16	0	4	4	48	2	20	1	5342885	20421	4617	111	1773	4068	20501	2373	12989	460	
