FL	0	0	47	6	2	203	41	12	7	131	5	85018670	49	6	5	212	41	12	8	150	5	
FL	200	200	45	6	2	202	40	12	7	132	5	84534641	49	6	5	212	41	12	8	150	5	
FL	400	400	44	5	2	204	36	12	7	130	5	83165476	49	6	5	212	41	12	8	150	5	
FL	600	600	43	5	2	202	34	12	7	130	5	81517091	49	6	5	212	41	12	8	150	5	
FL	800	800	43	5	3	195	34	12	7	128	5	79819937	49	6	5	212	41	12	8	150	5	
FL	1000	1000	43	5	4	189	32	12	6	122	5	78152565	49	6	5	212	41	12	8	150	5	
FL	1200	1200	43	5	4	183	31	12	6	120	5	76527020	49	6	5	212	41	12	8	150	5	
FL	1400	1400	43	5	4	180	31	12	6	116	5	74956339	49	6	5	212	41	12	8	150	5	
FL	1600	1600	43	5	4	179	29	11	6	115	3	73451102	49	6	5	212	41	12	8	150	5	
FL	1800	1800	43	5	2	177	27	11	6	114	0	72013952	49	6	5	212	41	12	8	150	5	
FL	2000	2000	45	4	2	177	20	11	6	111	0	70632913	49	6	5	212	41	12	8	150	5	
FL	2200	2200	45	2	2	175	16	11	6	113	0	69311967	49	6	5	212	41	12	8	150	5	
FL	2400	2400	45	2	2	169	11	11	6	113	0	68041184	49	6	5	212	41	12	8	150	5	
FL	2600	2600	45	2	2	169	11	11	6	111	0	66820823	49	6	5	212	41	12	8	150	5	
FL	2800	2800	44	2	2	167	10	11	6	111	0	65640828	49	6	5	212	41	12	8	150	5	
FL	3000	3000	44	2	2	166	10	11	6	110	0	64496325	49	6	5	212	41	12	8	150	5	
FL	3200	3200	44	2	2	164	10	11	6	107	0	63392442	49	6	5	212	41	12	8	150	5	
FL	3400	3400	44	1	2	162	10	10	6	107	0	62324386	49	6	5	212	41	12	8	150	5	
FL	3600	3600	44	1	2	160	10	10	6	105	0	61291058	49	6	5	212	41	12	8	150	5	
FL	3800	3800	44	1	2	160	9	9	6	105	0	60296709	49	6	5	212	41	12	8	150	5	
FL	4000	4000	44	1	2	160	9	9	6	101	0	59345057	49	6	5	212	41	12	8	150	5	
FL	4200	4200	44	1	2	158	9	9	6	97	0	58426689	49	6	5	212	41	12	8	150	5	
FL	4400	4400	44	1	2	156	9	9	6	96	0	57537827	49	6	5	212	41	12	8	150	5	
FL	4600	4600	44	1	2	151	9	9	6	95	0	56684533	49	6	5	212	41	12	8	150	5	
FL	4800	4800	44	1	2	151	9	9	6	95	0	55860109	49	6	5	212	41	12	8	150	5	
FL	5000	5000	44	1	2	149	9	9	6	91	0	55058983	49	6	5	212	41	12	8	150	5	
FL	5200	5200	44	1	2	144	9	9	6	91	0	54273769	49	6	5	212	41	12	8	150	5	
FL	5400	5400	44	1	2	144	9	9	6	91	0	53507798	49	6	5	212	41	12	8	150	5	
FL	5600	5600	44	1	2	144	9	8	6	91	0	52760916	49	6	5	212	41	12	8	150	5	
FL	5800	5800	43	1	2	143	9	8	6	91	0	52036368	49	6	5	212	41	12	8	150	5	
FL	6000	6000	42	1	2	139	9	8	6	91	0	51325878	49	6	5	212	41	12	8	150	5	
FL	6200	6200	40	1	2	137	9	8	6	91	0	50636502	49	6	5	212	41	12	8	150	5	
FL	6400	6400	39	1	2	135	9	8	6	91	0	49969925	49	6	5	212	41	12	8	150	5	
FL	6600	6600	38	1	2	133	9	8	6	88	0	49322143	49	6	5	212	41	12	8	150	5	
FL	6800	6800	38	1	2	129	9	8	5	82	0	48696502	49	6	5	212	41	12	8	150	5	
FL	7000	7000	38	1	2	127	9	8	5	82	0	48089776	49	6	5	212	41	12	8	150	5	
FL	7200	7200	38	1	2	125	9	8	5	81	0	47499174	49	6	5	212	41	12	8	150	5	
FL	7400	7400	38	1	2	124	9	8	3	78	0	46928387	49	6	5	212	41	12	8	150	5	
FL	7600	7600	38	1	2	123	9	8	3	76	0	46374125	49	6	5	212	41	12	8	150	5	
FL	7800	7800	37	1	2	119	8	8	3	72	0	45836229	49	6	5	212	41	12	8	150	5	
FL	8000	8000	36	1	2	111	8	8	3	66	0	45310289	49	6	5	212	41	12	8	150	5	
FL	8200	8200	36	1	2	109	7	8	3	66	0	44798800	49	6	5	212	41	12	8	150	5	
FL	8400	8400	35	1	2	109	7	8	3	65	0	44297486	49	6	5	212	41	12	8	150	5	
FL	8600	8600	34	1	0	109	7	8	3	61	0	43806001	49	6	5	212	41	12	8	150	5	
FL	8800	8800	32	1	0	103	5	8	3	59	0	43326540	49	6	5	212	41	12	8	150	5	
FL	9000	9000	32	1	0	105	4	8	3	54	0	42855692	49	6	5	212	41	12	8	150	5	
FL	9200	9200	32	1	0	104	4	8	3	51	0	42395064	49	6	5	212	41	12	8	150	5	
FL	9400	9400	31	1	0	101	4	8	3	49	0	41945763	49	6	5	212	41	12	8	150	5	
FL	9600	9600	31	1	0	95	2	8	3	43	0	41507280	49	6	5	212	41	12	8	150	5	
FL	9800	9800	31	1	0	89	2	6	3	43	0	41079324	49	6	5	212	41	12	8	150	5	
FL	10000	10000	29	1	0	86	2	6	4	44	0	40658079	49	6	5	212	41	12	8	150	5	
FL	10200	10200	29	1	0	86	2	6	4	43	0	40252832	49	6	5	212	41	12	8	150	5	
FL	10400	10400	29	1	0	85	2	6	4	43	0	39858586	49	6	5	212	41	12	8	150	5	
FL	10600	10600	29	1	0	79	2	6	4	43	0	39472050	49	6	5	212	41	12	8	150	5	
FL	10800	10800	29	1	0	78	2	6	4	43	0	39095665	49	6	5	212	41	12	8	150	5	
FL	11000	11000	29	1	0	77	2	6	3	43	0	38725604	49	6	5	212	41	12	8	150	5	
FL	11200	11200	28	1	0	69	2	5	2	36	0	38362340	49	6	5	212	41	12	8	150	5	
FL	11400	11400	28	1	0	65	2	5	2	36	0	38013895	49	6	5	212	41	12	8	150	5	
FL	11600	11600	28	1	0	62	2	5	2	36	0	37676495	49	6	5	212	41	12	8	150	5	
FL	11800	11800	28	1	0	60	2	5	2	36	0	37345972	49	6	5	212	41	12	8	150	5	
FL	12000	12000	28	1	0	57	2	5	2	36	0	37019020	49	6	5	212	41	12	8	150	5	
FL	12200	12200	28	1	0	56	2	5	2	36	0	36694460	49	6	5	212	41	12	8	150	5	
FL	12400	12400	27	1	0	55	2	5	2	36	0	36376539	49	6	5	212	41	12	8	150	5	
FL	12600	12600	26	1	0	55	2	5	2	32	0	36065191	49	6	5	212	41	12	8	150	5	
FL	12800	12800	25	1	0	55	2	5	2	32	0	35759963	49	6	5	212	41	12	8	150	5	
FL	13000	13000	24	1	0	55	2	5	2	28	0	35463035	49	6	5	212	41	12	8	150	5	
FL	13200	13200	23	1	0	51	2	5	2	28	0	35172695	49	6	5	212	41	12	8	150	5	
FL	13400	13400	18	1	0	46	2	5	2	25	0	34887564	49	6	5	212	41	12	8	150	5	
FL	13600	13600	16	1	0	41	2	5	2	24	0	34607162	49	6	5	212	41	12	8	150	5	
FL	13800	13800	14	1	0	38	2	2	2	23	0	34331096	49	6	5	212	41	12	8	150	5	
FL	14000	14000	14	1	0	38	2	2	2	18	0	34061044	49	6	5	212	41	12	8	150	5	
FL	14200	14200	14	1	0	38	2	2	2	17	0	33797277	49	6	5	212	41	12	8	150	5	
FL	14400	14400	14	1	0	38	2	2	2	17	0	33538820	49	6	5	212	41	12	8	150	5	
FL	14600	14600	14	0	0	38	2	2	2	17	0	33287911	49	6	5	212	41	12	8	150	5	
FL	14800	14800	14	0	0	38	0	2	2	17	0	33041630	49	6	5	212	41	12	8	150	5	
FL	15000	15000	14	0	0	38	0	2	2	16	0	32799211	49	6	5	212	41	12	8	150	5	
FL	15200	15200	14	0	0	37	0	2	2	16	0	32560398	49	6	5	212	41	12	8	150	5	
FL	15400	15400	14	0	0	37	0	2	2	16	0	32325306	49	6	5	212	41	12	8	150	5	
FL	15600	15600	14	0	0	37	0	2	2	16	0	32092024	49	6	5	212	41	12	8	150	5	
FL	15800	15800	14	0	0	37	0	2	2	16	0	31861197	49	6	5	212	41	12	8	150	5	
FL	16000	16000	14	0	0	37	0	2	2	16	0	31630470	49	6	5	212	41	12	8	150	5	
FL	16200	16200	14	0	0	37	0	2	2	16	0	31402933	49	6	5	212	41	12	8	150	5	
FL	16400	16400	12	0	0	36	0	2	2	16	0	31184535	49	6	5	212	41	12	8	150	5	
FL	16600	16600	11	0	0	34	0	2	2	16	0	30970979	49	6	5	212	41	12	8	150	5	
FL	16800	16800	11	0	0	33	0	2	2	16	0	30761919	49	6	5	212	41	12	8	150	5	
FL	17000	17000	11	0	0	32	0	2	2	15	0	30555462	49	6	5	212	41	12	8	150	5	
FL	17200	17200	11	0	0	30	0	2	2	11	0	30349489	49	6	5	212	41	12	8	150	5	
FL	17400	17400	10	0	0	30	0	2	2	10	0	30144155	49	6	5	212	41	12	8	150	5	
FL	17600	17600	8	0	0	30	0	2	2	10	0	29943047	49	6	5	212	41	12	8	150	5	
FL	17800	17800	7	0	0	29	0	2	2	10	0	29745733	49	6	5	212	41	12	8	150	5	
FL	18000	18000	7	0	0	28	0	2	2	10	0	29550169	49	6	5	212	41	12	8	150	5	
FL	18200	18200	7	0	0	28	0	1	2	10	0	29355659	49	6	5	212	41	12	8	150	5	
FL	18400	18400	7	0	0	28	0	1	2	10	0	29163468	49	6	5	212	41	12	8	150	5	
FL	18600	18600	7	0	0	28	0	1	2	10	0	28974435	49	6	5	212	41	12	8	150	5	
FL	18800	18800	7	0	0	28	0	1	2	10	0	28790845	49	6	5	212	41	12	8	150	5	
FL	19000	19000	7	0	0	28	0	1	2	10	0	28609906	49	6	5	212	41	12	8	150	5	
FL	19200	19200	7	0	0	28	0	1	2	10	0	28432317	49	6	5	212	41	12	8	150	5	
FL	19400	19400	7	0	0	28	0	1	2	10	0	28257769	49	6	5	212	41	12	8	150	5	
FL	19600	19600	7	0	0	28	0	1	2	11	0	28084175	49	6	5	212	41	12	8	150	5	
FL	19800	19800	7	0	0	28	0	1	2	13	0	27911876	49	6	5	212	41	12	8	150	5	
FL	20000	20000	7	0	0	28	0	1	2	13	0	27743155	49	6	5	212	41	12	8	150	5	
FL	20200	20200	7	0	0	28	0	1	2	13	0	27575853	49	6	5	212	41	12	8	150	5	
FL	20400	20400	7	0	0	28	0	1	2	13	0	27409706	49	6	5	212	41	12	8	150	5	
FL	20600	20600	7	0	0	28	0	1	2	13	0	27243000	49	6	5	212	41	12	8	150	5	
FL	20800	20800	7	0	0	28	0	1	2	13	0	27081227	49	6	5	212	41	12	8	150	5	
FL	21000	21000	7	0	0	28	0	1	2	13	0	26924268	49	6	5	212	41	12	8	150	5	
FL	21200	21200	7	0	0	28	0	1	2	13	0	26769815	49	6	5	212	41	12	8	150	5	
FL	21400	21400	6	0	0	28	0	1	2	13	0	26614558	49	6	5	212	41	12	8	150	5	
FL	21600	21600	6	0	0	28	0	1	2	13	0	26462208	49	6	5	212	41	12	8	150	5	
FL	21800	21800	6	0	0	28	0	1	2	13	0	26313378	49	6	5	212	41	12	8	150	5	
FL	22000	22000	6	0	0	28	0	1	2	10	0	26170963	49	6	5	212	41	12	8	150	5	
FL	22200	22200	3	0	0	28	0	1	2	10	0	26028144	49	6	5	212	41	12	8	150	5	
FL	22400	22400	2	0	0	28	0	1	2	10	0	25886942	49	6	5	212	41	12	8	150	5	
FL	22600	22600	2	0	0	28	0	1	2	10	0	25744864	49	6	5	212	41	12	8	150	5	
FL	22800	22800	2	0	0	28	0	1	2	10	0	25602323	49	6	5	212	41	12	8	150	5	
FL	23000	23000	2	0	0	28	0	1	2	10	0	25464351	49	6	5	212	41	12	8	150	5	
FL	23200	23200	2	0	0	28	0	1	2	10	0	25330041	49	6	5	212	41	12	8	150	5	
FL	23400	23400	2	0	0	28	0	1	2	10	0	25198448	49	6	5	212	41	12	8	150	5	
FL	23600	23600	2	0	0	28	0	1	2	10	0	25071892	49	6	5	212	41	12	8	150	5	
FL	23800	23800	2	0	0	28	0	1	2	10	0	24945408	49	6	5	212	41	12	8	150	5	
FL	24000	24000	2	0	0	28	0	1	2	10	0	24821095	49	6	5	212	41	12	8	150	5	
FL	24200	24200	2	0	0	28	0	1	2	10	0	24697183	49	6	5	212	41	12	8	150	5	
FL	24400	24400	2	0	0	28	0	1	2	10	0	24573046	49	6	5	212	41	12	8	150	5	
FL	24600	24600	2	0	0	28	0	1	2	10	0	24452409	49	6	5	212	41	12	8	150	5	
FL	24800	24800	2	0	0	28	0	1	2	10	0	24336929	49	6	5	212	41	12	8	150	5	
FL	25000	25000	2	0	0	28	0	1	2	10	0	24222220	49	6	5	212	41	12	8	150	5	
FL	25200	25200	2	0	0	28	0	1	2	10	0	24107095	49	6	5	212	41	12	8	150	5	
FL	25400	25400	2	0	0	28	0	1	2	10	0	23992829	49	6	5	212	41	12	8	150	5	
FL	25600	25600	2	0	0	28	0	1	2	10	0	23879790	49	6	5	212	41	12	8	150	5	
FL	25800	25800	2	0	0	28	0	1	2	10	0	23766619	49	6	5	212	41	12	8	150	5	
FL	26000	26000	2	0	0	27	0	1	2	10	0	23656194	49	6	5	212	41	12	8	150	5	
FL	26200	26200	1	0	0	27	0	1	2	9	0	23546357	49	6	5	212	41	12	8	150	5	
FL	26400	26400	1	0	0	27	0	1	2	9	0	23435624	49	6	5	212	41	12	8	150	5	
FL	26600	26600	1	0	0	23	0	1	2	9	0	23326963	49	6	5	212	41	12	8	150	5	
FL	26800	26800	1	0	0	23	0	1	2	9	0	23220446	49	6	5	212	41	12	8	150	5	
FL	27000	27000	1	0	0	23	0	1	2	9	0	23112848	49	6	5	212	41	12	8	150	5	
FL	27200	27200	1	0	0	23	0	1	2	9	0	23006307	49	6	5	212	41	12	8	150	5	
FL	27400	27400	1	0	0	23	0	1	2	9	0	22898594	49	6	5	212	41	12	8	150	5	
FL	27600	27600	1	0	0	23	0	1	2	9	0	22792302	49	6	5	212	41	12	8	150	5	
FL	27800	27800	1	0	0	23	0	1	2	9	0	22685516	49	6	5	212	41	12	8	150	5	
FL	28000	28000	1	0	0	22	0	1	2	9	0	22581959	49	6	5	212	41	12	8	150	5	
FL	28200	28200	1	0	0	22	0	1	2	9	0	22479379	49	6	5	212	41	12	8	150	5	
FL	28400	28400	1	0	0	22	0	1	2	9	0	22374982	49	6	5	212	41	12	8	150	5	
FL	28600	28600	1	0	0	22	0	1	2	9	0	22269747	49	6	5	212	41	12	8	150	5	
FL	28800	28800	1	0	0	22	0	1	2	9	0	22166212	49	6	5	212	41	12	8	150	5	
FL	29000	29000	1	0	0	21	0	1	2	9	0	22064987	49	6	5	212	41	12	8	150	5	
FL	29200	29200	1	0	0	19	0	1	2	9	0	21966372	49	6	5	212	41	12	8	150	5	
FL	29400	29400	1	0	0	19	0	1	2	9	0	21870839	49	6	5	212	41	12	8	150	5	
FL	29600	29600	0	0	0	19	0	1	2	9	0	21776400	49	6	5	212	41	12	8	150	5	
FL	29800	29800	0	0	0	19	0	1	2	9	0	21680494	49	6	5	212	41	12	8	150	5	
FL	30000	30000	0	0	0	19	0	1	2	9	0	21583602	49	6	5	212	41	12	8	150	5	
FL	30200	30200	0	0	0	18	0	1	2	9	0	21486152	49	6	5	212	41	12	8	150	5	
FL	30400	30400	0	0	0	17	0	1	2	9	0	21389959	49	6	5	212	41	12	8	150	5	
FL	30600	30600	0	0	0	17	0	1	2	9	0	21295020	49	6	5	212	41	12	8	150	5	
FL	30800	30800	0	0	0	17	0	1	2	9	0	21200698	49	6	5	212	41	12	8	150	5	
FL	31000	31000	0	0	0	17	0	1	2	7	0	21107934	49	6	5	212	41	12	8	150	5	
FL	31200	31200	0	0	0	12	0	1	2	7	0	21016398	49	6	5	212	41	12	8	150	5	
FL	31400	31400	0	0	0	11	0	1	1	5	0	20929534	49	6	5	212	41	12	8	150	5	
FL	31600	31600	0	0	0	11	0	1	1	3	0	20844989	49	6	5	212	41	12	8	150	5	
FL	31800	31800	0	0	0	7	0	1	1	3	0	20761748	49	6	5	212	41	12	8	150	5	
FL	32000	32000	0	0	0	7	0	1	1	3	0	20679126	49	6	5	212	41	12	8	150	5	
FL	32200	32200	0	0	0	7	0	1	1	3	0	20595981	49	6	5	212	41	12	8	150	5	
FL	32400	32400	0	0	0	4	0	1	1	3	0	20511842	49	6	5	212	41	12	8	150	5	
FL	32600	32600	0	0	0	4	0	1	1	3	0	20428720	49	6	5	212	41	12	8	150	5	
FL	32800	32800	0	0	0	4	0	1	1	3	0	20345739	49	6	5	212	41	12	8	150	5	
FL	33000	33000	0	0	0	4	0	1	1	3	0	20265184	49	6	5	212	41	12	8	150	5	
FL	33200	33200	0	0	0	4	0	1	1	3	0	20184476	49	6	5	212	41	12	8	150	5	
FL	33400	33400	0	0	0	3	0	1	1	3	0	20104379	49	6	5	212	41	12	8	150	5	
FL	33600	33600	0	0	0	3	0	1	1	3	0	20025198	49	6	5	212	41	12	8	150	5	
FL	33800	33800	0	0	0	3	0	1	1	3	0	19946090	49	6	5	212	41	12	8	150	5	
FL	34000	34000	0	0	0	3	0	1	1	3	0	19869877	49	6	5	212	41	12	8	150	5	
FL	34200	34200	0	0	0	3	0	1	1	3	0	19795729	49	6	5	212	41	12	8	150	5	
FL	34400	34400	0	0	0	3	0	1	1	3	0	19721819	49	6	5	212	41	12	8	150	5	
FL	34600	34600	0	0	0	3	0	1	1	1	0	19648073	49	6	5	212	41	12	8	150	5	
FL	34800	34800	0	0	0	3	0	1	1	1	0	19575595	49	6	5	212	41	12	8	150	5	
FL	35000	35000	0	0	0	2	0	1	0	0	0	19505436	49	6	5	212	41	12	8	150	5	
FL	35200	35200	0	0	0	2	0	1	0	0	0	19435433	49	6	5	212	41	12	8	150	5	
FL	35400	35400	0	0	0	2	0	0	0	0	0	19364772	49	6	5	212	41	12	8	150	5	
FL	35600	35600	0	0	0	2	0	0	0	0	0	19293418	49	6	5	212	41	12	8	150	5	
FL	35800	35800	0	0	0	2	0	0	0	0	0	19223840	49	6	5	212	41	12	8	150	5	
FL	36000	36000	0	0	0	2	0	0	0	0	0	19153040	49	6	5	212	41	12	8	150	5	
FL	36200	36200	0	0	0	2	0	0	0	0	0	19083649	49	6	5	212	41	12	8	150	5	
FL	36400	36400	0	0	0	2	0	0	0	0	0	19014581	49	6	5	212	41	12	8	150	5	
FL	36600	36600	0	0	0	2	0	0	0	0	0	18946603	49	6	5	212	41	12	8	150	5	
FL	36800	36800	0	0	0	2	0	0	0	0	0	18878619	49	6	5	212	41	12	8	150	5	
FL	37000	37000	0	0	0	1	0	0	0	0	0	18810116	49	6	5	212	41	12	8	150	5	
FL	37200	37200	0	0	0	0	0	0	0	0	0	18742239	49	6	5	212	41	12	8	150	5	
FL	37400	37400	0	0	0	0	0	0	0	0	0	18675205	49	6	5	212	41	12	8	150	5	
FL	37600	37600	0	0	0	0	0	0	0	0	0	18609218	49	6	5	212	41	12	8	150	5	
FL	37800	37800	0	0	0	0	0	0	0	0	0	18542669	49	6	5	212	41	12	8	150	5	
FL	38000	38000	0	0	0	0	0	0	0	0	0	18476657	49	6	5	212	41	12	8	150	5	
FL	38200	38200	0	0	0	0	0	0	0	0	0	18411910	49	6	5	212	41	12	8	150	5	
FL	38400	38400	0	0	0	0	0	0	0	0	0	18346684	49	6	5	212	41	12	8	150	5	
FL	38600	38600	0	0	0	0	0	0	0	0	0	18284221	49	6	5	212	41	12	8	150	5	
FL	38800	38800	0	0	0	0	0	0	0	0	0	18221714	49	6	5	212	41	12	8	150	5	
FL	39000	39000	0	0	0	0	0	0	0	0	0	18158186	49	6	5	212	41	12	8	150	5	
FL	39200	39200	0	0	0	0	0	0	0	0	0	18093545	49	6	5	212	41	12	8	150	5	
FL	39400	39400	0	0	0	0	0	0	0	0	0	18028927	49	6	5	212	41	12	8	150	5	
FL	39600	39600	0	0	0	0	0	0	0	0	0	17965805	49	6	5	212	41	12	8	150	5	
FL	39800	39800	0	0	0	0	0	0	0	0	0	17902390	49	6	5	212	41	12	8	150	5	
FL	40000	40000	0	0	0	0	0	0	0	0	0	17837762	49	6	5	212	41	12	8	150	5	
FL	40200	40200	0	0	0	0	0	0	0	0	0	17772344	49	6	5	212	41	12	8	150	5	
FL	40400	40400	0	0	0	0	0	0	0	0	0	17707152	49	6	5	212	41	12	8	150	5	
FL	40600	40600	0	0	0	0	0	0	0	0	0	17644297	49	6	5	212	41	12	8	150	5	
FL	40800	40800	0	0	0	0	0	0	0	0	0	17582960	49	6	5	212	41	12	8	150	5	
FL	41000	41000	0	0	0	0	0	0	0	0	0	17523885	49	6	5	212	41	12	8	150	5	
FL	41200	41200	0	0	0	0	0	0	0	0	0	17464842	49	6	5	212	41	12	8	150	5	
FL	41400	41400	0	0	0	0	0	0	0	0	0	17406482	49	6	5	212	41	12	8	150	5	
FL	41600	41600	0	0	0	0	0	0	0	0	0	17347870	49	6	5	212	41	12	8	150	5	
FL	41800	41800	0	0	0	0	0	0	0	0	0	17289044	49	6	5	212	41	12	8	150	5	
FL	42000	42000	0	0	0	0	0	0	0	0	0	17230809	49	6	5	212	41	12	8	150	5	
FL	42200	42200	0	0	0	0	0	0	0	0	0	17173637	49	6	5	212	41	12	8	150	5	
FL	42400	42400	0	0	0	0	0	0	0	0	0	17116319	49	6	5	212	41	12	8	150	5	
FL	42600	42600	0	0	0	0	0	0	0	0	0	17060377	49	6	5	212	41	12	8	150	5	
FL	42800	42800	0	0	0	0	0	0	0	0	0	17005272	49	6	5	212	41	12	8	150	5	
FL	43000	43000	0	0	0	0	0	0	0	0	0	16951118	49	6	5	212	41	12	8	150	5	
FL	43200	43200	0	0	0	0	0	0	0	0	0	16896945	49	6	5	212	41	12	8	150	5	
FL	43400	43400	0	0	0	0	0	0	0	0	0	16842267	49	6	5	212	41	12	8	150	5	
FL	43600	43600	0	0	0	0	0	0	0	0	0	16790936	49	6	5	212	41	12	8	150	5	
FL	43800	43800	0	0	0	0	0	0	0	0	0	16738676	49	6	5	212	41	12	8	150	5	
FL	44000	44000	0	0	0	0	0	0	0	0	0	16687863	49	6	5	212	41	12	8	150	5	
FL	44200	44200	0	0	0	0	0	0	0	0	0	16636428	49	6	5	212	41	12	8	150	5	
FL	44400	44400	0	0	0	0	0	0	0	0	0	16585124	49	6	5	212	41	12	8	150	5	
FL	44600	44600	0	0	0	0	0	0	0	0	0	16533823	49	6	5	212	41	12	8	150	5	
FL	44800	44800	0	0	0	0	0	0	0	0	0	16482870	49	6	5	212	41	12	8	150	5	
FL	45000	45000	0	0	0	0	0	0	0	0	0	16433652	49	6	5	212	41	12	8	150	5	
FL	45200	45200	0	0	0	0	0	0	0	0	0	16385696	49	6	5	212	41	12	8	150	5	
FL	45400	45400	0	0	0	0	0	0	0	0	0	16338216	49	6	5	212	41	12	8	150	5	
FL	45600	45600	0	0	0	0	0	0	0	0	0	16292983	49	6	5	212	41	12	8	150	5	
FL	45800	45800	0	0	0	0	0	0	0	0	0	16250520	49	6	5	212	41	12	8	150	5	
FL	46000	46000	0	0	0	0	0	0	0	0	0	16207204	49	6	5	212	41	12	8	150	5	
FL	46200	46200	0	0	0	0	0	0	0	0	0	16164209	49	6	5	212	41	12	8	150	5	
FL	46400	46400	0	0	0	0	0	0	0	0	0	16120404	49	6	5	212	41	12	8	150	5	
FL	46600	46600	0	0	0	0	0	0	0	0	0	16076170	49	6	5	212	41	12	8	150	5	
FL	46800	46800	0	0	0	0	0	0	0	0	0	16033508	49	6	5	212	41	12	8	150	5	
FL	47000	47000	0	0	0	0	0	0	0	0	0	15989913	49	6	5	212	41	12	8	150	5	
FL	47200	47200	0	0	0	0	0	0	0	0	0	15946540	49	6	5	212	41	12	8	150	5	
FL	47400	47400	0	0	0	0	0	0	0	0	0	15902951	49	6	5	212	41	12	8	150	5	
FL	47600	47600	0	0	0	0	0	0	0	0	0	15858555	49	6	5	212	41	12	8	150	5	
FL	47800	47800	0	0	0	0	0	0	0	0	0	15816245	49	6	5	212	41	12	8	150	5	
FL	48000	48000	0	0	0	0	0	0	0	0	0	15775399	49	6	5	212	41	12	8	150	5	
FL	48200	48200	0	0	0	0	0	0	0	0	0	15734119	49	6	5	212	41	12	8	150	5	
FL	48400	48400	0	0	0	0	0	0	0	0	0	15691687	49	6	5	212	41	12	8	150	5	
FL	48600	48600	0	0	0	0	0	0	0	0	0	15649146	49	6	5	212	41	12	8	150	5	
FL	48800	48800	0	0	0	0	0	0	0	0	0	15605743	49	6	5	212	41	12	8	150	5	
FL	49000	49000	0	0	0	0	0	0	0	0	0	15563340	49	6	5	212	41	12	8	150	5	
FL	49200	49200	0	0	0	0	0	0	0	0	0	15522731	49	6	5	212	41	12	8	150	5	
FL	49400	49400	0	0	0	0	0	0	0	0	0	15483908	49	6	5	212	41	12	8	150	5	
FL	49600	49600	0	0	0	0	0	0	0	0	0	15446352	49	6	5	212	41	12	8	150	5	
FL	49800	49800	0	0	0	0	0	0	0	0	0	15409624	49	6	5	212	41	12	8	150	5	
FL	50000	50000	0	0	0	0	0	0	0	0	0	15372404	49	6	5	212	41	12	8	150	5	
FL	50200	50200	0	0	0	0	0	0	0	0	0	15336603	49	6	5	212	41	12	8	150	5	
FL	50400	50400	0	0	0	0	0	0	0	0	0	15301801	49	6	5	212	41	12	8	150	5	
FL	50600	50600	0	0	0	0	0	0	0	0	0	15267397	49	6	5	212	41	12	8	150	5	
FL	50800	50800	0	0	0	0	0	0	0	0	0	15233231	49	6	5	212	41	12	8	150	5	
FL	51000	51000	0	0	0	0	0	0	0	0	0	15196949	49	6	5	212	41	12	8	150	5	
FL	51200	51200	0	0	0	0	0	0	0	0	0	15159565	49	6	5	212	41	12	8	150	5	
FL	51400	51400	0	0	0	0	0	0	0	0	0	15122032	49	6	5	212	41	12	8	150	5	
FL	51600	51600	0	0	0	0	0	0	0	0	0	15084091	49	6	5	212	41	12	8	150	5	
FL	51800	51800	0	0	0	0	0	0	0	0	0	15044480	49	6	5	212	41	12	8	150	5	
FL	52000	52000	0	0	0	0	0	0	0	0	0	15005051	49	6	5	212	41	12	8	150	5	
FL	52200	52200	0	0	0	0	0	0	0	0	0	14967806	49	6	5	212	41	12	8	150	5	
FL	52400	52400	0	0	0	0	0	0	0	0	0	14931785	49	6	5	212	41	12	8	150	5	
FL	52600	52600	0	0	0	0	0	0	0	0	0	14896205	49	6	5	212	41	12	8	150	5	
FL	52800	52800	0	0	0	0	0	0	0	0	0	14860433	49	6	5	212	41	12	8	150	5	
FL	53000	53000	0	0	0	0	0	0	0	0	0	14824771	49	6	5	212	41	12	8	150	5	
FL	53200	53200	0	0	0	0	0	0	0	0	0	14789086	49	6	5	212	41	12	8	150	5	
FL	53400	53400	0	0	0	0	0	0	0	0	0	14753742	49	6	5	212	41	12	8	150	5	
FL	53600	53600	0	0	0	0	0	0	0	0	0	14717929	49	6	5	212	41	12	8	150	5	
FL	53800	53800	0	0	0	0	0	0	0	0	0	14681729	49	6	5	212	41	12	8	150	5	
FL	54000	54000	0	0	0	0	0	0	0	0	0	14646473	49	6	5	212	41	12	8	150	5	
FL	54200	54200	0	0	0	0	0	0	0	0	0	14612773	49	6	5	212	41	12	8	150	5	
FL	54400	54400	0	0	0	0	0	0	0	0	0	14578803	49	6	5	212	41	12	8	150	5	
FL	54600	54600	0	0	0	0	0	0	0	0	0	14544215	49	6	5	212	41	12	8	150	5	
FL	54800	54800	0	0	0	0	0	0	0	0	0	14509816	49	6	5	212	41	12	8	150	5	
FL	55000	55000	0	0	0	0	0	0	0	0	0	14476504	49	6	5	212	41	12	8	150	5	
FL	55200	55200	0	0	0	0	0	0	0	0	0	14442359	49	6	5	212	41	12	8	150	5	
FL	55400	55400	0	0	0	0	0	0	0	0	0	14407049	49	6	5	212	41	12	8	150	5	
FL	55600	55600	0	0	0	0	0	0	0	0	0	14371959	49	6	5	212	41	12	8	150	5	
FL	55800	55800	0	0	0	0	0	0	0	0	0	14336488	49	6	5	212	41	12	8	150	5	
FL	56000	56000	0	0	0	0	0	0	0	0	0	14302843	49	6	5	212	41	12	8	150	5	
FL	56200	56200	0	0	0	0	0	0	0	0	0	14270973	49	6	5	212	41	12	8	150	5	
FL	56400	56400	0	0	0	0	0	0	0	0	0	14239503	49	6	5	212	41	12	8	150	5	
FL	56600	56600	0	0	0	0	0	0	0	0	0	14207413	49	6	5	212	41	12	8	150	5	
FL	56800	56800	0	0	0	0	0	0	0	0	0	14174564	49	6	5	212	41	12	8	150	5	
FL	57000	57000	0	0	0	0	0	0	0	0	0	14141922	49	6	5	212	41	12	8	150	5	
FL	57200	57200	0	0	0	0	0	0	0	0	0	14109520	49	6	5	212	41	12	8	150	5	
FL	57400	57400	0	0	0	0	0	0	0	0	0	14077645	49	6	5	212	41	12	8	150	5	
FL	57600	57600	0	0	0	0	0	0	0	0	0	14047007	49	6	5	212	41	12	8	150	5	
FL	57800	57800	0	0	0	0	0	0	0	0	0	14015599	49	6	5	212	41	12	8	150	5	
FL	58000	58000	0	0	0	0	0	0	0	0	0	13985143	49	6	5	212	41	12	8	150	5	
FL	58200	58200	0	0	0	0	0	0	0	0	0	13953931	49	6	5	212	41	12	8	150	5	
FL	58400	58400	0	0	0	0	0	0	0	0	0	13923271	49	6	5	212	41	12	8	150	5	
FL	58600	58600	0	0	1	0	0	0	0	0	0	13892672	49	6	5	212	41	12	8	150	5	
FL	58800	58800	0	0	1	0	0	0	0	0	0	13861652	49	6	5	212	41	12	8	150	5	
FL	59000	59000	0	0	0	0	0	0	0	0	0	13829994	49	6	5	212	41	12	8	150	5	
FL	59200	59200	0	0	0	0	0	0	0	0	0	13798201	49	6	5	212	41	12	8	150	5	
FL	59400	59400	0	0	0	0	0	0	0	1	0	13766464	49	6	5	212	41	12	8	150	5	
FL	59600	59600	0	0	0	0	0	0	0	1	0	13735861	49	6	5	212	41	12	8	150	5	
FL	59800	59800	0	0	0	0	0	0	0	0	0	13706069	49	6	5	212	41	12	8	150	5	
FL	60000	60000	0	0	0	0	0	0	0	0	0	13676568	49	6	5	212	41	12	8	150	5	
FL	60200	60200	0	0	0	0	0	0	0	0	0	13648512	49	6	5	212	41	12	8	150	5	
FL	60400	60400	0	0	0	0	0	0	0	0	0	13619714	49	6	5	212	41	12	8	150	5	
FL	60600	60600	0	0	0	0	0	0	0	0	0	13590062	49	6	5	212	41	12	8	150	5	
FL	60800	60800	0	0	0	0	0	0	0	0	0	13560863	49	6	5	212	41	12	8	150	5	
FL	61000	61000	0	0	0	0	0	0	0	0	0	13531712	49	6	5	212	41	12	8	150	5	
FL	61200	61200	0	0	0	0	0	0	0	0	0	13502747	49	6	5	212	41	12	8	150	5	
FL	61400	61400	0	0	0	0	0	0	0	0	0	13472602	49	6	5	212	41	12	8	150	5	
FL	61600	61600	0	0	0	0	0	0	0	0	0	13443534	49	6	5	212	41	12	8	150	5	
FL	61800	61800	0	0	0	0	0	0	0	0	0	13415193	49	6	5	212	41	12	8	150	5	
FL	62000	62000	0	0	0	0	0	0	0	0	0	13385645	49	6	5	212	41	12	8	150	5	
FL	62200	62200	0	0	0	0	0	0	0	0	0	13354299	49	6	5	212	41	12	8	150	5	
FL	62400	62400	0	0	0	0	0	0	0	0	0	13322477	49	6	5	212	41	12	8	150	5	
FL	62600	62600	0	0	0	0	0	0	0	0	0	13289659	49	6	5	212	41	12	8	150	5	
FL	62800	62800	0	0	0	0	0	0	0	0	0	13257057	49	6	5	212	41	12	8	150	5	
FL	63000	63000	0	0	0	0	0	0	0	0	0	13224499	49	6	5	212	41	12	8	150	5	
FL	63200	63200	0	0	0	0	0	0	0	0	0	13192164	49	6	5	212	41	12	8	150	5	
FL	63400	63400	0	0	0	0	0	0	0	0	0	13160411	49	6	5	212	41	12	8	150	5	
FL	63600	63600	0	0	0	0	0	0	0	0	0	13129621	49	6	5	212	41	12	8	150	5	
FL	63800	63800	0	0	0	0	0	0	0	0	0	13099741	49	6	5	212	41	12	8	150	5	
FL	64000	64000	0	0	0	0	0	0	0	0	0	13070977	49	6	5	212	41	12	8	150	5	
FL	64200	64200	0	0	0	0	0	0	0	0	0	13043762	49	6	5	212	41	12	8	150	5	
FL	64400	64400	0	0	0	0	0	0	0	0	0	13014588	49	6	5	212	41	12	8	150	5	
FL	64600	64600	0	0	0	0	0	0	0	0	0	12986249	49	6	5	212	41	12	8	150	5	
FL	64800	64800	0	0	0	0	0	0	0	0	0	12959356	49	6	5	212	41	12	8	150	5	
FL	65000	65000	0	0	0	0	0	0	0	0	0	12934175	49	6	5	212	41	12	8	150	5	
FL	65200	65200	0	0	0	0	0	0	0	0	0	12908914	49	6	5	212	41	12	8	150	5	
FL	65400	65400	0	0	0	0	0	0	0	0	0	12883365	49	6	5	212	41	12	8	150	5	
FL	65600	65600	0	0	0	0	0	0	0	0	0	12857411	49	6	5	212	41	12	8	150	5	
FL	65800	65800	0	0	0	0	0	0	0	0	0	12830453	49	6	5	212	41	12	8	150	5	
FL	66000	66000	0	0	0	0	0	0	0	0	0	12804738	49	6	5	212	41	12	8	150	5	
FL	66200	66200	0	0	0	0	0	0	0	0	0	12779946	49	6	5	212	41	12	8	150	5	
FL	66400	66400	0	0	0	0	0	0	0	0	0	12755042	49	6	5	212	41	12	8	150	5	
FL	66600	66600	0	0	0	0	0	0	0	0	0	12729693	49	6	5	212	41	12	8	150	5	
FL	66800	66800	0	0	0	0	0	0	0	0	0	12703705	49	6	5	212	41	12	8	150	5	
FL	67000	67000	0	0	0	0	0	0	0	0	0	12678118	49	6	5	212	41	12	8	150	5	
FL	67200	67200	0	0	0	0	0	0	0	0	0	12654023	49	6	5	212	41	12	8	150	5	
FL	67400	67400	0	0	0	0	0	0	0	0	0	12631157	49	6	5	212	41	12	8	150	5	
FL	67600	67600	0	0	0	0	0	0	0	0	0	12608482	49	6	5	212	41	12	8	150	5	
FL	67800	67800	0	0	0	0	0	0	0	0	0	12585582	49	6	5	212	41	12	8	150	5	
FL	68000	68000	0	0	0	0	0	0	0	0	0	12562244	49	6	5	212	41	12	8	150	5	
FL	68200	68200	0	0	0	0	0	0	0	0	0	12538371	49	6	5	212	41	12	8	150	5	
FL	68400	68400	0	0	0	0	0	0	0	0	0	12514589	49	6	5	212	41	12	8	150	5	
FL	68600	68600	0	0	0	0	0	0	0	0	0	12491245	49	6	5	212	41	12	8	150	5	
FL	68800	68800	0	0	0	0	0	0	0	0	0	12467037	49	6	5	212	41	12	8	150	5	
FL	69000	69000	0	0	0	0	0	0	0	0	0	12443953	49	6	5	212	41	12	8	150	5	
FL	69200	69200	0	0	0	0	0	0	0	0	0	12421514	49	6	5	212	41	12	8	150	5	
FL	69400	69400	0	0	0	0	0	0	0	0	0	12398739	49	6	5	212	41	12	8	150	5	
FL	69600	69600	0	0	0	0	0	0	0	0	0	12377161	49	6	5	212	41	12	8	150	5	
FL	69800	69800	0	0	0	0	0	0	0	0	0	12356441	49	6	5	212	41	12	8	150	5	
FL	70000	70000	0	0	0	0	0	0	0	0	0	12335895	49	6	5	212	41	12	8	150	5	
FL	70200	70200	0	0	0	0	0	0	0	0	0	12316366	49	6	5	212	41	12	8	150	5	
FL	70400	70400	0	0	0	0	0	0	0	0	0	12296495	49	6	5	212	41	12	8	150	5	
FL	70600	70600	0	0	0	0	0	0	0	0	0	12275594	49	6	5	212	41	12	8	150	5	
FL	70800	70800	0	0	0	0	0	0	0	0	0	12253763	49	6	5	212	41	12	8	150	5	
FL	71000	71000	0	0	0	0	0	0	0	0	0	12230669	49	6	5	212	41	12	8	150	5	
FL	71200	71200	0	0	0	0	0	0	0	0	0	12206047	49	6	5	212	41	12	8	150	5	
FL	71400	71400	0	0	0	0	0	0	0	0	0	12180400	49	6	5	212	41	12	8	150	5	
FL	71600	71600	0	0	0	0	0	0	0	0	0	12155679	49	6	5	212	41	12	8	150	5	
FL	71800	71800	0	0	0	0	0	0	0	0	0	12131378	49	6	5	212	41	12	8	150	5	
FL	72000	72000	0	0	0	0	0	0	0	0	0	12106298	49	6	5	212	41	12	8	150	5	
FL	72200	72200	0	0	0	0	0	0	0	0	0	12081867	49	6	5	212	41	12	8	150	5	
FL	72400	72400	0	0	0	0	0	0	0	0	0	12058206	49	6	5	212	41	12	8	150	5	
FL	72600	72600	0	0	0	0	0	0	0	0	0	12035701	49	6	5	212	41	12	8	150	5	
FL	72800	72800	0	0	0	0	0	0	0	0	0	12012965	49	6	5	212	41	12	8	150	5	
FL	73000	73000	0	0	0	0	0	0	0	0	0	11990347	49	6	5	212	41	12	8	150	5	
FL	73200	73200	0	0	0	0	0	0	0	0	0	11968275	49	6	5	212	41	12	8	150	5	
FL	73400	73400	0	0	0	0	0	0	0	0	0	11946632	49	6	5	212	41	12	8	150	5	
FL	73600	73600	0	0	0	0	0	0	0	0	0	11924737	49	6	5	212	41	12	8	150	5	
FL	73800	73800	0	0	0	0	0	0	0	0	0	11902808	49	6	5	212	41	12	8	150	5	
FL	74000	74000	0	0	0	0	0	0	0	0	0	11880952	49	6	5	212	41	12	8	150	5	
FL	74200	74200	0	0	0	0	0	0	0	0	0	11858710	49	6	5	212	41	12	8	150	5	
FL	74400	74400	0	0	0	0	0	0	0	0	0	11836730	49	6	5	212	41	12	8	150	5	
FL	74600	74600	0	0	0	0	0	0	0	0	0	11815331	49	6	5	212	41	12	8	150	5	
FL	74800	74800	0	0	0	0	0	0	0	0	0	11793042	49	6	5	212	41	12	8	150	5	
FL	75000	75000	0	0	0	0	0	0	0	0	0	11769442	49	6	5	212	41	12	8	150	5	
FL	75200	75200	0	0	0	0	0	0	0	0	0	11744704	49	6	5	212	41	12	8	150	5	
FL	75400	75400	0	0	0	0	0	0	0	0	0	11720707	49	6	5	212	41	12	8	150	5	
FL	75600	75600	0	0	0	0	0	0	0	0	0	11697838	49	6	5	212	41	12	8	150	5	
FL	75800	75800	0	0	0	0	0	0	0	0	0	11676317	49	6	5	212	41	12	8	150	5	
FL	76000	76000	0	0	0	0	0	0	0	0	0	11654057	49	6	5	212	41	12	8	150	5	
FL	76200	76200	0	0	0	0	0	0	0	0	0	11630742	49	6	5	212	41	12	8	150	5	
FL	76400	76400	0	0	0	0	0	0	0	0	0	11608420	49	6	5	212	41	12	8	150	5	
FL	76600	76600	0	0	0	0	0	0	0	0	0	11585819	49	6	5	212	41	12	8	150	5	
FL	76800	76800	0	0	0	0	0	0	0	0	0	11563661	49	6	5	212	41	12	8	150	5	
FL	77000	77000	0	0	0	0	0	0	0	0	0	11542317	49	6	5	212	41	12	8	150	5	
FL	77200	77200	0	0	0	0	0	0	0	0	0	11520063	49	6	5	212	41	12	8	150	5	
FL	77400	77400	0	0	0	0	0	0	0	0	0	11496833	49	6	5	212	41	12	8	150	5	
FL	77600	77600	0	0	0	0	0	0	0	0	0	11472801	49	6	5	212	41	12	8	150	5	
FL	77800	77800	0	0	0	0	0	0	0	0	0	11448996	49	6	5	212	41	12	8	150	5	
FL	78000	78000	0	0	0	0	0	0	0	0	0	11424828	49	6	5	212	41	12	8	150	5	
FL	78200	78200	0	0	0	0	0	0	0	0	0	11400879	49	6	5	212	41	12	8	150	5	
FL	78400	78400	0	0	0	0	0	0	0	0	0	11377415	49	6	5	212	41	12	8	150	5	
FL	78600	78600	0	0	0	0	0	0	0	0	0	11353996	49	6	5	212	41	12	8	150	5	
FL	78800	78800	0	0	0	0	0	0	0	0	0	11332245	49	6	5	212	41	12	8	150	5	
FL	79000	79000	0	0	0	0	0	0	0	0	0	11311143	49	6	5	212	41	12	8	150	5	
FL	79200	79200	0	0	0	0	0	0	0	0	0	11290299	49	6	5	212	41	12	8	150	5	
FL	79400	79400	0	0	0	0	0	0	0	0	0	11269303	49	6	5	212	41	12	8	150	5	
FL	79600	79600	0	0	0	0	0	0	0	0	0	11248239	49	6	5	212	41	12	8	150	5	
FL	79800	79800	0	0	0	0	0	0	0	0	0	11226915	49	6	5	212	41	12	8	150	5	
FL	80000	80000	0	0	0	0	0	0	0	0	0	11205242	49	6	5	212	41	12	8	150	5	
FL	80200	80200	0	0	0	0	0	0	0	0	0	11182456	49	6	5	212	41	12	8	150	5	
FL	80400	80400	0	0	0	0	0	0	0	0	0	11159754	49	6	5	212	41	12	8	150	5	
FL	80600	80600	0	0	0	0	0	0	0	0	0	11136607	49	6	5	212	41	12	8	150	5	
FL	80800	80800	0	0	0	0	0	0	0	0	0	11113034	49	6	5	212	41	12	8	150	5	
FL	81000	81000	0	0	0	0	0	0	0	0	0	11088552	49	6	5	212	41	12	8	150	5	
FL	81200	81200	0	0	0	0	0	0	0	0	0	11064254	49	6	5	212	41	12	8	150	5	
FL	81400	81400	0	0	0	0	0	0	0	0	0	11040286	49	6	5	212	41	12	8	150	5	
FL	81600	81600	0	0	0	0	0	0	0	0	0	11018514	49	6	5	212	41	12	8	150	5	
FL	81800	81800	0	0	0	0	0	0	0	0	0	10996799	49	6	5	212	41	12	8	150	5	
FL	82000	82000	0	0	0	0	0	0	0	0	0	10975014	49	6	5	212	41	12	8	150	5	
FL	82200	82200	0	0	0	0	0	0	0	0	0	10953023	49	6	5	212	41	12	8	150	5	
FL	82400	82400	0	0	0	0	0	0	0	0	0	10931086	49	6	5	212	41	12	8	150	5	
FL	82600	82600	0	0	0	0	0	0	0	0	0	10909939	49	6	5	212	41	12	8	150	5	
FL	82800	82800	0	0	0	0	0	0	0	0	0	10890135	49	6	5	212	41	12	8	150	5	
FL	83000	83000	0	0	0	0	0	0	0	0	0	10869872	49	6	5	212	41	12	8	150	5	
FL	83200	83200	0	0	0	0	0	0	0	0	0	10849469	49	6	5	212	41	12	8	150	5	
FL	83400	83400	0	0	0	0	0	0	0	0	0	10830017	49	6	5	212	41	12	8	150	5	
FL	83600	83600	0	0	0	0	0	0	0	0	0	10811167	49	6	5	212	41	12	8	150	5	
FL	83800	83800	0	0	0	0	0	0	0	0	0	10792718	49	6	5	212	41	12	8	150	5	
FL	84000	84000	0	0	0	0	0	0	0	0	0	10775018	49	6	5	212	41	12	8	150	5	
FL	84200	84200	0	0	0	0	0	0	0	0	0	10756691	49	6	5	212	41	12	8	150	5	
FL	84400	84400	0	0	0	0	0	0	0	0	0	10738119	49	6	5	212	41	12	8	150	5	
FL	84600	84600	0	0	0	0	0	0	0	0	0	10720178	49	6	5	212	41	12	8	150	5	
FL	84800	84800	0	0	0	0	0	0	0	0	0	10702018	49	6	5	212	41	12	8	150	5	
FL	85000	85000	0	0	0	0	0	0	0	0	0	10683609	49	6	5	212	41	12	8	150	5	
FL	85200	85200	0	0	0	0	0	0	0	0	0	10665746	49	6	5	212	41	12	8	150	5	
FL	85400	85400	0	0	0	0	0	0	0	0	0	10647838	49	6	5	212	41	12	8	150	5	
FL	85600	85600	0	0	0	0	0	0	0	0	0	10628850	49	6	5	212	41	12	8	150	5	
FL	85800	85800	0	0	0	0	0	0	0	0	0	10609678	49	6	5	212	41	12	8	150	5	
FL	86000	86000	0	0	0	0	0	0	0	0	0	10590999	49	6	5	212	41	12	8	150	5	
FL	86200	86200	0	0	0	0	0	0	0	0	0	10571848	49	6	5	212	41	12	8	150	5	
FL	86400	86400	0	0	0	0	0	0	0	0	0	10554003	49	6	5	212	41	12	8	150	5	
FL	86600	86600	0	0	0	0	0	0	0	0	0	10537502	49	6	5	212	41	12	8	150	5	
FL	86800	86800	0	0	0	0	0	0	0	0	0	10521431	49	6	5	212	41	12	8	150	5	
FL	87000	87000	0	0	0	0	0	0	0	0	0	10506031	49	6	5	212	41	12	8	150	5	
FL	87200	87200	0	0	0	0	0	0	0	0	0	10490413	49	6	5	212	41	12	8	150	5	
FL	87400	87400	0	0	0	0	0	0	0	0	0	10473099	49	6	5	212	41	12	8	150	5	
FL	87600	87600	0	0	0	0	0	0	0	0	0	10455640	49	6	5	212	41	12	8	150	5	
FL	87800	87800	0	0	0	0	0	0	0	0	0	10438993	49	6	5	212	41	12	8	150	5	
FL	88000	88000	0	0	0	0	0	0	0	0	0	10422464	49	6	5	212	41	12	8	150	5	
FL	88200	88200	0	0	0	0	0	0	0	0	0	10406591	49	6	5	212	41	12	8	150	5	
FL	88400	88400	0	0	0	0	0	0	0	0	0	10389699	49	6	5	212	41	12	8	150	5	
FL	88600	88600	0	0	0	0	0	0	0	0	0	10372958	49	6	5	212	41	12	8	150	5	
FL	88800	88800	0	0	0	0	0	0	0	0	0	10355381	49	6	5	212	41	12	8	150	5	
FL	89000	89000	0	0	0	0	0	0	0	0	0	10337441	49	6	5	212	41	12	8	150	5	
FL	89200	89200	0	0	0	0	0	0	0	0	0	10319123	49	6	5	212	41	12	8	150	5	
FL	89400	89400	0	0	0	0	0	0	0	0	0	10300978	49	6	5	212	41	12	8	150	5	
FL	89600	89600	0	0	0	0	0	0	0	0	0	10282473	49	6	5	212	41	12	8	150	5	
FL	89800	89800	0	0	0	0	0	0	0	0	0	10264390	49	6	5	212	41	12	8	150	5	
FL	90000	90000	0	0	0	0	0	0	0	0	0	10246441	49	6	5	212	41	12	8	150	5	
FL	90200	90200	0	0	0	0	0	0	0	0	0	10228190	49	6	5	212	41	12	8	150	5	
FL	90400	90400	0	0	0	0	0	0	0	0	0	10210772	49	6	5	212	41	12	8	150	5	
FL	90600	90600	0	0	0	0	0	0	0	0	0	10193808	49	6	5	212	41	12	8	150	5	
FL	90800	90800	0	0	0	0	0	0	0	0	0	10176761	49	6	5	212	41	12	8	150	5	
FL	91000	91000	0	0	0	0	0	0	0	0	0	10159312	49	6	5	212	41	12	8	150	5	
FL	91200	91200	0	0	0	0	0	0	0	0	0	10142005	49	6	5	212	41	12	8	150	5	
FL	91400	91400	0	0	0	0	0	0	0	0	0	10124799	49	6	5	212	41	12	8	150	5	
FL	91600	91600	0	0	0	0	0	0	0	0	0	10107999	49	6	5	212	41	12	8	150	5	
FL	91800	91800	0	0	0	0	0	0	0	0	0	10091930	49	6	5	212	41	12	8	150	5	
FL	92000	92000	0	0	0	0	0	0	0	0	0	10076230	49	6	5	212	41	12	8	150	5	
FL	92200	92200	0	0	0	0	0	0	0	0	0	10060649	49	6	5	212	41	12	8	150	5	
FL	92400	92400	0	0	0	0	0	0	0	0	0	10045426	49	6	5	212	41	12	8	150	5	
FL	92600	92600	0	0	0	0	0	0	0	0	0	10030375	49	6	5	212	41	12	8	150	5	
FL	92800	92800	0	0	0	0	0	0	0	0	0	10015444	49	6	5	212	41	12	8	150	5	
FL	93000	93000	0	0	0	0	0	0	0	0	0	10000704	49	6	5	212	41	12	8	150	5	
FL	93200	93200	0	0	0	0	0	0	0	0	0	9986339	49	6	5	212	41	12	8	150	5	
FL	93400	93400	0	0	0	0	0	0	0	0	0	9971628	49	6	5	212	41	12	8	150	5	
FL	93600	93600	0	0	0	0	0	0	0	0	0	9956991	49	6	5	212	41	12	8	150	5	
FL	93800	93800	0	0	0	0	0	0	0	0	0	9943429	49	6	5	212	41	12	8	150	5	
FL	94000	94000	0	0	0	0	0	0	0	0	0	9929750	49	6	5	212	41	12	8	150	5	
FL	94200	94200	0	0	0	0	0	0	0	0	0	9915489	49	6	5	212	41	12	8	150	5	
FL	94400	94400	0	0	0	0	0	0	0	0	0	9900660	49	6	5	212	41	12	8	150	5	
FL	94600	94600	0	0	0	0	0	0	0	0	0	9885293	49	6	5	212	41	12	8	150	5	
FL	94800	94800	0	0	0	0	0	0	0	0	0	9870129	49	6	5	212	41	12	8	150	5	
FL	95000	95000	0	0	0	0	0	0	0	0	0	9854477	49	6	5	212	41	12	8	150	5	
FL	95200	95200	0	0	0	0	0	0	0	0	0	9838786	49	6	5	212	41	12	8	150	5	
FL	95400	95400	0	0	0	0	0	0	0	0	0	9823657	49	6	5	212	41	12	8	150	5	
FL	95600	95600	0	0	0	0	0	0	0	0	0	9809133	49	6	5	212	41	12	8	150	5	
FL	95800	95800	0	0	0	0	0	0	0	0	0	9794614	49	6	5	212	41	12	8	150	5	
FL	96000	96000	0	0	0	0	0	0	0	0	0	9780200	49	6	5	212	41	12	8	150	5	
FL	96200	96200	0	0	0	0	0	0	0	0	0	9765208	49	6	5	212	41	12	8	150	5	
FL	96400	96400	0	0	0	0	0	0	0	0	0	9749202	49	6	5	212	41	12	8	150	5	
FL	96600	96600	0	0	0	0	0	0	0	0	0	9733456	49	6	5	212	41	12	8	150	5	
FL	96800	96800	0	0	0	0	0	0	0	0	0	9718203	49	6	5	212	41	12	8	150	5	
FL	97000	97000	0	0	0	0	0	0	0	0	0	9703508	49	6	5	212	41	12	8	150	5	
FL	97200	97200	0	0	0	0	0	0	0	0	0	9689126	49	6	5	212	41	12	8	150	5	
FL	97400	97400	0	0	0	0	0	0	0	0	0	9675441	49	6	5	212	41	12	8	150	5	
FL	97600	97600	0	0	0	0	0	0	0	0	0	9661328	49	6	5	212	41	12	8	150	5	
FL	97800	97800	0	0	0	0	0	0	0	0	0	9646312	49	6	5	212	41	12	8	150	5	
FL	98000	98000	0	0	0	0	0	0	0	0	0	9631476	49	6	5	212	41	12	8	150	5	
FL	98200	98200	0	0	0	0	0	0	0	0	0	9616942	49	6	5	212	41	12	8	150	5	
FL	98400	98400	0	0	0	0	0	0	0	0	0	9602282	49	6	5	212	41	12	8	150	5	
FL	98600	98600	0	0	0	0	0	0	0	0	0	9587519	49	6	5	212	41	12	8	150	5	
FL	98800	98800	0	0	0	0	0	0	0	0	0	9573215	49	6	5	212	41	12	8	150	5	
FL	99000	99000	0	0	0	0	0	0	0	0	0	9559076	49	6	5	212	41	12	8	150	5	
FL	99200	99200	0	0	0	0	0	0	0	0	0	9544054	49	6	5	212	41	12	8	150	5	
FL	99400	99400	0	0	0	0	0	0	0	0	0	9528993	49	6	5	212	41	12	8	150	5	
FL	99600	99600	0	0	0	0	0	0	0	0	0	9514008	49	6	5	212	41	12	8	150	5	
FL	99800	99800	0	0	0	0	0	0	0	0	0	9498877	49	6	5	212	41	12	8	150	5	
FL	100000	100000	0	0	0	0	0	0	0	0	0	9484582	49	6	5	212	41	12	8	150	5	
