DHL	0	0	228	425	6	134	242	266	92	0	58	85018670	257	438	7	134	305	298	119	70	
DHL	-200	-200	222	420	6	134	239	263	94	0	58	84534641	257	438	7	134	305	298	119	70	
DHL	-400	-400	219	410	6	134	230	258	95	0	59	83164521	257	438	7	134	305	298	119	70	
DHL	-600	-600	216	398	6	134	225	255	97	0	59	81510316	257	438	7	134	305	298	119	70	
DHL	-800	-800	214	388	6	129	219	253	92	0	59	79796541	257	438	7	134	305	298	119	70	
DHL	-1000	-1000	206	382	6	125	207	246	92	0	59	78108697	257	438	7	134	305	298	119	70	
DHL	-1200	-1200	200	370	6	120	204	243	92	0	58	76457820	257	438	7	134	305	298	119	70	
DHL	-1400	-1400	190	361	6	118	202	240	90	0	57	74866481	257	438	7	134	305	298	119	70	
DHL	-1600	-1600	184	348	6	113	197	232	89	0	57	73344838	257	438	7	134	305	298	119	70	
DHL	-1800	-1800	182	337	6	105	190	221	89	0	55	71893036	257	438	7	134	305	298	119	70	
DHL	-2000	-2000	181	327	6	105	187	214	88	0	53	70499508	257	438	7	134	305	298	119	70	
DHL	-2200	-2200	176	322	6	103	184	208	88	0	51	69167548	257	438	7	134	305	298	119	70	
DHL	-2400	-2400	174	305	6	99	181	206	87	0	48	67890154	257	438	7	134	305	298	119	70	
DHL	-2600	-2600	167	295	6	94	175	199	85	0	44	66670175	257	438	7	134	305	298	119	70	
DHL	-2800	-2800	165	290	6	91	161	189	75	0	43	65496268	257	438	7	134	305	298	119	70	
DHL	-3000	-3000	158	279	5	85	156	183	73	0	39	64360544	257	438	7	134	305	298	119	70	
DHL	-3200	-3200	154	270	5	76	151	181	73	0	37	63270486	257	438	7	134	305	298	119	70	
DHL	-3400	-3400	154	258	5	70	147	180	72	0	37	62216605	257	438	7	134	305	298	119	70	
DHL	-3600	-3600	151	247	5	70	143	180	71	0	36	61199362	257	438	7	134	305	298	119	70	
DHL	-3800	-3800	148	235	4	70	135	180	71	0	36	60216080	257	438	7	134	305	298	119	70	
DHL	-4000	-4000	139	228	4	70	134	175	70	0	36	59266831	257	438	7	134	305	298	119	70	
DHL	-4200	-4200	136	222	4	65	129	169	67	0	32	58348442	257	438	7	134	305	298	119	70	
DHL	-4400	-4400	133	216	4	65	127	169	62	0	29	57454256	257	438	7	134	305	298	119	70	
DHL	-4600	-4600	125	213	2	64	126	166	60	0	27	56590312	257	438	7	134	305	298	119	70	
DHL	-4800	-4800	124	206	2	64	126	163	56	0	27	55750577	257	438	7	134	305	298	119	70	
DHL	-5000	-5000	120	206	2	64	125	162	53	0	27	54934292	257	438	7	134	305	298	119	70	
DHL	-5200	-5200	115	202	2	62	122	154	50	0	24	54133829	257	438	7	134	305	298	119	70	
DHL	-5400	-5400	111	199	0	61	120	151	48	0	23	53356481	257	438	7	134	305	298	119	70	
DHL	-5600	-5600	109	197	0	61	117	146	48	0	21	52596892	257	438	7	134	305	298	119	70	
DHL	-5800	-5800	103	195	0	60	112	143	47	0	20	51857063	257	438	7	134	305	298	119	70	
DHL	-6000	-6000	95	192	0	56	108	133	46	0	20	51134093	257	438	7	134	305	298	119	70	
DHL	-6200	-6200	89	187	0	56	105	128	42	0	19	50433818	257	438	7	134	305	298	119	70	
DHL	-6400	-6400	85	184	0	50	103	117	39	0	18	49754701	257	438	7	134	305	298	119	70	
DHL	-6600	-6600	82	180	0	44	99	105	39	0	17	49092729	257	438	7	134	305	298	119	70	
DHL	-6800	-6800	82	174	0	43	94	102	39	0	17	48451965	257	438	7	134	305	298	119	70	
DHL	-7000	-7000	76	165	0	36	93	97	34	0	17	47829620	257	438	7	134	305	298	119	70	
DHL	-7200	-7200	73	160	0	34	94	92	34	0	17	47225642	257	438	7	134	305	298	119	70	
DHL	-7400	-7400	73	158	0	34	81	81	34	0	15	46641023	257	438	7	134	305	298	119	70	
DHL	-7600	-7600	69	154	0	33	78	76	33	0	11	46077078	257	438	7	134	305	298	119	70	
DHL	-7800	-7800	64	152	0	33	74	69	32	0	11	45530823	257	438	7	134	305	298	119	70	
DHL	-8000	-8000	64	148	0	33	71	66	32	0	9	44998132	257	438	7	134	305	298	119	70	
DHL	-8200	-8200	62	143	0	32	69	60	32	0	7	44481274	257	438	7	134	305	298	119	70	
DHL	-8400	-8400	62	136	0	30	67	56	31	0	7	43977934	257	438	7	134	305	298	119	70	
DHL	-8600	-8600	62	134	0	29	66	55	27	0	7	43489845	257	438	7	134	305	298	119	70	
DHL	-8800	-8800	60	133	0	27	66	55	25	0	7	43013086	257	438	7	134	305	298	119	70	
DHL	-9000	-9000	60	131	0	27	64	51	25	0	7	42546956	257	438	7	134	305	298	119	70	
DHL	-9200	-9200	60	126	0	26	63	49	25	0	7	42090402	257	438	7	134	305	298	119	70	
DHL	-9400	-9400	59	126	0	25	62	49	25	0	7	41646207	257	438	7	134	305	298	119	70	
DHL	-9600	-9600	57	122	0	25	61	47	25	0	7	41217181	257	438	7	134	305	298	119	70	
DHL	-9800	-9800	57	120	0	23	60	47	25	0	7	40800129	257	438	7	134	305	298	119	70	
DHL	-10000	-10000	56	120	0	22	59	47	25	0	7	40391657	257	438	7	134	305	298	119	70	
DHL	-10200	-10200	57	119	0	22	58	46	25	0	7	39996378	257	438	7	134	305	298	119	70	
DHL	-10400	-10400	56	119	0	21	57	45	25	0	7	39612739	257	438	7	134	305	298	119	70	
DHL	-10600	-10600	56	119	0	21	57	45	26	0	7	39236561	257	438	7	134	305	298	119	70	
DHL	-10800	-10800	56	120	0	21	55	45	26	0	7	38871502	257	438	7	134	305	298	119	70	
DHL	-11000	-11000	56	120	0	21	55	45	24	0	7	38512487	257	438	7	134	305	298	119	70	
DHL	-11200	-11200	56	115	1	21	53	45	22	0	7	38155525	257	438	7	134	305	298	119	70	
DHL	-11400	-11400	56	113	1	21	53	45	22	0	7	37806050	257	438	7	134	305	298	119	70	
DHL	-11600	-11600	56	110	1	21	54	45	22	0	7	37465720	257	438	7	134	305	298	119	70	
DHL	-11800	-11800	56	102	1	20	54	40	22	0	7	37136144	257	438	7	134	305	298	119	70	
DHL	-12000	-12000	55	94	1	20	54	38	21	0	7	36811005	257	438	7	134	305	298	119	70	
DHL	-12200	-12200	56	93	1	19	54	33	23	0	7	36486997	257	438	7	134	305	298	119	70	
DHL	-12400	-12400	55	92	1	17	54	29	23	0	7	36169128	257	438	7	134	305	298	119	70	
DHL	-12600	-12600	55	91	1	17	54	29	23	0	7	35861772	257	438	7	134	305	298	119	70	
DHL	-12800	-12800	54	91	1	17	53	27	22	0	7	35560556	257	438	7	134	305	298	119	70	
DHL	-13000	-13000	54	90	1	16	52	25	22	0	7	35266981	257	438	7	134	305	298	119	70	
DHL	-13200	-13200	53	90	1	16	52	25	22	0	7	34980257	257	438	7	134	305	298	119	70	
DHL	-13400	-13400	53	90	1	16	51	25	21	0	7	34696313	257	438	7	134	305	298	119	70	
DHL	-13600	-13600	52	90	1	16	51	25	21	0	7	34415796	257	438	7	134	305	298	119	70	
DHL	-13800	-13800	52	90	1	16	51	25	19	0	7	34138903	257	438	7	134	305	298	119	70	
DHL	-14000	-14000	49	90	1	16	50	25	17	0	7	33868463	257	438	7	134	305	298	119	70	
DHL	-14200	-14200	49	88	0	16	50	25	17	0	7	33605827	257	438	7	134	305	298	119	70	
DHL	-14400	-14400	49	88	0	16	49	25	17	0	7	33348119	257	438	7	134	305	298	119	70	
DHL	-14600	-14600	49	87	0	16	49	24	17	0	7	33096157	257	438	7	134	305	298	119	70	
DHL	-14800	-14800	46	86	0	15	46	24	17	0	7	32847450	257	438	7	134	305	298	119	70	
DHL	-15000	-15000	46	83	0	13	44	24	17	0	7	32604235	257	438	7	134	305	298	119	70	
DHL	-15200	-15200	46	78	0	13	41	24	17	0	7	32364770	257	438	7	134	305	298	119	70	
DHL	-15400	-15400	45	74	0	13	36	23	15	0	7	32128802	257	438	7	134	305	298	119	70	
DHL	-15600	-15600	45	74	0	13	35	23	14	0	7	31893658	257	438	7	134	305	298	119	70	
DHL	-15800	-15800	43	74	0	12	36	23	13	0	7	31663606	257	438	7	134	305	298	119	70	
DHL	-16000	-16000	44	71	0	12	37	23	13	0	7	31438477	257	438	7	134	305	298	119	70	
DHL	-16200	-16200	44	67	0	12	37	25	13	0	7	31217104	257	438	7	134	305	298	119	70	
DHL	-16400	-16400	40	67	0	12	35	25	13	0	7	30997649	257	438	7	134	305	298	119	70	
DHL	-16600	-16600	40	67	0	12	34	23	12	0	7	30781412	257	438	7	134	305	298	119	70	
DHL	-16800	-16800	39	67	0	12	34	23	12	0	7	30570954	257	438	7	134	305	298	119	70	
DHL	-17000	-17000	39	66	0	12	34	23	6	0	7	30366674	257	438	7	134	305	298	119	70	
DHL	-17200	-17200	42	66	0	12	31	23	5	0	8	30163767	257	438	7	134	305	298	119	70	
DHL	-17400	-17400	44	66	0	12	31	27	5	0	8	29962291	257	438	7	134	305	298	119	70	
DHL	-17600	-17600	47	66	0	12	37	27	5	0	8	29764876	257	438	7	134	305	298	119	70	
DHL	-17800	-17800	44	66	0	12	37	26	5	0	8	29567773	257	438	7	134	305	298	119	70	
DHL	-18000	-18000	40	66	0	12	31	25	5	0	7	29372529	257	438	7	134	305	298	119	70	
DHL	-18200	-18200	39	66	0	12	31	22	5	0	7	29180251	257	438	7	134	305	298	119	70	
DHL	-18400	-18400	39	66	0	12	31	22	5	0	7	28991805	257	438	7	134	305	298	119	70	
DHL	-18600	-18600	39	66	0	12	31	22	5	0	7	28807388	257	438	7	134	305	298	119	70	
DHL	-18800	-18800	39	66	0	12	29	21	5	0	7	28626915	257	438	7	134	305	298	119	70	
DHL	-19000	-19000	40	66	0	12	29	21	5	0	7	28447255	257	438	7	134	305	298	119	70	
DHL	-19200	-19200	40	64	0	12	29	21	5	0	6	28268816	257	438	7	134	305	298	119	70	
DHL	-19400	-19400	39	59	0	12	32	21	5	0	6	28091918	257	438	7	134	305	298	119	70	
DHL	-19600	-19600	39	56	0	12	33	22	5	0	6	27915575	257	438	7	134	305	298	119	70	
DHL	-19800	-19800	37	56	0	12	35	28	5	0	6	27743598	257	438	7	134	305	298	119	70	
DHL	-20000	-20000	37	55	0	12	41	27	5	0	6	27573995	257	438	7	134	305	298	119	70	
DHL	-20200	-20200	37	55	0	12	44	29	5	0	6	27403158	257	438	7	134	305	298	119	70	
DHL	-20400	-20400	37	52	0	11	46	28	4	0	6	27235103	257	438	7	134	305	298	119	70	
DHL	-20600	-20600	38	52	0	11	47	28	4	0	6	27069557	257	438	7	134	305	298	119	70	
DHL	-20800	-20800	37	51	0	11	44	26	5	0	6	26907941	257	438	7	134	305	298	119	70	
DHL	-21000	-21000	35	51	0	11	41	21	5	0	6	26749557	257	438	7	134	305	298	119	70	
DHL	-21200	-21200	35	51	0	11	37	20	5	0	6	26595013	257	438	7	134	305	298	119	70	
DHL	-21400	-21400	34	49	0	11	29	19	5	0	6	26440753	257	438	7	134	305	298	119	70	
DHL	-21600	-21600	34	47	0	11	25	13	4	0	6	26289260	257	438	7	134	305	298	119	70	
DHL	-21800	-21800	33	48	0	11	24	9	4	0	6	26143890	257	438	7	134	305	298	119	70	
DHL	-22000	-22000	33	47	0	11	22	9	3	0	6	26005052	257	438	7	134	305	298	119	70	
DHL	-22200	-22200	32	46	0	11	22	9	3	0	6	25867255	257	438	7	134	305	298	119	70	
DHL	-22400	-22400	31	39	0	11	24	8	3	0	6	25731146	257	438	7	134	305	298	119	70	
DHL	-22600	-22600	30	37	0	11	25	7	1	0	6	25596529	257	438	7	134	305	298	119	70	
DHL	-22800	-22800	30	37	0	11	25	7	1	0	6	25462335	257	438	7	134	305	298	119	70	
DHL	-23000	-23000	31	37	0	11	25	7	1	0	6	25332794	257	438	7	134	305	298	119	70	
DHL	-23200	-23200	31	37	0	11	25	7	1	0	6	25207547	257	438	7	134	305	298	119	70	
DHL	-23400	-23400	31	37	0	11	25	7	1	0	6	25085177	257	438	7	134	305	298	119	70	
DHL	-23600	-23600	31	36	0	11	25	7	1	0	6	24966762	257	438	7	134	305	298	119	70	
DHL	-23800	-23800	31	36	0	11	25	7	1	0	6	24849176	257	438	7	134	305	298	119	70	
DHL	-24000	-24000	31	36	0	11	25	7	1	0	6	24729994	257	438	7	134	305	298	119	70	
DHL	-24200	-24200	31	36	0	11	23	7	1	0	6	24611801	257	438	7	134	305	298	119	70	
DHL	-24400	-24400	31	36	0	11	22	7	1	0	6	24493309	257	438	7	134	305	298	119	70	
DHL	-24600	-24600	31	36	0	11	22	7	1	0	6	24377268	257	438	7	134	305	298	119	70	
DHL	-24800	-24800	30	36	0	11	22	7	1	0	5	24264882	257	438	7	134	305	298	119	70	
DHL	-25000	-25000	29	35	0	11	22	7	1	0	5	24155272	257	438	7	134	305	298	119	70	
DHL	-25200	-25200	29	32	0	11	22	6	0	0	5	24045349	257	438	7	134	305	298	119	70	
DHL	-25400	-25400	23	29	0	11	22	3	0	0	3	23937060	257	438	7	134	305	298	119	70	
DHL	-25600	-25600	22	25	0	11	20	2	0	0	3	23830564	257	438	7	134	305	298	119	70	
DHL	-25800	-25800	20	25	0	11	20	2	0	0	3	23724822	257	438	7	134	305	298	119	70	
DHL	-26000	-26000	20	25	0	11	20	2	0	0	3	23621396	257	438	7	134	305	298	119	70	
DHL	-26200	-26200	18	25	0	10	20	2	0	0	3	23518663	257	438	7	134	305	298	119	70	
DHL	-26400	-26400	14	24	0	9	20	2	0	0	3	23417836	257	438	7	134	305	298	119	70	
DHL	-26600	-26600	12	24	0	9	20	2	0	0	3	23318642	257	438	7	134	305	298	119	70	
DHL	-26800	-26800	12	24	0	9	20	2	0	0	3	23218825	257	438	7	134	305	298	119	70	
DHL	-27000	-27000	12	24	0	9	20	2	0	0	3	23118007	257	438	7	134	305	298	119	70	
DHL	-27200	-27200	12	24	0	9	20	2	0	0	3	23018284	257	438	7	134	305	298	119	70	
DHL	-27400	-27400	12	24	0	9	20	2	0	0	3	22917773	257	438	7	134	305	298	119	70	
DHL	-27600	-27600	12	24	0	9	20	2	0	0	3	22816754	257	438	7	134	305	298	119	70	
DHL	-27800	-27800	12	24	0	9	20	2	0	0	3	22714731	257	438	7	134	305	298	119	70	
DHL	-28000	-28000	12	24	0	9	20	2	0	0	3	22614263	257	438	7	134	305	298	119	70	
DHL	-28200	-28200	12	24	0	9	20	2	0	0	3	22513835	257	438	7	134	305	298	119	70	
DHL	-28400	-28400	12	24	0	9	20	2	0	0	3	22413165	257	438	7	134	305	298	119	70	
DHL	-28600	-28600	12	24	0	9	20	2	0	0	3	22311625	257	438	7	134	305	298	119	70	
DHL	-28800	-28800	12	24	0	9	20	2	0	0	3	22210694	257	438	7	134	305	298	119	70	
DHL	-29000	-29000	12	24	0	9	20	2	0	0	3	22111558	257	438	7	134	305	298	119	70	
DHL	-29200	-29200	12	24	0	9	20	2	0	0	3	22009853	257	438	7	134	305	298	119	70	
DHL	-29400	-29400	12	24	0	9	20	2	0	0	3	21916126	257	438	7	134	305	298	119	70	
DHL	-29600	-29600	12	24	0	9	20	2	0	0	3	21823461	257	438	7	134	305	298	119	70	
DHL	-29800	-29800	12	24	0	9	20	2	0	0	3	21733031	257	438	7	134	305	298	119	70	
DHL	-30000	-30000	12	24	0	9	20	2	0	0	3	21644137	257	438	7	134	305	298	119	70	
DHL	-30200	-30200	12	24	0	9	20	2	0	0	3	21555810	257	438	7	134	305	298	119	70	
DHL	-30400	-30400	12	24	0	9	20	2	0	0	3	21467742	257	438	7	134	305	298	119	70	
DHL	-30600	-30600	12	24	0	9	20	2	0	0	3	21378958	257	438	7	134	305	298	119	70	
DHL	-30800	-30800	12	24	0	9	20	2	0	0	3	21290409	257	438	7	134	305	298	119	70	
DHL	-31000	-31000	12	24	0	9	20	2	0	0	3	21202125	257	438	7	134	305	298	119	70	
DHL	-31200	-31200	12	24	0	9	20	2	0	0	3	21115138	257	438	7	134	305	298	119	70	
DHL	-31400	-31400	12	24	0	9	20	2	0	0	3	21030070	257	438	7	134	305	298	119	70	
DHL	-31600	-31600	12	24	0	9	20	2	0	0	3	20946524	257	438	7	134	305	298	119	70	
DHL	-31800	-31800	12	24	0	9	20	2	0	0	3	20866156	257	438	7	134	305	298	119	70	
DHL	-32000	-32000	12	24	0	9	20	2	0	0	3	20787383	257	438	7	134	305	298	119	70	
DHL	-32200	-32200	12	24	0	9	20	2	0	0	3	20708964	257	438	7	134	305	298	119	70	
DHL	-32400	-32400	12	24	0	9	20	2	0	0	3	20629664	257	438	7	134	305	298	119	70	
DHL	-32600	-32600	12	24	0	9	20	2	0	0	3	20550102	257	438	7	134	305	298	119	70	
DHL	-32800	-32800	12	24	0	9	20	2	0	0	3	20470816	257	438	7	134	305	298	119	70	
DHL	-33000	-33000	12	24	0	9	20	2	0	0	3	20391349	257	438	7	134	305	298	119	70	
DHL	-33200	-33200	12	24	0	9	20	2	0	0	3	20310639	257	438	7	134	305	298	119	70	
DHL	-33400	-33400	12	24	0	9	20	2	0	0	3	20231975	257	438	7	134	305	298	119	70	
DHL	-33600	-33600	12	24	0	9	20	2	0	0	3	20155396	257	438	7	134	305	298	119	70	
DHL	-33800	-33800	12	24	0	9	20	2	0	0	3	20078492	257	438	7	134	305	298	119	70	
DHL	-34000	-34000	12	24	0	9	20	2	0	0	3	20002767	257	438	7	134	305	298	119	70	
DHL	-34200	-34200	12	24	0	9	20	2	0	0	3	19926639	257	438	7	134	305	298	119	70	
DHL	-34400	-34400	12	24	0	9	20	2	0	0	3	19853105	257	438	7	134	305	298	119	70	
DHL	-34600	-34600	12	24	0	9	20	2	0	0	2	19780508	257	438	7	134	305	298	119	70	
DHL	-34800	-34800	11	23	0	9	20	2	0	0	1	19708739	257	438	7	134	305	298	119	70	
DHL	-35000	-35000	11	23	0	9	18	2	0	0	1	19638216	257	438	7	134	305	298	119	70	
DHL	-35200	-35200	9	23	0	9	16	2	0	0	1	19568573	257	438	7	134	305	298	119	70	
DHL	-35400	-35400	9	22	0	9	14	2	0	0	1	19497182	257	438	7	134	305	298	119	70	
DHL	-35600	-35600	9	20	0	9	13	2	0	0	1	19424457	257	438	7	134	305	298	119	70	
DHL	-35800	-35800	7	19	0	9	12	2	0	0	1	19353101	257	438	7	134	305	298	119	70	
DHL	-36000	-36000	6	18	0	9	11	2	0	0	1	19278707	257	438	7	134	305	298	119	70	
DHL	-36200	-36200	3	17	0	9	8	2	0	0	1	19206528	257	438	7	134	305	298	119	70	
DHL	-36400	-36400	1	17	0	9	7	2	0	0	1	19136460	257	438	7	134	305	298	119	70	
DHL	-36600	-36600	0	17	0	9	7	2	0	0	1	19067976	257	438	7	134	305	298	119	70	
DHL	-36800	-36800	0	15	0	9	6	2	0	0	1	18997621	257	438	7	134	305	298	119	70	
DHL	-37000	-37000	0	14	0	9	6	2	0	0	1	18926524	257	438	7	134	305	298	119	70	
DHL	-37200	-37200	0	14	0	9	6	2	0	0	1	18858380	257	438	7	134	305	298	119	70	
DHL	-37400	-37400	0	14	0	9	6	2	0	0	1	18792174	257	438	7	134	305	298	119	70	
DHL	-37600	-37600	0	14	0	9	6	2	0	0	1	18726315	257	438	7	134	305	298	119	70	
DHL	-37800	-37800	0	14	0	9	5	2	0	0	1	18660132	257	438	7	134	305	298	119	70	
DHL	-38000	-38000	0	14	0	9	5	2	0	0	1	18592251	257	438	7	134	305	298	119	70	
DHL	-38200	-38200	0	14	0	9	5	2	0	0	1	18529635	257	438	7	134	305	298	119	70	
DHL	-38400	-38400	0	14	0	9	5	2	0	0	1	18468394	257	438	7	134	305	298	119	70	
DHL	-38600	-38600	0	14	0	9	5	2	0	0	1	18407288	257	438	7	134	305	298	119	70	
DHL	-38800	-38800	0	14	0	9	5	2	0	0	1	18345201	257	438	7	134	305	298	119	70	
DHL	-39000	-39000	0	14	0	9	5	2	0	0	1	18280642	257	438	7	134	305	298	119	70	
DHL	-39200	-39200	0	14	0	9	5	2	0	0	1	18215484	257	438	7	134	305	298	119	70	
DHL	-39400	-39400	0	14	0	9	5	2	0	0	1	18149726	257	438	7	134	305	298	119	70	
DHL	-39600	-39600	0	14	0	9	5	2	0	0	1	18085313	257	438	7	134	305	298	119	70	
DHL	-39800	-39800	0	14	0	9	5	2	0	0	1	18021643	257	438	7	134	305	298	119	70	
DHL	-40000	-40000	0	14	0	9	5	2	0	0	1	17959420	257	438	7	134	305	298	119	70	
DHL	-40200	-40200	0	14	0	9	5	2	0	0	1	17896733	257	438	7	134	305	298	119	70	
DHL	-40400	-40400	0	14	0	9	5	2	0	0	1	17833853	257	438	7	134	305	298	119	70	
DHL	-40600	-40600	0	14	0	9	5	2	0	0	1	17771497	257	438	7	134	305	298	119	70	
DHL	-40800	-40800	0	14	0	9	5	2	0	0	1	17709836	257	438	7	134	305	298	119	70	
DHL	-41000	-41000	0	14	0	9	5	2	0	0	1	17649116	257	438	7	134	305	298	119	70	
DHL	-41200	-41200	0	14	0	9	4	2	0	0	1	17587690	257	438	7	134	305	298	119	70	
DHL	-41400	-41400	0	14	0	9	4	2	0	0	1	17528241	257	438	7	134	305	298	119	70	
DHL	-41600	-41600	0	14	0	9	4	2	0	0	1	17469029	257	438	7	134	305	298	119	70	
DHL	-41800	-41800	0	14	0	9	4	2	0	0	1	17410043	257	438	7	134	305	298	119	70	
DHL	-42000	-42000	0	14	0	9	3	2	0	0	1	17352445	257	438	7	134	305	298	119	70	
DHL	-42200	-42200	0	13	0	4	3	2	0	0	0	17296344	257	438	7	134	305	298	119	70	
DHL	-42400	-42400	0	13	0	4	3	2	0	0	0	17240604	257	438	7	134	305	298	119	70	
DHL	-42600	-42600	0	13	0	4	3	2	0	0	0	17185348	257	438	7	134	305	298	119	70	
DHL	-42800	-42800	0	9	0	2	3	2	0	0	0	17131307	257	438	7	134	305	298	119	70	
DHL	-43000	-43000	0	7	0	0	3	2	0	0	0	17076630	257	438	7	134	305	298	119	70	
DHL	-43200	-43200	0	5	0	0	3	1	0	0	0	17020474	257	438	7	134	305	298	119	70	
DHL	-43400	-43400	0	3	0	0	3	1	0	0	0	16964934	257	438	7	134	305	298	119	70	
DHL	-43600	-43600	0	1	0	0	3	1	0	0	0	16911768	257	438	7	134	305	298	119	70	
DHL	-43800	-43800	0	1	0	0	3	1	0	0	0	16856477	257	438	7	134	305	298	119	70	
DHL	-44000	-44000	0	1	0	0	3	1	0	0	0	16800696	257	438	7	134	305	298	119	70	
DHL	-44200	-44200	0	1	0	0	3	1	0	0	0	16744496	257	438	7	134	305	298	119	70	
DHL	-44400	-44400	0	1	0	0	3	1	0	0	0	16690021	257	438	7	134	305	298	119	70	
DHL	-44600	-44600	0	1	0	0	3	1	0	0	0	16634812	257	438	7	134	305	298	119	70	
DHL	-44800	-44800	0	1	0	0	3	1	0	0	0	16580034	257	438	7	134	305	298	119	70	
DHL	-45000	-45000	0	1	0	0	3	1	0	0	0	16526942	257	438	7	134	305	298	119	70	
DHL	-45200	-45200	0	1	0	0	3	1	0	0	0	16474929	257	438	7	134	305	298	119	70	
DHL	-45400	-45400	0	1	0	0	3	1	0	0	0	16424388	257	438	7	134	305	298	119	70	
DHL	-45600	-45600	0	1	0	0	3	1	0	0	0	16374662	257	438	7	134	305	298	119	70	
DHL	-45800	-45800	0	1	0	0	3	1	0	0	0	16327399	257	438	7	134	305	298	119	70	
DHL	-46000	-46000	0	1	0	0	3	1	0	0	0	16280150	257	438	7	134	305	298	119	70	
DHL	-46200	-46200	0	1	0	0	3	1	0	0	0	16233401	257	438	7	134	305	298	119	70	
DHL	-46400	-46400	0	1	0	0	3	1	0	0	0	16185796	257	438	7	134	305	298	119	70	
DHL	-46600	-46600	0	1	0	0	3	1	0	0	0	16139307	257	438	7	134	305	298	119	70	
DHL	-46800	-46800	0	1	0	0	3	1	0	0	0	16093155	257	438	7	134	305	298	119	70	
DHL	-47000	-47000	0	1	0	0	3	1	0	0	0	16045266	257	438	7	134	305	298	119	70	
DHL	-47200	-47200	0	1	0	0	3	1	0	0	0	15998980	257	438	7	134	305	298	119	70	
DHL	-47400	-47400	0	1	0	0	3	1	0	0	0	15952539	257	438	7	134	305	298	119	70	
DHL	-47600	-47600	0	1	0	0	3	1	0	0	0	15904493	257	438	7	134	305	298	119	70	
DHL	-47800	-47800	0	1	0	0	3	1	0	0	0	15858479	257	438	7	134	305	298	119	70	
DHL	-48000	-48000	0	1	0	0	3	1	0	0	0	15812170	257	438	7	134	305	298	119	70	
DHL	-48200	-48200	0	1	0	0	3	1	0	0	0	15765855	257	438	7	134	305	298	119	70	
DHL	-48400	-48400	0	1	0	0	3	1	0	0	0	15718399	257	438	7	134	305	298	119	70	
DHL	-48600	-48600	0	1	0	0	3	1	0	0	0	15673267	257	438	7	134	305	298	119	70	
DHL	-48800	-48800	0	1	0	0	3	1	0	0	0	15628793	257	438	7	134	305	298	119	70	
DHL	-49000	-49000	0	1	0	0	3	1	0	0	0	15585221	257	438	7	134	305	298	119	70	
DHL	-49200	-49200	0	1	0	0	3	1	0	0	0	15543100	257	438	7	134	305	298	119	70	
DHL	-49400	-49400	0	1	0	0	3	1	0	0	0	15501257	257	438	7	134	305	298	119	70	
DHL	-49600	-49600	0	1	0	0	3	1	0	0	0	15461066	257	438	7	134	305	298	119	70	
DHL	-49800	-49800	0	1	0	0	3	1	0	0	0	15420955	257	438	7	134	305	298	119	70	
DHL	-50000	-50000	0	1	0	0	3	1	0	0	0	15379891	257	438	7	134	305	298	119	70	
DHL	-50200	-50200	0	1	0	0	3	1	0	0	0	15338382	257	438	7	134	305	298	119	70	
DHL	-50400	-50400	0	1	0	0	3	1	0	0	0	15297774	257	438	7	134	305	298	119	70	
DHL	-50600	-50600	0	1	0	0	3	1	0	0	0	15258507	257	438	7	134	305	298	119	70	
DHL	-50800	-50800	0	1	0	0	3	1	0	0	0	15220179	257	438	7	134	305	298	119	70	
DHL	-51000	-51000	0	1	0	0	3	1	0	0	0	15180817	257	438	7	134	305	298	119	70	
DHL	-51200	-51200	0	1	0	0	3	1	0	0	0	15140568	257	438	7	134	305	298	119	70	
DHL	-51400	-51400	0	1	0	0	3	1	0	0	0	15101101	257	438	7	134	305	298	119	70	
DHL	-51600	-51600	0	1	0	0	3	1	0	0	0	15061720	257	438	7	134	305	298	119	70	
DHL	-51800	-51800	0	1	0	0	3	1	0	0	0	15021423	257	438	7	134	305	298	119	70	
DHL	-52000	-52000	0	1	0	0	3	1	0	0	0	14981189	257	438	7	134	305	298	119	70	
DHL	-52200	-52200	0	1	0	0	3	1	0	0	0	14941316	257	438	7	134	305	298	119	70	
DHL	-52400	-52400	0	1	0	0	3	1	0	0	0	14901453	257	438	7	134	305	298	119	70	
DHL	-52600	-52600	0	1	0	0	3	1	0	0	0	14861619	257	438	7	134	305	298	119	70	
DHL	-52800	-52800	0	1	0	0	3	1	0	0	0	14822262	257	438	7	134	305	298	119	70	
DHL	-53000	-53000	0	1	0	0	3	1	0	0	0	14784822	257	438	7	134	305	298	119	70	
DHL	-53200	-53200	0	1	0	0	3	1	0	0	0	14746475	257	438	7	134	305	298	119	70	
DHL	-53400	-53400	0	1	0	0	3	1	0	0	0	14708477	257	438	7	134	305	298	119	70	
DHL	-53600	-53600	0	1	0	0	3	1	0	0	0	14670583	257	438	7	134	305	298	119	70	
DHL	-53800	-53800	0	1	0	0	3	1	0	0	0	14633023	257	438	7	134	305	298	119	70	
DHL	-54000	-54000	0	1	0	0	3	1	0	0	0	14594265	257	438	7	134	305	298	119	70	
DHL	-54200	-54200	0	1	0	0	3	1	0	0	0	14556444	257	438	7	134	305	298	119	70	
DHL	-54400	-54400	0	1	0	0	3	1	0	0	0	14520165	257	438	7	134	305	298	119	70	
DHL	-54600	-54600	0	1	0	0	3	1	0	0	0	14483074	257	438	7	134	305	298	119	70	
DHL	-54800	-54800	0	1	0	0	3	1	0	0	0	14446798	257	438	7	134	305	298	119	70	
DHL	-55000	-55000	0	1	0	0	3	1	0	0	0	14410013	257	438	7	134	305	298	119	70	
DHL	-55200	-55200	0	1	0	0	2	1	0	0	0	14372049	257	438	7	134	305	298	119	70	
DHL	-55400	-55400	0	1	0	0	2	1	0	0	0	14332723	257	438	7	134	305	298	119	70	
DHL	-55600	-55600	0	1	0	0	2	1	0	0	0	14294548	257	438	7	134	305	298	119	70	
DHL	-55800	-55800	0	1	0	0	2	1	0	0	0	14255985	257	438	7	134	305	298	119	70	
DHL	-56000	-56000	0	1	0	0	2	1	0	0	0	14218448	257	438	7	134	305	298	119	70	
DHL	-56200	-56200	0	1	0	0	1	0	0	0	0	14182072	257	438	7	134	305	298	119	70	
DHL	-56400	-56400	0	1	0	0	1	0	0	0	0	14145341	257	438	7	134	305	298	119	70	
DHL	-56600	-56600	0	1	0	0	1	0	0	0	0	14106731	257	438	7	134	305	298	119	70	
DHL	-56800	-56800	0	1	0	0	1	0	0	0	0	14067548	257	438	7	134	305	298	119	70	
DHL	-57000	-57000	0	1	0	0	1	0	0	0	0	14028308	257	438	7	134	305	298	119	70	
DHL	-57200	-57200	0	0	0	0	0	0	0	0	0	13990145	257	438	7	134	305	298	119	70	
DHL	-57400	-57400	0	0	0	0	0	0	0	0	0	13953030	257	438	7	134	305	298	119	70	
DHL	-57600	-57600	0	0	0	0	0	0	0	0	0	13915330	257	438	7	134	305	298	119	70	
DHL	-57800	-57800	0	0	0	0	0	0	0	0	0	13877610	257	438	7	134	305	298	119	70	
DHL	-58000	-58000	0	0	0	0	0	0	0	0	0	13839556	257	438	7	134	305	298	119	70	
DHL	-58200	-58200	0	0	0	0	0	0	0	0	0	13802147	257	438	7	134	305	298	119	70	
DHL	-58400	-58400	0	0	0	0	0	0	0	0	0	13764385	257	438	7	134	305	298	119	70	
DHL	-58600	-58600	0	0	0	0	0	0	0	0	0	13725642	257	438	7	134	305	298	119	70	
DHL	-58800	-58800	0	0	0	0	0	0	0	0	0	13686950	257	438	7	134	305	298	119	70	
DHL	-59000	-59000	0	0	0	0	0	0	0	0	0	13648539	257	438	7	134	305	298	119	70	
DHL	-59200	-59200	0	0	0	0	0	0	0	0	0	13610202	257	438	7	134	305	298	119	70	
DHL	-59400	-59400	0	0	0	0	0	0	0	0	0	13571820	257	438	7	134	305	298	119	70	
DHL	-59600	-59600	0	0	0	0	0	0	0	0	0	13536008	257	438	7	134	305	298	119	70	
DHL	-59800	-59800	0	0	0	0	0	0	0	0	0	13500964	257	438	7	134	305	298	119	70	
DHL	-60000	-60000	0	0	0	0	0	0	0	0	0	13465880	257	438	7	134	305	298	119	70	
DHL	-60200	-60200	0	0	0	0	0	0	0	0	0	13431792	257	438	7	134	305	298	119	70	
DHL	-60400	-60400	0	0	0	0	0	0	0	0	0	13397683	257	438	7	134	305	298	119	70	
DHL	-60600	-60600	0	0	0	0	0	0	0	0	0	13364659	257	438	7	134	305	298	119	70	
DHL	-60800	-60800	0	0	0	0	0	0	0	0	0	13332929	257	438	7	134	305	298	119	70	
DHL	-61000	-61000	0	0	0	0	0	0	0	0	0	13301306	257	438	7	134	305	298	119	70	
DHL	-61200	-61200	0	0	0	0	0	0	0	0	0	13271131	257	438	7	134	305	298	119	70	
DHL	-61400	-61400	0	0	0	0	0	0	0	0	0	13240979	257	438	7	134	305	298	119	70	
DHL	-61600	-61600	0	0	0	0	0	0	0	0	0	13210260	257	438	7	134	305	298	119	70	
DHL	-61800	-61800	0	0	0	0	0	0	0	0	0	13179942	257	438	7	134	305	298	119	70	
DHL	-62000	-62000	0	0	0	0	0	0	0	0	0	13149769	257	438	7	134	305	298	119	70	
DHL	-62200	-62200	0	0	0	0	0	0	0	0	0	13118482	257	438	7	134	305	298	119	70	
DHL	-62400	-62400	0	0	0	0	0	0	0	0	0	13088168	257	438	7	134	305	298	119	70	
DHL	-62600	-62600	0	0	0	0	0	0	0	0	0	13057351	257	438	7	134	305	298	119	70	
DHL	-62800	-62800	0	0	0	0	0	0	0	0	0	13025826	257	438	7	134	305	298	119	70	
DHL	-63000	-63000	0	0	0	0	0	0	0	0	0	12994611	257	438	7	134	305	298	119	70	
DHL	-63200	-63200	0	0	0	0	0	0	0	0	0	12963959	257	438	7	134	305	298	119	70	
DHL	-63400	-63400	0	0	0	0	0	0	0	0	0	12934561	257	438	7	134	305	298	119	70	
DHL	-63600	-63600	0	0	0	0	0	0	0	0	0	12905437	257	438	7	134	305	298	119	70	
DHL	-63800	-63800	0	0	0	0	0	0	0	0	0	12877502	257	438	7	134	305	298	119	70	
DHL	-64000	-64000	0	0	0	0	0	0	0	0	0	12849915	257	438	7	134	305	298	119	70	
DHL	-64200	-64200	0	0	0	0	0	0	0	0	0	12821953	257	438	7	134	305	298	119	70	
DHL	-64400	-64400	0	0	0	0	0	0	0	0	0	12792049	257	438	7	134	305	298	119	70	
DHL	-64600	-64600	0	0	0	0	0	0	0	0	0	12763372	257	438	7	134	305	298	119	70	
DHL	-64800	-64800	0	0	0	0	0	0	0	0	0	12735685	257	438	7	134	305	298	119	70	
DHL	-65000	-65000	0	0	0	0	0	0	0	0	0	12709115	257	438	7	134	305	298	119	70	
DHL	-65200	-65200	0	0	0	0	0	0	0	0	0	12682874	257	438	7	134	305	298	119	70	
DHL	-65400	-65400	0	0	0	0	0	0	0	0	0	12656580	257	438	7	134	305	298	119	70	
DHL	-65600	-65600	0	0	0	0	0	0	0	0	0	12630260	257	438	7	134	305	298	119	70	
DHL	-65800	-65800	0	0	0	0	0	0	0	0	0	12603554	257	438	7	134	305	298	119	70	
DHL	-66000	-66000	0	0	0	0	0	0	0	0	0	12576273	257	438	7	134	305	298	119	70	
DHL	-66200	-66200	0	0	0	0	0	0	0	0	0	12550311	257	438	7	134	305	298	119	70	
DHL	-66400	-66400	0	0	0	0	0	0	0	0	0	12523976	257	438	7	134	305	298	119	70	
DHL	-66600	-66600	0	0	0	0	0	0	0	0	0	12497739	257	438	7	134	305	298	119	70	
DHL	-66800	-66800	0	0	0	0	0	0	0	0	0	12471338	257	438	7	134	305	298	119	70	
DHL	-67000	-67000	0	0	0	0	0	0	0	0	0	12444255	257	438	7	134	305	298	119	70	
DHL	-67200	-67200	0	0	0	0	0	0	0	0	0	12419111	257	438	7	134	305	298	119	70	
DHL	-67400	-67400	0	0	0	0	0	0	0	0	0	12395117	257	438	7	134	305	298	119	70	
DHL	-67600	-67600	0	0	0	0	0	0	0	0	0	12372043	257	438	7	134	305	298	119	70	
DHL	-67800	-67800	0	0	0	0	0	0	0	0	0	12348037	257	438	7	134	305	298	119	70	
DHL	-68000	-68000	0	0	0	0	0	0	0	0	0	12324059	257	438	7	134	305	298	119	70	
DHL	-68200	-68200	0	0	0	0	0	0	0	0	0	12300447	257	438	7	134	305	298	119	70	
DHL	-68400	-68400	0	0	0	0	0	0	0	0	0	12277483	257	438	7	134	305	298	119	70	
DHL	-68600	-68600	0	0	0	0	0	0	0	0	0	12254312	257	438	7	134	305	298	119	70	
DHL	-68800	-68800	0	0	0	0	0	0	0	0	0	12230178	257	438	7	134	305	298	119	70	
DHL	-69000	-69000	0	0	0	0	0	0	0	0	0	12205609	257	438	7	134	305	298	119	70	
DHL	-69200	-69200	0	0	0	0	0	0	0	0	0	12181940	257	438	7	134	305	298	119	70	
DHL	-69400	-69400	0	0	0	0	0	0	0	0	0	12158552	257	438	7	134	305	298	119	70	
DHL	-69600	-69600	0	0	0	0	0	0	0	0	0	12136896	257	438	7	134	305	298	119	70	
DHL	-69800	-69800	0	0	0	0	0	0	0	0	0	12115545	257	438	7	134	305	298	119	70	
DHL	-70000	-70000	0	0	0	0	0	0	0	0	0	12094638	257	438	7	134	305	298	119	70	
DHL	-70200	-70200	0	0	0	0	0	0	0	0	0	12075094	257	438	7	134	305	298	119	70	
DHL	-70400	-70400	0	0	0	0	0	0	0	0	0	12055049	257	438	7	134	305	298	119	70	
DHL	-70600	-70600	0	0	0	0	0	0	0	0	0	12033862	257	438	7	134	305	298	119	70	
DHL	-70800	-70800	0	0	0	0	0	0	0	0	0	12013163	257	438	7	134	305	298	119	70	
DHL	-71000	-71000	0	0	0	0	0	0	0	0	0	11991244	257	438	7	134	305	298	119	70	
DHL	-71200	-71200	0	0	0	0	0	0	0	0	0	11968119	257	438	7	134	305	298	119	70	
DHL	-71400	-71400	0	0	0	0	0	0	0	0	0	11943661	257	438	7	134	305	298	119	70	
DHL	-71600	-71600	0	0	0	0	0	0	0	0	0	11919549	257	438	7	134	305	298	119	70	
DHL	-71800	-71800	0	0	0	0	0	0	0	0	0	11895427	257	438	7	134	305	298	119	70	
DHL	-72000	-72000	0	0	0	0	0	0	0	0	0	11870556	257	438	7	134	305	298	119	70	
DHL	-72200	-72200	0	0	0	0	0	0	0	0	0	11847371	257	438	7	134	305	298	119	70	
DHL	-72400	-72400	0	0	0	0	0	0	0	0	0	11826060	257	438	7	134	305	298	119	70	
DHL	-72600	-72600	0	0	0	0	0	0	0	0	0	11805204	257	438	7	134	305	298	119	70	
DHL	-72800	-72800	0	0	0	0	0	0	0	0	0	11783619	257	438	7	134	305	298	119	70	
DHL	-73000	-73000	0	0	0	0	0	0	0	0	0	11761058	257	438	7	134	305	298	119	70	
DHL	-73200	-73200	0	0	0	0	0	0	0	0	0	11738438	257	438	7	134	305	298	119	70	
DHL	-73400	-73400	0	0	0	0	0	0	0	0	0	11716042	257	438	7	134	305	298	119	70	
DHL	-73600	-73600	0	0	0	0	0	0	0	0	0	11693577	257	438	7	134	305	298	119	70	
DHL	-73800	-73800	0	0	0	0	0	0	0	0	0	11670986	257	438	7	134	305	298	119	70	
DHL	-74000	-74000	0	0	0	0	0	0	0	0	0	11647905	257	438	7	134	305	298	119	70	
DHL	-74200	-74200	0	0	0	0	0	0	0	0	0	11625026	257	438	7	134	305	298	119	70	
DHL	-74400	-74400	0	0	0	0	0	0	0	0	0	11603433	257	438	7	134	305	298	119	70	
DHL	-74600	-74600	0	0	0	0	0	0	0	0	0	11581811	257	438	7	134	305	298	119	70	
DHL	-74800	-74800	0	0	0	0	0	0	0	0	0	11558946	257	438	7	134	305	298	119	70	
DHL	-75000	-75000	0	0	0	0	0	0	0	0	0	11534864	257	438	7	134	305	298	119	70	
DHL	-75200	-75200	0	0	0	0	0	0	0	0	0	11510627	257	438	7	134	305	298	119	70	
DHL	-75400	-75400	0	0	0	0	0	0	0	0	0	11487372	257	438	7	134	305	298	119	70	
DHL	-75600	-75600	0	0	0	0	0	0	0	0	0	11464916	257	438	7	134	305	298	119	70	
DHL	-75800	-75800	0	0	0	0	0	0	0	0	0	11442229	257	438	7	134	305	298	119	70	
DHL	-76000	-76000	0	0	0	0	0	0	0	0	0	11419301	257	438	7	134	305	298	119	70	
DHL	-76200	-76200	0	0	0	0	0	0	0	0	0	11395923	257	438	7	134	305	298	119	70	
DHL	-76400	-76400	0	0	0	0	0	0	0	0	0	11373236	257	438	7	134	305	298	119	70	
DHL	-76600	-76600	0	0	0	0	0	0	0	0	0	11350968	257	438	7	134	305	298	119	70	
DHL	-76800	-76800	0	0	0	0	0	0	0	0	0	11329048	257	438	7	134	305	298	119	70	
DHL	-77000	-77000	0	0	0	0	0	0	0	0	0	11308401	257	438	7	134	305	298	119	70	
DHL	-77200	-77200	0	0	0	0	0	0	0	0	0	11286061	257	438	7	134	305	298	119	70	
DHL	-77400	-77400	0	0	0	0	0	0	0	0	0	11262821	257	438	7	134	305	298	119	70	
DHL	-77600	-77600	0	0	0	0	0	0	0	0	0	11240134	257	438	7	134	305	298	119	70	
DHL	-77800	-77800	0	0	0	0	0	0	0	0	0	11218850	257	438	7	134	305	298	119	70	
DHL	-78000	-78000	0	0	0	0	0	0	0	0	0	11198740	257	438	7	134	305	298	119	70	
DHL	-78200	-78200	0	0	0	0	0	0	0	0	0	11178043	257	438	7	134	305	298	119	70	
DHL	-78400	-78400	0	0	0	0	0	0	0	0	0	11156862	257	438	7	134	305	298	119	70	
DHL	-78600	-78600	0	0	0	0	0	0	0	0	0	11136003	257	438	7	134	305	298	119	70	
DHL	-78800	-78800	0	0	0	0	0	0	0	0	0	11115768	257	438	7	134	305	298	119	70	
DHL	-79000	-79000	0	0	0	0	0	0	0	0	0	11095932	257	438	7	134	305	298	119	70	
DHL	-79200	-79200	0	0	0	0	0	0	0	0	0	11077973	257	438	7	134	305	298	119	70	
DHL	-79400	-79400	0	0	0	0	0	0	0	0	0	11058064	257	438	7	134	305	298	119	70	
DHL	-79600	-79600	0	0	0	0	0	0	0	0	0	11038001	257	438	7	134	305	298	119	70	
DHL	-79800	-79800	0	0	0	0	0	0	0	0	0	11017961	257	438	7	134	305	298	119	70	
DHL	-80000	-80000	0	0	0	0	0	0	0	0	0	10997162	257	438	7	134	305	298	119	70	
DHL	-80200	-80200	0	0	0	0	0	0	0	0	0	10975155	257	438	7	134	305	298	119	70	
DHL	-80400	-80400	0	0	0	0	0	0	0	0	0	10953359	257	438	7	134	305	298	119	70	
DHL	-80600	-80600	0	0	0	0	0	0	0	0	0	10931826	257	438	7	134	305	298	119	70	
DHL	-80800	-80800	0	0	0	0	0	0	0	0	0	10910031	257	438	7	134	305	298	119	70	
DHL	-81000	-81000	0	0	0	0	0	0	0	0	0	10888031	257	438	7	134	305	298	119	70	
DHL	-81200	-81200	0	0	0	0	0	0	0	0	0	10866635	257	438	7	134	305	298	119	70	
DHL	-81400	-81400	0	0	0	0	0	0	0	0	0	10843947	257	438	7	134	305	298	119	70	
DHL	-81600	-81600	0	0	0	0	0	0	0	0	0	10821474	257	438	7	134	305	298	119	70	
DHL	-81800	-81800	0	0	0	0	0	0	0	0	0	10799150	257	438	7	134	305	298	119	70	
DHL	-82000	-82000	0	0	0	0	0	0	0	0	0	10776753	257	438	7	134	305	298	119	70	
DHL	-82200	-82200	0	0	0	0	0	0	0	0	0	10754507	257	438	7	134	305	298	119	70	
DHL	-82400	-82400	0	0	0	0	0	0	0	0	0	10732918	257	438	7	134	305	298	119	70	
DHL	-82600	-82600	0	0	0	0	0	0	0	0	0	10712291	257	438	7	134	305	298	119	70	
DHL	-82800	-82800	0	0	0	0	0	0	0	0	0	10691653	257	438	7	134	305	298	119	70	
DHL	-83000	-83000	0	0	0	0	0	0	0	0	0	10672108	257	438	7	134	305	298	119	70	
DHL	-83200	-83200	0	0	0	0	0	0	0	0	0	10653237	257	438	7	134	305	298	119	70	
DHL	-83400	-83400	0	0	0	0	0	0	0	0	0	10635057	257	438	7	134	305	298	119	70	
DHL	-83600	-83600	0	0	0	0	0	0	0	0	0	10617272	257	438	7	134	305	298	119	70	
DHL	-83800	-83800	0	0	0	0	0	0	0	0	0	10600604	257	438	7	134	305	298	119	70	
DHL	-84000	-84000	0	0	0	0	0	0	0	0	0	10581993	257	438	7	134	305	298	119	70	
DHL	-84200	-84200	0	0	0	0	0	0	0	0	0	10564476	257	438	7	134	305	298	119	70	
DHL	-84400	-84400	0	0	0	0	0	0	0	0	0	10547187	257	438	7	134	305	298	119	70	
DHL	-84600	-84600	0	0	0	0	0	0	0	0	0	10530327	257	438	7	134	305	298	119	70	
DHL	-84800	-84800	0	0	0	0	0	0	0	0	0	10512922	257	438	7	134	305	298	119	70	
DHL	-85000	-85000	0	0	0	0	0	0	0	0	0	10494050	257	438	7	134	305	298	119	70	
DHL	-85200	-85200	0	0	0	0	0	0	0	0	0	10474301	257	438	7	134	305	298	119	70	
DHL	-85400	-85400	0	0	0	0	0	0	0	0	0	10454561	257	438	7	134	305	298	119	70	
DHL	-85600	-85600	0	0	0	0	0	0	0	0	0	10435348	257	438	7	134	305	298	119	70	
DHL	-85800	-85800	0	0	0	0	0	0	0	0	0	10415558	257	438	7	134	305	298	119	70	
DHL	-86000	-86000	0	0	0	0	0	0	0	0	0	10395271	257	438	7	134	305	298	119	70	
DHL	-86200	-86200	0	0	0	0	0	0	0	0	0	10374592	257	438	7	134	305	298	119	70	
DHL	-86400	-86400	0	0	0	0	0	0	0	0	0	10354711	257	438	7	134	305	298	119	70	
DHL	-86600	-86600	0	0	0	0	0	0	0	0	0	10335773	257	438	7	134	305	298	119	70	
DHL	-86800	-86800	0	0	0	0	0	0	0	0	0	10317621	257	438	7	134	305	298	119	70	
DHL	-87000	-87000	0	0	0	0	0	0	0	0	0	10299382	257	438	7	134	305	298	119	70	
DHL	-87200	-87200	0	0	0	0	0	0	0	0	0	10281175	257	438	7	134	305	298	119	70	
DHL	-87400	-87400	0	0	0	0	0	0	0	0	0	10262075	257	438	7	134	305	298	119	70	
DHL	-87600	-87600	0	0	0	0	0	0	0	0	0	10243243	257	438	7	134	305	298	119	70	
DHL	-87800	-87800	0	0	0	0	0	0	0	0	0	10225045	257	438	7	134	305	298	119	70	
DHL	-88000	-88000	0	0	0	0	0	0	0	0	0	10207623	257	438	7	134	305	298	119	70	
DHL	-88200	-88200	0	0	0	0	0	0	0	0	0	10190391	257	438	7	134	305	298	119	70	
DHL	-88400	-88400	0	0	0	0	0	0	0	0	0	10173124	257	438	7	134	305	298	119	70	
DHL	-88600	-88600	0	0	0	0	0	0	0	0	0	10156036	257	438	7	134	305	298	119	70	
DHL	-88800	-88800	0	0	0	0	0	0	0	0	0	10138959	257	438	7	134	305	298	119	70	
DHL	-89000	-89000	0	0	0	0	0	0	0	0	0	10121947	257	438	7	134	305	298	119	70	
DHL	-89200	-89200	0	0	0	0	0	0	0	0	0	10105423	257	438	7	134	305	298	119	70	
DHL	-89400	-89400	0	0	0	0	0	0	0	0	0	10088560	257	438	7	134	305	298	119	70	
DHL	-89600	-89600	0	0	0	0	0	0	0	0	0	10070893	257	438	7	134	305	298	119	70	
DHL	-89800	-89800	0	0	0	0	0	0	0	0	0	10054292	257	438	7	134	305	298	119	70	
DHL	-90000	-90000	0	0	0	0	0	0	0	0	0	10037570	257	438	7	134	305	298	119	70	
DHL	-90200	-90200	0	0	0	0	0	0	0	0	0	10019491	257	438	7	134	305	298	119	70	
DHL	-90400	-90400	0	0	0	0	0	0	0	0	0	10001774	257	438	7	134	305	298	119	70	
DHL	-90600	-90600	0	0	0	0	0	0	0	0	0	9985366	257	438	7	134	305	298	119	70	
DHL	-90800	-90800	0	0	0	0	0	0	0	0	0	9968247	257	438	7	134	305	298	119	70	
DHL	-91000	-91000	0	0	0	0	0	0	0	0	0	9951429	257	438	7	134	305	298	119	70	
DHL	-91200	-91200	0	0	0	0	0	0	0	0	0	9935644	257	438	7	134	305	298	119	70	
DHL	-91400	-91400	0	0	0	0	0	0	0	0	0	9919885	257	438	7	134	305	298	119	70	
DHL	-91600	-91600	0	0	0	0	0	0	0	0	0	9904040	257	438	7	134	305	298	119	70	
DHL	-91800	-91800	0	0	0	0	0	0	0	0	0	9889155	257	438	7	134	305	298	119	70	
DHL	-92000	-92000	0	0	0	0	0	0	0	0	0	9873399	257	438	7	134	305	298	119	70	
DHL	-92200	-92200	0	0	0	0	0	0	0	0	0	9857631	257	438	7	134	305	298	119	70	
DHL	-92400	-92400	0	0	0	0	0	0	0	0	0	9841887	257	438	7	134	305	298	119	70	
DHL	-92600	-92600	0	0	0	0	0	0	0	0	0	9826129	257	438	7	134	305	298	119	70	
DHL	-92800	-92800	0	0	0	0	0	0	0	0	0	9810087	257	438	7	134	305	298	119	70	
DHL	-93000	-93000	0	0	0	0	0	0	0	0	0	9793388	257	438	7	134	305	298	119	70	
DHL	-93200	-93200	0	0	0	0	0	0	0	0	0	9777880	257	438	7	134	305	298	119	70	
DHL	-93400	-93400	0	0	0	0	0	0	0	0	0	9763134	257	438	7	134	305	298	119	70	
DHL	-93600	-93600	0	0	0	0	0	0	0	0	0	9749165	257	438	7	134	305	298	119	70	
DHL	-93800	-93800	0	0	0	0	0	0	0	0	0	9735189	257	438	7	134	305	298	119	70	
DHL	-94000	-94000	0	0	0	0	0	0	0	0	0	9722343	257	438	7	134	305	298	119	70	
DHL	-94200	-94200	0	0	0	0	0	0	0	0	0	9709712	257	438	7	134	305	298	119	70	
DHL	-94400	-94400	0	0	0	0	0	0	0	0	0	9696455	257	438	7	134	305	298	119	70	
DHL	-94600	-94600	0	0	0	0	0	0	0	0	0	9682474	257	438	7	134	305	298	119	70	
DHL	-94800	-94800	0	0	0	0	0	0	0	0	0	9668506	257	438	7	134	305	298	119	70	
DHL	-95000	-95000	0	0	0	0	0	0	0	0	0	9653555	257	438	7	134	305	298	119	70	
DHL	-95200	-95200	0	0	0	0	0	0	0	0	0	9639070	257	438	7	134	305	298	119	70	
DHL	-95400	-95400	0	0	0	0	0	0	0	0	0	9624741	257	438	7	134	305	298	119	70	
DHL	-95600	-95600	0	0	0	0	0	0	0	0	0	9611692	257	438	7	134	305	298	119	70	
DHL	-95800	-95800	0	0	0	0	0	0	0	0	0	9599419	257	438	7	134	305	298	119	70	
DHL	-96000	-96000	0	0	0	0	0	0	0	0	0	9587640	257	438	7	134	305	298	119	70	
DHL	-96200	-96200	0	0	0	0	0	0	0	0	0	9575516	257	438	7	134	305	298	119	70	
DHL	-96400	-96400	0	0	0	0	0	0	0	0	0	9562483	257	438	7	134	305	298	119	70	
DHL	-96600	-96600	0	0	0	0	0	0	0	0	0	9548792	257	438	7	134	305	298	119	70	
DHL	-96800	-96800	0	0	0	0	0	0	0	0	0	9534872	257	438	7	134	305	298	119	70	
DHL	-97000	-97000	0	0	0	0	0	0	0	0	0	9521431	257	438	7	134	305	298	119	70	
DHL	-97200	-97200	0	0	0	0	0	0	0	0	0	9507517	257	438	7	134	305	298	119	70	
DHL	-97400	-97400	0	0	0	0	0	0	0	0	0	9493739	257	438	7	134	305	298	119	70	
DHL	-97600	-97600	0	0	0	0	0	0	0	0	0	9479771	257	438	7	134	305	298	119	70	
DHL	-97800	-97800	0	0	0	0	0	0	0	0	0	9465901	257	438	7	134	305	298	119	70	
DHL	-98000	-98000	0	0	0	0	0	0	0	0	0	9452196	257	438	7	134	305	298	119	70	
DHL	-98200	-98200	0	0	0	0	0	0	0	0	0	9439285	257	438	7	134	305	298	119	70	
DHL	-98400	-98400	0	0	0	0	0	0	0	0	0	9425872	257	438	7	134	305	298	119	70	
DHL	-98600	-98600	0	0	0	0	0	0	0	0	0	9411912	257	438	7	134	305	298	119	70	
DHL	-98800	-98800	0	0	0	0	0	0	0	0	0	9398586	257	438	7	134	305	298	119	70	
DHL	-99000	-99000	0	0	0	0	0	0	0	0	0	9386174	257	438	7	134	305	298	119	70	
DHL	-99200	-99200	0	0	0	0	0	0	0	0	0	9372910	257	438	7	134	305	298	119	70	
DHL	-99400	-99400	0	0	0	0	0	0	0	0	0	9358701	257	438	7	134	305	298	119	70	
DHL	-99600	-99600	0	0	0	0	0	0	0	0	0	9343950	257	438	7	134	305	298	119	70	
DHL	-99800	-99800	0	0	0	0	0	0	0	0	0	9329244	257	438	7	134	305	298	119	70	
DHL	-100000	-100000	0	0	0	0	0	0	0	0	0	9314104	257	438	7	134	305	298	119	70	
