DHL	0	0	228	425	6	134	242	266	92	0	58	85018670	257	438	7	134	305	298	119	70	
DHL	200	200	224	423	6	133	242	269	91	0	58	84534641	257	438	7	134	305	298	119	70	
DHL	400	400	228	413	5	133	240	275	90	0	59	83165476	257	438	7	134	305	298	119	70	
DHL	600	600	229	406	5	131	232	279	89	0	59	81517091	257	438	7	134	305	298	119	70	
DHL	800	800	226	398	5	123	224	276	87	0	58	79819937	257	438	7	134	305	298	119	70	
DHL	1000	1000	218	391	4	117	222	275	84	0	54	78152565	257	438	7	134	305	298	119	70	
DHL	1200	1200	216	380	4	114	217	275	82	0	54	76527020	257	438	7	134	305	298	119	70	
DHL	1400	1400	212	373	4	112	213	265	79	0	53	74956339	257	438	7	134	305	298	119	70	
DHL	1600	1600	205	362	4	106	208	261	78	0	48	73451102	257	438	7	134	305	298	119	70	
DHL	1800	1800	206	354	4	104	203	261	78	0	47	72013952	257	438	7	134	305	298	119	70	
DHL	2000	2000	204	346	4	101	200	251	73	0	47	70632913	257	438	7	134	305	298	119	70	
DHL	2200	2200	204	337	4	96	193	248	73	0	43	69311967	257	438	7	134	305	298	119	70	
DHL	2400	2400	202	319	4	92	188	242	73	0	41	68041184	257	438	7	134	305	298	119	70	
DHL	2600	2600	201	305	4	92	187	238	73	0	42	66820823	257	438	7	134	305	298	119	70	
DHL	2800	2800	197	290	4	92	178	236	73	0	39	65640828	257	438	7	134	305	298	119	70	
DHL	3000	3000	193	278	4	92	171	230	73	0	37	64496325	257	438	7	134	305	298	119	70	
DHL	3200	3200	192	272	4	91	166	222	72	0	37	63392442	257	438	7	134	305	298	119	70	
DHL	3400	3400	186	265	4	88	161	216	72	0	37	62324386	257	438	7	134	305	298	119	70	
DHL	3600	3600	184	249	4	85	157	212	71	0	35	61291058	257	438	7	134	305	298	119	70	
DHL	3800	3800	179	241	4	85	149	207	71	0	34	60296709	257	438	7	134	305	298	119	70	
DHL	4000	4000	172	234	4	85	142	203	68	0	34	59345057	257	438	7	134	305	298	119	70	
DHL	4200	4200	164	224	4	84	136	201	63	0	34	58426689	257	438	7	134	305	298	119	70	
DHL	4400	4400	158	221	4	84	133	200	62	0	34	57537827	257	438	7	134	305	298	119	70	
DHL	4600	4600	152	220	4	81	127	198	62	0	33	56684533	257	438	7	134	305	298	119	70	
DHL	4800	4800	148	218	4	81	123	194	62	0	31	55860109	257	438	7	134	305	298	119	70	
DHL	5000	5000	148	214	4	81	120	194	59	0	31	55058983	257	438	7	134	305	298	119	70	
DHL	5200	5200	148	213	4	80	119	191	59	0	31	54273769	257	438	7	134	305	298	119	70	
DHL	5400	5400	148	210	4	80	115	191	59	0	31	53507798	257	438	7	134	305	298	119	70	
DHL	5600	5600	147	205	4	80	112	191	59	0	31	52760916	257	438	7	134	305	298	119	70	
DHL	5800	5800	145	202	4	80	112	187	59	0	31	52036368	257	438	7	134	305	298	119	70	
DHL	6000	6000	142	197	4	79	111	181	58	0	31	51325878	257	438	7	134	305	298	119	70	
DHL	6200	6200	142	194	4	76	108	179	58	0	31	50636502	257	438	7	134	305	298	119	70	
DHL	6400	6400	138	189	4	74	103	173	58	0	31	49969925	257	438	7	134	305	298	119	70	
DHL	6600	6600	136	188	4	72	99	168	58	0	31	49322143	257	438	7	134	305	298	119	70	
DHL	6800	6800	134	184	4	68	98	163	51	0	31	48696502	257	438	7	134	305	298	119	70	
DHL	7000	7000	130	179	4	64	98	158	51	0	31	48089776	257	438	7	134	305	298	119	70	
DHL	7200	7200	129	177	4	64	99	155	50	0	31	47499174	257	438	7	134	305	298	119	70	
DHL	7400	7400	128	176	4	59	98	150	48	0	29	46928387	257	438	7	134	305	298	119	70	
DHL	7600	7600	126	173	4	57	95	147	46	0	29	46374125	257	438	7	134	305	298	119	70	
DHL	7800	7800	124	168	4	55	94	137	45	0	29	45836229	257	438	7	134	305	298	119	70	
DHL	8000	8000	118	164	4	55	92	130	43	0	29	45310289	257	438	7	134	305	298	119	70	
DHL	8200	8200	115	162	4	53	88	130	42	0	28	44798800	257	438	7	134	305	298	119	70	
DHL	8400	8400	112	157	4	53	87	128	42	0	26	44297486	257	438	7	134	305	298	119	70	
DHL	8600	8600	106	155	2	53	81	123	38	0	25	43806001	257	438	7	134	305	298	119	70	
DHL	8800	8800	102	153	2	52	77	117	38	0	23	43326540	257	438	7	134	305	298	119	70	
DHL	9000	9000	97	151	2	52	76	115	33	0	23	42855692	257	438	7	134	305	298	119	70	
DHL	9200	9200	97	144	0	52	76	111	30	0	23	42395064	257	438	7	134	305	298	119	70	
DHL	9400	9400	89	140	0	51	73	110	29	0	21	41945763	257	438	7	134	305	298	119	70	
DHL	9600	9600	87	133	0	51	70	110	27	0	19	41507280	257	438	7	134	305	298	119	70	
DHL	9800	9800	85	121	0	47	68	104	25	0	16	41079324	257	438	7	134	305	298	119	70	
DHL	10000	10000	77	117	0	47	67	98	26	0	14	40658079	257	438	7	134	305	298	119	70	
DHL	10200	10200	77	117	0	46	64	98	26	0	14	40252832	257	438	7	134	305	298	119	70	
DHL	10400	10400	76	117	0	46	63	96	26	0	14	39858586	257	438	7	134	305	298	119	70	
DHL	10600	10600	76	113	0	45	60	95	26	0	14	39472050	257	438	7	134	305	298	119	70	
DHL	10800	10800	74	113	0	44	56	95	26	0	14	39095665	257	438	7	134	305	298	119	70	
DHL	11000	11000	74	113	0	44	54	93	24	0	12	38725604	257	438	7	134	305	298	119	70	
DHL	11200	11200	69	113	0	42	53	87	17	0	11	38362340	257	438	7	134	305	298	119	70	
DHL	11400	11400	63	107	0	42	53	80	17	0	11	38013895	257	438	7	134	305	298	119	70	
DHL	11600	11600	62	103	0	37	46	79	17	0	11	37676495	257	438	7	134	305	298	119	70	
DHL	11800	11800	59	99	0	36	41	77	17	0	11	37345972	257	438	7	134	305	298	119	70	
DHL	12000	12000	59	97	0	36	41	76	17	0	11	37019020	257	438	7	134	305	298	119	70	
DHL	12200	12200	58	97	0	36	41	76	17	0	11	36694460	257	438	7	134	305	298	119	70	
DHL	12400	12400	54	95	0	35	41	76	17	0	11	36376539	257	438	7	134	305	298	119	70	
DHL	12600	12600	52	95	0	34	41	73	17	0	11	36065191	257	438	7	134	305	298	119	70	
DHL	12800	12800	48	94	0	34	38	72	17	0	11	35759963	257	438	7	134	305	298	119	70	
DHL	13000	13000	45	93	0	34	34	61	15	0	10	35463035	257	438	7	134	305	298	119	70	
DHL	13200	13200	42	88	0	34	33	54	14	0	8	35172695	257	438	7	134	305	298	119	70	
DHL	13400	13400	36	82	0	33	28	46	12	0	7	34887564	257	438	7	134	305	298	119	70	
DHL	13600	13600	34	71	0	33	23	44	12	0	7	34607162	257	438	7	134	305	298	119	70	
DHL	13800	13800	33	66	0	33	23	37	12	0	6	34331096	257	438	7	134	305	298	119	70	
DHL	14000	14000	33	64	0	33	23	32	10	0	5	34061044	257	438	7	134	305	298	119	70	
DHL	14200	14200	33	60	0	33	23	30	10	0	5	33797277	257	438	7	134	305	298	119	70	
DHL	14400	14400	33	59	0	33	23	28	10	0	5	33538820	257	438	7	134	305	298	119	70	
DHL	14600	14600	33	58	0	32	23	27	10	0	5	33287911	257	438	7	134	305	298	119	70	
DHL	14800	14800	33	56	0	31	22	26	10	0	5	33041630	257	438	7	134	305	298	119	70	
DHL	15000	15000	32	55	0	31	22	26	9	0	5	32799211	257	438	7	134	305	298	119	70	
DHL	15200	15200	32	51	0	31	22	24	9	0	5	32560398	257	438	7	134	305	298	119	70	
DHL	15400	15400	32	51	0	31	22	24	9	0	5	32325306	257	438	7	134	305	298	119	70	
DHL	15600	15600	32	51	0	31	22	24	9	0	5	32092024	257	438	7	134	305	298	119	70	
DHL	15800	15800	32	51	0	30	22	22	9	0	5	31861197	257	438	7	134	305	298	119	70	
DHL	16000	16000	32	51	0	29	21	21	9	0	5	31630470	257	438	7	134	305	298	119	70	
DHL	16200	16200	31	51	0	29	21	20	9	0	5	31402933	257	438	7	134	305	298	119	70	
DHL	16400	16400	30	51	0	28	21	19	9	0	5	31184535	257	438	7	134	305	298	119	70	
DHL	16600	16600	29	50	0	28	20	19	9	0	5	30970979	257	438	7	134	305	298	119	70	
DHL	16800	16800	28	50	0	27	20	17	9	0	5	30761919	257	438	7	134	305	298	119	70	
DHL	17000	17000	28	48	0	27	19	16	8	0	5	30555462	257	438	7	134	305	298	119	70	
DHL	17200	17200	27	47	0	27	19	16	7	0	5	30349489	257	438	7	134	305	298	119	70	
DHL	17400	17400	26	46	0	25	17	16	6	0	5	30144155	257	438	7	134	305	298	119	70	
DHL	17600	17600	26	46	0	25	17	16	6	0	5	29943047	257	438	7	134	305	298	119	70	
DHL	17800	17800	25	46	0	24	15	16	6	0	5	29745733	257	438	7	134	305	298	119	70	
DHL	18000	18000	24	42	0	21	15	16	6	0	5	29550169	257	438	7	134	305	298	119	70	
DHL	18200	18200	24	41	0	21	15	16	6	0	5	29355659	257	438	7	134	305	298	119	70	
DHL	18400	18400	24	41	0	21	15	16	6	0	5	29163468	257	438	7	134	305	298	119	70	
DHL	18600	18600	24	41	0	21	15	16	6	0	5	28974435	257	438	7	134	305	298	119	70	
DHL	18800	18800	24	41	0	21	15	16	6	0	5	28790845	257	438	7	134	305	298	119	70	
DHL	19000	19000	24	41	0	21	15	16	6	0	5	28609906	257	438	7	134	305	298	119	70	
DHL	19200	19200	24	41	0	21	15	16	6	0	5	28432317	257	438	7	134	305	298	119	70	
DHL	19400	19400	24	41	0	21	15	16	6	0	5	28257769	257	438	7	134	305	298	119	70	
DHL	19600	19600	25	41	0	21	16	16	6	0	5	28084175	257	438	7	134	305	298	119	70	
DHL	19800	19800	25	41	0	21	16	16	8	0	5	27911876	257	438	7	134	305	298	119	70	
DHL	20000	20000	25	41	0	21	16	16	8	0	5	27743155	257	438	7	134	305	298	119	70	
DHL	20200	20200	25	41	0	21	16	16	8	0	5	27575853	257	438	7	134	305	298	119	70	
DHL	20400	20400	25	41	0	21	17	16	8	0	5	27409706	257	438	7	134	305	298	119	70	
DHL	20600	20600	25	41	0	21	17	16	8	0	5	27243000	257	438	7	134	305	298	119	70	
DHL	20800	20800	25	41	0	21	17	16	8	0	5	27081227	257	438	7	134	305	298	119	70	
DHL	21000	21000	24	41	0	21	17	16	8	0	5	26924268	257	438	7	134	305	298	119	70	
DHL	21200	21200	24	41	0	21	17	16	8	0	5	26769815	257	438	7	134	305	298	119	70	
DHL	21400	21400	24	40	0	21	17	16	8	0	5	26614558	257	438	7	134	305	298	119	70	
DHL	21600	21600	24	37	0	21	17	15	8	0	5	26462208	257	438	7	134	305	298	119	70	
DHL	21800	21800	23	37	0	21	16	15	8	0	5	26313378	257	438	7	134	305	298	119	70	
DHL	22000	22000	23	37	0	21	15	15	6	0	5	26170963	257	438	7	134	305	298	119	70	
DHL	22200	22200	23	35	0	21	15	15	6	0	5	26028144	257	438	7	134	305	298	119	70	
DHL	22400	22400	23	35	0	21	15	15	6	0	5	25886942	257	438	7	134	305	298	119	70	
DHL	22600	22600	23	34	0	21	14	15	6	0	5	25744864	257	438	7	134	305	298	119	70	
DHL	22800	22800	23	33	0	21	15	12	6	0	5	25602323	257	438	7	134	305	298	119	70	
DHL	23000	23000	23	33	0	21	15	10	6	0	5	25464351	257	438	7	134	305	298	119	70	
DHL	23200	23200	23	33	0	21	15	10	6	0	5	25330041	257	438	7	134	305	298	119	70	
DHL	23400	23400	23	31	0	21	15	10	6	0	5	25198448	257	438	7	134	305	298	119	70	
DHL	23600	23600	23	30	0	21	15	9	6	0	5	25071892	257	438	7	134	305	298	119	70	
DHL	23800	23800	23	28	0	21	15	9	6	0	5	24945408	257	438	7	134	305	298	119	70	
DHL	24000	24000	23	28	0	21	15	9	6	0	5	24821095	257	438	7	134	305	298	119	70	
DHL	24200	24200	24	28	0	21	13	9	6	0	5	24697183	257	438	7	134	305	298	119	70	
DHL	24400	24400	24	28	0	21	13	9	6	0	5	24573046	257	438	7	134	305	298	119	70	
DHL	24600	24600	24	28	0	21	14	9	6	0	5	24452409	257	438	7	134	305	298	119	70	
DHL	24800	24800	24	28	0	21	14	9	6	0	5	24336929	257	438	7	134	305	298	119	70	
DHL	25000	25000	24	28	0	21	12	9	6	0	5	24222220	257	438	7	134	305	298	119	70	
DHL	25200	25200	24	28	0	21	12	9	6	0	5	24107095	257	438	7	134	305	298	119	70	
DHL	25400	25400	24	28	0	21	12	9	6	0	5	23992829	257	438	7	134	305	298	119	70	
DHL	25600	25600	23	28	0	21	12	9	6	0	5	23879790	257	438	7	134	305	298	119	70	
DHL	25800	25800	23	28	0	21	12	9	6	0	5	23766619	257	438	7	134	305	298	119	70	
DHL	26000	26000	23	28	0	21	12	9	6	0	5	23656194	257	438	7	134	305	298	119	70	
DHL	26200	26200	21	27	0	21	11	3	5	0	5	23546357	257	438	7	134	305	298	119	70	
DHL	26400	26400	21	27	0	21	11	3	5	0	5	23435624	257	438	7	134	305	298	119	70	
DHL	26600	26600	19	26	0	21	11	2	5	0	5	23326963	257	438	7	134	305	298	119	70	
DHL	26800	26800	16	24	0	21	11	1	5	0	5	23220446	257	438	7	134	305	298	119	70	
DHL	27000	27000	15	24	0	21	10	1	5	0	5	23112848	257	438	7	134	305	298	119	70	
DHL	27200	27200	15	24	0	21	10	1	5	0	5	23006307	257	438	7	134	305	298	119	70	
DHL	27400	27400	15	24	0	21	9	1	5	0	5	22898594	257	438	7	134	305	298	119	70	
DHL	27600	27600	15	24	0	21	9	1	5	0	5	22792302	257	438	7	134	305	298	119	70	
DHL	27800	27800	15	24	0	21	9	1	5	0	5	22685516	257	438	7	134	305	298	119	70	
DHL	28000	28000	15	24	0	21	9	1	5	0	5	22581959	257	438	7	134	305	298	119	70	
DHL	28200	28200	15	24	0	21	9	1	5	0	5	22479379	257	438	7	134	305	298	119	70	
DHL	28400	28400	15	24	0	21	9	1	5	0	5	22374982	257	438	7	134	305	298	119	70	
DHL	28600	28600	15	24	0	21	9	1	5	0	5	22269747	257	438	7	134	305	298	119	70	
DHL	28800	28800	15	24	0	20	9	1	5	0	5	22166212	257	438	7	134	305	298	119	70	
DHL	29000	29000	15	24	0	19	9	1	5	0	5	22064987	257	438	7	134	305	298	119	70	
DHL	29200	29200	15	24	0	19	9	1	5	0	5	21966372	257	438	7	134	305	298	119	70	
DHL	29400	29400	15	22	0	19	8	1	5	0	5	21870839	257	438	7	134	305	298	119	70	
DHL	29600	29600	15	20	0	19	7	1	5	0	5	21776400	257	438	7	134	305	298	119	70	
DHL	29800	29800	15	18	0	18	7	0	5	0	5	21680494	257	438	7	134	305	298	119	70	
DHL	30000	30000	15	16	0	17	7	0	5	0	5	21583602	257	438	7	134	305	298	119	70	
DHL	30200	30200	15	12	0	15	7	0	5	0	4	21486152	257	438	7	134	305	298	119	70	
DHL	30400	30400	15	12	0	13	7	0	5	0	4	21389959	257	438	7	134	305	298	119	70	
DHL	30600	30600	15	11	0	10	7	0	5	0	4	21295020	257	438	7	134	305	298	119	70	
DHL	30800	30800	15	11	0	6	7	0	5	0	3	21200698	257	438	7	134	305	298	119	70	
DHL	31000	31000	15	11	0	6	6	0	5	0	3	21107934	257	438	7	134	305	298	119	70	
DHL	31200	31200	15	11	0	2	6	0	5	0	2	21016398	257	438	7	134	305	298	119	70	
DHL	31400	31400	15	11	0	2	6	0	4	0	1	20929534	257	438	7	134	305	298	119	70	
DHL	31600	31600	14	11	0	2	6	0	2	0	1	20844989	257	438	7	134	305	298	119	70	
DHL	31800	31800	14	11	0	2	5	0	2	0	1	20761748	257	438	7	134	305	298	119	70	
DHL	32000	32000	14	11	0	2	5	0	2	0	1	20679126	257	438	7	134	305	298	119	70	
DHL	32200	32200	12	11	0	2	3	0	2	0	0	20595981	257	438	7	134	305	298	119	70	
DHL	32400	32400	10	11	0	2	3	0	2	0	0	20511842	257	438	7	134	305	298	119	70	
DHL	32600	32600	10	11	0	2	3	0	2	0	0	20428720	257	438	7	134	305	298	119	70	
DHL	32800	32800	9	11	0	2	2	0	2	0	0	20345739	257	438	7	134	305	298	119	70	
DHL	33000	33000	9	11	0	2	2	0	2	0	0	20265184	257	438	7	134	305	298	119	70	
DHL	33200	33200	9	11	0	2	2	0	2	0	0	20184476	257	438	7	134	305	298	119	70	
DHL	33400	33400	9	10	0	2	2	0	2	0	0	20104379	257	438	7	134	305	298	119	70	
DHL	33600	33600	9	10	0	2	2	0	2	0	0	20025198	257	438	7	134	305	298	119	70	
DHL	33800	33800	9	10	0	2	2	0	2	0	0	19946090	257	438	7	134	305	298	119	70	
DHL	34000	34000	9	10	0	2	2	0	2	0	0	19869877	257	438	7	134	305	298	119	70	
DHL	34200	34200	9	8	0	2	2	0	2	0	0	19795729	257	438	7	134	305	298	119	70	
DHL	34400	34400	9	7	0	2	2	0	2	0	0	19721819	257	438	7	134	305	298	119	70	
DHL	34600	34600	9	5	0	2	2	0	1	0	0	19648073	257	438	7	134	305	298	119	70	
DHL	34800	34800	9	5	0	1	1	0	1	0	0	19575595	257	438	7	134	305	298	119	70	
DHL	35000	35000	8	3	0	1	1	0	0	0	0	19505436	257	438	7	134	305	298	119	70	
DHL	35200	35200	8	3	0	1	0	0	0	0	0	19435433	257	438	7	134	305	298	119	70	
DHL	35400	35400	8	3	0	1	0	0	0	0	0	19364772	257	438	7	134	305	298	119	70	
DHL	35600	35600	8	2	0	0	0	0	0	0	0	19293418	257	438	7	134	305	298	119	70	
DHL	35800	35800	4	2	0	0	0	0	0	0	0	19223840	257	438	7	134	305	298	119	70	
DHL	36000	36000	3	2	0	0	0	0	0	0	0	19153040	257	438	7	134	305	298	119	70	
DHL	36200	36200	3	2	0	0	0	0	0	0	0	19083649	257	438	7	134	305	298	119	70	
DHL	36400	36400	3	2	0	0	0	0	0	0	0	19014581	257	438	7	134	305	298	119	70	
DHL	36600	36600	3	2	0	0	0	0	0	0	0	18946603	257	438	7	134	305	298	119	70	
DHL	36800	36800	3	2	0	0	0	0	0	0	0	18878619	257	438	7	134	305	298	119	70	
DHL	37000	37000	2	2	0	0	0	0	0	0	0	18810116	257	438	7	134	305	298	119	70	
DHL	37200	37200	0	2	0	0	0	0	0	0	0	18742239	257	438	7	134	305	298	119	70	
DHL	37400	37400	0	1	0	0	0	0	0	0	0	18675205	257	438	7	134	305	298	119	70	
DHL	37600	37600	0	0	0	0	0	0	0	0	0	18609218	257	438	7	134	305	298	119	70	
DHL	37800	37800	0	0	0	0	0	0	0	0	0	18542669	257	438	7	134	305	298	119	70	
DHL	38000	38000	0	0	0	0	0	0	0	0	0	18476657	257	438	7	134	305	298	119	70	
DHL	38200	38200	0	0	0	0	0	0	0	0	0	18411910	257	438	7	134	305	298	119	70	
DHL	38400	38400	0	0	0	0	0	0	0	0	0	18346684	257	438	7	134	305	298	119	70	
DHL	38600	38600	0	0	0	0	0	0	0	0	0	18284221	257	438	7	134	305	298	119	70	
DHL	38800	38800	0	0	0	0	0	0	0	0	0	18221714	257	438	7	134	305	298	119	70	
DHL	39000	39000	0	0	0	0	0	0	0	0	0	18158186	257	438	7	134	305	298	119	70	
DHL	39200	39200	0	0	0	0	0	0	0	0	0	18093545	257	438	7	134	305	298	119	70	
DHL	39400	39400	0	0	0	0	0	0	0	0	0	18028927	257	438	7	134	305	298	119	70	
DHL	39600	39600	0	0	0	0	0	0	0	0	0	17965805	257	438	7	134	305	298	119	70	
DHL	39800	39800	0	0	0	0	0	0	0	0	0	17902390	257	438	7	134	305	298	119	70	
DHL	40000	40000	0	0	0	0	0	0	0	0	0	17837762	257	438	7	134	305	298	119	70	
DHL	40200	40200	0	0	0	0	0	0	0	0	0	17772344	257	438	7	134	305	298	119	70	
DHL	40400	40400	0	0	0	0	0	0	0	0	0	17707152	257	438	7	134	305	298	119	70	
DHL	40600	40600	0	0	0	0	0	0	0	0	0	17644297	257	438	7	134	305	298	119	70	
DHL	40800	40800	0	0	0	0	0	0	0	0	0	17582960	257	438	7	134	305	298	119	70	
DHL	41000	41000	0	0	0	0	0	0	0	0	0	17523885	257	438	7	134	305	298	119	70	
DHL	41200	41200	0	0	0	0	0	0	0	0	0	17464842	257	438	7	134	305	298	119	70	
DHL	41400	41400	0	0	0	0	0	0	0	0	0	17406482	257	438	7	134	305	298	119	70	
DHL	41600	41600	0	0	0	0	0	0	0	0	0	17347870	257	438	7	134	305	298	119	70	
DHL	41800	41800	0	0	0	0	0	0	0	0	0	17289044	257	438	7	134	305	298	119	70	
DHL	42000	42000	0	0	0	0	0	0	0	0	0	17230809	257	438	7	134	305	298	119	70	
DHL	42200	42200	0	0	0	0	0	0	0	0	0	17173637	257	438	7	134	305	298	119	70	
DHL	42400	42400	0	0	0	0	0	0	0	0	0	17116319	257	438	7	134	305	298	119	70	
DHL	42600	42600	0	0	0	0	0	0	0	0	0	17060377	257	438	7	134	305	298	119	70	
DHL	42800	42800	0	0	0	0	0	0	0	0	0	17005272	257	438	7	134	305	298	119	70	
DHL	43000	43000	0	0	0	0	0	0	0	0	0	16951118	257	438	7	134	305	298	119	70	
DHL	43200	43200	0	0	0	0	0	0	0	0	0	16896945	257	438	7	134	305	298	119	70	
DHL	43400	43400	0	0	0	0	0	0	0	0	0	16842267	257	438	7	134	305	298	119	70	
DHL	43600	43600	0	0	0	0	0	0	0	0	0	16790936	257	438	7	134	305	298	119	70	
DHL	43800	43800	0	0	0	0	0	0	0	0	0	16738676	257	438	7	134	305	298	119	70	
DHL	44000	44000	0	0	0	0	0	0	0	0	0	16687863	257	438	7	134	305	298	119	70	
DHL	44200	44200	0	0	0	0	0	0	0	0	0	16636428	257	438	7	134	305	298	119	70	
DHL	44400	44400	0	0	0	0	0	0	0	0	0	16585124	257	438	7	134	305	298	119	70	
DHL	44600	44600	0	0	0	0	0	0	0	0	0	16533823	257	438	7	134	305	298	119	70	
DHL	44800	44800	0	0	0	0	0	0	0	0	0	16482870	257	438	7	134	305	298	119	70	
DHL	45000	45000	0	0	0	0	0	0	0	0	0	16433652	257	438	7	134	305	298	119	70	
DHL	45200	45200	0	0	0	0	0	0	0	0	0	16385696	257	438	7	134	305	298	119	70	
DHL	45400	45400	0	0	0	0	0	0	0	0	0	16338216	257	438	7	134	305	298	119	70	
DHL	45600	45600	0	0	0	0	0	0	0	0	0	16292983	257	438	7	134	305	298	119	70	
DHL	45800	45800	0	0	0	0	0	0	0	0	0	16250520	257	438	7	134	305	298	119	70	
DHL	46000	46000	0	0	0	0	0	0	0	0	0	16207204	257	438	7	134	305	298	119	70	
DHL	46200	46200	0	0	0	0	0	0	0	0	0	16164209	257	438	7	134	305	298	119	70	
DHL	46400	46400	0	0	0	0	0	0	0	0	0	16120404	257	438	7	134	305	298	119	70	
DHL	46600	46600	0	0	0	0	0	0	0	0	0	16076170	257	438	7	134	305	298	119	70	
DHL	46800	46800	0	0	0	0	0	0	0	0	0	16033508	257	438	7	134	305	298	119	70	
DHL	47000	47000	0	0	0	0	0	0	0	0	0	15989913	257	438	7	134	305	298	119	70	
DHL	47200	47200	0	0	0	0	0	0	0	0	0	15946540	257	438	7	134	305	298	119	70	
DHL	47400	47400	0	0	0	0	0	0	0	0	0	15902951	257	438	7	134	305	298	119	70	
DHL	47600	47600	0	0	0	0	0	0	0	0	0	15858555	257	438	7	134	305	298	119	70	
DHL	47800	47800	0	0	0	0	0	0	0	0	0	15816245	257	438	7	134	305	298	119	70	
DHL	48000	48000	0	0	0	0	0	0	0	0	0	15775399	257	438	7	134	305	298	119	70	
DHL	48200	48200	0	0	0	0	0	0	0	0	0	15734119	257	438	7	134	305	298	119	70	
DHL	48400	48400	0	0	0	0	0	0	0	0	0	15691687	257	438	7	134	305	298	119	70	
DHL	48600	48600	0	0	0	0	0	0	0	0	0	15649146	257	438	7	134	305	298	119	70	
DHL	48800	48800	0	0	0	0	0	0	0	0	0	15605743	257	438	7	134	305	298	119	70	
DHL	49000	49000	0	0	0	0	0	0	0	0	0	15563340	257	438	7	134	305	298	119	70	
DHL	49200	49200	0	0	0	0	0	0	0	0	0	15522731	257	438	7	134	305	298	119	70	
DHL	49400	49400	0	0	0	0	0	0	0	0	0	15483908	257	438	7	134	305	298	119	70	
DHL	49600	49600	0	0	0	0	0	0	0	0	0	15446352	257	438	7	134	305	298	119	70	
DHL	49800	49800	0	0	0	0	0	0	0	0	0	15409624	257	438	7	134	305	298	119	70	
DHL	50000	50000	0	0	0	0	0	0	0	0	0	15372404	257	438	7	134	305	298	119	70	
DHL	50200	50200	0	0	0	0	0	0	0	0	0	15336603	257	438	7	134	305	298	119	70	
DHL	50400	50400	0	0	0	0	0	0	0	0	0	15301801	257	438	7	134	305	298	119	70	
DHL	50600	50600	0	0	0	0	0	0	0	0	0	15267397	257	438	7	134	305	298	119	70	
DHL	50800	50800	0	0	0	0	0	0	0	0	0	15233231	257	438	7	134	305	298	119	70	
DHL	51000	51000	0	0	0	0	0	0	0	0	0	15196949	257	438	7	134	305	298	119	70	
DHL	51200	51200	0	0	0	0	0	0	0	0	0	15159565	257	438	7	134	305	298	119	70	
DHL	51400	51400	0	0	0	0	0	0	0	0	0	15122032	257	438	7	134	305	298	119	70	
DHL	51600	51600	0	0	0	0	0	0	0	0	0	15084091	257	438	7	134	305	298	119	70	
DHL	51800	51800	0	0	0	0	0	0	0	0	0	15044480	257	438	7	134	305	298	119	70	
DHL	52000	52000	0	0	0	0	0	0	0	0	0	15005051	257	438	7	134	305	298	119	70	
DHL	52200	52200	0	0	0	0	0	0	0	0	0	14967806	257	438	7	134	305	298	119	70	
DHL	52400	52400	0	0	0	0	0	0	0	0	0	14931785	257	438	7	134	305	298	119	70	
DHL	52600	52600	0	0	0	0	0	0	0	0	0	14896205	257	438	7	134	305	298	119	70	
DHL	52800	52800	0	0	0	0	0	0	0	0	0	14860433	257	438	7	134	305	298	119	70	
DHL	53000	53000	0	0	0	0	0	0	0	0	0	14824771	257	438	7	134	305	298	119	70	
DHL	53200	53200	0	0	0	0	0	0	0	0	0	14789086	257	438	7	134	305	298	119	70	
DHL	53400	53400	0	0	0	0	0	0	0	0	0	14753742	257	438	7	134	305	298	119	70	
DHL	53600	53600	0	0	0	0	0	0	0	0	0	14717929	257	438	7	134	305	298	119	70	
DHL	53800	53800	0	0	0	0	0	0	0	0	0	14681729	257	438	7	134	305	298	119	70	
DHL	54000	54000	0	0	0	0	0	0	0	0	0	14646473	257	438	7	134	305	298	119	70	
DHL	54200	54200	0	0	0	0	0	0	0	0	0	14612773	257	438	7	134	305	298	119	70	
DHL	54400	54400	0	0	0	0	0	0	0	0	0	14578803	257	438	7	134	305	298	119	70	
DHL	54600	54600	0	0	0	0	0	0	0	0	0	14544215	257	438	7	134	305	298	119	70	
DHL	54800	54800	0	0	0	0	0	0	0	0	0	14509816	257	438	7	134	305	298	119	70	
DHL	55000	55000	0	0	0	0	0	0	0	0	0	14476504	257	438	7	134	305	298	119	70	
DHL	55200	55200	0	0	0	0	0	0	0	0	0	14442359	257	438	7	134	305	298	119	70	
DHL	55400	55400	0	0	0	0	0	0	0	0	0	14407049	257	438	7	134	305	298	119	70	
DHL	55600	55600	0	0	0	0	0	0	0	0	0	14371959	257	438	7	134	305	298	119	70	
DHL	55800	55800	0	0	0	0	0	0	0	0	0	14336488	257	438	7	134	305	298	119	70	
DHL	56000	56000	0	0	0	0	0	0	0	0	0	14302843	257	438	7	134	305	298	119	70	
DHL	56200	56200	0	0	0	0	0	0	0	0	0	14270973	257	438	7	134	305	298	119	70	
DHL	56400	56400	0	0	0	0	0	0	0	0	0	14239503	257	438	7	134	305	298	119	70	
DHL	56600	56600	0	0	0	0	0	0	0	0	0	14207413	257	438	7	134	305	298	119	70	
DHL	56800	56800	0	0	0	0	0	0	0	0	0	14174564	257	438	7	134	305	298	119	70	
DHL	57000	57000	0	0	0	0	0	0	0	0	0	14141922	257	438	7	134	305	298	119	70	
DHL	57200	57200	0	0	0	0	0	0	0	0	0	14109520	257	438	7	134	305	298	119	70	
DHL	57400	57400	0	0	0	0	0	0	0	0	0	14077645	257	438	7	134	305	298	119	70	
DHL	57600	57600	0	0	0	0	0	0	0	0	0	14047007	257	438	7	134	305	298	119	70	
DHL	57800	57800	0	0	0	0	0	0	0	0	0	14015599	257	438	7	134	305	298	119	70	
DHL	58000	58000	0	0	0	0	0	0	0	0	0	13985143	257	438	7	134	305	298	119	70	
DHL	58200	58200	0	0	0	0	0	0	0	0	0	13953931	257	438	7	134	305	298	119	70	
DHL	58400	58400	0	0	0	0	0	0	0	0	0	13923271	257	438	7	134	305	298	119	70	
DHL	58600	58600	0	0	1	0	0	0	0	0	0	13892672	257	438	7	134	305	298	119	70	
DHL	58800	58800	0	0	1	0	0	0	2	0	0	13861652	257	438	7	134	305	298	119	70	
DHL	59000	59000	0	0	0	0	0	0	0	0	0	13829994	257	438	7	134	305	298	119	70	
DHL	59200	59200	0	0	0	0	0	0	0	0	0	13798201	257	438	7	134	305	298	119	70	
DHL	59400	59400	0	0	0	0	0	0	1	0	0	13766464	257	438	7	134	305	298	119	70	
DHL	59600	59600	1	0	0	0	0	0	1	0	0	13735861	257	438	7	134	305	298	119	70	
DHL	59800	59800	1	0	0	0	0	0	0	0	0	13706069	257	438	7	134	305	298	119	70	
DHL	60000	60000	0	0	0	0	0	0	0	0	0	13676568	257	438	7	134	305	298	119	70	
DHL	60200	60200	0	0	0	0	0	0	0	0	0	13648512	257	438	7	134	305	298	119	70	
DHL	60400	60400	0	0	0	0	0	0	0	0	0	13619714	257	438	7	134	305	298	119	70	
DHL	60600	60600	0	0	0	0	0	0	0	0	0	13590062	257	438	7	134	305	298	119	70	
DHL	60800	60800	0	0	0	0	0	0	0	0	0	13560863	257	438	7	134	305	298	119	70	
DHL	61000	61000	0	0	0	0	0	0	0	0	0	13531712	257	438	7	134	305	298	119	70	
DHL	61200	61200	0	0	0	0	0	0	0	0	0	13502747	257	438	7	134	305	298	119	70	
DHL	61400	61400	0	0	0	0	0	0	0	0	0	13472602	257	438	7	134	305	298	119	70	
DHL	61600	61600	0	0	0	0	0	0	0	0	0	13443534	257	438	7	134	305	298	119	70	
DHL	61800	61800	0	0	0	0	0	0	0	0	0	13415193	257	438	7	134	305	298	119	70	
DHL	62000	62000	0	0	0	0	0	0	0	0	0	13385645	257	438	7	134	305	298	119	70	
DHL	62200	62200	0	0	0	0	0	0	0	0	0	13354299	257	438	7	134	305	298	119	70	
DHL	62400	62400	0	0	0	0	0	0	0	0	0	13322477	257	438	7	134	305	298	119	70	
DHL	62600	62600	0	0	0	0	0	0	0	0	0	13289659	257	438	7	134	305	298	119	70	
DHL	62800	62800	0	0	0	0	0	0	0	0	0	13257057	257	438	7	134	305	298	119	70	
DHL	63000	63000	0	0	0	0	0	0	0	0	0	13224499	257	438	7	134	305	298	119	70	
DHL	63200	63200	0	0	0	0	0	0	0	0	0	13192164	257	438	7	134	305	298	119	70	
DHL	63400	63400	0	0	0	0	0	0	0	0	0	13160411	257	438	7	134	305	298	119	70	
DHL	63600	63600	0	0	0	0	0	0	0	0	0	13129621	257	438	7	134	305	298	119	70	
DHL	63800	63800	0	0	0	0	0	0	0	0	0	13099741	257	438	7	134	305	298	119	70	
DHL	64000	64000	0	0	0	0	0	0	0	0	0	13070977	257	438	7	134	305	298	119	70	
DHL	64200	64200	0	0	0	0	0	0	0	0	0	13043762	257	438	7	134	305	298	119	70	
DHL	64400	64400	0	0	0	0	0	0	0	0	0	13014588	257	438	7	134	305	298	119	70	
DHL	64600	64600	0	0	0	0	0	0	0	0	0	12986249	257	438	7	134	305	298	119	70	
DHL	64800	64800	0	0	0	0	0	0	0	0	0	12959356	257	438	7	134	305	298	119	70	
DHL	65000	65000	0	0	0	0	0	0	0	0	0	12934175	257	438	7	134	305	298	119	70	
DHL	65200	65200	0	0	0	0	0	0	0	0	0	12908914	257	438	7	134	305	298	119	70	
DHL	65400	65400	0	0	0	0	0	0	0	0	0	12883365	257	438	7	134	305	298	119	70	
DHL	65600	65600	0	0	0	0	0	0	0	0	0	12857411	257	438	7	134	305	298	119	70	
DHL	65800	65800	0	0	0	0	0	0	0	0	0	12830453	257	438	7	134	305	298	119	70	
DHL	66000	66000	0	0	0	0	0	0	0	0	0	12804738	257	438	7	134	305	298	119	70	
DHL	66200	66200	0	0	0	0	0	0	0	0	0	12779946	257	438	7	134	305	298	119	70	
DHL	66400	66400	0	0	0	0	0	0	0	0	0	12755042	257	438	7	134	305	298	119	70	
DHL	66600	66600	0	0	0	0	0	0	0	0	0	12729693	257	438	7	134	305	298	119	70	
DHL	66800	66800	0	0	0	0	0	0	0	0	0	12703705	257	438	7	134	305	298	119	70	
DHL	67000	67000	0	0	0	0	0	0	0	0	0	12678118	257	438	7	134	305	298	119	70	
DHL	67200	67200	0	0	0	0	0	0	0	0	0	12654023	257	438	7	134	305	298	119	70	
DHL	67400	67400	0	0	0	0	0	0	0	0	0	12631157	257	438	7	134	305	298	119	70	
DHL	67600	67600	0	0	0	0	0	0	0	0	0	12608482	257	438	7	134	305	298	119	70	
DHL	67800	67800	0	0	0	0	0	0	0	0	0	12585582	257	438	7	134	305	298	119	70	
DHL	68000	68000	0	0	0	0	0	0	0	0	0	12562244	257	438	7	134	305	298	119	70	
DHL	68200	68200	0	0	0	0	0	0	0	0	0	12538371	257	438	7	134	305	298	119	70	
DHL	68400	68400	0	0	0	0	0	0	0	0	0	12514589	257	438	7	134	305	298	119	70	
DHL	68600	68600	0	0	0	0	0	0	0	0	0	12491245	257	438	7	134	305	298	119	70	
DHL	68800	68800	0	0	0	0	0	0	0	0	0	12467037	257	438	7	134	305	298	119	70	
DHL	69000	69000	0	0	0	0	0	0	0	0	0	12443953	257	438	7	134	305	298	119	70	
DHL	69200	69200	0	0	0	0	0	0	0	0	0	12421514	257	438	7	134	305	298	119	70	
DHL	69400	69400	0	0	0	0	0	0	0	0	0	12398739	257	438	7	134	305	298	119	70	
DHL	69600	69600	0	0	0	0	0	0	0	0	0	12377161	257	438	7	134	305	298	119	70	
DHL	69800	69800	0	0	0	0	0	0	0	0	0	12356441	257	438	7	134	305	298	119	70	
DHL	70000	70000	0	0	0	0	0	0	0	0	0	12335895	257	438	7	134	305	298	119	70	
DHL	70200	70200	0	0	0	0	0	0	0	0	0	12316366	257	438	7	134	305	298	119	70	
DHL	70400	70400	0	0	0	0	0	0	0	0	0	12296495	257	438	7	134	305	298	119	70	
DHL	70600	70600	0	0	0	0	0	0	0	0	0	12275594	257	438	7	134	305	298	119	70	
DHL	70800	70800	0	0	0	0	0	0	0	0	0	12253763	257	438	7	134	305	298	119	70	
DHL	71000	71000	0	0	0	0	0	0	0	0	0	12230669	257	438	7	134	305	298	119	70	
DHL	71200	71200	0	0	0	0	0	0	0	0	0	12206047	257	438	7	134	305	298	119	70	
DHL	71400	71400	0	0	0	0	0	0	0	0	0	12180400	257	438	7	134	305	298	119	70	
DHL	71600	71600	0	0	0	0	0	0	0	0	0	12155679	257	438	7	134	305	298	119	70	
DHL	71800	71800	0	0	0	0	0	0	0	0	0	12131378	257	438	7	134	305	298	119	70	
DHL	72000	72000	0	0	0	0	0	0	0	0	0	12106298	257	438	7	134	305	298	119	70	
DHL	72200	72200	0	0	0	0	0	0	0	0	0	12081867	257	438	7	134	305	298	119	70	
DHL	72400	72400	0	0	0	0	0	0	0	0	0	12058206	257	438	7	134	305	298	119	70	
DHL	72600	72600	0	0	0	0	0	0	0	0	0	12035701	257	438	7	134	305	298	119	70	
DHL	72800	72800	0	0	0	0	0	0	0	0	0	12012965	257	438	7	134	305	298	119	70	
DHL	73000	73000	0	0	0	0	0	0	0	0	0	11990347	257	438	7	134	305	298	119	70	
DHL	73200	73200	0	0	0	0	0	0	0	0	0	11968275	257	438	7	134	305	298	119	70	
DHL	73400	73400	0	0	0	0	0	0	0	0	0	11946632	257	438	7	134	305	298	119	70	
DHL	73600	73600	0	0	0	0	0	0	0	0	0	11924737	257	438	7	134	305	298	119	70	
DHL	73800	73800	0	0	0	0	0	0	0	0	0	11902808	257	438	7	134	305	298	119	70	
DHL	74000	74000	0	0	0	0	0	0	0	0	0	11880952	257	438	7	134	305	298	119	70	
DHL	74200	74200	0	0	0	0	0	0	0	0	0	11858710	257	438	7	134	305	298	119	70	
DHL	74400	74400	0	0	0	0	0	0	0	0	0	11836730	257	438	7	134	305	298	119	70	
DHL	74600	74600	0	0	0	0	0	0	0	0	0	11815331	257	438	7	134	305	298	119	70	
DHL	74800	74800	0	0	0	0	0	0	0	0	0	11793042	257	438	7	134	305	298	119	70	
DHL	75000	75000	0	0	0	0	0	0	0	0	0	11769442	257	438	7	134	305	298	119	70	
DHL	75200	75200	0	0	0	0	0	0	0	0	0	11744704	257	438	7	134	305	298	119	70	
DHL	75400	75400	0	0	0	0	0	0	0	0	0	11720707	257	438	7	134	305	298	119	70	
DHL	75600	75600	0	0	0	0	0	0	0	0	0	11697838	257	438	7	134	305	298	119	70	
DHL	75800	75800	0	0	0	0	0	0	0	0	0	11676317	257	438	7	134	305	298	119	70	
DHL	76000	76000	0	0	0	0	0	0	0	0	0	11654057	257	438	7	134	305	298	119	70	
DHL	76200	76200	0	0	0	0	0	0	0	0	1	11630742	257	438	7	134	305	298	119	70	
DHL	76400	76400	0	0	0	0	0	0	1	0	2	11608420	257	438	7	134	305	298	119	70	
DHL	76600	76600	0	0	0	0	0	0	1	0	2	11585819	257	438	7	134	305	298	119	70	
DHL	76800	76800	0	0	0	0	0	0	1	0	2	11563661	257	438	7	134	305	298	119	70	
DHL	77000	77000	0	0	0	0	0	0	1	0	2	11542317	257	438	7	134	305	298	119	70	
DHL	77200	77200	0	0	0	0	0	0	2	0	2	11520063	257	438	7	134	305	298	119	70	
DHL	77400	77400	0	0	0	0	0	0	2	0	2	11496833	257	438	7	134	305	298	119	70	
DHL	77600	77600	0	0	0	0	0	0	2	0	2	11472801	257	438	7	134	305	298	119	70	
DHL	77800	77800	0	0	0	0	0	0	2	0	2	11448996	257	438	7	134	305	298	119	70	
DHL	78000	78000	0	0	0	0	0	0	2	0	2	11424828	257	438	7	134	305	298	119	70	
DHL	78200	78200	0	0	0	0	0	0	3	0	1	11400879	257	438	7	134	305	298	119	70	
DHL	78400	78400	0	0	0	0	0	0	2	0	0	11377415	257	438	7	134	305	298	119	70	
DHL	78600	78600	0	0	0	0	0	0	2	0	0	11353996	257	438	7	134	305	298	119	70	
DHL	78800	78800	0	0	0	0	0	0	2	0	0	11332245	257	438	7	134	305	298	119	70	
DHL	79000	79000	0	0	0	0	0	0	2	0	0	11311143	257	438	7	134	305	298	119	70	
DHL	79200	79200	0	0	0	0	0	0	2	0	0	11290299	257	438	7	134	305	298	119	70	
DHL	79400	79400	0	0	0	0	0	0	2	0	0	11269303	257	438	7	134	305	298	119	70	
DHL	79600	79600	0	0	0	0	0	0	2	0	0	11248239	257	438	7	134	305	298	119	70	
DHL	79800	79800	0	0	0	0	0	0	2	0	0	11226915	257	438	7	134	305	298	119	70	
DHL	80000	80000	0	0	0	0	0	0	2	0	0	11205242	257	438	7	134	305	298	119	70	
DHL	80200	80200	0	0	0	0	0	0	1	0	0	11182456	257	438	7	134	305	298	119	70	
DHL	80400	80400	0	0	0	0	0	0	1	0	0	11159754	257	438	7	134	305	298	119	70	
DHL	80600	80600	0	0	0	0	0	0	1	0	0	11136607	257	438	7	134	305	298	119	70	
DHL	80800	80800	0	0	0	0	0	0	1	0	0	11113034	257	438	7	134	305	298	119	70	
DHL	81000	81000	0	0	0	0	0	0	1	0	0	11088552	257	438	7	134	305	298	119	70	
DHL	81200	81200	0	0	0	0	0	0	0	0	0	11064254	257	438	7	134	305	298	119	70	
DHL	81400	81400	0	0	0	0	0	0	0	0	0	11040286	257	438	7	134	305	298	119	70	
DHL	81600	81600	0	0	0	0	0	0	2	0	0	11018514	257	438	7	134	305	298	119	70	
DHL	81800	81800	0	0	0	0	1	0	2	0	0	10996799	257	438	7	134	305	298	119	70	
DHL	82000	82000	0	0	0	0	1	0	2	0	0	10975014	257	438	7	134	305	298	119	70	
DHL	82200	82200	0	0	0	0	1	0	2	0	0	10953023	257	438	7	134	305	298	119	70	
DHL	82400	82400	0	0	0	0	1	0	2	0	0	10931086	257	438	7	134	305	298	119	70	
DHL	82600	82600	0	0	0	0	1	0	3	0	0	10909939	257	438	7	134	305	298	119	70	
DHL	82800	82800	0	0	0	0	1	0	3	0	0	10890135	257	438	7	134	305	298	119	70	
DHL	83000	83000	0	0	0	0	1	0	3	0	0	10869872	257	438	7	134	305	298	119	70	
DHL	83200	83200	0	0	0	0	1	0	3	0	0	10849469	257	438	7	134	305	298	119	70	
DHL	83400	83400	0	0	0	0	1	0	3	0	0	10830017	257	438	7	134	305	298	119	70	
DHL	83600	83600	0	0	0	0	1	0	1	0	0	10811167	257	438	7	134	305	298	119	70	
DHL	83800	83800	0	0	0	0	0	0	1	0	0	10792718	257	438	7	134	305	298	119	70	
DHL	84000	84000	0	0	0	0	0	0	1	0	0	10775018	257	438	7	134	305	298	119	70	
DHL	84200	84200	0	0	0	0	0	0	1	0	0	10756691	257	438	7	134	305	298	119	70	
DHL	84400	84400	0	0	0	0	0	0	1	0	0	10738119	257	438	7	134	305	298	119	70	
DHL	84600	84600	0	0	0	0	0	0	0	0	0	10720178	257	438	7	134	305	298	119	70	
DHL	84800	84800	0	0	0	0	0	0	0	0	0	10702018	257	438	7	134	305	298	119	70	
DHL	85000	85000	0	0	0	0	0	0	0	0	0	10683609	257	438	7	134	305	298	119	70	
DHL	85200	85200	0	0	0	0	0	0	0	0	0	10665746	257	438	7	134	305	298	119	70	
DHL	85400	85400	0	0	0	0	0	0	0	0	0	10647838	257	438	7	134	305	298	119	70	
DHL	85600	85600	0	0	0	0	0	0	0	0	0	10628850	257	438	7	134	305	298	119	70	
DHL	85800	85800	0	0	0	0	0	0	0	0	0	10609678	257	438	7	134	305	298	119	70	
DHL	86000	86000	0	0	0	0	0	0	0	0	0	10590999	257	438	7	134	305	298	119	70	
DHL	86200	86200	0	0	0	0	0	0	0	0	0	10571848	257	438	7	134	305	298	119	70	
DHL	86400	86400	0	0	0	0	0	0	0	0	0	10554003	257	438	7	134	305	298	119	70	
DHL	86600	86600	0	0	0	0	0	0	0	0	0	10537502	257	438	7	134	305	298	119	70	
DHL	86800	86800	0	0	0	0	0	0	0	0	0	10521431	257	438	7	134	305	298	119	70	
DHL	87000	87000	0	0	0	0	0	0	0	0	0	10506031	257	438	7	134	305	298	119	70	
DHL	87200	87200	0	0	0	0	0	0	0	0	0	10490413	257	438	7	134	305	298	119	70	
DHL	87400	87400	0	0	0	0	0	0	0	0	0	10473099	257	438	7	134	305	298	119	70	
DHL	87600	87600	0	0	0	0	0	0	0	0	0	10455640	257	438	7	134	305	298	119	70	
DHL	87800	87800	0	0	0	0	0	0	0	0	0	10438993	257	438	7	134	305	298	119	70	
DHL	88000	88000	0	0	0	0	0	0	0	0	0	10422464	257	438	7	134	305	298	119	70	
DHL	88200	88200	0	0	0	0	0	0	0	0	0	10406591	257	438	7	134	305	298	119	70	
DHL	88400	88400	0	0	0	0	0	0	0	0	0	10389699	257	438	7	134	305	298	119	70	
DHL	88600	88600	0	0	0	0	0	0	0	0	0	10372958	257	438	7	134	305	298	119	70	
DHL	88800	88800	0	0	0	0	0	0	0	0	0	10355381	257	438	7	134	305	298	119	70	
DHL	89000	89000	0	0	0	0	0	0	0	0	0	10337441	257	438	7	134	305	298	119	70	
DHL	89200	89200	0	0	0	0	0	0	0	0	0	10319123	257	438	7	134	305	298	119	70	
DHL	89400	89400	0	0	0	0	0	0	0	0	0	10300978	257	438	7	134	305	298	119	70	
DHL	89600	89600	0	0	0	0	0	0	0	0	0	10282473	257	438	7	134	305	298	119	70	
DHL	89800	89800	0	0	0	0	0	0	0	0	0	10264390	257	438	7	134	305	298	119	70	
DHL	90000	90000	0	0	0	0	0	0	0	0	0	10246441	257	438	7	134	305	298	119	70	
DHL	90200	90200	0	0	0	0	0	0	0	0	0	10228190	257	438	7	134	305	298	119	70	
DHL	90400	90400	0	0	0	0	0	0	0	0	0	10210772	257	438	7	134	305	298	119	70	
DHL	90600	90600	0	0	0	0	0	0	0	0	0	10193808	257	438	7	134	305	298	119	70	
DHL	90800	90800	0	0	0	0	0	0	0	0	0	10176761	257	438	7	134	305	298	119	70	
DHL	91000	91000	0	0	0	0	0	0	0	0	0	10159312	257	438	7	134	305	298	119	70	
DHL	91200	91200	0	0	0	0	0	0	0	0	0	10142005	257	438	7	134	305	298	119	70	
DHL	91400	91400	0	0	0	0	0	0	0	0	0	10124799	257	438	7	134	305	298	119	70	
DHL	91600	91600	0	0	0	0	0	0	0	0	0	10107999	257	438	7	134	305	298	119	70	
DHL	91800	91800	0	0	0	0	0	0	0	0	0	10091930	257	438	7	134	305	298	119	70	
DHL	92000	92000	0	0	0	0	0	0	0	0	0	10076230	257	438	7	134	305	298	119	70	
DHL	92200	92200	0	0	0	0	0	0	0	0	0	10060649	257	438	7	134	305	298	119	70	
DHL	92400	92400	0	0	0	0	0	0	0	0	0	10045426	257	438	7	134	305	298	119	70	
DHL	92600	92600	0	0	0	0	0	0	0	0	0	10030375	257	438	7	134	305	298	119	70	
DHL	92800	92800	0	0	0	0	0	0	0	0	0	10015444	257	438	7	134	305	298	119	70	
DHL	93000	93000	0	0	0	0	0	0	0	0	0	10000704	257	438	7	134	305	298	119	70	
DHL	93200	93200	0	0	0	0	0	0	0	0	0	9986339	257	438	7	134	305	298	119	70	
DHL	93400	93400	0	0	0	0	0	0	0	0	0	9971628	257	438	7	134	305	298	119	70	
DHL	93600	93600	0	0	0	0	0	0	0	0	0	9956991	257	438	7	134	305	298	119	70	
DHL	93800	93800	0	0	0	0	0	0	0	0	0	9943429	257	438	7	134	305	298	119	70	
DHL	94000	94000	0	0	0	0	0	0	0	0	0	9929750	257	438	7	134	305	298	119	70	
DHL	94200	94200	0	0	0	0	0	0	0	0	0	9915489	257	438	7	134	305	298	119	70	
DHL	94400	94400	0	0	0	0	0	0	0	0	0	9900660	257	438	7	134	305	298	119	70	
DHL	94600	94600	0	0	0	0	0	0	0	0	0	9885293	257	438	7	134	305	298	119	70	
DHL	94800	94800	0	0	0	0	0	0	0	0	0	9870129	257	438	7	134	305	298	119	70	
DHL	95000	95000	0	0	0	0	0	0	0	0	0	9854477	257	438	7	134	305	298	119	70	
DHL	95200	95200	0	0	0	0	0	0	0	0	0	9838786	257	438	7	134	305	298	119	70	
DHL	95400	95400	0	0	0	0	0	0	0	0	0	9823657	257	438	7	134	305	298	119	70	
DHL	95600	95600	0	0	0	0	0	0	0	0	0	9809133	257	438	7	134	305	298	119	70	
DHL	95800	95800	0	0	0	0	0	0	0	0	0	9794614	257	438	7	134	305	298	119	70	
DHL	96000	96000	0	0	0	0	0	0	0	0	0	9780200	257	438	7	134	305	298	119	70	
DHL	96200	96200	0	0	0	0	0	0	0	0	0	9765208	257	438	7	134	305	298	119	70	
DHL	96400	96400	0	0	0	0	0	0	0	0	0	9749202	257	438	7	134	305	298	119	70	
DHL	96600	96600	0	0	0	0	0	0	0	0	0	9733456	257	438	7	134	305	298	119	70	
DHL	96800	96800	0	0	0	0	0	0	0	0	0	9718203	257	438	7	134	305	298	119	70	
DHL	97000	97000	0	0	0	0	0	0	0	0	0	9703508	257	438	7	134	305	298	119	70	
DHL	97200	97200	0	0	0	0	0	0	0	0	0	9689126	257	438	7	134	305	298	119	70	
DHL	97400	97400	0	0	0	0	0	0	0	0	0	9675441	257	438	7	134	305	298	119	70	
DHL	97600	97600	0	0	0	0	0	0	0	0	0	9661328	257	438	7	134	305	298	119	70	
DHL	97800	97800	0	0	0	0	0	0	0	0	0	9646312	257	438	7	134	305	298	119	70	
DHL	98000	98000	0	0	0	0	0	0	0	0	0	9631476	257	438	7	134	305	298	119	70	
DHL	98200	98200	0	0	0	0	0	0	0	0	0	9616942	257	438	7	134	305	298	119	70	
DHL	98400	98400	0	0	0	0	0	0	0	0	0	9602282	257	438	7	134	305	298	119	70	
DHL	98600	98600	0	0	0	0	0	0	0	0	0	9587519	257	438	7	134	305	298	119	70	
DHL	98800	98800	0	0	0	0	0	0	0	0	0	9573215	257	438	7	134	305	298	119	70	
DHL	99000	99000	0	0	0	0	0	0	0	0	0	9559076	257	438	7	134	305	298	119	70	
DHL	99200	99200	0	0	0	0	0	0	0	0	0	9544054	257	438	7	134	305	298	119	70	
DHL	99400	99400	0	0	0	0	0	0	0	0	0	9528993	257	438	7	134	305	298	119	70	
DHL	99600	99600	0	0	0	0	0	0	0	0	0	9514008	257	438	7	134	305	298	119	70	
DHL	99800	99800	0	0	0	0	0	0	0	0	0	9498877	257	438	7	134	305	298	119	70	
DHL	100000	100000	0	0	0	0	0	0	0	0	0	9484582	257	438	7	134	305	298	119	70	
