FL	0	0	36	27	1	28	27	24	17	76	2	17055000	6075	4775	148	1925	4244	4632	2536	13292	512	
FL	200	200	38	29	1	29	28	22	18	76	2	17055000	6075	4775	148	1925	4244	4632	2536	13292	512	
FL	400	400	36	27	0	28	29	21	19	79	2	17055000	6075	4775	148	1925	4244	4632	2536	13292	512	
FL	600	600	38	26	0	26	29	19	19	82	2	17055000	6075	4775	148	1925	4244	4632	2536	13292	512	
FL	800	800	37	25	0	27	28	19	19	80	2	17055000	6075	4775	148	1925	4244	4632	2536	13292	512	
FL	1000	1000	37	28	0	27	28	19	17	74	2	17055000	6075	4775	148	1925	4244	4632	2536	13292	512	
FL	1200	1200	37	28	0	26	30	18	16	72	2	17055000	6075	4775	148	1925	4244	4632	2536	13292	512	
FL	1400	1400	33	28	0	26	28	18	16	73	2	17055000	6075	4775	148	1925	4244	4632	2536	13292	512	
FL	1600	1600	32	30	0	26	28	20	15	72	3	17055000	6075	4775	148	1925	4244	4632	2536	13292	512	
FL	1800	1800	32	32	0	26	28	21	15	74	3	17055000	6075	4775	148	1925	4244	4632	2536	13292	512	
FL	2000	2000	31	33	0	26	32	21	15	72	3	17055000	6075	4775	148	1925	4244	4632	2536	13292	512	
FL	2200	2200	31	36	0	25	30	22	14	70	3	17055000	6075	4775	148	1925	4244	4632	2536	13292	512	
FL	2400	2400	35	38	0	27	28	22	15	66	2	17055000	6075	4775	148	1925	4244	4632	2536	13292	512	
FL	2600	2600	36	39	0	29	30	23	14	75	2	17055000	6075	4775	148	1925	4244	4632	2536	13292	512	
FL	2800	2800	33	39	0	31	30	24	12	72	2	17055000	6075	4775	148	1925	4244	4632	2536	13292	512	
FL	3000	3000	33	37	0	30	31	25	12	73	2	17055000	6075	4775	148	1925	4244	4632	2536	13292	512	
FL	3200	3200	33	36	0	33	31	24	12	73	1	17055000	6075	4775	148	1925	4244	4632	2536	13292	512	
FL	3400	3400	31	38	0	27	30	23	11	74	1	17055000	6075	4775	148	1925	4244	4632	2536	13292	512	
FL	3600	3600	29	39	0	25	29	22	10	75	1	17055000	6075	4775	148	1925	4244	4632	2536	13292	512	
FL	3800	3800	32	40	0	25	30	22	10	77	1	17055000	6075	4775	148	1925	4244	4632	2536	13292	512	
FL	4000	4000	29	40	0	25	30	22	9	79	1	17055000	6075	4775	148	1925	4244	4632	2536	13292	512	
FL	4200	4200	29	37	0	24	31	20	9	79	1	17055000	6075	4775	148	1925	4244	4632	2536	13292	512	
FL	4400	4400	31	35	0	23	30	20	8	82	1	17055000	6075	4775	148	1925	4244	4632	2536	13292	512	
FL	4600	4600	32	34	0	20	29	19	11	86	1	17055000	6075	4775	148	1925	4244	4632	2536	13292	512	
FL	4800	4800	32	38	0	15	29	18	12	84	1	17055000	6075	4775	148	1925	4244	4632	2536	13292	512	
FL	5000	5000	32	39	0	15	31	19	12	86	1	17055000	6075	4775	148	1925	4244	4632	2536	13292	512	
FL	5200	5200	27	39	0	16	30	19	12	85	1	17055000	6075	4775	148	1925	4244	4632	2536	13292	512	
FL	5400	5400	28	43	0	15	30	20	11	88	1	17055000	6075	4775	148	1925	4244	4632	2536	13292	512	
FL	5600	5600	27	42	0	15	28	19	11	84	1	17055000	6075	4775	148	1925	4244	4632	2536	13292	512	
FL	5800	5800	23	41	1	15	28	20	11	81	1	17055000	6075	4775	148	1925	4244	4632	2536	13292	512	
FL	6000	6000	23	38	1	15	27	20	11	80	1	17055000	6075	4775	148	1925	4244	4632	2536	13292	512	
FL	6200	6200	23	38	1	15	26	20	12	81	1	17055000	6075	4775	148	1925	4244	4632	2536	13292	512	
FL	6400	6400	26	38	1	15	27	21	13	83	3	17055000	6075	4775	148	1925	4244	4632	2536	13292	512	
FL	6600	6600	26	37	1	17	27	18	14	82	2	17055000	6075	4775	148	1925	4244	4632	2536	13292	512	
FL	6800	6800	23	36	1	17	27	16	13	81	2	17055000	6075	4775	148	1925	4244	4632	2536	13292	512	
FL	7000	7000	24	34	1	17	24	17	14	85	2	17055000	6075	4775	148	1925	4244	4632	2536	13292	512	
FL	7200	7200	25	33	1	17	25	17	15	84	2	17055000	6075	4775	148	1925	4244	4632	2536	13292	512	
FL	7400	7400	21	33	1	15	28	17	15	88	2	17055000	6075	4775	148	1925	4244	4632	2536	13292	512	
FL	7600	7600	24	34	1	15	26	15	14	79	2	17055000	6075	4775	148	1925	4244	4632	2536	13292	512	
FL	7800	7800	24	33	1	13	27	15	15	80	2	17055000	6075	4775	148	1925	4244	4632	2536	13292	512	
FL	8000	8000	26	34	1	13	28	12	15	78	3	17055000	6075	4775	148	1925	4244	4632	2536	13292	512	
FL	8200	8200	26	33	1	9	28	14	15	78	3	17055000	6075	4775	148	1925	4244	4632	2536	13292	512	
FL	8400	8400	26	31	1	9	26	14	15	75	3	17055000	6075	4775	148	1925	4244	4632	2536	13292	512	
FL	8600	8600	26	29	1	9	25	14	15	74	3	17055000	6075	4775	148	1925	4244	4632	2536	13292	512	
FL	8800	8800	25	31	1	9	26	15	15	73	4	17055000	6075	4775	148	1925	4244	4632	2536	13292	512	
FL	9000	9000	26	31	1	10	26	15	14	71	4	17055000	6075	4775	148	1925	4244	4632	2536	13292	512	
FL	9200	9200	25	32	1	9	24	15	14	73	4	17055000	6075	4775	148	1925	4244	4632	2536	13292	512	
FL	9400	9400	25	33	1	8	23	15	14	74	4	17055000	6075	4775	148	1925	4244	4632	2536	13292	512	
FL	9600	9600	25	34	1	8	22	15	10	70	4	17055000	6075	4775	148	1925	4244	4632	2536	13292	512	
FL	9800	9800	27	31	1	8	22	16	10	72	4	17055000	6075	4775	148	1925	4244	4632	2536	13292	512	
FL	10000	10000	28	31	1	11	21	15	10	73	4	17055000	6075	4775	148	1925	4244	4632	2536	13292	512	
FL	10200	10200	29	30	1	9	22	16	9	73	4	17055000	6075	4775	148	1925	4244	4632	2536	13292	512	
FL	10400	10400	28	27	1	9	21	17	9	70	4	17055000	6075	4775	148	1925	4244	4632	2536	13292	512	
FL	10600	10600	30	27	1	9	24	17	9	71	4	17055000	6075	4775	148	1925	4244	4632	2536	13292	512	
FL	10800	10800	33	28	0	9	25	17	11	73	4	17055000	6075	4775	148	1925	4244	4632	2536	13292	512	
FL	11000	11000	34	30	0	9	25	17	11	75	4	17055000	6075	4775	148	1925	4244	4632	2536	13292	512	
FL	11200	11200	34	29	0	9	24	17	12	76	4	17055000	6075	4775	148	1925	4244	4632	2536	13292	512	
FL	11400	11400	32	29	0	10	24	16	14	72	2	17055000	6075	4775	148	1925	4244	4632	2536	13292	512	
FL	11600	11600	32	28	0	9	27	16	15	76	2	17055000	6075	4775	148	1925	4244	4632	2536	13292	512	
FL	11800	11800	32	28	0	13	26	17	15	74	2	17055000	6075	4775	148	1925	4244	4632	2536	13292	512	
FL	12000	12000	34	29	0	13	25	18	16	74	3	17055000	6075	4775	148	1925	4244	4632	2536	13292	512	
FL	12200	12200	33	28	0	13	24	18	16	79	3	17055000	6075	4775	148	1925	4244	4632	2536	13292	512	
FL	12400	12400	34	27	0	15	21	17	16	78	3	17055000	6075	4775	148	1925	4244	4632	2536	13292	512	
FL	12600	12600	31	28	0	16	22	17	16	78	3	17055000	6075	4775	148	1925	4244	4632	2536	13292	512	
FL	12800	12800	34	28	0	17	21	17	16	76	3	17055000	6075	4775	148	1925	4244	4632	2536	13292	512	
FL	13000	13000	32	28	0	17	21	19	16	79	2	17055000	6075	4775	148	1925	4244	4632	2536	13292	512	
FL	13200	13200	32	32	0	17	22	17	15	80	2	17055000	6075	4775	148	1925	4244	4632	2536	13292	512	
FL	13400	13400	35	34	0	17	22	17	17	82	3	17055000	6075	4775	148	1925	4244	4632	2536	13292	512	
FL	13600	13600	33	35	0	18	21	17	17	87	3	17055000	6075	4775	148	1925	4244	4632	2536	13292	512	
FL	13800	13800	31	31	0	19	19	17	18	88	2	17055000	6075	4775	148	1925	4244	4632	2536	13292	512	
FL	14000	14000	31	29	0	19	19	16	18	87	3	17055000	6075	4775	148	1925	4244	4632	2536	13292	512	
FL	14200	14200	32	29	0	19	19	18	21	87	3	17055000	6075	4775	148	1925	4244	4632	2536	13292	512	
FL	14400	14400	31	29	0	19	19	19	21	81	3	17055000	6075	4775	148	1925	4244	4632	2536	13292	512	
FL	14600	14600	35	30	0	19	19	20	21	86	4	17055000	6075	4775	148	1925	4244	4632	2536	13292	512	
FL	14800	14800	36	30	0	19	19	20	20	88	4	17055000	6075	4775	148	1925	4244	4632	2536	13292	512	
FL	15000	15000	39	32	0	16	19	21	20	89	4	17055000	6075	4775	148	1925	4244	4632	2536	13292	512	
FL	15200	15200	40	31	0	16	18	22	20	87	4	17055000	6075	4775	148	1925	4244	4632	2536	13292	512	
FL	15400	15400	40	31	0	16	20	21	20	84	4	17055000	6075	4775	148	1925	4244	4632	2536	13292	512	
FL	15600	15600	38	33	0	18	17	21	20	89	4	17055000	6075	4775	148	1925	4244	4632	2536	13292	512	
FL	15800	15800	37	33	0	17	16	20	21	90	4	17055000	6075	4775	148	1925	4244	4632	2536	13292	512	
FL	16000	16000	38	32	0	18	16	22	24	92	4	17055000	6075	4775	148	1925	4244	4632	2536	13292	512	
FL	16200	16200	40	32	0	18	16	24	24	93	4	17055000	6075	4775	148	1925	4244	4632	2536	13292	512	
FL	16400	16400	40	30	0	19	15	24	22	92	4	17055000	6075	4775	148	1925	4244	4632	2536	13292	512	
FL	16600	16600	41	32	0	18	12	27	20	87	4	17055000	6075	4775	148	1925	4244	4632	2536	13292	512	
FL	16800	16800	44	32	0	14	13	28	20	88	4	17055000	6075	4775	148	1925	4244	4632	2536	13292	512	
FL	17000	17000	43	33	0	16	14	27	20	90	3	17055000	6075	4775	148	1925	4244	4632	2536	13292	512	
FL	17200	17200	44	35	0	18	14	27	19	88	3	17055000	6075	4775	148	1925	4244	4632	2536	13292	512	
FL	17400	17400	44	35	1	16	16	30	19	86	3	17055000	6075	4775	148	1925	4244	4632	2536	13292	512	
FL	17600	17600	43	35	1	13	16	32	19	86	3	17055000	6075	4775	148	1925	4244	4632	2536	13292	512	
FL	17800	17800	42	36	1	12	15	31	20	88	3	17055000	6075	4775	148	1925	4244	4632	2536	13292	512	
FL	18000	18000	42	38	1	13	14	30	21	84	3	17055000	6075	4775	148	1925	4244	4632	2536	13292	512	
FL	18200	18200	43	37	1	15	16	30	21	85	3	17055000	6075	4775	148	1925	4244	4632	2536	13292	512	
FL	18400	18400	42	36	1	16	16	29	19	83	2	17055000	6075	4775	148	1925	4244	4632	2536	13292	512	
FL	18600	18600	45	36	1	18	18	30	19	79	2	17055000	6075	4775	148	1925	4244	4632	2536	13292	512	
FL	18800	18800	46	38	1	18	19	30	18	78	3	17055000	6075	4775	148	1925	4244	4632	2536	13292	512	
FL	19000	19000	46	39	1	18	20	31	18	75	2	17055000	6075	4775	148	1925	4244	4632	2536	13292	512	
FL	19200	19200	47	38	1	18	20	30	17	75	2	17055000	6075	4775	148	1925	4244	4632	2536	13292	512	
FL	19400	19400	49	37	1	19	21	30	17	83	2	17055000	6075	4775	148	1925	4244	4632	2536	13292	512	
FL	19600	19600	45	36	1	20	21	31	17	78	1	17055000	6075	4775	148	1925	4244	4632	2536	13292	512	
FL	19800	19800	43	35	1	21	20	33	17	75	1	17055000	6075	4775	148	1925	4244	4632	2536	13292	512	
FL	20000	20000	41	35	1	22	21	33	17	73	1	17055000	6075	4775	148	1925	4244	4632	2536	13292	512	
FL	20200	20200	40	36	1	22	22	33	17	77	1	17055000	6075	4775	148	1925	4244	4632	2536	13292	512	
FL	20400	20400	42	35	1	22	21	33	17	77	1	17055000	6075	4775	148	1925	4244	4632	2536	13292	512	
FL	20600	20600	41	33	1	20	22	34	18	75	1	17055000	6075	4775	148	1925	4244	4632	2536	13292	512	
FL	20800	20800	39	32	1	20	23	35	15	73	1	17055000	6075	4775	148	1925	4244	4632	2536	13292	512	
FL	21000	21000	41	31	1	19	23	35	12	71	1	17055000	6075	4775	148	1925	4244	4632	2536	13292	512	
FL	21200	21200	40	33	1	19	23	36	10	70	1	17055000	6075	4775	148	1925	4244	4632	2536	13292	512	
FL	21400	21400	41	33	1	17	23	37	10	72	1	17055000	6075	4775	148	1925	4244	4632	2536	13292	512	
FL	21600	21600	40	32	1	17	23	37	10	73	1	17055000	6075	4775	148	1925	4244	4632	2536	13292	512	
FL	21800	21800	38	33	1	17	22	38	12	72	1	17055000	6075	4775	148	1925	4244	4632	2536	13292	512	
FL	22000	22000	37	31	1	15	22	37	11	67	1	17055000	6075	4775	148	1925	4244	4632	2536	13292	512	
FL	22200	22200	37	30	1	13	25	36	11	67	1	17055000	6075	4775	148	1925	4244	4632	2536	13292	512	
FL	22400	22400	39	30	0	13	23	34	10	67	1	17055000	6075	4775	148	1925	4244	4632	2536	13292	512	
FL	22600	22600	38	30	0	13	22	33	10	67	1	17055000	6075	4775	148	1925	4244	4632	2536	13292	512	
FL	22800	22800	40	28	0	13	24	36	8	67	2	17055000	6075	4775	148	1925	4244	4632	2536	13292	512	
FL	23000	23000	40	25	0	13	23	37	7	67	2	17055000	6075	4775	148	1925	4244	4632	2536	13292	512	
FL	23200	23200	40	23	0	12	21	37	7	63	2	17055000	6075	4775	148	1925	4244	4632	2536	13292	512	
FL	23400	23400	40	22	0	12	20	38	8	62	2	17055000	6075	4775	148	1925	4244	4632	2536	13292	512	
FL	23600	23600	37	23	0	10	18	37	8	58	2	17055000	6075	4775	148	1925	4244	4632	2536	13292	512	
FL	23800	23800	42	21	0	10	17	38	8	57	2	17055000	6075	4775	148	1925	4244	4632	2536	13292	512	
FL	24000	24000	43	22	0	9	16	37	10	61	2	17055000	6075	4775	148	1925	4244	4632	2536	13292	512	
FL	24200	24200	41	25	0	15	18	36	9	59	2	17055000	6075	4775	148	1925	4244	4632	2536	13292	512	
FL	24400	24400	39	27	0	16	18	38	11	55	2	17055000	6075	4775	148	1925	4244	4632	2536	13292	512	
FL	24600	24600	39	28	0	15	20	37	11	60	2	17055000	6075	4775	148	1925	4244	4632	2536	13292	512	
FL	24800	24800	38	31	0	17	22	34	11	61	2	17055000	6075	4775	148	1925	4244	4632	2536	13292	512	
FL	25000	25000	39	28	1	18	21	37	11	62	2	17055000	6075	4775	148	1925	4244	4632	2536	13292	512	
FL	25200	25200	39	28	1	18	20	35	11	59	3	17055000	6075	4775	148	1925	4244	4632	2536	13292	512	
FL	25400	25400	41	29	1	18	20	34	12	59	3	17055000	6075	4775	148	1925	4244	4632	2536	13292	512	
FL	25600	25600	44	32	1	18	20	35	11	58	3	17055000	6075	4775	148	1925	4244	4632	2536	13292	512	
FL	25800	25800	45	32	1	19	20	34	14	59	3	17055000	6075	4775	148	1925	4244	4632	2536	13292	512	
FL	26000	26000	45	33	1	19	21	32	15	58	3	17055000	6075	4775	148	1925	4244	4632	2536	13292	512	
FL	26200	26200	44	33	1	20	22	29	15	61	3	17055000	6075	4775	148	1925	4244	4632	2536	13292	512	
FL	26400	26400	43	34	1	20	24	28	14	64	3	17055000	6075	4775	148	1925	4244	4632	2536	13292	512	
FL	26600	26600	48	36	1	20	23	26	15	65	3	17055000	6075	4775	148	1925	4244	4632	2536	13292	512	
FL	26800	26800	50	34	1	20	24	25	13	66	3	17055000	6075	4775	148	1925	4244	4632	2536	13292	512	
FL	27000	27000	50	35	1	20	23	25	13	65	4	17055000	6075	4775	148	1925	4244	4632	2536	13292	512	
FL	27200	27200	51	35	1	20	20	28	15	66	4	17055000	6075	4775	148	1925	4244	4632	2536	13292	512	
FL	27400	27400	50	36	1	20	23	27	16	65	5	17055000	6075	4775	148	1925	4244	4632	2536	13292	512	
FL	27600	27600	51	34	1	20	23	26	16	67	5	17055000	6075	4775	148	1925	4244	4632	2536	13292	512	
FL	27800	27800	48	36	1	20	22	23	16	67	4	17055000	6075	4775	148	1925	4244	4632	2536	13292	512	
FL	28000	28000	49	36	1	19	23	21	19	71	4	17055000	6075	4775	148	1925	4244	4632	2536	13292	512	
FL	28200	28200	50	37	1	18	24	22	19	74	4	17055000	6075	4775	148	1925	4244	4632	2536	13292	512	
FL	28400	28400	49	38	1	18	25	22	18	75	4	17055000	6075	4775	148	1925	4244	4632	2536	13292	512	
FL	28600	28600	50	37	1	17	25	24	19	80	4	17055000	6075	4775	148	1925	4244	4632	2536	13292	512	
FL	28800	28800	45	38	1	17	26	22	21	79	3	17055000	6075	4775	148	1925	4244	4632	2536	13292	512	
FL	29000	29000	46	38	1	17	26	24	19	80	3	17055000	6075	4775	148	1925	4244	4632	2536	13292	512	
FL	29200	29200	46	37	1	11	25	26	18	81	3	17055000	6075	4775	148	1925	4244	4632	2536	13292	512	
FL	29400	29400	45	36	1	9	24	25	17	78	4	17055000	6075	4775	148	1925	4244	4632	2536	13292	512	
FL	29600	29600	46	36	1	9	22	26	18	73	4	17055000	6075	4775	148	1925	4244	4632	2536	13292	512	
FL	29800	29800	46	33	1	10	20	26	18	73	4	17055000	6075	4775	148	1925	4244	4632	2536	13292	512	
FL	30000	30000	44	33	0	8	20	23	18	75	4	17055000	6075	4775	148	1925	4244	4632	2536	13292	512	
FL	30200	30200	45	33	0	8	22	25	19	76	4	17055000	6075	4775	148	1925	4244	4632	2536	13292	512	
FL	30400	30400	42	34	0	9	22	25	18	77	6	17055000	6075	4775	148	1925	4244	4632	2536	13292	512	
FL	30600	30600	44	31	0	10	21	24	18	80	6	17055000	6075	4775	148	1925	4244	4632	2536	13292	512	
FL	30800	30800	46	35	0	10	22	23	16	80	6	17055000	6075	4775	148	1925	4244	4632	2536	13292	512	
FL	31000	31000	43	35	0	11	23	24	15	80	6	17055000	6075	4775	148	1925	4244	4632	2536	13292	512	
FL	31200	31200	43	34	0	10	23	24	17	74	6	17055000	6075	4775	148	1925	4244	4632	2536	13292	512	
FL	31400	31400	42	33	0	10	21	24	17	73	6	17055000	6075	4775	148	1925	4244	4632	2536	13292	512	
FL	31600	31600	38	33	0	12	21	26	18	73	6	17055000	6075	4775	148	1925	4244	4632	2536	13292	512	
FL	31800	31800	36	34	1	12	21	27	18	72	6	17055000	6075	4775	148	1925	4244	4632	2536	13292	512	
FL	32000	32000	35	34	1	12	22	28	18	75	5	17055000	6075	4775	148	1925	4244	4632	2536	13292	512	
FL	32200	32200	33	32	1	12	23	26	16	75	7	17055000	6075	4775	148	1925	4244	4632	2536	13292	512	
FL	32400	32400	32	31	1	12	21	26	15	78	6	17055000	6075	4775	148	1925	4244	4632	2536	13292	512	
FL	32600	32600	31	30	1	12	23	27	16	74	7	17055000	6075	4775	148	1925	4244	4632	2536	13292	512	
FL	32800	32800	33	29	1	12	22	27	16	73	7	17055000	6075	4775	148	1925	4244	4632	2536	13292	512	
FL	33000	33000	32	31	1	12	21	27	14	70	7	17055000	6075	4775	148	1925	4244	4632	2536	13292	512	
FL	33200	33200	31	30	1	14	19	28	15	70	7	17055000	6075	4775	148	1925	4244	4632	2536	13292	512	
FL	33400	33400	31	30	1	13	19	27	16	69	7	17055000	6075	4775	148	1925	4244	4632	2536	13292	512	
FL	33600	33600	30	30	1	17	20	26	15	67	7	17055000	6075	4775	148	1925	4244	4632	2536	13292	512	
FL	33800	33800	30	31	1	16	20	26	13	69	7	17055000	6075	4775	148	1925	4244	4632	2536	13292	512	
FL	34000	34000	29	30	1	16	20	26	13	67	7	17055000	6075	4775	148	1925	4244	4632	2536	13292	512	
FL	34200	34200	31	29	1	18	19	26	15	66	7	17055000	6075	4775	148	1925	4244	4632	2536	13292	512	
FL	34400	34400	31	28	1	18	19	25	14	68	6	17055000	6075	4775	148	1925	4244	4632	2536	13292	512	
FL	34600	34600	29	26	1	19	20	27	13	71	6	17055000	6075	4775	148	1925	4244	4632	2536	13292	512	
FL	34800	34800	30	26	1	15	20	27	14	70	6	17055000	6075	4775	148	1925	4244	4632	2536	13292	512	
FL	35000	35000	30	26	1	15	19	27	15	70	6	17055000	6075	4775	148	1925	4244	4632	2536	13292	512	
FL	35200	35200	30	26	1	15	19	25	15	72	5	17055000	6075	4775	148	1925	4244	4632	2536	13292	512	
FL	35400	35400	30	27	2	14	18	27	16	74	3	17055000	6075	4775	148	1925	4244	4632	2536	13292	512	
FL	35600	35600	27	28	2	13	18	28	17	72	3	17055000	6075	4775	148	1925	4244	4632	2536	13292	512	
FL	35800	35800	24	25	2	12	18	28	16	72	3	17055000	6075	4775	148	1925	4244	4632	2536	13292	512	
FL	36000	36000	23	25	2	12	17	27	17	73	3	17055000	6075	4775	148	1925	4244	4632	2536	13292	512	
FL	36200	36200	23	25	2	12	17	28	16	74	3	17055000	6075	4775	148	1925	4244	4632	2536	13292	512	
FL	36400	36400	23	26	2	13	19	30	16	70	3	17055000	6075	4775	148	1925	4244	4632	2536	13292	512	
FL	36600	36600	24	23	2	14	19	28	14	69	3	17055000	6075	4775	148	1925	4244	4632	2536	13292	512	
FL	36800	36800	23	24	1	16	18	27	14	71	3	17055000	6075	4775	148	1925	4244	4632	2536	13292	512	
FL	37000	37000	25	25	1	16	18	29	13	71	3	17055000	6075	4775	148	1925	4244	4632	2536	13292	512	
FL	37200	37200	25	25	1	16	17	28	15	70	1	17055000	6075	4775	148	1925	4244	4632	2536	13292	512	
FL	37400	37400	26	26	1	18	16	29	15	69	2	17055000	6075	4775	148	1925	4244	4632	2536	13292	512	
FL	37600	37600	27	27	1	19	15	32	14	74	1	17055000	6075	4775	148	1925	4244	4632	2536	13292	512	
FL	37800	37800	26	28	1	19	16	37	14	73	1	17055000	6075	4775	148	1925	4244	4632	2536	13292	512	
FL	38000	38000	24	28	1	20	17	38	14	71	2	17055000	6075	4775	148	1925	4244	4632	2536	13292	512	
FL	38200	38200	23	29	1	18	19	36	14	69	2	17055000	6075	4775	148	1925	4244	4632	2536	13292	512	
FL	38400	38400	22	28	1	18	18	36	13	75	2	17055000	6075	4775	148	1925	4244	4632	2536	13292	512	
FL	38600	38600	24	28	1	14	21	38	14	73	2	17055000	6075	4775	148	1925	4244	4632	2536	13292	512	
FL	38800	38800	27	26	1	15	22	41	15	76	2	17055000	6075	4775	148	1925	4244	4632	2536	13292	512	
FL	39000	39000	25	25	1	15	23	41	16	76	3	17055000	6075	4775	148	1925	4244	4632	2536	13292	512	
FL	39200	39200	24	24	1	13	23	40	14	76	3	17055000	6075	4775	148	1925	4244	4632	2536	13292	512	
FL	39400	39400	25	24	1	13	23	39	14	75	3	17055000	6075	4775	148	1925	4244	4632	2536	13292	512	
FL	39600	39600	26	24	1	13	23	35	14	73	3	17055000	6075	4775	148	1925	4244	4632	2536	13292	512	
FL	39800	39800	27	26	1	13	23	36	13	73	3	17055000	6075	4775	148	1925	4244	4632	2536	13292	512	
FL	40000	40000	27	27	1	13	23	38	13	69	3	17055000	6075	4775	148	1925	4244	4632	2536	13292	512	
FL	40200	40200	28	29	1	13	21	37	12	68	3	17055000	6075	4775	148	1925	4244	4632	2536	13292	512	
FL	40400	40400	29	26	0	13	22	36	11	69	3	17055000	6075	4775	148	1925	4244	4632	2536	13292	512	
FL	40600	40600	28	27	0	13	22	35	11	70	3	17055000	6075	4775	148	1925	4244	4632	2536	13292	512	
FL	40800	40800	34	28	0	13	20	35	11	70	3	17055000	6075	4775	148	1925	4244	4632	2536	13292	512	
FL	41000	41000	35	28	0	12	19	35	10	69	3	17055000	6075	4775	148	1925	4244	4632	2536	13292	512	
FL	41200	41200	35	30	0	12	19	34	10	70	3	17055000	6075	4775	148	1925	4244	4632	2536	13292	512	
FL	41400	41400	39	30	0	12	18	32	10	71	4	17055000	6075	4775	148	1925	4244	4632	2536	13292	512	
FL	41600	41600	38	31	0	9	17	33	11	71	5	17055000	6075	4775	148	1925	4244	4632	2536	13292	512	
FL	41800	41800	39	31	0	8	18	33	11	68	5	17055000	6075	4775	148	1925	4244	4632	2536	13292	512	
FL	42000	42000	38	29	0	9	17	30	11	67	5	17055000	6075	4775	148	1925	4244	4632	2536	13292	512	
FL	42200	42200	39	29	0	9	17	30	9	64	5	17055000	6075	4775	148	1925	4244	4632	2536	13292	512	
FL	42400	42400	39	29	0	7	18	30	10	62	4	17055000	6075	4775	148	1925	4244	4632	2536	13292	512	
FL	42600	42600	39	29	0	6	19	27	10	63	4	17055000	6075	4775	148	1925	4244	4632	2536	13292	512	
FL	42800	42800	37	29	0	6	21	22	10	65	4	17055000	6075	4775	148	1925	4244	4632	2536	13292	512	
FL	43000	43000	39	30	0	7	20	22	9	67	3	17055000	6075	4775	148	1925	4244	4632	2536	13292	512	
FL	43200	43200	39	28	0	7	20	23	9	68	3	17055000	6075	4775	148	1925	4244	4632	2536	13292	512	
FL	43400	43400	40	28	0	7	20	24	10	68	3	17055000	6075	4775	148	1925	4244	4632	2536	13292	512	
FL	43600	43600	38	27	0	8	18	22	9	70	3	17055000	6075	4775	148	1925	4244	4632	2536	13292	512	
FL	43800	43800	35	28	0	7	18	19	9	67	3	17055000	6075	4775	148	1925	4244	4632	2536	13292	512	
FL	44000	44000	35	30	0	7	18	18	8	72	2	17055000	6075	4775	148	1925	4244	4632	2536	13292	512	
FL	44200	44200	37	30	0	7	19	17	8	71	2	17055000	6075	4775	148	1925	4244	4632	2536	13292	512	
FL	44400	44400	38	29	0	9	19	17	9	70	2	17055000	6075	4775	148	1925	4244	4632	2536	13292	512	
FL	44600	44600	40	30	0	8	18	21	10	70	2	17055000	6075	4775	148	1925	4244	4632	2536	13292	512	
FL	44800	44800	41	30	0	8	18	23	10	69	2	17055000	6075	4775	148	1925	4244	4632	2536	13292	512	
FL	45000	45000	43	31	0	8	20	22	9	70	2	17055000	6075	4775	148	1925	4244	4632	2536	13292	512	
FL	45200	45200	42	28	0	9	21	25	10	67	2	17055000	6075	4775	148	1925	4244	4632	2536	13292	512	
FL	45400	45400	41	29	0	9	21	24	10	66	2	17055000	6075	4775	148	1925	4244	4632	2536	13292	512	
FL	45600	45600	40	29	0	9	22	23	9	65	2	17055000	6075	4775	148	1925	4244	4632	2536	13292	512	
FL	45800	45800	34	30	0	9	24	24	9	65	2	17055000	6075	4775	148	1925	4244	4632	2536	13292	512	
FL	46000	46000	35	29	0	10	25	24	10	65	2	17055000	6075	4775	148	1925	4244	4632	2536	13292	512	
FL	46200	46200	37	27	0	10	26	25	10	70	2	17055000	6075	4775	148	1925	4244	4632	2536	13292	512	
FL	46400	46400	33	30	0	9	26	26	15	72	1	17055000	6075	4775	148	1925	4244	4632	2536	13292	512	
FL	46600	46600	34	28	0	9	26	25	14	73	0	17055000	6075	4775	148	1925	4244	4632	2536	13292	512	
FL	46800	46800	33	27	0	8	26	24	14	74	0	17055000	6075	4775	148	1925	4244	4632	2536	13292	512	
FL	47000	47000	33	27	0	7	29	25	16	74	0	17055000	6075	4775	148	1925	4244	4632	2536	13292	512	
FL	47200	47200	35	27	0	8	30	25	17	77	0	17055000	6075	4775	148	1925	4244	4632	2536	13292	512	
FL	47400	47400	33	27	0	9	29	25	16	76	0	17055000	6075	4775	148	1925	4244	4632	2536	13292	512	
FL	47600	47600	34	26	0	9	28	27	16	70	0	17055000	6075	4775	148	1925	4244	4632	2536	13292	512	
FL	47800	47800	34	25	0	9	26	28	16	68	0	17055000	6075	4775	148	1925	4244	4632	2536	13292	512	
FL	48000	48000	32	23	0	8	28	32	16	69	0	17055000	6075	4775	148	1925	4244	4632	2536	13292	512	
FL	48200	48200	31	26	0	8	27	33	15	70	0	17055000	6075	4775	148	1925	4244	4632	2536	13292	512	
FL	48400	48400	33	29	0	9	27	32	16	64	0	17055000	6075	4775	148	1925	4244	4632	2536	13292	512	
FL	48600	48600	33	30	0	8	26	33	17	63	0	17055000	6075	4775	148	1925	4244	4632	2536	13292	512	
FL	48800	48800	33	30	1	9	24	34	16	63	0	17055000	6075	4775	148	1925	4244	4632	2536	13292	512	
FL	49000	49000	34	30	1	9	25	34	18	60	0	17055000	6075	4775	148	1925	4244	4632	2536	13292	512	
FL	49200	49200	33	34	1	9	24	35	18	61	0	17055000	6075	4775	148	1925	4244	4632	2536	13292	512	
FL	49400	49400	33	37	1	8	26	37	17	63	0	17055000	6075	4775	148	1925	4244	4632	2536	13292	512	
FL	49600	49600	32	36	1	8	27	33	17	64	1	17055000	6075	4775	148	1925	4244	4632	2536	13292	512	
FL	49800	49800	29	36	2	8	27	35	17	64	1	17055000	6075	4775	148	1925	4244	4632	2536	13292	512	
FL	50000	50000	29	34	2	9	25	34	17	64	1	17055000	6075	4775	148	1925	4244	4632	2536	13292	512	
FL	50200	50200	29	37	2	8	25	33	16	65	1	17055000	6075	4775	148	1925	4244	4632	2536	13292	512	
FL	50400	50400	29	36	2	8	25	34	16	62	1	17055000	6075	4775	148	1925	4244	4632	2536	13292	512	
FL	50600	50600	30	36	2	10	24	35	16	62	1	17055000	6075	4775	148	1925	4244	4632	2536	13292	512	
FL	50800	50800	31	34	2	10	23	34	16	62	1	17055000	6075	4775	148	1925	4244	4632	2536	13292	512	
FL	51000	51000	31	36	2	11	22	37	15	62	1	17055000	6075	4775	148	1925	4244	4632	2536	13292	512	
FL	51200	51200	30	36	2	12	21	39	14	59	1	17055000	6075	4775	148	1925	4244	4632	2536	13292	512	
FL	51400	51400	31	33	2	12	21	38	9	56	1	17055000	6075	4775	148	1925	4244	4632	2536	13292	512	
FL	51600	51600	30	34	2	12	22	38	11	61	1	17055000	6075	4775	148	1925	4244	4632	2536	13292	512	
FL	51800	51800	31	35	2	12	21	38	11	62	1	17055000	6075	4775	148	1925	4244	4632	2536	13292	512	
FL	52000	52000	31	35	2	12	18	37	10	63	1	17055000	6075	4775	148	1925	4244	4632	2536	13292	512	
FL	52200	52200	29	35	2	11	17	37	9	63	1	17055000	6075	4775	148	1925	4244	4632	2536	13292	512	
FL	52400	52400	29	33	2	11	19	36	10	67	1	17055000	6075	4775	148	1925	4244	4632	2536	13292	512	
FL	52600	52600	27	33	2	11	18	34	11	68	1	17055000	6075	4775	148	1925	4244	4632	2536	13292	512	
FL	52800	52800	29	33	2	11	18	33	11	72	1	17055000	6075	4775	148	1925	4244	4632	2536	13292	512	
FL	53000	53000	31	34	2	10	20	28	11	71	1	17055000	6075	4775	148	1925	4244	4632	2536	13292	512	
FL	53200	53200	32	32	2	10	19	28	12	68	1	17055000	6075	4775	148	1925	4244	4632	2536	13292	512	
FL	53400	53400	29	29	2	11	20	31	10	70	1	17055000	6075	4775	148	1925	4244	4632	2536	13292	512	
FL	53600	53600	31	32	2	11	19	31	9	71	1	17055000	6075	4775	148	1925	4244	4632	2536	13292	512	
FL	53800	53800	31	32	1	11	19	30	10	69	1	17055000	6075	4775	148	1925	4244	4632	2536	13292	512	
FL	54000	54000	31	30	1	11	18	30	9	71	1	17055000	6075	4775	148	1925	4244	4632	2536	13292	512	
FL	54200	54200	30	26	1	11	18	30	10	79	2	17055000	6075	4775	148	1925	4244	4632	2536	13292	512	
FL	54400	54400	29	23	1	10	17	29	11	80	2	17055000	6075	4775	148	1925	4244	4632	2536	13292	512	
FL	54600	54600	30	25	1	10	17	31	10	79	1	17055000	6075	4775	148	1925	4244	4632	2536	13292	512	
FL	54800	54800	32	26	0	11	18	26	11	83	2	17055000	6075	4775	148	1925	4244	4632	2536	13292	512	
FL	55000	55000	29	28	0	10	18	26	11	85	2	17055000	6075	4775	148	1925	4244	4632	2536	13292	512	
FL	55200	55200	28	26	0	10	19	25	13	84	2	17055000	6075	4775	148	1925	4244	4632	2536	13292	512	
FL	55400	55400	31	26	0	10	19	25	13	85	2	17055000	6075	4775	148	1925	4244	4632	2536	13292	512	
FL	55600	55600	34	26	0	12	19	24	14	85	2	17055000	6075	4775	148	1925	4244	4632	2536	13292	512	
FL	55800	55800	35	26	0	14	19	25	16	84	3	17055000	6075	4775	148	1925	4244	4632	2536	13292	512	
FL	56000	56000	35	24	0	13	20	23	16	86	3	17055000	6075	4775	148	1925	4244	4632	2536	13292	512	
FL	56200	56200	37	24	0	12	19	20	16	85	3	17055000	6075	4775	148	1925	4244	4632	2536	13292	512	
FL	56400	56400	37	24	0	12	20	24	16	84	3	17055000	6075	4775	148	1925	4244	4632	2536	13292	512	
FL	56600	56600	37	25	0	12	21	25	15	79	3	17055000	6075	4775	148	1925	4244	4632	2536	13292	512	
FL	56800	56800	36	26	0	12	22	25	15	79	4	17055000	6075	4775	148	1925	4244	4632	2536	13292	512	
FL	57000	57000	36	27	0	12	23	26	15	79	4	17055000	6075	4775	148	1925	4244	4632	2536	13292	512	
FL	57200	57200	38	30	0	12	23	28	15	80	4	17055000	6075	4775	148	1925	4244	4632	2536	13292	512	
FL	57400	57400	40	32	0	12	22	28	16	80	4	17055000	6075	4775	148	1925	4244	4632	2536	13292	512	
FL	57600	57600	41	32	0	12	22	29	17	81	4	17055000	6075	4775	148	1925	4244	4632	2536	13292	512	
FL	57800	57800	40	32	0	12	22	31	17	80	5	17055000	6075	4775	148	1925	4244	4632	2536	13292	512	
FL	58000	58000	42	30	0	12	18	33	17	78	5	17055000	6075	4775	148	1925	4244	4632	2536	13292	512	
FL	58200	58200	43	30	0	13	19	33	16	79	5	17055000	6075	4775	148	1925	4244	4632	2536	13292	512	
FL	58400	58400	44	32	0	12	19	30	18	79	5	17055000	6075	4775	148	1925	4244	4632	2536	13292	512	
FL	58600	58600	46	31	0	12	20	30	18	80	6	17055000	6075	4775	148	1925	4244	4632	2536	13292	512	
FL	58800	58800	45	31	0	12	22	30	17	81	6	17055000	6075	4775	148	1925	4244	4632	2536	13292	512	
FL	59000	59000	45	31	0	13	22	29	17	78	6	17055000	6075	4775	148	1925	4244	4632	2536	13292	512	
FL	59200	59200	47	32	0	13	23	28	16	69	5	17055000	6075	4775	148	1925	4244	4632	2536	13292	512	
FL	59400	59400	47	33	0	13	23	28	16	69	5	17055000	6075	4775	148	1925	4244	4632	2536	13292	512	
FL	59600	59600	44	36	0	13	24	27	16	67	5	17055000	6075	4775	148	1925	4244	4632	2536	13292	512	
FL	59800	59800	42	34	0	12	23	27	16	65	4	17055000	6075	4775	148	1925	4244	4632	2536	13292	512	
FL	60000	60000	42	34	0	12	23	28	16	65	4	17055000	6075	4775	148	1925	4244	4632	2536	13292	512	
FL	60200	60200	42	35	0	12	21	28	15	67	4	17054800	6075	4775	148	1925	4244	4632	2536	13292	512	
FL	60400	60400	38	37	0	13	21	27	16	69	4	17054600	6075	4775	148	1925	4244	4632	2536	13292	512	
FL	60600	60600	34	35	0	10	23	30	16	68	4	17054400	6075	4775	148	1925	4244	4632	2536	13292	512	
FL	60800	60800	35	34	0	9	23	32	14	65	3	17054200	6075	4775	148	1925	4244	4632	2536	13292	512	
FL	61000	61000	39	35	0	8	23	33	17	63	3	17054000	6075	4775	148	1925	4244	4632	2536	13292	512	
FL	61200	61200	39	36	0	8	24	33	17	61	3	17053800	6075	4775	148	1925	4244	4632	2536	13292	512	
FL	61400	61400	38	37	1	8	24	32	17	66	3	17053600	6075	4775	148	1925	4244	4632	2536	13292	512	
FL	61600	61600	38	38	1	8	23	31	17	66	3	17053400	6075	4775	148	1925	4244	4632	2536	13292	512	
FL	61800	61800	42	36	1	9	24	30	18	67	2	17053200	6075	4775	148	1925	4244	4632	2536	13292	512	
FL	62000	62000	45	36	1	10	23	29	17	66	2	17053000	6075	4775	148	1925	4244	4632	2536	13292	512	
FL	62200	62200	44	35	1	10	23	32	21	65	3	17052800	6075	4775	148	1925	4244	4632	2536	13292	512	
FL	62400	62400	43	33	1	9	22	32	21	64	3	17052600	6075	4775	148	1925	4244	4632	2536	13292	512	
FL	62600	62600	45	34	1	10	23	34	19	65	3	17052400	6075	4775	148	1925	4244	4632	2536	13292	512	
FL	62800	62800	45	34	1	11	22	34	19	67	2	17052200	6075	4775	148	1925	4244	4632	2536	13292	512	
FL	63000	63000	42	34	1	11	22	33	20	70	2	17052000	6075	4775	148	1925	4244	4632	2536	13292	512	
FL	63200	63200	43	33	1	10	21	32	21	70	2	17051800	6075	4775	148	1925	4244	4632	2536	13292	512	
FL	63400	63400	43	33	1	9	24	33	19	70	2	17051600	6075	4775	148	1925	4244	4632	2536	13292	512	
FL	63600	63600	42	30	1	10	24	34	21	67	2	17051400	6075	4775	148	1925	4244	4632	2536	13292	512	
FL	63800	63800	43	29	1	10	23	35	22	68	2	17051200	6075	4775	148	1925	4244	4632	2536	13292	512	
FL	64000	64000	43	31	1	9	22	38	23	73	2	17051000	6075	4775	148	1925	4244	4632	2536	13292	512	
FL	64200	64200	40	30	1	10	22	38	23	78	2	17050800	6075	4775	148	1925	4244	4632	2536	13292	512	
FL	64400	64400	41	30	1	11	23	39	23	78	2	17050600	6075	4775	148	1925	4244	4632	2536	13292	512	
FL	64600	64600	45	25	1	15	22	40	23	79	2	17050400	6075	4775	148	1925	4244	4632	2536	13292	512	
FL	64800	64800	46	26	1	17	24	43	22	78	2	17050200	6075	4775	148	1925	4244	4632	2536	13292	512	
FL	65000	65000	47	25	1	18	24	42	22	79	2	17050000	6075	4775	148	1925	4244	4632	2536	13292	512	
FL	65200	65200	47	25	1	19	25	42	23	82	3	17049600	6075	4775	148	1925	4244	4632	2536	13292	512	
FL	65400	65400	48	23	1	18	25	43	22	80	3	17049200	6075	4775	148	1925	4244	4632	2536	13292	512	
FL	65600	65600	52	26	1	17	26	40	23	81	3	17048800	6075	4775	148	1925	4244	4632	2536	13292	512	
FL	65800	65800	51	27	1	18	25	39	23	83	3	17048400	6075	4775	148	1925	4244	4632	2536	13292	512	
FL	66000	66000	46	26	1	19	25	37	20	82	3	17048000	6075	4775	148	1925	4244	4632	2536	13292	512	
FL	66200	66200	45	24	1	19	24	39	23	82	3	17047600	6075	4775	148	1925	4244	4632	2536	13292	512	
FL	66400	66400	46	24	0	21	23	36	24	81	3	17047200	6075	4775	148	1925	4244	4632	2536	13292	512	
FL	66600	66600	47	21	0	21	23	36	23	80	3	17046800	6075	4775	148	1925	4244	4632	2536	13292	512	
FL	66800	66800	45	20	0	22	23	43	22	76	3	17046400	6075	4775	148	1925	4244	4632	2536	13292	512	
FL	67000	67000	42	20	0	22	24	45	22	75	3	17046000	6075	4775	148	1925	4244	4632	2536	13292	512	
FL	67200	67200	43	20	0	23	24	42	20	77	2	17045600	6075	4775	148	1925	4244	4632	2536	13292	512	
FL	67400	67400	43	22	0	23	24	42	19	76	2	17045200	6075	4775	148	1925	4244	4632	2536	13292	512	
FL	67600	67600	43	24	0	22	23	40	21	79	2	17044800	6075	4775	148	1925	4244	4632	2536	13292	512	
FL	67800	67800	43	24	0	23	23	39	22	78	2	17044400	6075	4775	148	1925	4244	4632	2536	13292	512	
FL	68000	68000	43	26	0	23	23	40	21	77	2	17044000	6075	4775	148	1925	4244	4632	2536	13292	512	
FL	68200	68200	40	28	0	23	23	40	21	81	2	17043600	6075	4775	148	1925	4244	4632	2536	13292	512	
FL	68400	68400	42	27	0	24	19	40	21	83	3	17043200	6075	4775	148	1925	4244	4632	2536	13292	512	
FL	68600	68600	41	28	0	23	18	38	19	88	2	17042800	6075	4775	148	1925	4244	4632	2536	13292	512	
FL	68800	68800	44	29	0	23	18	37	19	86	2	17042400	6075	4775	148	1925	4244	4632	2536	13292	512	
FL	69000	69000	46	28	0	24	19	34	17	80	3	17042000	6075	4775	148	1925	4244	4632	2536	13292	512	
FL	69200	69200	46	28	0	23	20	35	17	78	3	17041600	6075	4775	148	1925	4244	4632	2536	13292	512	
FL	69400	69400	45	30	0	23	20	38	16	78	3	17041200	6075	4775	148	1925	4244	4632	2536	13292	512	
FL	69600	69600	43	31	0	21	19	36	16	77	3	17040800	6075	4775	148	1925	4244	4632	2536	13292	512	
FL	69800	69800	44	30	0	20	17	35	17	81	3	17040400	6075	4775	148	1925	4244	4632	2536	13292	512	
FL	70000	70000	45	30	0	22	17	36	17	78	3	17040000	6075	4775	148	1925	4244	4632	2536	13292	512	
FL	70200	70200	44	29	0	21	16	37	15	74	2	17039600	6075	4775	148	1925	4244	4632	2536	13292	512	
FL	70400	70400	45	30	0	21	17	36	15	73	3	17039200	6075	4775	148	1925	4244	4632	2536	13292	512	
FL	70600	70600	46	28	0	22	17	37	13	74	3	17038800	6075	4775	148	1925	4244	4632	2536	13292	512	
FL	70800	70800	47	28	0	20	19	35	13	75	3	17038400	6075	4775	148	1925	4244	4632	2536	13292	512	
FL	71000	71000	48	28	0	19	20	39	13	77	3	17038000	6075	4775	148	1925	4244	4632	2536	13292	512	
FL	71200	71200	46	28	0	20	20	39	10	78	3	17037600	6075	4775	148	1925	4244	4632	2536	13292	512	
FL	71400	71400	47	27	0	18	20	39	10	76	3	17037200	6075	4775	148	1925	4244	4632	2536	13292	512	
FL	71600	71600	47	28	0	18	22	38	10	79	3	17036800	6075	4775	148	1925	4244	4632	2536	13292	512	
FL	71800	71800	46	28	0	16	22	31	10	82	3	17036400	6075	4775	148	1925	4244	4632	2536	13292	512	
FL	72000	72000	46	27	0	17	22	31	11	85	3	17036000	6075	4775	148	1925	4244	4632	2536	13292	512	
FL	72200	72200	43	26	0	16	23	30	10	84	3	17035600	6075	4775	148	1925	4244	4632	2536	13292	512	
FL	72400	72400	44	26	0	17	25	30	9	89	3	17035200	6075	4775	148	1925	4244	4632	2536	13292	512	
FL	72600	72600	41	23	0	17	28	29	7	85	3	17034800	6075	4775	148	1925	4244	4632	2536	13292	512	
FL	72800	72800	43	26	0	16	29	31	7	83	3	17034400	6075	4775	148	1925	4244	4632	2536	13292	512	
FL	73000	73000	42	26	0	16	31	29	8	81	3	17034000	6075	4775	148	1925	4244	4632	2536	13292	512	
FL	73200	73200	42	25	0	16	32	28	7	77	3	17033600	6075	4775	148	1925	4244	4632	2536	13292	512	
FL	73400	73400	40	25	0	16	33	29	8	75	2	17033200	6075	4775	148	1925	4244	4632	2536	13292	512	
FL	73600	73600	40	25	0	16	34	29	11	71	2	17032800	6075	4775	148	1925	4244	4632	2536	13292	512	
FL	73800	73800	39	28	0	16	35	29	10	71	2	17032400	6075	4775	148	1925	4244	4632	2536	13292	512	
FL	74000	74000	38	29	0	15	37	31	11	70	1	17032000	6075	4775	148	1925	4244	4632	2536	13292	512	
FL	74200	74200	40	29	0	16	35	31	15	70	1	17031600	6075	4775	148	1925	4244	4632	2536	13292	512	
FL	74400	74400	40	26	0	16	33	27	16	68	2	17031200	6075	4775	148	1925	4244	4632	2536	13292	512	
FL	74600	74600	40	27	0	14	35	27	17	75	2	17030800	6075	4775	148	1925	4244	4632	2536	13292	512	
FL	74800	74800	38	26	0	13	36	28	17	71	3	17030400	6075	4775	148	1925	4244	4632	2536	13292	512	
FL	75000	75000	38	25	1	10	38	26	18	76	3	17030000	6075	4775	148	1925	4244	4632	2536	13292	512	
FL	75200	75200	40	25	1	10	38	25	18	80	3	17029600	6075	4775	148	1925	4244	4632	2536	13292	512	
FL	75400	75400	40	26	1	11	36	25	18	81	2	17029200	6075	4775	148	1925	4244	4632	2536	13292	512	
FL	75600	75600	37	28	1	10	33	24	18	78	2	17028800	6075	4775	148	1925	4244	4632	2536	13292	512	
FL	75800	75800	35	28	1	11	33	24	19	78	2	17028400	6075	4775	148	1925	4244	4632	2536	13292	512	
FL	76000	76000	35	28	1	11	32	20	20	77	2	17028000	6075	4775	148	1925	4244	4632	2536	13292	512	
FL	76200	76200	38	28	1	10	33	18	20	77	2	17027600	6075	4775	148	1925	4244	4632	2536	13292	512	
FL	76400	76400	38	30	1	10	32	20	20	77	2	17027200	6075	4775	148	1925	4244	4632	2536	13292	512	
FL	76600	76600	36	30	1	11	30	21	20	74	2	17026800	6075	4775	148	1925	4244	4632	2536	13292	512	
FL	76800	76800	36	34	1	12	31	21	20	74	2	17026400	6075	4775	148	1925	4244	4632	2536	13292	512	
FL	77000	77000	35	37	1	10	31	21	19	70	2	17026000	6075	4775	148	1925	4244	4632	2536	13292	512	
FL	77200	77200	35	36	1	11	31	22	18	71	2	17025600	6075	4775	148	1925	4244	4632	2536	13292	512	
FL	77400	77400	34	38	1	11	32	24	18	65	2	17025200	6075	4775	148	1925	4244	4632	2536	13292	512	
FL	77600	77600	36	38	1	12	30	25	18	67	2	17024800	6075	4775	148	1925	4244	4632	2536	13292	512	
FL	77800	77800	35	34	1	11	30	23	18	67	2	17024400	6075	4775	148	1925	4244	4632	2536	13292	512	
FL	78000	78000	35	33	1	11	30	24	18	70	2	17024000	6075	4775	148	1925	4244	4632	2536	13292	512	
FL	78200	78200	35	33	1	11	30	24	18	70	2	17023600	6075	4775	148	1925	4244	4632	2536	13292	512	
FL	78400	78400	35	33	1	11	29	23	17	69	3	17023200	6075	4775	148	1925	4244	4632	2536	13292	512	
FL	78600	78600	34	33	1	11	29	25	14	70	3	17022800	6075	4775	148	1925	4244	4632	2536	13292	512	
FL	78800	78800	31	31	1	11	27	27	15	72	3	17022400	6075	4775	148	1925	4244	4632	2536	13292	512	
FL	79000	79000	32	30	1	13	25	28	16	76	3	17022000	6075	4775	148	1925	4244	4632	2536	13292	512	
FL	79200	79200	31	31	1	13	25	28	12	75	3	17021600	6075	4775	148	1925	4244	4632	2536	13292	512	
FL	79400	79400	31	32	1	14	27	27	13	76	2	17021200	6075	4775	148	1925	4244	4632	2536	13292	512	
FL	79600	79600	29	31	1	14	26	28	12	72	2	17020800	6075	4775	148	1925	4244	4632	2536	13292	512	
FL	79800	79800	32	32	1	14	25	25	11	71	1	17020400	6075	4775	148	1925	4244	4632	2536	13292	512	
FL	80000	80000	30	32	0	15	25	27	10	67	1	17020000	6075	4775	148	1925	4244	4632	2536	13292	512	
FL	80200	80200	28	33	0	15	25	26	12	67	1	17019600	6075	4775	148	1925	4244	4632	2536	13292	512	
FL	80400	80400	26	32	0	15	25	27	12	70	1	17019200	6075	4775	148	1925	4244	4632	2536	13292	512	
FL	80600	80600	27	30	0	15	25	29	12	70	1	17018800	6075	4775	148	1925	4244	4632	2536	13292	512	
FL	80800	80800	30	30	0	14	24	29	12	70	1	17018400	6075	4775	148	1925	4244	4632	2536	13292	512	
FL	81000	81000	28	32	0	16	25	29	11	70	1	17018000	6075	4775	148	1925	4244	4632	2536	13292	512	
FL	81200	81200	25	34	0	16	26	30	12	71	2	17017600	6075	4775	148	1925	4244	4632	2536	13292	512	
FL	81400	81400	25	32	0	16	26	28	13	75	3	17017200	6075	4775	148	1925	4244	4632	2536	13292	512	
FL	81600	81600	27	33	0	17	29	27	13	77	3	17016800	6075	4775	148	1925	4244	4632	2536	13292	512	
FL	81800	81800	31	29	0	16	27	28	13	77	3	17016400	6075	4775	148	1925	4244	4632	2536	13292	512	
FL	82000	82000	32	27	0	17	26	26	13	80	4	17016000	6075	4775	148	1925	4244	4632	2536	13292	512	
FL	82200	82200	33	28	0	16	26	26	13	77	4	17015600	6075	4775	148	1925	4244	4632	2536	13292	512	
FL	82400	82400	35	25	0	15	25	27	13	77	4	17015200	6075	4775	148	1925	4244	4632	2536	13292	512	
FL	82600	82600	34	27	0	14	24	26	14	75	4	17014800	6075	4775	148	1925	4244	4632	2536	13292	512	
FL	82800	82800	33	28	0	14	23	26	13	73	4	17014400	6075	4775	148	1925	4244	4632	2536	13292	512	
FL	83000	83000	33	27	0	15	22	26	12	73	4	17014000	6075	4775	148	1925	4244	4632	2536	13292	512	
FL	83200	83200	36	27	0	16	22	29	12	76	4	17013600	6075	4775	148	1925	4244	4632	2536	13292	512	
FL	83400	83400	36	26	0	15	24	29	12	76	3	17013200	6075	4775	148	1925	4244	4632	2536	13292	512	
FL	83600	83600	35	26	0	15	23	27	12	76	3	17012800	6075	4775	148	1925	4244	4632	2536	13292	512	
FL	83800	83800	36	28	0	14	23	25	13	75	3	17012400	6075	4775	148	1925	4244	4632	2536	13292	512	
FL	84000	84000	35	27	0	12	23	22	11	73	3	17012000	6075	4775	148	1925	4244	4632	2536	13292	512	
FL	84200	84200	35	26	0	12	23	21	11	70	3	17011600	6075	4775	148	1925	4244	4632	2536	13292	512	
FL	84400	84400	34	27	0	10	22	23	10	68	4	17011200	6075	4775	148	1925	4244	4632	2536	13292	512	
FL	84600	84600	34	28	0	10	22	24	10	66	4	17010800	6075	4775	148	1925	4244	4632	2536	13292	512	
FL	84800	84800	31	30	0	11	23	25	11	68	4	17010400	6075	4775	148	1925	4244	4632	2536	13292	512	
FL	85000	85000	32	31	0	10	21	23	14	70	4	17010000	6075	4775	148	1925	4244	4632	2536	13292	512	
FL	85200	85200	33	34	0	10	22	24	13	66	4	17010000	6075	4775	148	1925	4244	4632	2536	13292	512	
FL	85400	85400	36	34	0	9	22	23	13	65	4	17010000	6075	4775	148	1925	4244	4632	2536	13292	512	
FL	85600	85600	36	33	0	9	23	21	14	69	4	17010000	6075	4775	148	1925	4244	4632	2536	13292	512	
FL	85800	85800	32	34	0	9	22	22	15	68	4	17010000	6075	4775	148	1925	4244	4632	2536	13292	512	
FL	86000	86000	34	34	0	8	21	24	15	68	4	17010000	6075	4775	148	1925	4244	4632	2536	13292	512	
FL	86200	86200	35	33	0	8	19	26	17	67	3	17010000	6075	4775	148	1925	4244	4632	2536	13292	512	
FL	86400	86400	35	34	0	8	20	27	16	64	2	17010000	6075	4775	148	1925	4244	4632	2536	13292	512	
FL	86600	86600	35	33	0	6	16	28	16	63	3	17010000	6075	4775	148	1925	4244	4632	2536	13292	512	
FL	86800	86800	32	33	0	6	15	27	17	61	3	17010000	6075	4775	148	1925	4244	4632	2536	13292	512	
FL	87000	87000	32	33	0	5	16	30	17	59	2	17010000	6075	4775	148	1925	4244	4632	2536	13292	512	
FL	87200	87200	33	34	0	5	16	31	17	60	2	17010000	6075	4775	148	1925	4244	4632	2536	13292	512	
FL	87400	87400	32	34	0	5	14	28	18	62	2	17010000	6075	4775	148	1925	4244	4632	2536	13292	512	
FL	87600	87600	32	32	0	5	16	28	18	63	2	17010000	6075	4775	148	1925	4244	4632	2536	13292	512	
FL	87800	87800	31	31	0	6	18	27	18	62	2	17010000	6075	4775	148	1925	4244	4632	2536	13292	512	
FL	88000	88000	31	32	0	6	18	26	20	61	2	17010000	6075	4775	148	1925	4244	4632	2536	13292	512	
FL	88200	88200	29	31	0	5	20	24	20	60	2	17010000	6075	4775	148	1925	4244	4632	2536	13292	512	
FL	88400	88400	29	32	0	6	19	24	21	58	3	17010000	6075	4775	148	1925	4244	4632	2536	13292	512	
FL	88600	88600	30	31	0	7	21	24	21	59	3	17010000	6075	4775	148	1925	4244	4632	2536	13292	512	
FL	88800	88800	30	30	0	8	23	26	21	66	3	17010000	6075	4775	148	1925	4244	4632	2536	13292	512	
FL	89000	89000	30	30	0	10	23	26	22	66	4	17010000	6075	4775	148	1925	4244	4632	2536	13292	512	
FL	89200	89200	30	31	0	9	25	26	23	67	4	17010000	6075	4775	148	1925	4244	4632	2536	13292	512	
FL	89400	89400	30	30	0	9	25	24	23	69	3	17010000	6075	4775	148	1925	4244	4632	2536	13292	512	
FL	89600	89600	30	30	0	9	26	22	24	69	3	17010000	6075	4775	148	1925	4244	4632	2536	13292	512	
FL	89800	89800	31	29	0	9	25	22	23	70	3	17010000	6075	4775	148	1925	4244	4632	2536	13292	512	
FL	90000	90000	31	29	0	9	26	23	21	67	3	17010000	6075	4775	148	1925	4244	4632	2536	13292	512	
FL	90200	90200	30	26	0	9	25	22	20	70	4	17009600	6075	4775	148	1925	4244	4632	2536	13292	512	
FL	90400	90400	31	25	0	9	27	23	21	72	4	17009200	6075	4775	148	1925	4244	4632	2536	13292	512	
FL	90600	90600	30	26	0	9	27	25	23	72	4	17008800	6075	4775	148	1925	4244	4632	2536	13292	512	
FL	90800	90800	31	25	0	9	27	25	22	73	4	17008400	6075	4775	148	1925	4244	4632	2536	13292	512	
FL	91000	91000	29	25	0	8	26	23	22	73	4	17008000	6075	4775	148	1925	4244	4632	2536	13292	512	
FL	91200	91200	28	24	0	8	26	20	19	72	4	17007600	6075	4775	148	1925	4244	4632	2536	13292	512	
FL	91400	91400	27	24	0	8	25	20	19	73	4	17007200	6075	4775	148	1925	4244	4632	2536	13292	512	
FL	91600	91600	27	23	0	8	25	21	21	71	4	17006800	6075	4775	148	1925	4244	4632	2536	13292	512	
FL	91800	91800	27	24	0	8	25	21	23	71	4	17006400	6075	4775	148	1925	4244	4632	2536	13292	512	
FL	92000	92000	27	23	1	9	28	18	24	70	4	17006000	6075	4775	148	1925	4244	4632	2536	13292	512	
FL	92200	92200	28	21	1	9	31	15	24	68	4	17005600	6075	4775	148	1925	4244	4632	2536	13292	512	
FL	92400	92400	29	21	1	9	32	15	23	66	4	17005200	6075	4775	148	1925	4244	4632	2536	13292	512	
FL	92600	92600	30	23	1	10	32	16	23	64	4	17004800	6075	4775	148	1925	4244	4632	2536	13292	512	
FL	92800	92800	30	24	1	9	32	18	27	66	5	17004400	6075	4775	148	1925	4244	4632	2536	13292	512	
FL	93000	93000	32	23	1	11	33	18	25	66	5	17004000	6075	4775	148	1925	4244	4632	2536	13292	512	
FL	93200	93200	31	25	1	12	30	18	26	67	5	17003600	6075	4775	148	1925	4244	4632	2536	13292	512	
FL	93400	93400	33	26	1	11	30	17	25	71	4	17003200	6075	4775	148	1925	4244	4632	2536	13292	512	
FL	93600	93600	32	27	1	11	30	18	27	68	4	17002800	6075	4775	148	1925	4244	4632	2536	13292	512	
FL	93800	93800	35	24	1	11	31	19	26	61	4	17002400	6075	4775	148	1925	4244	4632	2536	13292	512	
FL	94000	94000	34	24	1	10	33	22	26	63	3	17002000	6075	4775	148	1925	4244	4632	2536	13292	512	
FL	94200	94200	37	23	1	10	33	23	26	65	4	17001600	6075	4775	148	1925	4244	4632	2536	13292	512	
FL	94400	94400	39	23	1	10	34	23	26	70	4	17001200	6075	4775	148	1925	4244	4632	2536	13292	512	
FL	94600	94600	40	22	1	11	32	24	26	70	4	17000800	6075	4775	148	1925	4244	4632	2536	13292	512	
FL	94800	94800	41	20	1	10	33	24	27	70	4	17000400	6075	4775	148	1925	4244	4632	2536	13292	512	
FL	95000	95000	42	20	1	11	33	23	27	71	4	17000000	6075	4775	148	1925	4244	4632	2536	13292	512	
FL	95200	95200	44	21	1	12	34	23	29	70	3	16998800	6075	4775	148	1925	4244	4632	2536	13292	512	
FL	95400	95400	42	21	1	12	34	22	29	70	3	16997600	6075	4775	148	1925	4244	4632	2536	13292	512	
FL	95600	95600	42	20	1	12	34	20	26	70	3	16996400	6075	4775	148	1925	4244	4632	2536	13292	512	
FL	95800	95800	44	19	1	13	35	21	26	69	3	16995200	6075	4775	148	1925	4244	4632	2536	13292	512	
FL	96000	96000	46	17	1	13	37	25	26	68	3	16994000	6075	4775	148	1925	4244	4632	2536	13292	512	
FL	96200	96200	46	18	1	13	40	25	26	69	3	16992800	6075	4775	148	1925	4244	4632	2536	13292	512	
FL	96400	96400	47	17	1	13	40	25	25	66	3	16991600	6075	4775	148	1925	4244	4632	2536	13292	512	
FL	96600	96600	45	18	1	13	40	24	25	68	2	16990400	6075	4775	148	1925	4244	4632	2536	13292	512	
FL	96800	96800	45	18	1	13	41	24	22	68	2	16989200	6075	4775	148	1925	4244	4632	2536	13292	512	
FL	97000	97000	45	19	0	13	37	27	21	72	2	16988000	6075	4775	148	1925	4244	4632	2536	13292	512	
FL	97200	97200	42	19	0	13	35	27	21	74	2	16986800	6075	4775	148	1925	4244	4632	2536	13292	512	
FL	97400	97400	39	20	0	13	34	28	21	76	2	16985600	6075	4775	148	1925	4244	4632	2536	13292	512	
FL	97600	97600	39	19	0	12	34	28	22	77	2	16984400	6075	4775	148	1925	4244	4632	2536	13292	512	
FL	97800	97800	39	18	0	12	32	28	18	77	1	16983200	6075	4775	148	1925	4244	4632	2536	13292	512	
FL	98000	98000	38	19	0	11	30	28	18	79	1	16982000	6075	4775	148	1925	4244	4632	2536	13292	512	
FL	98200	98200	41	19	0	10	30	30	18	80	2	16980800	6075	4775	148	1925	4244	4632	2536	13292	512	
FL	98400	98400	38	19	0	10	30	32	19	81	2	16979600	6075	4775	148	1925	4244	4632	2536	13292	512	
FL	98600	98600	40	18	0	9	30	30	17	85	2	16978400	6075	4775	148	1925	4244	4632	2536	13292	512	
FL	98800	98800	40	19	0	8	27	32	16	86	3	16977200	6075	4775	148	1925	4244	4632	2536	13292	512	
FL	99000	99000	41	21	0	7	26	30	15	84	3	16976000	6075	4775	148	1925	4244	4632	2536	13292	512	
FL	99200	99200	40	22	0	7	27	31	14	84	3	16974800	6075	4775	148	1925	4244	4632	2536	13292	512	
FL	99400	99400	38	21	0	9	25	32	13	80	3	16973600	6075	4775	148	1925	4244	4632	2536	13292	512	
FL	99600	99600	38	20	0	8	26	33	13	83	3	16972400	6075	4775	148	1925	4244	4632	2536	13292	512	
FL	99800	99800	40	20	0	8	26	34	12	86	3	16971200	6075	4775	148	1925	4244	4632	2536	13292	512	
FL	100000	100000	39	23	0	7	25	34	11	85	3	16970000	6075	4775	148	1925	4244	4632	2536	13292	512	
