FL	0	0	36	27	1	28	27	24	17	76	2	17055000	6075	4775	148	1925	4244	4632	2536	13292	512	
FL	-200	-200	36	30	1	29	29	24	17	79	2	17055000	6075	4775	148	1925	4244	4632	2536	13292	512	
FL	-400	-400	37	33	1	25	29	23	17	82	2	17055000	6075	4775	148	1925	4244	4632	2536	13292	512	
FL	-600	-600	38	33	1	27	27	22	16	86	2	17055000	6075	4775	148	1925	4244	4632	2536	13292	512	
FL	-800	-800	39	30	1	27	25	23	15	86	2	17055000	6075	4775	148	1925	4244	4632	2536	13292	512	
FL	-1000	-1000	39	28	1	26	25	21	16	85	2	17055000	6075	4775	148	1925	4244	4632	2536	13292	512	
FL	-1200	-1200	36	26	1	29	25	21	15	82	2	17055000	6075	4775	148	1925	4244	4632	2536	13292	512	
FL	-1400	-1400	39	25	1	34	25	22	15	81	2	17055000	6075	4775	148	1925	4244	4632	2536	13292	512	
FL	-1600	-1600	36	25	1	32	23	24	14	79	2	17055000	6075	4775	148	1925	4244	4632	2536	13292	512	
FL	-1800	-1800	36	25	1	28	19	24	13	80	3	17055000	6075	4775	148	1925	4244	4632	2536	13292	512	
FL	-2000	-2000	35	25	1	32	21	23	13	78	2	17055000	6075	4775	148	1925	4244	4632	2536	13292	512	
FL	-2200	-2200	34	24	1	33	25	22	14	77	2	17055000	6075	4775	148	1925	4244	4632	2536	13292	512	
FL	-2400	-2400	31	24	1	33	25	22	12	75	2	17055000	6075	4775	148	1925	4244	4632	2536	13292	512	
FL	-2600	-2600	35	25	1	34	26	21	10	76	3	17055000	6075	4775	148	1925	4244	4632	2536	13292	512	
FL	-2800	-2800	36	27	1	34	26	22	11	73	2	17055000	6075	4775	148	1925	4244	4632	2536	13292	512	
FL	-3000	-3000	40	29	1	33	25	23	11	74	2	17055000	6075	4775	148	1925	4244	4632	2536	13292	512	
FL	-3200	-3200	40	28	1	33	25	25	11	72	2	17055000	6075	4775	148	1925	4244	4632	2536	13292	512	
FL	-3400	-3400	38	30	1	34	26	24	10	72	2	17055000	6075	4775	148	1925	4244	4632	2536	13292	512	
FL	-3600	-3600	38	31	1	36	24	23	9	71	2	17055000	6075	4775	148	1925	4244	4632	2536	13292	512	
FL	-3800	-3800	35	29	1	40	22	23	9	72	2	17055000	6075	4775	148	1925	4244	4632	2536	13292	512	
FL	-4000	-4000	35	29	1	39	24	23	11	72	2	17055000	6075	4775	148	1925	4244	4632	2536	13292	512	
FL	-4200	-4200	37	29	1	40	23	28	11	67	2	17055000	6075	4775	148	1925	4244	4632	2536	13292	512	
FL	-4400	-4400	37	29	1	42	23	27	13	68	2	17055000	6075	4775	148	1925	4244	4632	2536	13292	512	
FL	-4600	-4600	37	29	1	41	21	25	14	71	2	17055000	6075	4775	148	1925	4244	4632	2536	13292	512	
FL	-4800	-4800	35	27	0	39	22	24	14	70	2	17055000	6075	4775	148	1925	4244	4632	2536	13292	512	
FL	-5000	-5000	33	28	0	39	27	23	14	70	2	17055000	6075	4775	148	1925	4244	4632	2536	13292	512	
FL	-5200	-5200	34	26	0	39	26	23	17	70	2	17055000	6075	4775	148	1925	4244	4632	2536	13292	512	
FL	-5400	-5400	36	26	0	38	26	25	18	73	2	17055000	6075	4775	148	1925	4244	4632	2536	13292	512	
FL	-5600	-5600	37	27	0	35	26	25	19	71	2	17055000	6075	4775	148	1925	4244	4632	2536	13292	512	
FL	-5800	-5800	37	28	0	33	28	27	19	74	2	17055000	6075	4775	148	1925	4244	4632	2536	13292	512	
FL	-6000	-6000	38	28	0	32	27	28	18	73	2	17055000	6075	4775	148	1925	4244	4632	2536	13292	512	
FL	-6200	-6200	41	30	0	32	28	32	17	72	2	17055000	6075	4775	148	1925	4244	4632	2536	13292	512	
FL	-6400	-6400	40	30	0	27	30	31	17	72	2	17055000	6075	4775	148	1925	4244	4632	2536	13292	512	
FL	-6600	-6600	40	32	0	27	29	29	17	76	2	17055000	6075	4775	148	1925	4244	4632	2536	13292	512	
FL	-6800	-6800	40	33	0	27	30	29	18	76	1	17055000	6075	4775	148	1925	4244	4632	2536	13292	512	
FL	-7000	-7000	42	31	0	22	30	31	17	76	1	17055000	6075	4775	148	1925	4244	4632	2536	13292	512	
FL	-7200	-7200	41	32	0	21	27	31	16	75	1	17055000	6075	4775	148	1925	4244	4632	2536	13292	512	
FL	-7400	-7400	41	32	0	21	26	32	16	75	1	17055000	6075	4775	148	1925	4244	4632	2536	13292	512	
FL	-7600	-7600	37	32	0	21	25	37	17	75	0	17055000	6075	4775	148	1925	4244	4632	2536	13292	512	
FL	-7800	-7800	36	31	0	22	24	35	18	77	0	17055000	6075	4775	148	1925	4244	4632	2536	13292	512	
FL	-8000	-8000	32	29	0	23	23	36	18	76	0	17055000	6075	4775	148	1925	4244	4632	2536	13292	512	
FL	-8200	-8200	32	31	0	23	23	35	18	81	0	17055000	6075	4775	148	1925	4244	4632	2536	13292	512	
FL	-8400	-8400	32	30	0	22	23	36	18	81	0	17055000	6075	4775	148	1925	4244	4632	2536	13292	512	
FL	-8600	-8600	32	30	0	20	25	37	18	81	0	17055000	6075	4775	148	1925	4244	4632	2536	13292	512	
FL	-8800	-8800	33	30	0	17	26	39	19	79	0	17055000	6075	4775	148	1925	4244	4632	2536	13292	512	
FL	-9000	-9000	33	29	0	18	24	39	16	78	1	17055000	6075	4775	148	1925	4244	4632	2536	13292	512	
FL	-9200	-9200	31	30	0	17	25	34	14	77	1	17055000	6075	4775	148	1925	4244	4632	2536	13292	512	
FL	-9400	-9400	26	29	0	15	27	36	13	72	1	17055000	6075	4775	148	1925	4244	4632	2536	13292	512	
FL	-9600	-9600	28	28	0	15	30	35	13	68	1	17055000	6075	4775	148	1925	4244	4632	2536	13292	512	
FL	-9800	-9800	28	28	0	15	33	35	13	68	1	17055000	6075	4775	148	1925	4244	4632	2536	13292	512	
FL	-10000	-10000	27	28	0	15	30	36	15	66	1	17055000	6075	4775	148	1925	4244	4632	2536	13292	512	
FL	-10200	-10200	30	28	0	15	29	37	13	68	1	17055000	6075	4775	148	1925	4244	4632	2536	13292	512	
FL	-10400	-10400	30	25	0	15	31	36	13	62	1	17055000	6075	4775	148	1925	4244	4632	2536	13292	512	
FL	-10600	-10600	30	23	0	13	33	36	12	58	1	17055000	6075	4775	148	1925	4244	4632	2536	13292	512	
FL	-10800	-10800	29	24	0	15	31	34	12	58	1	17055000	6075	4775	148	1925	4244	4632	2536	13292	512	
FL	-11000	-11000	28	23	0	15	34	33	13	63	1	17055000	6075	4775	148	1925	4244	4632	2536	13292	512	
FL	-11200	-11200	25	22	0	12	34	28	13	68	2	17055000	6075	4775	148	1925	4244	4632	2536	13292	512	
FL	-11400	-11400	23	23	0	12	32	31	14	69	2	17055000	6075	4775	148	1925	4244	4632	2536	13292	512	
FL	-11600	-11600	23	22	0	12	33	31	14	68	2	17055000	6075	4775	148	1925	4244	4632	2536	13292	512	
FL	-11800	-11800	24	24	0	10	32	32	13	65	3	17055000	6075	4775	148	1925	4244	4632	2536	13292	512	
FL	-12000	-12000	26	24	0	10	30	30	13	68	3	17055000	6075	4775	148	1925	4244	4632	2536	13292	512	
FL	-12200	-12200	29	24	0	9	29	29	14	69	3	17055000	6075	4775	148	1925	4244	4632	2536	13292	512	
FL	-12400	-12400	31	25	0	10	32	28	16	68	3	17055000	6075	4775	148	1925	4244	4632	2536	13292	512	
FL	-12600	-12600	31	26	0	10	32	23	16	65	3	17055000	6075	4775	148	1925	4244	4632	2536	13292	512	
FL	-12800	-12800	31	28	0	10	31	23	14	62	3	17055000	6075	4775	148	1925	4244	4632	2536	13292	512	
FL	-13000	-13000	34	30	0	9	31	22	13	65	3	17055000	6075	4775	148	1925	4244	4632	2536	13292	512	
FL	-13200	-13200	33	29	0	10	32	22	14	63	3	17055000	6075	4775	148	1925	4244	4632	2536	13292	512	
FL	-13400	-13400	32	28	0	11	31	21	14	61	3	17055000	6075	4775	148	1925	4244	4632	2536	13292	512	
FL	-13600	-13600	31	29	0	11	30	21	14	61	3	17055000	6075	4775	148	1925	4244	4632	2536	13292	512	
FL	-13800	-13800	29	29	0	10	29	20	13	59	3	17055000	6075	4775	148	1925	4244	4632	2536	13292	512	
FL	-14000	-14000	30	31	0	10	29	20	14	57	2	17055000	6075	4775	148	1925	4244	4632	2536	13292	512	
FL	-14200	-14200	30	32	0	10	31	21	16	59	2	17055000	6075	4775	148	1925	4244	4632	2536	13292	512	
FL	-14400	-14400	31	31	0	10	28	19	16	62	2	17055000	6075	4775	148	1925	4244	4632	2536	13292	512	
FL	-14600	-14600	29	31	0	9	25	20	16	65	2	17055000	6075	4775	148	1925	4244	4632	2536	13292	512	
FL	-14800	-14800	29	35	0	11	22	20	16	68	2	17055000	6075	4775	148	1925	4244	4632	2536	13292	512	
FL	-15000	-15000	30	34	0	11	20	19	17	68	2	17055000	6075	4775	148	1925	4244	4632	2536	13292	512	
FL	-15200	-15200	28	33	0	10	21	21	18	66	2	17055000	6075	4775	148	1925	4244	4632	2536	13292	512	
FL	-15400	-15400	29	35	0	10	19	20	17	65	2	17055000	6075	4775	148	1925	4244	4632	2536	13292	512	
FL	-15600	-15600	28	35	0	10	17	22	18	71	2	17055000	6075	4775	148	1925	4244	4632	2536	13292	512	
FL	-15800	-15800	28	34	0	8	19	24	18	68	2	17055000	6075	4775	148	1925	4244	4632	2536	13292	512	
FL	-16000	-16000	30	36	0	8	17	24	17	67	2	17055000	6075	4775	148	1925	4244	4632	2536	13292	512	
FL	-16200	-16200	30	35	0	8	20	24	17	63	2	17055000	6075	4775	148	1925	4244	4632	2536	13292	512	
FL	-16400	-16400	32	36	0	8	22	24	17	65	2	17055000	6075	4775	148	1925	4244	4632	2536	13292	512	
FL	-16600	-16600	33	35	0	8	21	25	18	65	2	17055000	6075	4775	148	1925	4244	4632	2536	13292	512	
FL	-16800	-16800	31	35	0	8	23	23	18	63	1	17055000	6075	4775	148	1925	4244	4632	2536	13292	512	
FL	-17000	-17000	28	36	0	9	24	24	19	68	1	17055000	6075	4775	148	1925	4244	4632	2536	13292	512	
FL	-17200	-17200	25	38	0	9	26	24	18	67	1	17055000	6075	4775	148	1925	4244	4632	2536	13292	512	
FL	-17400	-17400	24	35	0	8	23	25	17	67	1	17055000	6075	4775	148	1925	4244	4632	2536	13292	512	
FL	-17600	-17600	24	33	0	7	25	27	17	70	1	17055000	6075	4775	148	1925	4244	4632	2536	13292	512	
FL	-17800	-17800	25	33	0	6	25	29	17	70	1	17055000	6075	4775	148	1925	4244	4632	2536	13292	512	
FL	-18000	-18000	22	32	0	6	26	28	17	68	1	17055000	6075	4775	148	1925	4244	4632	2536	13292	512	
FL	-18200	-18200	25	33	0	6	26	28	18	64	1	17055000	6075	4775	148	1925	4244	4632	2536	13292	512	
FL	-18400	-18400	26	36	0	5	26	28	19	67	1	17055000	6075	4775	148	1925	4244	4632	2536	13292	512	
FL	-18600	-18600	27	34	0	5	27	29	19	66	1	17055000	6075	4775	148	1925	4244	4632	2536	13292	512	
FL	-18800	-18800	33	34	1	6	29	29	19	67	1	17055000	6075	4775	148	1925	4244	4632	2536	13292	512	
FL	-19000	-19000	32	33	1	6	29	31	18	72	1	17055000	6075	4775	148	1925	4244	4632	2536	13292	512	
FL	-19200	-19200	33	32	1	6	26	32	17	71	1	17055000	6075	4775	148	1925	4244	4632	2536	13292	512	
FL	-19400	-19400	32	32	1	6	27	37	16	68	1	17055000	6075	4775	148	1925	4244	4632	2536	13292	512	
FL	-19600	-19600	34	31	1	6	28	36	17	66	1	17055000	6075	4775	148	1925	4244	4632	2536	13292	512	
FL	-19800	-19800	38	29	2	5	27	36	18	69	1	17055000	6075	4775	148	1925	4244	4632	2536	13292	512	
FL	-20000	-20000	37	30	2	6	28	37	16	70	1	17055000	6075	4775	148	1925	4244	4632	2536	13292	512	
FL	-20200	-20200	36	30	2	6	30	36	14	67	1	17055000	6075	4775	148	1925	4244	4632	2536	13292	512	
FL	-20400	-20400	32	31	2	6	32	37	14	68	1	17055000	6075	4775	148	1925	4244	4632	2536	13292	512	
FL	-20600	-20600	32	32	2	6	33	35	13	62	1	17055000	6075	4775	148	1925	4244	4632	2536	13292	512	
FL	-20800	-20800	33	31	2	6	31	32	14	64	1	17055000	6075	4775	148	1925	4244	4632	2536	13292	512	
FL	-21000	-21000	32	30	2	6	30	34	15	61	1	17055000	6075	4775	148	1925	4244	4632	2536	13292	512	
FL	-21200	-21200	34	31	2	7	26	35	16	61	0	17055000	6075	4775	148	1925	4244	4632	2536	13292	512	
FL	-21400	-21400	33	30	2	7	24	35	16	58	0	17055000	6075	4775	148	1925	4244	4632	2536	13292	512	
FL	-21600	-21600	33	30	2	9	24	37	15	55	1	17055000	6075	4775	148	1925	4244	4632	2536	13292	512	
FL	-21800	-21800	33	29	2	9	22	36	16	56	1	17055000	6075	4775	148	1925	4244	4632	2536	13292	512	
FL	-22000	-22000	32	29	2	8	21	36	15	50	1	17055000	6075	4775	148	1925	4244	4632	2536	13292	512	
FL	-22200	-22200	32	26	2	9	19	36	15	51	2	17055000	6075	4775	148	1925	4244	4632	2536	13292	512	
FL	-22400	-22400	34	28	2	9	19	36	14	50	2	17055000	6075	4775	148	1925	4244	4632	2536	13292	512	
FL	-22600	-22600	35	28	2	9	17	37	13	51	2	17055000	6075	4775	148	1925	4244	4632	2536	13292	512	
FL	-22800	-22800	35	26	2	9	18	36	15	54	2	17055000	6075	4775	148	1925	4244	4632	2536	13292	512	
FL	-23000	-23000	38	25	2	9	18	38	15	54	2	17055000	6075	4775	148	1925	4244	4632	2536	13292	512	
FL	-23200	-23200	36	24	2	8	19	38	15	55	2	17055000	6075	4775	148	1925	4244	4632	2536	13292	512	
FL	-23400	-23400	36	22	2	8	18	39	15	52	2	17055000	6075	4775	148	1925	4244	4632	2536	13292	512	
FL	-23600	-23600	37	24	2	8	17	39	16	52	2	17055000	6075	4775	148	1925	4244	4632	2536	13292	512	
FL	-23800	-23800	34	26	1	7	16	39	17	55	2	17055000	6075	4775	148	1925	4244	4632	2536	13292	512	
FL	-24000	-24000	34	25	1	7	17	37	18	53	2	17055000	6075	4775	148	1925	4244	4632	2536	13292	512	
FL	-24200	-24200	33	26	1	7	18	37	17	52	2	17055000	6075	4775	148	1925	4244	4632	2536	13292	512	
FL	-24400	-24400	34	31	1	7	17	32	17	53	4	17055000	6075	4775	148	1925	4244	4632	2536	13292	512	
FL	-24600	-24600	35	33	1	7	18	34	16	54	4	17055000	6075	4775	148	1925	4244	4632	2536	13292	512	
FL	-24800	-24800	32	31	0	6	19	37	16	57	4	17055000	6075	4775	148	1925	4244	4632	2536	13292	512	
FL	-25000	-25000	34	30	0	5	18	35	18	59	4	17055000	6075	4775	148	1925	4244	4632	2536	13292	512	
FL	-25200	-25200	37	30	0	6	15	36	18	61	4	17055000	6075	4775	148	1925	4244	4632	2536	13292	512	
FL	-25400	-25400	38	30	0	6	13	37	20	65	4	17055000	6075	4775	148	1925	4244	4632	2536	13292	512	
FL	-25600	-25600	37	30	0	7	12	38	24	69	4	17055000	6075	4775	148	1925	4244	4632	2536	13292	512	
FL	-25800	-25800	36	33	0	7	13	40	24	67	4	17055000	6075	4775	148	1925	4244	4632	2536	13292	512	
FL	-26000	-26000	37	35	0	7	14	38	25	69	4	17055000	6075	4775	148	1925	4244	4632	2536	13292	512	
FL	-26200	-26200	42	35	0	6	14	39	25	73	4	17055000	6075	4775	148	1925	4244	4632	2536	13292	512	
FL	-26400	-26400	42	34	0	6	14	36	25	74	4	17055000	6075	4775	148	1925	4244	4632	2536	13292	512	
FL	-26600	-26600	44	33	0	4	14	34	25	76	3	17055000	6075	4775	148	1925	4244	4632	2536	13292	512	
FL	-26800	-26800	45	33	0	4	15	34	24	77	3	17055000	6075	4775	148	1925	4244	4632	2536	13292	512	
FL	-27000	-27000	49	32	0	4	16	35	24	77	3	17055000	6075	4775	148	1925	4244	4632	2536	13292	512	
FL	-27200	-27200	52	32	0	4	17	35	24	77	3	17055000	6075	4775	148	1925	4244	4632	2536	13292	512	
FL	-27400	-27400	49	30	0	4	18	35	24	77	3	17055000	6075	4775	148	1925	4244	4632	2536	13292	512	
FL	-27600	-27600	48	32	0	4	19	32	24	76	3	17055000	6075	4775	148	1925	4244	4632	2536	13292	512	
FL	-27800	-27800	50	34	0	5	18	32	23	77	3	17055000	6075	4775	148	1925	4244	4632	2536	13292	512	
FL	-28000	-28000	47	35	0	5	17	33	23	74	3	17055000	6075	4775	148	1925	4244	4632	2536	13292	512	
FL	-28200	-28200	47	37	0	5	17	33	21	76	3	17055000	6075	4775	148	1925	4244	4632	2536	13292	512	
FL	-28400	-28400	48	37	0	5	18	34	20	79	3	17055000	6075	4775	148	1925	4244	4632	2536	13292	512	
FL	-28600	-28600	54	37	0	5	17	32	19	79	3	17055000	6075	4775	148	1925	4244	4632	2536	13292	512	
FL	-28800	-28800	53	36	0	6	18	33	19	82	3	17055000	6075	4775	148	1925	4244	4632	2536	13292	512	
FL	-29000	-29000	54	37	0	6	17	33	19	81	3	17055000	6075	4775	148	1925	4244	4632	2536	13292	512	
FL	-29200	-29200	56	37	0	6	16	32	19	81	4	17055000	6075	4775	148	1925	4244	4632	2536	13292	512	
FL	-29400	-29400	58	32	0	7	16	34	21	80	2	17055000	6075	4775	148	1925	4244	4632	2536	13292	512	
FL	-29600	-29600	55	30	0	7	14	33	20	80	2	17055000	6075	4775	148	1925	4244	4632	2536	13292	512	
FL	-29800	-29800	54	30	0	9	14	30	19	73	2	17055000	6075	4775	148	1925	4244	4632	2536	13292	512	
FL	-30000	-30000	55	30	0	11	14	31	17	72	2	17055000	6075	4775	148	1925	4244	4632	2536	13292	512	
FL	-30200	-30200	51	34	0	10	14	29	18	73	2	17055000	6075	4775	148	1925	4244	4632	2536	13292	512	
FL	-30400	-30400	51	32	0	10	13	29	17	70	2	17055000	6075	4775	148	1925	4244	4632	2536	13292	512	
FL	-30600	-30600	53	32	0	9	13	30	13	67	3	17055000	6075	4775	148	1925	4244	4632	2536	13292	512	
FL	-30800	-30800	54	30	0	9	12	30	12	68	3	17055000	6075	4775	148	1925	4244	4632	2536	13292	512	
FL	-31000	-31000	52	27	0	9	11	32	10	65	4	17055000	6075	4775	148	1925	4244	4632	2536	13292	512	
FL	-31200	-31200	47	28	0	10	13	32	11	62	4	17055000	6075	4775	148	1925	4244	4632	2536	13292	512	
FL	-31400	-31400	46	28	0	10	15	36	10	63	4	17055000	6075	4775	148	1925	4244	4632	2536	13292	512	
FL	-31600	-31600	42	29	0	10	16	35	11	62	4	17055000	6075	4775	148	1925	4244	4632	2536	13292	512	
FL	-31800	-31800	40	29	0	11	15	35	12	64	4	17055000	6075	4775	148	1925	4244	4632	2536	13292	512	
FL	-32000	-32000	37	31	0	12	16	33	12	63	4	17055000	6075	4775	148	1925	4244	4632	2536	13292	512	
FL	-32200	-32200	34	30	0	13	15	33	13	64	4	17055000	6075	4775	148	1925	4244	4632	2536	13292	512	
FL	-32400	-32400	35	34	0	14	14	33	14	66	3	17055000	6075	4775	148	1925	4244	4632	2536	13292	512	
FL	-32600	-32600	36	33	0	14	15	36	15	73	3	17055000	6075	4775	148	1925	4244	4632	2536	13292	512	
FL	-32800	-32800	36	32	0	14	16	36	16	72	3	17055000	6075	4775	148	1925	4244	4632	2536	13292	512	
FL	-33000	-33000	38	31	0	15	16	35	17	76	3	17055000	6075	4775	148	1925	4244	4632	2536	13292	512	
FL	-33200	-33200	40	29	0	15	14	35	18	76	3	17055000	6075	4775	148	1925	4244	4632	2536	13292	512	
FL	-33400	-33400	39	30	0	16	13	34	19	77	3	17055000	6075	4775	148	1925	4244	4632	2536	13292	512	
FL	-33600	-33600	33	29	0	18	14	36	19	80	3	17055000	6075	4775	148	1925	4244	4632	2536	13292	512	
FL	-33800	-33800	33	29	0	20	13	35	18	76	3	17055000	6075	4775	148	1925	4244	4632	2536	13292	512	
FL	-34000	-34000	33	29	0	20	14	34	18	74	3	17055000	6075	4775	148	1925	4244	4632	2536	13292	512	
FL	-34200	-34200	36	29	0	21	15	33	19	75	2	17055000	6075	4775	148	1925	4244	4632	2536	13292	512	
FL	-34400	-34400	38	32	0	22	16	31	19	77	2	17055000	6075	4775	148	1925	4244	4632	2536	13292	512	
FL	-34600	-34600	39	32	0	22	18	32	20	78	2	17055000	6075	4775	148	1925	4244	4632	2536	13292	512	
FL	-34800	-34800	39	33	0	21	20	33	20	79	3	17055000	6075	4775	148	1925	4244	4632	2536	13292	512	
FL	-35000	-35000	36	34	0	20	20	32	19	79	3	17055000	6075	4775	148	1925	4244	4632	2536	13292	512	
FL	-35200	-35200	38	30	0	20	21	31	21	80	3	17055000	6075	4775	148	1925	4244	4632	2536	13292	512	
FL	-35400	-35400	39	30	0	20	22	29	22	79	3	17055000	6075	4775	148	1925	4244	4632	2536	13292	512	
FL	-35600	-35600	37	29	0	20	24	27	22	78	2	17055000	6075	4775	148	1925	4244	4632	2536	13292	512	
FL	-35800	-35800	38	28	0	21	25	26	22	77	2	17055000	6075	4775	148	1925	4244	4632	2536	13292	512	
FL	-36000	-36000	37	28	0	22	26	25	22	80	1	17055000	6075	4775	148	1925	4244	4632	2536	13292	512	
FL	-36200	-36200	35	28	0	21	24	24	20	80	2	17055000	6075	4775	148	1925	4244	4632	2536	13292	512	
FL	-36400	-36400	35	30	0	21	23	21	21	81	2	17055000	6075	4775	148	1925	4244	4632	2536	13292	512	
FL	-36600	-36600	35	29	0	21	23	20	23	82	2	17055000	6075	4775	148	1925	4244	4632	2536	13292	512	
FL	-36800	-36800	38	28	0	21	27	21	23	81	2	17055000	6075	4775	148	1925	4244	4632	2536	13292	512	
FL	-37000	-37000	39	29	0	21	25	24	23	85	2	17055000	6075	4775	148	1925	4244	4632	2536	13292	512	
FL	-37200	-37200	40	29	0	19	25	24	22	87	2	17055000	6075	4775	148	1925	4244	4632	2536	13292	512	
FL	-37400	-37400	41	26	0	18	27	25	21	87	2	17055000	6075	4775	148	1925	4244	4632	2536	13292	512	
FL	-37600	-37600	40	26	0	18	28	24	21	82	2	17055000	6075	4775	148	1925	4244	4632	2536	13292	512	
FL	-37800	-37800	39	26	0	20	27	25	21	83	2	17055000	6075	4775	148	1925	4244	4632	2536	13292	512	
FL	-38000	-38000	38	26	0	19	28	24	22	82	2	17055000	6075	4775	148	1925	4244	4632	2536	13292	512	
FL	-38200	-38200	38	25	0	21	28	25	21	81	2	17055000	6075	4775	148	1925	4244	4632	2536	13292	512	
FL	-38400	-38400	38	24	0	20	29	26	20	79	2	17055000	6075	4775	148	1925	4244	4632	2536	13292	512	
FL	-38600	-38600	37	24	0	18	29	24	20	75	3	17055000	6075	4775	148	1925	4244	4632	2536	13292	512	
FL	-38800	-38800	36	24	0	16	28	26	20	76	3	17055000	6075	4775	148	1925	4244	4632	2536	13292	512	
FL	-39000	-39000	40	24	0	16	28	28	19	77	3	17055000	6075	4775	148	1925	4244	4632	2536	13292	512	
FL	-39200	-39200	36	22	0	17	27	29	19	75	3	17055000	6075	4775	148	1925	4244	4632	2536	13292	512	
FL	-39400	-39400	34	19	0	16	26	29	18	73	3	17055000	6075	4775	148	1925	4244	4632	2536	13292	512	
FL	-39600	-39600	33	21	0	17	24	28	17	74	3	17055000	6075	4775	148	1925	4244	4632	2536	13292	512	
FL	-39800	-39800	33	23	0	18	21	27	17	71	2	17055000	6075	4775	148	1925	4244	4632	2536	13292	512	
FL	-40000	-40000	35	26	0	17	21	27	18	70	2	17055000	6075	4775	148	1925	4244	4632	2536	13292	512	
FL	-40200	-40200	33	26	0	21	21	27	16	67	2	17055000	6075	4775	148	1925	4244	4632	2536	13292	512	
FL	-40400	-40400	31	27	1	21	21	27	15	68	2	17055000	6075	4775	148	1925	4244	4632	2536	13292	512	
FL	-40600	-40600	31	27	1	21	21	31	15	69	2	17055000	6075	4775	148	1925	4244	4632	2536	13292	512	
FL	-40800	-40800	30	29	1	20	20	31	15	71	2	17055000	6075	4775	148	1925	4244	4632	2536	13292	512	
FL	-41000	-41000	32	31	1	20	20	30	15	75	2	17055000	6075	4775	148	1925	4244	4632	2536	13292	512	
FL	-41200	-41200	33	30	1	20	22	32	16	78	1	17055000	6075	4775	148	1925	4244	4632	2536	13292	512	
FL	-41400	-41400	34	29	1	20	25	33	15	76	1	17055000	6075	4775	148	1925	4244	4632	2536	13292	512	
FL	-41600	-41600	34	30	1	20	24	33	13	73	2	17055000	6075	4775	148	1925	4244	4632	2536	13292	512	
FL	-41800	-41800	34	31	1	19	22	36	12	73	2	17055000	6075	4775	148	1925	4244	4632	2536	13292	512	
FL	-42000	-42000	35	29	1	18	22	33	12	71	2	17055000	6075	4775	148	1925	4244	4632	2536	13292	512	
FL	-42200	-42200	35	29	1	18	24	33	14	68	2	17055000	6075	4775	148	1925	4244	4632	2536	13292	512	
FL	-42400	-42400	34	30	3	20	22	32	14	67	2	17055000	6075	4775	148	1925	4244	4632	2536	13292	512	
FL	-42600	-42600	35	30	3	20	20	31	13	63	2	17055000	6075	4775	148	1925	4244	4632	2536	13292	512	
FL	-42800	-42800	35	29	3	17	21	32	11	60	2	17055000	6075	4775	148	1925	4244	4632	2536	13292	512	
FL	-43000	-43000	34	31	3	17	20	35	9	61	2	17055000	6075	4775	148	1925	4244	4632	2536	13292	512	
FL	-43200	-43200	35	31	3	16	22	34	9	62	2	17055000	6075	4775	148	1925	4244	4632	2536	13292	512	
FL	-43400	-43400	40	31	3	16	23	34	11	66	2	17055000	6075	4775	148	1925	4244	4632	2536	13292	512	
FL	-43600	-43600	42	30	3	16	24	34	11	69	1	17055000	6075	4775	148	1925	4244	4632	2536	13292	512	
FL	-43800	-43800	45	30	3	15	25	35	13	66	1	17055000	6075	4775	148	1925	4244	4632	2536	13292	512	
FL	-44000	-44000	40	30	3	14	26	34	14	69	1	17055000	6075	4775	148	1925	4244	4632	2536	13292	512	
FL	-44200	-44200	40	31	3	12	26	33	13	70	1	17055000	6075	4775	148	1925	4244	4632	2536	13292	512	
FL	-44400	-44400	40	33	3	11	27	35	13	71	1	17055000	6075	4775	148	1925	4244	4632	2536	13292	512	
FL	-44600	-44600	43	31	3	10	31	35	14	69	1	17055000	6075	4775	148	1925	4244	4632	2536	13292	512	
FL	-44800	-44800	47	29	3	8	31	35	14	70	1	17055000	6075	4775	148	1925	4244	4632	2536	13292	512	
FL	-45000	-45000	45	26	3	9	34	36	16	74	1	17055000	6075	4775	148	1925	4244	4632	2536	13292	512	
FL	-45200	-45200	46	26	3	7	33	37	15	76	1	17055000	6075	4775	148	1925	4244	4632	2536	13292	512	
FL	-45400	-45400	48	24	2	8	34	37	14	75	1	17055000	6075	4775	148	1925	4244	4632	2536	13292	512	
FL	-45600	-45600	48	26	2	10	33	36	14	77	1	17055000	6075	4775	148	1925	4244	4632	2536	13292	512	
FL	-45800	-45800	47	26	2	11	35	36	14	75	1	17055000	6075	4775	148	1925	4244	4632	2536	13292	512	
FL	-46000	-46000	46	24	2	10	34	36	14	71	1	17055000	6075	4775	148	1925	4244	4632	2536	13292	512	
FL	-46200	-46200	45	26	2	10	33	33	14	69	1	17055000	6075	4775	148	1925	4244	4632	2536	13292	512	
FL	-46400	-46400	44	25	2	11	29	31	17	70	1	17055000	6075	4775	148	1925	4244	4632	2536	13292	512	
FL	-46600	-46600	47	25	2	11	30	33	16	77	0	17055000	6075	4775	148	1925	4244	4632	2536	13292	512	
FL	-46800	-46800	46	23	2	11	30	29	16	77	0	17055000	6075	4775	148	1925	4244	4632	2536	13292	512	
FL	-47000	-47000	45	23	3	12	30	30	16	76	0	17055000	6075	4775	148	1925	4244	4632	2536	13292	512	
FL	-47200	-47200	45	23	3	12	29	33	14	77	0	17055000	6075	4775	148	1925	4244	4632	2536	13292	512	
FL	-47400	-47400	46	22	1	12	29	34	15	81	0	17055000	6075	4775	148	1925	4244	4632	2536	13292	512	
FL	-47600	-47600	45	22	1	12	29	34	15	84	1	17055000	6075	4775	148	1925	4244	4632	2536	13292	512	
FL	-47800	-47800	44	23	1	12	28	31	15	84	1	17055000	6075	4775	148	1925	4244	4632	2536	13292	512	
FL	-48000	-48000	45	22	1	14	30	32	17	85	1	17055000	6075	4775	148	1925	4244	4632	2536	13292	512	
FL	-48200	-48200	42	25	1	14	30	33	17	82	1	17055000	6075	4775	148	1925	4244	4632	2536	13292	512	
FL	-48400	-48400	39	26	1	14	29	31	15	78	1	17055000	6075	4775	148	1925	4244	4632	2536	13292	512	
FL	-48600	-48600	37	26	1	14	27	33	15	75	1	17055000	6075	4775	148	1925	4244	4632	2536	13292	512	
FL	-48800	-48800	34	26	2	14	27	33	15	77	1	17055000	6075	4775	148	1925	4244	4632	2536	13292	512	
FL	-49000	-49000	34	27	2	14	26	33	16	75	2	17055000	6075	4775	148	1925	4244	4632	2536	13292	512	
FL	-49200	-49200	38	26	2	14	29	34	18	76	2	17055000	6075	4775	148	1925	4244	4632	2536	13292	512	
FL	-49400	-49400	37	25	2	14	29	33	18	77	2	17055000	6075	4775	148	1925	4244	4632	2536	13292	512	
FL	-49600	-49600	36	26	2	14	25	34	18	84	4	17055000	6075	4775	148	1925	4244	4632	2536	13292	512	
FL	-49800	-49800	33	27	2	14	25	35	20	89	4	17055000	6075	4775	148	1925	4244	4632	2536	13292	512	
FL	-50000	-50000	34	28	2	13	26	36	17	89	4	17055000	6075	4775	148	1925	4244	4632	2536	13292	512	
FL	-50200	-50200	33	29	2	12	27	35	17	88	4	17055000	6075	4775	148	1925	4244	4632	2536	13292	512	
FL	-50400	-50400	32	32	2	12	26	36	17	92	4	17055000	6075	4775	148	1925	4244	4632	2536	13292	512	
FL	-50600	-50600	33	30	2	10	26	35	18	93	4	17055000	6075	4775	148	1925	4244	4632	2536	13292	512	
FL	-50800	-50800	33	29	2	10	25	35	18	92	4	17055000	6075	4775	148	1925	4244	4632	2536	13292	512	
FL	-51000	-51000	33	31	2	11	25	36	18	93	4	17055000	6075	4775	148	1925	4244	4632	2536	13292	512	
FL	-51200	-51200	37	29	3	12	26	37	17	93	4	17055000	6075	4775	148	1925	4244	4632	2536	13292	512	
FL	-51400	-51400	37	30	3	11	26	39	14	96	4	17055000	6075	4775	148	1925	4244	4632	2536	13292	512	
FL	-51600	-51600	36	29	3	11	26	38	14	91	4	17055000	6075	4775	148	1925	4244	4632	2536	13292	512	
FL	-51800	-51800	34	30	3	11	25	39	14	93	4	17055000	6075	4775	148	1925	4244	4632	2536	13292	512	
FL	-52000	-52000	36	31	2	10	25	38	16	92	4	17055000	6075	4775	148	1925	4244	4632	2536	13292	512	
FL	-52200	-52200	35	31	2	13	24	36	17	94	4	17055000	6075	4775	148	1925	4244	4632	2536	13292	512	
FL	-52400	-52400	33	32	2	11	25	35	16	88	4	17055000	6075	4775	148	1925	4244	4632	2536	13292	512	
FL	-52600	-52600	33	31	2	11	26	36	16	88	3	17055000	6075	4775	148	1925	4244	4632	2536	13292	512	
FL	-52800	-52800	32	31	2	13	27	36	16	92	3	17055000	6075	4775	148	1925	4244	4632	2536	13292	512	
FL	-53000	-53000	31	34	2	11	26	32	14	90	3	17055000	6075	4775	148	1925	4244	4632	2536	13292	512	
FL	-53200	-53200	33	33	2	10	24	32	14	96	3	17055000	6075	4775	148	1925	4244	4632	2536	13292	512	
FL	-53400	-53400	36	33	2	10	24	32	15	100	3	17055000	6075	4775	148	1925	4244	4632	2536	13292	512	
FL	-53600	-53600	38	35	2	10	24	30	16	102	3	17055000	6075	4775	148	1925	4244	4632	2536	13292	512	
FL	-53800	-53800	38	36	1	11	24	26	14	104	3	17055000	6075	4775	148	1925	4244	4632	2536	13292	512	
FL	-54000	-54000	39	36	1	11	23	27	13	105	2	17055000	6075	4775	148	1925	4244	4632	2536	13292	512	
FL	-54200	-54200	36	38	1	11	21	27	12	105	2	17055000	6075	4775	148	1925	4244	4632	2536	13292	512	
FL	-54400	-54400	34	39	1	12	22	27	11	103	2	17055000	6075	4775	148	1925	4244	4632	2536	13292	512	
FL	-54600	-54600	33	38	1	12	22	26	12	97	0	17055000	6075	4775	148	1925	4244	4632	2536	13292	512	
FL	-54800	-54800	33	37	1	12	23	27	10	95	0	17055000	6075	4775	148	1925	4244	4632	2536	13292	512	
FL	-55000	-55000	33	35	1	13	19	25	11	91	0	17055000	6075	4775	148	1925	4244	4632	2536	13292	512	
FL	-55200	-55200	34	35	1	12	18	27	11	94	0	17055000	6075	4775	148	1925	4244	4632	2536	13292	512	
FL	-55400	-55400	34	33	1	12	18	27	11	92	0	17055000	6075	4775	148	1925	4244	4632	2536	13292	512	
FL	-55600	-55600	34	33	1	12	18	25	10	91	0	17055000	6075	4775	148	1925	4244	4632	2536	13292	512	
FL	-55800	-55800	34	33	1	11	19	24	13	95	0	17055000	6075	4775	148	1925	4244	4632	2536	13292	512	
FL	-56000	-56000	34	32	1	11	20	24	13	93	1	17055000	6075	4775	148	1925	4244	4632	2536	13292	512	
FL	-56200	-56200	31	32	0	11	18	23	14	91	2	17055000	6075	4775	148	1925	4244	4632	2536	13292	512	
FL	-56400	-56400	32	31	0	12	19	21	14	88	2	17055000	6075	4775	148	1925	4244	4632	2536	13292	512	
FL	-56600	-56600	32	31	0	13	18	20	15	87	2	17055000	6075	4775	148	1925	4244	4632	2536	13292	512	
FL	-56800	-56800	33	31	0	14	19	20	15	84	2	17055000	6075	4775	148	1925	4244	4632	2536	13292	512	
FL	-57000	-57000	30	31	0	14	19	21	13	87	2	17055000	6075	4775	148	1925	4244	4632	2536	13292	512	
FL	-57200	-57200	31	31	0	11	20	22	12	85	2	17055000	6075	4775	148	1925	4244	4632	2536	13292	512	
FL	-57400	-57400	31	32	0	11	21	22	13	88	2	17055000	6075	4775	148	1925	4244	4632	2536	13292	512	
FL	-57600	-57600	30	34	0	11	19	21	15	87	2	17055000	6075	4775	148	1925	4244	4632	2536	13292	512	
FL	-57800	-57800	33	33	0	9	19	22	16	83	3	17055000	6075	4775	148	1925	4244	4632	2536	13292	512	
FL	-58000	-58000	33	32	0	10	18	26	16	82	3	17055000	6075	4775	148	1925	4244	4632	2536	13292	512	
FL	-58200	-58200	36	32	0	10	20	26	16	81	3	17055000	6075	4775	148	1925	4244	4632	2536	13292	512	
FL	-58400	-58400	30	31	0	10	21	26	16	78	3	17055000	6075	4775	148	1925	4244	4632	2536	13292	512	
FL	-58600	-58600	28	30	0	10	23	28	16	78	3	17055000	6075	4775	148	1925	4244	4632	2536	13292	512	
FL	-58800	-58800	30	30	0	9	23	30	16	80	3	17055000	6075	4775	148	1925	4244	4632	2536	13292	512	
FL	-59000	-59000	30	28	0	10	23	28	15	82	3	17055000	6075	4775	148	1925	4244	4632	2536	13292	512	
FL	-59200	-59200	30	27	0	10	23	27	14	83	3	17055000	6075	4775	148	1925	4244	4632	2536	13292	512	
FL	-59400	-59400	33	26	0	9	22	28	15	85	3	17055000	6075	4775	148	1925	4244	4632	2536	13292	512	
FL	-59600	-59600	32	26	0	10	23	28	14	83	3	17055000	6075	4775	148	1925	4244	4632	2536	13292	512	
FL	-59800	-59800	32	27	0	10	23	26	14	81	3	17055000	6075	4775	148	1925	4244	4632	2536	13292	512	
FL	-60000	-60000	34	27	0	9	24	25	13	82	3	17055000	6075	4775	148	1925	4244	4632	2536	13292	512	
FL	-60200	-60200	34	28	0	10	27	26	15	81	3	17054800	6075	4775	148	1925	4244	4632	2536	13292	512	
FL	-60400	-60400	37	29	0	9	26	25	15	81	3	17054600	6075	4775	148	1925	4244	4632	2536	13292	512	
FL	-60600	-60600	36	30	0	9	25	27	15	80	4	17054400	6075	4775	148	1925	4244	4632	2536	13292	512	
FL	-60800	-60800	37	29	0	9	25	30	13	76	4	17054200	6075	4775	148	1925	4244	4632	2536	13292	512	
FL	-61000	-61000	40	28	0	9	27	30	13	74	3	17054000	6075	4775	148	1925	4244	4632	2536	13292	512	
FL	-61200	-61200	41	29	0	8	27	32	12	76	2	17053800	6075	4775	148	1925	4244	4632	2536	13292	512	
FL	-61400	-61400	42	29	0	7	26	33	12	77	2	17053600	6075	4775	148	1925	4244	4632	2536	13292	512	
FL	-61600	-61600	42	31	0	7	27	36	11	76	2	17053400	6075	4775	148	1925	4244	4632	2536	13292	512	
FL	-61800	-61800	41	31	0	6	25	36	12	75	2	17053200	6075	4775	148	1925	4244	4632	2536	13292	512	
FL	-62000	-62000	42	30	0	6	26	35	12	73	2	17053000	6075	4775	148	1925	4244	4632	2536	13292	512	
FL	-62200	-62200	42	30	0	6	26	33	14	73	2	17052800	6075	4775	148	1925	4244	4632	2536	13292	512	
FL	-62400	-62400	43	28	0	6	25	33	15	79	2	17052600	6075	4775	148	1925	4244	4632	2536	13292	512	
FL	-62600	-62600	46	26	0	6	27	32	13	80	2	17052400	6075	4775	148	1925	4244	4632	2536	13292	512	
FL	-62800	-62800	45	26	0	6	26	31	12	80	1	17052200	6075	4775	148	1925	4244	4632	2536	13292	512	
FL	-63000	-63000	45	24	0	5	27	26	12	79	1	17052000	6075	4775	148	1925	4244	4632	2536	13292	512	
FL	-63200	-63200	41	24	0	6	25	24	12	75	1	17051800	6075	4775	148	1925	4244	4632	2536	13292	512	
FL	-63400	-63400	44	24	0	6	23	25	12	74	1	17051600	6075	4775	148	1925	4244	4632	2536	13292	512	
FL	-63600	-63600	43	23	0	6	21	24	11	73	1	17051400	6075	4775	148	1925	4244	4632	2536	13292	512	
FL	-63800	-63800	43	24	0	6	21	24	12	67	1	17051200	6075	4775	148	1925	4244	4632	2536	13292	512	
FL	-64000	-64000	45	27	0	5	24	25	12	63	1	17051000	6075	4775	148	1925	4244	4632	2536	13292	512	
FL	-64200	-64200	44	26	0	5	23	25	12	60	1	17050800	6075	4775	148	1925	4244	4632	2536	13292	512	
FL	-64400	-64400	45	25	1	5	24	23	11	63	1	17050600	6075	4775	148	1925	4244	4632	2536	13292	512	
FL	-64600	-64600	47	27	1	4	24	23	10	64	1	17050400	6075	4775	148	1925	4244	4632	2536	13292	512	
FL	-64800	-64800	46	27	1	4	24	23	10	64	1	17050200	6075	4775	148	1925	4244	4632	2536	13292	512	
FL	-65000	-65000	45	29	2	4	23	23	10	64	1	17050000	6075	4775	148	1925	4244	4632	2536	13292	512	
FL	-65200	-65200	44	28	2	3	20	22	9	61	1	17049600	6075	4775	148	1925	4244	4632	2536	13292	512	
FL	-65400	-65400	41	27	2	4	22	23	11	59	1	17049200	6075	4775	148	1925	4244	4632	2536	13292	512	
FL	-65600	-65600	42	27	2	4	24	22	12	60	1	17048800	6075	4775	148	1925	4244	4632	2536	13292	512	
FL	-65800	-65800	41	29	2	4	22	19	12	65	1	17048400	6075	4775	148	1925	4244	4632	2536	13292	512	
FL	-66000	-66000	38	32	2	3	20	18	14	71	1	17048000	6075	4775	148	1925	4244	4632	2536	13292	512	
FL	-66200	-66200	37	30	2	4	21	17	14	70	1	17047600	6075	4775	148	1925	4244	4632	2536	13292	512	
FL	-66400	-66400	36	32	2	6	22	16	15	68	1	17047200	6075	4775	148	1925	4244	4632	2536	13292	512	
FL	-66600	-66600	36	30	2	6	21	14	15	73	1	17046800	6075	4775	148	1925	4244	4632	2536	13292	512	
FL	-66800	-66800	36	30	2	6	22	18	14	76	1	17046400	6075	4775	148	1925	4244	4632	2536	13292	512	
FL	-67000	-67000	36	31	2	6	22	18	14	75	1	17046000	6075	4775	148	1925	4244	4632	2536	13292	512	
FL	-67200	-67200	38	32	2	6	21	18	14	77	1	17045600	6075	4775	148	1925	4244	4632	2536	13292	512	
FL	-67400	-67400	38	34	2	6	20	18	14	69	1	17045200	6075	4775	148	1925	4244	4632	2536	13292	512	
FL	-67600	-67600	37	34	2	6	19	18	14	65	1	17044800	6075	4775	148	1925	4244	4632	2536	13292	512	
FL	-67800	-67800	38	35	2	7	20	18	15	68	1	17044400	6075	4775	148	1925	4244	4632	2536	13292	512	
FL	-68000	-68000	39	36	2	8	20	19	18	67	2	17044000	6075	4775	148	1925	4244	4632	2536	13292	512	
FL	-68200	-68200	38	38	2	8	20	22	18	68	2	17043600	6075	4775	148	1925	4244	4632	2536	13292	512	
FL	-68400	-68400	36	38	2	8	21	22	17	66	2	17043200	6075	4775	148	1925	4244	4632	2536	13292	512	
FL	-68600	-68600	36	40	2	10	22	24	18	66	2	17042800	6075	4775	148	1925	4244	4632	2536	13292	512	
FL	-68800	-68800	34	38	2	10	21	24	19	66	2	17042400	6075	4775	148	1925	4244	4632	2536	13292	512	
FL	-69000	-69000	31	35	2	10	18	25	19	67	2	17042000	6075	4775	148	1925	4244	4632	2536	13292	512	
FL	-69200	-69200	31	36	2	10	19	26	19	69	3	17041600	6075	4775	148	1925	4244	4632	2536	13292	512	
FL	-69400	-69400	30	39	1	13	18	29	19	64	3	17041200	6075	4775	148	1925	4244	4632	2536	13292	512	
FL	-69600	-69600	28	37	2	13	18	28	20	64	3	17040800	6075	4775	148	1925	4244	4632	2536	13292	512	
FL	-69800	-69800	28	35	2	13	17	30	21	64	3	17040400	6075	4775	148	1925	4244	4632	2536	13292	512	
FL	-70000	-70000	26	34	1	14	17	31	21	64	3	17040000	6075	4775	148	1925	4244	4632	2536	13292	512	
FL	-70200	-70200	26	35	1	15	18	29	20	65	3	17039600	6075	4775	148	1925	4244	4632	2536	13292	512	
FL	-70400	-70400	27	34	1	15	16	29	18	68	3	17039200	6075	4775	148	1925	4244	4632	2536	13292	512	
FL	-70600	-70600	28	34	1	15	14	28	18	67	2	17038800	6075	4775	148	1925	4244	4632	2536	13292	512	
FL	-70800	-70800	31	33	1	15	18	28	17	64	2	17038400	6075	4775	148	1925	4244	4632	2536	13292	512	
FL	-71000	-71000	33	30	1	15	18	28	15	59	2	17038000	6075	4775	148	1925	4244	4632	2536	13292	512	
FL	-71200	-71200	34	33	1	15	17	29	16	62	3	17037600	6075	4775	148	1925	4244	4632	2536	13292	512	
FL	-71400	-71400	35	32	1	13	16	34	15	61	3	17037200	6075	4775	148	1925	4244	4632	2536	13292	512	
FL	-71600	-71600	35	33	1	12	16	35	15	61	3	17036800	6075	4775	148	1925	4244	4632	2536	13292	512	
FL	-71800	-71800	36	35	1	13	16	30	16	58	3	17036400	6075	4775	148	1925	4244	4632	2536	13292	512	
FL	-72000	-72000	36	33	1	13	16	32	16	57	3	17036000	6075	4775	148	1925	4244	4632	2536	13292	512	
FL	-72200	-72200	35	32	1	14	17	35	15	52	3	17035600	6075	4775	148	1925	4244	4632	2536	13292	512	
FL	-72400	-72400	34	29	1	15	18	36	16	53	3	17035200	6075	4775	148	1925	4244	4632	2536	13292	512	
FL	-72600	-72600	32	29	1	16	18	36	16	55	3	17034800	6075	4775	148	1925	4244	4632	2536	13292	512	
FL	-72800	-72800	31	27	3	15	18	37	15	56	3	17034400	6075	4775	148	1925	4244	4632	2536	13292	512	
FL	-73000	-73000	31	25	3	14	18	40	12	59	2	17034000	6075	4775	148	1925	4244	4632	2536	13292	512	
FL	-73200	-73200	32	22	3	14	19	38	16	63	2	17033600	6075	4775	148	1925	4244	4632	2536	13292	512	
FL	-73400	-73400	33	22	3	14	20	37	16	66	2	17033200	6075	4775	148	1925	4244	4632	2536	13292	512	
FL	-73600	-73600	36	21	3	12	22	35	15	67	2	17032800	6075	4775	148	1925	4244	4632	2536	13292	512	
FL	-73800	-73800	37	21	3	12	22	36	14	70	2	17032400	6075	4775	148	1925	4244	4632	2536	13292	512	
FL	-74000	-74000	39	24	3	12	23	36	16	69	2	17032000	6075	4775	148	1925	4244	4632	2536	13292	512	
FL	-74200	-74200	40	24	3	13	23	35	17	69	2	17031600	6075	4775	148	1925	4244	4632	2536	13292	512	
FL	-74400	-74400	39	21	3	10	22	32	17	73	2	17031200	6075	4775	148	1925	4244	4632	2536	13292	512	
FL	-74600	-74600	39	21	2	11	22	33	17	78	3	17030800	6075	4775	148	1925	4244	4632	2536	13292	512	
FL	-74800	-74800	40	22	2	11	23	32	16	77	3	17030400	6075	4775	148	1925	4244	4632	2536	13292	512	
FL	-75000	-75000	44	22	2	10	25	33	17	75	3	17030000	6075	4775	148	1925	4244	4632	2536	13292	512	
FL	-75200	-75200	45	20	2	9	27	33	17	73	3	17029600	6075	4775	148	1925	4244	4632	2536	13292	512	
FL	-75400	-75400	46	21	2	8	27	34	18	71	3	17029200	6075	4775	148	1925	4244	4632	2536	13292	512	
FL	-75600	-75600	47	20	2	8	30	36	19	72	3	17028800	6075	4775	148	1925	4244	4632	2536	13292	512	
FL	-75800	-75800	44	20	2	8	27	36	19	71	3	17028400	6075	4775	148	1925	4244	4632	2536	13292	512	
FL	-76000	-76000	43	22	2	8	26	38	20	73	3	17028000	6075	4775	148	1925	4244	4632	2536	13292	512	
FL	-76200	-76200	46	20	2	9	28	36	20	73	3	17027600	6075	4775	148	1925	4244	4632	2536	13292	512	
FL	-76400	-76400	47	21	2	11	28	31	21	74	3	17027200	6075	4775	148	1925	4244	4632	2536	13292	512	
FL	-76600	-76600	46	22	2	11	28	31	23	72	3	17026800	6075	4775	148	1925	4244	4632	2536	13292	512	
FL	-76800	-76800	47	21	2	10	29	31	22	73	3	17026400	6075	4775	148	1925	4244	4632	2536	13292	512	
FL	-77000	-77000	47	24	2	12	28	29	23	78	3	17026000	6075	4775	148	1925	4244	4632	2536	13292	512	
FL	-77200	-77200	46	25	2	11	28	26	23	82	3	17025600	6075	4775	148	1925	4244	4632	2536	13292	512	
FL	-77400	-77400	47	26	2	10	28	27	20	85	4	17025200	6075	4775	148	1925	4244	4632	2536	13292	512	
FL	-77600	-77600	50	27	2	9	29	28	22	84	4	17024800	6075	4775	148	1925	4244	4632	2536	13292	512	
FL	-77800	-77800	48	29	0	9	29	27	22	81	4	17024400	6075	4775	148	1925	4244	4632	2536	13292	512	
FL	-78000	-78000	50	31	0	9	29	25	22	80	4	17024000	6075	4775	148	1925	4244	4632	2536	13292	512	
FL	-78200	-78200	49	31	0	9	28	25	18	76	4	17023600	6075	4775	148	1925	4244	4632	2536	13292	512	
FL	-78400	-78400	50	31	0	9	30	26	18	72	4	17023200	6075	4775	148	1925	4244	4632	2536	13292	512	
FL	-78600	-78600	50	31	0	10	28	28	18	70	4	17022800	6075	4775	148	1925	4244	4632	2536	13292	512	
FL	-78800	-78800	53	30	0	10	28	27	19	68	4	17022400	6075	4775	148	1925	4244	4632	2536	13292	512	
FL	-79000	-79000	52	31	0	10	28	27	19	69	4	17022000	6075	4775	148	1925	4244	4632	2536	13292	512	
FL	-79200	-79200	54	33	0	10	29	29	18	70	4	17021600	6075	4775	148	1925	4244	4632	2536	13292	512	
FL	-79400	-79400	55	33	0	11	31	29	20	65	4	17021200	6075	4775	148	1925	4244	4632	2536	13292	512	
FL	-79600	-79600	57	33	0	10	30	29	19	62	3	17020800	6075	4775	148	1925	4244	4632	2536	13292	512	
FL	-79800	-79800	56	34	0	11	30	30	20	62	3	17020400	6075	4775	148	1925	4244	4632	2536	13292	512	
FL	-80000	-80000	55	37	2	13	29	29	20	64	3	17020000	6075	4775	148	1925	4244	4632	2536	13292	512	
FL	-80200	-80200	57	38	2	14	26	31	21	69	3	17019600	6075	4775	148	1925	4244	4632	2536	13292	512	
FL	-80400	-80400	57	37	2	14	26	32	22	67	4	17019200	6075	4775	148	1925	4244	4632	2536	13292	512	
FL	-80600	-80600	54	38	2	14	23	31	20	67	4	17018800	6075	4775	148	1925	4244	4632	2536	13292	512	
FL	-80800	-80800	58	39	2	14	24	32	20	69	4	17018400	6075	4775	148	1925	4244	4632	2536	13292	512	
FL	-81000	-81000	56	38	2	15	25	32	20	68	4	17018000	6075	4775	148	1925	4244	4632	2536	13292	512	
FL	-81200	-81200	51	41	2	14	24	32	19	64	3	17017600	6075	4775	148	1925	4244	4632	2536	13292	512	
FL	-81400	-81400	49	39	2	12	25	33	19	65	3	17017200	6075	4775	148	1925	4244	4632	2536	13292	512	
FL	-81600	-81600	49	37	2	13	26	32	17	63	3	17016800	6075	4775	148	1925	4244	4632	2536	13292	512	
FL	-81800	-81800	47	36	2	13	24	34	17	67	3	17016400	6075	4775	148	1925	4244	4632	2536	13292	512	
FL	-82000	-82000	46	34	2	14	24	34	16	64	3	17016000	6075	4775	148	1925	4244	4632	2536	13292	512	
FL	-82200	-82200	45	35	2	14	24	36	15	61	3	17015600	6075	4775	148	1925	4244	4632	2536	13292	512	
FL	-82400	-82400	48	35	2	14	23	35	19	60	2	17015200	6075	4775	148	1925	4244	4632	2536	13292	512	
FL	-82600	-82600	47	36	2	15	21	38	17	59	2	17014800	6075	4775	148	1925	4244	4632	2536	13292	512	
FL	-82800	-82800	48	36	2	16	22	39	18	58	2	17014400	6075	4775	148	1925	4244	4632	2536	13292	512	
FL	-83000	-83000	46	34	2	16	22	39	21	57	2	17014000	6075	4775	148	1925	4244	4632	2536	13292	512	
FL	-83200	-83200	45	35	2	16	22	38	21	57	2	17013600	6075	4775	148	1925	4244	4632	2536	13292	512	
FL	-83400	-83400	43	34	2	16	18	38	21	59	2	17013200	6075	4775	148	1925	4244	4632	2536	13292	512	
FL	-83600	-83600	42	36	2	16	18	36	23	59	2	17012800	6075	4775	148	1925	4244	4632	2536	13292	512	
FL	-83800	-83800	37	38	2	16	20	36	21	57	2	17012400	6075	4775	148	1925	4244	4632	2536	13292	512	
FL	-84000	-84000	38	35	2	16	21	35	20	56	2	17012000	6075	4775	148	1925	4244	4632	2536	13292	512	
FL	-84200	-84200	35	35	2	15	20	33	20	53	1	17011600	6075	4775	148	1925	4244	4632	2536	13292	512	
FL	-84400	-84400	32	35	2	14	18	33	18	53	1	17011200	6075	4775	148	1925	4244	4632	2536	13292	512	
FL	-84600	-84600	31	36	2	15	19	32	19	56	1	17010800	6075	4775	148	1925	4244	4632	2536	13292	512	
FL	-84800	-84800	32	34	2	15	21	30	19	59	1	17010400	6075	4775	148	1925	4244	4632	2536	13292	512	
FL	-85000	-85000	29	30	0	13	20	29	20	60	1	17010000	6075	4775	148	1925	4244	4632	2536	13292	512	
FL	-85200	-85200	27	30	0	12	20	28	20	61	1	17010000	6075	4775	148	1925	4244	4632	2536	13292	512	
FL	-85400	-85400	29	31	0	12	21	25	18	65	0	17010000	6075	4775	148	1925	4244	4632	2536	13292	512	
FL	-85600	-85600	32	32	1	12	24	26	18	64	0	17010000	6075	4775	148	1925	4244	4632	2536	13292	512	
FL	-85800	-85800	30	32	1	12	24	25	18	66	0	17010000	6075	4775	148	1925	4244	4632	2536	13292	512	
FL	-86000	-86000	31	32	1	12	23	26	17	66	0	17010000	6075	4775	148	1925	4244	4632	2536	13292	512	
FL	-86200	-86200	31	28	1	11	23	30	18	70	0	17010000	6075	4775	148	1925	4244	4632	2536	13292	512	
FL	-86400	-86400	32	29	1	11	22	30	17	71	0	17010000	6075	4775	148	1925	4244	4632	2536	13292	512	
FL	-86600	-86600	34	32	1	10	22	34	19	73	0	17010000	6075	4775	148	1925	4244	4632	2536	13292	512	
FL	-86800	-86800	35	32	1	12	24	34	20	72	0	17010000	6075	4775	148	1925	4244	4632	2536	13292	512	
FL	-87000	-87000	34	31	1	9	24	34	21	77	0	17010000	6075	4775	148	1925	4244	4632	2536	13292	512	
FL	-87200	-87200	39	32	1	10	23	32	22	78	0	17010000	6075	4775	148	1925	4244	4632	2536	13292	512	
FL	-87400	-87400	39	36	1	10	23	31	19	79	0	17010000	6075	4775	148	1925	4244	4632	2536	13292	512	
FL	-87600	-87600	40	35	1	9	26	30	20	80	0	17010000	6075	4775	148	1925	4244	4632	2536	13292	512	
FL	-87800	-87800	39	33	1	9	24	30	19	80	0	17010000	6075	4775	148	1925	4244	4632	2536	13292	512	
FL	-88000	-88000	40	35	1	9	24	30	17	80	0	17010000	6075	4775	148	1925	4244	4632	2536	13292	512	
FL	-88200	-88200	43	34	1	10	24	31	17	80	0	17010000	6075	4775	148	1925	4244	4632	2536	13292	512	
FL	-88400	-88400	42	35	1	10	25	31	18	82	1	17010000	6075	4775	148	1925	4244	4632	2536	13292	512	
FL	-88600	-88600	43	33	1	9	25	34	16	85	1	17010000	6075	4775	148	1925	4244	4632	2536	13292	512	
FL	-88800	-88800	45	31	1	10	23	32	16	85	2	17010000	6075	4775	148	1925	4244	4632	2536	13292	512	
FL	-89000	-89000	44	31	1	10	21	32	15	91	2	17010000	6075	4775	148	1925	4244	4632	2536	13292	512	
FL	-89200	-89200	45	29	1	11	23	33	15	92	2	17010000	6075	4775	148	1925	4244	4632	2536	13292	512	
FL	-89400	-89400	45	30	1	12	24	34	16	92	2	17010000	6075	4775	148	1925	4244	4632	2536	13292	512	
FL	-89600	-89600	44	30	1	12	24	34	18	87	2	17010000	6075	4775	148	1925	4244	4632	2536	13292	512	
FL	-89800	-89800	44	31	1	11	21	35	17	86	2	17010000	6075	4775	148	1925	4244	4632	2536	13292	512	
FL	-90000	-90000	46	31	1	11	22	35	17	84	2	17010000	6075	4775	148	1925	4244	4632	2536	13292	512	
FL	-90200	-90200	48	32	1	11	23	37	19	79	2	17009600	6075	4775	148	1925	4244	4632	2536	13292	512	
FL	-90400	-90400	44	33	1	11	24	38	20	76	3	17009200	6075	4775	148	1925	4244	4632	2536	13292	512	
FL	-90600	-90600	43	32	0	12	21	38	21	75	4	17008800	6075	4775	148	1925	4244	4632	2536	13292	512	
FL	-90800	-90800	42	32	0	12	20	40	21	73	4	17008400	6075	4775	148	1925	4244	4632	2536	13292	512	
FL	-91000	-91000	42	32	0	11	21	38	21	74	4	17008000	6075	4775	148	1925	4244	4632	2536	13292	512	
FL	-91200	-91200	45	33	0	11	20	34	21	72	5	17007600	6075	4775	148	1925	4244	4632	2536	13292	512	
FL	-91400	-91400	45	33	0	11	20	34	21	71	5	17007200	6075	4775	148	1925	4244	4632	2536	13292	512	
FL	-91600	-91600	44	31	0	11	19	30	19	73	5	17006800	6075	4775	148	1925	4244	4632	2536	13292	512	
FL	-91800	-91800	44	30	0	9	18	29	18	70	5	17006400	6075	4775	148	1925	4244	4632	2536	13292	512	
FL	-92000	-92000	47	32	0	10	19	31	17	65	5	17006000	6075	4775	148	1925	4244	4632	2536	13292	512	
FL	-92200	-92200	42	30	0	9	19	31	16	65	5	17005600	6075	4775	148	1925	4244	4632	2536	13292	512	
FL	-92400	-92400	42	26	0	9	20	31	15	64	5	17005200	6075	4775	148	1925	4244	4632	2536	13292	512	
FL	-92600	-92600	41	28	0	10	17	28	14	64	5	17004800	6075	4775	148	1925	4244	4632	2536	13292	512	
FL	-92800	-92800	42	30	0	10	18	27	14	66	5	17004400	6075	4775	148	1925	4244	4632	2536	13292	512	
FL	-93000	-93000	42	30	0	10	18	25	13	66	5	17004000	6075	4775	148	1925	4244	4632	2536	13292	512	
FL	-93200	-93200	42	29	0	8	19	29	13	66	5	17003600	6075	4775	148	1925	4244	4632	2536	13292	512	
FL	-93400	-93400	43	29	0	8	18	29	13	63	4	17003200	6075	4775	148	1925	4244	4632	2536	13292	512	
FL	-93600	-93600	40	28	0	8	21	26	14	61	4	17002800	6075	4775	148	1925	4244	4632	2536	13292	512	
FL	-93800	-93800	39	29	0	8	22	27	14	64	3	17002400	6075	4775	148	1925	4244	4632	2536	13292	512	
FL	-94000	-94000	40	31	0	9	23	28	14	62	3	17002000	6075	4775	148	1925	4244	4632	2536	13292	512	
FL	-94200	-94200	39	30	0	8	21	28	14	64	3	17001600	6075	4775	148	1925	4244	4632	2536	13292	512	
FL	-94400	-94400	40	29	0	7	20	28	13	66	3	17001200	6075	4775	148	1925	4244	4632	2536	13292	512	
FL	-94600	-94600	41	31	0	7	22	30	10	70	3	17000800	6075	4775	148	1925	4244	4632	2536	13292	512	
FL	-94800	-94800	43	30	0	7	22	32	10	70	3	17000400	6075	4775	148	1925	4244	4632	2536	13292	512	
FL	-95000	-95000	43	31	0	7	25	34	8	71	3	17000000	6075	4775	148	1925	4244	4632	2536	13292	512	
FL	-95200	-95200	41	29	0	7	25	31	5	73	3	16998800	6075	4775	148	1925	4244	4632	2536	13292	512	
FL	-95400	-95400	41	28	0	7	23	34	5	76	2	16997600	6075	4775	148	1925	4244	4632	2536	13292	512	
FL	-95600	-95600	41	29	0	7	24	33	4	77	2	16996400	6075	4775	148	1925	4244	4632	2536	13292	512	
FL	-95800	-95800	42	28	0	8	24	33	4	80	2	16995200	6075	4775	148	1925	4244	4632	2536	13292	512	
FL	-96000	-96000	43	27	0	8	24	32	4	78	2	16994000	6075	4775	148	1925	4244	4632	2536	13292	512	
FL	-96200	-96200	42	28	0	8	24	36	3	76	1	16992800	6075	4775	148	1925	4244	4632	2536	13292	512	
FL	-96400	-96400	41	28	0	8	24	36	3	74	1	16991600	6075	4775	148	1925	4244	4632	2536	13292	512	
FL	-96600	-96600	42	29	0	8	26	36	5	74	1	16990400	6075	4775	148	1925	4244	4632	2536	13292	512	
FL	-96800	-96800	41	31	0	8	27	35	5	75	2	16989200	6075	4775	148	1925	4244	4632	2536	13292	512	
FL	-97000	-97000	40	30	0	7	27	37	5	74	2	16988000	6075	4775	148	1925	4244	4632	2536	13292	512	
FL	-97200	-97200	41	30	0	8	27	38	6	75	2	16986800	6075	4775	148	1925	4244	4632	2536	13292	512	
FL	-97400	-97400	38	30	0	8	27	39	7	76	2	16985600	6075	4775	148	1925	4244	4632	2536	13292	512	
FL	-97600	-97600	39	27	0	9	28	39	7	75	2	16984400	6075	4775	148	1925	4244	4632	2536	13292	512	
FL	-97800	-97800	39	26	0	9	28	39	7	73	2	16983200	6075	4775	148	1925	4244	4632	2536	13292	512	
FL	-98000	-98000	37	24	0	9	28	40	8	73	2	16982000	6075	4775	148	1925	4244	4632	2536	13292	512	
FL	-98200	-98200	35	26	2	10	27	35	9	74	2	16980800	6075	4775	148	1925	4244	4632	2536	13292	512	
FL	-98400	-98400	34	25	2	11	28	34	8	76	2	16979600	6075	4775	148	1925	4244	4632	2536	13292	512	
FL	-98600	-98600	37	26	2	11	25	34	7	74	2	16978400	6075	4775	148	1925	4244	4632	2536	13292	512	
FL	-98800	-98800	41	26	2	10	25	34	7	74	2	16977200	6075	4775	148	1925	4244	4632	2536	13292	512	
FL	-99000	-99000	43	23	2	9	25	33	11	75	2	16976000	6075	4775	148	1925	4244	4632	2536	13292	512	
FL	-99200	-99200	44	25	2	9	25	32	11	75	2	16974800	6075	4775	148	1925	4244	4632	2536	13292	512	
FL	-99400	-99400	45	26	2	9	26	31	11	77	2	16973600	6075	4775	148	1925	4244	4632	2536	13292	512	
FL	-99600	-99600	46	23	2	8	24	30	11	74	2	16972400	6075	4775	148	1925	4244	4632	2536	13292	512	
FL	-99800	-99800	45	25	2	9	24	28	13	75	2	16971200	6075	4775	148	1925	4244	4632	2536	13292	512	
FL	-100000	-100000	44	24	2	9	21	27	14	82	2	16970000	6075	4775	148	1925	4244	4632	2536	13292	512	
