DHL	0	0	25	41	12	12	47	45	43	0	24	17055000	1810	2357	1241	2216	9263	7013	7501	5032	
DHL	-200	-200	23	41	12	12	47	45	45	0	23	17055000	1810	2357	1241	2216	9263	7013	7501	5032	
DHL	-400	-400	23	38	13	13	48	49	47	0	23	17055000	1810	2357	1241	2216	9263	7013	7501	5032	
DHL	-600	-600	23	33	13	13	43	49	46	0	24	17055000	1810	2357	1241	2216	9263	7013	7501	5032	
DHL	-800	-800	17	24	12	16	45	54	48	0	23	17055000	1810	2357	1241	2216	9263	7013	7501	5032	
DHL	-1000	-1000	18	27	12	16	47	57	48	0	21	17055000	1810	2357	1241	2216	9263	7013	7501	5032	
DHL	-1200	-1200	17	27	12	17	45	57	47	0	22	17055000	1810	2357	1241	2216	9263	7013	7501	5032	
DHL	-1400	-1400	17	29	12	18	47	57	46	0	22	17055000	1810	2357	1241	2216	9263	7013	7501	5032	
DHL	-1600	-1600	15	28	14	18	52	56	44	0	22	17055000	1810	2357	1241	2216	9263	7013	7501	5032	
DHL	-1800	-1800	13	28	12	20	52	57	42	0	22	17055000	1810	2357	1241	2216	9263	7013	7501	5032	
DHL	-2000	-2000	12	29	13	21	54	58	38	0	23	17055000	1810	2357	1241	2216	9263	7013	7501	5032	
DHL	-2200	-2200	12	28	13	24	57	60	39	0	23	17055000	1810	2357	1241	2216	9263	7013	7501	5032	
DHL	-2400	-2400	11	27	12	24	57	61	39	0	24	17055000	1810	2357	1241	2216	9263	7013	7501	5032	
DHL	-2600	-2600	10	29	12	24	54	60	40	0	25	17055000	1810	2357	1241	2216	9263	7013	7501	5032	
DHL	-2800	-2800	10	29	10	24	54	61	37	0	25	17055000	1810	2357	1241	2216	9263	7013	7501	5032	
DHL	-3000	-3000	11	31	11	24	59	65	38	0	27	17055000	1810	2357	1241	2216	9263	7013	7501	5032	
DHL	-3200	-3200	11	31	9	22	62	69	40	0	27	17055000	1810	2357	1241	2216	9263	7013	7501	5032	
DHL	-3400	-3400	11	32	10	22	61	72	41	0	27	17055000	1810	2357	1241	2216	9263	7013	7501	5032	
DHL	-3600	-3600	11	40	10	23	60	73	42	0	30	17055000	1810	2357	1241	2216	9263	7013	7501	5032	
DHL	-3800	-3800	12	45	10	22	58	76	42	0	29	17055000	1810	2357	1241	2216	9263	7013	7501	5032	
DHL	-4000	-4000	12	47	12	23	58	78	40	0	30	17055000	1810	2357	1241	2216	9263	7013	7501	5032	
DHL	-4200	-4200	11	46	12	22	58	82	35	0	30	17055000	1810	2357	1241	2216	9263	7013	7501	5032	
DHL	-4400	-4400	13	45	13	22	55	82	32	0	29	17055000	1810	2357	1241	2216	9263	7013	7501	5032	
DHL	-4600	-4600	13	45	13	24	57	85	33	0	30	17055000	1810	2357	1241	2216	9263	7013	7501	5032	
DHL	-4800	-4800	15	44	13	25	60	87	33	0	29	17055000	1810	2357	1241	2216	9263	7013	7501	5032	
DHL	-5000	-5000	16	44	13	25	60	85	35	0	29	17055000	1810	2357	1241	2216	9263	7013	7501	5032	
DHL	-5200	-5200	18	43	13	24	61	86	36	0	30	17055000	1810	2357	1241	2216	9263	7013	7501	5032	
DHL	-5400	-5400	18	43	12	23	62	83	38	0	30	17055000	1810	2357	1241	2216	9263	7013	7501	5032	
DHL	-5600	-5600	17	44	12	21	64	80	39	0	30	17055000	1810	2357	1241	2216	9263	7013	7501	5032	
DHL	-5800	-5800	18	43	12	18	63	75	39	0	29	17055000	1810	2357	1241	2216	9263	7013	7501	5032	
DHL	-6000	-6000	17	39	12	18	61	70	40	0	30	17055000	1810	2357	1241	2216	9263	7013	7501	5032	
DHL	-6200	-6200	16	38	12	17	67	70	40	0	30	17055000	1810	2357	1241	2216	9263	7013	7501	5032	
DHL	-6400	-6400	15	34	12	18	67	71	41	0	30	17055000	1810	2357	1241	2216	9263	7013	7501	5032	
DHL	-6600	-6600	14	33	10	19	63	70	46	0	30	17055000	1810	2357	1241	2216	9263	7013	7501	5032	
DHL	-6800	-6800	14	33	10	17	64	69	47	0	30	17055000	1810	2357	1241	2216	9263	7013	7501	5032	
DHL	-7000	-7000	14	32	9	17	61	72	47	0	30	17055000	1810	2357	1241	2216	9263	7013	7501	5032	
DHL	-7200	-7200	15	32	9	14	60	70	47	0	29	17055000	1810	2357	1241	2216	9263	7013	7501	5032	
DHL	-7400	-7400	16	32	9	14	62	68	47	0	27	17055000	1810	2357	1241	2216	9263	7013	7501	5032	
DHL	-7600	-7600	16	30	9	14	62	68	48	0	27	17055000	1810	2357	1241	2216	9263	7013	7501	5032	
DHL	-7800	-7800	16	29	9	15	60	67	56	0	27	17055000	1810	2357	1241	2216	9263	7013	7501	5032	
DHL	-8000	-8000	15	26	9	17	53	63	56	0	25	17055000	1810	2357	1241	2216	9263	7013	7501	5032	
DHL	-8200	-8200	15	26	8	19	54	59	55	0	24	17055000	1810	2357	1241	2216	9263	7013	7501	5032	
DHL	-8400	-8400	18	25	7	19	53	56	54	0	24	17055000	1810	2357	1241	2216	9263	7013	7501	5032	
DHL	-8600	-8600	17	17	7	18	54	54	52	0	22	17055000	1810	2357	1241	2216	9263	7013	7501	5032	
DHL	-8800	-8800	17	14	7	18	54	50	53	0	23	17055000	1810	2357	1241	2216	9263	7013	7501	5032	
DHL	-9000	-9000	16	12	5	17	55	47	54	0	23	17055000	1810	2357	1241	2216	9263	7013	7501	5032	
DHL	-9200	-9200	15	11	5	17	56	40	54	0	22	17055000	1810	2357	1241	2216	9263	7013	7501	5032	
DHL	-9400	-9400	13	10	4	20	56	41	54	0	23	17055000	1810	2357	1241	2216	9263	7013	7501	5032	
DHL	-9600	-9600	13	9	5	18	53	39	53	0	21	17055000	1810	2357	1241	2216	9263	7013	7501	5032	
DHL	-9800	-9800	13	10	4	17	50	38	54	0	21	17055000	1810	2357	1241	2216	9263	7013	7501	5032	
DHL	-10000	-10000	13	10	4	18	53	38	54	0	19	17055000	1810	2357	1241	2216	9263	7013	7501	5032	
DHL	-10200	-10200	12	11	4	19	53	36	53	0	18	17055000	1810	2357	1241	2216	9263	7013	7501	5032	
DHL	-10400	-10400	13	12	4	19	53	36	51	0	19	17055000	1810	2357	1241	2216	9263	7013	7501	5032	
DHL	-10600	-10600	13	11	3	20	52	34	49	0	18	17055000	1810	2357	1241	2216	9263	7013	7501	5032	
DHL	-10800	-10800	13	12	3	20	51	32	48	0	18	17055000	1810	2357	1241	2216	9263	7013	7501	5032	
DHL	-11000	-11000	13	12	3	19	49	32	51	0	21	17055000	1810	2357	1241	2216	9263	7013	7501	5032	
DHL	-11200	-11200	13	12	3	19	45	31	53	0	22	17055000	1810	2357	1241	2216	9263	7013	7501	5032	
DHL	-11400	-11400	13	12	3	17	44	31	53	0	22	17055000	1810	2357	1241	2216	9263	7013	7501	5032	
DHL	-11600	-11600	14	12	3	16	45	34	51	0	24	17055000	1810	2357	1241	2216	9263	7013	7501	5032	
DHL	-11800	-11800	15	11	3	15	44	32	51	0	25	17055000	1810	2357	1241	2216	9263	7013	7501	5032	
DHL	-12000	-12000	15	12	3	13	43	28	52	0	24	17055000	1810	2357	1241	2216	9263	7013	7501	5032	
DHL	-12200	-12200	14	12	4	13	42	29	52	0	24	17055000	1810	2357	1241	2216	9263	7013	7501	5032	
DHL	-12400	-12400	14	12	5	14	39	30	52	0	25	17055000	1810	2357	1241	2216	9263	7013	7501	5032	
DHL	-12600	-12600	17	12	5	14	41	31	50	0	26	17055000	1810	2357	1241	2216	9263	7013	7501	5032	
DHL	-12800	-12800	17	13	5	13	43	30	42	0	26	17055000	1810	2357	1241	2216	9263	7013	7501	5032	
DHL	-13000	-13000	18	12	4	11	46	29	40	0	28	17055000	1810	2357	1241	2216	9263	7013	7501	5032	
DHL	-13200	-13200	18	12	4	10	44	29	41	0	27	17055000	1810	2357	1241	2216	9263	7013	7501	5032	
DHL	-13400	-13400	16	12	4	9	44	31	41	0	29	17055000	1810	2357	1241	2216	9263	7013	7501	5032	
DHL	-13600	-13600	16	12	5	12	44	31	43	0	28	17055000	1810	2357	1241	2216	9263	7013	7501	5032	
DHL	-13800	-13800	15	11	6	12	43	31	41	0	27	17055000	1810	2357	1241	2216	9263	7013	7501	5032	
DHL	-14000	-14000	15	11	6	12	43	31	40	0	26	17055000	1810	2357	1241	2216	9263	7013	7501	5032	
DHL	-14200	-14200	15	13	8	12	42	33	42	0	25	17055000	1810	2357	1241	2216	9263	7013	7501	5032	
DHL	-14400	-14400	15	13	8	10	41	33	41	0	25	17055000	1810	2357	1241	2216	9263	7013	7501	5032	
DHL	-14600	-14600	15	13	8	11	44	35	44	0	26	17055000	1810	2357	1241	2216	9263	7013	7501	5032	
DHL	-14800	-14800	13	11	7	11	46	33	44	0	27	17055000	1810	2357	1241	2216	9263	7013	7501	5032	
DHL	-15000	-15000	12	12	7	10	49	32	42	0	31	17055000	1810	2357	1241	2216	9263	7013	7501	5032	
DHL	-15200	-15200	12	11	7	10	48	33	43	0	31	17055000	1810	2357	1241	2216	9263	7013	7501	5032	
DHL	-15400	-15400	11	11	7	10	47	33	40	0	32	17055000	1810	2357	1241	2216	9263	7013	7501	5032	
DHL	-15600	-15600	11	11	7	8	46	31	44	0	33	17055000	1810	2357	1241	2216	9263	7013	7501	5032	
DHL	-15800	-15800	10	10	7	8	45	32	44	0	34	17055000	1810	2357	1241	2216	9263	7013	7501	5032	
DHL	-16000	-16000	11	8	7	8	49	32	42	0	31	17055000	1810	2357	1241	2216	9263	7013	7501	5032	
DHL	-16200	-16200	12	8	7	9	48	34	44	0	30	17055000	1810	2357	1241	2216	9263	7013	7501	5032	
DHL	-16400	-16400	12	8	7	9	48	34	44	0	31	17055000	1810	2357	1241	2216	9263	7013	7501	5032	
DHL	-16600	-16600	11	9	7	9	47	32	43	0	30	17055000	1810	2357	1241	2216	9263	7013	7501	5032	
DHL	-16800	-16800	9	9	7	9	47	33	41	0	29	17055000	1810	2357	1241	2216	9263	7013	7501	5032	
DHL	-17000	-17000	9	8	7	11	48	34	42	0	29	17055000	1810	2357	1241	2216	9263	7013	7501	5032	
DHL	-17200	-17200	10	8	6	11	47	33	42	0	32	17055000	1810	2357	1241	2216	9263	7013	7501	5032	
DHL	-17400	-17400	9	9	6	10	47	33	41	0	32	17055000	1810	2357	1241	2216	9263	7013	7501	5032	
DHL	-17600	-17600	7	8	7	11	47	32	43	0	33	17055000	1810	2357	1241	2216	9263	7013	7501	5032	
DHL	-17800	-17800	7	8	7	11	44	34	44	0	33	17055000	1810	2357	1241	2216	9263	7013	7501	5032	
DHL	-18000	-18000	7	10	7	11	42	34	45	0	32	17055000	1810	2357	1241	2216	9263	7013	7501	5032	
DHL	-18200	-18200	7	10	7	11	41	34	43	0	34	17055000	1810	2357	1241	2216	9263	7013	7501	5032	
DHL	-18400	-18400	6	11	7	13	43	31	43	0	32	17055000	1810	2357	1241	2216	9263	7013	7501	5032	
DHL	-18600	-18600	6	11	6	11	46	30	43	0	31	17055000	1810	2357	1241	2216	9263	7013	7501	5032	
DHL	-18800	-18800	7	10	7	12	47	30	44	0	34	17055000	1810	2357	1241	2216	9263	7013	7501	5032	
DHL	-19000	-19000	7	10	7	12	46	30	45	0	33	17055000	1810	2357	1241	2216	9263	7013	7501	5032	
DHL	-19200	-19200	7	11	5	12	47	31	43	0	34	17055000	1810	2357	1241	2216	9263	7013	7501	5032	
DHL	-19400	-19400	7	11	5	11	49	33	43	0	33	17055000	1810	2357	1241	2216	9263	7013	7501	5032	
DHL	-19600	-19600	7	11	4	10	51	31	41	0	32	17055000	1810	2357	1241	2216	9263	7013	7501	5032	
DHL	-19800	-19800	7	11	4	10	49	37	41	0	32	17055000	1810	2357	1241	2216	9263	7013	7501	5032	
DHL	-20000	-20000	9	10	4	10	44	41	45	0	28	17055000	1810	2357	1241	2216	9263	7013	7501	5032	
DHL	-20200	-20200	9	10	4	9	48	41	42	0	30	17055000	1810	2357	1241	2216	9263	7013	7501	5032	
DHL	-20400	-20400	10	9	4	9	48	42	45	0	29	17055000	1810	2357	1241	2216	9263	7013	7501	5032	
DHL	-20600	-20600	10	10	4	9	49	43	42	0	28	17055000	1810	2357	1241	2216	9263	7013	7501	5032	
DHL	-20800	-20800	10	10	4	9	51	43	44	0	27	17055000	1810	2357	1241	2216	9263	7013	7501	5032	
DHL	-21000	-21000	10	11	4	9	48	44	43	0	27	17055000	1810	2357	1241	2216	9263	7013	7501	5032	
DHL	-21200	-21200	10	13	5	8	47	44	39	0	31	17055000	1810	2357	1241	2216	9263	7013	7501	5032	
DHL	-21400	-21400	10	13	5	8	46	44	39	0	29	17055000	1810	2357	1241	2216	9263	7013	7501	5032	
DHL	-21600	-21600	10	12	5	7	44	45	38	0	29	17055000	1810	2357	1241	2216	9263	7013	7501	5032	
DHL	-21800	-21800	10	12	5	8	46	45	38	0	29	17055000	1810	2357	1241	2216	9263	7013	7501	5032	
DHL	-22000	-22000	10	12	5	6	47	45	37	0	29	17055000	1810	2357	1241	2216	9263	7013	7501	5032	
DHL	-22200	-22200	9	13	5	7	46	46	37	0	27	17055000	1810	2357	1241	2216	9263	7013	7501	5032	
DHL	-22400	-22400	10	13	4	7	46	45	39	0	28	17055000	1810	2357	1241	2216	9263	7013	7501	5032	
DHL	-22600	-22600	9	14	3	6	48	44	37	0	26	17055000	1810	2357	1241	2216	9263	7013	7501	5032	
DHL	-22800	-22800	9	13	3	7	52	42	37	0	26	17055000	1810	2357	1241	2216	9263	7013	7501	5032	
DHL	-23000	-23000	8	11	3	9	53	43	39	0	27	17055000	1810	2357	1241	2216	9263	7013	7501	5032	
DHL	-23200	-23200	9	11	3	9	53	45	40	0	27	17055000	1810	2357	1241	2216	9263	7013	7501	5032	
DHL	-23400	-23400	9	10	3	7	53	46	41	0	27	17055000	1810	2357	1241	2216	9263	7013	7501	5032	
DHL	-23600	-23600	9	10	3	6	56	46	41	0	27	17055000	1810	2357	1241	2216	9263	7013	7501	5032	
DHL	-23800	-23800	8	11	1	5	53	46	45	0	26	17055000	1810	2357	1241	2216	9263	7013	7501	5032	
DHL	-24000	-24000	10	12	1	6	55	45	45	0	26	17055000	1810	2357	1241	2216	9263	7013	7501	5032	
DHL	-24200	-24200	10	9	1	6	53	44	46	0	27	17055000	1810	2357	1241	2216	9263	7013	7501	5032	
DHL	-24400	-24400	10	10	1	6	52	43	46	0	29	17055000	1810	2357	1241	2216	9263	7013	7501	5032	
DHL	-24600	-24600	12	10	1	6	48	44	45	0	30	17055000	1810	2357	1241	2216	9263	7013	7501	5032	
DHL	-24800	-24800	12	11	1	7	49	40	50	0	30	17055000	1810	2357	1241	2216	9263	7013	7501	5032	
DHL	-25000	-25000	10	11	1	7	50	36	49	0	33	17055000	1810	2357	1241	2216	9263	7013	7501	5032	
DHL	-25200	-25200	10	11	1	7	48	36	52	0	33	17055000	1810	2357	1241	2216	9263	7013	7501	5032	
DHL	-25400	-25400	10	12	1	8	46	36	54	0	35	17055000	1810	2357	1241	2216	9263	7013	7501	5032	
DHL	-25600	-25600	11	11	1	9	46	37	55	0	38	17055000	1810	2357	1241	2216	9263	7013	7501	5032	
DHL	-25800	-25800	11	11	1	9	46	35	53	0	37	17055000	1810	2357	1241	2216	9263	7013	7501	5032	
DHL	-26000	-26000	10	10	1	10	48	35	52	0	37	17055000	1810	2357	1241	2216	9263	7013	7501	5032	
DHL	-26200	-26200	9	9	0	10	50	37	54	0	32	17055000	1810	2357	1241	2216	9263	7013	7501	5032	
DHL	-26400	-26400	9	10	0	10	50	37	54	0	34	17055000	1810	2357	1241	2216	9263	7013	7501	5032	
DHL	-26600	-26600	10	11	0	11	50	35	54	0	33	17055000	1810	2357	1241	2216	9263	7013	7501	5032	
DHL	-26800	-26800	11	11	0	10	48	35	55	0	35	17055000	1810	2357	1241	2216	9263	7013	7501	5032	
DHL	-27000	-27000	11	12	0	10	49	35	55	0	35	17055000	1810	2357	1241	2216	9263	7013	7501	5032	
DHL	-27200	-27200	11	11	1	9	50	33	57	0	36	17055000	1810	2357	1241	2216	9263	7013	7501	5032	
DHL	-27400	-27400	11	11	2	11	55	33	54	0	35	17055000	1810	2357	1241	2216	9263	7013	7501	5032	
DHL	-27600	-27600	13	11	2	12	54	34	53	0	36	17055000	1810	2357	1241	2216	9263	7013	7501	5032	
DHL	-27800	-27800	15	11	3	11	52	36	56	0	36	17055000	1810	2357	1241	2216	9263	7013	7501	5032	
DHL	-28000	-28000	17	11	3	9	50	36	51	0	36	17055000	1810	2357	1241	2216	9263	7013	7501	5032	
DHL	-28200	-28200	16	11	3	9	50	38	52	0	34	17055000	1810	2357	1241	2216	9263	7013	7501	5032	
DHL	-28400	-28400	16	14	3	9	48	39	54	0	33	17055000	1810	2357	1241	2216	9263	7013	7501	5032	
DHL	-28600	-28600	16	14	3	10	43	41	53	0	34	17055000	1810	2357	1241	2216	9263	7013	7501	5032	
DHL	-28800	-28800	16	13	3	10	45	41	54	0	34	17055000	1810	2357	1241	2216	9263	7013	7501	5032	
DHL	-29000	-29000	14	13	3	9	42	40	54	0	39	17055000	1810	2357	1241	2216	9263	7013	7501	5032	
DHL	-29200	-29200	14	13	3	9	42	40	55	0	38	17055000	1810	2357	1241	2216	9263	7013	7501	5032	
DHL	-29400	-29400	15	13	3	9	42	40	55	0	37	17055000	1810	2357	1241	2216	9263	7013	7501	5032	
DHL	-29600	-29600	13	14	3	10	42	39	56	0	36	17055000	1810	2357	1241	2216	9263	7013	7501	5032	
DHL	-29800	-29800	13	13	3	9	44	37	51	0	37	17055000	1810	2357	1241	2216	9263	7013	7501	5032	
DHL	-30000	-30000	13	13	3	10	46	38	51	0	35	17055000	1810	2357	1241	2216	9263	7013	7501	5032	
DHL	-30200	-30200	13	13	3	11	43	38	49	0	33	17055000	1810	2357	1241	2216	9263	7013	7501	5032	
DHL	-30400	-30400	13	13	3	10	45	38	46	0	30	17055000	1810	2357	1241	2216	9263	7013	7501	5032	
DHL	-30600	-30600	12	14	4	9	45	37	45	0	29	17055000	1810	2357	1241	2216	9263	7013	7501	5032	
DHL	-30800	-30800	12	16	4	9	46	37	45	0	31	17055000	1810	2357	1241	2216	9263	7013	7501	5032	
DHL	-31000	-31000	12	17	4	8	46	36	47	0	30	17055000	1810	2357	1241	2216	9263	7013	7501	5032	
DHL	-31200	-31200	12	16	4	9	48	34	45	0	30	17055000	1810	2357	1241	2216	9263	7013	7501	5032	
DHL	-31400	-31400	12	16	4	9	50	35	45	0	28	17055000	1810	2357	1241	2216	9263	7013	7501	5032	
DHL	-31600	-31600	12	15	4	9	51	39	47	0	28	17055000	1810	2357	1241	2216	9263	7013	7501	5032	
DHL	-31800	-31800	11	15	4	9	51	39	49	0	26	17055000	1810	2357	1241	2216	9263	7013	7501	5032	
DHL	-32000	-32000	12	15	4	9	49	39	49	0	26	17055000	1810	2357	1241	2216	9263	7013	7501	5032	
DHL	-32200	-32200	12	17	3	10	49	43	48	0	24	17055000	1810	2357	1241	2216	9263	7013	7501	5032	
DHL	-32400	-32400	14	16	3	8	44	46	50	0	25	17055000	1810	2357	1241	2216	9263	7013	7501	5032	
DHL	-32600	-32600	15	16	3	8	44	47	56	0	23	17055000	1810	2357	1241	2216	9263	7013	7501	5032	
DHL	-32800	-32800	14	16	2	9	42	47	52	0	24	17055000	1810	2357	1241	2216	9263	7013	7501	5032	
DHL	-33000	-33000	12	16	3	10	46	49	54	0	23	17055000	1810	2357	1241	2216	9263	7013	7501	5032	
DHL	-33200	-33200	12	16	3	13	46	46	54	0	25	17055000	1810	2357	1241	2216	9263	7013	7501	5032	
DHL	-33400	-33400	14	14	3	14	47	46	53	0	25	17055000	1810	2357	1241	2216	9263	7013	7501	5032	
DHL	-33600	-33600	17	17	3	13	49	46	53	0	27	17055000	1810	2357	1241	2216	9263	7013	7501	5032	
DHL	-33800	-33800	17	18	5	14	51	45	49	0	25	17055000	1810	2357	1241	2216	9263	7013	7501	5032	
DHL	-34000	-34000	18	19	5	14	51	48	49	0	21	17055000	1810	2357	1241	2216	9263	7013	7501	5032	
DHL	-34200	-34200	20	19	6	14	54	52	48	0	21	17055000	1810	2357	1241	2216	9263	7013	7501	5032	
DHL	-34400	-34400	19	18	7	14	56	52	48	0	20	17055000	1810	2357	1241	2216	9263	7013	7501	5032	
DHL	-34600	-34600	19	18	7	13	55	52	48	0	20	17055000	1810	2357	1241	2216	9263	7013	7501	5032	
DHL	-34800	-34800	19	20	7	14	54	53	51	0	18	17055000	1810	2357	1241	2216	9263	7013	7501	5032	
DHL	-35000	-35000	20	20	7	13	51	52	49	0	17	17055000	1810	2357	1241	2216	9263	7013	7501	5032	
DHL	-35200	-35200	19	21	7	12	54	51	51	0	18	17055000	1810	2357	1241	2216	9263	7013	7501	5032	
DHL	-35400	-35400	19	20	7	13	55	51	51	0	18	17055000	1810	2357	1241	2216	9263	7013	7501	5032	
DHL	-35600	-35600	19	19	7	13	53	50	51	0	16	17055000	1810	2357	1241	2216	9263	7013	7501	5032	
DHL	-35800	-35800	22	17	7	14	52	51	52	0	16	17055000	1810	2357	1241	2216	9263	7013	7501	5032	
DHL	-36000	-36000	23	16	7	14	52	51	52	0	16	17055000	1810	2357	1241	2216	9263	7013	7501	5032	
DHL	-36200	-36200	23	16	8	13	50	49	54	0	16	17055000	1810	2357	1241	2216	9263	7013	7501	5032	
DHL	-36400	-36400	23	17	8	14	50	49	54	0	16	17055000	1810	2357	1241	2216	9263	7013	7501	5032	
DHL	-36600	-36600	23	17	8	13	49	47	51	0	17	17055000	1810	2357	1241	2216	9263	7013	7501	5032	
DHL	-36800	-36800	23	17	8	13	48	47	52	0	18	17055000	1810	2357	1241	2216	9263	7013	7501	5032	
DHL	-37000	-37000	22	16	8	16	46	46	56	0	18	17055000	1810	2357	1241	2216	9263	7013	7501	5032	
DHL	-37200	-37200	23	15	8	15	46	43	59	0	18	17055000	1810	2357	1241	2216	9263	7013	7501	5032	
DHL	-37400	-37400	21	16	7	16	45	43	58	0	16	17055000	1810	2357	1241	2216	9263	7013	7501	5032	
DHL	-37600	-37600	18	16	7	15	46	41	56	0	20	17055000	1810	2357	1241	2216	9263	7013	7501	5032	
DHL	-37800	-37800	17	19	7	15	48	40	59	0	21	17055000	1810	2357	1241	2216	9263	7013	7501	5032	
DHL	-38000	-38000	18	19	6	14	46	37	59	0	21	17055000	1810	2357	1241	2216	9263	7013	7501	5032	
DHL	-38200	-38200	18	19	6	12	46	36	59	0	19	17055000	1810	2357	1241	2216	9263	7013	7501	5032	
DHL	-38400	-38400	16	20	6	12	45	37	57	0	20	17055000	1810	2357	1241	2216	9263	7013	7501	5032	
DHL	-38600	-38600	13	18	6	12	42	36	54	0	17	17055000	1810	2357	1241	2216	9263	7013	7501	5032	
DHL	-38800	-38800	13	18	4	12	38	39	54	0	19	17055000	1810	2357	1241	2216	9263	7013	7501	5032	
DHL	-39000	-39000	12	18	4	12	41	37	54	0	18	17055000	1810	2357	1241	2216	9263	7013	7501	5032	
DHL	-39200	-39200	10	18	3	12	40	32	52	0	19	17055000	1810	2357	1241	2216	9263	7013	7501	5032	
DHL	-39400	-39400	10	18	2	14	36	31	50	0	23	17055000	1810	2357	1241	2216	9263	7013	7501	5032	
DHL	-39600	-39600	12	20	2	16	39	29	50	0	24	17055000	1810	2357	1241	2216	9263	7013	7501	5032	
DHL	-39800	-39800	12	18	3	15	38	30	47	0	25	17055000	1810	2357	1241	2216	9263	7013	7501	5032	
DHL	-40000	-40000	11	18	3	15	40	35	46	0	25	17055000	1810	2357	1241	2216	9263	7013	7501	5032	
DHL	-40200	-40200	11	18	3	15	40	36	44	0	24	17055000	1810	2357	1241	2216	9263	7013	7501	5032	
DHL	-40400	-40400	10	18	4	15	40	35	45	0	25	17055000	1810	2357	1241	2216	9263	7013	7501	5032	
DHL	-40600	-40600	10	19	4	16	42	37	45	0	27	17055000	1810	2357	1241	2216	9263	7013	7501	5032	
DHL	-40800	-40800	7	19	4	15	43	40	44	0	27	17055000	1810	2357	1241	2216	9263	7013	7501	5032	
DHL	-41000	-41000	7	19	4	15	43	39	44	0	27	17055000	1810	2357	1241	2216	9263	7013	7501	5032	
DHL	-41200	-41200	7	19	3	16	41	41	42	0	27	17055000	1810	2357	1241	2216	9263	7013	7501	5032	
DHL	-41400	-41400	7	17	4	15	43	42	42	0	28	17055000	1810	2357	1241	2216	9263	7013	7501	5032	
DHL	-41600	-41600	6	17	4	15	44	41	44	0	27	17055000	1810	2357	1241	2216	9263	7013	7501	5032	
DHL	-41800	-41800	6	18	4	17	46	42	41	0	26	17055000	1810	2357	1241	2216	9263	7013	7501	5032	
DHL	-42000	-42000	6	19	4	14	48	44	37	0	25	17055000	1810	2357	1241	2216	9263	7013	7501	5032	
DHL	-42200	-42200	5	19	5	15	46	43	34	0	25	17055000	1810	2357	1241	2216	9263	7013	7501	5032	
DHL	-42400	-42400	5	19	5	17	46	42	33	0	25	17055000	1810	2357	1241	2216	9263	7013	7501	5032	
DHL	-42600	-42600	5	18	5	17	44	42	29	0	22	17055000	1810	2357	1241	2216	9263	7013	7501	5032	
DHL	-42800	-42800	5	15	5	16	44	41	27	0	23	17055000	1810	2357	1241	2216	9263	7013	7501	5032	
DHL	-43000	-43000	4	15	6	17	43	43	27	0	23	17055000	1810	2357	1241	2216	9263	7013	7501	5032	
DHL	-43200	-43200	4	17	6	17	43	43	26	0	23	17055000	1810	2357	1241	2216	9263	7013	7501	5032	
DHL	-43400	-43400	4	15	6	18	44	41	30	0	24	17055000	1810	2357	1241	2216	9263	7013	7501	5032	
DHL	-43600	-43600	4	14	7	18	50	41	32	0	25	17055000	1810	2357	1241	2216	9263	7013	7501	5032	
DHL	-43800	-43800	4	13	7	17	51	39	31	0	24	17055000	1810	2357	1241	2216	9263	7013	7501	5032	
DHL	-44000	-44000	4	13	7	17	52	39	30	0	25	17055000	1810	2357	1241	2216	9263	7013	7501	5032	
DHL	-44200	-44200	5	13	7	17	52	38	31	0	24	17055000	1810	2357	1241	2216	9263	7013	7501	5032	
DHL	-44400	-44400	5	13	7	15	54	38	32	0	20	17055000	1810	2357	1241	2216	9263	7013	7501	5032	
DHL	-44600	-44600	5	10	8	13	51	39	32	0	20	17055000	1810	2357	1241	2216	9263	7013	7501	5032	
DHL	-44800	-44800	6	10	7	13	54	39	31	0	20	17055000	1810	2357	1241	2216	9263	7013	7501	5032	
DHL	-45000	-45000	7	10	7	13	55	35	34	0	20	17055000	1810	2357	1241	2216	9263	7013	7501	5032	
DHL	-45200	-45200	7	9	7	13	53	34	35	0	21	17055000	1810	2357	1241	2216	9263	7013	7501	5032	
DHL	-45400	-45400	7	10	7	13	52	36	32	0	22	17055000	1810	2357	1241	2216	9263	7013	7501	5032	
DHL	-45600	-45600	8	9	6	12	54	41	35	0	21	17055000	1810	2357	1241	2216	9263	7013	7501	5032	
DHL	-45800	-45800	8	9	6	13	53	38	35	0	20	17055000	1810	2357	1241	2216	9263	7013	7501	5032	
DHL	-46000	-46000	8	9	7	14	52	41	34	0	21	17055000	1810	2357	1241	2216	9263	7013	7501	5032	
DHL	-46200	-46200	8	9	7	13	54	40	34	0	23	17055000	1810	2357	1241	2216	9263	7013	7501	5032	
DHL	-46400	-46400	8	9	6	16	50	39	36	0	25	17055000	1810	2357	1241	2216	9263	7013	7501	5032	
DHL	-46600	-46600	8	9	6	16	48	39	36	0	25	17055000	1810	2357	1241	2216	9263	7013	7501	5032	
DHL	-46800	-46800	9	8	7	14	50	39	36	0	25	17055000	1810	2357	1241	2216	9263	7013	7501	5032	
DHL	-47000	-47000	9	7	7	16	49	40	35	0	26	17055000	1810	2357	1241	2216	9263	7013	7501	5032	
DHL	-47200	-47200	9	6	7	15	50	40	33	0	26	17055000	1810	2357	1241	2216	9263	7013	7501	5032	
DHL	-47400	-47400	9	6	7	12	54	39	39	0	28	17055000	1810	2357	1241	2216	9263	7013	7501	5032	
DHL	-47600	-47600	9	6	7	13	52	40	42	0	29	17055000	1810	2357	1241	2216	9263	7013	7501	5032	
DHL	-47800	-47800	9	6	7	15	51	43	43	0	27	17055000	1810	2357	1241	2216	9263	7013	7501	5032	
DHL	-48000	-48000	9	6	6	14	51	41	44	0	26	17055000	1810	2357	1241	2216	9263	7013	7501	5032	
DHL	-48200	-48200	10	5	6	13	51	40	44	0	27	17055000	1810	2357	1241	2216	9263	7013	7501	5032	
DHL	-48400	-48400	11	6	6	12	50	39	41	0	26	17055000	1810	2357	1241	2216	9263	7013	7501	5032	
DHL	-48600	-48600	12	6	5	12	45	39	40	0	25	17055000	1810	2357	1241	2216	9263	7013	7501	5032	
DHL	-48800	-48800	12	6	5	13	45	41	44	0	24	17055000	1810	2357	1241	2216	9263	7013	7501	5032	
DHL	-49000	-49000	13	6	5	13	44	45	45	0	24	17055000	1810	2357	1241	2216	9263	7013	7501	5032	
DHL	-49200	-49200	12	6	5	14	43	45	44	0	24	17055000	1810	2357	1241	2216	9263	7013	7501	5032	
DHL	-49400	-49400	13	7	5	14	42	46	44	0	26	17055000	1810	2357	1241	2216	9263	7013	7501	5032	
DHL	-49600	-49600	11	7	7	14	44	46	48	0	28	17055000	1810	2357	1241	2216	9263	7013	7501	5032	
DHL	-49800	-49800	10	8	8	14	42	46	50	0	28	17055000	1810	2357	1241	2216	9263	7013	7501	5032	
DHL	-50000	-50000	10	8	9	14	42	50	47	0	29	17055000	1810	2357	1241	2216	9263	7013	7501	5032	
DHL	-50200	-50200	10	8	10	14	41	50	46	0	28	17055000	1810	2357	1241	2216	9263	7013	7501	5032	
DHL	-50400	-50400	10	7	9	13	43	47	49	0	26	17055000	1810	2357	1241	2216	9263	7013	7501	5032	
DHL	-50600	-50600	10	8	9	13	42	41	49	0	26	17055000	1810	2357	1241	2216	9263	7013	7501	5032	
DHL	-50800	-50800	10	8	9	13	40	42	51	0	27	17055000	1810	2357	1241	2216	9263	7013	7501	5032	
DHL	-51000	-51000	9	9	9	13	39	39	53	0	28	17055000	1810	2357	1241	2216	9263	7013	7501	5032	
DHL	-51200	-51200	9	9	10	14	38	40	52	0	27	17055000	1810	2357	1241	2216	9263	7013	7501	5032	
DHL	-51400	-51400	9	9	10	11	41	39	53	0	25	17055000	1810	2357	1241	2216	9263	7013	7501	5032	
DHL	-51600	-51600	9	10	10	12	42	38	52	0	28	17055000	1810	2357	1241	2216	9263	7013	7501	5032	
DHL	-51800	-51800	8	11	10	12	38	36	56	0	28	17055000	1810	2357	1241	2216	9263	7013	7501	5032	
DHL	-52000	-52000	9	12	10	12	38	35	57	0	29	17055000	1810	2357	1241	2216	9263	7013	7501	5032	
DHL	-52200	-52200	9	14	10	12	37	36	60	0	30	17055000	1810	2357	1241	2216	9263	7013	7501	5032	
DHL	-52400	-52400	9	15	11	12	33	36	55	0	30	17055000	1810	2357	1241	2216	9263	7013	7501	5032	
DHL	-52600	-52600	9	20	11	12	34	36	55	0	29	17055000	1810	2357	1241	2216	9263	7013	7501	5032	
DHL	-52800	-52800	10	20	11	10	33	34	53	0	28	17055000	1810	2357	1241	2216	9263	7013	7501	5032	
DHL	-53000	-53000	10	20	11	10	34	36	54	0	29	17055000	1810	2357	1241	2216	9263	7013	7501	5032	
DHL	-53200	-53200	11	19	11	10	33	42	56	0	28	17055000	1810	2357	1241	2216	9263	7013	7501	5032	
DHL	-53400	-53400	10	18	11	9	34	42	59	0	28	17055000	1810	2357	1241	2216	9263	7013	7501	5032	
DHL	-53600	-53600	9	18	12	9	34	44	59	0	29	17055000	1810	2357	1241	2216	9263	7013	7501	5032	
DHL	-53800	-53800	9	18	12	9	37	42	56	0	33	17055000	1810	2357	1241	2216	9263	7013	7501	5032	
DHL	-54000	-54000	8	16	13	10	37	38	54	0	35	17055000	1810	2357	1241	2216	9263	7013	7501	5032	
DHL	-54200	-54200	8	17	13	10	38	39	56	0	37	17055000	1810	2357	1241	2216	9263	7013	7501	5032	
DHL	-54400	-54400	7	16	13	10	41	39	55	0	35	17055000	1810	2357	1241	2216	9263	7013	7501	5032	
DHL	-54600	-54600	7	16	10	10	42	40	52	0	34	17055000	1810	2357	1241	2216	9263	7013	7501	5032	
DHL	-54800	-54800	7	15	10	11	44	40	52	0	36	17055000	1810	2357	1241	2216	9263	7013	7501	5032	
DHL	-55000	-55000	6	15	9	11	43	37	54	0	35	17055000	1810	2357	1241	2216	9263	7013	7501	5032	
DHL	-55200	-55200	6	15	8	11	47	36	56	0	36	17055000	1810	2357	1241	2216	9263	7013	7501	5032	
DHL	-55400	-55400	6	15	8	12	47	37	57	0	38	17055000	1810	2357	1241	2216	9263	7013	7501	5032	
DHL	-55600	-55600	6	14	8	12	47	37	54	0	39	17055000	1810	2357	1241	2216	9263	7013	7501	5032	
DHL	-55800	-55800	7	14	8	12	48	38	53	0	37	17055000	1810	2357	1241	2216	9263	7013	7501	5032	
DHL	-56000	-56000	8	13	7	11	48	40	50	0	36	17055000	1810	2357	1241	2216	9263	7013	7501	5032	
DHL	-56200	-56200	8	14	6	14	50	39	50	0	35	17055000	1810	2357	1241	2216	9263	7013	7501	5032	
DHL	-56400	-56400	8	14	6	14	51	41	50	0	36	17055000	1810	2357	1241	2216	9263	7013	7501	5032	
DHL	-56600	-56600	9	14	6	13	50	42	50	0	33	17055000	1810	2357	1241	2216	9263	7013	7501	5032	
DHL	-56800	-56800	9	14	5	14	51	43	46	0	32	17055000	1810	2357	1241	2216	9263	7013	7501	5032	
DHL	-57000	-57000	8	14	5	12	54	44	47	0	30	17055000	1810	2357	1241	2216	9263	7013	7501	5032	
DHL	-57200	-57200	8	12	6	12	59	44	48	0	30	17055000	1810	2357	1241	2216	9263	7013	7501	5032	
DHL	-57400	-57400	8	10	5	14	61	48	48	0	29	17055000	1810	2357	1241	2216	9263	7013	7501	5032	
DHL	-57600	-57600	8	5	6	13	63	50	45	0	30	17055000	1810	2357	1241	2216	9263	7013	7501	5032	
DHL	-57800	-57800	9	5	6	13	64	51	47	0	31	17055000	1810	2357	1241	2216	9263	7013	7501	5032	
DHL	-58000	-58000	10	5	6	13	64	51	46	0	33	17055000	1810	2357	1241	2216	9263	7013	7501	5032	
DHL	-58200	-58200	8	5	7	13	65	46	46	0	34	17055000	1810	2357	1241	2216	9263	7013	7501	5032	
DHL	-58400	-58400	9	5	7	13	66	49	45	0	35	17055000	1810	2357	1241	2216	9263	7013	7501	5032	
DHL	-58600	-58600	9	5	8	15	68	46	45	0	34	17055000	1810	2357	1241	2216	9263	7013	7501	5032	
DHL	-58800	-58800	9	6	8	14	69	45	45	0	31	17055000	1810	2357	1241	2216	9263	7013	7501	5032	
DHL	-59000	-59000	9	6	8	14	69	44	49	0	31	17055000	1810	2357	1241	2216	9263	7013	7501	5032	
DHL	-59200	-59200	9	5	8	14	69	44	47	0	28	17055000	1810	2357	1241	2216	9263	7013	7501	5032	
DHL	-59400	-59400	9	5	8	14	66	42	50	0	29	17055000	1810	2357	1241	2216	9263	7013	7501	5032	
DHL	-59600	-59600	10	6	8	14	66	40	49	0	28	17055000	1810	2357	1241	2216	9263	7013	7501	5032	
DHL	-59800	-59800	10	7	8	13	65	41	50	0	27	17055000	1810	2357	1241	2216	9263	7013	7501	5032	
DHL	-60000	-60000	11	7	9	13	66	41	50	0	28	17055000	1810	2357	1241	2216	9263	7013	7501	5032	
DHL	-60200	-60200	11	8	9	13	63	41	49	0	27	17054800	1810	2357	1241	2216	9263	7013	7501	5032	
DHL	-60400	-60400	12	8	9	12	61	41	49	0	27	17054600	1810	2357	1241	2216	9263	7013	7501	5032	
DHL	-60600	-60600	11	8	9	12	60	43	48	0	26	17054400	1810	2357	1241	2216	9263	7013	7501	5032	
DHL	-60800	-60800	10	8	9	11	61	41	48	0	26	17054200	1810	2357	1241	2216	9263	7013	7501	5032	
DHL	-61000	-61000	10	9	9	11	61	40	49	0	28	17054000	1810	2357	1241	2216	9263	7013	7501	5032	
DHL	-61200	-61200	11	9	9	7	60	40	50	0	29	17053800	1810	2357	1241	2216	9263	7013	7501	5032	
DHL	-61400	-61400	11	12	9	7	57	37	47	0	27	17053600	1810	2357	1241	2216	9263	7013	7501	5032	
DHL	-61600	-61600	10	12	9	7	58	41	46	0	30	17053400	1810	2357	1241	2216	9263	7013	7501	5032	
DHL	-61800	-61800	10	12	10	6	60	42	45	0	30	17053200	1810	2357	1241	2216	9263	7013	7501	5032	
DHL	-62000	-62000	10	11	10	6	58	42	44	0	30	17053000	1810	2357	1241	2216	9263	7013	7501	5032	
DHL	-62200	-62200	10	12	8	10	58	43	42	0	31	17052800	1810	2357	1241	2216	9263	7013	7501	5032	
DHL	-62400	-62400	10	12	8	8	57	38	45	0	32	17052600	1810	2357	1241	2216	9263	7013	7501	5032	
DHL	-62600	-62600	10	12	7	8	56	36	48	0	30	17052400	1810	2357	1241	2216	9263	7013	7501	5032	
DHL	-62800	-62800	9	12	7	9	57	36	46	0	30	17052200	1810	2357	1241	2216	9263	7013	7501	5032	
DHL	-63000	-63000	8	12	7	9	55	37	43	0	28	17052000	1810	2357	1241	2216	9263	7013	7501	5032	
DHL	-63200	-63200	8	12	6	10	56	37	41	0	28	17051800	1810	2357	1241	2216	9263	7013	7501	5032	
DHL	-63400	-63400	7	13	7	10	55	37	40	0	27	17051600	1810	2357	1241	2216	9263	7013	7501	5032	
DHL	-63600	-63600	7	13	5	9	54	36	39	0	28	17051400	1810	2357	1241	2216	9263	7013	7501	5032	
DHL	-63800	-63800	8	14	5	9	49	37	38	0	27	17051200	1810	2357	1241	2216	9263	7013	7501	5032	
DHL	-64000	-64000	9	14	4	8	49	38	35	0	26	17051000	1810	2357	1241	2216	9263	7013	7501	5032	
DHL	-64200	-64200	9	14	4	7	49	38	35	0	27	17050800	1810	2357	1241	2216	9263	7013	7501	5032	
DHL	-64400	-64400	9	14	4	7	51	39	35	0	26	17050600	1810	2357	1241	2216	9263	7013	7501	5032	
DHL	-64600	-64600	8	13	4	7	50	40	36	0	25	17050400	1810	2357	1241	2216	9263	7013	7501	5032	
DHL	-64800	-64800	9	12	3	7	50	37	33	0	23	17050200	1810	2357	1241	2216	9263	7013	7501	5032	
DHL	-65000	-65000	8	13	3	7	48	37	32	0	22	17050000	1810	2357	1241	2216	9263	7013	7501	5032	
DHL	-65200	-65200	8	12	3	7	52	40	30	0	22	17049600	1810	2357	1241	2216	9263	7013	7501	5032	
DHL	-65400	-65400	7	12	5	7	51	41	26	0	22	17049200	1810	2357	1241	2216	9263	7013	7501	5032	
DHL	-65600	-65600	8	12	5	7	50	42	29	0	21	17048800	1810	2357	1241	2216	9263	7013	7501	5032	
DHL	-65800	-65800	8	12	5	10	48	42	32	0	22	17048400	1810	2357	1241	2216	9263	7013	7501	5032	
DHL	-66000	-66000	8	11	5	11	49	41	37	0	19	17048000	1810	2357	1241	2216	9263	7013	7501	5032	
DHL	-66200	-66200	8	12	5	12	50	43	36	0	19	17047600	1810	2357	1241	2216	9263	7013	7501	5032	
DHL	-66400	-66400	8	9	5	12	50	44	36	0	19	17047200	1810	2357	1241	2216	9263	7013	7501	5032	
DHL	-66600	-66600	8	9	5	14	51	39	39	0	16	17046800	1810	2357	1241	2216	9263	7013	7501	5032	
DHL	-66800	-66800	8	9	4	15	53	38	40	0	18	17046400	1810	2357	1241	2216	9263	7013	7501	5032	
DHL	-67000	-67000	8	9	4	16	55	36	40	0	19	17046000	1810	2357	1241	2216	9263	7013	7501	5032	
DHL	-67200	-67200	9	8	6	12	51	35	40	0	18	17045600	1810	2357	1241	2216	9263	7013	7501	5032	
DHL	-67400	-67400	8	8	6	13	53	37	37	0	17	17045200	1810	2357	1241	2216	9263	7013	7501	5032	
DHL	-67600	-67600	9	8	7	15	54	38	36	0	19	17044800	1810	2357	1241	2216	9263	7013	7501	5032	
DHL	-67800	-67800	9	8	7	14	52	37	39	0	21	17044400	1810	2357	1241	2216	9263	7013	7501	5032	
DHL	-68000	-68000	12	8	7	15	57	36	40	0	21	17044000	1810	2357	1241	2216	9263	7013	7501	5032	
DHL	-68200	-68200	12	9	8	15	59	38	41	0	20	17043600	1810	2357	1241	2216	9263	7013	7501	5032	
DHL	-68400	-68400	12	8	7	15	61	37	39	0	19	17043200	1810	2357	1241	2216	9263	7013	7501	5032	
DHL	-68600	-68600	12	8	8	14	61	38	41	0	19	17042800	1810	2357	1241	2216	9263	7013	7501	5032	
DHL	-68800	-68800	12	7	8	16	61	41	41	0	19	17042400	1810	2357	1241	2216	9263	7013	7501	5032	
DHL	-69000	-69000	12	7	8	16	59	45	42	0	19	17042000	1810	2357	1241	2216	9263	7013	7501	5032	
DHL	-69200	-69200	12	8	9	16	60	44	43	0	19	17041600	1810	2357	1241	2216	9263	7013	7501	5032	
DHL	-69400	-69400	12	8	9	17	59	44	40	0	22	17041200	1810	2357	1241	2216	9263	7013	7501	5032	
DHL	-69600	-69600	14	8	9	19	59	46	39	0	22	17040800	1810	2357	1241	2216	9263	7013	7501	5032	
DHL	-69800	-69800	13	10	9	19	62	46	39	0	22	17040400	1810	2357	1241	2216	9263	7013	7501	5032	
DHL	-70000	-70000	13	10	9	19	67	45	40	0	23	17040000	1810	2357	1241	2216	9263	7013	7501	5032	
DHL	-70200	-70200	13	10	10	19	62	43	40	0	25	17039600	1810	2357	1241	2216	9263	7013	7501	5032	
DHL	-70400	-70400	13	10	8	21	63	42	40	0	24	17039200	1810	2357	1241	2216	9263	7013	7501	5032	
DHL	-70600	-70600	13	10	8	23	64	38	38	0	25	17038800	1810	2357	1241	2216	9263	7013	7501	5032	
DHL	-70800	-70800	13	10	9	20	67	37	34	0	27	17038400	1810	2357	1241	2216	9263	7013	7501	5032	
DHL	-71000	-71000	13	10	9	19	69	39	28	0	27	17038000	1810	2357	1241	2216	9263	7013	7501	5032	
DHL	-71200	-71200	13	9	10	19	66	37	29	0	29	17037600	1810	2357	1241	2216	9263	7013	7501	5032	
DHL	-71400	-71400	13	9	11	21	68	38	29	0	30	17037200	1810	2357	1241	2216	9263	7013	7501	5032	
DHL	-71600	-71600	15	8	11	19	67	39	29	0	30	17036800	1810	2357	1241	2216	9263	7013	7501	5032	
DHL	-71800	-71800	15	7	11	18	67	38	29	0	29	17036400	1810	2357	1241	2216	9263	7013	7501	5032	
DHL	-72000	-72000	15	7	11	17	66	40	29	0	28	17036000	1810	2357	1241	2216	9263	7013	7501	5032	
DHL	-72200	-72200	16	7	9	18	70	44	28	0	27	17035600	1810	2357	1241	2216	9263	7013	7501	5032	
DHL	-72400	-72400	17	7	9	18	70	50	28	0	26	17035200	1810	2357	1241	2216	9263	7013	7501	5032	
DHL	-72600	-72600	16	7	8	17	74	50	27	0	25	17034800	1810	2357	1241	2216	9263	7013	7501	5032	
DHL	-72800	-72800	15	7	8	19	81	53	26	0	23	17034400	1810	2357	1241	2216	9263	7013	7501	5032	
DHL	-73000	-73000	13	7	8	18	80	57	28	0	22	17034000	1810	2357	1241	2216	9263	7013	7501	5032	
DHL	-73200	-73200	14	7	7	18	80	60	30	0	23	17033600	1810	2357	1241	2216	9263	7013	7501	5032	
DHL	-73400	-73400	14	7	7	18	81	59	32	0	27	17033200	1810	2357	1241	2216	9263	7013	7501	5032	
DHL	-73600	-73600	15	7	6	19	81	62	36	0	27	17032800	1810	2357	1241	2216	9263	7013	7501	5032	
DHL	-73800	-73800	14	6	8	20	83	62	36	0	28	17032400	1810	2357	1241	2216	9263	7013	7501	5032	
DHL	-74000	-74000	15	7	9	20	87	59	36	0	29	17032000	1810	2357	1241	2216	9263	7013	7501	5032	
DHL	-74200	-74200	15	6	9	21	85	59	36	0	30	17031600	1810	2357	1241	2216	9263	7013	7501	5032	
DHL	-74400	-74400	15	7	9	22	87	61	38	0	29	17031200	1810	2357	1241	2216	9263	7013	7501	5032	
DHL	-74600	-74600	13	8	9	20	90	61	40	0	30	17030800	1810	2357	1241	2216	9263	7013	7501	5032	
DHL	-74800	-74800	13	6	9	20	87	69	42	0	33	17030400	1810	2357	1241	2216	9263	7013	7501	5032	
DHL	-75000	-75000	13	5	8	20	82	70	42	0	34	17030000	1810	2357	1241	2216	9263	7013	7501	5032	
DHL	-75200	-75200	15	7	7	21	83	69	42	0	32	17029600	1810	2357	1241	2216	9263	7013	7501	5032	
DHL	-75400	-75400	15	7	7	20	83	69	44	0	33	17029200	1810	2357	1241	2216	9263	7013	7501	5032	
DHL	-75600	-75600	14	8	7	20	85	70	45	0	33	17028800	1810	2357	1241	2216	9263	7013	7501	5032	
DHL	-75800	-75800	14	8	6	20	87	73	45	0	30	17028400	1810	2357	1241	2216	9263	7013	7501	5032	
DHL	-76000	-76000	14	10	6	20	86	72	46	0	32	17028000	1810	2357	1241	2216	9263	7013	7501	5032	
DHL	-76200	-76200	14	9	5	21	88	72	47	0	31	17027600	1810	2357	1241	2216	9263	7013	7501	5032	
DHL	-76400	-76400	15	10	4	19	85	72	48	0	31	17027200	1810	2357	1241	2216	9263	7013	7501	5032	
DHL	-76600	-76600	13	10	4	21	86	71	46	0	32	17026800	1810	2357	1241	2216	9263	7013	7501	5032	
DHL	-76800	-76800	14	11	4	21	84	74	45	0	31	17026400	1810	2357	1241	2216	9263	7013	7501	5032	
DHL	-77000	-77000	14	11	4	22	82	71	46	0	31	17026000	1810	2357	1241	2216	9263	7013	7501	5032	
DHL	-77200	-77200	12	12	4	21	80	67	49	0	32	17025600	1810	2357	1241	2216	9263	7013	7501	5032	
DHL	-77400	-77400	11	13	4	20	79	60	49	0	34	17025200	1810	2357	1241	2216	9263	7013	7501	5032	
DHL	-77600	-77600	12	13	5	21	74	58	48	0	34	17024800	1810	2357	1241	2216	9263	7013	7501	5032	
DHL	-77800	-77800	12	13	5	20	69	56	48	0	33	17024400	1810	2357	1241	2216	9263	7013	7501	5032	
DHL	-78000	-78000	11	13	6	21	65	51	47	0	34	17024000	1810	2357	1241	2216	9263	7013	7501	5032	
DHL	-78200	-78200	10	12	6	21	62	45	45	0	34	17023600	1810	2357	1241	2216	9263	7013	7501	5032	
DHL	-78400	-78400	12	12	6	22	60	46	43	0	30	17023200	1810	2357	1241	2216	9263	7013	7501	5032	
DHL	-78600	-78600	11	12	7	21	60	45	38	0	30	17022800	1810	2357	1241	2216	9263	7013	7501	5032	
DHL	-78800	-78800	11	12	6	19	59	40	38	0	33	17022400	1810	2357	1241	2216	9263	7013	7501	5032	
DHL	-79000	-79000	9	11	6	20	54	42	37	0	31	17022000	1810	2357	1241	2216	9263	7013	7501	5032	
DHL	-79200	-79200	9	12	5	19	56	44	39	0	31	17021600	1810	2357	1241	2216	9263	7013	7501	5032	
DHL	-79400	-79400	9	13	5	18	52	44	38	0	32	17021200	1810	2357	1241	2216	9263	7013	7501	5032	
DHL	-79600	-79600	9	13	5	18	49	41	35	0	32	17020800	1810	2357	1241	2216	9263	7013	7501	5032	
DHL	-79800	-79800	10	14	5	18	51	34	35	0	30	17020400	1810	2357	1241	2216	9263	7013	7501	5032	
DHL	-80000	-80000	10	14	5	21	49	36	36	0	29	17020000	1810	2357	1241	2216	9263	7013	7501	5032	
DHL	-80200	-80200	9	12	6	20	51	37	38	0	29	17019600	1810	2357	1241	2216	9263	7013	7501	5032	
DHL	-80400	-80400	9	13	6	21	50	37	37	0	29	17019200	1810	2357	1241	2216	9263	7013	7501	5032	
DHL	-80600	-80600	10	12	6	22	47	37	36	0	29	17018800	1810	2357	1241	2216	9263	7013	7501	5032	
DHL	-80800	-80800	10	13	6	22	45	35	37	0	29	17018400	1810	2357	1241	2216	9263	7013	7501	5032	
DHL	-81000	-81000	9	11	7	22	43	37	39	0	27	17018000	1810	2357	1241	2216	9263	7013	7501	5032	
DHL	-81200	-81200	9	11	8	20	42	37	37	0	28	17017600	1810	2357	1241	2216	9263	7013	7501	5032	
DHL	-81400	-81400	8	11	8	22	44	36	36	0	27	17017200	1810	2357	1241	2216	9263	7013	7501	5032	
DHL	-81600	-81600	8	12	8	20	45	38	36	0	26	17016800	1810	2357	1241	2216	9263	7013	7501	5032	
DHL	-81800	-81800	7	11	8	20	43	36	37	0	26	17016400	1810	2357	1241	2216	9263	7013	7501	5032	
DHL	-82000	-82000	7	11	8	20	43	36	35	0	26	17016000	1810	2357	1241	2216	9263	7013	7501	5032	
DHL	-82200	-82200	7	11	9	21	40	35	32	0	26	17015600	1810	2357	1241	2216	9263	7013	7501	5032	
DHL	-82400	-82400	8	10	9	21	40	34	34	0	24	17015200	1810	2357	1241	2216	9263	7013	7501	5032	
DHL	-82600	-82600	7	11	8	20	41	36	34	0	25	17014800	1810	2357	1241	2216	9263	7013	7501	5032	
DHL	-82800	-82800	8	11	8	20	40	35	33	0	25	17014400	1810	2357	1241	2216	9263	7013	7501	5032	
DHL	-83000	-83000	8	11	7	20	42	36	31	0	24	17014000	1810	2357	1241	2216	9263	7013	7501	5032	
DHL	-83200	-83200	8	11	7	19	44	39	29	0	24	17013600	1810	2357	1241	2216	9263	7013	7501	5032	
DHL	-83400	-83400	6	13	7	20	46	40	30	0	27	17013200	1810	2357	1241	2216	9263	7013	7501	5032	
DHL	-83600	-83600	7	14	6	21	44	37	29	0	27	17012800	1810	2357	1241	2216	9263	7013	7501	5032	
DHL	-83800	-83800	7	15	5	21	44	39	29	0	24	17012400	1810	2357	1241	2216	9263	7013	7501	5032	
DHL	-84000	-84000	8	15	4	23	47	36	29	0	23	17012000	1810	2357	1241	2216	9263	7013	7501	5032	
DHL	-84200	-84200	8	15	4	23	44	36	27	0	24	17011600	1810	2357	1241	2216	9263	7013	7501	5032	
DHL	-84400	-84400	8	13	4	24	46	34	26	0	22	17011200	1810	2357	1241	2216	9263	7013	7501	5032	
DHL	-84600	-84600	8	12	4	24	48	35	31	0	24	17010800	1810	2357	1241	2216	9263	7013	7501	5032	
DHL	-84800	-84800	7	13	4	24	47	36	31	0	23	17010400	1810	2357	1241	2216	9263	7013	7501	5032	
DHL	-85000	-85000	8	13	4	21	47	33	30	0	22	17010000	1810	2357	1241	2216	9263	7013	7501	5032	
DHL	-85200	-85200	7	13	3	22	46	32	31	0	26	17010000	1810	2357	1241	2216	9263	7013	7501	5032	
DHL	-85400	-85400	7	12	3	20	48	33	32	0	25	17010000	1810	2357	1241	2216	9263	7013	7501	5032	
DHL	-85600	-85600	7	13	4	17	51	34	32	0	25	17010000	1810	2357	1241	2216	9263	7013	7501	5032	
DHL	-85800	-85800	7	12	4	18	49	34	31	0	25	17010000	1810	2357	1241	2216	9263	7013	7501	5032	
DHL	-86000	-86000	7	13	3	19	49	34	31	0	26	17010000	1810	2357	1241	2216	9263	7013	7501	5032	
DHL	-86200	-86200	6	13	4	20	50	35	32	0	24	17010000	1810	2357	1241	2216	9263	7013	7501	5032	
DHL	-86400	-86400	7	12	4	20	51	36	32	0	24	17010000	1810	2357	1241	2216	9263	7013	7501	5032	
DHL	-86600	-86600	7	11	5	21	49	35	33	0	24	17010000	1810	2357	1241	2216	9263	7013	7501	5032	
DHL	-86800	-86800	7	11	7	22	50	34	33	0	24	17010000	1810	2357	1241	2216	9263	7013	7501	5032	
DHL	-87000	-87000	7	11	7	21	53	37	36	0	24	17010000	1810	2357	1241	2216	9263	7013	7501	5032	
DHL	-87200	-87200	7	10	6	20	56	37	36	0	23	17010000	1810	2357	1241	2216	9263	7013	7501	5032	
DHL	-87400	-87400	6	12	6	21	56	41	36	0	23	17010000	1810	2357	1241	2216	9263	7013	7501	5032	
DHL	-87600	-87600	7	11	7	21	58	39	36	0	21	17010000	1810	2357	1241	2216	9263	7013	7501	5032	
DHL	-87800	-87800	7	11	7	20	63	41	35	0	22	17010000	1810	2357	1241	2216	9263	7013	7501	5032	
DHL	-88000	-88000	7	11	7	19	62	39	38	0	24	17010000	1810	2357	1241	2216	9263	7013	7501	5032	
DHL	-88200	-88200	8	11	7	19	61	37	38	0	23	17010000	1810	2357	1241	2216	9263	7013	7501	5032	
DHL	-88400	-88400	9	10	7	18	58	35	39	0	21	17010000	1810	2357	1241	2216	9263	7013	7501	5032	
DHL	-88600	-88600	9	10	7	19	59	36	41	0	20	17010000	1810	2357	1241	2216	9263	7013	7501	5032	
DHL	-88800	-88800	9	10	9	20	59	37	43	0	24	17010000	1810	2357	1241	2216	9263	7013	7501	5032	
DHL	-89000	-89000	9	10	10	17	58	37	48	0	24	17010000	1810	2357	1241	2216	9263	7013	7501	5032	
DHL	-89200	-89200	10	9	10	19	60	38	50	0	22	17010000	1810	2357	1241	2216	9263	7013	7501	5032	
DHL	-89400	-89400	10	9	10	17	60	40	50	0	21	17010000	1810	2357	1241	2216	9263	7013	7501	5032	
DHL	-89600	-89600	10	9	10	17	57	40	48	0	18	17010000	1810	2357	1241	2216	9263	7013	7501	5032	
DHL	-89800	-89800	10	7	12	17	55	39	48	0	19	17010000	1810	2357	1241	2216	9263	7013	7501	5032	
DHL	-90000	-90000	10	7	12	17	57	39	48	0	19	17010000	1810	2357	1241	2216	9263	7013	7501	5032	
DHL	-90200	-90200	12	7	12	16	56	41	48	0	16	17009600	1810	2357	1241	2216	9263	7013	7501	5032	
DHL	-90400	-90400	12	8	12	16	57	41	47	0	17	17009200	1810	2357	1241	2216	9263	7013	7501	5032	
DHL	-90600	-90600	11	8	11	16	54	41	47	0	16	17008800	1810	2357	1241	2216	9263	7013	7501	5032	
DHL	-90800	-90800	11	9	11	16	54	40	49	0	16	17008400	1810	2357	1241	2216	9263	7013	7501	5032	
DHL	-91000	-91000	11	8	11	16	56	40	47	0	15	17008000	1810	2357	1241	2216	9263	7013	7501	5032	
DHL	-91200	-91200	11	10	9	15	55	40	47	0	14	17007600	1810	2357	1241	2216	9263	7013	7501	5032	
DHL	-91400	-91400	10	10	9	13	51	42	49	0	14	17007200	1810	2357	1241	2216	9263	7013	7501	5032	
DHL	-91600	-91600	11	11	8	12	54	42	51	0	14	17006800	1810	2357	1241	2216	9263	7013	7501	5032	
DHL	-91800	-91800	12	11	6	11	55	43	52	0	15	17006400	1810	2357	1241	2216	9263	7013	7501	5032	
DHL	-92000	-92000	12	11	6	11	54	41	51	0	16	17006000	1810	2357	1241	2216	9263	7013	7501	5032	
DHL	-92200	-92200	12	12	6	12	53	43	52	0	17	17005600	1810	2357	1241	2216	9263	7013	7501	5032	
DHL	-92400	-92400	12	10	6	11	53	39	52	0	18	17005200	1810	2357	1241	2216	9263	7013	7501	5032	
DHL	-92600	-92600	11	11	5	10	48	39	52	0	20	17004800	1810	2357	1241	2216	9263	7013	7501	5032	
DHL	-92800	-92800	11	11	6	10	44	39	54	0	19	17004400	1810	2357	1241	2216	9263	7013	7501	5032	
DHL	-93000	-93000	11	12	6	11	44	40	52	0	18	17004000	1810	2357	1241	2216	9263	7013	7501	5032	
DHL	-93200	-93200	10	14	6	11	44	40	53	0	21	17003600	1810	2357	1241	2216	9263	7013	7501	5032	
DHL	-93400	-93400	11	13	6	10	43	39	53	0	21	17003200	1810	2357	1241	2216	9263	7013	7501	5032	
DHL	-93600	-93600	10	12	6	8	44	39	53	0	21	17002800	1810	2357	1241	2216	9263	7013	7501	5032	
DHL	-93800	-93800	11	13	4	6	46	38	50	0	16	17002400	1810	2357	1241	2216	9263	7013	7501	5032	
DHL	-94000	-94000	10	13	3	7	45	37	45	0	19	17002000	1810	2357	1241	2216	9263	7013	7501	5032	
DHL	-94200	-94200	9	14	3	6	44	37	42	0	19	17001600	1810	2357	1241	2216	9263	7013	7501	5032	
DHL	-94400	-94400	9	15	3	7	44	34	43	0	19	17001200	1810	2357	1241	2216	9263	7013	7501	5032	
DHL	-94600	-94600	9	15	4	7	49	34	43	0	20	17000800	1810	2357	1241	2216	9263	7013	7501	5032	
DHL	-94800	-94800	9	15	2	7	50	36	44	0	20	17000400	1810	2357	1241	2216	9263	7013	7501	5032	
DHL	-95000	-95000	8	15	2	7	49	36	43	0	21	17000000	1810	2357	1241	2216	9263	7013	7501	5032	
DHL	-95200	-95200	6	15	2	7	48	37	41	0	21	16998800	1810	2357	1241	2216	9263	7013	7501	5032	
DHL	-95400	-95400	6	14	3	7	47	35	41	0	19	16997600	1810	2357	1241	2216	9263	7013	7501	5032	
DHL	-95600	-95600	7	14	3	7	47	33	41	0	21	16996400	1810	2357	1241	2216	9263	7013	7501	5032	
DHL	-95800	-95800	8	15	4	6	48	39	41	0	22	16995200	1810	2357	1241	2216	9263	7013	7501	5032	
DHL	-96000	-96000	8	16	4	5	48	36	43	0	22	16994000	1810	2357	1241	2216	9263	7013	7501	5032	
DHL	-96200	-96200	8	14	5	5	53	35	42	0	24	16992800	1810	2357	1241	2216	9263	7013	7501	5032	
DHL	-96400	-96400	8	14	5	5	57	32	40	0	25	16991600	1810	2357	1241	2216	9263	7013	7501	5032	
DHL	-96600	-96600	8	14	6	5	54	31	37	0	27	16990400	1810	2357	1241	2216	9263	7013	7501	5032	
DHL	-96800	-96800	8	14	7	5	56	32	35	0	27	16989200	1810	2357	1241	2216	9263	7013	7501	5032	
DHL	-97000	-97000	8	14	7	5	59	34	34	0	27	16988000	1810	2357	1241	2216	9263	7013	7501	5032	
DHL	-97200	-97200	10	14	8	6	60	33	35	0	29	16986800	1810	2357	1241	2216	9263	7013	7501	5032	
DHL	-97400	-97400	10	14	8	6	60	35	37	0	30	16985600	1810	2357	1241	2216	9263	7013	7501	5032	
DHL	-97600	-97600	11	13	8	6	62	35	37	0	29	16984400	1810	2357	1241	2216	9263	7013	7501	5032	
DHL	-97800	-97800	10	13	7	6	62	32	36	0	29	16983200	1810	2357	1241	2216	9263	7013	7501	5032	
DHL	-98000	-98000	11	14	8	7	66	34	36	0	29	16982000	1810	2357	1241	2216	9263	7013	7501	5032	
DHL	-98200	-98200	11	12	10	8	66	34	35	0	26	16980800	1810	2357	1241	2216	9263	7013	7501	5032	
DHL	-98400	-98400	9	13	10	8	70	36	34	0	28	16979600	1810	2357	1241	2216	9263	7013	7501	5032	
DHL	-98600	-98600	11	13	11	8	70	36	32	0	28	16978400	1810	2357	1241	2216	9263	7013	7501	5032	
DHL	-98800	-98800	10	11	12	8	67	34	32	0	28	16977200	1810	2357	1241	2216	9263	7013	7501	5032	
DHL	-99000	-99000	10	11	12	8	67	34	33	0	25	16976000	1810	2357	1241	2216	9263	7013	7501	5032	
DHL	-99200	-99200	11	11	12	7	66	35	35	0	25	16974800	1810	2357	1241	2216	9263	7013	7501	5032	
DHL	-99400	-99400	11	11	12	6	67	35	34	0	29	16973600	1810	2357	1241	2216	9263	7013	7501	5032	
DHL	-99600	-99600	11	13	11	8	63	35	34	0	28	16972400	1810	2357	1241	2216	9263	7013	7501	5032	
DHL	-99800	-99800	13	14	11	8	61	33	32	0	29	16971200	1810	2357	1241	2216	9263	7013	7501	5032	
DHL	-100000	-100000	13	14	11	9	65	35	33	0	28	16970000	1810	2357	1241	2216	9263	7013	7501	5032	
