FL	0	0	55	35	4	168	49	12	9	158	7	15487017	6075	4775	148	1925	4244	4632	2536	13292	512	
FL	-200	-200	56	33	4	157	50	13	7	149	7	15376502	6075	4775	148	1925	4244	4632	2536	13292	512	
FL	-400	-400	53	33	4	141	49	11	5	140	7	15102799	6075	4775	148	1925	4244	4632	2536	13292	512	
FL	-600	-600	47	34	4	130	51	11	7	129	7	14802475	6075	4775	148	1925	4244	4632	2536	13292	512	
FL	-800	-800	44	33	4	126	48	11	7	130	8	14525974	6075	4775	148	1925	4244	4632	2536	13292	512	
FL	-1000	-1000	34	34	4	117	48	12	8	123	7	14292733	6075	4775	148	1925	4244	4632	2536	13292	512	
FL	-1200	-1200	29	31	4	104	46	11	10	114	6	14106466	6075	4775	148	1925	4244	4632	2536	13292	512	
FL	-1400	-1400	27	31	4	98	45	14	9	107	6	13959318	6075	4775	148	1925	4244	4632	2536	13292	512	
FL	-1600	-1600	21	29	5	91	43	15	8	96	6	13839160	6075	4775	148	1925	4244	4632	2536	13292	512	
FL	-1800	-1800	17	34	3	87	42	15	6	92	6	13737102	6075	4775	148	1925	4244	4632	2536	13292	512	
FL	-2000	-2000	16	37	3	76	39	17	6	86	6	13649556	6075	4775	148	1925	4244	4632	2536	13292	512	
FL	-2200	-2200	18	34	3	69	35	16	7	80	6	13573571	6075	4775	148	1925	4244	4632	2536	13292	512	
FL	-2400	-2400	21	26	5	61	33	17	9	79	5	13508423	6075	4775	148	1925	4244	4632	2536	13292	512	
FL	-2600	-2600	22	21	3	56	29	17	9	71	5	13448869	6075	4775	148	1925	4244	4632	2536	13292	512	
FL	-2800	-2800	19	23	3	55	26	15	8	66	3	13393476	6075	4775	148	1925	4244	4632	2536	13292	512	
FL	-3000	-3000	20	23	3	54	23	13	10	65	1	13342188	6075	4775	148	1925	4244	4632	2536	13292	512	
FL	-3200	-3200	18	23	3	50	22	15	13	65	1	13293075	6075	4775	148	1925	4244	4632	2536	13292	512	
FL	-3400	-3400	20	24	3	41	17	13	13	60	1	13244247	6075	4775	148	1925	4244	4632	2536	13292	512	
FL	-3600	-3600	16	22	3	31	16	16	16	59	1	13197332	6075	4775	148	1925	4244	4632	2536	13292	512	
FL	-3800	-3800	26	25	1	24	17	15	15	60	1	13152551	6075	4775	148	1925	4244	4632	2536	13292	512	
FL	-4000	-4000	28	27	1	20	16	15	17	55	0	13108087	6075	4775	148	1925	4244	4632	2536	13292	512	
FL	-4200	-4200	31	27	1	21	12	14	16	54	0	13065026	6075	4775	148	1925	4244	4632	2536	13292	512	
FL	-4400	-4400	31	26	1	19	11	13	15	54	1	13024271	6075	4775	148	1925	4244	4632	2536	13292	512	
FL	-4600	-4600	36	26	1	16	10	15	15	60	1	12984038	6075	4775	148	1925	4244	4632	2536	13292	512	
FL	-4800	-4800	42	27	1	14	11	17	12	60	1	12942827	6075	4775	148	1925	4244	4632	2536	13292	512	
FL	-5000	-5000	40	28	1	12	10	19	10	57	1	12900917	6075	4775	148	1925	4244	4632	2536	13292	512	
FL	-5200	-5200	38	27	1	11	7	18	10	52	1	12858006	6075	4775	148	1925	4244	4632	2536	13292	512	
FL	-5400	-5400	40	28	1	10	8	23	12	52	2	12814438	6075	4775	148	1925	4244	4632	2536	13292	512	
FL	-5600	-5600	39	31	1	8	6	27	15	53	1	12769062	6075	4775	148	1925	4244	4632	2536	13292	512	
FL	-5800	-5800	35	27	1	8	8	27	14	54	1	12724354	6075	4775	148	1925	4244	4632	2536	13292	512	
FL	-6000	-6000	35	28	1	8	10	29	15	51	1	12679032	6075	4775	148	1925	4244	4632	2536	13292	512	
FL	-6200	-6200	30	26	1	7	10	31	16	48	1	12634773	6075	4775	148	1925	4244	4632	2536	13292	512	
FL	-6400	-6400	26	26	1	6	10	31	16	47	1	12591541	6075	4775	148	1925	4244	4632	2536	13292	512	
FL	-6600	-6600	26	26	1	7	15	34	16	45	1	12551104	6075	4775	148	1925	4244	4632	2536	13292	512	
FL	-6800	-6800	28	29	1	9	13	34	16	43	1	12511476	6075	4775	148	1925	4244	4632	2536	13292	512	
FL	-7000	-7000	30	25	1	7	13	38	18	48	1	12472881	6075	4775	148	1925	4244	4632	2536	13292	512	
FL	-7200	-7200	34	20	1	7	10	38	16	46	0	12435962	6075	4775	148	1925	4244	4632	2536	13292	512	
FL	-7400	-7400	37	20	1	7	12	37	16	47	0	12401059	6075	4775	148	1925	4244	4632	2536	13292	512	
FL	-7600	-7600	34	16	1	5	14	36	14	43	0	12365794	6075	4775	148	1925	4244	4632	2536	13292	512	
FL	-7800	-7800	33	17	1	5	15	33	14	49	0	12331601	6075	4775	148	1925	4244	4632	2536	13292	512	
FL	-8000	-8000	30	20	2	8	13	31	13	47	0	12296194	6075	4775	148	1925	4244	4632	2536	13292	512	
FL	-8200	-8200	32	18	2	9	13	30	12	48	0	12260067	6075	4775	148	1925	4244	4632	2536	13292	512	
FL	-8400	-8400	32	20	2	8	15	29	12	48	0	12223536	6075	4775	148	1925	4244	4632	2536	13292	512	
FL	-8600	-8600	30	23	2	5	13	31	9	44	1	12186653	6075	4775	148	1925	4244	4632	2536	13292	512	
FL	-8800	-8800	27	21	1	4	10	30	8	46	1	12149073	6075	4775	148	1925	4244	4632	2536	13292	512	
FL	-9000	-9000	32	22	1	3	9	29	9	54	1	12110649	6075	4775	148	1925	4244	4632	2536	13292	512	
FL	-9200	-9200	35	21	1	3	9	31	9	57	1	12071002	6075	4775	148	1925	4244	4632	2536	13292	512	
FL	-9400	-9400	37	19	1	3	8	29	10	57	1	12032802	6075	4775	148	1925	4244	4632	2536	13292	512	
FL	-9600	-9600	37	21	1	3	5	26	11	57	1	11996615	6075	4775	148	1925	4244	4632	2536	13292	512	
FL	-9800	-9800	38	19	1	4	3	23	10	58	1	11961149	6075	4775	148	1925	4244	4632	2536	13292	512	
FL	-10000	-10000	40	22	1	5	1	23	10	56	1	11925370	6075	4775	148	1925	4244	4632	2536	13292	512	
FL	-10200	-10200	41	23	1	5	2	25	10	56	1	11891258	6075	4775	148	1925	4244	4632	2536	13292	512	
FL	-10400	-10400	42	24	2	6	3	28	10	60	1	11858149	6075	4775	148	1925	4244	4632	2536	13292	512	
FL	-10600	-10600	35	25	4	7	5	28	11	70	0	11825696	6075	4775	148	1925	4244	4632	2536	13292	512	
FL	-10800	-10800	33	29	4	6	8	25	10	72	0	11794412	6075	4775	148	1925	4244	4632	2536	13292	512	
FL	-11000	-11000	28	27	4	5	8	24	9	69	0	11763675	6075	4775	148	1925	4244	4632	2536	13292	512	
FL	-11200	-11200	25	28	5	5	9	25	9	62	0	11734104	6075	4775	148	1925	4244	4632	2536	13292	512	
FL	-11400	-11400	29	27	3	4	9	25	10	59	0	11703472	6075	4775	148	1925	4244	4632	2536	13292	512	
FL	-11600	-11600	30	21	3	5	10	25	12	57	0	11672411	6075	4775	148	1925	4244	4632	2536	13292	512	
FL	-11800	-11800	24	20	4	10	8	25	12	62	0	11641061	6075	4775	148	1925	4244	4632	2536	13292	512	
FL	-12000	-12000	21	18	4	10	8	24	15	58	0	11610136	6075	4775	148	1925	4244	4632	2536	13292	512	
FL	-12200	-12200	21	15	5	11	8	22	12	55	0	11579672	6075	4775	148	1925	4244	4632	2536	13292	512	
FL	-12400	-12400	20	14	5	10	9	25	16	51	0	11550060	6075	4775	148	1925	4244	4632	2536	13292	512	
FL	-12600	-12600	21	21	4	10	8	30	14	44	0	11521772	6075	4775	148	1925	4244	4632	2536	13292	512	
FL	-12800	-12800	22	22	3	9	7	30	17	46	0	11494791	6075	4775	148	1925	4244	4632	2536	13292	512	
FL	-13000	-13000	24	22	3	8	8	26	19	45	0	11468391	6075	4775	148	1925	4244	4632	2536	13292	512	
FL	-13200	-13200	26	24	4	7	8	29	18	43	0	11442008	6075	4775	148	1925	4244	4632	2536	13292	512	
FL	-13400	-13400	26	26	4	7	11	30	15	37	0	11415106	6075	4775	148	1925	4244	4632	2536	13292	512	
FL	-13600	-13600	24	28	4	3	10	30	14	33	0	11387670	6075	4775	148	1925	4244	4632	2536	13292	512	
FL	-13800	-13800	28	29	4	3	9	31	10	33	1	11360419	6075	4775	148	1925	4244	4632	2536	13292	512	
FL	-14000	-14000	31	27	3	4	9	31	11	38	1	11335744	6075	4775	148	1925	4244	4632	2536	13292	512	
FL	-14200	-14200	31	30	1	2	7	28	9	41	1	11311665	6075	4775	148	1925	4244	4632	2536	13292	512	
FL	-14400	-14400	28	25	1	0	7	31	11	41	1	11287713	6075	4775	148	1925	4244	4632	2536	13292	512	
FL	-14600	-14600	28	24	1	0	6	30	8	34	1	11263925	6075	4775	148	1925	4244	4632	2536	13292	512	
FL	-14800	-14800	28	21	1	3	5	26	12	40	0	11239903	6075	4775	148	1925	4244	4632	2536	13292	512	
FL	-15000	-15000	30	20	1	4	4	21	12	40	0	11216068	6075	4775	148	1925	4244	4632	2536	13292	512	
FL	-15200	-15200	25	19	1	4	1	19	13	40	0	11190739	6075	4775	148	1925	4244	4632	2536	13292	512	
FL	-15400	-15400	26	19	1	5	2	19	14	45	0	11164001	6075	4775	148	1925	4244	4632	2536	13292	512	
FL	-15600	-15600	25	17	1	5	4	16	14	40	0	11137587	6075	4775	148	1925	4244	4632	2536	13292	512	
FL	-15800	-15800	26	15	1	5	4	20	14	39	0	11111606	6075	4775	148	1925	4244	4632	2536	13292	512	
FL	-16000	-16000	27	16	1	4	4	24	14	43	0	11085572	6075	4775	148	1925	4244	4632	2536	13292	512	
FL	-16200	-16200	28	17	1	4	3	25	12	40	0	11057350	6075	4775	148	1925	4244	4632	2536	13292	512	
FL	-16400	-16400	24	18	1	1	3	26	12	34	0	11028469	6075	4775	148	1925	4244	4632	2536	13292	512	
FL	-16600	-16600	22	18	1	1	3	27	13	31	0	11000576	6075	4775	148	1925	4244	4632	2536	13292	512	
FL	-16800	-16800	25	18	1	2	2	26	10	31	0	10973458	6075	4775	148	1925	4244	4632	2536	13292	512	
FL	-17000	-17000	24	19	0	3	2	28	12	30	0	10946751	6075	4775	148	1925	4244	4632	2536	13292	512	
FL	-17200	-17200	25	19	0	3	3	26	13	33	0	10919615	6075	4775	148	1925	4244	4632	2536	13292	512	
FL	-17400	-17400	24	19	0	4	4	27	12	32	0	10893087	6075	4775	148	1925	4244	4632	2536	13292	512	
FL	-17600	-17600	23	16	0	4	7	25	11	27	0	10866438	6075	4775	148	1925	4244	4632	2536	13292	512	
FL	-17800	-17800	24	15	0	4	7	22	10	26	0	10839178	6075	4775	148	1925	4244	4632	2536	13292	512	
FL	-18000	-18000	31	14	0	6	8	22	9	25	0	10812319	6075	4775	148	1925	4244	4632	2536	13292	512	
FL	-18200	-18200	30	16	0	7	9	20	9	22	0	10784497	6075	4775	148	1925	4244	4632	2536	13292	512	
FL	-18400	-18400	27	16	0	7	9	23	9	22	0	10756350	6075	4775	148	1925	4244	4632	2536	13292	512	
FL	-18600	-18600	28	21	0	7	9	27	8	21	1	10728457	6075	4775	148	1925	4244	4632	2536	13292	512	
FL	-18800	-18800	21	20	0	7	10	28	7	25	1	10699948	6075	4775	148	1925	4244	4632	2536	13292	512	
FL	-19000	-19000	25	17	0	6	7	28	6	22	1	10672885	6075	4775	148	1925	4244	4632	2536	13292	512	
FL	-19200	-19200	22	18	0	7	8	27	6	19	1	10646264	6075	4775	148	1925	4244	4632	2536	13292	512	
FL	-19400	-19400	21	18	0	7	6	25	6	26	1	10620043	6075	4775	148	1925	4244	4632	2536	13292	512	
FL	-19600	-19600	21	19	0	7	5	24	9	32	2	10593733	6075	4775	148	1925	4244	4632	2536	13292	512	
FL	-19800	-19800	18	18	0	8	3	23	8	34	2	10567819	6075	4775	148	1925	4244	4632	2536	13292	512	
FL	-20000	-20000	20	20	0	7	5	26	7	33	2	10541979	6075	4775	148	1925	4244	4632	2536	13292	512	
FL	-20200	-20200	26	19	0	6	9	22	7	35	2	10517231	6075	4775	148	1925	4244	4632	2536	13292	512	
FL	-20400	-20400	24	18	0	8	8	22	6	37	1	10493496	6075	4775	148	1925	4244	4632	2536	13292	512	
FL	-20600	-20600	26	19	0	7	8	18	6	39	1	10469634	6075	4775	148	1925	4244	4632	2536	13292	512	
FL	-20800	-20800	26	21	0	4	6	20	5	40	1	10445245	6075	4775	148	1925	4244	4632	2536	13292	512	
FL	-21000	-21000	21	20	0	2	7	20	6	40	1	10420374	6075	4775	148	1925	4244	4632	2536	13292	512	
FL	-21200	-21200	21	22	0	2	6	27	7	41	0	10396128	6075	4775	148	1925	4244	4632	2536	13292	512	
FL	-21400	-21400	21	20	1	2	5	29	6	37	0	10372696	6075	4775	148	1925	4244	4632	2536	13292	512	
FL	-21600	-21600	22	19	1	2	6	33	8	36	0	10350429	6075	4775	148	1925	4244	4632	2536	13292	512	
FL	-21800	-21800	19	16	1	2	8	33	10	39	0	10328082	6075	4775	148	1925	4244	4632	2536	13292	512	
FL	-22000	-22000	22	16	1	2	8	33	8	45	0	10304648	6075	4775	148	1925	4244	4632	2536	13292	512	
FL	-22200	-22200	24	17	1	4	8	35	9	43	0	10282277	6075	4775	148	1925	4244	4632	2536	13292	512	
FL	-22400	-22400	25	15	0	5	9	32	9	43	0	10259726	6075	4775	148	1925	4244	4632	2536	13292	512	
FL	-22600	-22600	27	17	0	5	8	31	8	41	0	10236615	6075	4775	148	1925	4244	4632	2536	13292	512	
FL	-22800	-22800	29	20	1	5	6	28	9	52	0	10214975	6075	4775	148	1925	4244	4632	2536	13292	512	
FL	-23000	-23000	30	22	1	5	7	25	14	53	0	10194259	6075	4775	148	1925	4244	4632	2536	13292	512	
FL	-23200	-23200	31	21	1	5	9	26	15	55	0	10173985	6075	4775	148	1925	4244	4632	2536	13292	512	
FL	-23400	-23400	28	20	1	3	8	26	12	47	0	10154861	6075	4775	148	1925	4244	4632	2536	13292	512	
FL	-23600	-23600	28	26	1	6	8	24	11	44	0	10135922	6075	4775	148	1925	4244	4632	2536	13292	512	
FL	-23800	-23800	25	24	1	7	7	20	13	45	0	10115840	6075	4775	148	1925	4244	4632	2536	13292	512	
FL	-24000	-24000	22	23	1	6	8	21	14	43	0	10095950	6075	4775	148	1925	4244	4632	2536	13292	512	
FL	-24200	-24200	24	23	1	5	8	20	14	41	0	10076377	6075	4775	148	1925	4244	4632	2536	13292	512	
FL	-24400	-24400	19	20	0	5	7	21	11	39	0	10057262	6075	4775	148	1925	4244	4632	2536	13292	512	
FL	-24600	-24600	17	18	0	6	7	20	8	39	0	10036856	6075	4775	148	1925	4244	4632	2536	13292	512	
FL	-24800	-24800	21	18	0	6	6	18	8	40	0	10016751	6075	4775	148	1925	4244	4632	2536	13292	512	
FL	-25000	-25000	23	18	1	3	7	20	9	39	0	9995457	6075	4775	148	1925	4244	4632	2536	13292	512	
FL	-25200	-25200	23	20	1	3	7	20	7	37	0	9973678	6075	4775	148	1925	4244	4632	2536	13292	512	
FL	-25400	-25400	25	24	1	1	7	18	7	36	0	9951096	6075	4775	148	1925	4244	4632	2536	13292	512	
FL	-25600	-25600	27	22	1	1	6	19	4	32	1	9926504	6075	4775	148	1925	4244	4632	2536	13292	512	
FL	-25800	-25800	27	21	3	1	6	21	5	33	1	9900482	6075	4775	148	1925	4244	4632	2536	13292	512	
FL	-26000	-26000	31	18	3	2	4	21	7	31	1	9873702	6075	4775	148	1925	4244	4632	2536	13292	512	
FL	-26200	-26200	32	16	3	2	6	24	7	26	1	9846231	6075	4775	148	1925	4244	4632	2536	13292	512	
FL	-26400	-26400	27	18	2	2	5	24	9	28	1	9818196	6075	4775	148	1925	4244	4632	2536	13292	512	
FL	-26600	-26600	25	18	2	2	5	23	9	27	1	9791269	6075	4775	148	1925	4244	4632	2536	13292	512	
FL	-26800	-26800	24	21	2	3	5	22	10	26	1	9766596	6075	4775	148	1925	4244	4632	2536	13292	512	
FL	-27000	-27000	23	22	2	2	5	20	10	27	0	9743583	6075	4775	148	1925	4244	4632	2536	13292	512	
FL	-27200	-27200	20	19	2	3	5	21	10	27	0	9720952	6075	4775	148	1925	4244	4632	2536	13292	512	
FL	-27400	-27400	26	21	2	3	5	19	12	31	0	9700709	6075	4775	148	1925	4244	4632	2536	13292	512	
FL	-27600	-27600	25	21	2	1	4	21	14	29	0	9681941	6075	4775	148	1925	4244	4632	2536	13292	512	
FL	-27800	-27800	25	24	2	1	6	21	14	31	0	9663072	6075	4775	148	1925	4244	4632	2536	13292	512	
FL	-28000	-28000	26	23	2	2	7	21	15	27	0	9643810	6075	4775	148	1925	4244	4632	2536	13292	512	
FL	-28200	-28200	24	19	2	2	10	23	13	29	0	9623999	6075	4775	148	1925	4244	4632	2536	13292	512	
FL	-28400	-28400	22	20	2	2	14	22	12	26	0	9604266	6075	4775	148	1925	4244	4632	2536	13292	512	
FL	-28600	-28600	21	19	2	2	15	21	12	23	0	9585190	6075	4775	148	1925	4244	4632	2536	13292	512	
FL	-28800	-28800	20	20	2	2	16	18	9	27	0	9565372	6075	4775	148	1925	4244	4632	2536	13292	512	
FL	-29000	-29000	20	22	2	2	14	18	11	28	0	9545634	6075	4775	148	1925	4244	4632	2536	13292	512	
FL	-29200	-29200	18	17	2	2	14	20	13	25	0	9526002	6075	4775	148	1925	4244	4632	2536	13292	512	
FL	-29400	-29400	18	15	2	2	10	22	11	21	0	9504824	6075	4775	148	1925	4244	4632	2536	13292	512	
FL	-29600	-29600	17	16	0	2	13	23	8	26	0	9483796	6075	4775	148	1925	4244	4632	2536	13292	512	
FL	-29800	-29800	22	17	0	4	13	25	9	28	0	9462791	6075	4775	148	1925	4244	4632	2536	13292	512	
FL	-30000	-30000	20	14	0	4	15	23	10	30	1	9440059	6075	4775	148	1925	4244	4632	2536	13292	512	
FL	-30200	-30200	20	12	0	5	11	21	6	31	1	9416977	6075	4775	148	1925	4244	4632	2536	13292	512	
FL	-30400	-30400	21	13	0	5	11	18	5	36	2	9394774	6075	4775	148	1925	4244	4632	2536	13292	512	
FL	-30600	-30600	21	15	0	5	9	19	4	35	2	9374696	6075	4775	148	1925	4244	4632	2536	13292	512	
FL	-30800	-30800	20	15	0	5	8	18	5	36	2	9354886	6075	4775	148	1925	4244	4632	2536	13292	512	
FL	-31000	-31000	20	14	0	6	6	15	5	42	2	9334281	6075	4775	148	1925	4244	4632	2536	13292	512	
FL	-31200	-31200	19	15	1	8	7	16	4	37	1	9313676	6075	4775	148	1925	4244	4632	2536	13292	512	
FL	-31400	-31400	20	17	1	9	6	17	3	35	1	9293548	6075	4775	148	1925	4244	4632	2536	13292	512	
FL	-31600	-31600	18	18	1	9	6	16	2	33	2	9274319	6075	4775	148	1925	4244	4632	2536	13292	512	
FL	-31800	-31800	20	16	0	10	6	14	2	32	2	9256287	6075	4775	148	1925	4244	4632	2536	13292	512	
FL	-32000	-32000	20	17	0	9	3	15	2	35	1	9239670	6075	4775	148	1925	4244	4632	2536	13292	512	
FL	-32200	-32200	21	14	0	11	7	13	2	30	1	9223372	6075	4775	148	1925	4244	4632	2536	13292	512	
FL	-32400	-32400	22	15	0	11	8	13	2	30	1	9208059	6075	4775	148	1925	4244	4632	2536	13292	512	
FL	-32600	-32600	21	14	0	10	9	15	3	28	1	9193143	6075	4775	148	1925	4244	4632	2536	13292	512	
FL	-32800	-32800	23	15	0	8	9	16	3	29	0	9178752	6075	4775	148	1925	4244	4632	2536	13292	512	
FL	-33000	-33000	23	15	0	8	8	14	2	30	0	9163798	6075	4775	148	1925	4244	4632	2536	13292	512	
FL	-33200	-33200	26	17	0	7	9	13	2	30	0	9148556	6075	4775	148	1925	4244	4632	2536	13292	512	
FL	-33400	-33400	28	18	0	7	9	14	3	30	0	9132763	6075	4775	148	1925	4244	4632	2536	13292	512	
FL	-33600	-33600	28	18	0	6	11	12	3	34	0	9116125	6075	4775	148	1925	4244	4632	2536	13292	512	
FL	-33800	-33800	26	21	0	2	11	14	3	34	0	9096431	6075	4775	148	1925	4244	4632	2536	13292	512	
FL	-34000	-34000	27	23	0	5	10	14	4	37	0	9079599	6075	4775	148	1925	4244	4632	2536	13292	512	
FL	-34200	-34200	27	23	0	6	9	15	6	33	0	9062293	6075	4775	148	1925	4244	4632	2536	13292	512	
FL	-34400	-34400	33	25	0	7	8	18	7	31	0	9043729	6075	4775	148	1925	4244	4632	2536	13292	512	
FL	-34600	-34600	28	23	0	7	5	22	7	31	0	9024739	6075	4775	148	1925	4244	4632	2536	13292	512	
FL	-34800	-34800	29	27	0	6	2	22	10	32	0	9005224	6075	4775	148	1925	4244	4632	2536	13292	512	
FL	-35000	-35000	27	21	0	6	5	21	8	35	0	8986634	6075	4775	148	1925	4244	4632	2536	13292	512	
FL	-35200	-35200	26	18	1	3	5	22	8	35	1	8968580	6075	4775	148	1925	4244	4632	2536	13292	512	
FL	-35400	-35400	26	14	1	4	7	20	11	31	1	8951416	6075	4775	148	1925	4244	4632	2536	13292	512	
FL	-35600	-35600	23	12	1	4	8	17	10	30	0	8935039	6075	4775	148	1925	4244	4632	2536	13292	512	
FL	-35800	-35800	23	11	1	4	9	15	11	35	0	8920706	6075	4775	148	1925	4244	4632	2536	13292	512	
FL	-36000	-36000	22	13	1	4	9	17	8	32	0	8905234	6075	4775	148	1925	4244	4632	2536	13292	512	
FL	-36200	-36200	20	16	1	3	10	18	7	32	1	8889970	6075	4775	148	1925	4244	4632	2536	13292	512	
FL	-36400	-36400	21	17	1	2	11	21	8	33	1	8875033	6075	4775	148	1925	4244	4632	2536	13292	512	
FL	-36600	-36600	19	13	0	2	7	22	8	32	1	8860255	6075	4775	148	1925	4244	4632	2536	13292	512	
FL	-36800	-36800	20	13	0	3	7	20	9	35	1	8845817	6075	4775	148	1925	4244	4632	2536	13292	512	
FL	-37000	-37000	20	12	1	5	10	19	9	37	1	8832997	6075	4775	148	1925	4244	4632	2536	13292	512	
FL	-37200	-37200	20	11	1	5	10	19	7	33	2	8820008	6075	4775	148	1925	4244	4632	2536	13292	512	
FL	-37400	-37400	22	10	1	5	10	19	8	34	3	8806951	6075	4775	148	1925	4244	4632	2536	13292	512	
FL	-37600	-37600	20	9	1	5	9	18	9	35	3	8793592	6075	4775	148	1925	4244	4632	2536	13292	512	
FL	-37800	-37800	24	9	1	5	7	19	9	35	2	8779208	6075	4775	148	1925	4244	4632	2536	13292	512	
FL	-38000	-38000	24	12	1	5	7	19	8	29	2	8764550	6075	4775	148	1925	4244	4632	2536	13292	512	
FL	-38200	-38200	24	14	0	6	8	17	9	27	2	8749017	6075	4775	148	1925	4244	4632	2536	13292	512	
FL	-38400	-38400	31	16	0	6	6	16	9	32	1	8733389	6075	4775	148	1925	4244	4632	2536	13292	512	
FL	-38600	-38600	33	16	0	6	7	16	9	34	1	8716893	6075	4775	148	1925	4244	4632	2536	13292	512	
FL	-38800	-38800	39	17	1	5	6	15	9	32	1	8699980	6075	4775	148	1925	4244	4632	2536	13292	512	
FL	-39000	-39000	31	17	2	5	7	15	7	28	1	8682954	6075	4775	148	1925	4244	4632	2536	13292	512	
FL	-39200	-39200	27	18	2	5	8	14	7	28	1	8665826	6075	4775	148	1925	4244	4632	2536	13292	512	
FL	-39400	-39400	24	16	2	5	6	14	6	27	1	8647616	6075	4775	148	1925	4244	4632	2536	13292	512	
FL	-39600	-39600	25	14	3	4	6	13	7	26	1	8629045	6075	4775	148	1925	4244	4632	2536	13292	512	
FL	-39800	-39800	21	15	3	4	6	13	8	32	1	8610942	6075	4775	148	1925	4244	4632	2536	13292	512	
FL	-40000	-40000	18	14	3	4	8	12	9	36	1	8592405	6075	4775	148	1925	4244	4632	2536	13292	512	
FL	-40200	-40200	15	14	2	4	9	10	9	37	1	8575111	6075	4775	148	1925	4244	4632	2536	13292	512	
FL	-40400	-40400	16	14	2	4	7	7	7	38	2	8556796	6075	4775	148	1925	4244	4632	2536	13292	512	
FL	-40600	-40600	13	15	1	3	8	11	7	39	3	8538062	6075	4775	148	1925	4244	4632	2536	13292	512	
FL	-40800	-40800	15	15	1	1	11	14	8	42	2	8517703	6075	4775	148	1925	4244	4632	2536	13292	512	
FL	-41000	-41000	15	14	0	0	10	11	9	43	2	8497937	6075	4775	148	1925	4244	4632	2536	13292	512	
FL	-41200	-41200	14	15	0	3	12	9	9	44	2	8478515	6075	4775	148	1925	4244	4632	2536	13292	512	
FL	-41400	-41400	20	17	0	5	10	6	10	44	2	8458899	6075	4775	148	1925	4244	4632	2536	13292	512	
FL	-41600	-41600	21	20	0	6	9	8	11	43	1	8439484	6075	4775	148	1925	4244	4632	2536	13292	512	
FL	-41800	-41800	23	20	0	7	8	10	12	41	1	8420283	6075	4775	148	1925	4244	4632	2536	13292	512	
FL	-42000	-42000	25	21	0	8	8	10	8	40	1	8401482	6075	4775	148	1925	4244	4632	2536	13292	512	
FL	-42200	-42200	27	22	0	8	8	13	8	41	1	8383112	6075	4775	148	1925	4244	4632	2536	13292	512	
FL	-42400	-42400	28	24	0	11	7	12	10	36	1	8365728	6075	4775	148	1925	4244	4632	2536	13292	512	
FL	-42600	-42600	27	22	0	11	7	12	10	34	1	8348688	6075	4775	148	1925	4244	4632	2536	13292	512	
FL	-42800	-42800	31	20	0	14	8	11	10	30	1	8332644	6075	4775	148	1925	4244	4632	2536	13292	512	
FL	-43000	-43000	30	21	1	14	10	10	9	30	0	8317489	6075	4775	148	1925	4244	4632	2536	13292	512	
FL	-43200	-43200	28	22	1	13	10	11	8	27	0	8302620	6075	4775	148	1925	4244	4632	2536	13292	512	
FL	-43400	-43400	27	25	0	15	10	14	7	22	0	8288856	6075	4775	148	1925	4244	4632	2536	13292	512	
FL	-43600	-43600	28	21	0	15	10	14	5	25	0	8276623	6075	4775	148	1925	4244	4632	2536	13292	512	
FL	-43800	-43800	29	22	0	16	10	16	5	27	0	8263709	6075	4775	148	1925	4244	4632	2536	13292	512	
FL	-44000	-44000	27	19	0	14	12	18	6	29	0	8249892	6075	4775	148	1925	4244	4632	2536	13292	512	
FL	-44200	-44200	28	21	0	14	14	17	6	26	0	8234773	6075	4775	148	1925	4244	4632	2536	13292	512	
FL	-44400	-44400	26	21	0	13	15	15	6	30	0	8219693	6075	4775	148	1925	4244	4632	2536	13292	512	
FL	-44600	-44600	22	21	0	14	12	15	5	28	0	8204748	6075	4775	148	1925	4244	4632	2536	13292	512	
FL	-44800	-44800	21	19	0	15	13	16	5	30	1	8188244	6075	4775	148	1925	4244	4632	2536	13292	512	
FL	-45000	-45000	20	16	0	15	13	21	5	29	1	8171985	6075	4775	148	1925	4244	4632	2536	13292	512	
FL	-45200	-45200	21	16	0	15	11	23	6	30	2	8155018	6075	4775	148	1925	4244	4632	2536	13292	512	
FL	-45400	-45400	18	13	0	14	10	23	6	31	1	8138514	6075	4775	148	1925	4244	4632	2536	13292	512	
FL	-45600	-45600	18	11	0	12	7	24	5	26	1	8122830	6075	4775	148	1925	4244	4632	2536	13292	512	
FL	-45800	-45800	22	10	0	10	8	25	3	27	1	8106507	6075	4775	148	1925	4244	4632	2536	13292	512	
FL	-46000	-46000	23	8	0	9	8	24	3	33	1	8090754	6075	4775	148	1925	4244	4632	2536	13292	512	
FL	-46200	-46200	17	8	0	11	8	24	3	30	1	8075498	6075	4775	148	1925	4244	4632	2536	13292	512	
FL	-46400	-46400	15	10	0	8	6	21	3	31	0	8059191	6075	4775	148	1925	4244	4632	2536	13292	512	
FL	-46600	-46600	14	15	0	8	6	23	6	28	0	8042124	6075	4775	148	1925	4244	4632	2536	13292	512	
FL	-46800	-46800	14	16	0	7	6	19	5	26	0	8025432	6075	4775	148	1925	4244	4632	2536	13292	512	
FL	-47000	-47000	11	14	0	6	5	22	4	21	0	8008583	6075	4775	148	1925	4244	4632	2536	13292	512	
FL	-47200	-47200	10	12	0	7	7	20	4	20	1	7991642	6075	4775	148	1925	4244	4632	2536	13292	512	
FL	-47400	-47400	12	9	0	4	8	15	3	18	1	7975060	6075	4775	148	1925	4244	4632	2536	13292	512	
FL	-47600	-47600	11	10	0	4	9	16	4	17	1	7958654	6075	4775	148	1925	4244	4632	2536	13292	512	
FL	-47800	-47800	13	8	0	3	9	17	5	16	1	7942042	6075	4775	148	1925	4244	4632	2536	13292	512	
FL	-48000	-48000	14	6	0	3	10	21	5	14	0	7925330	6075	4775	148	1925	4244	4632	2536	13292	512	
FL	-48200	-48200	12	8	0	2	9	21	6	15	0	7907929	6075	4775	148	1925	4244	4632	2536	13292	512	
FL	-48400	-48400	14	9	0	2	8	19	5	16	0	7889830	6075	4775	148	1925	4244	4632	2536	13292	512	
FL	-48600	-48600	16	7	0	3	6	18	4	19	0	7871955	6075	4775	148	1925	4244	4632	2536	13292	512	
FL	-48800	-48800	15	11	0	2	7	16	5	17	0	7854061	6075	4775	148	1925	4244	4632	2536	13292	512	
FL	-49000	-49000	17	11	0	2	7	19	5	18	0	7837759	6075	4775	148	1925	4244	4632	2536	13292	512	
FL	-49200	-49200	18	11	0	1	6	16	5	19	0	7822148	6075	4775	148	1925	4244	4632	2536	13292	512	
FL	-49400	-49400	16	12	0	2	6	16	5	20	0	7807022	6075	4775	148	1925	4244	4632	2536	13292	512	
FL	-49600	-49600	19	15	1	4	7	18	5	19	0	7792811	6075	4775	148	1925	4244	4632	2536	13292	512	
FL	-49800	-49800	20	15	1	5	8	15	6	20	0	7779354	6075	4775	148	1925	4244	4632	2536	13292	512	
FL	-50000	-50000	22	14	1	5	8	17	6	18	0	7765606	6075	4775	148	1925	4244	4632	2536	13292	512	
FL	-50200	-50200	22	12	1	3	7	14	7	19	0	7752025	6075	4775	148	1925	4244	4632	2536	13292	512	
FL	-50400	-50400	22	17	1	3	8	12	6	19	0	7738393	6075	4775	148	1925	4244	4632	2536	13292	512	
FL	-50600	-50600	23	17	1	3	8	15	7	20	0	7725281	6075	4775	148	1925	4244	4632	2536	13292	512	
FL	-50800	-50800	19	17	1	2	9	16	7	19	0	7711092	6075	4775	148	1925	4244	4632	2536	13292	512	
FL	-51000	-51000	20	15	1	3	8	16	5	21	0	7696054	6075	4775	148	1925	4244	4632	2536	13292	512	
FL	-51200	-51200	19	12	1	3	8	17	6	19	0	7681731	6075	4775	148	1925	4244	4632	2536	13292	512	
FL	-51400	-51400	18	13	0	4	10	19	5	19	0	7667187	6075	4775	148	1925	4244	4632	2536	13292	512	
FL	-51600	-51600	16	12	0	4	10	19	6	20	0	7652547	6075	4775	148	1925	4244	4632	2536	13292	512	
FL	-51800	-51800	16	11	0	4	9	18	8	18	0	7638982	6075	4775	148	1925	4244	4632	2536	13292	512	
FL	-52000	-52000	17	14	0	4	8	20	10	19	0	7625491	6075	4775	148	1925	4244	4632	2536	13292	512	
FL	-52200	-52200	15	14	0	4	8	15	14	21	0	7612395	6075	4775	148	1925	4244	4632	2536	13292	512	
FL	-52400	-52400	16	16	0	4	7	16	15	24	0	7598063	6075	4775	148	1925	4244	4632	2536	13292	512	
FL	-52600	-52600	14	16	0	5	7	18	15	26	0	7583189	6075	4775	148	1925	4244	4632	2536	13292	512	
FL	-52800	-52800	14	17	0	6	7	17	13	23	0	7568622	6075	4775	148	1925	4244	4632	2536	13292	512	
FL	-53000	-53000	15	19	0	5	8	20	12	25	0	7554502	6075	4775	148	1925	4244	4632	2536	13292	512	
FL	-53200	-53200	15	18	0	4	8	21	9	23	0	7540912	6075	4775	148	1925	4244	4632	2536	13292	512	
FL	-53400	-53400	15	17	0	4	7	23	6	24	0	7526433	6075	4775	148	1925	4244	4632	2536	13292	512	
FL	-53600	-53600	16	16	0	2	6	23	5	24	0	7511209	6075	4775	148	1925	4244	4632	2536	13292	512	
FL	-53800	-53800	14	16	0	3	7	21	3	24	0	7495222	6075	4775	148	1925	4244	4632	2536	13292	512	
FL	-54000	-54000	16	15	0	3	6	21	2	22	0	7477775	6075	4775	148	1925	4244	4632	2536	13292	512	
FL	-54200	-54200	17	15	0	4	6	20	3	23	0	7461160	6075	4775	148	1925	4244	4632	2536	13292	512	
FL	-54400	-54400	18	15	0	4	5	19	3	22	0	7444867	6075	4775	148	1925	4244	4632	2536	13292	512	
FL	-54600	-54600	17	16	0	5	4	20	2	21	0	7430500	6075	4775	148	1925	4244	4632	2536	13292	512	
FL	-54800	-54800	18	13	0	5	3	16	4	20	0	7417049	6075	4775	148	1925	4244	4632	2536	13292	512	
FL	-55000	-55000	14	11	0	5	3	13	5	22	0	7404518	6075	4775	148	1925	4244	4632	2536	13292	512	
FL	-55200	-55200	13	9	0	5	4	9	8	18	0	7391688	6075	4775	148	1925	4244	4632	2536	13292	512	
FL	-55400	-55400	11	9	0	4	3	8	8	21	0	7379210	6075	4775	148	1925	4244	4632	2536	13292	512	
FL	-55600	-55600	14	8	0	4	2	8	8	20	0	7367902	6075	4775	148	1925	4244	4632	2536	13292	512	
FL	-55800	-55800	12	8	0	4	2	8	10	19	0	7357854	6075	4775	148	1925	4244	4632	2536	13292	512	
FL	-56000	-56000	9	9	0	4	2	5	10	18	0	7347545	6075	4775	148	1925	4244	4632	2536	13292	512	
FL	-56200	-56200	10	9	0	3	3	6	11	19	0	7336950	6075	4775	148	1925	4244	4632	2536	13292	512	
FL	-56400	-56400	9	10	0	5	3	5	14	20	0	7326463	6075	4775	148	1925	4244	4632	2536	13292	512	
FL	-56600	-56600	10	14	0	6	3	5	12	18	0	7314930	6075	4775	148	1925	4244	4632	2536	13292	512	
FL	-56800	-56800	8	13	0	5	5	6	13	23	0	7303109	6075	4775	148	1925	4244	4632	2536	13292	512	
FL	-57000	-57000	15	14	0	5	5	9	12	23	0	7291765	6075	4775	148	1925	4244	4632	2536	13292	512	
FL	-57200	-57200	16	15	0	5	5	12	10	22	0	7280025	6075	4775	148	1925	4244	4632	2536	13292	512	
FL	-57400	-57400	21	18	0	5	5	12	10	25	0	7267172	6075	4775	148	1925	4244	4632	2536	13292	512	
FL	-57600	-57600	24	20	0	5	4	11	9	23	0	7254831	6075	4775	148	1925	4244	4632	2536	13292	512	
FL	-57800	-57800	25	21	0	5	2	9	8	21	0	7243308	6075	4775	148	1925	4244	4632	2536	13292	512	
FL	-58000	-58000	23	18	0	5	1	9	5	22	0	7231804	6075	4775	148	1925	4244	4632	2536	13292	512	
FL	-58200	-58200	19	17	0	7	2	11	4	23	0	7220069	6075	4775	148	1925	4244	4632	2536	13292	512	
FL	-58400	-58400	19	12	0	6	3	15	5	24	0	7207674	6075	4775	148	1925	4244	4632	2536	13292	512	
FL	-58600	-58600	19	14	0	5	3	16	4	23	0	7194981	6075	4775	148	1925	4244	4632	2536	13292	512	
FL	-58800	-58800	18	14	0	4	7	15	3	23	0	7182894	6075	4775	148	1925	4244	4632	2536	13292	512	
FL	-59000	-59000	16	13	0	2	6	10	3	26	0	7169681	6075	4775	148	1925	4244	4632	2536	13292	512	
FL	-59200	-59200	18	11	0	2	8	11	2	21	0	7156191	6075	4775	148	1925	4244	4632	2536	13292	512	
FL	-59400	-59400	11	10	0	2	7	9	2	22	0	7143018	6075	4775	148	1925	4244	4632	2536	13292	512	
FL	-59600	-59600	12	9	0	1	7	10	3	18	0	7129767	6075	4775	148	1925	4244	4632	2536	13292	512	
FL	-59800	-59800	11	10	0	2	8	8	2	17	0	7116637	6075	4775	148	1925	4244	4632	2536	13292	512	
FL	-60000	-60000	12	12	0	2	7	11	2	13	0	7104270	6075	4775	148	1925	4244	4632	2536	13292	512	
FL	-60200	-60200	11	13	0	2	10	10	2	15	0	7092881	6075	4775	148	1925	4244	4632	2536	13292	512	
FL	-60400	-60400	13	13	0	2	10	12	3	17	0	7081775	6075	4775	148	1925	4244	4632	2536	13292	512	
FL	-60600	-60600	11	11	0	2	10	14	3	21	0	7070498	6075	4775	148	1925	4244	4632	2536	13292	512	
FL	-60800	-60800	11	12	0	1	9	16	5	21	0	7059079	6075	4775	148	1925	4244	4632	2536	13292	512	
FL	-61000	-61000	12	11	0	3	9	16	6	22	0	7047089	6075	4775	148	1925	4244	4632	2536	13292	512	
FL	-61200	-61200	13	11	0	4	9	14	3	24	0	7034476	6075	4775	148	1925	4244	4632	2536	13292	512	
FL	-61400	-61400	13	12	0	6	10	12	3	28	2	7022146	6075	4775	148	1925	4244	4632	2536	13292	512	
FL	-61600	-61600	10	10	0	6	9	14	4	25	2	7009535	6075	4775	148	1925	4244	4632	2536	13292	512	
FL	-61800	-61800	13	10	0	5	7	15	3	26	2	6996214	6075	4775	148	1925	4244	4632	2536	13292	512	
FL	-62000	-62000	16	11	0	7	7	14	5	21	1	6982222	6075	4775	148	1925	4244	4632	2536	13292	512	
FL	-62200	-62200	14	8	1	7	6	12	5	22	1	6968801	6075	4775	148	1925	4244	4632	2536	13292	512	
FL	-62400	-62400	11	9	2	6	6	13	4	21	0	6954796	6075	4775	148	1925	4244	4632	2536	13292	512	
FL	-62600	-62600	10	9	2	8	5	12	4	27	1	6941437	6075	4775	148	1925	4244	4632	2536	13292	512	
FL	-62800	-62800	8	8	2	7	5	13	3	27	1	6927766	6075	4775	148	1925	4244	4632	2536	13292	512	
FL	-63000	-63000	12	11	2	7	7	15	3	24	1	6913910	6075	4775	148	1925	4244	4632	2536	13292	512	
FL	-63200	-63200	10	12	2	8	6	14	3	24	1	6900517	6075	4775	148	1925	4244	4632	2536	13292	512	
FL	-63400	-63400	11	12	2	6	5	14	3	24	0	6887420	6075	4775	148	1925	4244	4632	2536	13292	512	
FL	-63600	-63600	10	13	2	4	3	13	4	23	0	6874661	6075	4775	148	1925	4244	4632	2536	13292	512	
FL	-63800	-63800	10	13	2	4	4	12	4	24	0	6862300	6075	4775	148	1925	4244	4632	2536	13292	512	
FL	-64000	-64000	10	13	2	4	4	13	4	25	0	6849562	6075	4775	148	1925	4244	4632	2536	13292	512	
FL	-64200	-64200	11	13	2	5	5	16	7	23	0	6836813	6075	4775	148	1925	4244	4632	2536	13292	512	
FL	-64400	-64400	7	13	2	5	9	19	8	22	0	6823543	6075	4775	148	1925	4244	4632	2536	13292	512	
FL	-64600	-64600	11	12	2	5	9	17	8	22	0	6811230	6075	4775	148	1925	4244	4632	2536	13292	512	
FL	-64800	-64800	11	8	1	3	9	17	7	25	0	6799213	6075	4775	148	1925	4244	4632	2536	13292	512	
FL	-65000	-65000	13	7	1	3	10	18	10	29	0	6787139	6075	4775	148	1925	4244	4632	2536	13292	512	
FL	-65200	-65200	12	7	0	3	10	16	8	29	0	6774957	6075	4775	148	1925	4244	4632	2536	13292	512	
FL	-65400	-65400	16	9	0	3	9	13	8	25	0	6762565	6075	4775	148	1925	4244	4632	2536	13292	512	
FL	-65600	-65600	15	10	0	3	8	14	9	26	1	6751264	6075	4775	148	1925	4244	4632	2536	13292	512	
FL	-65800	-65800	18	10	0	4	10	15	9	25	1	6740311	6075	4775	148	1925	4244	4632	2536	13292	512	
FL	-66000	-66000	17	10	0	4	11	15	9	21	1	6728516	6075	4775	148	1925	4244	4632	2536	13292	512	
FL	-66200	-66200	23	11	0	4	12	17	6	19	1	6716069	6075	4775	148	1925	4244	4632	2536	13292	512	
FL	-66400	-66400	25	10	0	3	10	17	5	21	1	6703487	6075	4775	148	1925	4244	4632	2536	13292	512	
FL	-66600	-66600	30	9	0	3	8	16	3	20	1	6690454	6075	4775	148	1925	4244	4632	2536	13292	512	
FL	-66800	-66800	30	10	0	3	7	16	3	19	1	6678684	6075	4775	148	1925	4244	4632	2536	13292	512	
FL	-67000	-67000	26	12	0	4	6	14	3	20	2	6668184	6075	4775	148	1925	4244	4632	2536	13292	512	
FL	-67200	-67200	20	13	0	5	8	15	4	21	1	6657999	6075	4775	148	1925	4244	4632	2536	13292	512	
FL	-67400	-67400	17	13	0	5	7	15	3	23	1	6647827	6075	4775	148	1925	4244	4632	2536	13292	512	
FL	-67600	-67600	16	10	0	4	3	15	3	23	1	6637835	6075	4775	148	1925	4244	4632	2536	13292	512	
FL	-67800	-67800	18	11	0	3	4	15	6	25	1	6627862	6075	4775	148	1925	4244	4632	2536	13292	512	
FL	-68000	-68000	16	9	0	2	4	15	8	27	1	6617614	6075	4775	148	1925	4244	4632	2536	13292	512	
FL	-68200	-68200	16	6	0	3	4	17	7	28	1	6606602	6075	4775	148	1925	4244	4632	2536	13292	512	
FL	-68400	-68400	15	5	0	4	4	17	8	32	0	6596100	6075	4775	148	1925	4244	4632	2536	13292	512	
FL	-68600	-68600	14	6	0	4	4	19	12	28	0	6585699	6075	4775	148	1925	4244	4632	2536	13292	512	
FL	-68800	-68800	17	11	0	2	3	20	13	32	0	6574688	6075	4775	148	1925	4244	4632	2536	13292	512	
FL	-69000	-69000	19	10	0	3	4	15	14	34	0	6563703	6075	4775	148	1925	4244	4632	2536	13292	512	
FL	-69200	-69200	19	11	0	3	4	14	14	33	0	6553042	6075	4775	148	1925	4244	4632	2536	13292	512	
FL	-69400	-69400	22	7	1	3	5	13	13	33	0	6542490	6075	4775	148	1925	4244	4632	2536	13292	512	
FL	-69600	-69600	22	7	1	3	5	12	11	32	0	6532113	6075	4775	148	1925	4244	4632	2536	13292	512	
FL	-69800	-69800	24	7	1	2	7	11	8	29	0	6520897	6075	4775	148	1925	4244	4632	2536	13292	512	
FL	-70000	-70000	23	9	1	2	7	12	9	27	0	6510595	6075	4775	148	1925	4244	4632	2536	13292	512	
FL	-70200	-70200	19	9	1	3	5	14	10	28	1	6500823	6075	4775	148	1925	4244	4632	2536	13292	512	
FL	-70400	-70400	18	9	1	3	5	12	11	23	1	6491514	6075	4775	148	1925	4244	4632	2536	13292	512	
FL	-70600	-70600	21	9	1	2	3	14	12	26	1	6482259	6075	4775	148	1925	4244	4632	2536	13292	512	
FL	-70800	-70800	22	9	1	1	2	12	12	24	1	6471791	6075	4775	148	1925	4244	4632	2536	13292	512	
FL	-71000	-71000	25	7	1	0	3	10	11	25	1	6461000	6075	4775	148	1925	4244	4632	2536	13292	512	
FL	-71200	-71200	21	7	1	0	4	11	7	17	1	6450613	6075	4775	148	1925	4244	4632	2536	13292	512	
FL	-71400	-71400	19	8	1	1	3	10	8	15	1	6440358	6075	4775	148	1925	4244	4632	2536	13292	512	
FL	-71600	-71600	18	9	1	3	4	8	9	16	1	6429764	6075	4775	148	1925	4244	4632	2536	13292	512	
FL	-71800	-71800	16	11	1	3	5	8	5	16	1	6419509	6075	4775	148	1925	4244	4632	2536	13292	512	
FL	-72000	-72000	18	11	1	3	6	7	5	15	1	6409036	6075	4775	148	1925	4244	4632	2536	13292	512	
FL	-72200	-72200	19	15	1	3	7	7	5	15	1	6398609	6075	4775	148	1925	4244	4632	2536	13292	512	
FL	-72400	-72400	21	13	0	3	5	8	4	16	1	6388538	6075	4775	148	1925	4244	4632	2536	13292	512	
FL	-72600	-72600	22	12	0	4	6	7	2	14	0	6378444	6075	4775	148	1925	4244	4632	2536	13292	512	
FL	-72800	-72800	22	13	0	6	5	8	4	14	0	6369061	6075	4775	148	1925	4244	4632	2536	13292	512	
FL	-73000	-73000	20	12	0	7	5	9	4	16	1	6359133	6075	4775	148	1925	4244	4632	2536	13292	512	
FL	-73200	-73200	18	11	0	8	8	8	3	16	1	6349280	6075	4775	148	1925	4244	4632	2536	13292	512	
FL	-73400	-73400	20	14	0	9	8	7	3	15	1	6339808	6075	4775	148	1925	4244	4632	2536	13292	512	
FL	-73600	-73600	22	13	0	10	8	11	4	17	2	6329356	6075	4775	148	1925	4244	4632	2536	13292	512	
FL	-73800	-73800	24	10	0	11	7	11	5	17	2	6317780	6075	4775	148	1925	4244	4632	2536	13292	512	
FL	-74000	-74000	23	10	0	11	7	12	6	16	1	6305448	6075	4775	148	1925	4244	4632	2536	13292	512	
FL	-74200	-74200	22	10	0	8	4	13	6	17	1	6292906	6075	4775	148	1925	4244	4632	2536	13292	512	
FL	-74400	-74400	23	10	0	8	6	13	6	15	1	6280921	6075	4775	148	1925	4244	4632	2536	13292	512	
FL	-74600	-74600	23	10	0	9	5	12	4	14	2	6268564	6075	4775	148	1925	4244	4632	2536	13292	512	
FL	-74800	-74800	23	8	0	9	4	11	4	16	1	6255570	6075	4775	148	1925	4244	4632	2536	13292	512	
FL	-75000	-75000	22	6	0	9	4	6	4	15	1	6242618	6075	4775	148	1925	4244	4632	2536	13292	512	
FL	-75200	-75200	18	7	0	9	4	7	2	18	1	6229983	6075	4775	148	1925	4244	4632	2536	13292	512	
FL	-75400	-75400	19	7	0	9	6	6	3	22	1	6217379	6075	4775	148	1925	4244	4632	2536	13292	512	
FL	-75600	-75600	17	7	0	10	4	8	3	18	1	6204461	6075	4775	148	1925	4244	4632	2536	13292	512	
FL	-75800	-75800	16	7	0	9	4	8	4	16	1	6192876	6075	4775	148	1925	4244	4632	2536	13292	512	
FL	-76000	-76000	15	7	0	6	3	10	4	17	1	6182289	6075	4775	148	1925	4244	4632	2536	13292	512	
FL	-76200	-76200	17	8	0	4	3	8	5	18	1	6172409	6075	4775	148	1925	4244	4632	2536	13292	512	
FL	-76400	-76400	18	8	0	4	3	11	4	16	1	6162619	6075	4775	148	1925	4244	4632	2536	13292	512	
FL	-76600	-76600	19	10	0	5	3	14	3	12	1	6153822	6075	4775	148	1925	4244	4632	2536	13292	512	
FL	-76800	-76800	19	13	0	5	3	16	4	15	1	6145780	6075	4775	148	1925	4244	4632	2536	13292	512	
FL	-77000	-77000	21	14	0	4	2	15	4	17	1	6136965	6075	4775	148	1925	4244	4632	2536	13292	512	
FL	-77200	-77200	25	9	0	3	4	18	6	20	1	6127561	6075	4775	148	1925	4244	4632	2536	13292	512	
FL	-77400	-77400	28	8	0	2	4	18	6	17	1	6118303	6075	4775	148	1925	4244	4632	2536	13292	512	
FL	-77600	-77600	29	8	0	2	4	16	6	15	1	6109622	6075	4775	148	1925	4244	4632	2536	13292	512	
FL	-77800	-77800	27	12	0	2	3	15	6	12	1	6100503	6075	4775	148	1925	4244	4632	2536	13292	512	
FL	-78000	-78000	26	11	0	2	5	12	7	8	2	6091199	6075	4775	148	1925	4244	4632	2536	13292	512	
FL	-78200	-78200	25	12	0	2	6	10	8	8	2	6082352	6075	4775	148	1925	4244	4632	2536	13292	512	
FL	-78400	-78400	25	10	0	2	5	11	8	8	2	6072284	6075	4775	148	1925	4244	4632	2536	13292	512	
FL	-78600	-78600	30	13	0	2	5	12	5	10	2	6063164	6075	4775	148	1925	4244	4632	2536	13292	512	
FL	-78800	-78800	30	14	0	2	5	12	7	13	2	6054351	6075	4775	148	1925	4244	4632	2536	13292	512	
FL	-79000	-79000	28	16	0	2	5	13	5	14	2	6045736	6075	4775	148	1925	4244	4632	2536	13292	512	
FL	-79200	-79200	26	20	0	2	5	11	5	18	1	6038452	6075	4775	148	1925	4244	4632	2536	13292	512	
FL	-79400	-79400	26	23	0	2	5	12	4	19	1	6030886	6075	4775	148	1925	4244	4632	2536	13292	512	
FL	-79600	-79600	26	21	0	2	4	13	4	16	1	6023045	6075	4775	148	1925	4244	4632	2536	13292	512	
FL	-79800	-79800	23	17	0	1	3	11	8	16	1	6015412	6075	4775	148	1925	4244	4632	2536	13292	512	
FL	-80000	-80000	19	15	0	1	1	10	8	19	1	6008392	6075	4775	148	1925	4244	4632	2536	13292	512	
FL	-80200	-80200	15	13	0	1	2	10	7	16	1	6001197	6075	4775	148	1925	4244	4632	2536	13292	512	
FL	-80400	-80400	14	11	0	0	3	10	5	16	2	5993974	6075	4775	148	1925	4244	4632	2536	13292	512	
FL	-80600	-80600	13	11	0	0	3	11	4	20	2	5985730	6075	4775	148	1925	4244	4632	2536	13292	512	
FL	-80800	-80800	12	11	0	0	3	10	4	20	3	5976783	6075	4775	148	1925	4244	4632	2536	13292	512	
FL	-81000	-81000	10	10	0	0	3	12	5	20	4	5967743	6075	4775	148	1925	4244	4632	2536	13292	512	
FL	-81200	-81200	9	9	0	0	3	9	5	20	4	5959361	6075	4775	148	1925	4244	4632	2536	13292	512	
FL	-81400	-81400	10	8	0	0	3	9	6	20	3	5951430	6075	4775	148	1925	4244	4632	2536	13292	512	
FL	-81600	-81600	7	9	0	1	2	9	6	20	3	5943373	6075	4775	148	1925	4244	4632	2536	13292	512	
FL	-81800	-81800	6	10	0	1	4	7	6	20	3	5934769	6075	4775	148	1925	4244	4632	2536	13292	512	
FL	-82000	-82000	7	12	0	1	4	7	5	20	3	5926001	6075	4775	148	1925	4244	4632	2536	13292	512	
FL	-82200	-82200	8	13	0	2	4	8	5	23	1	5917426	6075	4775	148	1925	4244	4632	2536	13292	512	
FL	-82400	-82400	9	12	0	2	4	8	3	23	0	5909088	6075	4775	148	1925	4244	4632	2536	13292	512	
FL	-82600	-82600	11	12	0	2	4	12	3	20	1	5899752	6075	4775	148	1925	4244	4632	2536	13292	512	
FL	-82800	-82800	11	13	0	3	3	10	3	18	1	5889805	6075	4775	148	1925	4244	4632	2536	13292	512	
FL	-83000	-83000	10	13	0	3	3	11	3	16	1	5879967	6075	4775	148	1925	4244	4632	2536	13292	512	
FL	-83200	-83200	11	13	0	2	2	11	3	15	1	5870028	6075	4775	148	1925	4244	4632	2536	13292	512	
FL	-83400	-83400	10	11	0	3	3	14	2	15	1	5860385	6075	4775	148	1925	4244	4632	2536	13292	512	
FL	-83600	-83600	11	11	0	4	2	13	5	15	1	5851794	6075	4775	148	1925	4244	4632	2536	13292	512	
FL	-83800	-83800	13	12	0	5	1	12	5	13	1	5842873	6075	4775	148	1925	4244	4632	2536	13292	512	
FL	-84000	-84000	15	13	0	5	0	13	5	16	0	5833621	6075	4775	148	1925	4244	4632	2536	13292	512	
FL	-84200	-84200	14	14	0	5	0	13	5	19	0	5824741	6075	4775	148	1925	4244	4632	2536	13292	512	
FL	-84400	-84400	12	15	0	5	0	12	5	16	0	5815481	6075	4775	148	1925	4244	4632	2536	13292	512	
FL	-84600	-84600	15	11	0	4	0	12	5	17	0	5806604	6075	4775	148	1925	4244	4632	2536	13292	512	
FL	-84800	-84800	18	11	0	5	1	14	6	17	0	5798592	6075	4775	148	1925	4244	4632	2536	13292	512	
FL	-85000	-85000	17	10	0	5	1	12	5	16	0	5790604	6075	4775	148	1925	4244	4632	2536	13292	512	
FL	-85200	-85200	17	10	0	5	1	13	4	12	0	5782437	6075	4775	148	1925	4244	4632	2536	13292	512	
FL	-85400	-85400	13	9	0	5	1	10	4	11	0	5774421	6075	4775	148	1925	4244	4632	2536	13292	512	
FL	-85600	-85600	14	8	0	4	1	12	4	13	0	5765732	6075	4775	148	1925	4244	4632	2536	13292	512	
FL	-85800	-85800	14	8	0	4	2	10	4	14	0	5756644	6075	4775	148	1925	4244	4632	2536	13292	512	
FL	-86000	-86000	13	7	0	2	2	11	5	13	1	5747362	6075	4775	148	1925	4244	4632	2536	13292	512	
FL	-86200	-86200	12	7	0	2	2	10	5	14	1	5738264	6075	4775	148	1925	4244	4632	2536	13292	512	
FL	-86400	-86400	11	6	0	3	3	11	4	16	1	5728676	6075	4775	148	1925	4244	4632	2536	13292	512	
FL	-86600	-86600	9	6	0	3	3	11	4	17	1	5719738	6075	4775	148	1925	4244	4632	2536	13292	512	
FL	-86800	-86800	12	5	0	2	3	8	5	20	1	5710869	6075	4775	148	1925	4244	4632	2536	13292	512	
FL	-87000	-87000	12	7	0	0	3	10	5	19	1	5702319	6075	4775	148	1925	4244	4632	2536	13292	512	
FL	-87200	-87200	12	7	0	0	3	13	5	18	1	5694159	6075	4775	148	1925	4244	4632	2536	13292	512	
FL	-87400	-87400	11	7	0	0	5	12	4	18	1	5686188	6075	4775	148	1925	4244	4632	2536	13292	512	
FL	-87600	-87600	10	10	0	0	3	14	4	17	1	5677188	6075	4775	148	1925	4244	4632	2536	13292	512	
FL	-87800	-87800	13	11	1	0	4	15	4	20	1	5667793	6075	4775	148	1925	4244	4632	2536	13292	512	
FL	-88000	-88000	12	10	1	0	3	15	3	17	1	5658878	6075	4775	148	1925	4244	4632	2536	13292	512	
FL	-88200	-88200	11	10	1	0	4	14	3	17	0	5650578	6075	4775	148	1925	4244	4632	2536	13292	512	
FL	-88400	-88400	10	8	1	0	6	16	4	15	0	5642347	6075	4775	148	1925	4244	4632	2536	13292	512	
FL	-88600	-88600	12	6	0	1	6	19	5	17	0	5634629	6075	4775	148	1925	4244	4632	2536	13292	512	
FL	-88800	-88800	12	8	0	2	6	18	5	14	0	5627064	6075	4775	148	1925	4244	4632	2536	13292	512	
FL	-89000	-89000	14	9	0	1	6	19	6	17	0	5619503	6075	4775	148	1925	4244	4632	2536	13292	512	
FL	-89200	-89200	14	7	0	1	6	20	7	18	0	5611038	6075	4775	148	1925	4244	4632	2536	13292	512	
FL	-89400	-89400	14	7	0	1	5	20	7	20	0	5602147	6075	4775	148	1925	4244	4632	2536	13292	512	
FL	-89600	-89600	16	7	0	1	6	21	7	22	0	5593391	6075	4775	148	1925	4244	4632	2536	13292	512	
FL	-89800	-89800	13	9	0	1	5	24	6	22	0	5584934	6075	4775	148	1925	4244	4632	2536	13292	512	
FL	-90000	-90000	12	8	0	1	4	21	3	23	0	5576562	6075	4775	148	1925	4244	4632	2536	13292	512	
FL	-90200	-90200	12	7	0	1	5	20	3	25	0	5568574	6075	4775	148	1925	4244	4632	2536	13292	512	
FL	-90400	-90400	12	6	0	1	5	19	3	25	0	5561050	6075	4775	148	1925	4244	4632	2536	13292	512	
FL	-90600	-90600	12	4	0	1	4	18	3	22	0	5553873	6075	4775	148	1925	4244	4632	2536	13292	512	
FL	-90800	-90800	13	5	0	2	4	20	2	20	0	5547242	6075	4775	148	1925	4244	4632	2536	13292	512	
FL	-91000	-91000	16	8	0	1	4	18	3	21	0	5540547	6075	4775	148	1925	4244	4632	2536	13292	512	
FL	-91200	-91200	17	8	1	1	3	16	3	18	0	5534045	6075	4775	148	1925	4244	4632	2536	13292	512	
FL	-91400	-91400	20	11	1	1	5	17	3	18	0	5527237	6075	4775	148	1925	4244	4632	2536	13292	512	
FL	-91600	-91600	14	11	1	1	4	16	3	19	0	5520692	6075	4775	148	1925	4244	4632	2536	13292	512	
FL	-91800	-91800	11	10	1	1	4	16	4	17	0	5514388	6075	4775	148	1925	4244	4632	2536	13292	512	
FL	-92000	-92000	13	10	1	1	4	17	2	15	0	5507476	6075	4775	148	1925	4244	4632	2536	13292	512	
FL	-92200	-92200	13	8	1	1	2	17	2	15	0	5499932	6075	4775	148	1925	4244	4632	2536	13292	512	
FL	-92400	-92400	15	7	1	1	2	15	2	19	0	5492577	6075	4775	148	1925	4244	4632	2536	13292	512	
FL	-92600	-92600	14	5	1	1	2	14	2	17	0	5485229	6075	4775	148	1925	4244	4632	2536	13292	512	
FL	-92800	-92800	12	5	1	1	2	13	2	15	0	5477838	6075	4775	148	1925	4244	4632	2536	13292	512	
FL	-93000	-93000	13	6	1	0	1	13	2	19	0	5469595	6075	4775	148	1925	4244	4632	2536	13292	512	
FL	-93200	-93200	14	8	1	0	1	13	2	19	0	5460537	6075	4775	148	1925	4244	4632	2536	13292	512	
FL	-93400	-93400	15	7	1	0	2	12	4	20	0	5451426	6075	4775	148	1925	4244	4632	2536	13292	512	
FL	-93600	-93600	15	7	1	0	2	12	5	17	0	5442886	6075	4775	148	1925	4244	4632	2536	13292	512	
FL	-93800	-93800	13	8	1	0	2	14	6	17	0	5434061	6075	4775	148	1925	4244	4632	2536	13292	512	
FL	-94000	-94000	13	9	1	0	4	13	5	14	0	5426600	6075	4775	148	1925	4244	4632	2536	13292	512	
FL	-94200	-94200	13	7	1	0	5	12	5	14	0	5419192	6075	4775	148	1925	4244	4632	2536	13292	512	
FL	-94400	-94400	10	7	1	0	6	12	7	14	0	5411001	6075	4775	148	1925	4244	4632	2536	13292	512	
FL	-94600	-94600	11	7	1	0	6	16	8	14	0	5402294	6075	4775	148	1925	4244	4632	2536	13292	512	
FL	-94800	-94800	13	8	1	0	6	13	9	13	0	5393551	6075	4775	148	1925	4244	4632	2536	13292	512	
FL	-95000	-95000	14	8	1	1	6	15	6	16	0	5384100	6075	4775	148	1925	4244	4632	2536	13292	512	
FL	-95200	-95200	16	8	1	1	6	14	6	16	0	5374464	6075	4775	148	1925	4244	4632	2536	13292	512	
FL	-95400	-95400	20	8	1	1	6	13	5	17	0	5364198	6075	4775	148	1925	4244	4632	2536	13292	512	
FL	-95600	-95600	18	6	1	2	4	12	6	19	0	5354056	6075	4775	148	1925	4244	4632	2536	13292	512	
FL	-95800	-95800	19	5	1	2	3	13	4	21	0	5344269	6075	4775	148	1925	4244	4632	2536	13292	512	
FL	-96000	-96000	20	5	1	2	3	15	4	16	0	5334638	6075	4775	148	1925	4244	4632	2536	13292	512	
FL	-96200	-96200	21	5	1	1	3	13	5	16	0	5325273	6075	4775	148	1925	4244	4632	2536	13292	512	
FL	-96400	-96400	19	6	1	1	5	14	7	22	0	5315600	6075	4775	148	1925	4244	4632	2536	13292	512	
FL	-96600	-96600	20	6	1	1	4	16	6	24	0	5306438	6075	4775	148	1925	4244	4632	2536	13292	512	
FL	-96800	-96800	18	7	1	1	3	14	5	22	0	5296979	6075	4775	148	1925	4244	4632	2536	13292	512	
FL	-97000	-97000	15	5	1	1	3	9	4	22	0	5287153	6075	4775	148	1925	4244	4632	2536	13292	512	
FL	-97200	-97200	15	6	1	1	3	8	3	23	0	5278211	6075	4775	148	1925	4244	4632	2536	13292	512	
FL	-97400	-97400	14	6	1	2	3	8	3	25	0	5270255	6075	4775	148	1925	4244	4632	2536	13292	512	
FL	-97600	-97600	13	4	0	2	4	10	2	25	0	5261710	6075	4775	148	1925	4244	4632	2536	13292	512	
FL	-97800	-97800	11	3	0	2	4	9	2	28	0	5252184	6075	4775	148	1925	4244	4632	2536	13292	512	
FL	-98000	-98000	10	3	0	2	4	8	3	24	0	5242804	6075	4775	148	1925	4244	4632	2536	13292	512	
FL	-98200	-98200	11	3	0	2	4	8	4	24	0	5234495	6075	4775	148	1925	4244	4632	2536	13292	512	
FL	-98400	-98400	11	3	0	2	4	8	4	24	0	5226018	6075	4775	148	1925	4244	4632	2536	13292	512	
FL	-98600	-98600	12	4	0	2	2	9	3	20	0	5217698	6075	4775	148	1925	4244	4632	2536	13292	512	
FL	-98800	-98800	13	3	0	2	3	10	2	19	0	5209824	6075	4775	148	1925	4244	4632	2536	13292	512	
FL	-99000	-99000	10	3	0	2	3	8	2	16	0	5202818	6075	4775	148	1925	4244	4632	2536	13292	512	
FL	-99200	-99200	8	3	0	1	2	7	3	16	0	5196991	6075	4775	148	1925	4244	4632	2536	13292	512	
FL	-99400	-99400	5	6	0	1	1	9	2	13	0	5191022	6075	4775	148	1925	4244	4632	2536	13292	512	
FL	-99600	-99600	6	8	0	2	1	12	2	18	1	5185054	6075	4775	148	1925	4244	4632	2536	13292	512	
FL	-99800	-99800	5	8	0	2	1	11	1	21	1	5178997	6075	4775	148	1925	4244	4632	2536	13292	512	
FL	-100000	-100000	5	8	0	2	2	8	1	21	1	5173356	6075	4775	148	1925	4244	4632	2536	13292	512	
