DHL	0	0	219	366	16	106	258	288	106	0	60	15487017	1810	2357	1241	2216	9263	7013	7501	5032	
DHL	-200	-200	215	358	15	105	257	279	96	0	59	15376502	1810	2357	1241	2216	9263	7013	7501	5032	
DHL	-400	-400	201	351	17	99	239	261	86	0	56	15102799	1810	2357	1241	2216	9263	7013	7501	5032	
DHL	-600	-600	192	342	14	96	223	250	78	0	54	14802475	1810	2357	1241	2216	9263	7013	7501	5032	
DHL	-800	-800	172	303	15	84	204	237	78	0	50	14525974	1810	2357	1241	2216	9263	7013	7501	5032	
DHL	-1000	-1000	147	274	12	81	191	223	79	0	43	14292733	1810	2357	1241	2216	9263	7013	7501	5032	
DHL	-1200	-1200	130	253	12	75	177	209	73	0	39	14106466	1810	2357	1241	2216	9263	7013	7501	5032	
DHL	-1400	-1400	115	232	12	70	159	188	70	0	35	13959318	1810	2357	1241	2216	9263	7013	7501	5032	
DHL	-1600	-1600	98	205	9	69	138	165	61	0	34	13839160	1810	2357	1241	2216	9263	7013	7501	5032	
DHL	-1800	-1800	87	196	9	72	124	152	56	0	32	13737102	1810	2357	1241	2216	9263	7013	7501	5032	
DHL	-2000	-2000	86	183	9	68	114	144	51	0	33	13649556	1810	2357	1241	2216	9263	7013	7501	5032	
DHL	-2200	-2200	73	161	9	62	105	127	52	0	33	13573571	1810	2357	1241	2216	9263	7013	7501	5032	
DHL	-2400	-2400	63	148	10	56	90	115	53	0	30	13508423	1810	2357	1241	2216	9263	7013	7501	5032	
DHL	-2600	-2600	57	143	9	56	76	98	48	0	30	13448869	1810	2357	1241	2216	9263	7013	7501	5032	
DHL	-2800	-2800	52	129	9	50	69	82	50	0	30	13393476	1810	2357	1241	2216	9263	7013	7501	5032	
DHL	-3000	-3000	46	120	11	43	64	71	51	0	22	13342188	1810	2357	1241	2216	9263	7013	7501	5032	
DHL	-3200	-3200	40	108	11	44	54	60	49	0	20	13293075	1810	2357	1241	2216	9263	7013	7501	5032	
DHL	-3400	-3400	34	104	10	38	45	50	39	0	21	13244247	1810	2357	1241	2216	9263	7013	7501	5032	
DHL	-3600	-3600	30	92	9	33	40	47	37	0	17	13197332	1810	2357	1241	2216	9263	7013	7501	5032	
DHL	-3800	-3800	26	81	8	23	40	42	30	0	13	13152551	1810	2357	1241	2216	9263	7013	7501	5032	
DHL	-4000	-4000	25	82	8	20	38	37	27	0	13	13108087	1810	2357	1241	2216	9263	7013	7501	5032	
DHL	-4200	-4200	27	76	8	18	30	32	26	0	12	13065026	1810	2357	1241	2216	9263	7013	7501	5032	
DHL	-4400	-4400	27	70	9	18	32	31	29	0	11	13024271	1810	2357	1241	2216	9263	7013	7501	5032	
DHL	-4600	-4600	25	66	9	18	30	31	25	0	12	12984038	1810	2357	1241	2216	9263	7013	7501	5032	
DHL	-4800	-4800	27	65	7	19	26	33	19	0	12	12942827	1810	2357	1241	2216	9263	7013	7501	5032	
DHL	-5000	-5000	25	62	5	19	25	29	18	0	10	12900917	1810	2357	1241	2216	9263	7013	7501	5032	
DHL	-5200	-5200	25	57	6	21	21	27	18	0	11	12858006	1810	2357	1241	2216	9263	7013	7501	5032	
DHL	-5400	-5400	22	52	6	17	20	26	17	0	11	12814438	1810	2357	1241	2216	9263	7013	7501	5032	
DHL	-5600	-5600	23	54	6	14	20	23	18	0	13	12769062	1810	2357	1241	2216	9263	7013	7501	5032	
DHL	-5800	-5800	22	51	4	12	19	24	17	0	11	12724354	1810	2357	1241	2216	9263	7013	7501	5032	
DHL	-6000	-6000	19	49	5	9	15	25	20	0	11	12679032	1810	2357	1241	2216	9263	7013	7501	5032	
DHL	-6200	-6200	18	44	6	7	14	28	22	0	11	12634773	1810	2357	1241	2216	9263	7013	7501	5032	
DHL	-6400	-6400	13	41	4	7	16	30	20	0	9	12591541	1810	2357	1241	2216	9263	7013	7501	5032	
DHL	-6600	-6600	9	38	2	7	17	30	23	0	9	12551104	1810	2357	1241	2216	9263	7013	7501	5032	
DHL	-6800	-6800	9	42	3	7	12	35	22	0	10	12511476	1810	2357	1241	2216	9263	7013	7501	5032	
DHL	-7000	-7000	8	40	3	9	10	34	25	0	10	12472881	1810	2357	1241	2216	9263	7013	7501	5032	
DHL	-7200	-7200	9	45	2	12	10	32	26	0	10	12435962	1810	2357	1241	2216	9263	7013	7501	5032	
DHL	-7400	-7400	8	48	2	11	11	29	23	0	10	12401059	1810	2357	1241	2216	9263	7013	7501	5032	
DHL	-7600	-7600	7	54	3	11	18	27	21	0	11	12365794	1810	2357	1241	2216	9263	7013	7501	5032	
DHL	-7800	-7800	6	52	3	12	17	28	26	0	11	12331601	1810	2357	1241	2216	9263	7013	7501	5032	
DHL	-8000	-8000	9	41	3	9	17	23	25	0	13	12296194	1810	2357	1241	2216	9263	7013	7501	5032	
DHL	-8200	-8200	11	35	4	10	16	23	23	0	12	12260067	1810	2357	1241	2216	9263	7013	7501	5032	
DHL	-8400	-8400	11	36	4	11	14	25	24	0	11	12223536	1810	2357	1241	2216	9263	7013	7501	5032	
DHL	-8600	-8600	10	31	3	14	17	27	20	0	11	12186653	1810	2357	1241	2216	9263	7013	7501	5032	
DHL	-8800	-8800	9	25	4	14	18	25	23	0	12	12149073	1810	2357	1241	2216	9263	7013	7501	5032	
DHL	-9000	-9000	9	20	2	13	18	22	26	0	10	12110649	1810	2357	1241	2216	9263	7013	7501	5032	
DHL	-9200	-9200	9	20	1	11	16	23	28	0	10	12071002	1810	2357	1241	2216	9263	7013	7501	5032	
DHL	-9400	-9400	9	19	1	12	17	23	28	0	9	12032802	1810	2357	1241	2216	9263	7013	7501	5032	
DHL	-9600	-9600	7	19	1	14	17	22	27	0	10	11996615	1810	2357	1241	2216	9263	7013	7501	5032	
DHL	-9800	-9800	7	23	1	14	19	23	24	0	10	11961149	1810	2357	1241	2216	9263	7013	7501	5032	
DHL	-10000	-10000	6	22	4	13	16	23	23	0	9	11925370	1810	2357	1241	2216	9263	7013	7501	5032	
DHL	-10200	-10200	11	25	4	14	17	20	23	0	9	11891258	1810	2357	1241	2216	9263	7013	7501	5032	
DHL	-10400	-10400	14	22	3	13	20	21	25	0	9	11858149	1810	2357	1241	2216	9263	7013	7501	5032	
DHL	-10600	-10600	13	20	4	11	20	21	30	0	8	11825696	1810	2357	1241	2216	9263	7013	7501	5032	
DHL	-10800	-10800	13	17	3	10	22	23	29	0	8	11794412	1810	2357	1241	2216	9263	7013	7501	5032	
DHL	-11000	-11000	15	20	2	10	18	20	29	0	8	11763675	1810	2357	1241	2216	9263	7013	7501	5032	
DHL	-11200	-11200	18	22	3	13	21	18	30	0	7	11734104	1810	2357	1241	2216	9263	7013	7501	5032	
DHL	-11400	-11400	19	24	2	10	24	18	31	0	10	11703472	1810	2357	1241	2216	9263	7013	7501	5032	
DHL	-11600	-11600	21	24	2	10	24	16	33	0	9	11672411	1810	2357	1241	2216	9263	7013	7501	5032	
DHL	-11800	-11800	24	20	3	8	18	17	33	0	8	11641061	1810	2357	1241	2216	9263	7013	7501	5032	
DHL	-12000	-12000	24	17	4	8	18	16	32	0	8	11610136	1810	2357	1241	2216	9263	7013	7501	5032	
DHL	-12200	-12200	28	18	4	8	18	17	31	0	8	11579672	1810	2357	1241	2216	9263	7013	7501	5032	
DHL	-12400	-12400	25	17	4	8	17	18	27	0	8	11550060	1810	2357	1241	2216	9263	7013	7501	5032	
DHL	-12600	-12600	21	20	4	8	11	20	25	0	7	11521772	1810	2357	1241	2216	9263	7013	7501	5032	
DHL	-12800	-12800	19	22	3	6	10	20	26	0	10	11494791	1810	2357	1241	2216	9263	7013	7501	5032	
DHL	-13000	-13000	19	22	4	7	10	22	28	0	7	11468391	1810	2357	1241	2216	9263	7013	7501	5032	
DHL	-13200	-13200	20	21	5	7	9	22	25	0	8	11442008	1810	2357	1241	2216	9263	7013	7501	5032	
DHL	-13400	-13400	19	14	4	7	9	22	22	0	8	11415106	1810	2357	1241	2216	9263	7013	7501	5032	
DHL	-13600	-13600	19	15	4	6	10	24	22	0	8	11387670	1810	2357	1241	2216	9263	7013	7501	5032	
DHL	-13800	-13800	19	14	4	7	8	24	22	0	9	11360419	1810	2357	1241	2216	9263	7013	7501	5032	
DHL	-14000	-14000	21	14	3	7	8	25	21	0	8	11335744	1810	2357	1241	2216	9263	7013	7501	5032	
DHL	-14200	-14200	18	19	4	7	8	25	21	0	9	11311665	1810	2357	1241	2216	9263	7013	7501	5032	
DHL	-14400	-14400	19	22	5	7	8	26	22	0	8	11287713	1810	2357	1241	2216	9263	7013	7501	5032	
DHL	-14600	-14600	16	24	8	7	8	26	18	0	9	11263925	1810	2357	1241	2216	9263	7013	7501	5032	
DHL	-14800	-14800	20	21	9	8	8	22	25	0	9	11239903	1810	2357	1241	2216	9263	7013	7501	5032	
DHL	-15000	-15000	17	22	9	6	10	19	26	0	8	11216068	1810	2357	1241	2216	9263	7013	7501	5032	
DHL	-15200	-15200	18	25	9	7	14	20	27	0	9	11190739	1810	2357	1241	2216	9263	7013	7501	5032	
DHL	-15400	-15400	20	26	8	6	15	23	34	0	10	11164001	1810	2357	1241	2216	9263	7013	7501	5032	
DHL	-15600	-15600	19	25	7	4	17	22	34	0	9	11137587	1810	2357	1241	2216	9263	7013	7501	5032	
DHL	-15800	-15800	16	20	7	5	16	21	35	0	8	11111606	1810	2357	1241	2216	9263	7013	7501	5032	
DHL	-16000	-16000	18	19	6	6	17	20	41	0	7	11085572	1810	2357	1241	2216	9263	7013	7501	5032	
DHL	-16200	-16200	15	17	5	5	17	20	41	0	10	11057350	1810	2357	1241	2216	9263	7013	7501	5032	
DHL	-16400	-16400	13	17	6	8	17	18	39	0	10	11028469	1810	2357	1241	2216	9263	7013	7501	5032	
DHL	-16600	-16600	10	18	5	8	16	16	34	0	7	11000576	1810	2357	1241	2216	9263	7013	7501	5032	
DHL	-16800	-16800	10	18	5	8	14	15	31	0	8	10973458	1810	2357	1241	2216	9263	7013	7501	5032	
DHL	-17000	-17000	9	15	4	9	13	15	32	0	6	10946751	1810	2357	1241	2216	9263	7013	7501	5032	
DHL	-17200	-17200	10	14	3	4	13	14	35	0	4	10919615	1810	2357	1241	2216	9263	7013	7501	5032	
DHL	-17400	-17400	10	15	3	8	12	11	31	0	5	10893087	1810	2357	1241	2216	9263	7013	7501	5032	
DHL	-17600	-17600	12	14	3	9	10	18	28	0	7	10866438	1810	2357	1241	2216	9263	7013	7501	5032	
DHL	-17800	-17800	12	15	4	8	11	20	25	0	7	10839178	1810	2357	1241	2216	9263	7013	7501	5032	
DHL	-18000	-18000	12	14	4	8	13	23	21	0	8	10812319	1810	2357	1241	2216	9263	7013	7501	5032	
DHL	-18200	-18200	13	14	4	8	14	28	19	0	7	10784497	1810	2357	1241	2216	9263	7013	7501	5032	
DHL	-18400	-18400	15	15	1	11	15	32	19	0	8	10756350	1810	2357	1241	2216	9263	7013	7501	5032	
DHL	-18600	-18600	15	14	1	11	18	34	18	0	10	10728457	1810	2357	1241	2216	9263	7013	7501	5032	
DHL	-18800	-18800	14	13	1	10	23	35	19	0	11	10699948	1810	2357	1241	2216	9263	7013	7501	5032	
DHL	-19000	-19000	13	14	0	11	20	32	16	0	11	10672885	1810	2357	1241	2216	9263	7013	7501	5032	
DHL	-19200	-19200	14	14	0	11	18	32	15	0	10	10646264	1810	2357	1241	2216	9263	7013	7501	5032	
DHL	-19400	-19400	14	14	1	11	18	30	19	0	10	10620043	1810	2357	1241	2216	9263	7013	7501	5032	
DHL	-19600	-19600	13	14	1	11	16	28	22	0	9	10593733	1810	2357	1241	2216	9263	7013	7501	5032	
DHL	-19800	-19800	10	14	1	11	12	21	25	0	9	10567819	1810	2357	1241	2216	9263	7013	7501	5032	
DHL	-20000	-20000	11	14	3	11	14	20	27	0	8	10541979	1810	2357	1241	2216	9263	7013	7501	5032	
DHL	-20200	-20200	7	12	3	12	12	23	24	0	9	10517231	1810	2357	1241	2216	9263	7013	7501	5032	
DHL	-20400	-20400	6	10	2	15	14	22	22	0	9	10493496	1810	2357	1241	2216	9263	7013	7501	5032	
DHL	-20600	-20600	8	8	3	15	15	23	22	0	9	10469634	1810	2357	1241	2216	9263	7013	7501	5032	
DHL	-20800	-20800	7	9	3	15	15	23	19	0	8	10445245	1810	2357	1241	2216	9263	7013	7501	5032	
DHL	-21000	-21000	8	11	2	12	15	22	20	0	8	10420374	1810	2357	1241	2216	9263	7013	7501	5032	
DHL	-21200	-21200	8	11	1	12	13	21	21	0	9	10396128	1810	2357	1241	2216	9263	7013	7501	5032	
DHL	-21400	-21400	8	10	1	13	15	19	19	0	12	10372696	1810	2357	1241	2216	9263	7013	7501	5032	
DHL	-21600	-21600	6	9	0	12	17	17	20	0	13	10350429	1810	2357	1241	2216	9263	7013	7501	5032	
DHL	-21800	-21800	5	7	0	12	22	14	22	0	14	10328082	1810	2357	1241	2216	9263	7013	7501	5032	
DHL	-22000	-22000	5	10	1	11	26	14	21	0	10	10304648	1810	2357	1241	2216	9263	7013	7501	5032	
DHL	-22200	-22200	4	9	1	13	28	16	23	0	10	10282277	1810	2357	1241	2216	9263	7013	7501	5032	
DHL	-22400	-22400	6	12	1	11	30	15	21	0	10	10259726	1810	2357	1241	2216	9263	7013	7501	5032	
DHL	-22600	-22600	6	15	2	9	32	17	19	0	9	10236615	1810	2357	1241	2216	9263	7013	7501	5032	
DHL	-22800	-22800	6	17	4	11	29	18	20	0	12	10214975	1810	2357	1241	2216	9263	7013	7501	5032	
DHL	-23000	-23000	7	15	5	11	29	20	22	0	10	10194259	1810	2357	1241	2216	9263	7013	7501	5032	
DHL	-23200	-23200	8	16	5	10	28	15	24	0	7	10173985	1810	2357	1241	2216	9263	7013	7501	5032	
DHL	-23400	-23400	8	18	4	11	26	14	17	0	8	10154861	1810	2357	1241	2216	9263	7013	7501	5032	
DHL	-23600	-23600	5	18	4	10	22	17	14	0	7	10135922	1810	2357	1241	2216	9263	7013	7501	5032	
DHL	-23800	-23800	6	21	6	9	21	18	17	0	9	10115840	1810	2357	1241	2216	9263	7013	7501	5032	
DHL	-24000	-24000	5	19	6	8	21	18	17	0	9	10095950	1810	2357	1241	2216	9263	7013	7501	5032	
DHL	-24200	-24200	5	17	6	9	23	18	19	0	9	10076377	1810	2357	1241	2216	9263	7013	7501	5032	
DHL	-24400	-24400	3	14	7	10	22	16	19	0	11	10057262	1810	2357	1241	2216	9263	7013	7501	5032	
DHL	-24600	-24600	3	14	6	9	20	16	19	0	8	10036856	1810	2357	1241	2216	9263	7013	7501	5032	
DHL	-24800	-24800	3	12	6	7	20	19	18	0	11	10016751	1810	2357	1241	2216	9263	7013	7501	5032	
DHL	-25000	-25000	5	13	8	8	17	17	20	0	13	9995457	1810	2357	1241	2216	9263	7013	7501	5032	
DHL	-25200	-25200	7	13	8	8	17	16	19	0	13	9973678	1810	2357	1241	2216	9263	7013	7501	5032	
DHL	-25400	-25400	10	15	8	6	17	18	20	0	10	9951096	1810	2357	1241	2216	9263	7013	7501	5032	
DHL	-25600	-25600	13	15	5	6	18	21	17	0	9	9926504	1810	2357	1241	2216	9263	7013	7501	5032	
DHL	-25800	-25800	14	14	6	5	13	19	16	0	10	9900482	1810	2357	1241	2216	9263	7013	7501	5032	
DHL	-26000	-26000	11	15	6	5	14	19	22	0	10	9873702	1810	2357	1241	2216	9263	7013	7501	5032	
DHL	-26200	-26200	9	14	6	5	15	21	20	0	11	9846231	1810	2357	1241	2216	9263	7013	7501	5032	
DHL	-26400	-26400	11	14	7	4	16	22	17	0	10	9818196	1810	2357	1241	2216	9263	7013	7501	5032	
DHL	-26600	-26600	11	15	8	5	16	17	14	0	11	9791269	1810	2357	1241	2216	9263	7013	7501	5032	
DHL	-26800	-26800	10	14	5	5	19	17	14	0	12	9766596	1810	2357	1241	2216	9263	7013	7501	5032	
DHL	-27000	-27000	9	13	6	5	21	15	12	0	11	9743583	1810	2357	1241	2216	9263	7013	7501	5032	
DHL	-27200	-27200	9	13	5	5	22	13	13	0	11	9720952	1810	2357	1241	2216	9263	7013	7501	5032	
DHL	-27400	-27400	11	12	4	5	19	9	14	0	12	9700709	1810	2357	1241	2216	9263	7013	7501	5032	
DHL	-27600	-27600	10	13	4	6	20	7	13	0	9	9681941	1810	2357	1241	2216	9263	7013	7501	5032	
DHL	-27800	-27800	12	12	4	7	18	9	15	0	10	9663072	1810	2357	1241	2216	9263	7013	7501	5032	
DHL	-28000	-28000	10	11	5	7	18	9	17	0	10	9643810	1810	2357	1241	2216	9263	7013	7501	5032	
DHL	-28200	-28200	12	6	4	7	17	12	21	0	10	9623999	1810	2357	1241	2216	9263	7013	7501	5032	
DHL	-28400	-28400	12	4	3	5	17	10	14	0	7	9604266	1810	2357	1241	2216	9263	7013	7501	5032	
DHL	-28600	-28600	13	4	5	6	14	12	13	0	8	9585190	1810	2357	1241	2216	9263	7013	7501	5032	
DHL	-28800	-28800	13	6	6	7	12	17	13	0	8	9565372	1810	2357	1241	2216	9263	7013	7501	5032	
DHL	-29000	-29000	13	4	7	4	11	20	14	0	6	9545634	1810	2357	1241	2216	9263	7013	7501	5032	
DHL	-29200	-29200	8	4	7	5	10	19	16	0	7	9526002	1810	2357	1241	2216	9263	7013	7501	5032	
DHL	-29400	-29400	11	3	9	6	10	19	16	0	7	9504824	1810	2357	1241	2216	9263	7013	7501	5032	
DHL	-29600	-29600	10	5	7	6	9	22	16	0	8	9483796	1810	2357	1241	2216	9263	7013	7501	5032	
DHL	-29800	-29800	11	9	6	9	13	21	19	0	9	9462791	1810	2357	1241	2216	9263	7013	7501	5032	
DHL	-30000	-30000	9	8	6	8	13	22	23	0	10	9440059	1810	2357	1241	2216	9263	7013	7501	5032	
DHL	-30200	-30200	10	8	4	10	12	20	22	0	11	9416977	1810	2357	1241	2216	9263	7013	7501	5032	
DHL	-30400	-30400	10	11	3	9	10	21	23	0	10	9394774	1810	2357	1241	2216	9263	7013	7501	5032	
DHL	-30600	-30600	9	12	3	11	9	22	23	0	8	9374696	1810	2357	1241	2216	9263	7013	7501	5032	
DHL	-30800	-30800	11	16	3	13	7	22	24	0	9	9354886	1810	2357	1241	2216	9263	7013	7501	5032	
DHL	-31000	-31000	10	16	3	14	8	20	26	0	8	9334281	1810	2357	1241	2216	9263	7013	7501	5032	
DHL	-31200	-31200	10	16	3	13	7	18	24	0	6	9313676	1810	2357	1241	2216	9263	7013	7501	5032	
DHL	-31400	-31400	10	16	2	14	11	20	25	0	4	9293548	1810	2357	1241	2216	9263	7013	7501	5032	
DHL	-31600	-31600	9	16	2	12	12	15	27	0	5	9274319	1810	2357	1241	2216	9263	7013	7501	5032	
DHL	-31800	-31800	6	15	2	12	15	12	27	0	6	9256287	1810	2357	1241	2216	9263	7013	7501	5032	
DHL	-32000	-32000	4	16	2	13	17	13	28	0	7	9239670	1810	2357	1241	2216	9263	7013	7501	5032	
DHL	-32200	-32200	6	16	2	14	20	14	25	0	8	9223372	1810	2357	1241	2216	9263	7013	7501	5032	
DHL	-32400	-32400	5	19	2	14	21	13	24	0	8	9208059	1810	2357	1241	2216	9263	7013	7501	5032	
DHL	-32600	-32600	4	19	2	12	20	15	23	0	7	9193143	1810	2357	1241	2216	9263	7013	7501	5032	
DHL	-32800	-32800	4	18	3	11	15	12	25	0	6	9178752	1810	2357	1241	2216	9263	7013	7501	5032	
DHL	-33000	-33000	5	16	2	9	12	14	25	0	6	9163798	1810	2357	1241	2216	9263	7013	7501	5032	
DHL	-33200	-33200	4	14	2	9	10	13	25	0	5	9148556	1810	2357	1241	2216	9263	7013	7501	5032	
DHL	-33400	-33400	4	14	2	8	8	17	26	0	5	9132763	1810	2357	1241	2216	9263	7013	7501	5032	
DHL	-33600	-33600	5	10	4	8	6	13	26	0	5	9116125	1810	2357	1241	2216	9263	7013	7501	5032	
DHL	-33800	-33800	7	10	4	10	8	12	28	0	5	9096431	1810	2357	1241	2216	9263	7013	7501	5032	
DHL	-34000	-34000	7	10	3	10	11	11	25	0	5	9079599	1810	2357	1241	2216	9263	7013	7501	5032	
DHL	-34200	-34200	6	6	4	6	15	14	19	0	4	9062293	1810	2357	1241	2216	9263	7013	7501	5032	
DHL	-34400	-34400	5	6	4	6	18	14	17	0	5	9043729	1810	2357	1241	2216	9263	7013	7501	5032	
DHL	-34600	-34600	7	7	4	6	21	13	15	0	6	9024739	1810	2357	1241	2216	9263	7013	7501	5032	
DHL	-34800	-34800	8	9	4	4	22	14	16	0	5	9005224	1810	2357	1241	2216	9263	7013	7501	5032	
DHL	-35000	-35000	9	9	4	4	23	14	14	0	5	8986634	1810	2357	1241	2216	9263	7013	7501	5032	
DHL	-35200	-35200	9	9	3	5	23	13	16	0	8	8968580	1810	2357	1241	2216	9263	7013	7501	5032	
DHL	-35400	-35400	10	10	3	3	19	14	13	0	8	8951416	1810	2357	1241	2216	9263	7013	7501	5032	
DHL	-35600	-35600	11	8	2	4	20	18	17	0	7	8935039	1810	2357	1241	2216	9263	7013	7501	5032	
DHL	-35800	-35800	12	8	2	5	19	19	19	0	7	8920706	1810	2357	1241	2216	9263	7013	7501	5032	
DHL	-36000	-36000	13	10	2	5	17	17	19	0	8	8905234	1810	2357	1241	2216	9263	7013	7501	5032	
DHL	-36200	-36200	12	10	1	5	15	18	21	0	9	8889970	1810	2357	1241	2216	9263	7013	7501	5032	
DHL	-36400	-36400	9	11	2	3	15	20	22	0	11	8875033	1810	2357	1241	2216	9263	7013	7501	5032	
DHL	-36600	-36600	7	11	3	4	16	15	22	0	13	8860255	1810	2357	1241	2216	9263	7013	7501	5032	
DHL	-36800	-36800	7	9	3	5	15	14	19	0	11	8845817	1810	2357	1241	2216	9263	7013	7501	5032	
DHL	-37000	-37000	7	9	3	6	15	16	23	0	14	8832997	1810	2357	1241	2216	9263	7013	7501	5032	
DHL	-37200	-37200	6	9	2	7	15	15	20	0	14	8820008	1810	2357	1241	2216	9263	7013	7501	5032	
DHL	-37400	-37400	7	6	3	8	16	16	21	0	14	8806951	1810	2357	1241	2216	9263	7013	7501	5032	
DHL	-37600	-37600	9	6	3	8	17	17	21	0	14	8793592	1810	2357	1241	2216	9263	7013	7501	5032	
DHL	-37800	-37800	8	6	5	8	16	16	21	0	16	8779208	1810	2357	1241	2216	9263	7013	7501	5032	
DHL	-38000	-38000	6	5	5	5	18	18	14	0	12	8764550	1810	2357	1241	2216	9263	7013	7501	5032	
DHL	-38200	-38200	8	6	5	3	18	18	11	0	11	8749017	1810	2357	1241	2216	9263	7013	7501	5032	
DHL	-38400	-38400	7	6	5	1	17	19	14	0	12	8733389	1810	2357	1241	2216	9263	7013	7501	5032	
DHL	-38600	-38600	7	6	4	0	13	20	12	0	10	8716893	1810	2357	1241	2216	9263	7013	7501	5032	
DHL	-38800	-38800	7	6	5	0	14	18	12	0	11	8699980	1810	2357	1241	2216	9263	7013	7501	5032	
DHL	-39000	-39000	7	5	6	0	18	20	10	0	13	8682954	1810	2357	1241	2216	9263	7013	7501	5032	
DHL	-39200	-39200	7	7	5	1	15	18	9	0	11	8665826	1810	2357	1241	2216	9263	7013	7501	5032	
DHL	-39400	-39400	4	6	4	1	13	18	10	0	16	8647616	1810	2357	1241	2216	9263	7013	7501	5032	
DHL	-39600	-39600	5	8	6	1	15	16	8	0	18	8629045	1810	2357	1241	2216	9263	7013	7501	5032	
DHL	-39800	-39800	6	11	2	1	15	15	14	0	17	8610942	1810	2357	1241	2216	9263	7013	7501	5032	
DHL	-40000	-40000	6	10	4	1	18	16	21	0	17	8592405	1810	2357	1241	2216	9263	7013	7501	5032	
DHL	-40200	-40200	7	11	4	1	20	20	20	0	15	8575111	1810	2357	1241	2216	9263	7013	7501	5032	
DHL	-40400	-40400	8	9	4	1	14	24	18	0	11	8556796	1810	2357	1241	2216	9263	7013	7501	5032	
DHL	-40600	-40600	7	8	4	1	12	22	19	0	10	8538062	1810	2357	1241	2216	9263	7013	7501	5032	
DHL	-40800	-40800	7	9	4	1	10	18	24	0	9	8517703	1810	2357	1241	2216	9263	7013	7501	5032	
DHL	-41000	-41000	7	8	3	2	13	20	24	0	6	8497937	1810	2357	1241	2216	9263	7013	7501	5032	
DHL	-41200	-41200	7	9	1	4	17	20	25	0	7	8478515	1810	2357	1241	2216	9263	7013	7501	5032	
DHL	-41400	-41400	9	8	2	5	16	18	25	0	9	8458899	1810	2357	1241	2216	9263	7013	7501	5032	
DHL	-41600	-41600	8	6	1	6	17	18	26	0	7	8439484	1810	2357	1241	2216	9263	7013	7501	5032	
DHL	-41800	-41800	7	7	1	5	18	17	24	0	6	8420283	1810	2357	1241	2216	9263	7013	7501	5032	
DHL	-42000	-42000	7	8	2	4	15	17	22	0	6	8401482	1810	2357	1241	2216	9263	7013	7501	5032	
DHL	-42200	-42200	7	7	2	3	17	14	22	0	5	8383112	1810	2357	1241	2216	9263	7013	7501	5032	
DHL	-42400	-42400	9	9	2	3	13	13	21	0	6	8365728	1810	2357	1241	2216	9263	7013	7501	5032	
DHL	-42600	-42600	13	8	2	3	15	15	19	0	7	8348688	1810	2357	1241	2216	9263	7013	7501	5032	
DHL	-42800	-42800	15	7	2	4	15	15	20	0	8	8332644	1810	2357	1241	2216	9263	7013	7501	5032	
DHL	-43000	-43000	18	7	3	4	18	18	21	0	7	8317489	1810	2357	1241	2216	9263	7013	7501	5032	
DHL	-43200	-43200	20	5	3	4	18	22	19	0	7	8302620	1810	2357	1241	2216	9263	7013	7501	5032	
DHL	-43400	-43400	23	5	5	4	22	23	15	0	10	8288856	1810	2357	1241	2216	9263	7013	7501	5032	
DHL	-43600	-43600	23	6	5	4	27	24	17	0	10	8276623	1810	2357	1241	2216	9263	7013	7501	5032	
DHL	-43800	-43800	23	6	5	8	27	24	19	0	10	8263709	1810	2357	1241	2216	9263	7013	7501	5032	
DHL	-44000	-44000	22	6	5	9	29	25	19	0	8	8249892	1810	2357	1241	2216	9263	7013	7501	5032	
DHL	-44200	-44200	21	5	5	11	29	28	15	0	8	8234773	1810	2357	1241	2216	9263	7013	7501	5032	
DHL	-44400	-44400	21	4	3	10	31	29	16	0	6	8219693	1810	2357	1241	2216	9263	7013	7501	5032	
DHL	-44600	-44600	22	5	2	11	30	30	18	0	6	8204748	1810	2357	1241	2216	9263	7013	7501	5032	
DHL	-44800	-44800	22	9	2	12	31	31	19	0	5	8188244	1810	2357	1241	2216	9263	7013	7501	5032	
DHL	-45000	-45000	20	12	1	12	34	32	19	0	5	8171985	1810	2357	1241	2216	9263	7013	7501	5032	
DHL	-45200	-45200	17	17	1	11	34	28	18	0	5	8155018	1810	2357	1241	2216	9263	7013	7501	5032	
DHL	-45400	-45400	18	19	1	11	34	28	14	0	5	8138514	1810	2357	1241	2216	9263	7013	7501	5032	
DHL	-45600	-45600	19	24	1	9	35	28	10	0	5	8122830	1810	2357	1241	2216	9263	7013	7501	5032	
DHL	-45800	-45800	20	24	1	10	36	26	8	0	4	8106507	1810	2357	1241	2216	9263	7013	7501	5032	
DHL	-46000	-46000	23	27	2	10	36	24	9	0	4	8090754	1810	2357	1241	2216	9263	7013	7501	5032	
DHL	-46200	-46200	20	31	2	10	34	19	8	0	4	8075498	1810	2357	1241	2216	9263	7013	7501	5032	
DHL	-46400	-46400	21	30	1	9	32	18	8	0	4	8059191	1810	2357	1241	2216	9263	7013	7501	5032	
DHL	-46600	-46600	16	34	1	9	27	14	8	0	5	8042124	1810	2357	1241	2216	9263	7013	7501	5032	
DHL	-46800	-46800	14	32	1	8	28	13	10	0	7	8025432	1810	2357	1241	2216	9263	7013	7501	5032	
DHL	-47000	-47000	8	32	1	7	26	16	11	0	6	8008583	1810	2357	1241	2216	9263	7013	7501	5032	
DHL	-47200	-47200	6	32	1	7	22	16	14	0	7	7991642	1810	2357	1241	2216	9263	7013	7501	5032	
DHL	-47400	-47400	6	29	1	6	24	15	16	0	9	7975060	1810	2357	1241	2216	9263	7013	7501	5032	
DHL	-47600	-47600	3	31	2	5	24	17	14	0	7	7958654	1810	2357	1241	2216	9263	7013	7501	5032	
DHL	-47800	-47800	3	32	1	5	23	17	14	0	7	7942042	1810	2357	1241	2216	9263	7013	7501	5032	
DHL	-48000	-48000	4	29	1	7	24	20	13	0	8	7925330	1810	2357	1241	2216	9263	7013	7501	5032	
DHL	-48200	-48200	2	30	1	7	23	22	12	0	7	7907929	1810	2357	1241	2216	9263	7013	7501	5032	
DHL	-48400	-48400	2	29	1	6	18	24	13	0	5	7889830	1810	2357	1241	2216	9263	7013	7501	5032	
DHL	-48600	-48600	2	28	1	8	16	22	12	0	5	7871955	1810	2357	1241	2216	9263	7013	7501	5032	
DHL	-48800	-48800	3	23	2	9	12	22	8	0	3	7854061	1810	2357	1241	2216	9263	7013	7501	5032	
DHL	-49000	-49000	3	22	2	10	8	21	5	0	4	7837759	1810	2357	1241	2216	9263	7013	7501	5032	
DHL	-49200	-49200	4	17	2	12	4	21	5	0	5	7822148	1810	2357	1241	2216	9263	7013	7501	5032	
DHL	-49400	-49400	3	12	2	10	4	19	5	0	4	7807022	1810	2357	1241	2216	9263	7013	7501	5032	
DHL	-49600	-49600	5	13	2	8	6	17	8	0	5	7792811	1810	2357	1241	2216	9263	7013	7501	5032	
DHL	-49800	-49800	7	11	2	8	7	16	12	0	5	7779354	1810	2357	1241	2216	9263	7013	7501	5032	
DHL	-50000	-50000	6	11	1	7	8	15	12	0	7	7765606	1810	2357	1241	2216	9263	7013	7501	5032	
DHL	-50200	-50200	6	8	1	9	7	19	11	0	7	7752025	1810	2357	1241	2216	9263	7013	7501	5032	
DHL	-50400	-50400	5	9	2	6	8	19	13	0	10	7738393	1810	2357	1241	2216	9263	7013	7501	5032	
DHL	-50600	-50600	5	9	2	7	11	18	14	0	9	7725281	1810	2357	1241	2216	9263	7013	7501	5032	
DHL	-50800	-50800	4	9	3	7	9	17	13	0	9	7711092	1810	2357	1241	2216	9263	7013	7501	5032	
DHL	-51000	-51000	5	8	3	7	9	15	11	0	10	7696054	1810	2357	1241	2216	9263	7013	7501	5032	
DHL	-51200	-51200	4	7	3	6	11	15	7	0	12	7681731	1810	2357	1241	2216	9263	7013	7501	5032	
DHL	-51400	-51400	2	5	3	5	11	19	6	0	12	7667187	1810	2357	1241	2216	9263	7013	7501	5032	
DHL	-51600	-51600	1	5	3	7	12	17	7	0	14	7652547	1810	2357	1241	2216	9263	7013	7501	5032	
DHL	-51800	-51800	1	5	3	6	12	18	8	0	11	7638982	1810	2357	1241	2216	9263	7013	7501	5032	
DHL	-52000	-52000	2	6	2	5	14	18	9	0	8	7625491	1810	2357	1241	2216	9263	7013	7501	5032	
DHL	-52200	-52200	2	6	2	5	10	17	9	0	8	7612395	1810	2357	1241	2216	9263	7013	7501	5032	
DHL	-52400	-52400	3	6	0	5	13	16	13	0	8	7598063	1810	2357	1241	2216	9263	7013	7501	5032	
DHL	-52600	-52600	3	8	1	4	14	13	15	0	7	7583189	1810	2357	1241	2216	9263	7013	7501	5032	
DHL	-52800	-52800	2	8	1	2	17	11	12	0	4	7568622	1810	2357	1241	2216	9263	7013	7501	5032	
DHL	-53000	-53000	3	7	2	3	17	12	18	0	6	7554502	1810	2357	1241	2216	9263	7013	7501	5032	
DHL	-53200	-53200	3	9	1	3	19	14	18	0	6	7540912	1810	2357	1241	2216	9263	7013	7501	5032	
DHL	-53400	-53400	2	10	1	4	19	13	19	0	6	7526433	1810	2357	1241	2216	9263	7013	7501	5032	
DHL	-53600	-53600	1	9	1	5	20	12	20	0	5	7511209	1810	2357	1241	2216	9263	7013	7501	5032	
DHL	-53800	-53800	4	8	1	5	19	12	18	0	7	7495222	1810	2357	1241	2216	9263	7013	7501	5032	
DHL	-54000	-54000	4	7	2	5	21	11	15	0	8	7477775	1810	2357	1241	2216	9263	7013	7501	5032	
DHL	-54200	-54200	4	8	3	8	18	10	19	0	6	7461160	1810	2357	1241	2216	9263	7013	7501	5032	
DHL	-54400	-54400	5	5	4	8	16	7	16	0	5	7444867	1810	2357	1241	2216	9263	7013	7501	5032	
DHL	-54600	-54600	6	5	4	8	14	8	15	0	5	7430500	1810	2357	1241	2216	9263	7013	7501	5032	
DHL	-54800	-54800	5	5	3	6	10	7	12	0	5	7417049	1810	2357	1241	2216	9263	7013	7501	5032	
DHL	-55000	-55000	4	11	3	5	11	8	10	0	6	7404518	1810	2357	1241	2216	9263	7013	7501	5032	
DHL	-55200	-55200	4	10	2	6	9	9	7	0	5	7391688	1810	2357	1241	2216	9263	7013	7501	5032	
DHL	-55400	-55400	4	10	0	6	10	8	9	0	7	7379210	1810	2357	1241	2216	9263	7013	7501	5032	
DHL	-55600	-55600	3	10	0	4	8	9	7	0	7	7367902	1810	2357	1241	2216	9263	7013	7501	5032	
DHL	-55800	-55800	3	10	1	4	8	10	6	0	11	7357854	1810	2357	1241	2216	9263	7013	7501	5032	
DHL	-56000	-56000	4	13	1	4	7	13	6	0	10	7347545	1810	2357	1241	2216	9263	7013	7501	5032	
DHL	-56200	-56200	5	13	1	3	8	13	8	0	10	7336950	1810	2357	1241	2216	9263	7013	7501	5032	
DHL	-56400	-56400	5	20	2	3	8	14	11	0	8	7326463	1810	2357	1241	2216	9263	7013	7501	5032	
DHL	-56600	-56600	5	21	2	3	6	12	12	0	10	7314930	1810	2357	1241	2216	9263	7013	7501	5032	
DHL	-56800	-56800	5	22	2	3	7	10	16	0	7	7303109	1810	2357	1241	2216	9263	7013	7501	5032	
DHL	-57000	-57000	5	23	2	3	8	11	15	0	8	7291765	1810	2357	1241	2216	9263	7013	7501	5032	
DHL	-57200	-57200	5	22	2	2	9	17	14	0	8	7280025	1810	2357	1241	2216	9263	7013	7501	5032	
DHL	-57400	-57400	3	23	2	3	10	16	17	0	7	7267172	1810	2357	1241	2216	9263	7013	7501	5032	
DHL	-57600	-57600	3	24	2	3	10	17	17	0	8	7254831	1810	2357	1241	2216	9263	7013	7501	5032	
DHL	-57800	-57800	4	23	0	3	9	18	13	0	6	7243308	1810	2357	1241	2216	9263	7013	7501	5032	
DHL	-58000	-58000	4	22	0	3	10	15	12	0	6	7231804	1810	2357	1241	2216	9263	7013	7501	5032	
DHL	-58200	-58200	4	22	0	3	10	13	12	0	5	7220069	1810	2357	1241	2216	9263	7013	7501	5032	
DHL	-58400	-58400	4	24	3	3	9	14	12	0	6	7207674	1810	2357	1241	2216	9263	7013	7501	5032	
DHL	-58600	-58600	4	19	3	2	10	12	7	0	7	7194981	1810	2357	1241	2216	9263	7013	7501	5032	
DHL	-58800	-58800	3	17	3	1	14	14	7	0	6	7182894	1810	2357	1241	2216	9263	7013	7501	5032	
DHL	-59000	-59000	2	16	2	1	11	14	5	0	6	7169681	1810	2357	1241	2216	9263	7013	7501	5032	
DHL	-59200	-59200	1	14	2	1	11	14	7	0	6	7156191	1810	2357	1241	2216	9263	7013	7501	5032	
DHL	-59400	-59400	2	14	2	2	10	14	9	0	4	7143018	1810	2357	1241	2216	9263	7013	7501	5032	
DHL	-59600	-59600	3	14	2	2	9	12	9	0	3	7129767	1810	2357	1241	2216	9263	7013	7501	5032	
DHL	-59800	-59800	2	13	2	2	8	11	7	0	3	7116637	1810	2357	1241	2216	9263	7013	7501	5032	
DHL	-60000	-60000	1	10	3	3	8	14	9	0	3	7104270	1810	2357	1241	2216	9263	7013	7501	5032	
DHL	-60200	-60200	1	8	3	1	7	12	12	0	4	7092881	1810	2357	1241	2216	9263	7013	7501	5032	
DHL	-60400	-60400	3	8	3	1	7	10	14	0	5	7081775	1810	2357	1241	2216	9263	7013	7501	5032	
DHL	-60600	-60600	3	7	2	2	6	11	14	0	6	7070498	1810	2357	1241	2216	9263	7013	7501	5032	
DHL	-60800	-60800	4	6	2	4	6	12	13	0	6	7059079	1810	2357	1241	2216	9263	7013	7501	5032	
DHL	-61000	-61000	4	6	1	4	6	9	10	0	7	7047089	1810	2357	1241	2216	9263	7013	7501	5032	
DHL	-61200	-61200	4	6	1	5	7	9	13	0	7	7034476	1810	2357	1241	2216	9263	7013	7501	5032	
DHL	-61400	-61400	3	6	1	6	6	10	19	0	8	7022146	1810	2357	1241	2216	9263	7013	7501	5032	
DHL	-61600	-61600	6	5	1	5	7	10	19	0	9	7009535	1810	2357	1241	2216	9263	7013	7501	5032	
DHL	-61800	-61800	6	4	2	5	7	10	18	0	9	6996214	1810	2357	1241	2216	9263	7013	7501	5032	
DHL	-62000	-62000	5	4	2	3	9	11	17	0	10	6982222	1810	2357	1241	2216	9263	7013	7501	5032	
DHL	-62200	-62200	2	7	3	2	11	8	20	0	9	6968801	1810	2357	1241	2216	9263	7013	7501	5032	
DHL	-62400	-62400	2	6	3	1	11	12	18	0	10	6954796	1810	2357	1241	2216	9263	7013	7501	5032	
DHL	-62600	-62600	2	4	3	2	14	11	19	0	8	6941437	1810	2357	1241	2216	9263	7013	7501	5032	
DHL	-62800	-62800	2	5	3	2	16	11	19	0	6	6927766	1810	2357	1241	2216	9263	7013	7501	5032	
DHL	-63000	-63000	1	3	3	2	17	15	17	0	4	6913910	1810	2357	1241	2216	9263	7013	7501	5032	
DHL	-63200	-63200	1	4	3	3	17	16	17	0	5	6900517	1810	2357	1241	2216	9263	7013	7501	5032	
DHL	-63400	-63400	1	5	3	3	15	16	16	0	5	6887420	1810	2357	1241	2216	9263	7013	7501	5032	
DHL	-63600	-63600	2	7	3	3	13	18	16	0	8	6874661	1810	2357	1241	2216	9263	7013	7501	5032	
DHL	-63800	-63800	3	8	2	4	14	20	16	0	6	6862300	1810	2357	1241	2216	9263	7013	7501	5032	
DHL	-64000	-64000	2	8	1	4	16	21	15	0	5	6849562	1810	2357	1241	2216	9263	7013	7501	5032	
DHL	-64200	-64200	1	9	2	3	16	20	11	0	5	6836813	1810	2357	1241	2216	9263	7013	7501	5032	
DHL	-64400	-64400	1	8	1	2	16	21	11	0	5	6823543	1810	2357	1241	2216	9263	7013	7501	5032	
DHL	-64600	-64600	1	9	1	3	20	21	10	0	5	6811230	1810	2357	1241	2216	9263	7013	7501	5032	
DHL	-64800	-64800	0	10	0	2	21	21	9	0	4	6799213	1810	2357	1241	2216	9263	7013	7501	5032	
DHL	-65000	-65000	0	10	0	2	19	20	11	0	4	6787139	1810	2357	1241	2216	9263	7013	7501	5032	
DHL	-65200	-65200	0	9	0	2	20	17	11	0	4	6774957	1810	2357	1241	2216	9263	7013	7501	5032	
DHL	-65400	-65400	1	8	1	2	17	16	9	0	3	6762565	1810	2357	1241	2216	9263	7013	7501	5032	
DHL	-65600	-65600	0	7	1	2	14	19	9	0	5	6751264	1810	2357	1241	2216	9263	7013	7501	5032	
DHL	-65800	-65800	1	6	1	2	11	18	10	0	4	6740311	1810	2357	1241	2216	9263	7013	7501	5032	
DHL	-66000	-66000	1	6	1	1	12	18	9	0	6	6728516	1810	2357	1241	2216	9263	7013	7501	5032	
DHL	-66200	-66200	1	7	1	1	9	21	9	0	7	6716069	1810	2357	1241	2216	9263	7013	7501	5032	
DHL	-66400	-66400	1	5	1	1	7	18	8	0	8	6703487	1810	2357	1241	2216	9263	7013	7501	5032	
DHL	-66600	-66600	2	5	1	0	9	16	8	0	8	6690454	1810	2357	1241	2216	9263	7013	7501	5032	
DHL	-66800	-66800	2	5	2	1	9	18	9	0	6	6678684	1810	2357	1241	2216	9263	7013	7501	5032	
DHL	-67000	-67000	3	5	2	1	9	18	9	0	7	6668184	1810	2357	1241	2216	9263	7013	7501	5032	
DHL	-67200	-67200	3	3	2	3	10	19	11	0	7	6657999	1810	2357	1241	2216	9263	7013	7501	5032	
DHL	-67400	-67400	4	4	3	3	8	18	11	0	5	6647827	1810	2357	1241	2216	9263	7013	7501	5032	
DHL	-67600	-67600	5	4	3	6	6	17	12	0	3	6637835	1810	2357	1241	2216	9263	7013	7501	5032	
DHL	-67800	-67800	5	5	3	9	5	15	12	0	3	6627862	1810	2357	1241	2216	9263	7013	7501	5032	
DHL	-68000	-68000	6	3	3	8	5	13	15	0	4	6617614	1810	2357	1241	2216	9263	7013	7501	5032	
DHL	-68200	-68200	6	2	3	9	4	11	15	0	5	6606602	1810	2357	1241	2216	9263	7013	7501	5032	
DHL	-68400	-68400	6	2	4	8	4	10	18	0	5	6596100	1810	2357	1241	2216	9263	7013	7501	5032	
DHL	-68600	-68600	5	2	5	9	6	12	15	0	5	6585699	1810	2357	1241	2216	9263	7013	7501	5032	
DHL	-68800	-68800	5	2	4	10	7	12	15	0	5	6574688	1810	2357	1241	2216	9263	7013	7501	5032	
DHL	-69000	-69000	5	2	4	10	9	12	16	0	5	6563703	1810	2357	1241	2216	9263	7013	7501	5032	
DHL	-69200	-69200	5	3	3	8	10	11	15	0	2	6553042	1810	2357	1241	2216	9263	7013	7501	5032	
DHL	-69400	-69400	6	4	2	10	11	8	14	0	1	6542490	1810	2357	1241	2216	9263	7013	7501	5032	
DHL	-69600	-69600	5	4	2	8	13	8	14	0	2	6532113	1810	2357	1241	2216	9263	7013	7501	5032	
DHL	-69800	-69800	5	5	2	8	11	8	12	0	1	6520897	1810	2357	1241	2216	9263	7013	7501	5032	
DHL	-70000	-70000	5	5	1	8	10	9	11	0	1	6510595	1810	2357	1241	2216	9263	7013	7501	5032	
DHL	-70200	-70200	5	4	1	7	10	9	13	0	1	6500823	1810	2357	1241	2216	9263	7013	7501	5032	
DHL	-70400	-70400	4	4	2	6	11	9	11	0	2	6491514	1810	2357	1241	2216	9263	7013	7501	5032	
DHL	-70600	-70600	3	5	3	4	13	9	13	0	2	6482259	1810	2357	1241	2216	9263	7013	7501	5032	
DHL	-70800	-70800	3	6	3	4	10	9	13	0	0	6471791	1810	2357	1241	2216	9263	7013	7501	5032	
DHL	-71000	-71000	2	7	3	6	10	11	12	0	0	6461000	1810	2357	1241	2216	9263	7013	7501	5032	
DHL	-71200	-71200	2	6	4	6	5	11	6	0	0	6450613	1810	2357	1241	2216	9263	7013	7501	5032	
DHL	-71400	-71400	3	5	4	6	5	11	8	0	0	6440358	1810	2357	1241	2216	9263	7013	7501	5032	
DHL	-71600	-71600	3	5	4	6	2	13	9	0	1	6429764	1810	2357	1241	2216	9263	7013	7501	5032	
DHL	-71800	-71800	3	7	3	5	2	13	10	0	1	6419509	1810	2357	1241	2216	9263	7013	7501	5032	
DHL	-72000	-72000	3	9	3	5	3	10	9	0	1	6409036	1810	2357	1241	2216	9263	7013	7501	5032	
DHL	-72200	-72200	3	9	2	5	4	12	12	0	3	6398609	1810	2357	1241	2216	9263	7013	7501	5032	
DHL	-72400	-72400	2	10	2	4	5	11	12	0	5	6388538	1810	2357	1241	2216	9263	7013	7501	5032	
DHL	-72600	-72600	2	10	2	4	6	15	10	0	6	6378444	1810	2357	1241	2216	9263	7013	7501	5032	
DHL	-72800	-72800	2	10	1	3	11	17	14	0	6	6369061	1810	2357	1241	2216	9263	7013	7501	5032	
DHL	-73000	-73000	2	11	0	2	12	17	14	0	9	6359133	1810	2357	1241	2216	9263	7013	7501	5032	
DHL	-73200	-73200	3	10	0	4	13	22	13	0	9	6349280	1810	2357	1241	2216	9263	7013	7501	5032	
DHL	-73400	-73400	4	10	0	7	15	22	12	0	11	6339808	1810	2357	1241	2216	9263	7013	7501	5032	
DHL	-73600	-73600	3	8	0	10	14	18	10	0	10	6329356	1810	2357	1241	2216	9263	7013	7501	5032	
DHL	-73800	-73800	3	8	1	9	13	21	8	0	9	6317780	1810	2357	1241	2216	9263	7013	7501	5032	
DHL	-74000	-74000	3	6	1	10	12	20	8	0	6	6305448	1810	2357	1241	2216	9263	7013	7501	5032	
DHL	-74200	-74200	5	7	1	12	11	18	10	0	7	6292906	1810	2357	1241	2216	9263	7013	7501	5032	
DHL	-74400	-74400	5	3	1	12	14	13	8	0	4	6280921	1810	2357	1241	2216	9263	7013	7501	5032	
DHL	-74600	-74600	5	3	2	12	14	10	10	0	2	6268564	1810	2357	1241	2216	9263	7013	7501	5032	
DHL	-74800	-74800	5	2	1	10	15	12	10	0	3	6255570	1810	2357	1241	2216	9263	7013	7501	5032	
DHL	-75000	-75000	3	2	1	9	14	9	9	0	4	6242618	1810	2357	1241	2216	9263	7013	7501	5032	
DHL	-75200	-75200	2	2	1	8	15	9	10	0	4	6229983	1810	2357	1241	2216	9263	7013	7501	5032	
DHL	-75400	-75400	1	1	2	9	11	7	13	0	4	6217379	1810	2357	1241	2216	9263	7013	7501	5032	
DHL	-75600	-75600	1	2	2	7	12	7	11	0	3	6204461	1810	2357	1241	2216	9263	7013	7501	5032	
DHL	-75800	-75800	2	2	2	6	11	8	11	0	3	6192876	1810	2357	1241	2216	9263	7013	7501	5032	
DHL	-76000	-76000	3	2	3	5	9	9	10	0	2	6182289	1810	2357	1241	2216	9263	7013	7501	5032	
DHL	-76200	-76200	3	2	2	4	10	10	11	0	3	6172409	1810	2357	1241	2216	9263	7013	7501	5032	
DHL	-76400	-76400	4	2	2	3	11	9	10	0	3	6162619	1810	2357	1241	2216	9263	7013	7501	5032	
DHL	-76600	-76600	4	2	2	3	13	9	4	0	0	6153822	1810	2357	1241	2216	9263	7013	7501	5032	
DHL	-76800	-76800	5	2	2	4	13	11	4	0	1	6145780	1810	2357	1241	2216	9263	7013	7501	5032	
DHL	-77000	-77000	5	1	2	4	14	11	7	0	2	6136965	1810	2357	1241	2216	9263	7013	7501	5032	
DHL	-77200	-77200	6	3	1	4	13	10	7	0	3	6127561	1810	2357	1241	2216	9263	7013	7501	5032	
DHL	-77400	-77400	8	9	1	4	12	10	9	0	4	6118303	1810	2357	1241	2216	9263	7013	7501	5032	
DHL	-77600	-77600	6	13	1	3	12	9	11	0	4	6109622	1810	2357	1241	2216	9263	7013	7501	5032	
DHL	-77800	-77800	6	12	1	4	11	7	9	0	4	6100503	1810	2357	1241	2216	9263	7013	7501	5032	
DHL	-78000	-78000	6	14	2	4	11	6	8	0	3	6091199	1810	2357	1241	2216	9263	7013	7501	5032	
DHL	-78200	-78200	5	14	2	3	9	5	8	0	3	6082352	1810	2357	1241	2216	9263	7013	7501	5032	
DHL	-78400	-78400	4	13	2	1	9	5	9	0	2	6072284	1810	2357	1241	2216	9263	7013	7501	5032	
DHL	-78600	-78600	6	13	1	2	8	6	8	0	1	6063164	1810	2357	1241	2216	9263	7013	7501	5032	
DHL	-78800	-78800	5	12	1	2	6	7	11	0	0	6054351	1810	2357	1241	2216	9263	7013	7501	5032	
DHL	-79000	-79000	5	4	1	2	7	7	10	0	0	6045736	1810	2357	1241	2216	9263	7013	7501	5032	
DHL	-79200	-79200	5	3	1	2	7	11	11	0	3	6038452	1810	2357	1241	2216	9263	7013	7501	5032	
DHL	-79400	-79400	4	2	1	3	7	14	10	0	4	6030886	1810	2357	1241	2216	9263	7013	7501	5032	
DHL	-79600	-79600	5	1	1	3	5	14	8	0	5	6023045	1810	2357	1241	2216	9263	7013	7501	5032	
DHL	-79800	-79800	4	0	3	3	5	14	7	0	6	6015412	1810	2357	1241	2216	9263	7013	7501	5032	
DHL	-80000	-80000	5	2	3	3	7	11	7	0	8	6008392	1810	2357	1241	2216	9263	7013	7501	5032	
DHL	-80200	-80200	3	2	3	4	10	12	7	0	8	6001197	1810	2357	1241	2216	9263	7013	7501	5032	
DHL	-80400	-80400	3	2	4	2	10	13	9	0	8	5993974	1810	2357	1241	2216	9263	7013	7501	5032	
DHL	-80600	-80600	3	4	4	2	10	11	11	0	6	5985730	1810	2357	1241	2216	9263	7013	7501	5032	
DHL	-80800	-80800	3	5	4	2	10	12	13	0	3	5976783	1810	2357	1241	2216	9263	7013	7501	5032	
DHL	-81000	-81000	3	5	3	2	7	11	11	0	4	5967743	1810	2357	1241	2216	9263	7013	7501	5032	
DHL	-81200	-81200	4	5	4	2	6	11	9	0	3	5959361	1810	2357	1241	2216	9263	7013	7501	5032	
DHL	-81400	-81400	4	6	3	2	11	12	9	0	3	5951430	1810	2357	1241	2216	9263	7013	7501	5032	
DHL	-81600	-81600	3	6	3	2	12	12	11	0	5	5943373	1810	2357	1241	2216	9263	7013	7501	5032	
DHL	-81800	-81800	4	5	3	1	11	13	11	0	5	5934769	1810	2357	1241	2216	9263	7013	7501	5032	
DHL	-82000	-82000	5	4	2	1	9	13	8	0	4	5926001	1810	2357	1241	2216	9263	7013	7501	5032	
DHL	-82200	-82200	4	4	1	1	9	11	12	0	5	5917426	1810	2357	1241	2216	9263	7013	7501	5032	
DHL	-82400	-82400	4	4	0	1	11	9	12	0	5	5909088	1810	2357	1241	2216	9263	7013	7501	5032	
DHL	-82600	-82600	4	6	0	2	12	7	9	0	7	5899752	1810	2357	1241	2216	9263	7013	7501	5032	
DHL	-82800	-82800	3	6	0	2	11	6	10	0	8	5889805	1810	2357	1241	2216	9263	7013	7501	5032	
DHL	-83000	-83000	2	7	0	3	11	6	9	0	6	5879967	1810	2357	1241	2216	9263	7013	7501	5032	
DHL	-83200	-83200	3	8	0	3	10	9	10	0	6	5870028	1810	2357	1241	2216	9263	7013	7501	5032	
DHL	-83400	-83400	3	9	0	3	12	10	10	0	7	5860385	1810	2357	1241	2216	9263	7013	7501	5032	
DHL	-83600	-83600	3	12	1	7	10	10	10	0	5	5851794	1810	2357	1241	2216	9263	7013	7501	5032	
DHL	-83800	-83800	2	14	1	8	8	13	9	0	6	5842873	1810	2357	1241	2216	9263	7013	7501	5032	
DHL	-84000	-84000	3	11	1	8	7	14	14	0	6	5833621	1810	2357	1241	2216	9263	7013	7501	5032	
DHL	-84200	-84200	5	12	1	9	6	13	14	0	9	5824741	1810	2357	1241	2216	9263	7013	7501	5032	
DHL	-84400	-84400	4	9	1	10	8	13	11	0	7	5815481	1810	2357	1241	2216	9263	7013	7501	5032	
DHL	-84600	-84600	3	8	3	10	8	13	12	0	7	5806604	1810	2357	1241	2216	9263	7013	7501	5032	
DHL	-84800	-84800	4	7	3	10	10	14	14	0	6	5798592	1810	2357	1241	2216	9263	7013	7501	5032	
DHL	-85000	-85000	4	7	4	8	10	14	14	0	6	5790604	1810	2357	1241	2216	9263	7013	7501	5032	
DHL	-85200	-85200	7	4	4	7	11	13	13	0	6	5782437	1810	2357	1241	2216	9263	7013	7501	5032	
DHL	-85400	-85400	6	6	4	5	11	16	12	0	4	5774421	1810	2357	1241	2216	9263	7013	7501	5032	
DHL	-85600	-85600	5	9	4	4	11	15	10	0	3	5765732	1810	2357	1241	2216	9263	7013	7501	5032	
DHL	-85800	-85800	5	9	4	4	10	16	13	0	2	5756644	1810	2357	1241	2216	9263	7013	7501	5032	
DHL	-86000	-86000	5	7	2	5	8	15	12	0	4	5747362	1810	2357	1241	2216	9263	7013	7501	5032	
DHL	-86200	-86200	3	8	2	5	9	16	13	0	5	5738264	1810	2357	1241	2216	9263	7013	7501	5032	
DHL	-86400	-86400	3	7	2	4	9	13	11	0	7	5728676	1810	2357	1241	2216	9263	7013	7501	5032	
DHL	-86600	-86600	2	2	2	4	10	13	13	0	9	5719738	1810	2357	1241	2216	9263	7013	7501	5032	
DHL	-86800	-86800	2	2	1	4	10	13	13	0	7	5710869	1810	2357	1241	2216	9263	7013	7501	5032	
DHL	-87000	-87000	2	3	2	4	11	13	11	0	8	5702319	1810	2357	1241	2216	9263	7013	7501	5032	
DHL	-87200	-87200	2	5	2	4	13	10	10	0	8	5694159	1810	2357	1241	2216	9263	7013	7501	5032	
DHL	-87400	-87400	1	7	1	4	13	11	9	0	8	5686188	1810	2357	1241	2216	9263	7013	7501	5032	
DHL	-87600	-87600	1	6	1	2	14	12	8	0	9	5677188	1810	2357	1241	2216	9263	7013	7501	5032	
DHL	-87800	-87800	1	6	0	3	14	14	11	0	8	5667793	1810	2357	1241	2216	9263	7013	7501	5032	
DHL	-88000	-88000	1	3	0	3	14	13	9	0	7	5658878	1810	2357	1241	2216	9263	7013	7501	5032	
DHL	-88200	-88200	1	3	0	2	12	13	8	0	7	5650578	1810	2357	1241	2216	9263	7013	7501	5032	
DHL	-88400	-88400	1	3	1	2	10	14	9	0	6	5642347	1810	2357	1241	2216	9263	7013	7501	5032	
DHL	-88600	-88600	1	2	1	3	11	13	10	0	7	5634629	1810	2357	1241	2216	9263	7013	7501	5032	
DHL	-88800	-88800	2	1	1	3	7	11	7	0	8	5627064	1810	2357	1241	2216	9263	7013	7501	5032	
DHL	-89000	-89000	2	2	2	4	7	15	7	0	9	5619503	1810	2357	1241	2216	9263	7013	7501	5032	
DHL	-89200	-89200	3	1	2	5	4	14	9	0	10	5611038	1810	2357	1241	2216	9263	7013	7501	5032	
DHL	-89400	-89400	2	2	2	5	4	12	11	0	10	5602147	1810	2357	1241	2216	9263	7013	7501	5032	
DHL	-89600	-89600	2	4	2	3	4	11	12	0	10	5593391	1810	2357	1241	2216	9263	7013	7501	5032	
DHL	-89800	-89800	1	4	2	3	4	11	14	0	10	5584934	1810	2357	1241	2216	9263	7013	7501	5032	
DHL	-90000	-90000	1	3	2	2	5	12	14	0	11	5576562	1810	2357	1241	2216	9263	7013	7501	5032	
DHL	-90200	-90200	1	3	1	2	4	9	15	0	10	5568574	1810	2357	1241	2216	9263	7013	7501	5032	
DHL	-90400	-90400	2	4	1	2	5	14	14	0	8	5561050	1810	2357	1241	2216	9263	7013	7501	5032	
DHL	-90600	-90600	2	4	2	1	6	15	15	0	9	5553873	1810	2357	1241	2216	9263	7013	7501	5032	
DHL	-90800	-90800	1	3	2	1	7	14	13	0	10	5547242	1810	2357	1241	2216	9263	7013	7501	5032	
DHL	-91000	-91000	2	3	2	1	6	10	12	0	10	5540547	1810	2357	1241	2216	9263	7013	7501	5032	
DHL	-91200	-91200	2	6	1	1	6	9	12	0	8	5534045	1810	2357	1241	2216	9263	7013	7501	5032	
DHL	-91400	-91400	2	7	1	1	6	8	12	0	7	5527237	1810	2357	1241	2216	9263	7013	7501	5032	
DHL	-91600	-91600	2	9	1	2	5	7	12	0	8	5520692	1810	2357	1241	2216	9263	7013	7501	5032	
DHL	-91800	-91800	3	5	1	3	4	9	8	0	8	5514388	1810	2357	1241	2216	9263	7013	7501	5032	
DHL	-92000	-92000	3	6	1	3	4	8	7	0	6	5507476	1810	2357	1241	2216	9263	7013	7501	5032	
DHL	-92200	-92200	4	4	2	4	5	8	6	0	6	5499932	1810	2357	1241	2216	9263	7013	7501	5032	
DHL	-92400	-92400	4	4	3	4	6	8	8	0	7	5492577	1810	2357	1241	2216	9263	7013	7501	5032	
DHL	-92600	-92600	4	4	2	4	7	9	7	0	7	5485229	1810	2357	1241	2216	9263	7013	7501	5032	
DHL	-92800	-92800	4	4	3	4	7	11	6	0	4	5477838	1810	2357	1241	2216	9263	7013	7501	5032	
DHL	-93000	-93000	4	4	4	3	11	10	8	0	4	5469595	1810	2357	1241	2216	9263	7013	7501	5032	
DHL	-93200	-93200	4	4	4	4	12	10	8	0	3	5460537	1810	2357	1241	2216	9263	7013	7501	5032	
DHL	-93400	-93400	3	4	3	5	13	12	11	0	2	5451426	1810	2357	1241	2216	9263	7013	7501	5032	
DHL	-93600	-93600	2	3	2	5	13	12	10	0	3	5442886	1810	2357	1241	2216	9263	7013	7501	5032	
DHL	-93800	-93800	1	3	1	5	13	8	13	0	5	5434061	1810	2357	1241	2216	9263	7013	7501	5032	
DHL	-94000	-94000	1	4	1	5	13	4	10	0	5	5426600	1810	2357	1241	2216	9263	7013	7501	5032	
DHL	-94200	-94200	1	4	2	5	15	4	9	0	4	5419192	1810	2357	1241	2216	9263	7013	7501	5032	
DHL	-94400	-94400	1	4	2	4	14	3	9	0	3	5411001	1810	2357	1241	2216	9263	7013	7501	5032	
DHL	-94600	-94600	1	3	1	4	14	4	12	0	3	5402294	1810	2357	1241	2216	9263	7013	7501	5032	
DHL	-94800	-94800	4	2	0	3	19	8	10	0	3	5393551	1810	2357	1241	2216	9263	7013	7501	5032	
DHL	-95000	-95000	4	2	0	3	19	13	10	0	4	5384100	1810	2357	1241	2216	9263	7013	7501	5032	
DHL	-95200	-95200	4	3	0	4	23	12	13	0	4	5374464	1810	2357	1241	2216	9263	7013	7501	5032	
DHL	-95400	-95400	4	3	0	4	25	10	15	0	4	5364198	1810	2357	1241	2216	9263	7013	7501	5032	
DHL	-95600	-95600	2	3	1	5	27	10	17	0	5	5354056	1810	2357	1241	2216	9263	7013	7501	5032	
DHL	-95800	-95800	3	4	1	5	28	10	16	0	5	5344269	1810	2357	1241	2216	9263	7013	7501	5032	
DHL	-96000	-96000	2	2	2	5	27	10	13	0	5	5334638	1810	2357	1241	2216	9263	7013	7501	5032	
DHL	-96200	-96200	2	3	3	5	23	9	12	0	4	5325273	1810	2357	1241	2216	9263	7013	7501	5032	
DHL	-96400	-96400	2	3	3	4	23	9	16	0	4	5315600	1810	2357	1241	2216	9263	7013	7501	5032	
DHL	-96600	-96600	3	3	2	4	22	8	13	0	3	5306438	1810	2357	1241	2216	9263	7013	7501	5032	
DHL	-96800	-96800	3	1	2	4	23	6	13	0	3	5296979	1810	2357	1241	2216	9263	7013	7501	5032	
DHL	-97000	-97000	1	2	2	2	20	6	13	0	3	5287153	1810	2357	1241	2216	9263	7013	7501	5032	
DHL	-97200	-97200	1	2	1	2	20	8	13	0	3	5278211	1810	2357	1241	2216	9263	7013	7501	5032	
DHL	-97400	-97400	1	2	1	2	18	10	15	0	3	5270255	1810	2357	1241	2216	9263	7013	7501	5032	
DHL	-97600	-97600	0	3	1	2	19	10	18	0	4	5261710	1810	2357	1241	2216	9263	7013	7501	5032	
DHL	-97800	-97800	0	4	1	2	16	10	20	0	5	5252184	1810	2357	1241	2216	9263	7013	7501	5032	
DHL	-98000	-98000	0	3	0	2	14	10	23	0	4	5242804	1810	2357	1241	2216	9263	7013	7501	5032	
DHL	-98200	-98200	0	4	0	2	16	11	23	0	4	5234495	1810	2357	1241	2216	9263	7013	7501	5032	
DHL	-98400	-98400	0	3	1	1	14	13	22	0	4	5226018	1810	2357	1241	2216	9263	7013	7501	5032	
DHL	-98600	-98600	0	2	1	1	11	15	19	0	6	5217698	1810	2357	1241	2216	9263	7013	7501	5032	
DHL	-98800	-98800	0	1	3	1	8	11	18	0	5	5209824	1810	2357	1241	2216	9263	7013	7501	5032	
DHL	-99000	-99000	0	1	4	2	7	10	14	0	6	5202818	1810	2357	1241	2216	9263	7013	7501	5032	
DHL	-99200	-99200	0	0	4	2	4	7	13	0	6	5196991	1810	2357	1241	2216	9263	7013	7501	5032	
DHL	-99400	-99400	0	1	4	2	6	8	10	0	5	5191022	1810	2357	1241	2216	9263	7013	7501	5032	
DHL	-99600	-99600	1	1	2	3	4	10	12	0	6	5185054	1810	2357	1241	2216	9263	7013	7501	5032	
DHL	-99800	-99800	2	1	1	4	3	10	12	0	5	5178997	1810	2357	1241	2216	9263	7013	7501	5032	
DHL	-100000	-100000	2	2	1	4	2	9	12	0	4	5173356	1810	2357	1241	2216	9263	7013	7501	5032	
