FL	0	0	27	36	2	34	45	10	18	133	5	24225789	6075	4775	148	1925	4244	4632	2536	13292	512	
FL	200	200	25	38	2	37	39	10	18	134	4	24116690	6075	4775	148	1925	4244	4632	2536	13292	512	
FL	400	400	27	38	2	37	38	9	20	125	3	23832759	6075	4775	148	1925	4244	4632	2536	13292	512	
FL	600	600	27	34	2	40	36	12	20	130	4	23481734	6075	4775	148	1925	4244	4632	2536	13292	512	
FL	800	800	29	36	2	44	35	12	20	130	4	23079885	6075	4775	148	1925	4244	4632	2536	13292	512	
FL	1000	1000	30	41	2	42	35	11	21	124	5	22625405	6075	4775	148	1925	4244	4632	2536	13292	512	
FL	1200	1200	30	39	3	41	38	15	20	118	4	22134529	6075	4775	148	1925	4244	4632	2536	13292	512	
FL	1400	1400	33	39	3	39	31	17	18	120	5	21623206	6075	4775	148	1925	4244	4632	2536	13292	512	
FL	1600	1600	34	38	2	40	27	20	17	122	5	21107789	6075	4775	148	1925	4244	4632	2536	13292	512	
FL	1800	1800	31	37	2	42	28	20	13	118	5	20608170	6075	4775	148	1925	4244	4632	2536	13292	512	
FL	2000	2000	29	38	2	41	26	20	14	111	5	20118171	6075	4775	148	1925	4244	4632	2536	13292	512	
FL	2200	2200	26	38	2	37	24	22	12	112	5	19644585	6075	4775	148	1925	4244	4632	2536	13292	512	
FL	2400	2400	28	38	3	34	22	25	13	109	5	19195523	6075	4775	148	1925	4244	4632	2536	13292	512	
FL	2600	2600	27	37	2	32	22	26	13	115	4	18770707	6075	4775	148	1925	4244	4632	2536	13292	512	
FL	2800	2800	34	38	2	35	23	28	13	106	3	18369593	6075	4775	148	1925	4244	4632	2536	13292	512	
FL	3000	3000	32	38	2	37	23	27	13	100	3	17986869	6075	4775	148	1925	4244	4632	2536	13292	512	
FL	3200	3200	31	39	2	35	24	29	13	91	3	17621612	6075	4775	148	1925	4244	4632	2536	13292	512	
FL	3400	3400	34	33	2	34	24	30	12	84	3	17275792	6075	4775	148	1925	4244	4632	2536	13292	512	
FL	3600	3600	29	33	2	36	26	29	12	92	3	16942007	6075	4775	148	1925	4244	4632	2536	13292	512	
FL	3800	3800	30	31	2	31	22	25	12	89	3	16619565	6075	4775	148	1925	4244	4632	2536	13292	512	
FL	4000	4000	28	29	2	30	22	25	12	91	2	16309487	6075	4775	148	1925	4244	4632	2536	13292	512	
FL	4200	4200	30	28	1	32	25	21	11	81	2	16013405	6075	4775	148	1925	4244	4632	2536	13292	512	
FL	4400	4400	35	27	1	32	27	20	12	86	1	15729240	6075	4775	148	1925	4244	4632	2536	13292	512	
FL	4600	4600	39	24	0	33	27	20	11	82	1	15458351	6075	4775	148	1925	4244	4632	2536	13292	512	
FL	4800	4800	37	27	0	32	23	21	12	83	1	15200505	6075	4775	148	1925	4244	4632	2536	13292	512	
FL	5000	5000	35	25	1	30	20	18	13	82	1	14948103	6075	4775	148	1925	4244	4632	2536	13292	512	
FL	5200	5200	33	24	1	29	19	21	11	74	1	14703852	6075	4775	148	1925	4244	4632	2536	13292	512	
FL	5400	5400	28	25	1	30	17	20	9	66	2	14470195	6075	4775	148	1925	4244	4632	2536	13292	512	
FL	5600	5600	31	27	1	30	18	16	9	69	2	14244843	6075	4775	148	1925	4244	4632	2536	13292	512	
FL	5800	5800	25	25	1	35	17	21	9	64	2	14027879	6075	4775	148	1925	4244	4632	2536	13292	512	
FL	6000	6000	21	23	0	39	17	22	11	69	2	13818276	6075	4775	148	1925	4244	4632	2536	13292	512	
FL	6200	6200	20	23	0	36	20	19	10	72	3	13616580	6075	4775	148	1925	4244	4632	2536	13292	512	
FL	6400	6400	21	22	0	35	20	21	8	70	4	13420455	6075	4775	148	1925	4244	4632	2536	13292	512	
FL	6600	6600	22	22	0	28	17	23	7	62	3	13230290	6075	4775	148	1925	4244	4632	2536	13292	512	
FL	6800	6800	21	24	0	32	18	24	8	67	3	13047960	6075	4775	148	1925	4244	4632	2536	13292	512	
FL	7000	7000	18	26	0	29	17	22	8	63	4	12872527	6075	4775	148	1925	4244	4632	2536	13292	512	
FL	7200	7200	20	24	0	28	16	23	8	67	4	12704462	6075	4775	148	1925	4244	4632	2536	13292	512	
FL	7400	7400	22	24	0	30	17	21	8	68	4	12544145	6075	4775	148	1925	4244	4632	2536	13292	512	
FL	7600	7600	18	25	0	30	18	15	9	67	2	12387520	6075	4775	148	1925	4244	4632	2536	13292	512	
FL	7800	7800	16	24	0	30	16	14	8	65	2	12234706	6075	4775	148	1925	4244	4632	2536	13292	512	
FL	8000	8000	18	20	2	28	17	15	8	61	2	12087109	6075	4775	148	1925	4244	4632	2536	13292	512	
FL	8200	8200	19	21	3	27	19	14	8	57	1	11941904	6075	4775	148	1925	4244	4632	2536	13292	512	
FL	8400	8400	22	21	3	28	18	14	9	55	1	11799625	6075	4775	148	1925	4244	4632	2536	13292	512	
FL	8600	8600	22	24	3	28	20	13	10	61	1	11659945	6075	4775	148	1925	4244	4632	2536	13292	512	
FL	8800	8800	23	25	4	28	20	13	9	59	1	11524509	6075	4775	148	1925	4244	4632	2536	13292	512	
FL	9000	9000	21	23	3	22	20	13	7	56	2	11391918	6075	4775	148	1925	4244	4632	2536	13292	512	
FL	9200	9200	26	26	3	22	18	15	7	56	2	11265286	6075	4775	148	1925	4244	4632	2536	13292	512	
FL	9400	9400	23	23	3	21	17	16	9	54	3	11140078	6075	4775	148	1925	4244	4632	2536	13292	512	
FL	9600	9600	25	22	0	15	15	17	8	48	3	11017280	6075	4775	148	1925	4244	4632	2536	13292	512	
FL	9800	9800	26	23	0	15	12	18	6	47	2	10899397	6075	4775	148	1925	4244	4632	2536	13292	512	
FL	10000	10000	24	21	0	12	11	15	7	40	2	10782878	6075	4775	148	1925	4244	4632	2536	13292	512	
FL	10200	10200	25	25	0	14	12	15	5	36	2	10670608	6075	4775	148	1925	4244	4632	2536	13292	512	
FL	10400	10400	27	21	0	13	9	14	8	41	1	10561197	6075	4775	148	1925	4244	4632	2536	13292	512	
FL	10600	10600	26	20	0	12	8	14	11	37	1	10455186	6075	4775	148	1925	4244	4632	2536	13292	512	
FL	10800	10800	25	17	0	12	9	12	12	37	1	10351280	6075	4775	148	1925	4244	4632	2536	13292	512	
FL	11000	11000	25	13	0	12	9	12	11	33	1	10248705	6075	4775	148	1925	4244	4632	2536	13292	512	
FL	11200	11200	25	12	0	12	12	9	11	35	1	10151136	6075	4775	148	1925	4244	4632	2536	13292	512	
FL	11400	11400	25	13	0	10	11	9	9	33	1	10054548	6075	4775	148	1925	4244	4632	2536	13292	512	
FL	11600	11600	25	13	0	9	13	11	11	32	1	9959060	6075	4775	148	1925	4244	4632	2536	13292	512	
FL	11800	11800	27	14	0	9	12	10	11	38	2	9863131	6075	4775	148	1925	4244	4632	2536	13292	512	
FL	12000	12000	27	15	0	9	12	7	9	34	2	9765205	6075	4775	148	1925	4244	4632	2536	13292	512	
FL	12200	12200	22	16	0	9	11	11	8	35	2	9671404	6075	4775	148	1925	4244	4632	2536	13292	512	
FL	12400	12400	20	17	0	9	11	13	11	36	2	9581691	6075	4775	148	1925	4244	4632	2536	13292	512	
FL	12600	12600	17	17	0	8	9	14	11	36	4	9496460	6075	4775	148	1925	4244	4632	2536	13292	512	
FL	12800	12800	18	16	0	7	11	14	9	40	5	9414957	6075	4775	148	1925	4244	4632	2536	13292	512	
FL	13000	13000	18	15	0	7	10	20	12	40	6	9335606	6075	4775	148	1925	4244	4632	2536	13292	512	
FL	13200	13200	16	13	0	7	10	19	14	38	5	9258281	6075	4775	148	1925	4244	4632	2536	13292	512	
FL	13400	13400	15	12	0	7	10	19	15	38	4	9183943	6075	4775	148	1925	4244	4632	2536	13292	512	
FL	13600	13600	17	12	0	6	9	17	12	36	4	9112829	6075	4775	148	1925	4244	4632	2536	13292	512	
FL	13800	13800	16	9	0	7	7	18	12	34	3	9044771	6075	4775	148	1925	4244	4632	2536	13292	512	
FL	14000	14000	19	9	0	8	8	17	12	30	3	8976973	6075	4775	148	1925	4244	4632	2536	13292	512	
FL	14200	14200	21	9	0	8	8	16	12	31	4	8908268	6075	4775	148	1925	4244	4632	2536	13292	512	
FL	14400	14400	17	9	0	9	10	11	11	38	4	8840998	6075	4775	148	1925	4244	4632	2536	13292	512	
FL	14600	14600	19	10	0	7	12	12	11	43	3	8773509	6075	4775	148	1925	4244	4632	2536	13292	512	
FL	14800	14800	21	9	0	8	10	13	9	42	3	8705591	6075	4775	148	1925	4244	4632	2536	13292	512	
FL	15000	15000	24	10	0	9	10	14	11	45	2	8638093	6075	4775	148	1925	4244	4632	2536	13292	512	
FL	15200	15200	25	10	0	9	9	11	10	45	2	8570047	6075	4775	148	1925	4244	4632	2536	13292	512	
FL	15400	15400	26	8	0	7	8	11	10	37	0	8502213	6075	4775	148	1925	4244	4632	2536	13292	512	
FL	15600	15600	26	8	0	7	6	11	10	37	0	8437382	6075	4775	148	1925	4244	4632	2536	13292	512	
FL	15800	15800	26	7	0	7	6	10	11	28	0	8375202	6075	4775	148	1925	4244	4632	2536	13292	512	
FL	16000	16000	21	8	0	8	6	12	12	23	0	8312751	6075	4775	148	1925	4244	4632	2536	13292	512	
FL	16200	16200	23	11	0	9	9	15	12	21	0	8251708	6075	4775	148	1925	4244	4632	2536	13292	512	
FL	16400	16400	20	10	0	10	12	13	12	26	1	8192942	6075	4775	148	1925	4244	4632	2536	13292	512	
FL	16600	16600	22	6	0	11	10	18	13	31	1	8135569	6075	4775	148	1925	4244	4632	2536	13292	512	
FL	16800	16800	24	4	0	10	9	17	9	28	1	8078973	6075	4775	148	1925	4244	4632	2536	13292	512	
FL	17000	17000	26	3	0	9	11	16	6	29	1	8022606	6075	4775	148	1925	4244	4632	2536	13292	512	
FL	17200	17200	26	3	0	9	11	17	5	28	1	7965588	6075	4775	148	1925	4244	4632	2536	13292	512	
FL	17400	17400	24	6	0	8	10	19	4	35	1	7909424	6075	4775	148	1925	4244	4632	2536	13292	512	
FL	17600	17600	18	6	0	6	9	15	2	36	1	7854678	6075	4775	148	1925	4244	4632	2536	13292	512	
FL	17800	17800	18	6	0	4	8	13	3	41	0	7801013	6075	4775	148	1925	4244	4632	2536	13292	512	
FL	18000	18000	17	6	0	4	8	13	4	41	0	7747599	6075	4775	148	1925	4244	4632	2536	13292	512	
FL	18200	18200	17	8	0	5	9	13	4	48	0	7695257	6075	4775	148	1925	4244	4632	2536	13292	512	
FL	18400	18400	18	9	0	5	10	13	5	46	0	7645439	6075	4775	148	1925	4244	4632	2536	13292	512	
FL	18600	18600	18	9	0	5	11	14	3	46	0	7596944	6075	4775	148	1925	4244	4632	2536	13292	512	
FL	18800	18800	14	11	0	4	10	13	3	40	0	7550263	6075	4775	148	1925	4244	4632	2536	13292	512	
FL	19000	19000	13	12	0	4	11	13	5	39	0	7503954	6075	4775	148	1925	4244	4632	2536	13292	512	
FL	19200	19200	13	10	0	4	11	11	6	34	0	7456391	6075	4775	148	1925	4244	4632	2536	13292	512	
FL	19400	19400	14	9	0	2	13	12	8	31	0	7409782	6075	4775	148	1925	4244	4632	2536	13292	512	
FL	19600	19600	15	12	0	2	15	12	7	27	0	7363479	6075	4775	148	1925	4244	4632	2536	13292	512	
FL	19800	19800	14	13	0	1	15	13	3	27	1	7318168	6075	4775	148	1925	4244	4632	2536	13292	512	
FL	20000	20000	20	12	0	2	14	11	2	28	1	7274562	6075	4775	148	1925	4244	4632	2536	13292	512	
FL	20200	20200	22	11	0	2	12	10	2	26	1	7230417	6075	4775	148	1925	4244	4632	2536	13292	512	
FL	20400	20400	25	10	0	2	9	11	2	29	2	7186783	6075	4775	148	1925	4244	4632	2536	13292	512	
FL	20600	20600	25	11	0	2	10	10	2	31	1	7144517	6075	4775	148	1925	4244	4632	2536	13292	512	
FL	20800	20800	21	12	0	3	10	9	3	32	1	7104404	6075	4775	148	1925	4244	4632	2536	13292	512	
FL	21000	21000	20	13	0	3	9	9	3	28	1	7065508	6075	4775	148	1925	4244	4632	2536	13292	512	
FL	21200	21200	18	14	0	3	8	11	3	28	1	7027854	6075	4775	148	1925	4244	4632	2536	13292	512	
FL	21400	21400	17	13	0	1	7	14	3	26	1	6990071	6075	4775	148	1925	4244	4632	2536	13292	512	
FL	21600	21600	18	11	0	1	6	12	3	26	1	6953378	6075	4775	148	1925	4244	4632	2536	13292	512	
FL	21800	21800	16	11	0	2	6	16	3	23	1	6918384	6075	4775	148	1925	4244	4632	2536	13292	512	
FL	22000	22000	15	10	0	2	5	15	3	23	0	6884220	6075	4775	148	1925	4244	4632	2536	13292	512	
FL	22200	22200	12	13	1	3	6	14	4	23	1	6851820	6075	4775	148	1925	4244	4632	2536	13292	512	
FL	22400	22400	15	12	1	3	6	15	5	28	1	6819000	6075	4775	148	1925	4244	4632	2536	13292	512	
FL	22600	22600	16	11	2	3	6	13	5	27	1	6786175	6075	4775	148	1925	4244	4632	2536	13292	512	
FL	22800	22800	17	8	2	2	7	14	4	27	1	6755000	6075	4775	148	1925	4244	4632	2536	13292	512	
FL	23000	23000	17	8	2	2	7	14	5	33	1	6725558	6075	4775	148	1925	4244	4632	2536	13292	512	
FL	23200	23200	13	8	2	2	7	12	7	39	2	6695774	6075	4775	148	1925	4244	4632	2536	13292	512	
FL	23400	23400	12	7	2	2	6	14	7	43	2	6666300	6075	4775	148	1925	4244	4632	2536	13292	512	
FL	23600	23600	11	8	2	2	3	15	7	38	2	6637871	6075	4775	148	1925	4244	4632	2536	13292	512	
FL	23800	23800	10	8	2	2	3	12	6	37	2	6610884	6075	4775	148	1925	4244	4632	2536	13292	512	
FL	24000	24000	10	10	1	1	3	12	7	42	2	6583300	6075	4775	148	1925	4244	4632	2536	13292	512	
FL	24200	24200	11	11	1	1	4	14	6	41	2	6554571	6075	4775	148	1925	4244	4632	2536	13292	512	
FL	24400	24400	15	10	1	1	5	15	7	43	2	6524919	6075	4775	148	1925	4244	4632	2536	13292	512	
FL	24600	24600	15	7	1	0	6	17	6	41	2	6494797	6075	4775	148	1925	4244	4632	2536	13292	512	
FL	24800	24800	15	10	1	1	7	16	4	37	3	6464003	6075	4775	148	1925	4244	4632	2536	13292	512	
FL	25000	25000	16	9	1	1	9	16	7	40	4	6434362	6075	4775	148	1925	4244	4632	2536	13292	512	
FL	25200	25200	16	7	1	2	8	16	7	38	5	6405199	6075	4775	148	1925	4244	4632	2536	13292	512	
FL	25400	25400	17	6	1	2	8	13	8	34	4	6376301	6075	4775	148	1925	4244	4632	2536	13292	512	
FL	25600	25600	21	8	1	3	9	12	9	36	4	6347588	6075	4775	148	1925	4244	4632	2536	13292	512	
FL	25800	25800	20	11	1	3	9	14	7	34	4	6318843	6075	4775	148	1925	4244	4632	2536	13292	512	
FL	26000	26000	19	12	2	3	14	16	8	30	4	6289654	6075	4775	148	1925	4244	4632	2536	13292	512	
FL	26200	26200	18	11	3	3	13	12	6	34	3	6261113	6075	4775	148	1925	4244	4632	2536	13292	512	
FL	26400	26400	18	10	3	3	15	13	5	39	2	6232934	6075	4775	148	1925	4244	4632	2536	13292	512	
FL	26600	26600	19	11	3	2	16	14	5	35	2	6204740	6075	4775	148	1925	4244	4632	2536	13292	512	
FL	26800	26800	14	9	2	2	15	12	5	33	2	6176887	6075	4775	148	1925	4244	4632	2536	13292	512	
FL	27000	27000	13	8	2	2	12	8	5	29	2	6147973	6075	4775	148	1925	4244	4632	2536	13292	512	
FL	27200	27200	15	9	2	2	9	4	5	24	1	6118929	6075	4775	148	1925	4244	4632	2536	13292	512	
FL	27400	27400	14	10	1	3	8	5	5	26	0	6091714	6075	4775	148	1925	4244	4632	2536	13292	512	
FL	27600	27600	15	10	1	3	7	9	7	23	0	6066476	6075	4775	148	1925	4244	4632	2536	13292	512	
FL	27800	27800	21	10	0	4	6	10	8	21	0	6041595	6075	4775	148	1925	4244	4632	2536	13292	512	
FL	28000	28000	19	12	0	6	6	8	8	25	0	6017302	6075	4775	148	1925	4244	4632	2536	13292	512	
FL	28200	28200	18	12	0	6	6	11	8	25	0	5993793	6075	4775	148	1925	4244	4632	2536	13292	512	
FL	28400	28400	21	11	0	6	7	13	7	26	0	5972405	6075	4775	148	1925	4244	4632	2536	13292	512	
FL	28600	28600	21	11	0	5	5	16	7	26	0	5951691	6075	4775	148	1925	4244	4632	2536	13292	512	
FL	28800	28800	18	9	0	5	6	16	7	26	0	5930953	6075	4775	148	1925	4244	4632	2536	13292	512	
FL	29000	29000	14	10	0	5	6	15	8	27	0	5910129	6075	4775	148	1925	4244	4632	2536	13292	512	
FL	29200	29200	14	11	0	3	7	15	7	23	0	5888253	6075	4775	148	1925	4244	4632	2536	13292	512	
FL	29400	29400	13	13	0	3	7	13	8	20	0	5866219	6075	4775	148	1925	4244	4632	2536	13292	512	
FL	29600	29600	16	14	0	3	9	11	7	24	0	5845015	6075	4775	148	1925	4244	4632	2536	13292	512	
FL	29800	29800	19	15	0	4	9	11	7	24	0	5823739	6075	4775	148	1925	4244	4632	2536	13292	512	
FL	30000	30000	17	13	0	4	6	12	9	22	1	5802522	6075	4775	148	1925	4244	4632	2536	13292	512	
FL	30200	30200	18	10	0	5	4	14	7	22	1	5781196	6075	4775	148	1925	4244	4632	2536	13292	512	
FL	30400	30400	13	12	0	5	3	15	6	20	1	5760268	6075	4775	148	1925	4244	4632	2536	13292	512	
FL	30600	30600	11	10	0	3	4	17	4	22	1	5739584	6075	4775	148	1925	4244	4632	2536	13292	512	
FL	30800	30800	10	10	0	3	4	17	3	23	2	5720361	6075	4775	148	1925	4244	4632	2536	13292	512	
FL	31000	31000	6	8	0	2	5	16	4	28	2	5701083	6075	4775	148	1925	4244	4632	2536	13292	512	
FL	31200	31200	4	9	0	2	7	14	5	34	1	5683058	6075	4775	148	1925	4244	4632	2536	13292	512	
FL	31400	31400	4	7	0	2	5	11	5	40	1	5666098	6075	4775	148	1925	4244	4632	2536	13292	512	
FL	31600	31600	6	7	0	3	6	9	4	39	1	5648498	6075	4775	148	1925	4244	4632	2536	13292	512	
FL	31800	31800	9	8	0	3	6	9	3	40	1	5629427	6075	4775	148	1925	4244	4632	2536	13292	512	
FL	32000	32000	7	9	0	4	6	9	3	37	1	5610315	6075	4775	148	1925	4244	4632	2536	13292	512	
FL	32200	32200	8	9	0	4	7	11	0	31	0	5589967	6075	4775	148	1925	4244	4632	2536	13292	512	
FL	32400	32400	8	8	0	4	6	10	0	27	0	5569266	6075	4775	148	1925	4244	4632	2536	13292	512	
FL	32600	32600	9	9	0	4	7	11	3	26	0	5547941	6075	4775	148	1925	4244	4632	2536	13292	512	
FL	32800	32800	6	8	0	4	8	10	3	23	0	5525752	6075	4775	148	1925	4244	4632	2536	13292	512	
FL	33000	33000	6	8	0	4	8	9	3	18	1	5502693	6075	4775	148	1925	4244	4632	2536	13292	512	
FL	33200	33200	7	8	0	2	9	8	3	15	1	5480073	6075	4775	148	1925	4244	4632	2536	13292	512	
FL	33400	33400	8	9	0	2	7	10	4	16	1	5458443	6075	4775	148	1925	4244	4632	2536	13292	512	
FL	33600	33600	9	8	0	2	6	9	3	14	1	5437107	6075	4775	148	1925	4244	4632	2536	13292	512	
FL	33800	33800	10	10	0	4	6	8	2	14	1	5416629	6075	4775	148	1925	4244	4632	2536	13292	512	
FL	34000	34000	13	9	0	4	9	7	1	19	1	5397662	6075	4775	148	1925	4244	4632	2536	13292	512	
FL	34200	34200	13	8	0	4	8	8	2	24	0	5379467	6075	4775	148	1925	4244	4632	2536	13292	512	
FL	34400	34400	11	7	0	5	9	8	3	29	0	5361765	6075	4775	148	1925	4244	4632	2536	13292	512	
FL	34600	34600	14	7	0	5	7	9	6	28	0	5345790	6075	4775	148	1925	4244	4632	2536	13292	512	
FL	34800	34800	13	6	0	5	8	8	6	26	0	5329861	6075	4775	148	1925	4244	4632	2536	13292	512	
FL	35000	35000	13	6	0	5	6	8	5	26	0	5314284	6075	4775	148	1925	4244	4632	2536	13292	512	
FL	35200	35200	12	5	0	4	6	7	6	27	1	5299109	6075	4775	148	1925	4244	4632	2536	13292	512	
FL	35400	35400	15	5	1	4	7	9	6	25	1	5283447	6075	4775	148	1925	4244	4632	2536	13292	512	
FL	35600	35600	15	4	1	3	10	9	7	21	2	5267996	6075	4775	148	1925	4244	4632	2536	13292	512	
FL	35800	35800	15	4	1	2	10	9	7	24	2	5252708	6075	4775	148	1925	4244	4632	2536	13292	512	
FL	36000	36000	15	5	1	2	9	8	7	23	1	5236978	6075	4775	148	1925	4244	4632	2536	13292	512	
FL	36200	36200	14	7	1	0	9	6	8	25	1	5220502	6075	4775	148	1925	4244	4632	2536	13292	512	
FL	36400	36400	17	8	1	1	10	5	7	26	1	5203417	6075	4775	148	1925	4244	4632	2536	13292	512	
FL	36600	36600	15	10	1	5	10	4	5	22	1	5186781	6075	4775	148	1925	4244	4632	2536	13292	512	
FL	36800	36800	14	7	0	5	10	3	3	20	2	5169493	6075	4775	148	1925	4244	4632	2536	13292	512	
FL	37000	37000	13	7	0	3	7	3	3	19	2	5152284	6075	4775	148	1925	4244	4632	2536	13292	512	
FL	37200	37200	12	7	0	4	7	3	3	20	2	5136062	6075	4775	148	1925	4244	4632	2536	13292	512	
FL	37400	37400	11	6	0	4	7	3	4	22	1	5121182	6075	4775	148	1925	4244	4632	2536	13292	512	
FL	37600	37600	12	6	0	5	8	4	4	26	2	5106856	6075	4775	148	1925	4244	4632	2536	13292	512	
FL	37800	37800	12	5	0	5	8	3	6	28	2	5092515	6075	4775	148	1925	4244	4632	2536	13292	512	
FL	38000	38000	14	3	1	5	5	4	6	32	2	5077692	6075	4775	148	1925	4244	4632	2536	13292	512	
FL	38200	38200	15	6	1	4	6	4	5	31	2	5062383	6075	4775	148	1925	4244	4632	2536	13292	512	
FL	38400	38400	13	6	0	3	6	5	5	31	1	5047676	6075	4775	148	1925	4244	4632	2536	13292	512	
FL	38600	38600	10	6	0	3	5	5	3	24	0	5034088	6075	4775	148	1925	4244	4632	2536	13292	512	
FL	38800	38800	6	7	0	3	6	6	3	24	0	5020127	6075	4775	148	1925	4244	4632	2536	13292	512	
FL	39000	39000	7	6	0	3	6	6	3	21	0	5006015	6075	4775	148	1925	4244	4632	2536	13292	512	
FL	39200	39200	9	7	0	2	5	7	3	24	0	4991657	6075	4775	148	1925	4244	4632	2536	13292	512	
FL	39400	39400	11	5	0	1	6	7	2	27	0	4977358	6075	4775	148	1925	4244	4632	2536	13292	512	
FL	39600	39600	15	4	0	1	6	8	3	24	0	4964674	6075	4775	148	1925	4244	4632	2536	13292	512	
FL	39800	39800	13	4	0	2	6	9	3	26	0	4951590	6075	4775	148	1925	4244	4632	2536	13292	512	
FL	40000	40000	12	4	0	2	6	9	2	26	0	4938818	6075	4775	148	1925	4244	4632	2536	13292	512	
FL	40200	40200	11	5	0	2	7	6	3	27	0	4926265	6075	4775	148	1925	4244	4632	2536	13292	512	
FL	40400	40400	9	8	0	2	5	5	5	28	0	4913905	6075	4775	148	1925	4244	4632	2536	13292	512	
FL	40600	40600	7	5	0	1	5	2	5	25	0	4902103	6075	4775	148	1925	4244	4632	2536	13292	512	
FL	40800	40800	8	8	0	1	5	1	7	25	1	4890478	6075	4775	148	1925	4244	4632	2536	13292	512	
FL	41000	41000	10	9	0	1	6	4	9	26	0	4879334	6075	4775	148	1925	4244	4632	2536	13292	512	
FL	41200	41200	11	10	0	1	6	4	8	29	0	4867556	6075	4775	148	1925	4244	4632	2536	13292	512	
FL	41400	41400	10	11	0	3	7	3	7	25	0	4855963	6075	4775	148	1925	4244	4632	2536	13292	512	
FL	41600	41600	10	10	0	3	6	3	4	20	1	4845589	6075	4775	148	1925	4244	4632	2536	13292	512	
FL	41800	41800	11	11	0	3	6	3	3	22	1	4835300	6075	4775	148	1925	4244	4632	2536	13292	512	
FL	42000	42000	11	10	0	5	6	4	4	24	1	4826232	6075	4775	148	1925	4244	4632	2536	13292	512	
FL	42200	42200	10	11	0	5	7	8	4	24	1	4817564	6075	4775	148	1925	4244	4632	2536	13292	512	
FL	42400	42400	9	9	0	5	9	10	1	22	2	4808746	6075	4775	148	1925	4244	4632	2536	13292	512	
FL	42600	42600	6	9	0	4	7	11	1	26	1	4799998	6075	4775	148	1925	4244	4632	2536	13292	512	
FL	42800	42800	4	8	0	3	7	9	1	21	1	4790541	6075	4775	148	1925	4244	4632	2536	13292	512	
FL	43000	43000	4	8	1	3	8	9	2	20	1	4780425	6075	4775	148	1925	4244	4632	2536	13292	512	
FL	43200	43200	4	9	1	3	8	11	1	19	1	4769593	6075	4775	148	1925	4244	4632	2536	13292	512	
FL	43400	43400	4	8	1	3	9	12	1	20	1	4757587	6075	4775	148	1925	4244	4632	2536	13292	512	
FL	43600	43600	6	7	0	2	8	12	1	21	1	4744406	6075	4775	148	1925	4244	4632	2536	13292	512	
FL	43800	43800	4	7	1	2	8	11	2	18	1	4729976	6075	4775	148	1925	4244	4632	2536	13292	512	
FL	44000	44000	5	9	1	3	8	11	2	13	1	4715848	6075	4775	148	1925	4244	4632	2536	13292	512	
FL	44200	44200	7	7	1	3	7	10	3	12	1	4701552	6075	4775	148	1925	4244	4632	2536	13292	512	
FL	44400	44400	7	9	0	2	8	10	4	13	0	4687745	6075	4775	148	1925	4244	4632	2536	13292	512	
FL	44600	44600	11	9	0	1	6	8	4	13	0	4674454	6075	4775	148	1925	4244	4632	2536	13292	512	
FL	44800	44800	13	9	0	0	7	7	3	11	0	4662344	6075	4775	148	1925	4244	4632	2536	13292	512	
FL	45000	45000	12	8	0	0	9	8	2	14	0	4651245	6075	4775	148	1925	4244	4632	2536	13292	512	
FL	45200	45200	12	9	0	0	8	7	4	20	0	4641138	6075	4775	148	1925	4244	4632	2536	13292	512	
FL	45400	45400	10	6	0	0	9	8	4	18	0	4630795	6075	4775	148	1925	4244	4632	2536	13292	512	
FL	45600	45600	6	7	0	0	9	11	3	18	0	4619785	6075	4775	148	1925	4244	4632	2536	13292	512	
FL	45800	45800	10	6	0	0	9	11	3	18	0	4608941	6075	4775	148	1925	4244	4632	2536	13292	512	
FL	46000	46000	10	6	0	0	7	9	3	18	1	4598486	6075	4775	148	1925	4244	4632	2536	13292	512	
FL	46200	46200	10	4	0	1	7	9	2	15	1	4588453	6075	4775	148	1925	4244	4632	2536	13292	512	
FL	46400	46400	10	2	0	1	5	11	2	15	1	4579148	6075	4775	148	1925	4244	4632	2536	13292	512	
FL	46600	46600	10	3	1	2	5	11	3	18	3	4570197	6075	4775	148	1925	4244	4632	2536	13292	512	
FL	46800	46800	9	3	1	2	2	10	4	21	3	4560806	6075	4775	148	1925	4244	4632	2536	13292	512	
FL	47000	47000	9	2	1	2	3	9	4	21	2	4551166	6075	4775	148	1925	4244	4632	2536	13292	512	
FL	47200	47200	10	4	1	2	3	8	5	23	2	4541790	6075	4775	148	1925	4244	4632	2536	13292	512	
FL	47400	47400	10	4	1	2	2	8	3	18	4	4532844	6075	4775	148	1925	4244	4632	2536	13292	512	
FL	47600	47600	9	6	1	2	5	8	3	18	4	4524541	6075	4775	148	1925	4244	4632	2536	13292	512	
FL	47800	47800	7	6	1	3	5	9	4	20	4	4516159	6075	4775	148	1925	4244	4632	2536	13292	512	
FL	48000	48000	10	8	1	4	4	10	4	19	3	4507994	6075	4775	148	1925	4244	4632	2536	13292	512	
FL	48200	48200	11	7	1	4	4	9	4	16	2	4499431	6075	4775	148	1925	4244	4632	2536	13292	512	
FL	48400	48400	10	6	0	4	4	8	5	16	2	4489433	6075	4775	148	1925	4244	4632	2536	13292	512	
FL	48600	48600	12	8	0	4	4	6	5	17	1	4478203	6075	4775	148	1925	4244	4632	2536	13292	512	
FL	48800	48800	12	7	0	4	5	6	7	16	1	4465817	6075	4775	148	1925	4244	4632	2536	13292	512	
FL	49000	49000	11	7	0	5	8	8	7	17	0	4453316	6075	4775	148	1925	4244	4632	2536	13292	512	
FL	49200	49200	12	7	0	5	7	9	6	17	0	4441786	6075	4775	148	1925	4244	4632	2536	13292	512	
FL	49400	49400	13	9	0	5	8	8	6	14	1	4430461	6075	4775	148	1925	4244	4632	2536	13292	512	
FL	49600	49600	13	10	0	4	7	5	4	15	1	4419745	6075	4775	148	1925	4244	4632	2536	13292	512	
FL	49800	49800	13	10	0	3	9	5	5	13	1	4409873	6075	4775	148	1925	4244	4632	2536	13292	512	
FL	50000	50000	15	8	0	2	9	7	5	18	1	4400274	6075	4775	148	1925	4244	4632	2536	13292	512	
FL	50200	50200	15	6	0	1	8	8	5	16	0	4390826	6075	4775	148	1925	4244	4632	2536	13292	512	
FL	50400	50400	16	5	0	2	8	9	5	19	0	4381415	6075	4775	148	1925	4244	4632	2536	13292	512	
FL	50600	50600	17	3	0	1	9	9	5	19	0	4372012	6075	4775	148	1925	4244	4632	2536	13292	512	
FL	50800	50800	12	3	0	0	8	7	3	20	1	4362149	6075	4775	148	1925	4244	4632	2536	13292	512	
FL	51000	51000	10	2	0	0	9	8	2	20	1	4352386	6075	4775	148	1925	4244	4632	2536	13292	512	
FL	51200	51200	13	2	0	0	11	8	1	19	1	4342018	6075	4775	148	1925	4244	4632	2536	13292	512	
FL	51400	51400	11	3	0	1	10	8	1	22	0	4330915	6075	4775	148	1925	4244	4632	2536	13292	512	
FL	51600	51600	13	4	0	2	8	8	3	24	0	4319593	6075	4775	148	1925	4244	4632	2536	13292	512	
FL	51800	51800	13	5	0	3	8	8	4	26	0	4308995	6075	4775	148	1925	4244	4632	2536	13292	512	
FL	52000	52000	16	6	0	3	8	11	3	27	0	4298327	6075	4775	148	1925	4244	4632	2536	13292	512	
FL	52200	52200	13	6	0	4	5	11	3	25	0	4288022	6075	4775	148	1925	4244	4632	2536	13292	512	
FL	52400	52400	13	8	0	5	3	9	4	26	0	4277974	6075	4775	148	1925	4244	4632	2536	13292	512	
FL	52600	52600	9	7	0	6	4	8	4	25	0	4267951	6075	4775	148	1925	4244	4632	2536	13292	512	
FL	52800	52800	9	8	0	6	5	8	4	24	0	4259034	6075	4775	148	1925	4244	4632	2536	13292	512	
FL	53000	53000	6	9	0	6	5	9	5	24	0	4250523	6075	4775	148	1925	4244	4632	2536	13292	512	
FL	53200	53200	8	10	0	6	6	12	5	23	0	4241978	6075	4775	148	1925	4244	4632	2536	13292	512	
FL	53400	53400	9	9	0	6	5	11	5	25	0	4234073	6075	4775	148	1925	4244	4632	2536	13292	512	
FL	53600	53600	10	9	0	5	7	10	5	21	0	4226021	6075	4775	148	1925	4244	4632	2536	13292	512	
FL	53800	53800	12	8	0	2	6	11	4	25	0	4217716	6075	4775	148	1925	4244	4632	2536	13292	512	
FL	54000	54000	13	10	0	3	6	9	4	23	0	4208995	6075	4775	148	1925	4244	4632	2536	13292	512	
FL	54200	54200	11	11	0	5	6	8	4	23	1	4199320	6075	4775	148	1925	4244	4632	2536	13292	512	
FL	54400	54400	15	7	0	5	6	6	4	24	1	4188242	6075	4775	148	1925	4244	4632	2536	13292	512	
FL	54600	54600	18	8	0	4	7	6	4	24	2	4176912	6075	4775	148	1925	4244	4632	2536	13292	512	
FL	54800	54800	16	9	0	4	7	7	5	20	2	4165589	6075	4775	148	1925	4244	4632	2536	13292	512	
FL	55000	55000	13	10	0	4	6	7	4	16	1	4154787	6075	4775	148	1925	4244	4632	2536	13292	512	
FL	55200	55200	10	12	0	3	6	4	4	18	1	4144242	6075	4775	148	1925	4244	4632	2536	13292	512	
FL	55400	55400	10	11	0	2	5	3	5	16	0	4134288	6075	4775	148	1925	4244	4632	2536	13292	512	
FL	55600	55600	11	9	0	1	4	4	4	18	0	4123724	6075	4775	148	1925	4244	4632	2536	13292	512	
FL	55800	55800	10	10	0	1	4	6	3	22	0	4112486	6075	4775	148	1925	4244	4632	2536	13292	512	
FL	56000	56000	9	10	0	1	5	7	2	22	0	4101690	6075	4775	148	1925	4244	4632	2536	13292	512	
FL	56200	56200	10	8	0	1	6	8	2	19	0	4091850	6075	4775	148	1925	4244	4632	2536	13292	512	
FL	56400	56400	10	8	0	2	5	8	4	20	0	4082763	6075	4775	148	1925	4244	4632	2536	13292	512	
FL	56600	56600	9	9	0	3	7	8	4	21	0	4073550	6075	4775	148	1925	4244	4632	2536	13292	512	
FL	56800	56800	9	10	0	3	6	8	3	14	0	4064258	6075	4775	148	1925	4244	4632	2536	13292	512	
FL	57000	57000	8	9	0	4	5	9	4	16	0	4054611	6075	4775	148	1925	4244	4632	2536	13292	512	
FL	57200	57200	10	8	0	3	6	9	4	19	1	4045274	6075	4775	148	1925	4244	4632	2536	13292	512	
FL	57400	57400	8	8	0	4	4	8	4	21	1	4035653	6075	4775	148	1925	4244	4632	2536	13292	512	
FL	57600	57600	6	11	0	4	3	9	4	19	1	4025849	6075	4775	148	1925	4244	4632	2536	13292	512	
FL	57800	57800	7	9	0	4	2	9	5	16	1	4016864	6075	4775	148	1925	4244	4632	2536	13292	512	
FL	58000	58000	10	7	0	3	5	8	4	15	1	4009141	6075	4775	148	1925	4244	4632	2536	13292	512	
FL	58200	58200	11	7	0	4	6	8	4	11	1	4001640	6075	4775	148	1925	4244	4632	2536	13292	512	
FL	58400	58400	13	7	0	3	7	8	4	10	1	3993147	6075	4775	148	1925	4244	4632	2536	13292	512	
FL	58600	58600	12	7	0	4	8	6	4	13	1	3983971	6075	4775	148	1925	4244	4632	2536	13292	512	
FL	58800	58800	12	6	0	3	9	7	5	17	0	3975863	6075	4775	148	1925	4244	4632	2536	13292	512	
FL	59000	59000	15	5	0	3	8	6	4	17	0	3967278	6075	4775	148	1925	4244	4632	2536	13292	512	
FL	59200	59200	13	6	0	3	7	7	5	19	0	3957969	6075	4775	148	1925	4244	4632	2536	13292	512	
FL	59400	59400	11	6	0	3	6	8	4	18	0	3949407	6075	4775	148	1925	4244	4632	2536	13292	512	
FL	59600	59600	11	5	0	2	3	6	3	16	0	3941074	6075	4775	148	1925	4244	4632	2536	13292	512	
FL	59800	59800	11	3	0	2	3	8	3	17	0	3933026	6075	4775	148	1925	4244	4632	2536	13292	512	
FL	60000	60000	10	4	0	2	3	8	4	16	0	3924989	6075	4775	148	1925	4244	4632	2536	13292	512	
FL	60200	60200	8	5	0	2	2	9	4	16	0	3916891	6075	4775	148	1925	4244	4632	2536	13292	512	
FL	60400	60400	8	7	0	2	3	8	3	16	0	3909418	6075	4775	148	1925	4244	4632	2536	13292	512	
FL	60600	60600	5	5	0	1	5	7	3	15	2	3901316	6075	4775	148	1925	4244	4632	2536	13292	512	
FL	60800	60800	5	5	0	1	7	9	5	14	2	3892463	6075	4775	148	1925	4244	4632	2536	13292	512	
FL	61000	61000	5	6	0	1	8	8	5	15	2	3883795	6075	4775	148	1925	4244	4632	2536	13292	512	
FL	61200	61200	6	4	0	0	8	6	4	16	2	3874731	6075	4775	148	1925	4244	4632	2536	13292	512	
FL	61400	61400	7	2	0	0	8	5	5	16	2	3867001	6075	4775	148	1925	4244	4632	2536	13292	512	
FL	61600	61600	6	2	0	0	7	5	5	16	2	3859532	6075	4775	148	1925	4244	4632	2536	13292	512	
FL	61800	61800	6	2	0	0	11	5	5	15	2	3851996	6075	4775	148	1925	4244	4632	2536	13292	512	
FL	62000	62000	6	1	0	0	13	4	5	13	2	3845114	6075	4775	148	1925	4244	4632	2536	13292	512	
FL	62200	62200	5	1	0	1	15	4	5	12	2	3838592	6075	4775	148	1925	4244	4632	2536	13292	512	
FL	62400	62400	6	1	0	1	13	4	5	9	1	3832016	6075	4775	148	1925	4244	4632	2536	13292	512	
FL	62600	62600	7	1	0	2	16	5	5	10	1	3825094	6075	4775	148	1925	4244	4632	2536	13292	512	
FL	62800	62800	7	3	0	2	13	5	6	11	1	3818390	6075	4775	148	1925	4244	4632	2536	13292	512	
FL	63000	63000	7	3	0	2	12	8	7	13	1	3812127	6075	4775	148	1925	4244	4632	2536	13292	512	
FL	63200	63200	4	4	0	2	11	7	5	15	0	3806692	6075	4775	148	1925	4244	4632	2536	13292	512	
FL	63400	63400	3	5	0	0	11	8	5	15	0	3801708	6075	4775	148	1925	4244	4632	2536	13292	512	
FL	63600	63600	3	6	0	1	10	8	3	17	0	3796801	6075	4775	148	1925	4244	4632	2536	13292	512	
FL	63800	63800	4	6	0	1	7	7	3	18	0	3791606	6075	4775	148	1925	4244	4632	2536	13292	512	
FL	64000	64000	4	4	0	2	6	8	3	19	0	3786371	6075	4775	148	1925	4244	4632	2536	13292	512	
FL	64200	64200	4	3	0	2	10	7	3	22	1	3780684	6075	4775	148	1925	4244	4632	2536	13292	512	
FL	64400	64400	4	3	0	2	8	8	2	20	1	3774449	6075	4775	148	1925	4244	4632	2536	13292	512	
FL	64600	64600	4	3	0	1	8	8	3	20	3	3768246	6075	4775	148	1925	4244	4632	2536	13292	512	
FL	64800	64800	5	5	0	1	9	8	3	21	3	3761238	6075	4775	148	1925	4244	4632	2536	13292	512	
FL	65000	65000	4	7	0	0	8	8	4	20	3	3754180	6075	4775	148	1925	4244	4632	2536	13292	512	
FL	65200	65200	6	7	0	1	7	8	4	15	3	3747639	6075	4775	148	1925	4244	4632	2536	13292	512	
FL	65400	65400	8	6	0	2	7	7	4	16	3	3741450	6075	4775	148	1925	4244	4632	2536	13292	512	
FL	65600	65600	8	5	0	2	6	6	7	18	3	3735605	6075	4775	148	1925	4244	4632	2536	13292	512	
FL	65800	65800	7	4	0	2	8	7	7	15	4	3730089	6075	4775	148	1925	4244	4632	2536	13292	512	
FL	66000	66000	7	5	0	2	8	8	6	13	3	3724311	6075	4775	148	1925	4244	4632	2536	13292	512	
FL	66200	66200	7	5	0	2	7	7	6	12	3	3718633	6075	4775	148	1925	4244	4632	2536	13292	512	
FL	66400	66400	10	5	0	2	7	7	5	10	3	3712923	6075	4775	148	1925	4244	4632	2536	13292	512	
FL	66600	66600	10	6	0	3	7	8	4	10	3	3707356	6075	4775	148	1925	4244	4632	2536	13292	512	
FL	66800	66800	13	7	0	3	8	6	4	10	3	3701909	6075	4775	148	1925	4244	4632	2536	13292	512	
FL	67000	67000	15	7	0	4	8	6	3	9	2	3696942	6075	4775	148	1925	4244	4632	2536	13292	512	
FL	67200	67200	14	5	0	3	9	6	3	8	2	3692011	6075	4775	148	1925	4244	4632	2536	13292	512	
FL	67400	67400	12	7	0	3	10	5	2	9	1	3686308	6075	4775	148	1925	4244	4632	2536	13292	512	
FL	67600	67600	10	8	0	3	9	3	2	10	2	3680973	6075	4775	148	1925	4244	4632	2536	13292	512	
FL	67800	67800	9	7	0	3	8	4	2	9	1	3675234	6075	4775	148	1925	4244	4632	2536	13292	512	
FL	68000	68000	10	5	0	3	5	5	2	8	1	3669703	6075	4775	148	1925	4244	4632	2536	13292	512	
FL	68200	68200	4	5	0	2	5	6	1	11	1	3664118	6075	4775	148	1925	4244	4632	2536	13292	512	
FL	68400	68400	3	6	0	2	4	7	1	13	1	3658739	6075	4775	148	1925	4244	4632	2536	13292	512	
FL	68600	68600	6	7	0	2	4	8	1	13	1	3652998	6075	4775	148	1925	4244	4632	2536	13292	512	
FL	68800	68800	7	6	0	2	5	9	3	13	1	3646911	6075	4775	148	1925	4244	4632	2536	13292	512	
FL	69000	69000	7	8	0	2	5	11	3	10	1	3640915	6075	4775	148	1925	4244	4632	2536	13292	512	
FL	69200	69200	8	6	0	2	5	9	2	11	1	3634497	6075	4775	148	1925	4244	4632	2536	13292	512	
FL	69400	69400	8	7	0	3	5	9	2	12	0	3628302	6075	4775	148	1925	4244	4632	2536	13292	512	
FL	69600	69600	9	8	0	2	5	9	3	12	0	3621969	6075	4775	148	1925	4244	4632	2536	13292	512	
FL	69800	69800	9	7	0	3	3	7	4	14	0	3615370	6075	4775	148	1925	4244	4632	2536	13292	512	
FL	70000	70000	10	6	0	3	3	6	6	18	0	3609851	6075	4775	148	1925	4244	4632	2536	13292	512	
FL	70200	70200	8	7	0	5	6	5	6	16	0	3604126	6075	4775	148	1925	4244	4632	2536	13292	512	
FL	70400	70400	8	6	0	4	6	5	4	14	0	3598289	6075	4775	148	1925	4244	4632	2536	13292	512	
FL	70600	70600	7	6	0	4	6	5	5	15	0	3592369	6075	4775	148	1925	4244	4632	2536	13292	512	
FL	70800	70800	8	7	1	4	5	6	4	18	0	3586515	6075	4775	148	1925	4244	4632	2536	13292	512	
FL	71000	71000	7	7	1	6	8	8	3	18	0	3581482	6075	4775	148	1925	4244	4632	2536	13292	512	
FL	71200	71200	7	6	1	6	8	11	3	17	0	3576724	6075	4775	148	1925	4244	4632	2536	13292	512	
FL	71400	71400	3	6	0	6	9	10	4	16	0	3571809	6075	4775	148	1925	4244	4632	2536	13292	512	
FL	71600	71600	3	4	1	5	9	10	4	15	0	3566177	6075	4775	148	1925	4244	4632	2536	13292	512	
FL	71800	71800	4	3	1	5	8	8	4	15	0	3560858	6075	4775	148	1925	4244	4632	2536	13292	512	
FL	72000	72000	6	3	1	5	9	6	4	13	0	3555919	6075	4775	148	1925	4244	4632	2536	13292	512	
FL	72200	72200	8	2	1	5	9	6	4	13	0	3551379	6075	4775	148	1925	4244	4632	2536	13292	512	
FL	72400	72400	7	2	1	5	5	8	5	13	0	3546952	6075	4775	148	1925	4244	4632	2536	13292	512	
FL	72600	72600	8	2	1	6	4	7	4	12	0	3542317	6075	4775	148	1925	4244	4632	2536	13292	512	
FL	72800	72800	8	2	1	4	3	7	4	14	0	3537981	6075	4775	148	1925	4244	4632	2536	13292	512	
FL	73000	73000	8	1	1	4	5	8	5	15	0	3533871	6075	4775	148	1925	4244	4632	2536	13292	512	
FL	73200	73200	6	3	1	3	5	6	5	12	0	3530361	6075	4775	148	1925	4244	4632	2536	13292	512	
FL	73400	73400	6	3	1	3	8	5	5	12	1	3527610	6075	4775	148	1925	4244	4632	2536	13292	512	
FL	73600	73600	5	4	1	2	9	4	4	17	1	3525150	6075	4775	148	1925	4244	4632	2536	13292	512	
FL	73800	73800	7	5	1	2	8	4	4	18	1	3522394	6075	4775	148	1925	4244	4632	2536	13292	512	
FL	74000	74000	8	5	1	1	8	5	2	16	1	3519068	6075	4775	148	1925	4244	4632	2536	13292	512	
FL	74200	74200	7	5	0	3	10	5	2	15	1	3515532	6075	4775	148	1925	4244	4632	2536	13292	512	
FL	74400	74400	6	4	0	4	8	4	2	14	1	3511816	6075	4775	148	1925	4244	4632	2536	13292	512	
FL	74600	74600	7	6	0	5	8	4	2	14	0	3507855	6075	4775	148	1925	4244	4632	2536	13292	512	
FL	74800	74800	9	9	0	4	8	6	2	14	0	3503910	6075	4775	148	1925	4244	4632	2536	13292	512	
FL	75000	75000	10	9	0	3	8	7	2	15	0	3499808	6075	4775	148	1925	4244	4632	2536	13292	512	
FL	75200	75200	6	6	0	2	9	7	1	16	0	3495732	6075	4775	148	1925	4244	4632	2536	13292	512	
FL	75400	75400	4	7	0	2	9	7	2	16	0	3491497	6075	4775	148	1925	4244	4632	2536	13292	512	
FL	75600	75600	4	6	0	1	9	7	1	18	0	3487746	6075	4775	148	1925	4244	4632	2536	13292	512	
FL	75800	75800	4	6	0	1	4	8	2	17	0	3483857	6075	4775	148	1925	4244	4632	2536	13292	512	
FL	76000	76000	5	5	0	1	3	7	2	17	0	3479949	6075	4775	148	1925	4244	4632	2536	13292	512	
FL	76200	76200	3	6	0	1	3	8	3	20	0	3476285	6075	4775	148	1925	4244	4632	2536	13292	512	
FL	76400	76400	3	6	0	1	3	7	3	19	0	3472689	6075	4775	148	1925	4244	4632	2536	13292	512	
FL	76600	76600	3	7	0	1	3	6	2	18	0	3469158	6075	4775	148	1925	4244	4632	2536	13292	512	
FL	76800	76800	3	4	0	1	3	4	2	16	0	3465556	6075	4775	148	1925	4244	4632	2536	13292	512	
FL	77000	77000	2	6	0	3	2	4	1	15	0	3461550	6075	4775	148	1925	4244	4632	2536	13292	512	
FL	77200	77200	3	5	0	3	2	5	1	12	0	3456996	6075	4775	148	1925	4244	4632	2536	13292	512	
FL	77400	77400	3	6	0	2	5	5	1	11	0	3452695	6075	4775	148	1925	4244	4632	2536	13292	512	
FL	77600	77600	4	6	0	2	5	6	1	12	0	3448491	6075	4775	148	1925	4244	4632	2536	13292	512	
FL	77800	77800	4	5	0	1	4	6	2	11	0	3444113	6075	4775	148	1925	4244	4632	2536	13292	512	
FL	78000	78000	6	6	0	1	4	6	2	16	0	3439858	6075	4775	148	1925	4244	4632	2536	13292	512	
FL	78200	78200	5	7	0	1	4	5	3	18	0	3435964	6075	4775	148	1925	4244	4632	2536	13292	512	
FL	78400	78400	5	5	0	1	3	5	2	13	0	3431948	6075	4775	148	1925	4244	4632	2536	13292	512	
FL	78600	78600	3	5	0	2	6	4	2	12	0	3427835	6075	4775	148	1925	4244	4632	2536	13292	512	
FL	78800	78800	2	4	0	2	6	4	2	13	0	3423410	6075	4775	148	1925	4244	4632	2536	13292	512	
FL	79000	79000	4	4	0	2	7	4	2	16	0	3419075	6075	4775	148	1925	4244	4632	2536	13292	512	
FL	79200	79200	2	5	0	1	7	5	2	15	0	3414513	6075	4775	148	1925	4244	4632	2536	13292	512	
FL	79400	79400	3	6	0	1	10	7	2	17	0	3410688	6075	4775	148	1925	4244	4632	2536	13292	512	
FL	79600	79600	6	5	0	1	9	8	3	14	0	3406871	6075	4775	148	1925	4244	4632	2536	13292	512	
FL	79800	79800	7	5	0	1	8	7	4	14	0	3403391	6075	4775	148	1925	4244	4632	2536	13292	512	
FL	80000	80000	8	6	0	0	9	7	4	14	0	3399724	6075	4775	148	1925	4244	4632	2536	13292	512	
FL	80200	80200	9	6	0	0	6	6	6	13	0	3395785	6075	4775	148	1925	4244	4632	2536	13292	512	
FL	80400	80400	10	6	0	0	6	6	5	13	0	3391828	6075	4775	148	1925	4244	4632	2536	13292	512	
FL	80600	80600	9	8	0	0	6	5	4	15	0	3387367	6075	4775	148	1925	4244	4632	2536	13292	512	
FL	80800	80800	7	9	0	0	6	8	3	14	0	3382593	6075	4775	148	1925	4244	4632	2536	13292	512	
FL	81000	81000	7	8	1	1	5	10	3	15	0	3377711	6075	4775	148	1925	4244	4632	2536	13292	512	
FL	81200	81200	7	10	1	1	5	11	2	16	0	3372325	6075	4775	148	1925	4244	4632	2536	13292	512	
FL	81400	81400	7	8	1	1	4	11	3	17	1	3366765	6075	4775	148	1925	4244	4632	2536	13292	512	
FL	81600	81600	7	8	1	2	4	11	2	19	1	3361007	6075	4775	148	1925	4244	4632	2536	13292	512	
FL	81800	81800	5	7	1	2	3	9	2	17	1	3356090	6075	4775	148	1925	4244	4632	2536	13292	512	
FL	82000	82000	3	6	1	3	1	5	2	15	0	3351317	6075	4775	148	1925	4244	4632	2536	13292	512	
FL	82200	82200	3	5	1	4	1	5	3	13	1	3346857	6075	4775	148	1925	4244	4632	2536	13292	512	
FL	82400	82400	3	5	1	4	3	5	4	11	1	3343109	6075	4775	148	1925	4244	4632	2536	13292	512	
FL	82600	82600	6	6	1	4	5	5	5	11	1	3339812	6075	4775	148	1925	4244	4632	2536	13292	512	
FL	82800	82800	7	5	1	3	5	6	6	15	1	3336482	6075	4775	148	1925	4244	4632	2536	13292	512	
FL	83000	83000	8	4	1	2	6	6	6	13	1	3333571	6075	4775	148	1925	4244	4632	2536	13292	512	
FL	83200	83200	10	7	1	2	6	5	6	14	1	3330797	6075	4775	148	1925	4244	4632	2536	13292	512	
FL	83400	83400	12	8	1	2	6	6	4	13	1	3328129	6075	4775	148	1925	4244	4632	2536	13292	512	
FL	83600	83600	13	7	1	2	7	5	4	13	2	3325365	6075	4775	148	1925	4244	4632	2536	13292	512	
FL	83800	83800	11	5	1	2	6	2	4	14	2	3321853	6075	4775	148	1925	4244	4632	2536	13292	512	
FL	84000	84000	12	4	1	3	5	2	5	12	3	3318644	6075	4775	148	1925	4244	4632	2536	13292	512	
FL	84200	84200	15	2	1	3	3	1	6	14	2	3316027	6075	4775	148	1925	4244	4632	2536	13292	512	
FL	84400	84400	12	1	1	4	3	1	6	16	2	3313443	6075	4775	148	1925	4244	4632	2536	13292	512	
FL	84600	84600	10	2	1	5	5	3	5	16	2	3310602	6075	4775	148	1925	4244	4632	2536	13292	512	
FL	84800	84800	10	2	1	4	5	4	4	14	2	3307374	6075	4775	148	1925	4244	4632	2536	13292	512	
FL	85000	85000	11	2	1	3	4	5	3	14	1	3303561	6075	4775	148	1925	4244	4632	2536	13292	512	
FL	85200	85200	11	4	1	3	5	4	1	12	1	3299709	6075	4775	148	1925	4244	4632	2536	13292	512	
FL	85400	85400	10	4	1	2	4	9	1	10	1	3295909	6075	4775	148	1925	4244	4632	2536	13292	512	
FL	85600	85600	10	6	1	2	3	9	1	12	1	3291975	6075	4775	148	1925	4244	4632	2536	13292	512	
FL	85800	85800	10	6	1	2	4	8	1	12	1	3287910	6075	4775	148	1925	4244	4632	2536	13292	512	
FL	86000	86000	11	6	1	1	4	7	3	10	1	3283214	6075	4775	148	1925	4244	4632	2536	13292	512	
FL	86200	86200	10	4	1	1	3	4	4	10	2	3278524	6075	4775	148	1925	4244	4632	2536	13292	512	
FL	86400	86400	11	5	1	0	3	4	4	9	2	3273915	6075	4775	148	1925	4244	4632	2536	13292	512	
FL	86600	86600	12	5	1	0	1	5	4	17	2	3269728	6075	4775	148	1925	4244	4632	2536	13292	512	
FL	86800	86800	10	6	1	0	1	8	4	21	2	3266027	6075	4775	148	1925	4244	4632	2536	13292	512	
FL	87000	87000	7	9	1	1	3	7	4	22	2	3262840	6075	4775	148	1925	4244	4632	2536	13292	512	
FL	87200	87200	8	7	1	2	3	8	4	20	3	3259735	6075	4775	148	1925	4244	4632	2536	13292	512	
FL	87400	87400	7	9	1	3	5	7	3	21	4	3256582	6075	4775	148	1925	4244	4632	2536	13292	512	
FL	87600	87600	8	8	1	3	4	7	0	21	3	3252995	6075	4775	148	1925	4244	4632	2536	13292	512	
FL	87800	87800	10	10	1	4	4	6	0	20	3	3249376	6075	4775	148	1925	4244	4632	2536	13292	512	
FL	88000	88000	10	9	1	3	3	7	1	23	3	3246147	6075	4775	148	1925	4244	4632	2536	13292	512	
FL	88200	88200	10	9	1	1	3	7	1	24	2	3242640	6075	4775	148	1925	4244	4632	2536	13292	512	
FL	88400	88400	10	10	1	2	3	8	1	24	2	3239164	6075	4775	148	1925	4244	4632	2536	13292	512	
FL	88600	88600	9	9	1	2	4	6	1	22	1	3235191	6075	4775	148	1925	4244	4632	2536	13292	512	
FL	88800	88800	8	10	1	3	5	6	1	18	1	3230021	6075	4775	148	1925	4244	4632	2536	13292	512	
FL	89000	89000	9	10	1	3	7	6	3	15	1	3224758	6075	4775	148	1925	4244	4632	2536	13292	512	
FL	89200	89200	9	10	1	3	8	8	2	16	1	3219798	6075	4775	148	1925	4244	4632	2536	13292	512	
FL	89400	89400	9	7	0	3	7	9	1	15	1	3215173	6075	4775	148	1925	4244	4632	2536	13292	512	
FL	89600	89600	8	7	0	2	6	9	1	15	1	3211068	6075	4775	148	1925	4244	4632	2536	13292	512	
FL	89800	89800	8	7	0	1	7	9	3	16	1	3208125	6075	4775	148	1925	4244	4632	2536	13292	512	
FL	90000	90000	7	4	0	1	5	7	3	18	1	3205943	6075	4775	148	1925	4244	4632	2536	13292	512	
FL	90200	90200	9	6	0	1	6	6	3	21	1	3203426	6075	4775	148	1925	4244	4632	2536	13292	512	
FL	90400	90400	7	9	0	1	6	9	3	19	2	3200851	6075	4775	148	1925	4244	4632	2536	13292	512	
FL	90600	90600	7	9	0	1	7	6	3	18	1	3198277	6075	4775	148	1925	4244	4632	2536	13292	512	
FL	90800	90800	4	9	0	1	5	5	2	13	1	3195731	6075	4775	148	1925	4244	4632	2536	13292	512	
FL	91000	91000	4	9	0	2	5	5	3	14	1	3192834	6075	4775	148	1925	4244	4632	2536	13292	512	
FL	91200	91200	4	7	0	4	5	5	4	12	1	3190175	6075	4775	148	1925	4244	4632	2536	13292	512	
FL	91400	91400	5	7	0	4	6	3	5	18	1	3187350	6075	4775	148	1925	4244	4632	2536	13292	512	
FL	91600	91600	6	6	0	4	5	4	4	19	0	3184197	6075	4775	148	1925	4244	4632	2536	13292	512	
FL	91800	91800	5	7	0	4	5	3	2	15	0	3180971	6075	4775	148	1925	4244	4632	2536	13292	512	
FL	92000	92000	3	9	0	4	5	2	2	17	0	3178157	6075	4775	148	1925	4244	4632	2536	13292	512	
FL	92200	92200	5	8	0	4	5	3	2	14	0	3175249	6075	4775	148	1925	4244	4632	2536	13292	512	
FL	92400	92400	8	8	0	5	6	2	2	15	0	3172075	6075	4775	148	1925	4244	4632	2536	13292	512	
FL	92600	92600	8	7	0	5	6	2	2	16	0	3169101	6075	4775	148	1925	4244	4632	2536	13292	512	
FL	92800	92800	13	7	0	4	8	3	3	17	0	3166284	6075	4775	148	1925	4244	4632	2536	13292	512	
FL	93000	93000	15	7	0	5	7	3	3	15	0	3163521	6075	4775	148	1925	4244	4632	2536	13292	512	
FL	93200	93200	14	7	0	5	4	3	2	10	0	3161065	6075	4775	148	1925	4244	4632	2536	13292	512	
FL	93400	93400	12	6	0	6	4	6	2	14	0	3158684	6075	4775	148	1925	4244	4632	2536	13292	512	
FL	93600	93600	10	5	0	6	6	5	4	15	0	3155883	6075	4775	148	1925	4244	4632	2536	13292	512	
FL	93800	93800	11	6	0	6	6	6	4	15	0	3153092	6075	4775	148	1925	4244	4632	2536	13292	512	
FL	94000	94000	11	6	0	5	3	7	4	19	0	3150039	6075	4775	148	1925	4244	4632	2536	13292	512	
FL	94200	94200	7	4	0	6	4	5	4	22	0	3146676	6075	4775	148	1925	4244	4632	2536	13292	512	
FL	94400	94400	7	4	0	6	4	4	4	22	0	3143203	6075	4775	148	1925	4244	4632	2536	13292	512	
FL	94600	94600	6	3	0	6	3	3	5	20	0	3139502	6075	4775	148	1925	4244	4632	2536	13292	512	
FL	94800	94800	4	4	0	7	4	4	8	18	0	3135862	6075	4775	148	1925	4244	4632	2536	13292	512	
FL	95000	95000	5	4	0	7	4	3	8	15	0	3132554	6075	4775	148	1925	4244	4632	2536	13292	512	
FL	95200	95200	5	4	0	6	4	3	7	17	0	3129612	6075	4775	148	1925	4244	4632	2536	13292	512	
FL	95400	95400	3	5	0	6	6	5	6	15	0	3127251	6075	4775	148	1925	4244	4632	2536	13292	512	
FL	95600	95600	3	4	0	5	6	4	6	13	1	3124856	6075	4775	148	1925	4244	4632	2536	13292	512	
FL	95800	95800	6	3	0	4	6	3	5	10	1	3121811	6075	4775	148	1925	4244	4632	2536	13292	512	
FL	96000	96000	6	3	0	2	7	2	5	11	1	3117504	6075	4775	148	1925	4244	4632	2536	13292	512	
FL	96200	96200	8	3	0	2	5	2	4	14	2	3112933	6075	4775	148	1925	4244	4632	2536	13292	512	
FL	96400	96400	7	4	0	2	4	3	5	18	2	3108509	6075	4775	148	1925	4244	4632	2536	13292	512	
FL	96600	96600	6	4	0	1	4	5	6	19	2	3104451	6075	4775	148	1925	4244	4632	2536	13292	512	
FL	96800	96800	7	5	0	1	4	6	5	18	1	3101281	6075	4775	148	1925	4244	4632	2536	13292	512	
FL	97000	97000	7	4	0	1	3	6	3	18	0	3098311	6075	4775	148	1925	4244	4632	2536	13292	512	
FL	97200	97200	9	6	0	1	2	7	4	17	0	3095007	6075	4775	148	1925	4244	4632	2536	13292	512	
FL	97400	97400	9	5	0	1	2	8	2	16	0	3091084	6075	4775	148	1925	4244	4632	2536	13292	512	
FL	97600	97600	9	4	0	1	2	8	1	13	0	3087293	6075	4775	148	1925	4244	4632	2536	13292	512	
FL	97800	97800	11	4	0	1	3	5	1	13	0	3083284	6075	4775	148	1925	4244	4632	2536	13292	512	
FL	98000	98000	11	4	0	1	4	5	1	14	0	3078969	6075	4775	148	1925	4244	4632	2536	13292	512	
FL	98200	98200	11	3	0	0	5	5	1	13	0	3074950	6075	4775	148	1925	4244	4632	2536	13292	512	
FL	98400	98400	11	2	0	0	4	4	1	11	0	3071489	6075	4775	148	1925	4244	4632	2536	13292	512	
FL	98600	98600	12	3	0	1	3	4	1	11	0	3068263	6075	4775	148	1925	4244	4632	2536	13292	512	
FL	98800	98800	13	4	0	1	2	5	0	12	0	3064685	6075	4775	148	1925	4244	4632	2536	13292	512	
FL	99000	99000	12	4	0	1	3	5	0	13	0	3061345	6075	4775	148	1925	4244	4632	2536	13292	512	
FL	99200	99200	12	5	0	0	3	5	0	12	0	3057512	6075	4775	148	1925	4244	4632	2536	13292	512	
FL	99400	99400	9	5	0	0	3	6	2	13	0	3053535	6075	4775	148	1925	4244	4632	2536	13292	512	
FL	99600	99600	9	7	0	2	3	8	3	13	1	3050012	6075	4775	148	1925	4244	4632	2536	13292	512	
FL	99800	99800	7	7	0	2	5	9	3	12	1	3046674	6075	4775	148	1925	4244	4632	2536	13292	512	
FL	100000	100000	8	7	0	2	5	8	3	14	2	3043440	6075	4775	148	1925	4244	4632	2536	13292	512	
