FL	0	0	27	36	2	34	45	10	18	133	5	24225789	6075	4775	148	1925	4244	4632	2536	13292	512	
FL	-200	-200	26	37	3	31	47	12	16	118	4	24116690	6075	4775	148	1925	4244	4632	2536	13292	512	
FL	-400	-400	27	38	3	30	46	10	15	114	4	23832588	6075	4775	148	1925	4244	4632	2536	13292	512	
FL	-600	-600	32	37	4	31	47	12	17	115	4	23480350	6075	4775	148	1925	4244	4632	2536	13292	512	
FL	-800	-800	32	36	3	29	46	12	18	112	4	23079488	6075	4775	148	1925	4244	4632	2536	13292	512	
FL	-1000	-1000	27	37	2	26	43	13	17	111	4	22625469	6075	4775	148	1925	4244	4632	2536	13292	512	
FL	-1200	-1200	27	34	2	30	42	18	18	111	3	22139269	6075	4775	148	1925	4244	4632	2536	13292	512	
FL	-1400	-1400	28	32	0	35	40	21	18	113	3	21634085	6075	4775	148	1925	4244	4632	2536	13292	512	
FL	-1600	-1600	30	31	0	35	35	22	18	101	3	21119286	6075	4775	148	1925	4244	4632	2536	13292	512	
FL	-1800	-1800	34	30	0	30	34	22	18	94	3	20606344	6075	4775	148	1925	4244	4632	2536	13292	512	
FL	-2000	-2000	34	32	0	27	31	19	16	91	3	20104044	6075	4775	148	1925	4244	4632	2536	13292	512	
FL	-2200	-2200	38	35	0	26	26	21	15	90	4	19620244	6075	4775	148	1925	4244	4632	2536	13292	512	
FL	-2400	-2400	39	41	0	28	23	20	14	86	4	19159556	6075	4775	148	1925	4244	4632	2536	13292	512	
FL	-2600	-2600	40	41	0	28	24	23	14	79	4	18719829	6075	4775	148	1925	4244	4632	2536	13292	512	
FL	-2800	-2800	38	39	0	27	23	23	13	75	4	18302712	6075	4775	148	1925	4244	4632	2536	13292	512	
FL	-3000	-3000	41	41	0	27	26	24	13	75	4	17904384	6075	4775	148	1925	4244	4632	2536	13292	512	
FL	-3200	-3200	42	38	0	26	28	25	11	73	3	17524949	6075	4775	148	1925	4244	4632	2536	13292	512	
FL	-3400	-3400	41	37	0	25	23	22	13	72	3	17168862	6075	4775	148	1925	4244	4632	2536	13292	512	
FL	-3600	-3600	35	35	0	25	21	24	13	75	3	16826903	6075	4775	148	1925	4244	4632	2536	13292	512	
FL	-3800	-3800	33	35	0	27	22	24	15	77	3	16502546	6075	4775	148	1925	4244	4632	2536	13292	512	
FL	-4000	-4000	29	33	0	26	18	25	14	78	3	16192601	6075	4775	148	1925	4244	4632	2536	13292	512	
FL	-4200	-4200	31	31	0	27	20	27	15	73	4	15895869	6075	4775	148	1925	4244	4632	2536	13292	512	
FL	-4400	-4400	27	30	2	25	22	26	17	77	3	15608316	6075	4775	148	1925	4244	4632	2536	13292	512	
FL	-4600	-4600	32	31	2	24	23	22	13	81	4	15329704	6075	4775	148	1925	4244	4632	2536	13292	512	
FL	-4800	-4800	32	30	2	25	20	22	13	74	4	15061538	6075	4775	148	1925	4244	4632	2536	13292	512	
FL	-5000	-5000	32	29	2	24	16	22	13	72	4	14800152	6075	4775	148	1925	4244	4632	2536	13292	512	
FL	-5200	-5200	30	30	0	25	15	20	12	65	4	14546411	6075	4775	148	1925	4244	4632	2536	13292	512	
FL	-5400	-5400	27	27	0	23	14	23	10	63	5	14303247	6075	4775	148	1925	4244	4632	2536	13292	512	
FL	-5600	-5600	28	28	0	24	15	27	9	55	4	14072405	6075	4775	148	1925	4244	4632	2536	13292	512	
FL	-5800	-5800	30	29	0	22	15	30	8	63	5	13847888	6075	4775	148	1925	4244	4632	2536	13292	512	
FL	-6000	-6000	27	25	0	24	13	23	7	64	4	13631168	6075	4775	148	1925	4244	4632	2536	13292	512	
FL	-6200	-6200	22	26	0	24	15	26	9	74	3	13424846	6075	4775	148	1925	4244	4632	2536	13292	512	
FL	-6400	-6400	19	24	0	26	17	26	12	68	4	13227677	6075	4775	148	1925	4244	4632	2536	13292	512	
FL	-6600	-6600	21	24	0	22	19	25	12	70	3	13036584	6075	4775	148	1925	4244	4632	2536	13292	512	
FL	-6800	-6800	22	25	0	20	20	22	9	64	3	12853163	6075	4775	148	1925	4244	4632	2536	13292	512	
FL	-7000	-7000	23	25	0	18	20	22	9	56	2	12676777	6075	4775	148	1925	4244	4632	2536	13292	512	
FL	-7200	-7200	29	26	0	18	18	20	8	55	1	12503336	6075	4775	148	1925	4244	4632	2536	13292	512	
FL	-7400	-7400	28	24	0	20	20	21	9	56	1	12334216	6075	4775	148	1925	4244	4632	2536	13292	512	
FL	-7600	-7600	29	22	0	16	18	21	8	57	1	12170167	6075	4775	148	1925	4244	4632	2536	13292	512	
FL	-7800	-7800	29	22	0	18	18	19	7	61	1	12013912	6075	4775	148	1925	4244	4632	2536	13292	512	
FL	-8000	-8000	31	22	0	23	18	23	8	56	1	11862235	6075	4775	148	1925	4244	4632	2536	13292	512	
FL	-8200	-8200	35	21	0	25	17	16	9	60	2	11715134	6075	4775	148	1925	4244	4632	2536	13292	512	
FL	-8400	-8400	32	19	0	25	18	15	10	64	2	11571619	6075	4775	148	1925	4244	4632	2536	13292	512	
FL	-8600	-8600	31	15	0	26	17	14	9	61	1	11433104	6075	4775	148	1925	4244	4632	2536	13292	512	
FL	-8800	-8800	31	16	0	27	17	12	10	60	1	11297277	6075	4775	148	1925	4244	4632	2536	13292	512	
FL	-9000	-9000	28	15	0	27	20	11	9	62	1	11164794	6075	4775	148	1925	4244	4632	2536	13292	512	
FL	-9200	-9200	32	14	0	27	20	10	7	57	1	11037385	6075	4775	148	1925	4244	4632	2536	13292	512	
FL	-9400	-9400	32	18	0	28	22	11	6	56	1	10911425	6075	4775	148	1925	4244	4632	2536	13292	512	
FL	-9600	-9600	34	18	0	29	22	11	6	52	1	10788668	6075	4775	148	1925	4244	4632	2536	13292	512	
FL	-9800	-9800	31	21	0	28	23	12	10	53	1	10668768	6075	4775	148	1925	4244	4632	2536	13292	512	
FL	-10000	-10000	28	18	0	26	21	13	10	49	2	10549858	6075	4775	148	1925	4244	4632	2536	13292	512	
FL	-10200	-10200	27	16	0	25	19	12	10	47	2	10432606	6075	4775	148	1925	4244	4632	2536	13292	512	
FL	-10400	-10400	21	18	0	24	17	13	11	43	2	10318711	6075	4775	148	1925	4244	4632	2536	13292	512	
FL	-10600	-10600	18	18	0	25	18	13	12	42	2	10207111	6075	4775	148	1925	4244	4632	2536	13292	512	
FL	-10800	-10800	17	20	0	26	19	14	14	41	2	10100247	6075	4775	148	1925	4244	4632	2536	13292	512	
FL	-11000	-11000	17	19	0	25	20	12	13	41	2	9997192	6075	4775	148	1925	4244	4632	2536	13292	512	
FL	-11200	-11200	17	19	0	24	19	15	13	45	1	9897923	6075	4775	148	1925	4244	4632	2536	13292	512	
FL	-11400	-11400	16	19	0	23	17	15	11	47	1	9799996	6075	4775	148	1925	4244	4632	2536	13292	512	
FL	-11600	-11600	19	21	0	22	15	16	12	43	1	9701741	6075	4775	148	1925	4244	4632	2536	13292	512	
FL	-11800	-11800	17	19	0	20	17	16	11	44	1	9603503	6075	4775	148	1925	4244	4632	2536	13292	512	
FL	-12000	-12000	16	19	0	20	18	16	11	45	1	9505504	6075	4775	148	1925	4244	4632	2536	13292	512	
FL	-12200	-12200	18	15	0	20	18	17	9	50	1	9411382	6075	4775	148	1925	4244	4632	2536	13292	512	
FL	-12400	-12400	20	16	0	16	15	17	9	56	0	9320587	6075	4775	148	1925	4244	4632	2536	13292	512	
FL	-12600	-12600	19	18	0	17	16	16	9	61	0	9234530	6075	4775	148	1925	4244	4632	2536	13292	512	
FL	-12800	-12800	18	18	0	16	16	15	9	54	0	9153779	6075	4775	148	1925	4244	4632	2536	13292	512	
FL	-13000	-13000	18	18	0	13	15	14	10	53	0	9075193	6075	4775	148	1925	4244	4632	2536	13292	512	
FL	-13200	-13200	19	18	0	9	13	16	10	51	0	9000961	6075	4775	148	1925	4244	4632	2536	13292	512	
FL	-13400	-13400	20	20	0	9	11	14	10	50	0	8932170	6075	4775	148	1925	4244	4632	2536	13292	512	
FL	-13600	-13600	19	20	0	7	9	14	10	45	0	8865141	6075	4775	148	1925	4244	4632	2536	13292	512	
FL	-13800	-13800	19	20	0	7	8	13	11	41	0	8798686	6075	4775	148	1925	4244	4632	2536	13292	512	
FL	-14000	-14000	15	22	0	7	8	13	8	37	0	8731895	6075	4775	148	1925	4244	4632	2536	13292	512	
FL	-14200	-14200	15	22	0	7	8	14	7	38	0	8665802	6075	4775	148	1925	4244	4632	2536	13292	512	
FL	-14400	-14400	14	22	0	8	8	15	5	38	0	8602420	6075	4775	148	1925	4244	4632	2536	13292	512	
FL	-14600	-14600	15	25	0	8	9	13	4	38	1	8540543	6075	4775	148	1925	4244	4632	2536	13292	512	
FL	-14800	-14800	16	25	0	8	7	13	4	35	1	8479354	6075	4775	148	1925	4244	4632	2536	13292	512	
FL	-15000	-15000	20	25	0	8	10	14	5	36	2	8418450	6075	4775	148	1925	4244	4632	2536	13292	512	
FL	-15200	-15200	17	23	0	8	10	13	4	40	2	8357827	6075	4775	148	1925	4244	4632	2536	13292	512	
FL	-15400	-15400	17	21	0	8	9	14	7	39	2	8298952	6075	4775	148	1925	4244	4632	2536	13292	512	
FL	-15600	-15600	15	21	0	7	8	13	8	40	0	8241136	6075	4775	148	1925	4244	4632	2536	13292	512	
FL	-15800	-15800	18	17	0	7	8	13	8	36	0	8185048	6075	4775	148	1925	4244	4632	2536	13292	512	
FL	-16000	-16000	19	15	0	8	7	14	7	35	1	8129219	6075	4775	148	1925	4244	4632	2536	13292	512	
FL	-16200	-16200	20	11	0	9	4	13	6	29	1	8074755	6075	4775	148	1925	4244	4632	2536	13292	512	
FL	-16400	-16400	19	11	0	10	6	12	7	32	1	8021234	6075	4775	148	1925	4244	4632	2536	13292	512	
FL	-16600	-16600	21	11	0	10	8	13	8	35	1	7967993	6075	4775	148	1925	4244	4632	2536	13292	512	
FL	-16800	-16800	24	10	0	10	9	15	6	30	1	7915681	6075	4775	148	1925	4244	4632	2536	13292	512	
FL	-17000	-17000	25	11	0	9	8	16	6	28	1	7862653	6075	4775	148	1925	4244	4632	2536	13292	512	
FL	-17200	-17200	21	11	1	8	10	14	6	33	1	7809425	6075	4775	148	1925	4244	4632	2536	13292	512	
FL	-17400	-17400	18	11	1	8	8	10	9	33	2	7756930	6075	4775	148	1925	4244	4632	2536	13292	512	
FL	-17600	-17600	17	13	1	8	8	5	8	34	2	7705992	6075	4775	148	1925	4244	4632	2536	13292	512	
FL	-17800	-17800	17	14	1	9	8	5	4	35	2	7658602	6075	4775	148	1925	4244	4632	2536	13292	512	
FL	-18000	-18000	18	15	0	10	9	6	7	37	3	7612302	6075	4775	148	1925	4244	4632	2536	13292	512	
FL	-18200	-18200	16	17	0	11	12	4	7	35	3	7566745	6075	4775	148	1925	4244	4632	2536	13292	512	
FL	-18400	-18400	15	16	0	11	10	6	8	42	3	7521778	6075	4775	148	1925	4244	4632	2536	13292	512	
FL	-18600	-18600	15	14	1	11	9	6	6	42	3	7478368	6075	4775	148	1925	4244	4632	2536	13292	512	
FL	-18800	-18800	12	11	1	11	8	5	7	41	2	7436956	6075	4775	148	1925	4244	4632	2536	13292	512	
FL	-19000	-19000	12	9	1	10	9	5	7	37	2	7396628	6075	4775	148	1925	4244	4632	2536	13292	512	
FL	-19200	-19200	13	9	1	9	9	6	6	37	2	7356421	6075	4775	148	1925	4244	4632	2536	13292	512	
FL	-19400	-19400	13	12	1	9	11	6	7	37	2	7315066	6075	4775	148	1925	4244	4632	2536	13292	512	
FL	-19600	-19600	13	13	1	9	8	6	5	37	2	7274364	6075	4775	148	1925	4244	4632	2536	13292	512	
FL	-19800	-19800	19	16	0	10	8	9	4	35	2	7234285	6075	4775	148	1925	4244	4632	2536	13292	512	
FL	-20000	-20000	20	15	0	10	9	13	4	32	2	7194033	6075	4775	148	1925	4244	4632	2536	13292	512	
FL	-20200	-20200	20	14	0	7	13	12	4	31	1	7152410	6075	4775	148	1925	4244	4632	2536	13292	512	
FL	-20400	-20400	21	13	0	7	13	14	4	29	1	7110855	6075	4775	148	1925	4244	4632	2536	13292	512	
FL	-20600	-20600	24	16	1	5	13	15	5	29	2	7070082	6075	4775	148	1925	4244	4632	2536	13292	512	
FL	-20800	-20800	24	14	1	5	10	15	7	32	2	7030517	6075	4775	148	1925	4244	4632	2536	13292	512	
FL	-21000	-21000	22	13	1	2	11	16	8	29	1	6991651	6075	4775	148	1925	4244	4632	2536	13292	512	
FL	-21200	-21200	24	13	1	1	12	17	7	34	1	6954116	6075	4775	148	1925	4244	4632	2536	13292	512	
FL	-21400	-21400	22	13	1	3	15	17	7	33	1	6917009	6075	4775	148	1925	4244	4632	2536	13292	512	
FL	-21600	-21600	23	13	1	3	16	17	7	31	0	6880824	6075	4775	148	1925	4244	4632	2536	13292	512	
FL	-21800	-21800	23	12	1	3	16	21	8	32	0	6844519	6075	4775	148	1925	4244	4632	2536	13292	512	
FL	-22000	-22000	24	10	1	3	17	19	9	29	0	6808244	6075	4775	148	1925	4244	4632	2536	13292	512	
FL	-22200	-22200	22	10	0	3	16	20	8	31	0	6772348	6075	4775	148	1925	4244	4632	2536	13292	512	
FL	-22400	-22400	21	10	0	3	15	21	8	31	0	6736695	6075	4775	148	1925	4244	4632	2536	13292	512	
FL	-22600	-22600	19	10	0	5	14	17	7	32	0	6702220	6075	4775	148	1925	4244	4632	2536	13292	512	
FL	-22800	-22800	18	12	0	6	14	15	5	31	0	6667127	6075	4775	148	1925	4244	4632	2536	13292	512	
FL	-23000	-23000	16	13	0	6	12	17	4	25	0	6632844	6075	4775	148	1925	4244	4632	2536	13292	512	
FL	-23200	-23200	15	14	0	4	11	18	5	25	0	6598809	6075	4775	148	1925	4244	4632	2536	13292	512	
FL	-23400	-23400	16	15	0	1	13	14	5	26	0	6566398	6075	4775	148	1925	4244	4632	2536	13292	512	
FL	-23600	-23600	16	12	0	1	11	13	4	27	0	6535324	6075	4775	148	1925	4244	4632	2536	13292	512	
FL	-23800	-23800	18	9	0	2	9	12	5	29	0	6504620	6075	4775	148	1925	4244	4632	2536	13292	512	
FL	-24000	-24000	16	7	0	2	8	10	4	26	0	6475115	6075	4775	148	1925	4244	4632	2536	13292	512	
FL	-24200	-24200	17	7	0	2	8	11	3	26	1	6446616	6075	4775	148	1925	4244	4632	2536	13292	512	
FL	-24400	-24400	17	8	0	1	6	9	2	24	1	6418570	6075	4775	148	1925	4244	4632	2536	13292	512	
FL	-24600	-24600	14	9	0	1	7	11	1	25	1	6390738	6075	4775	148	1925	4244	4632	2536	13292	512	
FL	-24800	-24800	13	8	0	1	9	11	0	24	1	6362272	6075	4775	148	1925	4244	4632	2536	13292	512	
FL	-25000	-25000	13	10	0	1	10	9	0	27	1	6334471	6075	4775	148	1925	4244	4632	2536	13292	512	
FL	-25200	-25200	16	11	0	1	10	9	1	27	1	6306193	6075	4775	148	1925	4244	4632	2536	13292	512	
FL	-25400	-25400	16	13	0	1	10	10	3	27	1	6277733	6075	4775	148	1925	4244	4632	2536	13292	512	
FL	-25600	-25600	15	11	0	2	14	10	3	26	1	6249296	6075	4775	148	1925	4244	4632	2536	13292	512	
FL	-25800	-25800	17	11	0	3	11	11	4	28	1	6220867	6075	4775	148	1925	4244	4632	2536	13292	512	
FL	-26000	-26000	16	10	0	2	9	12	5	29	1	6191978	6075	4775	148	1925	4244	4632	2536	13292	512	
FL	-26200	-26200	13	13	0	3	8	14	5	30	1	6163803	6075	4775	148	1925	4244	4632	2536	13292	512	
FL	-26400	-26400	12	17	0	4	8	16	4	30	2	6135178	6075	4775	148	1925	4244	4632	2536	13292	512	
FL	-26600	-26600	12	17	1	3	9	12	5	27	2	6107015	6075	4775	148	1925	4244	4632	2536	13292	512	
FL	-26800	-26800	13	15	1	3	8	14	4	29	1	6079938	6075	4775	148	1925	4244	4632	2536	13292	512	
FL	-27000	-27000	11	12	1	5	7	15	3	26	0	6052731	6075	4775	148	1925	4244	4632	2536	13292	512	
FL	-27200	-27200	10	10	1	6	6	13	4	25	0	6026081	6075	4775	148	1925	4244	4632	2536	13292	512	
FL	-27400	-27400	9	13	1	6	5	10	7	32	1	5999303	6075	4775	148	1925	4244	4632	2536	13292	512	
FL	-27600	-27600	8	13	0	6	6	11	7	35	1	5973865	6075	4775	148	1925	4244	4632	2536	13292	512	
FL	-27800	-27800	7	14	0	6	4	11	9	33	1	5949846	6075	4775	148	1925	4244	4632	2536	13292	512	
FL	-28000	-28000	10	15	0	5	8	11	8	37	0	5926830	6075	4775	148	1925	4244	4632	2536	13292	512	
FL	-28200	-28200	11	14	0	6	8	10	9	30	0	5903811	6075	4775	148	1925	4244	4632	2536	13292	512	
FL	-28400	-28400	11	14	0	5	7	11	6	31	0	5881036	6075	4775	148	1925	4244	4632	2536	13292	512	
FL	-28600	-28600	10	14	0	3	8	11	5	33	0	5857774	6075	4775	148	1925	4244	4632	2536	13292	512	
FL	-28800	-28800	8	13	0	3	7	11	5	26	0	5834748	6075	4775	148	1925	4244	4632	2536	13292	512	
FL	-29000	-29000	9	9	0	3	6	12	6	24	0	5810752	6075	4775	148	1925	4244	4632	2536	13292	512	
FL	-29200	-29200	11	9	0	3	6	11	7	27	1	5786687	6075	4775	148	1925	4244	4632	2536	13292	512	
FL	-29400	-29400	10	9	0	1	9	9	7	26	1	5763158	6075	4775	148	1925	4244	4632	2536	13292	512	
FL	-29600	-29600	11	8	0	1	12	7	6	27	1	5741559	6075	4775	148	1925	4244	4632	2536	13292	512	
FL	-29800	-29800	17	12	0	1	13	5	6	24	1	5721039	6075	4775	148	1925	4244	4632	2536	13292	512	
FL	-30000	-30000	20	11	0	3	11	7	5	31	0	5701494	6075	4775	148	1925	4244	4632	2536	13292	512	
FL	-30200	-30200	16	11	0	3	11	8	5	33	0	5683277	6075	4775	148	1925	4244	4632	2536	13292	512	
FL	-30400	-30400	14	11	0	4	10	9	6	36	0	5665575	6075	4775	148	1925	4244	4632	2536	13292	512	
FL	-30600	-30600	15	11	0	3	10	9	7	36	0	5647191	6075	4775	148	1925	4244	4632	2536	13292	512	
FL	-30800	-30800	14	12	0	3	10	7	7	34	0	5629542	6075	4775	148	1925	4244	4632	2536	13292	512	
FL	-31000	-31000	12	13	0	3	8	6	8	35	0	5613086	6075	4775	148	1925	4244	4632	2536	13292	512	
FL	-31200	-31200	13	12	0	5	6	4	8	35	1	5596791	6075	4775	148	1925	4244	4632	2536	13292	512	
FL	-31400	-31400	13	12	0	4	6	7	8	33	1	5580738	6075	4775	148	1925	4244	4632	2536	13292	512	
FL	-31600	-31600	11	10	0	6	7	7	6	33	1	5564357	6075	4775	148	1925	4244	4632	2536	13292	512	
FL	-31800	-31800	12	9	0	6	7	8	5	27	0	5547483	6075	4775	148	1925	4244	4632	2536	13292	512	
FL	-32000	-32000	12	9	0	6	8	9	5	26	1	5530998	6075	4775	148	1925	4244	4632	2536	13292	512	
FL	-32200	-32200	14	9	0	5	8	10	4	26	1	5513823	6075	4775	148	1925	4244	4632	2536	13292	512	
FL	-32400	-32400	16	9	0	5	7	10	4	27	2	5495326	6075	4775	148	1925	4244	4632	2536	13292	512	
FL	-32600	-32600	17	9	0	6	8	12	4	25	2	5476012	6075	4775	148	1925	4244	4632	2536	13292	512	
FL	-32800	-32800	16	7	0	6	9	13	6	23	2	5456115	6075	4775	148	1925	4244	4632	2536	13292	512	
FL	-33000	-33000	19	7	1	6	6	13	6	24	1	5436228	6075	4775	148	1925	4244	4632	2536	13292	512	
FL	-33200	-33200	22	6	1	5	6	14	5	20	1	5416132	6075	4775	148	1925	4244	4632	2536	13292	512	
FL	-33400	-33400	20	6	1	5	6	14	5	17	1	5396746	6075	4775	148	1925	4244	4632	2536	13292	512	
FL	-33600	-33600	18	8	1	4	5	17	5	21	2	5377691	6075	4775	148	1925	4244	4632	2536	13292	512	
FL	-33800	-33800	18	6	1	4	5	15	5	22	2	5358998	6075	4775	148	1925	4244	4632	2536	13292	512	
FL	-34000	-34000	18	7	1	3	6	15	7	26	1	5341194	6075	4775	148	1925	4244	4632	2536	13292	512	
FL	-34200	-34200	19	7	0	0	7	16	8	27	1	5324429	6075	4775	148	1925	4244	4632	2536	13292	512	
FL	-34400	-34400	18	8	0	1	10	15	8	27	1	5308037	6075	4775	148	1925	4244	4632	2536	13292	512	
FL	-34600	-34600	12	9	1	1	11	14	7	22	1	5292249	6075	4775	148	1925	4244	4632	2536	13292	512	
FL	-34800	-34800	14	13	1	1	13	11	8	18	1	5275632	6075	4775	148	1925	4244	4632	2536	13292	512	
FL	-35000	-35000	17	9	1	1	12	10	8	22	1	5259673	6075	4775	148	1925	4244	4632	2536	13292	512	
FL	-35200	-35200	15	9	0	1	13	8	9	20	1	5244397	6075	4775	148	1925	4244	4632	2536	13292	512	
FL	-35400	-35400	16	6	0	1	11	7	8	18	1	5229953	6075	4775	148	1925	4244	4632	2536	13292	512	
FL	-35600	-35600	16	7	0	1	10	8	7	17	1	5215449	6075	4775	148	1925	4244	4632	2536	13292	512	
FL	-35800	-35800	14	8	0	2	10	8	5	13	1	5201039	6075	4775	148	1925	4244	4632	2536	13292	512	
FL	-36000	-36000	14	8	0	2	10	9	5	15	1	5185089	6075	4775	148	1925	4244	4632	2536	13292	512	
FL	-36200	-36200	11	7	0	3	12	7	4	13	0	5168575	6075	4775	148	1925	4244	4632	2536	13292	512	
FL	-36400	-36400	8	9	0	3	11	7	3	11	0	5151978	6075	4775	148	1925	4244	4632	2536	13292	512	
FL	-36600	-36600	8	8	0	8	11	6	2	14	0	5135981	6075	4775	148	1925	4244	4632	2536	13292	512	
FL	-36800	-36800	8	8	0	8	12	8	2	15	0	5120459	6075	4775	148	1925	4244	4632	2536	13292	512	
FL	-37000	-37000	10	10	0	7	12	10	3	18	0	5106234	6075	4775	148	1925	4244	4632	2536	13292	512	
FL	-37200	-37200	9	9	0	7	10	12	3	20	0	5091642	6075	4775	148	1925	4244	4632	2536	13292	512	
FL	-37400	-37400	9	6	0	7	13	11	6	23	1	5077091	6075	4775	148	1925	4244	4632	2536	13292	512	
FL	-37600	-37600	10	7	0	6	11	13	6	25	1	5062824	6075	4775	148	1925	4244	4632	2536	13292	512	
FL	-37800	-37800	9	8	0	6	11	14	6	24	1	5048655	6075	4775	148	1925	4244	4632	2536	13292	512	
FL	-38000	-38000	9	9	0	3	12	13	5	28	0	5034090	6075	4775	148	1925	4244	4632	2536	13292	512	
FL	-38200	-38200	9	9	0	3	9	14	5	25	0	5019197	6075	4775	148	1925	4244	4632	2536	13292	512	
FL	-38400	-38400	8	7	0	3	10	14	4	20	0	5004996	6075	4775	148	1925	4244	4632	2536	13292	512	
FL	-38600	-38600	11	6	1	3	9	9	4	23	0	4990533	6075	4775	148	1925	4244	4632	2536	13292	512	
FL	-38800	-38800	13	7	2	3	8	8	2	21	0	4975567	6075	4775	148	1925	4244	4632	2536	13292	512	
FL	-39000	-39000	13	8	2	3	7	5	2	21	0	4960648	6075	4775	148	1925	4244	4632	2536	13292	512	
FL	-39200	-39200	15	8	2	3	8	7	3	24	0	4946482	6075	4775	148	1925	4244	4632	2536	13292	512	
FL	-39400	-39400	13	7	2	5	8	7	3	23	0	4932386	6075	4775	148	1925	4244	4632	2536	13292	512	
FL	-39600	-39600	16	6	2	5	7	7	3	20	0	4920520	6075	4775	148	1925	4244	4632	2536	13292	512	
FL	-39800	-39800	18	6	2	5	6	7	3	24	0	4908022	6075	4775	148	1925	4244	4632	2536	13292	512	
FL	-40000	-40000	16	6	2	5	8	6	1	24	0	4895846	6075	4775	148	1925	4244	4632	2536	13292	512	
FL	-40200	-40200	16	6	2	6	8	7	3	23	1	4884745	6075	4775	148	1925	4244	4632	2536	13292	512	
FL	-40400	-40400	16	6	1	7	7	8	3	26	2	4873817	6075	4775	148	1925	4244	4632	2536	13292	512	
FL	-40600	-40600	15	6	1	7	6	7	3	24	2	4863115	6075	4775	148	1925	4244	4632	2536	13292	512	
FL	-40800	-40800	12	6	1	5	5	7	3	27	3	4851418	6075	4775	148	1925	4244	4632	2536	13292	512	
FL	-41000	-41000	11	5	2	6	5	5	4	23	3	4839757	6075	4775	148	1925	4244	4632	2536	13292	512	
FL	-41200	-41200	8	6	2	5	6	4	4	24	3	4827593	6075	4775	148	1925	4244	4632	2536	13292	512	
FL	-41400	-41400	8	5	2	6	7	5	4	20	2	4815168	6075	4775	148	1925	4244	4632	2536	13292	512	
FL	-41600	-41600	12	6	2	6	6	5	5	17	3	4803481	6075	4775	148	1925	4244	4632	2536	13292	512	
FL	-41800	-41800	12	6	2	5	6	4	6	18	3	4792981	6075	4775	148	1925	4244	4632	2536	13292	512	
FL	-42000	-42000	11	8	2	5	5	6	7	15	3	4782867	6075	4775	148	1925	4244	4632	2536	13292	512	
FL	-42200	-42200	11	9	1	4	5	6	6	13	2	4773766	6075	4775	148	1925	4244	4632	2536	13292	512	
FL	-42400	-42400	11	8	1	5	6	7	7	15	1	4765575	6075	4775	148	1925	4244	4632	2536	13292	512	
FL	-42600	-42600	11	7	0	5	6	8	8	17	1	4757856	6075	4775	148	1925	4244	4632	2536	13292	512	
FL	-42800	-42800	8	7	0	3	6	4	8	19	1	4749188	6075	4775	148	1925	4244	4632	2536	13292	512	
FL	-43000	-43000	8	8	0	5	3	5	9	25	1	4739299	6075	4775	148	1925	4244	4632	2536	13292	512	
FL	-43200	-43200	6	10	0	7	3	5	11	33	0	4728303	6075	4775	148	1925	4244	4632	2536	13292	512	
FL	-43400	-43400	5	11	0	9	3	5	10	33	0	4716112	6075	4775	148	1925	4244	4632	2536	13292	512	
FL	-43600	-43600	5	9	0	6	4	5	6	29	0	4702483	6075	4775	148	1925	4244	4632	2536	13292	512	
FL	-43800	-43800	6	9	0	6	5	5	7	28	0	4688460	6075	4775	148	1925	4244	4632	2536	13292	512	
FL	-44000	-44000	6	10	0	6	4	6	6	27	0	4675861	6075	4775	148	1925	4244	4632	2536	13292	512	
FL	-44200	-44200	6	11	0	6	4	5	5	26	0	4663137	6075	4775	148	1925	4244	4632	2536	13292	512	
FL	-44400	-44400	9	9	0	6	4	6	4	26	0	4651228	6075	4775	148	1925	4244	4632	2536	13292	512	
FL	-44600	-44600	10	7	0	4	5	4	5	25	0	4639959	6075	4775	148	1925	4244	4632	2536	13292	512	
FL	-44800	-44800	10	8	0	4	4	5	3	26	0	4628275	6075	4775	148	1925	4244	4632	2536	13292	512	
FL	-45000	-45000	13	9	0	3	5	6	3	19	0	4616674	6075	4775	148	1925	4244	4632	2536	13292	512	
FL	-45200	-45200	8	10	0	2	6	6	3	21	0	4605931	6075	4775	148	1925	4244	4632	2536	13292	512	
FL	-45400	-45400	9	10	0	2	6	7	2	22	0	4596178	6075	4775	148	1925	4244	4632	2536	13292	512	
FL	-45600	-45600	8	14	1	2	5	6	2	21	0	4587057	6075	4775	148	1925	4244	4632	2536	13292	512	
FL	-45800	-45800	8	14	1	1	5	6	3	23	0	4577808	6075	4775	148	1925	4244	4632	2536	13292	512	
FL	-46000	-46000	7	15	1	1	6	8	3	24	0	4568527	6075	4775	148	1925	4244	4632	2536	13292	512	
FL	-46200	-46200	7	14	1	1	6	7	4	22	0	4559718	6075	4775	148	1925	4244	4632	2536	13292	512	
FL	-46400	-46400	9	11	1	1	6	7	4	20	0	4551334	6075	4775	148	1925	4244	4632	2536	13292	512	
FL	-46600	-46600	11	10	0	1	5	5	3	20	0	4543085	6075	4775	148	1925	4244	4632	2536	13292	512	
FL	-46800	-46800	9	8	0	2	6	8	3	20	0	4534114	6075	4775	148	1925	4244	4632	2536	13292	512	
FL	-47000	-47000	9	9	0	2	6	5	2	20	0	4525241	6075	4775	148	1925	4244	4632	2536	13292	512	
FL	-47200	-47200	8	7	0	2	5	5	3	18	0	4517374	6075	4775	148	1925	4244	4632	2536	13292	512	
FL	-47400	-47400	6	7	0	1	4	2	3	18	1	4509223	6075	4775	148	1925	4244	4632	2536	13292	512	
FL	-47600	-47600	8	8	0	3	5	3	4	17	1	4500876	6075	4775	148	1925	4244	4632	2536	13292	512	
FL	-47800	-47800	7	6	0	3	6	2	4	16	1	4492173	6075	4775	148	1925	4244	4632	2536	13292	512	
FL	-48000	-48000	7	6	0	3	6	2	4	13	1	4483383	6075	4775	148	1925	4244	4632	2536	13292	512	
FL	-48200	-48200	6	6	0	3	5	2	4	14	1	4474795	6075	4775	148	1925	4244	4632	2536	13292	512	
FL	-48400	-48400	7	7	0	3	3	3	4	15	1	4465742	6075	4775	148	1925	4244	4632	2536	13292	512	
FL	-48600	-48600	7	8	1	5	7	4	6	16	1	4455599	6075	4775	148	1925	4244	4632	2536	13292	512	
FL	-48800	-48800	7	8	1	4	8	4	9	17	1	4444647	6075	4775	148	1925	4244	4632	2536	13292	512	
FL	-49000	-49000	4	7	1	3	8	3	10	17	2	4433322	6075	4775	148	1925	4244	4632	2536	13292	512	
FL	-49200	-49200	5	4	1	3	10	4	10	21	1	4422527	6075	4775	148	1925	4244	4632	2536	13292	512	
FL	-49400	-49400	5	4	1	2	12	4	11	21	1	4412323	6075	4775	148	1925	4244	4632	2536	13292	512	
FL	-49600	-49600	8	6	0	2	10	2	12	20	1	4402938	6075	4775	148	1925	4244	4632	2536	13292	512	
FL	-49800	-49800	9	6	0	3	12	4	12	15	1	4394821	6075	4775	148	1925	4244	4632	2536	13292	512	
FL	-50000	-50000	10	6	0	3	6	4	12	15	0	4386818	6075	4775	148	1925	4244	4632	2536	13292	512	
FL	-50200	-50200	12	7	0	2	7	2	11	12	0	4378937	6075	4775	148	1925	4244	4632	2536	13292	512	
FL	-50400	-50400	14	7	0	1	5	2	10	13	0	4371149	6075	4775	148	1925	4244	4632	2536	13292	512	
FL	-50600	-50600	14	8	0	2	5	1	8	14	0	4362995	6075	4775	148	1925	4244	4632	2536	13292	512	
FL	-50800	-50800	11	9	0	2	4	1	8	15	0	4354795	6075	4775	148	1925	4244	4632	2536	13292	512	
FL	-51000	-51000	9	10	0	2	4	2	8	17	0	4346441	6075	4775	148	1925	4244	4632	2536	13292	512	
FL	-51200	-51200	9	11	0	4	4	2	5	16	1	4336650	6075	4775	148	1925	4244	4632	2536	13292	512	
FL	-51400	-51400	7	11	0	6	5	3	5	16	1	4326035	6075	4775	148	1925	4244	4632	2536	13292	512	
FL	-51600	-51600	6	12	0	5	4	3	5	15	2	4314508	6075	4775	148	1925	4244	4632	2536	13292	512	
FL	-51800	-51800	5	10	0	5	5	3	6	13	2	4303856	6075	4775	148	1925	4244	4632	2536	13292	512	
FL	-52000	-52000	3	7	0	4	7	4	6	11	2	4293007	6075	4775	148	1925	4244	4632	2536	13292	512	
FL	-52200	-52200	5	4	0	4	10	4	4	12	2	4281405	6075	4775	148	1925	4244	4632	2536	13292	512	
FL	-52400	-52400	7	5	0	2	10	5	4	14	3	4270486	6075	4775	148	1925	4244	4632	2536	13292	512	
FL	-52600	-52600	7	8	0	1	7	3	5	16	2	4260337	6075	4775	148	1925	4244	4632	2536	13292	512	
FL	-52800	-52800	8	6	0	2	6	3	7	18	2	4251105	6075	4775	148	1925	4244	4632	2536	13292	512	
FL	-53000	-53000	9	8	0	2	3	4	7	16	2	4242456	6075	4775	148	1925	4244	4632	2536	13292	512	
FL	-53200	-53200	9	8	0	1	3	5	4	20	1	4233799	6075	4775	148	1925	4244	4632	2536	13292	512	
FL	-53400	-53400	8	7	0	1	5	5	4	22	1	4225244	6075	4775	148	1925	4244	4632	2536	13292	512	
FL	-53600	-53600	8	5	0	1	5	7	4	24	0	4216736	6075	4775	148	1925	4244	4632	2536	13292	512	
FL	-53800	-53800	7	5	0	1	4	7	4	22	0	4208158	6075	4775	148	1925	4244	4632	2536	13292	512	
FL	-54000	-54000	8	5	0	2	4	7	5	21	0	4199816	6075	4775	148	1925	4244	4632	2536	13292	512	
FL	-54200	-54200	7	6	0	1	3	5	4	21	0	4190332	6075	4775	148	1925	4244	4632	2536	13292	512	
FL	-54400	-54400	6	5	0	1	5	5	5	25	0	4179095	6075	4775	148	1925	4244	4632	2536	13292	512	
FL	-54600	-54600	5	5	0	2	7	4	4	26	0	4167597	6075	4775	148	1925	4244	4632	2536	13292	512	
FL	-54800	-54800	4	5	0	2	8	3	5	25	0	4155979	6075	4775	148	1925	4244	4632	2536	13292	512	
FL	-55000	-55000	5	4	0	3	6	3	6	26	0	4144901	6075	4775	148	1925	4244	4632	2536	13292	512	
FL	-55200	-55200	3	4	0	3	5	2	6	20	0	4134803	6075	4775	148	1925	4244	4632	2536	13292	512	
FL	-55400	-55400	5	4	0	3	7	4	7	19	0	4124838	6075	4775	148	1925	4244	4632	2536	13292	512	
FL	-55600	-55600	5	4	0	3	8	3	6	18	0	4114084	6075	4775	148	1925	4244	4632	2536	13292	512	
FL	-55800	-55800	5	3	0	3	7	4	4	17	0	4102642	6075	4775	148	1925	4244	4632	2536	13292	512	
FL	-56000	-56000	5	4	0	3	7	4	5	19	0	4091031	6075	4775	148	1925	4244	4632	2536	13292	512	
FL	-56200	-56200	7	5	0	6	5	4	4	17	0	4080357	6075	4775	148	1925	4244	4632	2536	13292	512	
FL	-56400	-56400	5	6	0	6	6	5	4	16	0	4070438	6075	4775	148	1925	4244	4632	2536	13292	512	
FL	-56600	-56600	5	5	0	6	4	3	5	17	0	4060515	6075	4775	148	1925	4244	4632	2536	13292	512	
FL	-56800	-56800	5	6	0	4	4	4	3	22	0	4050813	6075	4775	148	1925	4244	4632	2536	13292	512	
FL	-57000	-57000	8	7	0	5	3	6	2	21	0	4040952	6075	4775	148	1925	4244	4632	2536	13292	512	
FL	-57200	-57200	8	8	0	5	3	6	4	25	0	4031119	6075	4775	148	1925	4244	4632	2536	13292	512	
FL	-57400	-57400	9	8	0	7	3	6	6	26	0	4021414	6075	4775	148	1925	4244	4632	2536	13292	512	
FL	-57600	-57600	10	9	0	8	3	5	6	24	0	4011205	6075	4775	148	1925	4244	4632	2536	13292	512	
FL	-57800	-57800	8	7	0	8	3	5	6	23	1	4001556	6075	4775	148	1925	4244	4632	2536	13292	512	
FL	-58000	-58000	8	5	0	6	4	6	6	24	1	3992200	6075	4775	148	1925	4244	4632	2536	13292	512	
FL	-58200	-58200	7	5	0	4	4	7	8	20	1	3982942	6075	4775	148	1925	4244	4632	2536	13292	512	
FL	-58400	-58400	8	6	0	4	4	6	6	25	1	3973460	6075	4775	148	1925	4244	4632	2536	13292	512	
FL	-58600	-58600	10	3	0	5	5	6	7	19	1	3963813	6075	4775	148	1925	4244	4632	2536	13292	512	
FL	-58800	-58800	10	3	0	6	5	6	7	17	1	3954944	6075	4775	148	1925	4244	4632	2536	13292	512	
FL	-59000	-59000	11	4	0	5	5	7	7	20	1	3945951	6075	4775	148	1925	4244	4632	2536	13292	512	
FL	-59200	-59200	10	5	0	5	6	7	6	20	0	3935959	6075	4775	148	1925	4244	4632	2536	13292	512	
FL	-59400	-59400	11	5	0	5	7	6	4	23	0	3925760	6075	4775	148	1925	4244	4632	2536	13292	512	
FL	-59600	-59600	8	4	0	5	6	5	4	27	0	3915354	6075	4775	148	1925	4244	4632	2536	13292	512	
FL	-59800	-59800	14	4	0	7	6	5	4	27	0	3905538	6075	4775	148	1925	4244	4632	2536	13292	512	
FL	-60000	-60000	16	2	0	8	8	7	3	31	0	3896363	6075	4775	148	1925	4244	4632	2536	13292	512	
FL	-60200	-60200	16	2	0	8	9	8	3	29	0	3887107	6075	4775	148	1925	4244	4632	2536	13292	512	
FL	-60400	-60400	10	3	0	8	10	7	7	26	1	3878962	6075	4775	148	1925	4244	4632	2536	13292	512	
FL	-60600	-60600	8	2	0	6	7	7	7	23	1	3871153	6075	4775	148	1925	4244	4632	2536	13292	512	
FL	-60800	-60800	8	3	0	6	6	9	7	22	1	3862834	6075	4775	148	1925	4244	4632	2536	13292	512	
FL	-61000	-61000	10	4	0	6	7	7	8	19	1	3854572	6075	4775	148	1925	4244	4632	2536	13292	512	
FL	-61200	-61200	11	5	1	6	7	8	7	18	1	3845448	6075	4775	148	1925	4244	4632	2536	13292	512	
FL	-61400	-61400	12	5	1	12	6	7	7	18	0	3837144	6075	4775	148	1925	4244	4632	2536	13292	512	
FL	-61600	-61600	8	5	1	12	7	6	5	20	0	3829703	6075	4775	148	1925	4244	4632	2536	13292	512	
FL	-61800	-61800	9	4	0	9	7	8	3	17	0	3822253	6075	4775	148	1925	4244	4632	2536	13292	512	
FL	-62000	-62000	13	6	0	8	5	8	4	17	0	3815247	6075	4775	148	1925	4244	4632	2536	13292	512	
FL	-62200	-62200	12	7	0	8	8	8	4	12	0	3808268	6075	4775	148	1925	4244	4632	2536	13292	512	
FL	-62400	-62400	13	6	0	8	10	7	5	12	0	3801573	6075	4775	148	1925	4244	4632	2536	13292	512	
FL	-62600	-62600	13	7	0	8	12	5	6	16	0	3795009	6075	4775	148	1925	4244	4632	2536	13292	512	
FL	-62800	-62800	10	7	0	7	11	4	6	19	0	3788577	6075	4775	148	1925	4244	4632	2536	13292	512	
FL	-63000	-63000	11	5	0	6	13	3	5	20	0	3782591	6075	4775	148	1925	4244	4632	2536	13292	512	
FL	-63200	-63200	11	7	0	6	13	3	3	21	0	3777235	6075	4775	148	1925	4244	4632	2536	13292	512	
FL	-63400	-63400	12	11	0	7	9	2	4	19	0	3773116	6075	4775	148	1925	4244	4632	2536	13292	512	
FL	-63600	-63600	10	12	0	3	7	1	4	15	0	3769435	6075	4775	148	1925	4244	4632	2536	13292	512	
FL	-63800	-63800	12	12	0	3	7	0	4	16	0	3764884	6075	4775	148	1925	4244	4632	2536	13292	512	
FL	-64000	-64000	12	15	0	2	6	0	7	14	0	3760165	6075	4775	148	1925	4244	4632	2536	13292	512	
FL	-64200	-64200	11	14	0	3	6	1	6	11	0	3754960	6075	4775	148	1925	4244	4632	2536	13292	512	
FL	-64400	-64400	9	14	0	2	5	3	7	11	0	3749587	6075	4775	148	1925	4244	4632	2536	13292	512	
FL	-64600	-64600	8	9	0	2	5	5	7	11	0	3744424	6075	4775	148	1925	4244	4632	2536	13292	512	
FL	-64800	-64800	9	6	0	2	5	6	5	7	0	3738625	6075	4775	148	1925	4244	4632	2536	13292	512	
FL	-65000	-65000	10	6	0	2	6	7	5	6	0	3732555	6075	4775	148	1925	4244	4632	2536	13292	512	
FL	-65200	-65200	10	5	0	1	6	8	4	7	1	3726401	6075	4775	148	1925	4244	4632	2536	13292	512	
FL	-65400	-65400	10	5	0	0	7	8	4	7	2	3721146	6075	4775	148	1925	4244	4632	2536	13292	512	
FL	-65600	-65600	7	6	0	0	6	9	4	7	2	3716275	6075	4775	148	1925	4244	4632	2536	13292	512	
FL	-65800	-65800	8	6	0	1	4	9	3	8	2	3711514	6075	4775	148	1925	4244	4632	2536	13292	512	
FL	-66000	-66000	8	6	0	1	4	7	2	12	1	3706381	6075	4775	148	1925	4244	4632	2536	13292	512	
FL	-66200	-66200	6	5	0	1	3	4	2	15	1	3700973	6075	4775	148	1925	4244	4632	2536	13292	512	
FL	-66400	-66400	8	5	0	0	4	5	4	17	1	3695225	6075	4775	148	1925	4244	4632	2536	13292	512	
FL	-66600	-66600	9	5	0	0	4	5	4	17	1	3689825	6075	4775	148	1925	4244	4632	2536	13292	512	
FL	-66800	-66800	8	5	0	0	4	7	4	18	1	3684754	6075	4775	148	1925	4244	4632	2536	13292	512	
FL	-67000	-67000	8	4	0	0	4	6	4	16	1	3680190	6075	4775	148	1925	4244	4632	2536	13292	512	
FL	-67200	-67200	7	4	0	1	4	7	3	14	0	3675091	6075	4775	148	1925	4244	4632	2536	13292	512	
FL	-67400	-67400	7	5	0	1	4	8	2	14	0	3669723	6075	4775	148	1925	4244	4632	2536	13292	512	
FL	-67600	-67600	8	5	0	1	5	7	2	13	0	3663876	6075	4775	148	1925	4244	4632	2536	13292	512	
FL	-67800	-67800	4	5	0	1	6	9	2	13	0	3657246	6075	4775	148	1925	4244	4632	2536	13292	512	
FL	-68000	-68000	4	4	0	0	6	10	3	15	0	3650307	6075	4775	148	1925	4244	4632	2536	13292	512	
FL	-68200	-68200	4	5	0	0	6	8	3	14	0	3642900	6075	4775	148	1925	4244	4632	2536	13292	512	
FL	-68400	-68400	4	5	0	1	5	6	6	15	0	3635344	6075	4775	148	1925	4244	4632	2536	13292	512	
FL	-68600	-68600	5	5	0	1	6	6	6	15	0	3628194	6075	4775	148	1925	4244	4632	2536	13292	512	
FL	-68800	-68800	7	4	0	1	6	6	7	15	1	3621328	6075	4775	148	1925	4244	4632	2536	13292	512	
FL	-69000	-69000	11	3	0	4	7	6	6	13	1	3614551	6075	4775	148	1925	4244	4632	2536	13292	512	
FL	-69200	-69200	13	3	0	4	6	6	4	16	1	3607203	6075	4775	148	1925	4244	4632	2536	13292	512	
FL	-69400	-69400	12	4	0	3	6	5	5	18	1	3599641	6075	4775	148	1925	4244	4632	2536	13292	512	
FL	-69600	-69600	14	3	0	2	6	3	6	18	2	3592170	6075	4775	148	1925	4244	4632	2536	13292	512	
FL	-69800	-69800	12	3	0	1	4	4	2	16	3	3584839	6075	4775	148	1925	4244	4632	2536	13292	512	
FL	-70000	-70000	13	3	0	1	3	4	1	16	3	3578649	6075	4775	148	1925	4244	4632	2536	13292	512	
FL	-70200	-70200	11	2	0	0	1	5	0	12	2	3572847	6075	4775	148	1925	4244	4632	2536	13292	512	
FL	-70400	-70400	8	3	0	1	1	4	0	10	2	3567391	6075	4775	148	1925	4244	4632	2536	13292	512	
FL	-70600	-70600	8	4	0	1	0	5	1	11	2	3561791	6075	4775	148	1925	4244	4632	2536	13292	512	
FL	-70800	-70800	10	4	0	1	1	5	1	13	2	3555772	6075	4775	148	1925	4244	4632	2536	13292	512	
FL	-71000	-71000	9	5	0	0	2	4	1	13	1	3550289	6075	4775	148	1925	4244	4632	2536	13292	512	
FL	-71200	-71200	10	7	0	1	3	5	1	15	2	3545070	6075	4775	148	1925	4244	4632	2536	13292	512	
FL	-71400	-71400	11	7	0	1	7	6	1	15	1	3539741	6075	4775	148	1925	4244	4632	2536	13292	512	
FL	-71600	-71600	12	8	0	1	9	6	2	11	1	3534239	6075	4775	148	1925	4244	4632	2536	13292	512	
FL	-71800	-71800	10	8	0	0	8	6	2	13	2	3529439	6075	4775	148	1925	4244	4632	2536	13292	512	
FL	-72000	-72000	10	7	0	1	8	7	2	11	2	3524486	6075	4775	148	1925	4244	4632	2536	13292	512	
FL	-72200	-72200	8	7	0	2	7	7	2	11	1	3520422	6075	4775	148	1925	4244	4632	2536	13292	512	
FL	-72400	-72400	5	7	0	2	7	6	1	11	1	3516727	6075	4775	148	1925	4244	4632	2536	13292	512	
FL	-72600	-72600	5	6	0	2	8	6	2	13	0	3512569	6075	4775	148	1925	4244	4632	2536	13292	512	
FL	-72800	-72800	6	5	0	2	7	6	3	14	0	3508131	6075	4775	148	1925	4244	4632	2536	13292	512	
FL	-73000	-73000	6	4	0	0	6	5	4	14	0	3503873	6075	4775	148	1925	4244	4632	2536	13292	512	
FL	-73200	-73200	7	4	0	0	4	8	3	13	2	3499839	6075	4775	148	1925	4244	4632	2536	13292	512	
FL	-73400	-73400	7	6	0	0	3	9	3	16	2	3495887	6075	4775	148	1925	4244	4632	2536	13292	512	
FL	-73600	-73600	7	4	0	0	2	8	3	17	1	3492773	6075	4775	148	1925	4244	4632	2536	13292	512	
FL	-73800	-73800	8	4	0	0	2	9	1	16	1	3489538	6075	4775	148	1925	4244	4632	2536	13292	512	
FL	-74000	-74000	8	3	0	0	2	8	2	17	1	3486239	6075	4775	148	1925	4244	4632	2536	13292	512	
FL	-74200	-74200	11	2	0	0	2	9	3	16	1	3482897	6075	4775	148	1925	4244	4632	2536	13292	512	
FL	-74400	-74400	10	4	0	0	2	9	1	18	1	3479261	6075	4775	148	1925	4244	4632	2536	13292	512	
FL	-74600	-74600	10	4	0	0	2	9	1	15	1	3475295	6075	4775	148	1925	4244	4632	2536	13292	512	
FL	-74800	-74800	9	5	0	1	2	8	1	17	1	3471283	6075	4775	148	1925	4244	4632	2536	13292	512	
FL	-75000	-75000	6	5	0	2	2	11	1	16	1	3467481	6075	4775	148	1925	4244	4632	2536	13292	512	
FL	-75200	-75200	6	7	0	3	3	11	1	13	1	3464578	6075	4775	148	1925	4244	4632	2536	13292	512	
FL	-75400	-75400	6	6	0	3	3	9	2	12	1	3461769	6075	4775	148	1925	4244	4632	2536	13292	512	
FL	-75600	-75600	4	5	0	3	4	8	3	15	0	3458761	6075	4775	148	1925	4244	4632	2536	13292	512	
FL	-75800	-75800	3	6	0	3	3	7	2	12	0	3455494	6075	4775	148	1925	4244	4632	2536	13292	512	
FL	-76000	-76000	3	7	0	3	3	10	2	13	0	3451923	6075	4775	148	1925	4244	4632	2536	13292	512	
FL	-76200	-76200	2	8	0	3	3	10	2	12	0	3448697	6075	4775	148	1925	4244	4632	2536	13292	512	
FL	-76400	-76400	2	8	0	2	2	10	4	14	0	3445752	6075	4775	148	1925	4244	4632	2536	13292	512	
FL	-76600	-76600	2	7	0	1	2	10	4	16	0	3442512	6075	4775	148	1925	4244	4632	2536	13292	512	
FL	-76800	-76800	2	5	0	1	2	10	5	15	0	3439267	6075	4775	148	1925	4244	4632	2536	13292	512	
FL	-77000	-77000	3	6	0	1	3	13	5	17	0	3436349	6075	4775	148	1925	4244	4632	2536	13292	512	
FL	-77200	-77200	5	4	0	1	3	12	5	17	0	3432892	6075	4775	148	1925	4244	4632	2536	13292	512	
FL	-77400	-77400	5	3	0	0	2	8	5	18	0	3428791	6075	4775	148	1925	4244	4632	2536	13292	512	
FL	-77600	-77600	5	4	0	1	3	4	3	16	0	3424889	6075	4775	148	1925	4244	4632	2536	13292	512	
FL	-77800	-77800	5	4	0	1	4	5	4	15	0	3421226	6075	4775	148	1925	4244	4632	2536	13292	512	
FL	-78000	-78000	6	4	0	1	5	6	3	17	1	3417848	6075	4775	148	1925	4244	4632	2536	13292	512	
FL	-78200	-78200	10	3	0	1	4	8	4	19	1	3414781	6075	4775	148	1925	4244	4632	2536	13292	512	
FL	-78400	-78400	10	3	0	1	3	7	3	19	1	3411596	6075	4775	148	1925	4244	4632	2536	13292	512	
FL	-78600	-78600	10	3	0	1	2	8	3	20	1	3408156	6075	4775	148	1925	4244	4632	2536	13292	512	
FL	-78800	-78800	11	3	0	0	2	9	2	18	1	3404753	6075	4775	148	1925	4244	4632	2536	13292	512	
FL	-79000	-79000	11	5	0	0	4	9	2	18	1	3401362	6075	4775	148	1925	4244	4632	2536	13292	512	
FL	-79200	-79200	9	6	0	1	5	8	2	16	1	3397777	6075	4775	148	1925	4244	4632	2536	13292	512	
FL	-79400	-79400	10	7	0	1	6	8	1	16	1	3394223	6075	4775	148	1925	4244	4632	2536	13292	512	
FL	-79600	-79600	8	7	0	1	5	7	1	18	1	3390715	6075	4775	148	1925	4244	4632	2536	13292	512	
FL	-79800	-79800	8	3	0	2	4	8	1	18	1	3387573	6075	4775	148	1925	4244	4632	2536	13292	512	
FL	-80000	-80000	7	3	0	2	3	6	2	17	0	3383958	6075	4775	148	1925	4244	4632	2536	13292	512	
FL	-80200	-80200	5	3	0	2	3	6	3	20	0	3380078	6075	4775	148	1925	4244	4632	2536	13292	512	
FL	-80400	-80400	6	3	0	1	2	7	3	20	0	3376070	6075	4775	148	1925	4244	4632	2536	13292	512	
FL	-80600	-80600	6	3	0	1	2	8	3	21	0	3371738	6075	4775	148	1925	4244	4632	2536	13292	512	
FL	-80800	-80800	5	4	0	2	1	8	2	21	0	3367283	6075	4775	148	1925	4244	4632	2536	13292	512	
FL	-81000	-81000	7	3	0	2	1	7	2	19	0	3362182	6075	4775	148	1925	4244	4632	2536	13292	512	
FL	-81200	-81200	6	4	0	2	1	8	4	20	0	3356699	6075	4775	148	1925	4244	4632	2536	13292	512	
FL	-81400	-81400	7	5	0	2	1	9	4	20	0	3350864	6075	4775	148	1925	4244	4632	2536	13292	512	
FL	-81600	-81600	6	6	0	2	1	6	5	22	0	3344800	6075	4775	148	1925	4244	4632	2536	13292	512	
FL	-81800	-81800	5	6	0	1	1	6	5	24	0	3338852	6075	4775	148	1925	4244	4632	2536	13292	512	
FL	-82000	-82000	5	4	0	0	1	7	4	22	0	3333058	6075	4775	148	1925	4244	4632	2536	13292	512	
FL	-82200	-82200	5	5	0	0	2	7	2	21	1	3327989	6075	4775	148	1925	4244	4632	2536	13292	512	
FL	-82400	-82400	6	6	0	0	1	6	2	19	1	3323844	6075	4775	148	1925	4244	4632	2536	13292	512	
FL	-82600	-82600	8	7	0	0	1	5	2	15	1	3320015	6075	4775	148	1925	4244	4632	2536	13292	512	
FL	-82800	-82800	7	6	0	0	0	6	2	13	0	3316233	6075	4775	148	1925	4244	4632	2536	13292	512	
FL	-83000	-83000	7	4	0	0	0	6	2	16	0	3312806	6075	4775	148	1925	4244	4632	2536	13292	512	
FL	-83200	-83200	8	7	0	0	0	5	3	17	0	3309497	6075	4775	148	1925	4244	4632	2536	13292	512	
FL	-83400	-83400	9	6	0	0	0	5	3	15	0	3306062	6075	4775	148	1925	4244	4632	2536	13292	512	
FL	-83600	-83600	10	4	0	0	0	5	3	18	1	3302386	6075	4775	148	1925	4244	4632	2536	13292	512	
FL	-83800	-83800	10	4	0	0	1	5	3	16	2	3297987	6075	4775	148	1925	4244	4632	2536	13292	512	
FL	-84000	-84000	11	5	0	0	2	4	4	16	2	3294067	6075	4775	148	1925	4244	4632	2536	13292	512	
FL	-84200	-84200	12	6	0	0	4	4	6	12	2	3290178	6075	4775	148	1925	4244	4632	2536	13292	512	
FL	-84400	-84400	10	6	0	1	5	3	6	12	0	3286189	6075	4775	148	1925	4244	4632	2536	13292	512	
FL	-84600	-84600	7	6	0	1	5	2	4	9	0	3282545	6075	4775	148	1925	4244	4632	2536	13292	512	
FL	-84800	-84800	8	6	0	1	5	2	4	6	0	3278185	6075	4775	148	1925	4244	4632	2536	13292	512	
FL	-85000	-85000	9	5	0	1	4	3	4	8	0	3273024	6075	4775	148	1925	4244	4632	2536	13292	512	
FL	-85200	-85200	10	3	0	1	4	5	4	11	0	3267746	6075	4775	148	1925	4244	4632	2536	13292	512	
FL	-85400	-85400	7	4	0	1	3	5	4	13	1	3262893	6075	4775	148	1925	4244	4632	2536	13292	512	
FL	-85600	-85600	7	4	0	1	4	5	5	17	0	3258334	6075	4775	148	1925	4244	4632	2536	13292	512	
FL	-85800	-85800	6	3	0	1	5	5	5	19	0	3253847	6075	4775	148	1925	4244	4632	2536	13292	512	
FL	-86000	-86000	9	3	0	2	5	5	6	15	0	3248995	6075	4775	148	1925	4244	4632	2536	13292	512	
FL	-86200	-86200	10	3	0	1	5	4	7	13	0	3244257	6075	4775	148	1925	4244	4632	2536	13292	512	
FL	-86400	-86400	12	3	0	2	5	5	4	10	0	3239646	6075	4775	148	1925	4244	4632	2536	13292	512	
FL	-86600	-86600	10	4	0	2	3	7	3	11	0	3235686	6075	4775	148	1925	4244	4632	2536	13292	512	
FL	-86800	-86800	7	5	0	2	3	7	2	10	0	3232017	6075	4775	148	1925	4244	4632	2536	13292	512	
FL	-87000	-87000	7	5	0	1	3	6	2	7	0	3228723	6075	4775	148	1925	4244	4632	2536	13292	512	
FL	-87200	-87200	7	6	0	1	3	5	2	8	0	3225425	6075	4775	148	1925	4244	4632	2536	13292	512	
FL	-87400	-87400	6	7	0	1	3	4	5	8	0	3222237	6075	4775	148	1925	4244	4632	2536	13292	512	
FL	-87600	-87600	6	8	0	1	3	4	4	12	1	3218131	6075	4775	148	1925	4244	4632	2536	13292	512	
FL	-87800	-87800	6	5	0	1	5	4	4	12	1	3213791	6075	4775	148	1925	4244	4632	2536	13292	512	
FL	-88000	-88000	7	4	0	1	7	2	5	10	1	3209482	6075	4775	148	1925	4244	4632	2536	13292	512	
FL	-88200	-88200	7	4	0	1	8	1	7	13	1	3205217	6075	4775	148	1925	4244	4632	2536	13292	512	
FL	-88400	-88400	9	4	0	1	8	2	8	13	1	3201195	6075	4775	148	1925	4244	4632	2536	13292	512	
FL	-88600	-88600	10	5	0	0	9	2	8	13	1	3196783	6075	4775	148	1925	4244	4632	2536	13292	512	
FL	-88800	-88800	9	6	0	1	8	1	5	14	2	3191587	6075	4775	148	1925	4244	4632	2536	13292	512	
FL	-89000	-89000	8	6	0	2	7	1	6	14	2	3186276	6075	4775	148	1925	4244	4632	2536	13292	512	
FL	-89200	-89200	8	6	0	2	6	2	7	16	3	3181312	6075	4775	148	1925	4244	4632	2536	13292	512	
FL	-89400	-89400	7	6	0	2	3	1	6	16	3	3176593	6075	4775	148	1925	4244	4632	2536	13292	512	
FL	-89600	-89600	7	6	0	2	3	1	5	15	2	3172490	6075	4775	148	1925	4244	4632	2536	13292	512	
FL	-89800	-89800	7	5	0	2	5	1	5	16	2	3169454	6075	4775	148	1925	4244	4632	2536	13292	512	
FL	-90000	-90000	11	7	0	1	6	1	5	17	1	3167120	6075	4775	148	1925	4244	4632	2536	13292	512	
FL	-90200	-90200	10	7	0	2	6	4	5	18	1	3164069	6075	4775	148	1925	4244	4632	2536	13292	512	
FL	-90400	-90400	10	7	0	3	7	5	4	15	1	3161049	6075	4775	148	1925	4244	4632	2536	13292	512	
FL	-90600	-90600	10	6	0	4	7	9	0	14	1	3157925	6075	4775	148	1925	4244	4632	2536	13292	512	
FL	-90800	-90800	10	6	0	4	7	8	1	12	1	3154942	6075	4775	148	1925	4244	4632	2536	13292	512	
FL	-91000	-91000	9	4	0	3	7	9	2	13	1	3151462	6075	4775	148	1925	4244	4632	2536	13292	512	
FL	-91200	-91200	5	3	0	2	7	12	1	16	1	3147707	6075	4775	148	1925	4244	4632	2536	13292	512	
FL	-91400	-91400	3	3	0	2	8	8	0	16	1	3144023	6075	4775	148	1925	4244	4632	2536	13292	512	
FL	-91600	-91600	3	3	0	2	7	8	3	17	1	3139770	6075	4775	148	1925	4244	4632	2536	13292	512	
FL	-91800	-91800	3	4	0	2	7	8	3	16	0	3135983	6075	4775	148	1925	4244	4632	2536	13292	512	
FL	-92000	-92000	3	4	0	2	6	10	3	15	0	3132703	6075	4775	148	1925	4244	4632	2536	13292	512	
FL	-92200	-92200	4	4	0	2	3	10	3	12	0	3129803	6075	4775	148	1925	4244	4632	2536	13292	512	
FL	-92400	-92400	6	3	0	1	3	10	3	12	0	3127104	6075	4775	148	1925	4244	4632	2536	13292	512	
FL	-92600	-92600	8	3	0	2	4	3	3	10	0	3124937	6075	4775	148	1925	4244	4632	2536	13292	512	
FL	-92800	-92800	8	3	0	2	5	3	1	8	1	3122878	6075	4775	148	1925	4244	4632	2536	13292	512	
FL	-93000	-93000	6	3	0	1	5	2	2	8	1	3120556	6075	4775	148	1925	4244	4632	2536	13292	512	
FL	-93200	-93200	4	5	0	1	4	2	2	8	1	3117997	6075	4775	148	1925	4244	4632	2536	13292	512	
FL	-93400	-93400	4	4	0	1	4	0	2	13	1	3115440	6075	4775	148	1925	4244	4632	2536	13292	512	
FL	-93600	-93600	5	3	0	1	4	2	2	11	1	3112746	6075	4775	148	1925	4244	4632	2536	13292	512	
FL	-93800	-93800	5	1	0	1	2	2	2	10	1	3110135	6075	4775	148	1925	4244	4632	2536	13292	512	
FL	-94000	-94000	7	2	0	2	2	4	2	11	0	3107363	6075	4775	148	1925	4244	4632	2536	13292	512	
FL	-94200	-94200	7	3	0	3	1	5	1	11	0	3103955	6075	4775	148	1925	4244	4632	2536	13292	512	
FL	-94400	-94400	5	4	0	3	1	6	2	9	0	3100481	6075	4775	148	1925	4244	4632	2536	13292	512	
FL	-94600	-94600	5	4	0	4	2	7	3	9	0	3097209	6075	4775	148	1925	4244	4632	2536	13292	512	
FL	-94800	-94800	2	4	0	4	2	9	2	11	0	3094211	6075	4775	148	1925	4244	4632	2536	13292	512	
FL	-95000	-95000	2	5	0	3	3	9	2	14	0	3090999	6075	4775	148	1925	4244	4632	2536	13292	512	
FL	-95200	-95200	2	4	0	4	4	12	3	13	0	3087968	6075	4775	148	1925	4244	4632	2536	13292	512	
FL	-95400	-95400	2	5	0	4	4	11	3	13	0	3085139	6075	4775	148	1925	4244	4632	2536	13292	512	
FL	-95600	-95600	3	4	0	5	3	8	3	14	0	3082012	6075	4775	148	1925	4244	4632	2536	13292	512	
FL	-95800	-95800	3	7	0	3	4	10	3	13	0	3078172	6075	4775	148	1925	4244	4632	2536	13292	512	
FL	-96000	-96000	2	7	1	3	2	10	2	15	0	3073358	6075	4775	148	1925	4244	4632	2536	13292	512	
FL	-96200	-96200	3	9	1	2	3	8	1	14	0	3068503	6075	4775	148	1925	4244	4632	2536	13292	512	
FL	-96400	-96400	5	9	0	3	2	7	1	13	0	3063850	6075	4775	148	1925	4244	4632	2536	13292	512	
FL	-96600	-96600	7	9	0	2	1	7	1	12	0	3059308	6075	4775	148	1925	4244	4632	2536	13292	512	
FL	-96800	-96800	6	10	0	2	1	6	1	12	0	3055134	6075	4775	148	1925	4244	4632	2536	13292	512	
FL	-97000	-97000	5	10	0	3	1	6	1	14	0	3051574	6075	4775	148	1925	4244	4632	2536	13292	512	
FL	-97200	-97200	7	10	0	3	2	5	2	17	0	3048193	6075	4775	148	1925	4244	4632	2536	13292	512	
FL	-97400	-97400	6	7	0	4	3	6	2	18	0	3044527	6075	4775	148	1925	4244	4632	2536	13292	512	
FL	-97600	-97600	5	6	0	3	5	5	1	16	0	3040921	6075	4775	148	1925	4244	4632	2536	13292	512	
FL	-97800	-97800	8	7	0	2	6	6	2	14	0	3036792	6075	4775	148	1925	4244	4632	2536	13292	512	
FL	-98000	-98000	9	6	0	2	6	6	2	16	0	3033033	6075	4775	148	1925	4244	4632	2536	13292	512	
FL	-98200	-98200	11	5	0	2	6	7	2	21	0	3029352	6075	4775	148	1925	4244	4632	2536	13292	512	
FL	-98400	-98400	11	7	0	3	7	8	3	25	0	3025873	6075	4775	148	1925	4244	4632	2536	13292	512	
FL	-98600	-98600	11	8	0	2	6	9	4	25	0	3022490	6075	4775	148	1925	4244	4632	2536	13292	512	
FL	-98800	-98800	10	10	0	3	6	6	5	22	0	3018722	6075	4775	148	1925	4244	4632	2536	13292	512	
FL	-99000	-99000	9	9	0	3	5	6	4	22	0	3015376	6075	4775	148	1925	4244	4632	2536	13292	512	
FL	-99200	-99200	9	9	0	3	3	5	5	20	0	3011983	6075	4775	148	1925	4244	4632	2536	13292	512	
FL	-99400	-99400	8	8	0	3	3	4	5	22	0	3008700	6075	4775	148	1925	4244	4632	2536	13292	512	
FL	-99600	-99600	8	5	0	3	2	3	5	24	1	3005665	6075	4775	148	1925	4244	4632	2536	13292	512	
FL	-99800	-99800	9	5	0	3	4	3	4	21	1	3003315	6075	4775	148	1925	4244	4632	2536	13292	512	
FL	-100000	-100000	11	3	0	3	5	3	3	19	0	3000496	6075	4775	148	1925	4244	4632	2536	13292	512	
