FL	0	0	424	171	2	310	138	330	60	552	14	85018670	20421	4617	111	1773	4068	20501	2373	12989	460	
FL	200	200	433	172	2	309	134	341	59	543	14	84534641	20421	4617	111	1773	4068	20501	2373	12989	460	
FL	400	400	450	166	2	309	130	381	57	548	14	83165476	20421	4617	111	1773	4068	20501	2373	12989	460	
FL	600	600	473	164	4	306	124	391	57	533	16	81517091	20421	4617	111	1773	4068	20501	2373	12989	460	
FL	800	800	480	166	5	294	121	404	57	521	16	79819937	20421	4617	111	1773	4068	20501	2373	12989	460	
FL	1000	1000	473	155	6	284	121	410	56	501	16	78152565	20421	4617	111	1773	4068	20501	2373	12989	460	
FL	1200	1200	478	140	6	270	119	419	55	482	17	76527020	20421	4617	111	1773	4068	20501	2373	12989	460	
FL	1400	1400	488	136	6	270	113	435	53	471	18	74956339	20421	4617	111	1773	4068	20501	2373	12989	460	
FL	1600	1600	492	141	6	272	108	436	54	459	16	73451102	20421	4617	111	1773	4068	20501	2373	12989	460	
FL	1800	1800	517	136	4	269	101	444	51	451	12	72013952	20421	4617	111	1773	4068	20501	2373	12989	460	
FL	2000	2000	520	131	3	266	93	439	50	442	12	70632913	20421	4617	111	1773	4068	20501	2373	12989	460	
FL	2200	2200	518	119	3	258	90	436	54	440	11	69311967	20421	4617	111	1773	4068	20501	2373	12989	460	
FL	2400	2400	518	116	3	251	82	430	53	444	8	68041184	20421	4617	111	1773	4068	20501	2373	12989	460	
FL	2600	2600	515	111	2	245	78	438	53	444	7	66820823	20421	4617	111	1773	4068	20501	2373	12989	460	
FL	2800	2800	526	110	2	241	75	441	49	440	7	65640828	20421	4617	111	1773	4068	20501	2373	12989	460	
FL	3000	3000	527	106	2	239	75	446	46	433	7	64496325	20421	4617	111	1773	4068	20501	2373	12989	460	
FL	3200	3200	516	104	2	233	75	452	47	426	7	63392442	20421	4617	111	1773	4068	20501	2373	12989	460	
FL	3400	3400	508	101	4	232	76	449	47	430	8	62324386	20421	4617	111	1773	4068	20501	2373	12989	460	
FL	3600	3600	509	104	4	228	76	436	44	426	8	61291058	20421	4617	111	1773	4068	20501	2373	12989	460	
FL	3800	3800	509	105	4	228	72	442	47	415	6	60296709	20421	4617	111	1773	4068	20501	2373	12989	460	
FL	4000	4000	508	101	4	228	73	419	48	401	6	59345057	20421	4617	111	1773	4068	20501	2373	12989	460	
FL	4200	4200	509	102	3	226	71	419	49	377	7	58426689	20421	4617	111	1773	4068	20501	2373	12989	460	
FL	4400	4400	509	104	3	225	73	422	50	362	7	57537827	20421	4617	111	1773	4068	20501	2373	12989	460	
FL	4600	4600	508	103	2	225	69	413	50	349	8	56684533	20421	4617	111	1773	4068	20501	2373	12989	460	
FL	4800	4800	505	105	0	222	63	415	49	353	9	55860109	20421	4617	111	1773	4068	20501	2373	12989	460	
FL	5000	5000	484	100	1	220	60	412	51	347	8	55058983	20421	4617	111	1773	4068	20501	2373	12989	460	
FL	5200	5200	467	96	1	210	60	403	51	333	7	54273769	20421	4617	111	1773	4068	20501	2373	12989	460	
FL	5400	5400	472	93	1	206	57	415	46	338	7	53507798	20421	4617	111	1773	4068	20501	2373	12989	460	
FL	5600	5600	463	95	1	203	56	410	41	330	6	52760916	20421	4617	111	1773	4068	20501	2373	12989	460	
FL	5800	5800	443	96	1	201	54	405	38	323	6	52036368	20421	4617	111	1773	4068	20501	2373	12989	460	
FL	6000	6000	437	96	0	195	56	403	38	316	7	51325878	20421	4617	111	1773	4068	20501	2373	12989	460	
FL	6200	6200	438	92	0	190	55	408	39	306	7	50636502	20421	4617	111	1773	4068	20501	2373	12989	460	
FL	6400	6400	432	88	1	186	54	406	40	300	6	49969925	20421	4617	111	1773	4068	20501	2373	12989	460	
FL	6600	6600	428	91	1	187	51	405	43	294	6	49322143	20421	4617	111	1773	4068	20501	2373	12989	460	
FL	6800	6800	433	86	1	180	52	401	40	294	6	48696502	20421	4617	111	1773	4068	20501	2373	12989	460	
FL	7000	7000	430	89	1	177	52	392	44	298	6	48089776	20421	4617	111	1773	4068	20501	2373	12989	460	
FL	7200	7200	416	87	2	175	51	384	42	294	7	47499174	20421	4617	111	1773	4068	20501	2373	12989	460	
FL	7400	7400	407	89	2	173	47	381	41	292	7	46928387	20421	4617	111	1773	4068	20501	2373	12989	460	
FL	7600	7600	406	89	2	176	46	364	44	293	6	46374125	20421	4617	111	1773	4068	20501	2373	12989	460	
FL	7800	7800	392	88	2	172	47	370	40	289	5	45836229	20421	4617	111	1773	4068	20501	2373	12989	460	
FL	8000	8000	387	84	2	165	47	368	43	285	5	45310289	20421	4617	111	1773	4068	20501	2373	12989	460	
FL	8200	8200	370	85	1	165	44	358	43	273	4	44798800	20421	4617	111	1773	4068	20501	2373	12989	460	
FL	8400	8400	364	82	3	162	45	355	39	263	4	44297486	20421	4617	111	1773	4068	20501	2373	12989	460	
FL	8600	8600	364	78	3	159	46	345	37	253	4	43806001	20421	4617	111	1773	4068	20501	2373	12989	460	
FL	8800	8800	356	85	3	152	45	348	34	254	5	43326540	20421	4617	111	1773	4068	20501	2373	12989	460	
FL	9000	9000	343	84	0	156	43	338	33	248	4	42855692	20421	4617	111	1773	4068	20501	2373	12989	460	
FL	9200	9200	351	85	0	153	46	341	33	246	5	42395064	20421	4617	111	1773	4068	20501	2373	12989	460	
FL	9400	9400	348	84	0	150	49	356	33	245	6	41945763	20421	4617	111	1773	4068	20501	2373	12989	460	
FL	9600	9600	346	82	0	138	47	353	31	235	5	41507280	20421	4617	111	1773	4068	20501	2373	12989	460	
FL	9800	9800	345	84	0	133	45	350	32	228	4	41079324	20421	4617	111	1773	4068	20501	2373	12989	460	
FL	10000	10000	339	80	0	126	46	349	35	226	4	40658079	20421	4617	111	1773	4068	20501	2373	12989	460	
FL	10200	10200	349	81	0	128	39	359	37	220	4	40252832	20421	4617	111	1773	4068	20501	2373	12989	460	
FL	10400	10400	339	76	0	128	39	360	36	225	3	39858586	20421	4617	111	1773	4068	20501	2373	12989	460	
FL	10600	10600	347	73	0	126	36	370	39	228	3	39472050	20421	4617	111	1773	4068	20501	2373	12989	460	
FL	10800	10800	345	71	0	126	36	362	40	216	3	39095665	20421	4617	111	1773	4068	20501	2373	12989	460	
FL	11000	11000	339	75	0	124	32	352	38	221	3	38725604	20421	4617	111	1773	4068	20501	2373	12989	460	
FL	11200	11200	329	73	0	119	33	337	36	214	4	38362340	20421	4617	111	1773	4068	20501	2373	12989	460	
FL	11400	11400	334	71	0	112	28	330	38	212	4	38013895	20421	4617	111	1773	4068	20501	2373	12989	460	
FL	11600	11600	327	68	1	109	30	329	32	210	5	37676495	20421	4617	111	1773	4068	20501	2373	12989	460	
FL	11800	11800	330	66	1	106	26	315	28	216	5	37345972	20421	4617	111	1773	4068	20501	2373	12989	460	
FL	12000	12000	329	60	1	100	25	317	27	206	3	37019020	20421	4617	111	1773	4068	20501	2373	12989	460	
FL	12200	12200	332	58	1	98	30	314	26	195	3	36694460	20421	4617	111	1773	4068	20501	2373	12989	460	
FL	12400	12400	327	57	1	96	34	311	28	202	3	36376539	20421	4617	111	1773	4068	20501	2373	12989	460	
FL	12600	12600	318	57	1	96	33	318	27	200	3	36065191	20421	4617	111	1773	4068	20501	2373	12989	460	
FL	12800	12800	334	55	1	94	33	307	27	193	3	35759963	20421	4617	111	1773	4068	20501	2373	12989	460	
FL	13000	13000	332	55	1	94	34	314	31	187	3	35463035	20421	4617	111	1773	4068	20501	2373	12989	460	
FL	13200	13200	345	58	1	93	35	318	32	181	4	35172695	20421	4617	111	1773	4068	20501	2373	12989	460	
FL	13400	13400	342	52	1	87	37	299	29	164	4	34887564	20421	4617	111	1773	4068	20501	2373	12989	460	
FL	13600	13600	333	56	1	76	36	286	28	160	5	34607162	20421	4617	111	1773	4068	20501	2373	12989	460	
FL	13800	13800	320	58	1	76	33	276	28	157	5	34331096	20421	4617	111	1773	4068	20501	2373	12989	460	
FL	14000	14000	302	60	1	74	27	270	27	152	5	34061044	20421	4617	111	1773	4068	20501	2373	12989	460	
FL	14200	14200	285	60	1	73	26	273	26	152	3	33797277	20421	4617	111	1773	4068	20501	2373	12989	460	
FL	14400	14400	269	59	0	73	28	274	30	152	3	33538820	20421	4617	111	1773	4068	20501	2373	12989	460	
FL	14600	14600	267	58	0	73	26	267	29	158	3	33287911	20421	4617	111	1773	4068	20501	2373	12989	460	
FL	14800	14800	264	57	0	73	19	273	30	157	3	33041630	20421	4617	111	1773	4068	20501	2373	12989	460	
FL	15000	15000	268	53	0	71	21	272	28	144	3	32799211	20421	4617	111	1773	4068	20501	2373	12989	460	
FL	15200	15200	269	47	0	72	20	272	26	139	5	32560398	20421	4617	111	1773	4068	20501	2373	12989	460	
FL	15400	15400	279	53	0	71	21	263	27	141	5	32325306	20421	4617	111	1773	4068	20501	2373	12989	460	
FL	15600	15600	277	56	1	70	22	272	30	136	4	32092024	20421	4617	111	1773	4068	20501	2373	12989	460	
FL	15800	15800	283	55	1	69	21	270	30	139	3	31861197	20421	4617	111	1773	4068	20501	2373	12989	460	
FL	16000	16000	271	47	1	67	21	255	27	138	3	31630470	20421	4617	111	1773	4068	20501	2373	12989	460	
FL	16200	16200	280	52	1	68	24	246	29	144	2	31402933	20421	4617	111	1773	4068	20501	2373	12989	460	
FL	16400	16400	289	51	1	65	24	249	25	138	2	31184535	20421	4617	111	1773	4068	20501	2373	12989	460	
FL	16600	16600	294	51	3	62	28	252	26	142	3	30970979	20421	4617	111	1773	4068	20501	2373	12989	460	
FL	16800	16800	284	50	4	61	28	252	27	137	3	30761919	20421	4617	111	1773	4068	20501	2373	12989	460	
FL	17000	17000	286	48	4	59	30	249	25	134	3	30555462	20421	4617	111	1773	4068	20501	2373	12989	460	
FL	17200	17200	278	48	3	56	30	255	27	136	3	30349489	20421	4617	111	1773	4068	20501	2373	12989	460	
FL	17400	17400	276	46	2	53	29	248	27	133	2	30144155	20421	4617	111	1773	4068	20501	2373	12989	460	
FL	17600	17600	272	46	2	50	29	247	21	136	2	29943047	20421	4617	111	1773	4068	20501	2373	12989	460	
FL	17800	17800	261	47	2	50	25	241	25	130	2	29745733	20421	4617	111	1773	4068	20501	2373	12989	460	
FL	18000	18000	270	47	2	50	28	242	25	138	1	29550169	20421	4617	111	1773	4068	20501	2373	12989	460	
FL	18200	18200	273	40	2	49	29	242	25	139	1	29355659	20421	4617	111	1773	4068	20501	2373	12989	460	
FL	18400	18400	264	42	1	49	30	223	25	133	1	29163468	20421	4617	111	1773	4068	20501	2373	12989	460	
FL	18600	18600	255	45	1	49	30	212	26	128	1	28974435	20421	4617	111	1773	4068	20501	2373	12989	460	
FL	18800	18800	242	49	1	50	30	219	26	131	2	28790845	20421	4617	111	1773	4068	20501	2373	12989	460	
FL	19000	19000	237	50	2	49	29	224	26	127	2	28609906	20421	4617	111	1773	4068	20501	2373	12989	460	
FL	19200	19200	231	49	3	52	31	219	27	136	1	28432317	20421	4617	111	1773	4068	20501	2373	12989	460	
FL	19400	19400	231	50	2	52	29	226	27	134	2	28257769	20421	4617	111	1773	4068	20501	2373	12989	460	
FL	19600	19600	230	51	1	53	29	224	28	132	3	28084175	20421	4617	111	1773	4068	20501	2373	12989	460	
FL	19800	19800	227	52	1	53	28	226	26	129	4	27911876	20421	4617	111	1773	4068	20501	2373	12989	460	
FL	20000	20000	234	49	1	52	26	227	22	132	4	27743155	20421	4617	111	1773	4068	20501	2373	12989	460	
FL	20200	20200	234	51	1	52	27	227	23	135	4	27575853	20421	4617	111	1773	4068	20501	2373	12989	460	
FL	20400	20400	240	47	1	52	30	232	28	132	3	27409706	20421	4617	111	1773	4068	20501	2373	12989	460	
FL	20600	20600	239	44	1	48	29	245	30	125	3	27243000	20421	4617	111	1773	4068	20501	2373	12989	460	
FL	20800	20800	249	46	1	48	30	246	34	121	3	27081227	20421	4617	111	1773	4068	20501	2373	12989	460	
FL	21000	21000	242	46	2	48	26	240	33	124	3	26924268	20421	4617	111	1773	4068	20501	2373	12989	460	
FL	21200	21200	239	49	2	50	26	232	33	123	3	26769815	20421	4617	111	1773	4068	20501	2373	12989	460	
FL	21400	21400	247	50	2	50	24	245	31	121	3	26614558	20421	4617	111	1773	4068	20501	2373	12989	460	
FL	21600	21600	247	51	2	51	26	233	31	119	3	26462208	20421	4617	111	1773	4068	20501	2373	12989	460	
FL	21800	21800	244	50	2	52	25	235	25	121	4	26313378	20421	4617	111	1773	4068	20501	2373	12989	460	
FL	22000	22000	240	48	2	54	20	234	24	120	4	26170963	20421	4617	111	1773	4068	20501	2373	12989	460	
FL	22200	22200	234	47	2	53	21	242	25	104	5	26028144	20421	4617	111	1773	4068	20501	2373	12989	460	
FL	22400	22400	243	48	3	53	19	241	23	102	6	25886942	20421	4617	111	1773	4068	20501	2373	12989	460	
FL	22600	22600	232	54	3	51	18	240	23	102	6	25744864	20421	4617	111	1773	4068	20501	2373	12989	460	
FL	22800	22800	219	53	3	50	16	235	23	109	6	25602323	20421	4617	111	1773	4068	20501	2373	12989	460	
FL	23000	23000	217	51	3	48	18	225	22	115	5	25464351	20421	4617	111	1773	4068	20501	2373	12989	460	
FL	23200	23200	215	55	3	47	17	229	21	114	5	25330041	20421	4617	111	1773	4068	20501	2373	12989	460	
FL	23400	23400	204	50	4	47	19	214	19	112	5	25198448	20421	4617	111	1773	4068	20501	2373	12989	460	
FL	23600	23600	211	47	4	47	21	217	21	109	4	25071892	20421	4617	111	1773	4068	20501	2373	12989	460	
FL	23800	23800	211	41	2	46	24	211	22	113	4	24945408	20421	4617	111	1773	4068	20501	2373	12989	460	
FL	24000	24000	213	43	2	44	24	222	23	110	4	24821095	20421	4617	111	1773	4068	20501	2373	12989	460	
FL	24200	24200	207	41	2	44	26	214	21	110	4	24697183	20421	4617	111	1773	4068	20501	2373	12989	460	
FL	24400	24400	208	42	2	47	26	220	22	109	4	24573046	20421	4617	111	1773	4068	20501	2373	12989	460	
FL	24600	24600	215	38	2	47	21	221	20	109	4	24452409	20421	4617	111	1773	4068	20501	2373	12989	460	
FL	24800	24800	215	31	2	47	22	217	20	104	4	24336929	20421	4617	111	1773	4068	20501	2373	12989	460	
FL	25000	25000	205	28	2	46	25	208	21	105	3	24222220	20421	4617	111	1773	4068	20501	2373	12989	460	
FL	25200	25200	206	25	2	45	26	199	22	108	3	24107095	20421	4617	111	1773	4068	20501	2373	12989	460	
FL	25400	25400	212	29	2	45	27	198	22	109	2	23992829	20421	4617	111	1773	4068	20501	2373	12989	460	
FL	25600	25600	207	28	2	40	27	200	24	107	2	23879790	20421	4617	111	1773	4068	20501	2373	12989	460	
FL	25800	25800	225	27	2	39	26	202	26	106	2	23766619	20421	4617	111	1773	4068	20501	2373	12989	460	
FL	26000	26000	217	27	2	40	27	199	26	99	2	23656194	20421	4617	111	1773	4068	20501	2373	12989	460	
FL	26200	26200	216	33	3	41	23	203	27	96	2	23546357	20421	4617	111	1773	4068	20501	2373	12989	460	
FL	26400	26400	211	38	4	44	24	187	25	97	3	23435624	20421	4617	111	1773	4068	20501	2373	12989	460	
FL	26600	26600	204	34	4	40	24	189	26	97	4	23326963	20421	4617	111	1773	4068	20501	2373	12989	460	
FL	26800	26800	215	37	4	36	23	194	26	103	3	23220446	20421	4617	111	1773	4068	20501	2373	12989	460	
FL	27000	27000	210	33	4	38	22	198	27	96	3	23112848	20421	4617	111	1773	4068	20501	2373	12989	460	
FL	27200	27200	201	31	4	41	22	194	26	99	3	23006307	20421	4617	111	1773	4068	20501	2373	12989	460	
FL	27400	27400	195	30	4	42	21	190	29	107	4	22898594	20421	4617	111	1773	4068	20501	2373	12989	460	
FL	27600	27600	189	28	3	40	21	207	30	108	4	22792302	20421	4617	111	1773	4068	20501	2373	12989	460	
FL	27800	27800	190	31	3	39	17	195	31	111	5	22685516	20421	4617	111	1773	4068	20501	2373	12989	460	
FL	28000	28000	184	36	3	37	18	192	32	100	4	22581959	20421	4617	111	1773	4068	20501	2373	12989	460	
FL	28200	28200	177	36	3	38	19	200	27	95	5	22479379	20421	4617	111	1773	4068	20501	2373	12989	460	
FL	28400	28400	172	36	3	37	21	209	27	97	5	22374982	20421	4617	111	1773	4068	20501	2373	12989	460	
FL	28600	28600	179	39	3	37	23	216	25	94	6	22269747	20421	4617	111	1773	4068	20501	2373	12989	460	
FL	28800	28800	178	39	3	36	21	202	25	92	4	22166212	20421	4617	111	1773	4068	20501	2373	12989	460	
FL	29000	29000	169	39	3	35	21	211	29	94	4	22064987	20421	4617	111	1773	4068	20501	2373	12989	460	
FL	29200	29200	169	34	3	34	19	204	29	93	2	21966372	20421	4617	111	1773	4068	20501	2373	12989	460	
FL	29400	29400	166	34	4	33	18	201	29	92	3	21870839	20421	4617	111	1773	4068	20501	2373	12989	460	
FL	29600	29600	170	36	4	31	17	198	29	88	3	21776400	20421	4617	111	1773	4068	20501	2373	12989	460	
FL	29800	29800	173	42	4	30	17	205	28	92	2	21680494	20421	4617	111	1773	4068	20501	2373	12989	460	
FL	30000	30000	173	42	4	27	16	195	27	90	2	21583602	20421	4617	111	1773	4068	20501	2373	12989	460	
FL	30200	30200	166	42	3	26	15	193	26	97	2	21486152	20421	4617	111	1773	4068	20501	2373	12989	460	
FL	30400	30400	165	42	3	25	16	193	21	98	2	21389959	20421	4617	111	1773	4068	20501	2373	12989	460	
FL	30600	30600	173	45	3	26	15	189	22	102	2	21295020	20421	4617	111	1773	4068	20501	2373	12989	460	
FL	30800	30800	163	44	2	26	13	178	24	99	3	21200698	20421	4617	111	1773	4068	20501	2373	12989	460	
FL	31000	31000	162	46	2	26	14	174	24	91	3	21107934	20421	4617	111	1773	4068	20501	2373	12989	460	
FL	31200	31200	167	46	2	22	16	183	25	85	3	21016398	20421	4617	111	1773	4068	20501	2373	12989	460	
FL	31400	31400	167	45	2	21	13	172	25	81	3	20929534	20421	4617	111	1773	4068	20501	2373	12989	460	
FL	31600	31600	164	46	3	20	15	180	20	75	4	20844989	20421	4617	111	1773	4068	20501	2373	12989	460	
FL	31800	31800	166	46	3	18	17	173	19	80	4	20761748	20421	4617	111	1773	4068	20501	2373	12989	460	
FL	32000	32000	164	44	2	18	17	170	19	84	4	20679126	20421	4617	111	1773	4068	20501	2373	12989	460	
FL	32200	32200	163	47	2	18	17	174	19	78	4	20595981	20421	4617	111	1773	4068	20501	2373	12989	460	
FL	32400	32400	159	47	2	15	19	156	19	78	4	20511842	20421	4617	111	1773	4068	20501	2373	12989	460	
FL	32600	32600	156	44	2	15	20	161	20	79	4	20428720	20421	4617	111	1773	4068	20501	2373	12989	460	
FL	32800	32800	153	45	2	13	22	167	17	80	4	20345739	20421	4617	111	1773	4068	20501	2373	12989	460	
FL	33000	33000	160	46	2	13	20	162	17	80	4	20265184	20421	4617	111	1773	4068	20501	2373	12989	460	
FL	33200	33200	163	51	2	14	20	168	17	78	3	20184476	20421	4617	111	1773	4068	20501	2373	12989	460	
FL	33400	33400	171	48	3	15	17	168	18	79	3	20104379	20421	4617	111	1773	4068	20501	2373	12989	460	
FL	33600	33600	167	50	2	15	16	167	17	82	2	20025198	20421	4617	111	1773	4068	20501	2373	12989	460	
FL	33800	33800	168	51	2	16	16	174	16	82	2	19946090	20421	4617	111	1773	4068	20501	2373	12989	460	
FL	34000	34000	165	48	2	15	19	179	16	77	4	19869877	20421	4617	111	1773	4068	20501	2373	12989	460	
FL	34200	34200	161	47	2	14	22	179	13	78	5	19795729	20421	4617	111	1773	4068	20501	2373	12989	460	
FL	34400	34400	157	46	2	14	22	169	16	75	4	19721819	20421	4617	111	1773	4068	20501	2373	12989	460	
FL	34600	34600	166	43	2	13	22	174	17	75	3	19648073	20421	4617	111	1773	4068	20501	2373	12989	460	
FL	34800	34800	164	40	2	11	24	170	19	66	3	19575595	20421	4617	111	1773	4068	20501	2373	12989	460	
FL	35000	35000	161	37	2	11	23	165	15	70	2	19505436	20421	4617	111	1773	4068	20501	2373	12989	460	
FL	35200	35200	167	36	2	13	20	166	18	62	2	19435433	20421	4617	111	1773	4068	20501	2373	12989	460	
FL	35400	35400	172	41	2	14	21	169	16	65	3	19364772	20421	4617	111	1773	4068	20501	2373	12989	460	
FL	35600	35600	167	40	2	12	25	169	19	64	3	19293418	20421	4617	111	1773	4068	20501	2373	12989	460	
FL	35800	35800	175	39	2	13	22	183	20	62	3	19223840	20421	4617	111	1773	4068	20501	2373	12989	460	
FL	36000	36000	178	40	2	12	22	185	20	64	3	19153040	20421	4617	111	1773	4068	20501	2373	12989	460	
FL	36200	36200	171	39	2	12	20	172	21	63	3	19083649	20421	4617	111	1773	4068	20501	2373	12989	460	
FL	36400	36400	172	39	2	10	20	169	18	61	4	19014581	20421	4617	111	1773	4068	20501	2373	12989	460	
FL	36600	36600	178	38	2	12	20	168	19	59	4	18946603	20421	4617	111	1773	4068	20501	2373	12989	460	
FL	36800	36800	171	36	1	12	18	165	17	60	3	18878619	20421	4617	111	1773	4068	20501	2373	12989	460	
FL	37000	37000	167	34	1	12	18	159	14	58	3	18810116	20421	4617	111	1773	4068	20501	2373	12989	460	
FL	37200	37200	164	36	1	10	18	163	14	58	1	18742239	20421	4617	111	1773	4068	20501	2373	12989	460	
FL	37400	37400	167	35	1	11	18	162	17	58	2	18675205	20421	4617	111	1773	4068	20501	2373	12989	460	
FL	37600	37600	176	35	1	10	16	156	17	61	2	18609218	20421	4617	111	1773	4068	20501	2373	12989	460	
FL	37800	37800	172	31	1	11	17	159	15	60	2	18542669	20421	4617	111	1773	4068	20501	2373	12989	460	
FL	38000	38000	163	29	1	12	14	157	14	56	2	18476657	20421	4617	111	1773	4068	20501	2373	12989	460	
FL	38200	38200	161	24	1	12	15	151	12	60	1	18411910	20421	4617	111	1773	4068	20501	2373	12989	460	
FL	38400	38400	157	26	2	11	17	153	12	57	1	18346684	20421	4617	111	1773	4068	20501	2373	12989	460	
FL	38600	38600	152	23	2	10	14	153	11	59	1	18284221	20421	4617	111	1773	4068	20501	2373	12989	460	
FL	38800	38800	156	22	1	10	13	156	11	59	1	18221714	20421	4617	111	1773	4068	20501	2373	12989	460	
FL	39000	39000	167	22	1	9	15	156	10	63	1	18158186	20421	4617	111	1773	4068	20501	2373	12989	460	
FL	39200	39200	158	22	1	7	15	153	11	61	1	18093545	20421	4617	111	1773	4068	20501	2373	12989	460	
FL	39400	39400	156	22	1	7	16	151	12	59	1	18028927	20421	4617	111	1773	4068	20501	2373	12989	460	
FL	39600	39600	155	21	1	7	13	147	12	61	1	17965805	20421	4617	111	1773	4068	20501	2373	12989	460	
FL	39800	39800	147	21	0	8	14	139	12	58	1	17902390	20421	4617	111	1773	4068	20501	2373	12989	460	
FL	40000	40000	147	22	0	8	14	134	12	53	1	17837762	20421	4617	111	1773	4068	20501	2373	12989	460	
FL	40200	40200	141	24	0	10	15	132	11	61	0	17772344	20421	4617	111	1773	4068	20501	2373	12989	460	
FL	40400	40400	145	25	1	10	12	145	12	63	0	17707152	20421	4617	111	1773	4068	20501	2373	12989	460	
FL	40600	40600	140	26	1	8	11	135	12	66	0	17644297	20421	4617	111	1773	4068	20501	2373	12989	460	
FL	40800	40800	145	27	1	9	10	137	12	64	0	17582960	20421	4617	111	1773	4068	20501	2373	12989	460	
FL	41000	41000	159	29	1	8	11	135	12	62	2	17523885	20421	4617	111	1773	4068	20501	2373	12989	460	
FL	41200	41200	169	34	1	9	11	130	14	65	2	17464842	20421	4617	111	1773	4068	20501	2373	12989	460	
FL	41400	41400	155	35	0	9	11	132	13	70	2	17406482	20421	4617	111	1773	4068	20501	2373	12989	460	
FL	41600	41600	156	34	0	9	14	136	13	70	1	17347870	20421	4617	111	1773	4068	20501	2373	12989	460	
FL	41800	41800	164	37	0	8	15	127	12	70	1	17289044	20421	4617	111	1773	4068	20501	2373	12989	460	
FL	42000	42000	150	36	0	9	15	141	11	66	1	17230809	20421	4617	111	1773	4068	20501	2373	12989	460	
FL	42200	42200	153	34	0	10	16	146	11	67	1	17173637	20421	4617	111	1773	4068	20501	2373	12989	460	
FL	42400	42400	152	31	0	6	15	147	12	73	2	17116319	20421	4617	111	1773	4068	20501	2373	12989	460	
FL	42600	42600	145	34	0	8	12	144	13	73	2	17060377	20421	4617	111	1773	4068	20501	2373	12989	460	
FL	42800	42800	144	33	0	7	11	146	13	75	2	17005272	20421	4617	111	1773	4068	20501	2373	12989	460	
FL	43000	43000	136	33	0	7	11	141	12	69	1	16951118	20421	4617	111	1773	4068	20501	2373	12989	460	
FL	43200	43200	133	30	1	7	10	138	9	69	1	16896945	20421	4617	111	1773	4068	20501	2373	12989	460	
FL	43400	43400	129	30	1	8	9	132	10	72	1	16842267	20421	4617	111	1773	4068	20501	2373	12989	460	
FL	43600	43600	135	27	1	7	9	139	8	69	1	16790936	20421	4617	111	1773	4068	20501	2373	12989	460	
FL	43800	43800	137	27	1	7	8	146	9	68	1	16738676	20421	4617	111	1773	4068	20501	2373	12989	460	
FL	44000	44000	137	23	1	9	13	139	12	65	1	16687863	20421	4617	111	1773	4068	20501	2373	12989	460	
FL	44200	44200	136	23	1	8	12	140	13	58	1	16636428	20421	4617	111	1773	4068	20501	2373	12989	460	
FL	44400	44400	133	17	1	8	15	132	13	59	1	16585124	20421	4617	111	1773	4068	20501	2373	12989	460	
FL	44600	44600	139	20	0	7	19	132	12	59	1	16533823	20421	4617	111	1773	4068	20501	2373	12989	460	
FL	44800	44800	134	19	1	4	20	134	12	52	0	16482870	20421	4617	111	1773	4068	20501	2373	12989	460	
FL	45000	45000	131	23	2	4	21	135	12	50	0	16433652	20421	4617	111	1773	4068	20501	2373	12989	460	
FL	45200	45200	134	23	2	6	19	140	14	55	0	16385696	20421	4617	111	1773	4068	20501	2373	12989	460	
FL	45400	45400	129	20	2	6	18	149	13	54	0	16338216	20421	4617	111	1773	4068	20501	2373	12989	460	
FL	45600	45600	143	23	2	6	17	148	12	53	0	16292983	20421	4617	111	1773	4068	20501	2373	12989	460	
FL	45800	45800	136	25	2	5	18	149	13	54	1	16250520	20421	4617	111	1773	4068	20501	2373	12989	460	
FL	46000	46000	153	24	2	6	16	143	14	52	1	16207204	20421	4617	111	1773	4068	20501	2373	12989	460	
FL	46200	46200	154	24	2	6	13	145	12	48	1	16164209	20421	4617	111	1773	4068	20501	2373	12989	460	
FL	46400	46400	161	24	2	7	14	144	14	44	3	16120404	20421	4617	111	1773	4068	20501	2373	12989	460	
FL	46600	46600	159	22	2	7	15	149	13	50	4	16076170	20421	4617	111	1773	4068	20501	2373	12989	460	
FL	46800	46800	150	21	1	6	12	151	12	51	2	16033508	20421	4617	111	1773	4068	20501	2373	12989	460	
FL	47000	47000	142	22	1	6	12	145	12	52	2	15989913	20421	4617	111	1773	4068	20501	2373	12989	460	
FL	47200	47200	135	22	1	6	13	140	11	55	2	15946540	20421	4617	111	1773	4068	20501	2373	12989	460	
FL	47400	47400	145	22	1	6	12	126	10	50	3	15902951	20421	4617	111	1773	4068	20501	2373	12989	460	
FL	47600	47600	145	23	1	5	14	125	12	51	3	15858555	20421	4617	111	1773	4068	20501	2373	12989	460	
FL	47800	47800	134	23	1	5	15	133	14	57	3	15816245	20421	4617	111	1773	4068	20501	2373	12989	460	
FL	48000	48000	138	24	1	6	15	136	14	55	3	15775399	20421	4617	111	1773	4068	20501	2373	12989	460	
FL	48200	48200	130	22	1	6	15	132	13	47	3	15734119	20421	4617	111	1773	4068	20501	2373	12989	460	
FL	48400	48400	131	22	1	6	17	133	13	45	3	15691687	20421	4617	111	1773	4068	20501	2373	12989	460	
FL	48600	48600	134	23	1	5	18	126	13	46	3	15649146	20421	4617	111	1773	4068	20501	2373	12989	460	
FL	48800	48800	130	30	2	5	16	126	11	52	4	15605743	20421	4617	111	1773	4068	20501	2373	12989	460	
FL	49000	49000	126	29	2	6	20	131	13	56	3	15563340	20421	4617	111	1773	4068	20501	2373	12989	460	
FL	49200	49200	119	30	2	6	20	129	12	58	3	15522731	20421	4617	111	1773	4068	20501	2373	12989	460	
FL	49400	49400	126	29	2	6	21	127	11	61	1	15483908	20421	4617	111	1773	4068	20501	2373	12989	460	
FL	49600	49600	131	29	1	5	20	124	9	62	0	15446352	20421	4617	111	1773	4068	20501	2373	12989	460	
FL	49800	49800	132	32	1	5	20	130	9	64	1	15409624	20421	4617	111	1773	4068	20501	2373	12989	460	
FL	50000	50000	135	33	1	6	20	127	10	66	1	15372404	20421	4617	111	1773	4068	20501	2373	12989	460	
FL	50200	50200	132	33	1	5	20	128	11	65	1	15336603	20421	4617	111	1773	4068	20501	2373	12989	460	
FL	50400	50400	123	31	1	7	20	127	10	64	1	15301801	20421	4617	111	1773	4068	20501	2373	12989	460	
FL	50600	50600	127	30	1	8	20	127	11	63	1	15267397	20421	4617	111	1773	4068	20501	2373	12989	460	
FL	50800	50800	129	33	1	9	20	130	8	68	1	15233231	20421	4617	111	1773	4068	20501	2373	12989	460	
FL	51000	51000	121	31	1	9	19	126	7	76	0	15196949	20421	4617	111	1773	4068	20501	2373	12989	460	
FL	51200	51200	120	29	1	7	19	128	9	73	0	15159565	20421	4617	111	1773	4068	20501	2373	12989	460	
FL	51400	51400	117	32	0	8	19	116	10	65	0	15122032	20421	4617	111	1773	4068	20501	2373	12989	460	
FL	51600	51600	116	33	0	9	19	119	11	61	0	15084091	20421	4617	111	1773	4068	20501	2373	12989	460	
FL	51800	51800	113	34	0	10	20	122	12	61	0	15044480	20421	4617	111	1773	4068	20501	2373	12989	460	
FL	52000	52000	122	32	0	12	20	131	14	61	0	15005051	20421	4617	111	1773	4068	20501	2373	12989	460	
FL	52200	52200	126	30	0	11	19	121	14	62	0	14967806	20421	4617	111	1773	4068	20501	2373	12989	460	
FL	52400	52400	131	30	0	8	20	117	13	60	0	14931785	20421	4617	111	1773	4068	20501	2373	12989	460	
FL	52600	52600	127	24	0	9	20	122	13	59	1	14896205	20421	4617	111	1773	4068	20501	2373	12989	460	
FL	52800	52800	126	19	1	10	21	114	12	55	2	14860433	20421	4617	111	1773	4068	20501	2373	12989	460	
FL	53000	53000	119	19	1	9	24	104	12	56	2	14824771	20421	4617	111	1773	4068	20501	2373	12989	460	
FL	53200	53200	118	17	1	8	24	110	11	51	1	14789086	20421	4617	111	1773	4068	20501	2373	12989	460	
FL	53400	53400	116	17	1	7	26	108	11	52	1	14753742	20421	4617	111	1773	4068	20501	2373	12989	460	
FL	53600	53600	113	15	1	7	22	121	11	52	1	14717929	20421	4617	111	1773	4068	20501	2373	12989	460	
FL	53800	53800	100	17	1	5	23	122	10	55	1	14681729	20421	4617	111	1773	4068	20501	2373	12989	460	
FL	54000	54000	102	22	1	5	23	127	11	53	1	14646473	20421	4617	111	1773	4068	20501	2373	12989	460	
FL	54200	54200	103	21	1	5	21	144	10	47	1	14612773	20421	4617	111	1773	4068	20501	2373	12989	460	
FL	54400	54400	108	22	1	4	23	136	8	49	1	14578803	20421	4617	111	1773	4068	20501	2373	12989	460	
FL	54600	54600	103	22	0	3	24	129	11	52	1	14544215	20421	4617	111	1773	4068	20501	2373	12989	460	
FL	54800	54800	112	23	0	4	22	131	10	54	1	14509816	20421	4617	111	1773	4068	20501	2373	12989	460	
FL	55000	55000	110	24	0	4	19	132	11	50	1	14476504	20421	4617	111	1773	4068	20501	2373	12989	460	
FL	55200	55200	116	20	0	4	18	130	10	52	0	14442359	20421	4617	111	1773	4068	20501	2373	12989	460	
FL	55400	55400	121	19	0	5	18	130	10	49	0	14407049	20421	4617	111	1773	4068	20501	2373	12989	460	
FL	55600	55600	115	19	0	5	17	130	9	46	0	14371959	20421	4617	111	1773	4068	20501	2373	12989	460	
FL	55800	55800	109	20	0	5	14	125	9	46	0	14336488	20421	4617	111	1773	4068	20501	2373	12989	460	
FL	56000	56000	107	24	0	3	12	114	9	43	0	14302843	20421	4617	111	1773	4068	20501	2373	12989	460	
FL	56200	56200	112	25	0	3	12	115	12	42	0	14270973	20421	4617	111	1773	4068	20501	2373	12989	460	
FL	56400	56400	118	24	0	3	9	122	10	41	0	14239503	20421	4617	111	1773	4068	20501	2373	12989	460	
FL	56600	56600	120	21	0	4	12	127	10	41	0	14207413	20421	4617	111	1773	4068	20501	2373	12989	460	
FL	56800	56800	124	23	0	2	11	127	12	42	0	14174564	20421	4617	111	1773	4068	20501	2373	12989	460	
FL	57000	57000	128	23	0	2	13	129	11	44	2	14141922	20421	4617	111	1773	4068	20501	2373	12989	460	
FL	57200	57200	127	21	0	2	12	126	11	47	3	14109520	20421	4617	111	1773	4068	20501	2373	12989	460	
FL	57400	57400	129	19	0	2	13	117	11	44	2	14077645	20421	4617	111	1773	4068	20501	2373	12989	460	
FL	57600	57600	131	17	1	3	12	127	11	40	2	14047007	20421	4617	111	1773	4068	20501	2373	12989	460	
FL	57800	57800	128	15	1	4	12	125	10	49	1	14015599	20421	4617	111	1773	4068	20501	2373	12989	460	
FL	58000	58000	122	18	1	4	12	127	9	53	1	13985143	20421	4617	111	1773	4068	20501	2373	12989	460	
FL	58200	58200	116	19	1	4	10	129	7	53	1	13953931	20421	4617	111	1773	4068	20501	2373	12989	460	
FL	58400	58400	120	16	1	4	11	120	7	57	1	13923271	20421	4617	111	1773	4068	20501	2373	12989	460	
FL	58600	58600	114	20	2	4	11	115	6	62	1	13892672	20421	4617	111	1773	4068	20501	2373	12989	460	
FL	58800	58800	123	17	2	4	13	121	8	59	1	13861652	20421	4617	111	1773	4068	20501	2373	12989	460	
FL	59000	59000	116	17	2	3	11	114	8	57	0	13829994	20421	4617	111	1773	4068	20501	2373	12989	460	
FL	59200	59200	126	19	1	4	12	123	7	55	2	13798201	20421	4617	111	1773	4068	20501	2373	12989	460	
FL	59400	59400	120	21	1	4	10	118	8	56	2	13766464	20421	4617	111	1773	4068	20501	2373	12989	460	
FL	59600	59600	118	18	1	4	10	125	9	50	1	13735861	20421	4617	111	1773	4068	20501	2373	12989	460	
FL	59800	59800	113	20	1	5	10	122	9	50	0	13706069	20421	4617	111	1773	4068	20501	2373	12989	460	
FL	60000	60000	112	18	0	5	12	129	9	48	0	13676568	20421	4617	111	1773	4068	20501	2373	12989	460	
FL	60200	60200	108	17	0	5	13	137	10	49	0	13648512	20421	4617	111	1773	4068	20501	2373	12989	460	
FL	60400	60400	118	16	0	3	12	137	8	53	1	13619714	20421	4617	111	1773	4068	20501	2373	12989	460	
FL	60600	60600	120	18	0	3	12	138	8	48	1	13590062	20421	4617	111	1773	4068	20501	2373	12989	460	
FL	60800	60800	124	18	0	3	12	138	10	50	1	13560863	20421	4617	111	1773	4068	20501	2373	12989	460	
FL	61000	61000	132	19	0	3	12	138	11	48	1	13531712	20421	4617	111	1773	4068	20501	2373	12989	460	
FL	61200	61200	132	22	0	3	9	131	13	48	1	13502747	20421	4617	111	1773	4068	20501	2373	12989	460	
FL	61400	61400	138	23	0	3	8	132	16	41	1	13472602	20421	4617	111	1773	4068	20501	2373	12989	460	
FL	61600	61600	127	20	0	3	4	136	15	43	1	13443534	20421	4617	111	1773	4068	20501	2373	12989	460	
FL	61800	61800	126	19	0	2	6	139	16	43	1	13415193	20421	4617	111	1773	4068	20501	2373	12989	460	
FL	62000	62000	120	19	0	1	7	132	15	46	1	13385645	20421	4617	111	1773	4068	20501	2373	12989	460	
FL	62200	62200	114	20	0	1	8	134	13	43	1	13354299	20421	4617	111	1773	4068	20501	2373	12989	460	
FL	62400	62400	106	20	0	2	8	122	13	47	1	13322477	20421	4617	111	1773	4068	20501	2373	12989	460	
FL	62600	62600	102	16	0	3	9	119	11	46	1	13289659	20421	4617	111	1773	4068	20501	2373	12989	460	
FL	62800	62800	103	14	0	3	13	105	9	43	0	13257057	20421	4617	111	1773	4068	20501	2373	12989	460	
FL	63000	63000	96	13	0	3	12	99	12	42	0	13224499	20421	4617	111	1773	4068	20501	2373	12989	460	
FL	63200	63200	93	14	0	3	12	107	12	44	0	13192164	20421	4617	111	1773	4068	20501	2373	12989	460	
FL	63400	63400	99	16	0	3	15	116	13	48	0	13160411	20421	4617	111	1773	4068	20501	2373	12989	460	
FL	63600	63600	99	16	0	3	12	119	14	48	0	13129621	20421	4617	111	1773	4068	20501	2373	12989	460	
FL	63800	63800	101	14	0	3	10	119	14	54	0	13099741	20421	4617	111	1773	4068	20501	2373	12989	460	
FL	64000	64000	97	15	0	3	9	124	16	56	1	13070977	20421	4617	111	1773	4068	20501	2373	12989	460	
FL	64200	64200	97	17	0	2	9	125	13	53	2	13043762	20421	4617	111	1773	4068	20501	2373	12989	460	
FL	64400	64400	97	17	0	2	9	129	11	51	2	13014588	20421	4617	111	1773	4068	20501	2373	12989	460	
FL	64600	64600	98	16	0	1	7	126	13	51	2	12986249	20421	4617	111	1773	4068	20501	2373	12989	460	
FL	64800	64800	103	17	0	1	7	121	13	51	2	12959356	20421	4617	111	1773	4068	20501	2373	12989	460	
FL	65000	65000	100	20	0	2	11	110	13	50	2	12934175	20421	4617	111	1773	4068	20501	2373	12989	460	
FL	65200	65200	98	18	0	3	11	115	15	50	2	12908914	20421	4617	111	1773	4068	20501	2373	12989	460	
FL	65400	65400	99	18	0	6	9	117	16	51	2	12883365	20421	4617	111	1773	4068	20501	2373	12989	460	
FL	65600	65600	97	18	0	6	9	120	15	51	2	12857411	20421	4617	111	1773	4068	20501	2373	12989	460	
FL	65800	65800	96	17	0	6	8	119	16	50	2	12830453	20421	4617	111	1773	4068	20501	2373	12989	460	
FL	66000	66000	95	20	0	7	8	120	14	50	1	12804738	20421	4617	111	1773	4068	20501	2373	12989	460	
FL	66200	66200	91	16	0	7	8	116	13	48	1	12779946	20421	4617	111	1773	4068	20501	2373	12989	460	
FL	66400	66400	98	17	0	7	8	111	14	48	2	12755042	20421	4617	111	1773	4068	20501	2373	12989	460	
FL	66600	66600	104	17	0	8	10	108	14	51	2	12729693	20421	4617	111	1773	4068	20501	2373	12989	460	
FL	66800	66800	100	15	0	9	10	107	12	53	2	12703705	20421	4617	111	1773	4068	20501	2373	12989	460	
FL	67000	67000	101	16	0	10	11	107	9	48	1	12678118	20421	4617	111	1773	4068	20501	2373	12989	460	
FL	67200	67200	97	18	0	10	11	107	10	44	1	12654023	20421	4617	111	1773	4068	20501	2373	12989	460	
FL	67400	67400	100	18	0	9	6	103	10	40	1	12631157	20421	4617	111	1773	4068	20501	2373	12989	460	
FL	67600	67600	103	20	0	8	7	115	11	41	1	12608482	20421	4617	111	1773	4068	20501	2373	12989	460	
FL	67800	67800	100	19	0	7	6	121	11	35	1	12585582	20421	4617	111	1773	4068	20501	2373	12989	460	
FL	68000	68000	93	18	0	6	8	116	10	36	1	12562244	20421	4617	111	1773	4068	20501	2373	12989	460	
FL	68200	68200	92	17	0	6	9	111	10	34	1	12538371	20421	4617	111	1773	4068	20501	2373	12989	460	
FL	68400	68400	91	16	0	6	7	106	8	34	2	12514589	20421	4617	111	1773	4068	20501	2373	12989	460	
FL	68600	68600	81	20	0	6	7	105	8	38	1	12491245	20421	4617	111	1773	4068	20501	2373	12989	460	
FL	68800	68800	89	20	0	6	6	111	10	38	1	12467037	20421	4617	111	1773	4068	20501	2373	12989	460	
FL	69000	69000	91	19	0	5	8	111	10	35	1	12443953	20421	4617	111	1773	4068	20501	2373	12989	460	
FL	69200	69200	90	20	0	5	10	107	9	32	1	12421514	20421	4617	111	1773	4068	20501	2373	12989	460	
FL	69400	69400	91	19	0	6	8	105	8	35	1	12398739	20421	4617	111	1773	4068	20501	2373	12989	460	
FL	69600	69600	88	22	0	6	6	106	12	34	1	12377161	20421	4617	111	1773	4068	20501	2373	12989	460	
FL	69800	69800	88	21	0	4	6	110	11	35	1	12356441	20421	4617	111	1773	4068	20501	2373	12989	460	
FL	70000	70000	79	19	0	4	5	111	10	37	1	12335895	20421	4617	111	1773	4068	20501	2373	12989	460	
FL	70200	70200	78	19	0	4	10	116	10	36	2	12316366	20421	4617	111	1773	4068	20501	2373	12989	460	
FL	70400	70400	83	18	0	3	13	116	12	36	1	12296495	20421	4617	111	1773	4068	20501	2373	12989	460	
FL	70600	70600	90	19	0	4	13	116	13	33	1	12275594	20421	4617	111	1773	4068	20501	2373	12989	460	
FL	70800	70800	86	18	0	5	12	121	13	29	1	12253763	20421	4617	111	1773	4068	20501	2373	12989	460	
FL	71000	71000	90	16	0	5	14	122	13	27	1	12230669	20421	4617	111	1773	4068	20501	2373	12989	460	
FL	71200	71200	95	16	0	6	16	126	12	33	1	12206047	20421	4617	111	1773	4068	20501	2373	12989	460	
FL	71400	71400	88	16	1	5	16	126	11	35	2	12180400	20421	4617	111	1773	4068	20501	2373	12989	460	
FL	71600	71600	80	16	2	4	14	126	11	42	2	12155679	20421	4617	111	1773	4068	20501	2373	12989	460	
FL	71800	71800	74	14	2	4	13	125	12	44	2	12131378	20421	4617	111	1773	4068	20501	2373	12989	460	
FL	72000	72000	86	15	2	3	15	113	13	41	2	12106298	20421	4617	111	1773	4068	20501	2373	12989	460	
FL	72200	72200	82	17	1	3	13	116	16	37	2	12081867	20421	4617	111	1773	4068	20501	2373	12989	460	
FL	72400	72400	79	17	1	3	13	116	15	44	1	12058206	20421	4617	111	1773	4068	20501	2373	12989	460	
FL	72600	72600	78	16	1	4	11	114	16	49	2	12035701	20421	4617	111	1773	4068	20501	2373	12989	460	
FL	72800	72800	71	16	1	5	11	112	13	49	2	12012965	20421	4617	111	1773	4068	20501	2373	12989	460	
FL	73000	73000	71	17	2	5	11	104	14	49	2	11990347	20421	4617	111	1773	4068	20501	2373	12989	460	
FL	73200	73200	75	17	2	5	11	97	14	48	2	11968275	20421	4617	111	1773	4068	20501	2373	12989	460	
FL	73400	73400	81	12	2	3	9	99	14	45	1	11946632	20421	4617	111	1773	4068	20501	2373	12989	460	
FL	73600	73600	80	13	2	4	9	102	15	42	0	11924737	20421	4617	111	1773	4068	20501	2373	12989	460	
FL	73800	73800	73	13	3	4	11	105	14	38	0	11902808	20421	4617	111	1773	4068	20501	2373	12989	460	
FL	74000	74000	80	15	3	5	9	100	12	38	0	11880952	20421	4617	111	1773	4068	20501	2373	12989	460	
FL	74200	74200	81	13	3	6	12	93	11	38	0	11858710	20421	4617	111	1773	4068	20501	2373	12989	460	
FL	74400	74400	92	16	2	6	10	93	11	39	0	11836730	20421	4617	111	1773	4068	20501	2373	12989	460	
FL	74600	74600	91	17	2	5	11	103	11	35	0	11815331	20421	4617	111	1773	4068	20501	2373	12989	460	
FL	74800	74800	95	17	2	8	14	103	10	35	1	11793042	20421	4617	111	1773	4068	20501	2373	12989	460	
FL	75000	75000	100	18	2	6	19	96	10	40	1	11769442	20421	4617	111	1773	4068	20501	2373	12989	460	
FL	75200	75200	92	20	2	6	16	87	9	43	1	11744704	20421	4617	111	1773	4068	20501	2373	12989	460	
FL	75400	75400	93	20	3	6	16	92	8	43	2	11720707	20421	4617	111	1773	4068	20501	2373	12989	460	
FL	75600	75600	89	21	3	4	15	98	8	46	2	11697838	20421	4617	111	1773	4068	20501	2373	12989	460	
FL	75800	75800	93	22	3	4	14	102	8	45	2	11676317	20421	4617	111	1773	4068	20501	2373	12989	460	
FL	76000	76000	94	22	2	3	14	102	7	45	2	11654057	20421	4617	111	1773	4068	20501	2373	12989	460	
FL	76200	76200	94	22	2	2	13	106	7	44	2	11630742	20421	4617	111	1773	4068	20501	2373	12989	460	
FL	76400	76400	94	19	0	1	10	102	8	43	2	11608420	20421	4617	111	1773	4068	20501	2373	12989	460	
FL	76600	76600	87	17	0	3	8	100	9	42	2	11585819	20421	4617	111	1773	4068	20501	2373	12989	460	
FL	76800	76800	88	17	0	5	7	97	8	40	2	11563661	20421	4617	111	1773	4068	20501	2373	12989	460	
FL	77000	77000	84	19	0	5	6	88	8	35	2	11542317	20421	4617	111	1773	4068	20501	2373	12989	460	
FL	77200	77200	82	19	1	6	8	90	8	35	2	11520063	20421	4617	111	1773	4068	20501	2373	12989	460	
FL	77400	77400	86	19	1	4	9	91	8	39	1	11496833	20421	4617	111	1773	4068	20501	2373	12989	460	
FL	77600	77600	84	21	1	5	9	97	8	39	2	11472801	20421	4617	111	1773	4068	20501	2373	12989	460	
FL	77800	77800	87	20	1	6	10	92	7	44	2	11448996	20421	4617	111	1773	4068	20501	2373	12989	460	
FL	78000	78000	92	18	2	5	8	90	7	46	2	11424828	20421	4617	111	1773	4068	20501	2373	12989	460	
FL	78200	78200	94	18	2	5	9	83	9	46	2	11400879	20421	4617	111	1773	4068	20501	2373	12989	460	
FL	78400	78400	91	19	2	5	9	83	9	51	2	11377415	20421	4617	111	1773	4068	20501	2373	12989	460	
FL	78600	78600	90	17	2	6	10	84	12	53	2	11353996	20421	4617	111	1773	4068	20501	2373	12989	460	
FL	78800	78800	91	17	2	6	10	87	13	48	1	11332245	20421	4617	111	1773	4068	20501	2373	12989	460	
FL	79000	79000	88	17	2	4	8	85	13	48	1	11311143	20421	4617	111	1773	4068	20501	2373	12989	460	
FL	79200	79200	89	16	1	3	10	85	14	53	1	11290299	20421	4617	111	1773	4068	20501	2373	12989	460	
FL	79400	79400	90	16	1	2	10	82	15	54	0	11269303	20421	4617	111	1773	4068	20501	2373	12989	460	
FL	79600	79600	91	21	1	3	14	77	18	48	0	11248239	20421	4617	111	1773	4068	20501	2373	12989	460	
FL	79800	79800	95	18	1	3	13	73	19	49	1	11226915	20421	4617	111	1773	4068	20501	2373	12989	460	
FL	80000	80000	95	18	1	3	15	76	18	54	2	11205242	20421	4617	111	1773	4068	20501	2373	12989	460	
FL	80200	80200	92	21	0	3	17	80	15	53	2	11182456	20421	4617	111	1773	4068	20501	2373	12989	460	
FL	80400	80400	81	22	0	2	14	81	16	50	2	11159754	20421	4617	111	1773	4068	20501	2373	12989	460	
FL	80600	80600	80	22	0	3	15	81	14	52	0	11136607	20421	4617	111	1773	4068	20501	2373	12989	460	
FL	80800	80800	77	23	0	2	13	86	15	51	0	11113034	20421	4617	111	1773	4068	20501	2373	12989	460	
FL	81000	81000	69	21	0	3	9	84	14	50	0	11088552	20421	4617	111	1773	4068	20501	2373	12989	460	
FL	81200	81200	78	21	0	4	7	92	15	51	0	11064254	20421	4617	111	1773	4068	20501	2373	12989	460	
FL	81400	81400	82	25	0	3	6	98	15	51	0	11040286	20421	4617	111	1773	4068	20501	2373	12989	460	
FL	81600	81600	82	26	0	1	7	94	11	54	0	11018514	20421	4617	111	1773	4068	20501	2373	12989	460	
FL	81800	81800	81	25	0	1	11	95	14	51	0	10996799	20421	4617	111	1773	4068	20501	2373	12989	460	
FL	82000	82000	79	24	0	2	12	95	15	53	0	10975014	20421	4617	111	1773	4068	20501	2373	12989	460	
FL	82200	82200	86	28	0	3	12	92	14	55	0	10953023	20421	4617	111	1773	4068	20501	2373	12989	460	
FL	82400	82400	92	29	0	3	10	83	14	57	1	10931086	20421	4617	111	1773	4068	20501	2373	12989	460	
FL	82600	82600	97	31	0	3	13	79	13	55	2	10909939	20421	4617	111	1773	4068	20501	2373	12989	460	
FL	82800	82800	96	34	1	1	14	83	13	51	2	10890135	20421	4617	111	1773	4068	20501	2373	12989	460	
FL	83000	83000	97	33	1	2	12	94	10	44	2	10869872	20421	4617	111	1773	4068	20501	2373	12989	460	
FL	83200	83200	90	31	1	2	12	101	12	43	2	10849469	20421	4617	111	1773	4068	20501	2373	12989	460	
FL	83400	83400	83	30	1	2	13	102	13	43	2	10830017	20421	4617	111	1773	4068	20501	2373	12989	460	
FL	83600	83600	84	25	1	2	13	101	15	40	2	10811167	20421	4617	111	1773	4068	20501	2373	12989	460	
FL	83800	83800	86	27	1	3	14	99	14	36	2	10792718	20421	4617	111	1773	4068	20501	2373	12989	460	
FL	84000	84000	86	26	1	3	14	92	14	37	2	10775018	20421	4617	111	1773	4068	20501	2373	12989	460	
FL	84200	84200	84	26	1	4	12	91	12	41	2	10756691	20421	4617	111	1773	4068	20501	2373	12989	460	
FL	84400	84400	87	28	1	6	11	84	9	46	1	10738119	20421	4617	111	1773	4068	20501	2373	12989	460	
FL	84600	84600	82	24	0	6	11	89	8	47	1	10720178	20421	4617	111	1773	4068	20501	2373	12989	460	
FL	84800	84800	86	23	0	5	12	89	8	49	2	10702018	20421	4617	111	1773	4068	20501	2373	12989	460	
FL	85000	85000	83	19	0	5	11	87	7	47	3	10683609	20421	4617	111	1773	4068	20501	2373	12989	460	
FL	85200	85200	78	16	0	4	13	84	9	48	2	10665746	20421	4617	111	1773	4068	20501	2373	12989	460	
FL	85400	85400	83	17	0	3	13	75	9	44	1	10647838	20421	4617	111	1773	4068	20501	2373	12989	460	
FL	85600	85600	91	18	0	3	13	80	9	45	1	10628850	20421	4617	111	1773	4068	20501	2373	12989	460	
FL	85800	85800	94	18	0	5	10	81	9	45	1	10609678	20421	4617	111	1773	4068	20501	2373	12989	460	
FL	86000	86000	100	16	0	4	10	82	10	44	1	10590999	20421	4617	111	1773	4068	20501	2373	12989	460	
FL	86200	86200	101	17	0	4	11	84	12	39	2	10571848	20421	4617	111	1773	4068	20501	2373	12989	460	
FL	86400	86400	90	18	0	5	12	87	12	41	2	10554003	20421	4617	111	1773	4068	20501	2373	12989	460	
FL	86600	86600	89	16	0	5	14	85	15	51	2	10537502	20421	4617	111	1773	4068	20501	2373	12989	460	
FL	86800	86800	90	14	1	4	16	90	15	57	1	10521431	20421	4617	111	1773	4068	20501	2373	12989	460	
FL	87000	87000	92	14	1	4	18	81	17	57	0	10506031	20421	4617	111	1773	4068	20501	2373	12989	460	
FL	87200	87200	87	12	1	6	21	77	14	54	1	10490413	20421	4617	111	1773	4068	20501	2373	12989	460	
FL	87400	87400	90	10	1	8	21	69	13	54	1	10473099	20421	4617	111	1773	4068	20501	2373	12989	460	
FL	87600	87600	89	9	1	8	23	75	11	50	1	10455640	20421	4617	111	1773	4068	20501	2373	12989	460	
FL	87800	87800	78	12	1	7	20	76	12	52	1	10438993	20421	4617	111	1773	4068	20501	2373	12989	460	
FL	88000	88000	86	13	1	4	17	78	10	51	1	10422464	20421	4617	111	1773	4068	20501	2373	12989	460	
FL	88200	88200	85	12	1	5	20	76	9	51	1	10406591	20421	4617	111	1773	4068	20501	2373	12989	460	
FL	88400	88400	89	14	1	6	19	77	10	55	1	10389699	20421	4617	111	1773	4068	20501	2373	12989	460	
FL	88600	88600	87	13	1	6	19	82	11	56	1	10372958	20421	4617	111	1773	4068	20501	2373	12989	460	
FL	88800	88800	84	12	1	6	15	74	11	57	0	10355381	20421	4617	111	1773	4068	20501	2373	12989	460	
FL	89000	89000	77	15	1	6	15	80	9	57	0	10337441	20421	4617	111	1773	4068	20501	2373	12989	460	
FL	89200	89200	75	16	1	6	16	77	7	57	0	10319123	20421	4617	111	1773	4068	20501	2373	12989	460	
FL	89400	89400	75	15	1	6	17	87	8	59	0	10300978	20421	4617	111	1773	4068	20501	2373	12989	460	
FL	89600	89600	71	17	1	6	19	92	8	57	0	10282473	20421	4617	111	1773	4068	20501	2373	12989	460	
FL	89800	89800	76	18	1	4	20	96	9	59	0	10264390	20421	4617	111	1773	4068	20501	2373	12989	460	
FL	90000	90000	81	15	1	4	18	87	7	49	0	10246441	20421	4617	111	1773	4068	20501	2373	12989	460	
FL	90200	90200	80	15	1	4	20	81	7	46	0	10228190	20421	4617	111	1773	4068	20501	2373	12989	460	
FL	90400	90400	84	14	0	4	20	88	6	40	0	10210772	20421	4617	111	1773	4068	20501	2373	12989	460	
FL	90600	90600	89	16	0	4	16	87	7	43	0	10193808	20421	4617	111	1773	4068	20501	2373	12989	460	
FL	90800	90800	92	16	0	4	16	87	6	46	1	10176761	20421	4617	111	1773	4068	20501	2373	12989	460	
FL	91000	91000	86	17	0	5	14	83	6	49	1	10159312	20421	4617	111	1773	4068	20501	2373	12989	460	
FL	91200	91200	85	19	0	5	14	80	6	44	1	10142005	20421	4617	111	1773	4068	20501	2373	12989	460	
FL	91400	91400	77	20	0	6	14	85	6	41	1	10124799	20421	4617	111	1773	4068	20501	2373	12989	460	
FL	91600	91600	78	18	0	6	14	85	6	41	1	10107999	20421	4617	111	1773	4068	20501	2373	12989	460	
FL	91800	91800	77	17	0	5	13	88	7	42	0	10091930	20421	4617	111	1773	4068	20501	2373	12989	460	
FL	92000	92000	75	18	0	7	12	92	8	42	0	10076230	20421	4617	111	1773	4068	20501	2373	12989	460	
FL	92200	92200	76	18	0	6	11	88	9	39	0	10060649	20421	4617	111	1773	4068	20501	2373	12989	460	
FL	92400	92400	79	22	0	6	12	87	8	39	0	10045426	20421	4617	111	1773	4068	20501	2373	12989	460	
FL	92600	92600	79	27	0	7	14	81	8	37	0	10030375	20421	4617	111	1773	4068	20501	2373	12989	460	
FL	92800	92800	80	25	0	8	16	81	9	38	0	10015444	20421	4617	111	1773	4068	20501	2373	12989	460	
FL	93000	93000	77	22	0	7	16	76	9	43	1	10000704	20421	4617	111	1773	4068	20501	2373	12989	460	
FL	93200	93200	73	22	0	8	17	75	8	41	1	9986339	20421	4617	111	1773	4068	20501	2373	12989	460	
FL	93400	93400	70	24	0	8	17	77	8	44	0	9971628	20421	4617	111	1773	4068	20501	2373	12989	460	
FL	93600	93600	72	23	0	9	12	77	8	47	0	9956991	20421	4617	111	1773	4068	20501	2373	12989	460	
FL	93800	93800	70	21	0	8	14	74	8	49	0	9943429	20421	4617	111	1773	4068	20501	2373	12989	460	
FL	94000	94000	71	21	0	8	13	69	6	51	0	9929750	20421	4617	111	1773	4068	20501	2373	12989	460	
FL	94200	94200	69	19	0	9	12	69	6	50	0	9915489	20421	4617	111	1773	4068	20501	2373	12989	460	
FL	94400	94400	69	19	0	9	13	69	6	53	0	9900660	20421	4617	111	1773	4068	20501	2373	12989	460	
FL	94600	94600	64	19	0	10	13	76	7	55	1	9885293	20421	4617	111	1773	4068	20501	2373	12989	460	
FL	94800	94800	69	18	0	11	12	84	7	56	1	9870129	20421	4617	111	1773	4068	20501	2373	12989	460	
FL	95000	95000	71	19	0	10	11	78	7	55	1	9854477	20421	4617	111	1773	4068	20501	2373	12989	460	
FL	95200	95200	76	20	0	9	9	78	7	50	1	9838786	20421	4617	111	1773	4068	20501	2373	12989	460	
FL	95400	95400	75	16	0	9	9	82	9	47	1	9823657	20421	4617	111	1773	4068	20501	2373	12989	460	
FL	95600	95600	73	15	0	6	9	72	8	45	0	9809133	20421	4617	111	1773	4068	20501	2373	12989	460	
FL	95800	95800	76	19	0	6	9	71	10	46	1	9794614	20421	4617	111	1773	4068	20501	2373	12989	460	
FL	96000	96000	78	18	0	4	10	70	10	45	1	9780200	20421	4617	111	1773	4068	20501	2373	12989	460	
FL	96200	96200	72	17	0	4	10	67	9	48	1	9765208	20421	4617	111	1773	4068	20501	2373	12989	460	
FL	96400	96400	69	15	0	5	11	60	10	51	1	9749202	20421	4617	111	1773	4068	20501	2373	12989	460	
FL	96600	96600	69	17	0	5	10	56	9	51	1	9733456	20421	4617	111	1773	4068	20501	2373	12989	460	
FL	96800	96800	66	12	0	6	9	58	7	45	1	9718203	20421	4617	111	1773	4068	20501	2373	12989	460	
FL	97000	97000	73	11	0	6	8	61	8	42	0	9703508	20421	4617	111	1773	4068	20501	2373	12989	460	
FL	97200	97200	71	11	0	6	7	63	8	39	0	9689126	20421	4617	111	1773	4068	20501	2373	12989	460	
FL	97400	97400	68	11	1	6	7	57	9	37	0	9675441	20421	4617	111	1773	4068	20501	2373	12989	460	
FL	97600	97600	65	12	1	7	8	61	10	36	0	9661328	20421	4617	111	1773	4068	20501	2373	12989	460	
FL	97800	97800	63	13	1	7	9	65	9	35	0	9646312	20421	4617	111	1773	4068	20501	2373	12989	460	
FL	98000	98000	56	11	1	6	7	66	7	37	0	9631476	20421	4617	111	1773	4068	20501	2373	12989	460	
FL	98200	98200	59	8	1	6	9	66	6	38	0	9616942	20421	4617	111	1773	4068	20501	2373	12989	460	
FL	98400	98400	59	9	1	5	8	69	5	40	0	9602282	20421	4617	111	1773	4068	20501	2373	12989	460	
FL	98600	98600	61	12	1	6	10	67	6	40	0	9587519	20421	4617	111	1773	4068	20501	2373	12989	460	
FL	98800	98800	66	10	1	6	9	67	6	37	0	9573215	20421	4617	111	1773	4068	20501	2373	12989	460	
FL	99000	99000	68	9	0	7	8	69	8	37	0	9559076	20421	4617	111	1773	4068	20501	2373	12989	460	
FL	99200	99200	70	9	0	6	9	71	7	37	0	9544054	20421	4617	111	1773	4068	20501	2373	12989	460	
FL	99400	99400	74	8	0	6	10	76	5	37	0	9528993	20421	4617	111	1773	4068	20501	2373	12989	460	
FL	99600	99600	74	8	0	6	9	75	5	42	0	9514008	20421	4617	111	1773	4068	20501	2373	12989	460	
FL	99800	99800	78	8	0	5	9	75	6	49	1	9498877	20421	4617	111	1773	4068	20501	2373	12989	460	
FL	100000	100000	80	11	0	5	7	75	5	47	1	9484582	20421	4617	111	1773	4068	20501	2373	12989	460	
