DHL	0	0	398	831	39	287	569	620	349	0	178	85018670	2244	2253	1119	2143	9003	7950	6980	4755	
DHL	-200	-200	395	827	41	280	552	610	351	0	176	84534641	2244	2253	1119	2143	9003	7950	6980	4755	
DHL	-400	-400	389	807	39	278	533	586	343	0	181	83164521	2244	2253	1119	2143	9003	7950	6980	4755	
DHL	-600	-600	382	780	36	271	517	577	343	0	172	81510316	2244	2253	1119	2143	9003	7950	6980	4755	
DHL	-800	-800	376	764	34	262	497	579	331	0	167	79796541	2244	2253	1119	2143	9003	7950	6980	4755	
DHL	-1000	-1000	362	735	33	255	483	551	325	0	163	78108697	2244	2253	1119	2143	9003	7950	6980	4755	
DHL	-1200	-1200	350	714	30	243	460	541	315	0	155	76457820	2244	2253	1119	2143	9003	7950	6980	4755	
DHL	-1400	-1400	335	697	30	242	444	526	309	0	152	74866481	2244	2253	1119	2143	9003	7950	6980	4755	
DHL	-1600	-1600	323	673	27	240	439	519	307	0	146	73344838	2244	2253	1119	2143	9003	7950	6980	4755	
DHL	-1800	-1800	315	642	29	227	433	507	306	0	140	71893036	2244	2253	1119	2143	9003	7950	6980	4755	
DHL	-2000	-2000	311	628	28	231	418	492	303	0	141	70499508	2244	2253	1119	2143	9003	7950	6980	4755	
DHL	-2200	-2200	305	613	28	227	406	471	295	0	135	69167548	2244	2253	1119	2143	9003	7950	6980	4755	
DHL	-2400	-2400	302	587	31	220	393	468	289	0	134	67890154	2244	2253	1119	2143	9003	7950	6980	4755	
DHL	-2600	-2600	291	574	31	211	373	447	274	0	124	66670175	2244	2253	1119	2143	9003	7950	6980	4755	
DHL	-2800	-2800	278	557	32	199	346	428	251	0	122	65496268	2244	2253	1119	2143	9003	7950	6980	4755	
DHL	-3000	-3000	267	535	31	191	340	412	246	0	112	64360544	2244	2253	1119	2143	9003	7950	6980	4755	
DHL	-3200	-3200	257	524	27	179	329	410	247	0	107	63270486	2244	2253	1119	2143	9003	7950	6980	4755	
DHL	-3400	-3400	253	503	28	170	324	410	236	0	109	62216605	2244	2253	1119	2143	9003	7950	6980	4755	
DHL	-3600	-3600	246	481	24	168	319	401	235	0	107	61199362	2244	2253	1119	2143	9003	7950	6980	4755	
DHL	-3800	-3800	239	451	19	163	300	394	232	0	103	60216080	2244	2253	1119	2143	9003	7950	6980	4755	
DHL	-4000	-4000	219	438	20	164	301	385	225	0	101	59266831	2244	2253	1119	2143	9003	7950	6980	4755	
DHL	-4200	-4200	220	426	17	155	290	380	215	0	100	58348442	2244	2253	1119	2143	9003	7950	6980	4755	
DHL	-4400	-4400	217	418	16	156	285	377	208	0	96	57454256	2244	2253	1119	2143	9003	7950	6980	4755	
DHL	-4600	-4600	205	408	16	155	279	366	208	0	85	56590312	2244	2253	1119	2143	9003	7950	6980	4755	
DHL	-4800	-4800	202	397	16	155	270	349	211	0	85	55750577	2244	2253	1119	2143	9003	7950	6980	4755	
DHL	-5000	-5000	199	396	16	155	263	344	202	0	84	54934292	2244	2253	1119	2143	9003	7950	6980	4755	
DHL	-5200	-5200	199	388	14	152	262	325	191	0	78	54133829	2244	2253	1119	2143	9003	7950	6980	4755	
DHL	-5400	-5400	189	378	14	147	259	315	181	0	74	53356481	2244	2253	1119	2143	9003	7950	6980	4755	
DHL	-5600	-5600	187	369	15	141	258	294	181	0	70	52596892	2244	2253	1119	2143	9003	7950	6980	4755	
DHL	-5800	-5800	171	363	15	137	251	288	184	0	67	51857063	2244	2253	1119	2143	9003	7950	6980	4755	
DHL	-6000	-6000	162	357	17	126	238	279	182	0	67	51134093	2244	2253	1119	2143	9003	7950	6980	4755	
DHL	-6200	-6200	156	341	19	128	241	272	173	0	65	50433818	2244	2253	1119	2143	9003	7950	6980	4755	
DHL	-6400	-6400	150	336	18	120	234	261	173	0	60	49754701	2244	2253	1119	2143	9003	7950	6980	4755	
DHL	-6600	-6600	144	330	18	116	226	246	169	0	51	49092729	2244	2253	1119	2143	9003	7950	6980	4755	
DHL	-6800	-6800	141	319	16	111	217	250	170	0	53	48451965	2244	2253	1119	2143	9003	7950	6980	4755	
DHL	-7000	-7000	135	300	16	103	212	240	161	0	51	47829620	2244	2253	1119	2143	9003	7950	6980	4755	
DHL	-7200	-7200	137	295	15	96	210	230	159	0	54	47225642	2244	2253	1119	2143	9003	7950	6980	4755	
DHL	-7400	-7400	139	293	16	99	194	224	154	0	54	46641023	2244	2253	1119	2143	9003	7950	6980	4755	
DHL	-7600	-7600	137	287	16	93	184	215	154	0	52	46077078	2244	2253	1119	2143	9003	7950	6980	4755	
DHL	-7800	-7800	128	275	15	93	180	204	149	0	48	45530823	2244	2253	1119	2143	9003	7950	6980	4755	
DHL	-8000	-8000	126	272	14	95	178	200	140	0	50	44998132	2244	2253	1119	2143	9003	7950	6980	4755	
DHL	-8200	-8200	123	260	14	94	175	195	144	0	46	44481274	2244	2253	1119	2143	9003	7950	6980	4755	
DHL	-8400	-8400	126	249	11	93	170	197	144	0	48	43977934	2244	2253	1119	2143	9003	7950	6980	4755	
DHL	-8600	-8600	125	238	10	93	167	198	137	0	49	43489845	2244	2253	1119	2143	9003	7950	6980	4755	
DHL	-8800	-8800	122	237	11	90	163	194	134	0	51	43013086	2244	2253	1119	2143	9003	7950	6980	4755	
DHL	-9000	-9000	118	233	10	89	157	186	133	0	46	42546956	2244	2253	1119	2143	9003	7950	6980	4755	
DHL	-9200	-9200	119	228	11	87	153	186	134	0	46	42090402	2244	2253	1119	2143	9003	7950	6980	4755	
DHL	-9400	-9400	116	229	12	88	145	179	132	0	42	41646207	2244	2253	1119	2143	9003	7950	6980	4755	
DHL	-9600	-9600	118	221	12	86	145	179	129	0	43	41217181	2244	2253	1119	2143	9003	7950	6980	4755	
DHL	-9800	-9800	110	218	15	80	144	176	128	0	46	40800129	2244	2253	1119	2143	9003	7950	6980	4755	
DHL	-10000	-10000	107	219	14	80	139	170	126	0	47	40391657	2244	2253	1119	2143	9003	7950	6980	4755	
DHL	-10200	-10200	109	218	15	79	131	167	121	0	47	39996378	2244	2253	1119	2143	9003	7950	6980	4755	
DHL	-10400	-10400	109	218	14	79	134	170	115	0	51	39612739	2244	2253	1119	2143	9003	7950	6980	4755	
DHL	-10600	-10600	112	222	15	79	131	164	116	0	53	39236561	2244	2253	1119	2143	9003	7950	6980	4755	
DHL	-10800	-10800	115	220	15	80	130	165	120	0	51	38871502	2244	2253	1119	2143	9003	7950	6980	4755	
DHL	-11000	-11000	115	220	14	82	134	158	116	0	48	38512487	2244	2253	1119	2143	9003	7950	6980	4755	
DHL	-11200	-11200	109	213	12	79	130	151	109	0	50	38155525	2244	2253	1119	2143	9003	7950	6980	4755	
DHL	-11400	-11400	112	205	12	79	129	146	111	0	48	37806050	2244	2253	1119	2143	9003	7950	6980	4755	
DHL	-11600	-11600	112	197	11	76	132	144	112	0	52	37465720	2244	2253	1119	2143	9003	7950	6980	4755	
DHL	-11800	-11800	111	189	10	73	127	136	107	0	52	37136144	2244	2253	1119	2143	9003	7950	6980	4755	
DHL	-12000	-12000	109	178	11	73	122	135	107	0	49	36811005	2244	2253	1119	2143	9003	7950	6980	4755	
DHL	-12200	-12200	107	175	13	72	116	128	114	0	48	36486997	2244	2253	1119	2143	9003	7950	6980	4755	
DHL	-12400	-12400	104	173	12	70	117	119	115	0	47	36169128	2244	2253	1119	2143	9003	7950	6980	4755	
DHL	-12600	-12600	100	173	11	68	120	120	115	0	47	35861772	2244	2253	1119	2143	9003	7950	6980	4755	
DHL	-12800	-12800	101	169	12	68	121	122	109	0	46	35560556	2244	2253	1119	2143	9003	7950	6980	4755	
DHL	-13000	-13000	99	167	12	68	119	121	105	0	48	35266981	2244	2253	1119	2143	9003	7950	6980	4755	
DHL	-13200	-13200	94	163	12	65	123	122	110	0	47	34980257	2244	2253	1119	2143	9003	7950	6980	4755	
DHL	-13400	-13400	95	162	15	69	123	123	106	0	47	34696313	2244	2253	1119	2143	9003	7950	6980	4755	
DHL	-13600	-13600	96	160	14	67	122	125	102	0	44	34415796	2244	2253	1119	2143	9003	7950	6980	4755	
DHL	-13800	-13800	98	157	14	67	120	121	105	0	43	34138903	2244	2253	1119	2143	9003	7950	6980	4755	
DHL	-14000	-14000	98	152	13	69	119	122	99	0	45	33868463	2244	2253	1119	2143	9003	7950	6980	4755	
DHL	-14200	-14200	101	150	14	73	116	118	99	0	46	33605827	2244	2253	1119	2143	9003	7950	6980	4755	
DHL	-14400	-14400	100	147	14	71	113	118	97	0	43	33348119	2244	2253	1119	2143	9003	7950	6980	4755	
DHL	-14600	-14600	93	147	14	69	111	118	97	0	39	33096157	2244	2253	1119	2143	9003	7950	6980	4755	
DHL	-14800	-14800	90	144	14	67	109	114	86	0	41	32847450	2244	2253	1119	2143	9003	7950	6980	4755	
DHL	-15000	-15000	91	140	13	63	110	111	86	0	38	32604235	2244	2253	1119	2143	9003	7950	6980	4755	
DHL	-15200	-15200	88	140	12	61	105	111	88	0	36	32364770	2244	2253	1119	2143	9003	7950	6980	4755	
DHL	-15400	-15400	86	136	11	59	101	108	100	0	35	32128802	2244	2253	1119	2143	9003	7950	6980	4755	
DHL	-15600	-15600	85	132	12	60	98	111	96	0	36	31893658	2244	2253	1119	2143	9003	7950	6980	4755	
DHL	-15800	-15800	81	131	12	60	95	111	95	0	35	31663606	2244	2253	1119	2143	9003	7950	6980	4755	
DHL	-16000	-16000	83	124	12	60	93	109	93	0	32	31438477	2244	2253	1119	2143	9003	7950	6980	4755	
DHL	-16200	-16200	83	113	12	58	95	110	95	0	34	31217104	2244	2253	1119	2143	9003	7950	6980	4755	
DHL	-16400	-16400	76	112	12	57	95	100	91	0	35	30997649	2244	2253	1119	2143	9003	7950	6980	4755	
DHL	-16600	-16600	74	108	12	59	95	98	87	0	29	30781412	2244	2253	1119	2143	9003	7950	6980	4755	
DHL	-16800	-16800	71	107	13	60	99	100	84	0	27	30570954	2244	2253	1119	2143	9003	7950	6980	4755	
DHL	-17000	-17000	73	107	13	57	96	104	76	0	27	30366674	2244	2253	1119	2143	9003	7950	6980	4755	
DHL	-17200	-17200	79	108	12	52	96	103	73	0	24	30163767	2244	2253	1119	2143	9003	7950	6980	4755	
DHL	-17400	-17400	79	108	11	53	102	107	74	0	29	29962291	2244	2253	1119	2143	9003	7950	6980	4755	
DHL	-17600	-17600	81	108	11	52	110	108	71	0	35	29764876	2244	2253	1119	2143	9003	7950	6980	4755	
DHL	-17800	-17800	77	108	11	50	111	109	75	0	36	29567773	2244	2253	1119	2143	9003	7950	6980	4755	
DHL	-18000	-18000	74	107	11	54	104	104	72	0	34	29372529	2244	2253	1119	2143	9003	7950	6980	4755	
DHL	-18200	-18200	73	110	10	54	104	102	74	0	36	29180251	2244	2253	1119	2143	9003	7950	6980	4755	
DHL	-18400	-18400	71	111	9	55	102	100	74	0	40	28991805	2244	2253	1119	2143	9003	7950	6980	4755	
DHL	-18600	-18600	71	110	8	57	98	100	79	0	36	28807388	2244	2253	1119	2143	9003	7950	6980	4755	
DHL	-18800	-18800	71	104	8	55	94	102	79	0	35	28626915	2244	2253	1119	2143	9003	7950	6980	4755	
DHL	-19000	-19000	71	102	9	56	94	102	81	0	34	28447255	2244	2253	1119	2143	9003	7950	6980	4755	
DHL	-19200	-19200	71	99	9	56	93	100	81	0	33	28268816	2244	2253	1119	2143	9003	7950	6980	4755	
DHL	-19400	-19400	71	94	10	57	99	99	85	0	34	28091918	2244	2253	1119	2143	9003	7950	6980	4755	
DHL	-19600	-19600	67	90	9	53	106	92	84	0	35	27915575	2244	2253	1119	2143	9003	7950	6980	4755	
DHL	-19800	-19800	65	88	11	51	109	96	81	0	35	27743598	2244	2253	1119	2143	9003	7950	6980	4755	
DHL	-20000	-20000	69	90	12	50	109	94	78	0	36	27573995	2244	2253	1119	2143	9003	7950	6980	4755	
DHL	-20200	-20200	70	94	12	49	108	97	77	0	38	27403158	2244	2253	1119	2143	9003	7950	6980	4755	
DHL	-20400	-20400	67	89	11	48	110	100	75	0	43	27235103	2244	2253	1119	2143	9003	7950	6980	4755	
DHL	-20600	-20600	66	91	10	46	107	93	75	0	45	27069557	2244	2253	1119	2143	9003	7950	6980	4755	
DHL	-20800	-20800	63	84	9	49	104	91	80	0	46	26907941	2244	2253	1119	2143	9003	7950	6980	4755	
DHL	-21000	-21000	60	85	9	52	102	80	80	0	44	26749557	2244	2253	1119	2143	9003	7950	6980	4755	
DHL	-21200	-21200	61	85	9	52	94	74	83	0	39	26595013	2244	2253	1119	2143	9003	7950	6980	4755	
DHL	-21400	-21400	57	80	8	54	86	67	84	0	40	26440753	2244	2253	1119	2143	9003	7950	6980	4755	
DHL	-21600	-21600	56	77	7	53	80	65	80	0	40	26289260	2244	2253	1119	2143	9003	7950	6980	4755	
DHL	-21800	-21800	55	79	6	52	77	66	76	0	38	26143890	2244	2253	1119	2143	9003	7950	6980	4755	
DHL	-22000	-22000	57	74	6	50	71	66	79	0	39	26005052	2244	2253	1119	2143	9003	7950	6980	4755	
DHL	-22200	-22200	54	74	6	49	77	65	82	0	37	25867255	2244	2253	1119	2143	9003	7950	6980	4755	
DHL	-22400	-22400	52	71	4	47	78	60	82	0	39	25731146	2244	2253	1119	2143	9003	7950	6980	4755	
DHL	-22600	-22600	50	69	3	49	77	58	79	0	40	25596529	2244	2253	1119	2143	9003	7950	6980	4755	
DHL	-22800	-22800	49	69	3	49	78	60	85	0	43	25462335	2244	2253	1119	2143	9003	7950	6980	4755	
DHL	-23000	-23000	50	69	3	48	72	66	87	0	35	25332794	2244	2253	1119	2143	9003	7950	6980	4755	
DHL	-23200	-23200	49	66	5	46	72	66	83	0	31	25207547	2244	2253	1119	2143	9003	7950	6980	4755	
DHL	-23400	-23400	50	68	3	44	72	66	81	0	30	25085177	2244	2253	1119	2143	9003	7950	6980	4755	
DHL	-23600	-23600	47	68	3	40	73	71	81	0	27	24966762	2244	2253	1119	2143	9003	7950	6980	4755	
DHL	-23800	-23800	46	66	3	42	69	72	75	0	28	24849176	2244	2253	1119	2143	9003	7950	6980	4755	
DHL	-24000	-24000	47	65	3	40	71	71	72	0	27	24729994	2244	2253	1119	2143	9003	7950	6980	4755	
DHL	-24200	-24200	47	63	4	37	66	66	71	0	28	24611801	2244	2253	1119	2143	9003	7950	6980	4755	
DHL	-24400	-24400	46	62	5	38	65	61	68	0	26	24493309	2244	2253	1119	2143	9003	7950	6980	4755	
DHL	-24600	-24600	46	64	8	38	65	64	67	0	21	24377268	2244	2253	1119	2143	9003	7950	6980	4755	
DHL	-24800	-24800	45	67	8	40	63	70	65	0	20	24264882	2244	2253	1119	2143	9003	7950	6980	4755	
DHL	-25000	-25000	43	65	9	38	66	73	59	0	23	24155272	2244	2253	1119	2143	9003	7950	6980	4755	
DHL	-25200	-25200	47	63	10	35	64	75	59	0	25	24045349	2244	2253	1119	2143	9003	7950	6980	4755	
DHL	-25400	-25400	42	60	8	34	68	69	61	0	25	23937060	2244	2253	1119	2143	9003	7950	6980	4755	
DHL	-25600	-25600	42	58	6	34	64	73	62	0	25	23830564	2244	2253	1119	2143	9003	7950	6980	4755	
DHL	-25800	-25800	39	53	7	34	68	76	63	0	28	23724822	2244	2253	1119	2143	9003	7950	6980	4755	
DHL	-26000	-26000	39	49	6	34	66	82	64	0	29	23621396	2244	2253	1119	2143	9003	7950	6980	4755	
DHL	-26200	-26200	37	53	6	35	66	82	63	0	24	23518663	2244	2253	1119	2143	9003	7950	6980	4755	
DHL	-26400	-26400	32	51	6	34	64	83	59	0	25	23417836	2244	2253	1119	2143	9003	7950	6980	4755	
DHL	-26600	-26600	30	48	6	34	60	82	60	0	25	23318642	2244	2253	1119	2143	9003	7950	6980	4755	
DHL	-26800	-26800	31	48	8	35	58	74	62	0	23	23218825	2244	2253	1119	2143	9003	7950	6980	4755	
DHL	-27000	-27000	29	47	9	36	63	71	60	0	25	23118007	2244	2253	1119	2143	9003	7950	6980	4755	
DHL	-27200	-27200	31	48	10	33	65	65	61	0	25	23018284	2244	2253	1119	2143	9003	7950	6980	4755	
DHL	-27400	-27400	28	50	8	34	65	63	60	0	25	22917773	2244	2253	1119	2143	9003	7950	6980	4755	
DHL	-27600	-27600	28	48	4	34	63	64	60	0	24	22816754	2244	2253	1119	2143	9003	7950	6980	4755	
DHL	-27800	-27800	29	48	5	35	66	64	57	0	22	22714731	2244	2253	1119	2143	9003	7950	6980	4755	
DHL	-28000	-28000	29	45	6	34	65	63	63	0	23	22614263	2244	2253	1119	2143	9003	7950	6980	4755	
DHL	-28200	-28200	29	44	7	32	57	65	65	0	23	22513835	2244	2253	1119	2143	9003	7950	6980	4755	
DHL	-28400	-28400	29	43	7	29	56	68	56	0	21	22413165	2244	2253	1119	2143	9003	7950	6980	4755	
DHL	-28600	-28600	30	41	7	29	57	70	54	0	20	22311625	2244	2253	1119	2143	9003	7950	6980	4755	
DHL	-28800	-28800	31	42	8	30	56	63	51	0	21	22210694	2244	2253	1119	2143	9003	7950	6980	4755	
DHL	-29000	-29000	31	39	8	31	56	62	52	0	20	22111558	2244	2253	1119	2143	9003	7950	6980	4755	
DHL	-29200	-29200	29	40	8	29	57	63	52	0	22	22009853	2244	2253	1119	2143	9003	7950	6980	4755	
DHL	-29400	-29400	30	42	7	30	54	64	53	0	23	21916126	2244	2253	1119	2143	9003	7950	6980	4755	
DHL	-29600	-29600	29	42	8	31	54	71	48	0	27	21823461	2244	2253	1119	2143	9003	7950	6980	4755	
DHL	-29800	-29800	27	42	9	30	51	76	52	0	30	21733031	2244	2253	1119	2143	9003	7950	6980	4755	
DHL	-30000	-30000	27	44	8	28	53	77	55	0	30	21644137	2244	2253	1119	2143	9003	7950	6980	4755	
DHL	-30200	-30200	29	45	6	28	50	73	56	0	29	21555810	2244	2253	1119	2143	9003	7950	6980	4755	
DHL	-30400	-30400	30	46	6	26	48	76	53	0	28	21467742	2244	2253	1119	2143	9003	7950	6980	4755	
DHL	-30600	-30600	28	47	6	27	49	72	56	0	26	21378958	2244	2253	1119	2143	9003	7950	6980	4755	
DHL	-30800	-30800	27	47	6	30	47	66	55	0	22	21290409	2244	2253	1119	2143	9003	7950	6980	4755	
DHL	-31000	-31000	30	45	6	29	49	68	54	0	22	21202125	2244	2253	1119	2143	9003	7950	6980	4755	
DHL	-31200	-31200	29	46	6	28	52	65	56	0	25	21115138	2244	2253	1119	2143	9003	7950	6980	4755	
DHL	-31400	-31400	27	47	7	27	52	66	55	0	24	21030070	2244	2253	1119	2143	9003	7950	6980	4755	
DHL	-31600	-31600	25	48	8	29	57	64	59	0	26	20946524	2244	2253	1119	2143	9003	7950	6980	4755	
DHL	-31800	-31800	25	47	7	32	57	62	54	0	29	20866156	2244	2253	1119	2143	9003	7950	6980	4755	
DHL	-32000	-32000	26	47	7	34	57	61	54	0	29	20787383	2244	2253	1119	2143	9003	7950	6980	4755	
DHL	-32200	-32200	24	47	7	34	60	58	50	0	34	20708964	2244	2253	1119	2143	9003	7950	6980	4755	
DHL	-32400	-32400	28	45	7	34	57	59	46	0	31	20629664	2244	2253	1119	2143	9003	7950	6980	4755	
DHL	-32600	-32600	27	46	8	34	57	61	45	0	35	20550102	2244	2253	1119	2143	9003	7950	6980	4755	
DHL	-32800	-32800	28	46	10	33	54	64	43	0	30	20470816	2244	2253	1119	2143	9003	7950	6980	4755	
DHL	-33000	-33000	28	44	10	33	55	68	43	0	28	20391349	2244	2253	1119	2143	9003	7950	6980	4755	
DHL	-33200	-33200	29	43	6	34	56	63	38	0	29	20310639	2244	2253	1119	2143	9003	7950	6980	4755	
DHL	-33400	-33400	29	40	6	37	58	66	41	0	24	20231975	2244	2253	1119	2143	9003	7950	6980	4755	
DHL	-33600	-33600	28	37	4	34	59	64	41	0	25	20155396	2244	2253	1119	2143	9003	7950	6980	4755	
DHL	-33800	-33800	29	37	6	32	59	60	43	0	30	20078492	2244	2253	1119	2143	9003	7950	6980	4755	
DHL	-34000	-34000	29	39	6	32	65	55	39	0	32	20002767	2244	2253	1119	2143	9003	7950	6980	4755	
DHL	-34200	-34200	28	39	5	33	65	51	40	0	32	19926639	2244	2253	1119	2143	9003	7950	6980	4755	
DHL	-34400	-34400	29	39	3	33	65	52	38	0	32	19853105	2244	2253	1119	2143	9003	7950	6980	4755	
DHL	-34600	-34600	31	40	4	35	57	48	40	0	33	19780508	2244	2253	1119	2143	9003	7950	6980	4755	
DHL	-34800	-34800	29	40	6	33	57	49	42	0	29	19708739	2244	2253	1119	2143	9003	7950	6980	4755	
DHL	-35000	-35000	33	38	7	33	55	43	44	0	27	19638216	2244	2253	1119	2143	9003	7950	6980	4755	
DHL	-35200	-35200	32	38	8	33	60	44	47	0	29	19568573	2244	2253	1119	2143	9003	7950	6980	4755	
DHL	-35400	-35400	29	39	8	34	58	45	44	0	33	19497182	2244	2253	1119	2143	9003	7950	6980	4755	
DHL	-35600	-35600	27	38	8	35	57	43	43	0	34	19424457	2244	2253	1119	2143	9003	7950	6980	4755	
DHL	-35800	-35800	26	36	8	33	56	47	46	0	34	19353101	2244	2253	1119	2143	9003	7950	6980	4755	
DHL	-36000	-36000	26	34	7	32	53	49	46	0	32	19278707	2244	2253	1119	2143	9003	7950	6980	4755	
DHL	-36200	-36200	20	31	7	32	51	47	43	0	31	19206528	2244	2253	1119	2143	9003	7950	6980	4755	
DHL	-36400	-36400	20	29	9	31	52	47	43	0	30	19136460	2244	2253	1119	2143	9003	7950	6980	4755	
DHL	-36600	-36600	20	28	9	30	46	43	44	0	31	19067976	2244	2253	1119	2143	9003	7950	6980	4755	
DHL	-36800	-36800	19	29	10	30	42	45	40	0	30	18997621	2244	2253	1119	2143	9003	7950	6980	4755	
DHL	-37000	-37000	17	28	9	29	39	42	39	0	28	18926524	2244	2253	1119	2143	9003	7950	6980	4755	
DHL	-37200	-37200	18	28	9	32	40	40	35	0	30	18858380	2244	2253	1119	2143	9003	7950	6980	4755	
DHL	-37400	-37400	22	29	9	31	39	40	31	0	29	18792174	2244	2253	1119	2143	9003	7950	6980	4755	
DHL	-37600	-37600	23	28	11	30	41	44	25	0	30	18726315	2244	2253	1119	2143	9003	7950	6980	4755	
DHL	-37800	-37800	21	30	10	27	40	43	21	0	28	18660132	2244	2253	1119	2143	9003	7950	6980	4755	
DHL	-38000	-38000	16	28	8	24	39	43	19	0	27	18592251	2244	2253	1119	2143	9003	7950	6980	4755	
DHL	-38200	-38200	16	28	8	25	44	43	18	0	26	18529635	2244	2253	1119	2143	9003	7950	6980	4755	
DHL	-38400	-38400	18	27	9	26	44	42	21	0	24	18468394	2244	2253	1119	2143	9003	7950	6980	4755	
DHL	-38600	-38600	14	27	6	24	49	39	27	0	29	18407288	2244	2253	1119	2143	9003	7950	6980	4755	
DHL	-38800	-38800	14	25	6	24	47	37	29	0	31	18345201	2244	2253	1119	2143	9003	7950	6980	4755	
DHL	-39000	-39000	13	25	7	25	48	42	29	0	31	18280642	2244	2253	1119	2143	9003	7950	6980	4755	
DHL	-39200	-39200	12	26	7	25	45	41	32	0	26	18215484	2244	2253	1119	2143	9003	7950	6980	4755	
DHL	-39400	-39400	11	24	7	25	46	38	35	0	26	18149726	2244	2253	1119	2143	9003	7950	6980	4755	
DHL	-39600	-39600	12	23	8	28	41	43	34	0	29	18085313	2244	2253	1119	2143	9003	7950	6980	4755	
DHL	-39800	-39800	10	23	9	25	40	41	37	0	30	18021643	2244	2253	1119	2143	9003	7950	6980	4755	
DHL	-40000	-40000	12	26	10	24	42	44	43	0	31	17959420	2244	2253	1119	2143	9003	7950	6980	4755	
DHL	-40200	-40200	12	26	10	25	40	41	41	0	32	17896733	2244	2253	1119	2143	9003	7950	6980	4755	
DHL	-40400	-40400	12	27	10	27	38	43	44	0	31	17833853	2244	2253	1119	2143	9003	7950	6980	4755	
DHL	-40600	-40600	12	26	10	25	40	39	46	0	29	17771497	2244	2253	1119	2143	9003	7950	6980	4755	
DHL	-40800	-40800	13	26	10	28	41	37	47	0	29	17709836	2244	2253	1119	2143	9003	7950	6980	4755	
DHL	-41000	-41000	13	25	9	26	36	36	42	0	25	17649116	2244	2253	1119	2143	9003	7950	6980	4755	
DHL	-41200	-41200	13	21	9	27	38	37	39	0	25	17587690	2244	2253	1119	2143	9003	7950	6980	4755	
DHL	-41400	-41400	13	22	9	27	43	34	36	0	26	17528241	2244	2253	1119	2143	9003	7950	6980	4755	
DHL	-41600	-41600	14	22	7	25	44	35	35	0	24	17469029	2244	2253	1119	2143	9003	7950	6980	4755	
DHL	-41800	-41800	14	20	6	21	42	33	32	0	23	17410043	2244	2253	1119	2143	9003	7950	6980	4755	
DHL	-42000	-42000	14	19	6	20	38	31	31	0	23	17352445	2244	2253	1119	2143	9003	7950	6980	4755	
DHL	-42200	-42200	14	18	6	13	37	31	29	0	22	17296344	2244	2253	1119	2143	9003	7950	6980	4755	
DHL	-42400	-42400	12	21	6	14	38	30	25	0	21	17240604	2244	2253	1119	2143	9003	7950	6980	4755	
DHL	-42600	-42600	12	21	5	16	39	28	24	0	20	17185348	2244	2253	1119	2143	9003	7950	6980	4755	
DHL	-42800	-42800	13	19	2	14	40	30	26	0	21	17131307	2244	2253	1119	2143	9003	7950	6980	4755	
DHL	-43000	-43000	12	16	2	12	34	32	26	0	21	17076630	2244	2253	1119	2143	9003	7950	6980	4755	
DHL	-43200	-43200	12	10	2	16	35	31	29	0	22	17020474	2244	2253	1119	2143	9003	7950	6980	4755	
DHL	-43400	-43400	13	8	2	17	38	28	30	0	19	16964934	2244	2253	1119	2143	9003	7950	6980	4755	
DHL	-43600	-43600	13	9	3	17	36	24	31	0	20	16911768	2244	2253	1119	2143	9003	7950	6980	4755	
DHL	-43800	-43800	16	8	3	17	35	25	31	0	16	16856477	2244	2253	1119	2143	9003	7950	6980	4755	
DHL	-44000	-44000	13	10	4	17	31	29	29	0	16	16800696	2244	2253	1119	2143	9003	7950	6980	4755	
DHL	-44200	-44200	9	8	5	18	30	33	30	0	18	16744496	2244	2253	1119	2143	9003	7950	6980	4755	
DHL	-44400	-44400	9	8	4	16	32	35	29	0	18	16690021	2244	2253	1119	2143	9003	7950	6980	4755	
DHL	-44600	-44600	6	6	4	12	35	32	29	0	18	16634812	2244	2253	1119	2143	9003	7950	6980	4755	
DHL	-44800	-44800	7	6	3	11	36	37	29	0	15	16580034	2244	2253	1119	2143	9003	7950	6980	4755	
DHL	-45000	-45000	8	6	3	11	37	39	26	0	14	16526942	2244	2253	1119	2143	9003	7950	6980	4755	
DHL	-45200	-45200	11	7	3	9	35	35	29	0	18	16474929	2244	2253	1119	2143	9003	7950	6980	4755	
DHL	-45400	-45400	10	11	3	10	34	38	30	0	22	16424388	2244	2253	1119	2143	9003	7950	6980	4755	
DHL	-45600	-45600	9	12	4	10	35	38	31	0	22	16374662	2244	2253	1119	2143	9003	7950	6980	4755	
DHL	-45800	-45800	11	11	7	10	34	35	30	0	22	16327399	2244	2253	1119	2143	9003	7950	6980	4755	
DHL	-46000	-46000	14	11	7	11	37	44	28	0	23	16280150	2244	2253	1119	2143	9003	7950	6980	4755	
DHL	-46200	-46200	14	13	8	14	35	42	29	0	23	16233401	2244	2253	1119	2143	9003	7950	6980	4755	
DHL	-46400	-46400	11	13	8	15	38	40	32	0	24	16185796	2244	2253	1119	2143	9003	7950	6980	4755	
DHL	-46600	-46600	12	12	8	13	38	40	33	0	21	16139307	2244	2253	1119	2143	9003	7950	6980	4755	
DHL	-46800	-46800	13	12	7	12	38	37	33	0	23	16093155	2244	2253	1119	2143	9003	7950	6980	4755	
DHL	-47000	-47000	11	12	8	11	39	39	37	0	23	16045266	2244	2253	1119	2143	9003	7950	6980	4755	
DHL	-47200	-47200	10	12	8	15	43	35	34	0	22	15998980	2244	2253	1119	2143	9003	7950	6980	4755	
DHL	-47400	-47400	8	12	6	14	45	34	30	0	22	15952539	2244	2253	1119	2143	9003	7950	6980	4755	
DHL	-47600	-47600	8	12	5	17	46	35	26	0	20	15904493	2244	2253	1119	2143	9003	7950	6980	4755	
DHL	-47800	-47800	7	14	5	15	44	34	27	0	19	15858479	2244	2253	1119	2143	9003	7950	6980	4755	
DHL	-48000	-48000	7	13	2	12	48	37	23	0	21	15812170	2244	2253	1119	2143	9003	7950	6980	4755	
DHL	-48200	-48200	7	15	2	12	50	37	25	0	24	15765855	2244	2253	1119	2143	9003	7950	6980	4755	
DHL	-48400	-48400	8	14	2	11	53	35	25	0	19	15718399	2244	2253	1119	2143	9003	7950	6980	4755	
DHL	-48600	-48600	9	14	2	12	55	29	25	0	16	15673267	2244	2253	1119	2143	9003	7950	6980	4755	
DHL	-48800	-48800	9	15	2	12	55	30	25	0	15	15628793	2244	2253	1119	2143	9003	7950	6980	4755	
DHL	-49000	-49000	9	15	2	12	54	33	25	0	14	15585221	2244	2253	1119	2143	9003	7950	6980	4755	
DHL	-49200	-49200	8	15	3	13	49	31	21	0	15	15543100	2244	2253	1119	2143	9003	7950	6980	4755	
DHL	-49400	-49400	9	13	3	12	48	28	23	0	14	15501257	2244	2253	1119	2143	9003	7950	6980	4755	
DHL	-49600	-49600	9	11	2	10	45	27	22	0	15	15461066	2244	2253	1119	2143	9003	7950	6980	4755	
DHL	-49800	-49800	8	10	2	9	44	27	25	0	17	15420955	2244	2253	1119	2143	9003	7950	6980	4755	
DHL	-50000	-50000	9	9	3	10	45	26	21	0	16	15379891	2244	2253	1119	2143	9003	7950	6980	4755	
DHL	-50200	-50200	10	7	4	9	44	29	25	0	16	15338382	2244	2253	1119	2143	9003	7950	6980	4755	
DHL	-50400	-50400	12	8	5	9	43	32	26	0	15	15297774	2244	2253	1119	2143	9003	7950	6980	4755	
DHL	-50600	-50600	11	6	5	11	45	29	26	0	14	15258507	2244	2253	1119	2143	9003	7950	6980	4755	
DHL	-50800	-50800	12	7	5	12	47	31	24	0	12	15220179	2244	2253	1119	2143	9003	7950	6980	4755	
DHL	-51000	-51000	10	6	6	11	46	33	26	0	13	15180817	2244	2253	1119	2143	9003	7950	6980	4755	
DHL	-51200	-51200	11	6	6	13	43	35	26	0	12	15140568	2244	2253	1119	2143	9003	7950	6980	4755	
DHL	-51400	-51400	12	7	6	14	43	30	24	0	12	15101101	2244	2253	1119	2143	9003	7950	6980	4755	
DHL	-51600	-51600	8	7	7	14	42	26	24	0	16	15061720	2244	2253	1119	2143	9003	7950	6980	4755	
DHL	-51800	-51800	9	6	7	13	36	34	30	0	13	15021423	2244	2253	1119	2143	9003	7950	6980	4755	
DHL	-52000	-52000	9	7	6	10	33	37	27	0	15	14981189	2244	2253	1119	2143	9003	7950	6980	4755	
DHL	-52200	-52200	8	7	7	11	36	39	31	0	17	14941316	2244	2253	1119	2143	9003	7950	6980	4755	
DHL	-52400	-52400	8	7	8	10	40	41	31	0	17	14901453	2244	2253	1119	2143	9003	7950	6980	4755	
DHL	-52600	-52600	9	7	6	11	42	43	30	0	15	14861619	2244	2253	1119	2143	9003	7950	6980	4755	
DHL	-52800	-52800	8	6	6	11	42	42	30	0	13	14822262	2244	2253	1119	2143	9003	7950	6980	4755	
DHL	-53000	-53000	8	6	7	11	42	35	29	0	13	14784822	2244	2253	1119	2143	9003	7950	6980	4755	
DHL	-53200	-53200	8	6	6	12	41	34	31	0	12	14746475	2244	2253	1119	2143	9003	7950	6980	4755	
DHL	-53400	-53400	6	6	7	14	40	34	30	0	10	14708477	2244	2253	1119	2143	9003	7950	6980	4755	
DHL	-53600	-53600	4	8	7	14	42	34	31	0	9	14670583	2244	2253	1119	2143	9003	7950	6980	4755	
DHL	-53800	-53800	4	8	9	16	39	33	28	0	10	14633023	2244	2253	1119	2143	9003	7950	6980	4755	
DHL	-54000	-54000	5	10	9	15	44	37	24	0	10	14594265	2244	2253	1119	2143	9003	7950	6980	4755	
DHL	-54200	-54200	5	12	10	14	38	35	27	0	11	14556444	2244	2253	1119	2143	9003	7950	6980	4755	
DHL	-54400	-54400	8	7	9	13	37	35	30	0	14	14520165	2244	2253	1119	2143	9003	7950	6980	4755	
DHL	-54600	-54600	9	8	10	13	37	32	28	0	17	14483074	2244	2253	1119	2143	9003	7950	6980	4755	
DHL	-54800	-54800	10	10	9	14	32	31	29	0	19	14446798	2244	2253	1119	2143	9003	7950	6980	4755	
DHL	-55000	-55000	12	10	8	14	33	33	26	0	20	14410013	2244	2253	1119	2143	9003	7950	6980	4755	
DHL	-55200	-55200	12	13	8	13	28	32	24	0	23	14372049	2244	2253	1119	2143	9003	7950	6980	4755	
DHL	-55400	-55400	13	14	8	14	24	33	25	0	19	14332723	2244	2253	1119	2143	9003	7950	6980	4755	
DHL	-55600	-55600	12	14	7	12	24	40	27	0	19	14294548	2244	2253	1119	2143	9003	7950	6980	4755	
DHL	-55800	-55800	11	13	6	10	25	37	19	0	19	14255985	2244	2253	1119	2143	9003	7950	6980	4755	
DHL	-56000	-56000	11	11	7	10	27	36	23	0	18	14218448	2244	2253	1119	2143	9003	7950	6980	4755	
DHL	-56200	-56200	9	11	6	11	27	39	22	0	22	14182072	2244	2253	1119	2143	9003	7950	6980	4755	
DHL	-56400	-56400	11	11	5	10	24	35	20	0	21	14145341	2244	2253	1119	2143	9003	7950	6980	4755	
DHL	-56600	-56600	8	9	5	9	27	34	23	0	21	14106731	2244	2253	1119	2143	9003	7950	6980	4755	
DHL	-56800	-56800	8	8	2	8	26	35	26	0	22	14067548	2244	2253	1119	2143	9003	7950	6980	4755	
DHL	-57000	-57000	9	8	2	8	30	31	26	0	18	14028308	2244	2253	1119	2143	9003	7950	6980	4755	
DHL	-57200	-57200	8	5	3	8	29	31	29	0	17	13990145	2244	2253	1119	2143	9003	7950	6980	4755	
DHL	-57400	-57400	7	4	3	6	28	31	27	0	14	13953030	2244	2253	1119	2143	9003	7950	6980	4755	
DHL	-57600	-57600	8	5	4	7	30	35	25	0	16	13915330	2244	2253	1119	2143	9003	7950	6980	4755	
DHL	-57800	-57800	7	4	5	7	29	35	25	0	17	13877610	2244	2253	1119	2143	9003	7950	6980	4755	
DHL	-58000	-58000	10	4	5	5	25	44	21	0	17	13839556	2244	2253	1119	2143	9003	7950	6980	4755	
DHL	-58200	-58200	10	6	3	3	26	46	22	0	15	13802147	2244	2253	1119	2143	9003	7950	6980	4755	
DHL	-58400	-58400	8	7	3	3	28	45	21	0	15	13764385	2244	2253	1119	2143	9003	7950	6980	4755	
DHL	-58600	-58600	8	6	3	4	30	40	21	0	16	13725642	2244	2253	1119	2143	9003	7950	6980	4755	
DHL	-58800	-58800	9	9	2	4	32	40	22	0	15	13686950	2244	2253	1119	2143	9003	7950	6980	4755	
DHL	-59000	-59000	11	7	2	5	32	38	24	0	15	13648539	2244	2253	1119	2143	9003	7950	6980	4755	
DHL	-59200	-59200	11	6	3	5	30	39	28	0	18	13610202	2244	2253	1119	2143	9003	7950	6980	4755	
DHL	-59400	-59400	11	6	3	7	30	42	27	0	15	13571820	2244	2253	1119	2143	9003	7950	6980	4755	
DHL	-59600	-59600	12	7	3	7	24	42	26	0	13	13536008	2244	2253	1119	2143	9003	7950	6980	4755	
DHL	-59800	-59800	12	6	3	6	24	40	22	0	14	13500964	2244	2253	1119	2143	9003	7950	6980	4755	
DHL	-60000	-60000	13	6	4	5	27	44	23	0	12	13465880	2244	2253	1119	2143	9003	7950	6980	4755	
DHL	-60200	-60200	11	6	4	4	30	46	22	0	14	13431792	2244	2253	1119	2143	9003	7950	6980	4755	
DHL	-60400	-60400	11	7	3	4	29	44	21	0	18	13397683	2244	2253	1119	2143	9003	7950	6980	4755	
DHL	-60600	-60600	8	6	3	5	29	48	24	0	18	13364659	2244	2253	1119	2143	9003	7950	6980	4755	
DHL	-60800	-60800	7	6	3	4	31	47	27	0	18	13332929	2244	2253	1119	2143	9003	7950	6980	4755	
DHL	-61000	-61000	7	4	4	4	32	42	27	0	17	13301306	2244	2253	1119	2143	9003	7950	6980	4755	
DHL	-61200	-61200	8	2	5	4	34	38	26	0	13	13271131	2244	2253	1119	2143	9003	7950	6980	4755	
DHL	-61400	-61400	8	3	5	3	36	34	24	0	12	13240979	2244	2253	1119	2143	9003	7950	6980	4755	
DHL	-61600	-61600	7	3	5	6	36	36	23	0	14	13210260	2244	2253	1119	2143	9003	7950	6980	4755	
DHL	-61800	-61800	7	3	6	7	39	34	23	0	13	13179942	2244	2253	1119	2143	9003	7950	6980	4755	
DHL	-62000	-62000	7	3	6	5	38	35	26	0	17	13149769	2244	2253	1119	2143	9003	7950	6980	4755	
DHL	-62200	-62200	7	4	6	5	39	40	28	0	17	13118482	2244	2253	1119	2143	9003	7950	6980	4755	
DHL	-62400	-62400	8	5	6	6	41	40	28	0	15	13088168	2244	2253	1119	2143	9003	7950	6980	4755	
DHL	-62600	-62600	7	5	5	6	41	41	32	0	16	13057351	2244	2253	1119	2143	9003	7950	6980	4755	
DHL	-62800	-62800	7	6	5	7	37	35	36	0	19	13025826	2244	2253	1119	2143	9003	7950	6980	4755	
DHL	-63000	-63000	8	8	5	8	36	29	34	0	17	12994611	2244	2253	1119	2143	9003	7950	6980	4755	
DHL	-63200	-63200	8	7	4	9	33	30	34	0	17	12963959	2244	2253	1119	2143	9003	7950	6980	4755	
DHL	-63400	-63400	9	15	4	9	29	32	30	0	17	12934561	2244	2253	1119	2143	9003	7950	6980	4755	
DHL	-63600	-63600	8	17	4	7	32	32	31	0	14	12905437	2244	2253	1119	2143	9003	7950	6980	4755	
DHL	-63800	-63800	7	14	2	6	28	34	28	0	12	12877502	2244	2253	1119	2143	9003	7950	6980	4755	
DHL	-64000	-64000	6	12	0	5	33	32	22	0	12	12849915	2244	2253	1119	2143	9003	7950	6980	4755	
DHL	-64200	-64200	4	11	1	5	32	28	22	0	10	12821953	2244	2253	1119	2143	9003	7950	6980	4755	
DHL	-64400	-64400	5	12	1	7	32	25	23	0	10	12792049	2244	2253	1119	2143	9003	7950	6980	4755	
DHL	-64600	-64600	5	11	1	9	33	29	15	0	9	12763372	2244	2253	1119	2143	9003	7950	6980	4755	
DHL	-64800	-64800	6	11	1	11	30	26	18	0	8	12735685	2244	2253	1119	2143	9003	7950	6980	4755	
DHL	-65000	-65000	6	12	2	11	30	27	20	0	9	12709115	2244	2253	1119	2143	9003	7950	6980	4755	
DHL	-65200	-65200	7	13	2	10	32	21	21	0	10	12682874	2244	2253	1119	2143	9003	7950	6980	4755	
DHL	-65400	-65400	7	11	3	7	31	21	23	0	10	12656580	2244	2253	1119	2143	9003	7950	6980	4755	
DHL	-65600	-65600	6	10	3	6	32	21	22	0	11	12630260	2244	2253	1119	2143	9003	7950	6980	4755	
DHL	-65800	-65800	7	11	4	7	33	22	23	0	11	12603554	2244	2253	1119	2143	9003	7950	6980	4755	
DHL	-66000	-66000	7	10	3	7	34	21	22	0	13	12576273	2244	2253	1119	2143	9003	7950	6980	4755	
DHL	-66200	-66200	8	5	3	7	34	25	24	0	12	12550311	2244	2253	1119	2143	9003	7950	6980	4755	
DHL	-66400	-66400	8	5	3	8	34	21	21	0	13	12523976	2244	2253	1119	2143	9003	7950	6980	4755	
DHL	-66600	-66600	9	5	4	9	37	20	19	0	17	12497739	2244	2253	1119	2143	9003	7950	6980	4755	
DHL	-66800	-66800	10	5	3	8	36	22	18	0	19	12471338	2244	2253	1119	2143	9003	7950	6980	4755	
DHL	-67000	-67000	8	5	3	9	36	23	18	0	16	12444255	2244	2253	1119	2143	9003	7950	6980	4755	
DHL	-67200	-67200	9	4	3	9	38	23	19	0	16	12419111	2244	2253	1119	2143	9003	7950	6980	4755	
DHL	-67400	-67400	9	6	3	10	36	28	20	0	18	12395117	2244	2253	1119	2143	9003	7950	6980	4755	
DHL	-67600	-67600	11	6	3	11	35	26	23	0	20	12372043	2244	2253	1119	2143	9003	7950	6980	4755	
DHL	-67800	-67800	13	5	4	13	31	26	25	0	22	12348037	2244	2253	1119	2143	9003	7950	6980	4755	
DHL	-68000	-68000	15	5	3	13	25	24	26	0	19	12324059	2244	2253	1119	2143	9003	7950	6980	4755	
DHL	-68200	-68200	11	8	3	11	25	21	26	0	19	12300447	2244	2253	1119	2143	9003	7950	6980	4755	
DHL	-68400	-68400	7	9	4	11	24	21	20	0	16	12277483	2244	2253	1119	2143	9003	7950	6980	4755	
DHL	-68600	-68600	9	6	3	9	25	24	21	0	19	12254312	2244	2253	1119	2143	9003	7950	6980	4755	
DHL	-68800	-68800	9	7	2	10	26	25	25	0	18	12230178	2244	2253	1119	2143	9003	7950	6980	4755	
DHL	-69000	-69000	11	8	3	8	28	25	27	0	16	12205609	2244	2253	1119	2143	9003	7950	6980	4755	
DHL	-69200	-69200	10	9	4	8	28	24	26	0	14	12181940	2244	2253	1119	2143	9003	7950	6980	4755	
DHL	-69400	-69400	11	10	4	9	27	27	25	0	15	12158552	2244	2253	1119	2143	9003	7950	6980	4755	
DHL	-69600	-69600	12	10	5	9	31	29	19	0	14	12136896	2244	2253	1119	2143	9003	7950	6980	4755	
DHL	-69800	-69800	12	10	5	6	34	29	17	0	14	12115545	2244	2253	1119	2143	9003	7950	6980	4755	
DHL	-70000	-70000	11	11	5	6	34	29	20	0	15	12094638	2244	2253	1119	2143	9003	7950	6980	4755	
DHL	-70200	-70200	11	10	4	6	34	26	21	0	17	12075094	2244	2253	1119	2143	9003	7950	6980	4755	
DHL	-70400	-70400	10	10	3	6	34	27	20	0	18	12055049	2244	2253	1119	2143	9003	7950	6980	4755	
DHL	-70600	-70600	10	9	3	6	33	28	18	0	18	12033862	2244	2253	1119	2143	9003	7950	6980	4755	
DHL	-70800	-70800	9	10	3	5	34	23	20	0	15	12013163	2244	2253	1119	2143	9003	7950	6980	4755	
DHL	-71000	-71000	7	9	3	5	35	22	21	0	17	11991244	2244	2253	1119	2143	9003	7950	6980	4755	
DHL	-71200	-71200	7	9	3	6	33	24	21	0	18	11968119	2244	2253	1119	2143	9003	7950	6980	4755	
DHL	-71400	-71400	5	9	2	6	31	26	20	0	16	11943661	2244	2253	1119	2143	9003	7950	6980	4755	
DHL	-71600	-71600	8	11	2	7	30	29	21	0	15	11919549	2244	2253	1119	2143	9003	7950	6980	4755	
DHL	-71800	-71800	8	11	2	6	25	29	20	0	13	11895427	2244	2253	1119	2143	9003	7950	6980	4755	
DHL	-72000	-72000	8	8	2	6	25	30	18	0	13	11870556	2244	2253	1119	2143	9003	7950	6980	4755	
DHL	-72200	-72200	7	7	2	5	20	31	19	0	13	11847371	2244	2253	1119	2143	9003	7950	6980	4755	
DHL	-72400	-72400	7	7	2	3	20	26	22	0	12	11826060	2244	2253	1119	2143	9003	7950	6980	4755	
DHL	-72600	-72600	5	8	3	4	22	32	22	0	13	11805204	2244	2253	1119	2143	9003	7950	6980	4755	
DHL	-72800	-72800	5	6	3	4	21	34	22	0	14	11783619	2244	2253	1119	2143	9003	7950	6980	4755	
DHL	-73000	-73000	5	6	3	5	23	29	19	0	13	11761058	2244	2253	1119	2143	9003	7950	6980	4755	
DHL	-73200	-73200	6	8	3	4	25	32	22	0	13	11738438	2244	2253	1119	2143	9003	7950	6980	4755	
DHL	-73400	-73400	7	9	4	4	23	31	23	0	15	11716042	2244	2253	1119	2143	9003	7950	6980	4755	
DHL	-73600	-73600	8	10	3	4	23	29	23	0	14	11693577	2244	2253	1119	2143	9003	7950	6980	4755	
DHL	-73800	-73800	11	11	4	4	20	25	26	0	13	11670986	2244	2253	1119	2143	9003	7950	6980	4755	
DHL	-74000	-74000	10	11	4	4	23	24	29	0	13	11647905	2244	2253	1119	2143	9003	7950	6980	4755	
DHL	-74200	-74200	12	11	4	5	25	25	33	0	13	11625026	2244	2253	1119	2143	9003	7950	6980	4755	
DHL	-74400	-74400	12	10	7	5	27	24	28	0	13	11603433	2244	2253	1119	2143	9003	7950	6980	4755	
DHL	-74600	-74600	13	9	9	6	28	21	31	0	13	11581811	2244	2253	1119	2143	9003	7950	6980	4755	
DHL	-74800	-74800	11	8	8	5	25	21	33	0	16	11558946	2244	2253	1119	2143	9003	7950	6980	4755	
DHL	-75000	-75000	11	9	6	5	24	22	33	0	16	11534864	2244	2253	1119	2143	9003	7950	6980	4755	
DHL	-75200	-75200	6	9	6	6	28	25	32	0	17	11510627	2244	2253	1119	2143	9003	7950	6980	4755	
DHL	-75400	-75400	7	7	5	5	29	27	31	0	16	11487372	2244	2253	1119	2143	9003	7950	6980	4755	
DHL	-75600	-75600	6	7	5	4	28	29	28	0	16	11464916	2244	2253	1119	2143	9003	7950	6980	4755	
DHL	-75800	-75800	6	7	6	4	27	29	24	0	16	11442229	2244	2253	1119	2143	9003	7950	6980	4755	
DHL	-76000	-76000	6	5	5	4	27	33	24	0	14	11419301	2244	2253	1119	2143	9003	7950	6980	4755	
DHL	-76200	-76200	7	5	5	4	25	35	24	0	16	11395923	2244	2253	1119	2143	9003	7950	6980	4755	
DHL	-76400	-76400	5	5	5	5	27	34	23	0	16	11373236	2244	2253	1119	2143	9003	7950	6980	4755	
DHL	-76600	-76600	5	5	5	3	27	35	22	0	15	11350968	2244	2253	1119	2143	9003	7950	6980	4755	
DHL	-76800	-76800	6	5	5	4	28	35	25	0	16	11329048	2244	2253	1119	2143	9003	7950	6980	4755	
DHL	-77000	-77000	7	5	5	5	27	29	27	0	17	11308401	2244	2253	1119	2143	9003	7950	6980	4755	
DHL	-77200	-77200	6	7	6	5	30	27	27	0	15	11286061	2244	2253	1119	2143	9003	7950	6980	4755	
DHL	-77400	-77400	8	8	4	8	31	27	25	0	17	11262821	2244	2253	1119	2143	9003	7950	6980	4755	
DHL	-77600	-77600	8	8	5	8	30	22	25	0	15	11240134	2244	2253	1119	2143	9003	7950	6980	4755	
DHL	-77800	-77800	7	8	6	8	34	22	27	0	15	11218850	2244	2253	1119	2143	9003	7950	6980	4755	
DHL	-78000	-78000	7	8	6	6	32	21	27	0	16	11198740	2244	2253	1119	2143	9003	7950	6980	4755	
DHL	-78200	-78200	7	8	5	7	33	21	24	0	15	11178043	2244	2253	1119	2143	9003	7950	6980	4755	
DHL	-78400	-78400	7	8	4	7	34	19	19	0	14	11156862	2244	2253	1119	2143	9003	7950	6980	4755	
DHL	-78600	-78600	9	8	4	6	35	18	20	0	17	11136003	2244	2253	1119	2143	9003	7950	6980	4755	
DHL	-78800	-78800	11	8	6	5	38	21	20	0	20	11115768	2244	2253	1119	2143	9003	7950	6980	4755	
DHL	-79000	-79000	12	7	6	5	37	23	22	0	19	11095932	2244	2253	1119	2143	9003	7950	6980	4755	
DHL	-79200	-79200	11	6	7	6	36	24	21	0	18	11077973	2244	2253	1119	2143	9003	7950	6980	4755	
DHL	-79400	-79400	12	6	7	6	35	22	23	0	21	11058064	2244	2253	1119	2143	9003	7950	6980	4755	
DHL	-79600	-79600	9	6	8	5	34	24	26	0	23	11038001	2244	2253	1119	2143	9003	7950	6980	4755	
DHL	-79800	-79800	8	6	6	7	31	25	30	0	26	11017961	2244	2253	1119	2143	9003	7950	6980	4755	
DHL	-80000	-80000	8	7	8	8	29	26	29	0	24	10997162	2244	2253	1119	2143	9003	7950	6980	4755	
DHL	-80200	-80200	5	7	8	9	29	23	27	0	21	10975155	2244	2253	1119	2143	9003	7950	6980	4755	
DHL	-80400	-80400	4	7	8	8	28	28	26	0	23	10953359	2244	2253	1119	2143	9003	7950	6980	4755	
DHL	-80600	-80600	6	7	7	8	29	31	27	0	22	10931826	2244	2253	1119	2143	9003	7950	6980	4755	
DHL	-80800	-80800	6	9	7	9	23	31	25	0	22	10910031	2244	2253	1119	2143	9003	7950	6980	4755	
DHL	-81000	-81000	7	7	8	6	23	28	19	0	20	10888031	2244	2253	1119	2143	9003	7950	6980	4755	
DHL	-81200	-81200	7	6	9	6	25	26	21	0	18	10866635	2244	2253	1119	2143	9003	7950	6980	4755	
DHL	-81400	-81400	9	5	9	6	23	22	23	0	17	10843947	2244	2253	1119	2143	9003	7950	6980	4755	
DHL	-81600	-81600	9	5	8	8	26	20	24	0	17	10821474	2244	2253	1119	2143	9003	7950	6980	4755	
DHL	-81800	-81800	9	4	8	9	29	19	17	0	14	10799150	2244	2253	1119	2143	9003	7950	6980	4755	
DHL	-82000	-82000	8	4	7	9	32	17	18	0	12	10776753	2244	2253	1119	2143	9003	7950	6980	4755	
DHL	-82200	-82200	5	5	5	9	36	21	20	0	12	10754507	2244	2253	1119	2143	9003	7950	6980	4755	
DHL	-82400	-82400	6	5	5	11	36	25	19	0	13	10732918	2244	2253	1119	2143	9003	7950	6980	4755	
DHL	-82600	-82600	7	6	6	10	35	27	19	0	12	10712291	2244	2253	1119	2143	9003	7950	6980	4755	
DHL	-82800	-82800	6	7	6	10	30	26	16	0	12	10691653	2244	2253	1119	2143	9003	7950	6980	4755	
DHL	-83000	-83000	6	8	5	10	27	27	18	0	12	10672108	2244	2253	1119	2143	9003	7950	6980	4755	
DHL	-83200	-83200	7	8	4	7	25	28	22	0	12	10653237	2244	2253	1119	2143	9003	7950	6980	4755	
DHL	-83400	-83400	7	6	4	9	22	27	22	0	15	10635057	2244	2253	1119	2143	9003	7950	6980	4755	
DHL	-83600	-83600	5	7	5	8	21	28	24	0	16	10617272	2244	2253	1119	2143	9003	7950	6980	4755	
DHL	-83800	-83800	5	7	5	7	28	25	21	0	15	10600604	2244	2253	1119	2143	9003	7950	6980	4755	
DHL	-84000	-84000	6	7	4	7	23	24	21	0	15	10581993	2244	2253	1119	2143	9003	7950	6980	4755	
DHL	-84200	-84200	5	7	6	6	24	21	22	0	18	10564476	2244	2253	1119	2143	9003	7950	6980	4755	
DHL	-84400	-84400	5	7	6	7	21	21	22	0	17	10547187	2244	2253	1119	2143	9003	7950	6980	4755	
DHL	-84600	-84600	4	5	5	5	26	25	25	0	17	10530327	2244	2253	1119	2143	9003	7950	6980	4755	
DHL	-84800	-84800	4	5	7	6	25	30	28	0	19	10512922	2244	2253	1119	2143	9003	7950	6980	4755	
DHL	-85000	-85000	2	6	6	5	24	32	24	0	18	10494050	2244	2253	1119	2143	9003	7950	6980	4755	
DHL	-85200	-85200	2	6	6	4	22	32	24	0	16	10474301	2244	2253	1119	2143	9003	7950	6980	4755	
DHL	-85400	-85400	2	6	4	5	24	30	25	0	15	10454561	2244	2253	1119	2143	9003	7950	6980	4755	
DHL	-85600	-85600	1	6	4	3	23	25	21	0	15	10435348	2244	2253	1119	2143	9003	7950	6980	4755	
DHL	-85800	-85800	1	7	3	3	22	26	21	0	17	10415558	2244	2253	1119	2143	9003	7950	6980	4755	
DHL	-86000	-86000	3	8	3	4	21	25	20	0	16	10395271	2244	2253	1119	2143	9003	7950	6980	4755	
DHL	-86200	-86200	3	8	4	4	19	28	19	0	19	10374592	2244	2253	1119	2143	9003	7950	6980	4755	
DHL	-86400	-86400	2	9	4	4	21	28	20	0	19	10354711	2244	2253	1119	2143	9003	7950	6980	4755	
DHL	-86600	-86600	2	9	6	4	22	30	23	0	20	10335773	2244	2253	1119	2143	9003	7950	6980	4755	
DHL	-86800	-86800	4	8	4	4	22	32	25	0	21	10317621	2244	2253	1119	2143	9003	7950	6980	4755	
DHL	-87000	-87000	5	9	3	5	22	32	25	0	20	10299382	2244	2253	1119	2143	9003	7950	6980	4755	
DHL	-87200	-87200	5	8	3	5	23	32	23	0	21	10281175	2244	2253	1119	2143	9003	7950	6980	4755	
DHL	-87400	-87400	4	8	3	7	24	30	19	0	18	10262075	2244	2253	1119	2143	9003	7950	6980	4755	
DHL	-87600	-87600	4	7	3	9	21	29	21	0	16	10243243	2244	2253	1119	2143	9003	7950	6980	4755	
DHL	-87800	-87800	2	8	2	8	25	26	23	0	14	10225045	2244	2253	1119	2143	9003	7950	6980	4755	
DHL	-88000	-88000	1	7	1	7	23	29	24	0	13	10207623	2244	2253	1119	2143	9003	7950	6980	4755	
DHL	-88200	-88200	1	7	1	9	22	30	23	0	13	10190391	2244	2253	1119	2143	9003	7950	6980	4755	
DHL	-88400	-88400	3	7	1	9	20	33	24	0	11	10173124	2244	2253	1119	2143	9003	7950	6980	4755	
DHL	-88600	-88600	3	7	0	9	18	32	22	0	11	10156036	2244	2253	1119	2143	9003	7950	6980	4755	
DHL	-88800	-88800	4	8	0	8	17	28	21	0	10	10138959	2244	2253	1119	2143	9003	7950	6980	4755	
DHL	-89000	-89000	5	10	1	7	16	30	22	0	10	10121947	2244	2253	1119	2143	9003	7950	6980	4755	
DHL	-89200	-89200	5	11	1	6	14	30	22	0	14	10105423	2244	2253	1119	2143	9003	7950	6980	4755	
DHL	-89400	-89400	2	11	1	6	17	30	24	0	12	10088560	2244	2253	1119	2143	9003	7950	6980	4755	
DHL	-89600	-89600	1	13	1	6	17	31	23	0	15	10070893	2244	2253	1119	2143	9003	7950	6980	4755	
DHL	-89800	-89800	3	14	0	7	18	31	22	0	16	10054292	2244	2253	1119	2143	9003	7950	6980	4755	
DHL	-90000	-90000	2	13	0	7	14	34	19	0	13	10037570	2244	2253	1119	2143	9003	7950	6980	4755	
DHL	-90200	-90200	2	14	0	8	15	31	17	0	14	10019491	2244	2253	1119	2143	9003	7950	6980	4755	
DHL	-90400	-90400	2	13	3	7	12	29	20	0	14	10001774	2244	2253	1119	2143	9003	7950	6980	4755	
DHL	-90600	-90600	1	13	3	10	15	28	21	0	16	9985366	2244	2253	1119	2143	9003	7950	6980	4755	
DHL	-90800	-90800	2	11	3	11	15	25	19	0	13	9968247	2244	2253	1119	2143	9003	7950	6980	4755	
DHL	-91000	-91000	2	9	3	11	14	27	19	0	13	9951429	2244	2253	1119	2143	9003	7950	6980	4755	
DHL	-91200	-91200	4	8	2	11	16	26	21	0	10	9935644	2244	2253	1119	2143	9003	7950	6980	4755	
DHL	-91400	-91400	6	7	2	11	14	23	25	0	11	9919885	2244	2253	1119	2143	9003	7950	6980	4755	
DHL	-91600	-91600	7	8	2	9	15	21	30	0	8	9904040	2244	2253	1119	2143	9003	7950	6980	4755	
DHL	-91800	-91800	7	7	3	10	14	18	32	0	7	9889155	2244	2253	1119	2143	9003	7950	6980	4755	
DHL	-92000	-92000	4	8	3	8	15	16	26	0	5	9873399	2244	2253	1119	2143	9003	7950	6980	4755	
DHL	-92200	-92200	6	9	3	8	14	17	23	0	7	9857631	2244	2253	1119	2143	9003	7950	6980	4755	
DHL	-92400	-92400	5	10	3	7	14	16	19	0	9	9841887	2244	2253	1119	2143	9003	7950	6980	4755	
DHL	-92600	-92600	5	11	3	8	17	18	18	0	11	9826129	2244	2253	1119	2143	9003	7950	6980	4755	
DHL	-92800	-92800	5	11	4	8	20	21	22	0	13	9810087	2244	2253	1119	2143	9003	7950	6980	4755	
DHL	-93000	-93000	5	8	3	8	17	21	21	0	13	9793388	2244	2253	1119	2143	9003	7950	6980	4755	
DHL	-93200	-93200	3	6	3	7	15	22	24	0	12	9777880	2244	2253	1119	2143	9003	7950	6980	4755	
DHL	-93400	-93400	2	6	3	7	17	22	22	0	9	9763134	2244	2253	1119	2143	9003	7950	6980	4755	
DHL	-93600	-93600	2	7	4	6	19	18	22	0	13	9749165	2244	2253	1119	2143	9003	7950	6980	4755	
DHL	-93800	-93800	3	6	4	5	16	15	22	0	13	9735189	2244	2253	1119	2143	9003	7950	6980	4755	
DHL	-94000	-94000	3	6	5	5	12	16	18	0	14	9722343	2244	2253	1119	2143	9003	7950	6980	4755	
DHL	-94200	-94200	3	7	5	8	14	17	21	0	13	9709712	2244	2253	1119	2143	9003	7950	6980	4755	
DHL	-94400	-94400	2	7	6	7	14	23	18	0	14	9696455	2244	2253	1119	2143	9003	7950	6980	4755	
DHL	-94600	-94600	2	8	5	7	12	23	21	0	14	9682474	2244	2253	1119	2143	9003	7950	6980	4755	
DHL	-94800	-94800	2	7	5	7	13	22	20	0	13	9668506	2244	2253	1119	2143	9003	7950	6980	4755	
DHL	-95000	-95000	2	6	6	6	13	21	19	0	14	9653555	2244	2253	1119	2143	9003	7950	6980	4755	
DHL	-95200	-95200	1	5	6	7	16	23	19	0	12	9639070	2244	2253	1119	2143	9003	7950	6980	4755	
DHL	-95400	-95400	2	8	5	6	16	22	19	0	13	9624741	2244	2253	1119	2143	9003	7950	6980	4755	
DHL	-95600	-95600	3	9	5	6	18	23	17	0	13	9611692	2244	2253	1119	2143	9003	7950	6980	4755	
DHL	-95800	-95800	3	10	5	7	22	21	17	0	12	9599419	2244	2253	1119	2143	9003	7950	6980	4755	
DHL	-96000	-96000	6	10	5	6	23	19	17	0	12	9587640	2244	2253	1119	2143	9003	7950	6980	4755	
DHL	-96200	-96200	5	10	5	5	25	17	17	0	13	9575516	2244	2253	1119	2143	9003	7950	6980	4755	
DHL	-96400	-96400	6	9	5	6	25	20	16	0	14	9562483	2244	2253	1119	2143	9003	7950	6980	4755	
DHL	-96600	-96600	6	9	6	7	20	18	15	0	13	9548792	2244	2253	1119	2143	9003	7950	6980	4755	
DHL	-96800	-96800	5	9	6	6	21	21	15	0	13	9534872	2244	2253	1119	2143	9003	7950	6980	4755	
DHL	-97000	-97000	4	8	6	6	20	22	17	0	14	9521431	2244	2253	1119	2143	9003	7950	6980	4755	
DHL	-97200	-97200	3	5	6	6	18	23	19	0	13	9507517	2244	2253	1119	2143	9003	7950	6980	4755	
DHL	-97400	-97400	2	4	6	5	19	22	21	0	13	9493739	2244	2253	1119	2143	9003	7950	6980	4755	
DHL	-97600	-97600	2	4	6	4	19	21	20	0	13	9479771	2244	2253	1119	2143	9003	7950	6980	4755	
DHL	-97800	-97800	3	4	5	3	18	22	19	0	12	9465901	2244	2253	1119	2143	9003	7950	6980	4755	
DHL	-98000	-98000	7	3	5	4	18	22	21	0	13	9452196	2244	2253	1119	2143	9003	7950	6980	4755	
DHL	-98200	-98200	8	3	4	4	19	24	25	0	15	9439285	2244	2253	1119	2143	9003	7950	6980	4755	
DHL	-98400	-98400	9	3	5	7	21	23	24	0	14	9425872	2244	2253	1119	2143	9003	7950	6980	4755	
DHL	-98600	-98600	8	4	5	7	16	22	21	0	12	9411912	2244	2253	1119	2143	9003	7950	6980	4755	
DHL	-98800	-98800	8	4	5	7	15	23	21	0	14	9398586	2244	2253	1119	2143	9003	7950	6980	4755	
DHL	-99000	-99000	7	5	5	6	18	21	18	0	12	9386174	2244	2253	1119	2143	9003	7950	6980	4755	
DHL	-99200	-99200	7	5	6	6	17	25	18	0	10	9372910	2244	2253	1119	2143	9003	7950	6980	4755	
DHL	-99400	-99400	8	5	5	8	16	24	17	0	10	9358701	2244	2253	1119	2143	9003	7950	6980	4755	
DHL	-99600	-99600	10	5	6	7	17	25	18	0	13	9343950	2244	2253	1119	2143	9003	7950	6980	4755	
DHL	-99800	-99800	10	5	6	7	18	25	18	0	16	9329244	2244	2253	1119	2143	9003	7950	6980	4755	
DHL	-100000	-100000	9	4	6	6	21	28	17	0	15	9314104	2244	2253	1119	2143	9003	7950	6980	4755	
