FL	0	0	15	28	0	8	12	8	2	45	1	14546081	6075	4775	148	1925	4244	4632	2536	13292	512	
FL	200	200	10	25	0	10	12	7	4	42	0	14459572	6075	4775	148	1925	4244	4632	2536	13292	512	
FL	400	400	6	25	0	13	10	8	6	38	0	14268049	6075	4775	148	1925	4244	4632	2536	13292	512	
FL	600	600	8	18	0	12	12	11	6	27	0	13935941	6075	4775	148	1925	4244	4632	2536	13292	512	
FL	800	800	11	19	0	12	11	11	5	33	0	13524752	6075	4775	148	1925	4244	4632	2536	13292	512	
FL	1000	1000	12	21	0	10	10	10	6	36	0	13093837	6075	4775	148	1925	4244	4632	2536	13292	512	
FL	1200	1200	14	22	0	9	11	11	5	37	0	12668094	6075	4775	148	1925	4244	4632	2536	13292	512	
FL	1400	1400	16	22	0	5	8	12	9	41	1	12259830	6075	4775	148	1925	4244	4632	2536	13292	512	
FL	1600	1600	14	23	0	3	7	12	8	46	1	11886297	6075	4775	148	1925	4244	4632	2536	13292	512	
FL	1800	1800	14	25	0	2	6	13	9	50	2	11549440	6075	4775	148	1925	4244	4632	2536	13292	512	
FL	2000	2000	23	24	0	2	9	14	10	40	2	11260250	6075	4775	148	1925	4244	4632	2536	13292	512	
FL	2200	2200	32	22	2	4	9	11	8	38	2	11014655	6075	4775	148	1925	4244	4632	2536	13292	512	
FL	2400	2400	27	18	2	7	10	11	7	38	2	10812039	6075	4775	148	1925	4244	4632	2536	13292	512	
FL	2600	2600	31	18	2	5	8	11	7	39	2	10649823	6075	4775	148	1925	4244	4632	2536	13292	512	
FL	2800	2800	28	15	2	6	4	16	8	35	1	10520034	6075	4775	148	1925	4244	4632	2536	13292	512	
FL	3000	3000	20	15	2	6	4	22	7	30	0	10410695	6075	4775	148	1925	4244	4632	2536	13292	512	
FL	3200	3200	19	16	2	6	4	26	6	30	0	10313598	6075	4775	148	1925	4244	4632	2536	13292	512	
FL	3400	3400	18	19	0	6	7	23	3	25	0	10226096	6075	4775	148	1925	4244	4632	2536	13292	512	
FL	3600	3600	16	12	1	5	9	22	4	24	0	10149774	6075	4775	148	1925	4244	4632	2536	13292	512	
FL	3800	3800	18	15	1	4	8	23	1	22	0	10083838	6075	4775	148	1925	4244	4632	2536	13292	512	
FL	4000	4000	22	12	0	6	7	25	3	23	0	10026092	6075	4775	148	1925	4244	4632	2536	13292	512	
FL	4200	4200	26	14	0	6	4	20	5	29	0	9976121	6075	4775	148	1925	4244	4632	2536	13292	512	
FL	4400	4400	25	16	1	7	4	15	6	29	1	9928306	6075	4775	148	1925	4244	4632	2536	13292	512	
FL	4600	4600	26	18	1	5	5	14	4	28	1	9882950	6075	4775	148	1925	4244	4632	2536	13292	512	
FL	4800	4800	23	17	3	3	4	13	5	29	1	9837873	6075	4775	148	1925	4244	4632	2536	13292	512	
FL	5000	5000	24	16	2	2	5	18	4	28	1	9796276	6075	4775	148	1925	4244	4632	2536	13292	512	
FL	5200	5200	23	14	2	3	7	23	4	31	0	9757436	6075	4775	148	1925	4244	4632	2536	13292	512	
FL	5400	5400	19	13	1	2	10	18	9	28	1	9720744	6075	4775	148	1925	4244	4632	2536	13292	512	
FL	5600	5600	17	15	1	2	8	19	8	33	1	9685052	6075	4775	148	1925	4244	4632	2536	13292	512	
FL	5800	5800	20	12	1	4	7	17	7	33	2	9649884	6075	4775	148	1925	4244	4632	2536	13292	512	
FL	6000	6000	18	7	1	6	6	18	8	31	0	9615382	6075	4775	148	1925	4244	4632	2536	13292	512	
FL	6200	6200	23	8	0	5	6	22	10	32	0	9581268	6075	4775	148	1925	4244	4632	2536	13292	512	
FL	6400	6400	25	9	0	5	7	19	7	31	0	9549923	6075	4775	148	1925	4244	4632	2536	13292	512	
FL	6600	6600	26	12	0	8	7	15	6	27	0	9521123	6075	4775	148	1925	4244	4632	2536	13292	512	
FL	6800	6800	25	15	0	9	6	12	4	27	0	9495144	6075	4775	148	1925	4244	4632	2536	13292	512	
FL	7000	7000	24	16	0	6	5	11	3	36	0	9467953	6075	4775	148	1925	4244	4632	2536	13292	512	
FL	7200	7200	25	18	0	8	5	15	4	34	0	9439953	6075	4775	148	1925	4244	4632	2536	13292	512	
FL	7400	7400	26	17	0	7	7	12	6	32	0	9411768	6075	4775	148	1925	4244	4632	2536	13292	512	
FL	7600	7600	27	20	0	6	7	15	5	32	0	9381625	6075	4775	148	1925	4244	4632	2536	13292	512	
FL	7800	7800	25	18	0	5	5	14	4	31	0	9350532	6075	4775	148	1925	4244	4632	2536	13292	512	
FL	8000	8000	19	21	0	11	7	15	4	36	1	9317487	6075	4775	148	1925	4244	4632	2536	13292	512	
FL	8200	8200	24	19	0	15	7	15	3	35	1	9283882	6075	4775	148	1925	4244	4632	2536	13292	512	
FL	8400	8400	20	18	2	17	9	14	1	39	2	9250879	6075	4775	148	1925	4244	4632	2536	13292	512	
FL	8600	8600	20	20	4	17	8	18	1	45	2	9219293	6075	4775	148	1925	4244	4632	2536	13292	512	
FL	8800	8800	22	21	4	20	9	21	3	44	0	9189083	6075	4775	148	1925	4244	4632	2536	13292	512	
FL	9000	9000	23	20	3	24	12	19	3	47	0	9159095	6075	4775	148	1925	4244	4632	2536	13292	512	
FL	9200	9200	23	18	3	24	14	22	4	50	0	9129308	6075	4775	148	1925	4244	4632	2536	13292	512	
FL	9400	9400	27	16	3	25	13	19	4	44	0	9098775	6075	4775	148	1925	4244	4632	2536	13292	512	
FL	9600	9600	26	13	3	31	15	22	4	52	0	9069138	6075	4775	148	1925	4244	4632	2536	13292	512	
FL	9800	9800	27	14	2	34	13	20	4	59	1	9039619	6075	4775	148	1925	4244	4632	2536	13292	512	
FL	10000	10000	27	17	2	37	11	23	5	58	0	9011283	6075	4775	148	1925	4244	4632	2536	13292	512	
FL	10200	10200	23	12	3	38	14	24	6	53	0	8984921	6075	4775	148	1925	4244	4632	2536	13292	512	
FL	10400	10400	24	16	3	38	15	21	8	58	0	8958318	6075	4775	148	1925	4244	4632	2536	13292	512	
FL	10600	10600	24	17	3	40	15	20	8	54	0	8928962	6075	4775	148	1925	4244	4632	2536	13292	512	
FL	10800	10800	23	16	3	42	15	22	4	56	0	8899761	6075	4775	148	1925	4244	4632	2536	13292	512	
FL	11000	11000	23	11	3	43	15	16	5	54	1	8871928	6075	4775	148	1925	4244	4632	2536	13292	512	
FL	11200	11200	18	8	3	45	15	18	6	55	1	8843983	6075	4775	148	1925	4244	4632	2536	13292	512	
FL	11400	11400	19	15	2	51	13	19	10	61	1	8818308	6075	4775	148	1925	4244	4632	2536	13292	512	
FL	11600	11600	20	14	2	51	11	18	11	63	1	8794229	6075	4775	148	1925	4244	4632	2536	13292	512	
FL	11800	11800	23	8	2	53	13	16	9	55	1	8769264	6075	4775	148	1925	4244	4632	2536	13292	512	
FL	12000	12000	24	7	2	50	12	14	7	58	2	8743345	6075	4775	148	1925	4244	4632	2536	13292	512	
FL	12200	12200	26	8	2	41	10	21	9	51	3	8716244	6075	4775	148	1925	4244	4632	2536	13292	512	
FL	12400	12400	25	10	2	41	6	22	7	48	1	8689814	6075	4775	148	1925	4244	4632	2536	13292	512	
FL	12600	12600	28	7	2	41	6	21	7	54	0	8663809	6075	4775	148	1925	4244	4632	2536	13292	512	
FL	12800	12800	25	9	0	41	7	21	9	51	0	8638241	6075	4775	148	1925	4244	4632	2536	13292	512	
FL	13000	13000	25	12	0	36	4	23	5	45	0	8610575	6075	4775	148	1925	4244	4632	2536	13292	512	
FL	13200	13200	25	13	0	36	4	22	7	46	0	8583049	6075	4775	148	1925	4244	4632	2536	13292	512	
FL	13400	13400	28	11	0	32	4	22	11	39	0	8554298	6075	4775	148	1925	4244	4632	2536	13292	512	
FL	13600	13600	27	7	0	29	7	20	11	35	0	8526625	6075	4775	148	1925	4244	4632	2536	13292	512	
FL	13800	13800	24	11	0	22	6	23	13	32	0	8498727	6075	4775	148	1925	4244	4632	2536	13292	512	
FL	14000	14000	25	10	0	18	11	20	10	29	0	8471926	6075	4775	148	1925	4244	4632	2536	13292	512	
FL	14200	14200	23	12	2	17	8	23	9	33	0	8446058	6075	4775	148	1925	4244	4632	2536	13292	512	
FL	14400	14400	18	9	0	17	6	22	6	30	0	8420533	6075	4775	148	1925	4244	4632	2536	13292	512	
FL	14600	14600	19	12	0	18	4	21	6	30	0	8395029	6075	4775	148	1925	4244	4632	2536	13292	512	
FL	14800	14800	21	10	0	17	4	21	6	27	0	8369752	6075	4775	148	1925	4244	4632	2536	13292	512	
FL	15000	15000	22	8	0	16	5	18	5	27	0	8345821	6075	4775	148	1925	4244	4632	2536	13292	512	
FL	15200	15200	21	11	0	16	7	18	7	32	0	8321731	6075	4775	148	1925	4244	4632	2536	13292	512	
FL	15400	15400	22	12	1	8	7	17	6	29	0	8297133	6075	4775	148	1925	4244	4632	2536	13292	512	
FL	15600	15600	26	11	0	4	7	16	6	27	0	8274088	6075	4775	148	1925	4244	4632	2536	13292	512	
FL	15800	15800	22	14	0	2	9	20	4	30	0	8251982	6075	4775	148	1925	4244	4632	2536	13292	512	
FL	16000	16000	25	17	0	3	6	17	3	35	0	8229755	6075	4775	148	1925	4244	4632	2536	13292	512	
FL	16200	16200	21	14	0	4	6	12	3	33	0	8208689	6075	4775	148	1925	4244	4632	2536	13292	512	
FL	16400	16400	23	11	0	4	6	12	3	31	0	8187417	6075	4775	148	1925	4244	4632	2536	13292	512	
FL	16600	16600	22	13	0	5	5	10	5	33	0	8165645	6075	4775	148	1925	4244	4632	2536	13292	512	
FL	16800	16800	16	12	0	4	6	10	4	30	0	8144146	6075	4775	148	1925	4244	4632	2536	13292	512	
FL	17000	17000	12	15	0	4	5	14	7	32	0	8122100	6075	4775	148	1925	4244	4632	2536	13292	512	
FL	17200	17200	12	15	0	3	5	11	8	34	0	8100193	6075	4775	148	1925	4244	4632	2536	13292	512	
FL	17400	17400	13	14	0	3	7	15	6	37	0	8074613	6075	4775	148	1925	4244	4632	2536	13292	512	
FL	17600	17600	11	14	0	6	7	20	8	30	0	8048037	6075	4775	148	1925	4244	4632	2536	13292	512	
FL	17800	17800	11	13	0	3	7	18	8	35	0	8022205	6075	4775	148	1925	4244	4632	2536	13292	512	
FL	18000	18000	12	14	0	4	4	17	10	35	0	7997946	6075	4775	148	1925	4244	4632	2536	13292	512	
FL	18200	18200	17	16	1	4	6	18	13	34	0	7973656	6075	4775	148	1925	4244	4632	2536	13292	512	
FL	18400	18400	16	12	1	4	6	18	10	31	0	7948711	6075	4775	148	1925	4244	4632	2536	13292	512	
FL	18600	18600	18	15	1	6	5	20	9	24	0	7923930	6075	4775	148	1925	4244	4632	2536	13292	512	
FL	18800	18800	20	16	1	5	4	16	6	25	0	7900936	6075	4775	148	1925	4244	4632	2536	13292	512	
FL	19000	19000	20	14	0	6	4	16	6	28	0	7877534	6075	4775	148	1925	4244	4632	2536	13292	512	
FL	19200	19200	24	10	0	5	2	23	4	26	0	7853622	6075	4775	148	1925	4244	4632	2536	13292	512	
FL	19400	19400	26	10	0	3	3	22	6	25	1	7829193	6075	4775	148	1925	4244	4632	2536	13292	512	
FL	19600	19600	28	12	0	2	4	21	4	28	0	7806688	6075	4775	148	1925	4244	4632	2536	13292	512	
FL	19800	19800	30	11	0	3	2	22	6	34	0	7783164	6075	4775	148	1925	4244	4632	2536	13292	512	
FL	20000	20000	21	14	0	2	3	23	8	39	0	7760149	6075	4775	148	1925	4244	4632	2536	13292	512	
FL	20200	20200	19	15	0	2	4	21	8	33	0	7736488	6075	4775	148	1925	4244	4632	2536	13292	512	
FL	20400	20400	20	12	0	3	5	22	5	30	0	7713964	6075	4775	148	1925	4244	4632	2536	13292	512	
FL	20600	20600	18	13	0	3	5	20	5	33	0	7691716	6075	4775	148	1925	4244	4632	2536	13292	512	
FL	20800	20800	16	14	0	2	4	23	3	31	0	7670464	6075	4775	148	1925	4244	4632	2536	13292	512	
FL	21000	21000	12	12	0	3	5	25	3	30	0	7649679	6075	4775	148	1925	4244	4632	2536	13292	512	
FL	21200	21200	14	11	0	2	4	25	0	29	0	7629663	6075	4775	148	1925	4244	4632	2536	13292	512	
FL	21400	21400	17	13	0	0	1	25	0	25	0	7608804	6075	4775	148	1925	4244	4632	2536	13292	512	
FL	21600	21600	14	13	0	1	0	26	1	26	0	7588448	6075	4775	148	1925	4244	4632	2536	13292	512	
FL	21800	21800	12	11	0	3	1	24	1	25	0	7568855	6075	4775	148	1925	4244	4632	2536	13292	512	
FL	22000	22000	11	12	0	4	1	21	1	20	1	7549274	6075	4775	148	1925	4244	4632	2536	13292	512	
FL	22200	22200	10	11	0	3	2	21	1	21	1	7529886	6075	4775	148	1925	4244	4632	2536	13292	512	
FL	22400	22400	8	11	0	3	1	21	4	18	1	7511894	6075	4775	148	1925	4244	4632	2536	13292	512	
FL	22600	22600	9	8	0	4	1	21	5	17	1	7494201	6075	4775	148	1925	4244	4632	2536	13292	512	
FL	22800	22800	12	13	1	3	3	18	4	17	0	7475268	6075	4775	148	1925	4244	4632	2536	13292	512	
FL	23000	23000	10	13	1	3	3	18	3	13	0	7455356	6075	4775	148	1925	4244	4632	2536	13292	512	
FL	23200	23200	11	17	1	4	5	15	5	14	0	7435196	6075	4775	148	1925	4244	4632	2536	13292	512	
FL	23400	23400	12	18	1	3	5	19	4	18	0	7414481	6075	4775	148	1925	4244	4632	2536	13292	512	
FL	23600	23600	15	19	1	4	5	18	5	18	0	7394048	6075	4775	148	1925	4244	4632	2536	13292	512	
FL	23800	23800	19	21	0	4	4	15	7	22	0	7374937	6075	4775	148	1925	4244	4632	2536	13292	512	
FL	24000	24000	19	19	0	3	3	12	9	23	0	7356699	6075	4775	148	1925	4244	4632	2536	13292	512	
FL	24200	24200	13	18	0	1	2	9	10	19	0	7338712	6075	4775	148	1925	4244	4632	2536	13292	512	
FL	24400	24400	13	15	0	1	5	8	11	17	0	7321373	6075	4775	148	1925	4244	4632	2536	13292	512	
FL	24600	24600	11	13	0	2	4	8	10	17	0	7305664	6075	4775	148	1925	4244	4632	2536	13292	512	
FL	24800	24800	14	11	1	2	3	12	11	19	0	7289054	6075	4775	148	1925	4244	4632	2536	13292	512	
FL	25000	25000	19	11	1	3	4	13	8	18	1	7269869	6075	4775	148	1925	4244	4632	2536	13292	512	
FL	25200	25200	19	10	1	3	4	9	7	18	1	7250111	6075	4775	148	1925	4244	4632	2536	13292	512	
FL	25400	25400	20	8	1	3	1	6	8	18	1	7230659	6075	4775	148	1925	4244	4632	2536	13292	512	
FL	25600	25600	21	8	1	2	1	9	8	19	2	7210300	6075	4775	148	1925	4244	4632	2536	13292	512	
FL	25800	25800	16	10	0	2	2	9	8	19	3	7189684	6075	4775	148	1925	4244	4632	2536	13292	512	
FL	26000	26000	16	11	0	1	2	9	8	22	3	7168686	6075	4775	148	1925	4244	4632	2536	13292	512	
FL	26200	26200	18	10	0	1	4	13	8	24	3	7148512	6075	4775	148	1925	4244	4632	2536	13292	512	
FL	26400	26400	19	14	0	1	5	15	10	27	3	7128865	6075	4775	148	1925	4244	4632	2536	13292	512	
FL	26600	26600	18	13	0	1	4	15	13	24	3	7110827	6075	4775	148	1925	4244	4632	2536	13292	512	
FL	26800	26800	22	9	1	2	4	17	13	20	3	7093368	6075	4775	148	1925	4244	4632	2536	13292	512	
FL	27000	27000	21	9	0	3	7	22	10	26	2	7075503	6075	4775	148	1925	4244	4632	2536	13292	512	
FL	27200	27200	18	11	0	4	7	21	8	21	2	7058938	6075	4775	148	1925	4244	4632	2536	13292	512	
FL	27400	27400	20	13	0	3	7	19	7	18	2	7043436	6075	4775	148	1925	4244	4632	2536	13292	512	
FL	27600	27600	17	18	0	4	6	19	6	20	2	7027163	6075	4775	148	1925	4244	4632	2536	13292	512	
FL	27800	27800	19	16	0	5	9	21	8	15	2	7010737	6075	4775	148	1925	4244	4632	2536	13292	512	
FL	28000	28000	18	16	0	4	8	26	6	22	2	6993547	6075	4775	148	1925	4244	4632	2536	13292	512	
FL	28200	28200	14	12	0	4	6	15	7	22	1	6977059	6075	4775	148	1925	4244	4632	2536	13292	512	
FL	28400	28400	10	16	0	3	5	12	8	25	1	6959623	6075	4775	148	1925	4244	4632	2536	13292	512	
FL	28600	28600	14	14	0	3	7	10	8	26	2	6941806	6075	4775	148	1925	4244	4632	2536	13292	512	
FL	28800	28800	16	16	0	4	6	11	8	24	2	6923670	6075	4775	148	1925	4244	4632	2536	13292	512	
FL	29000	29000	15	17	1	3	5	15	5	23	2	6904675	6075	4775	148	1925	4244	4632	2536	13292	512	
FL	29200	29200	12	18	1	1	2	11	4	24	2	6885647	6075	4775	148	1925	4244	4632	2536	13292	512	
FL	29400	29400	13	15	0	2	2	12	5	20	1	6868881	6075	4775	148	1925	4244	4632	2536	13292	512	
FL	29600	29600	11	14	0	1	3	10	3	24	2	6854138	6075	4775	148	1925	4244	4632	2536	13292	512	
FL	29800	29800	15	13	0	2	3	9	1	23	2	6839071	6075	4775	148	1925	4244	4632	2536	13292	512	
FL	30000	30000	13	15	0	1	5	12	1	20	2	6823102	6075	4775	148	1925	4244	4632	2536	13292	512	
FL	30200	30200	14	15	1	1	7	14	3	22	1	6805697	6075	4775	148	1925	4244	4632	2536	13292	512	
FL	30400	30400	19	18	0	1	6	12	2	18	1	6789239	6075	4775	148	1925	4244	4632	2536	13292	512	
FL	30600	30600	21	14	0	1	7	11	1	23	1	6772777	6075	4775	148	1925	4244	4632	2536	13292	512	
FL	30800	30800	19	13	0	1	8	16	2	21	0	6755287	6075	4775	148	1925	4244	4632	2536	13292	512	
FL	31000	31000	18	8	1	1	7	18	3	20	0	6735993	6075	4775	148	1925	4244	4632	2536	13292	512	
FL	31200	31200	19	9	1	1	6	14	2	18	0	6716207	6075	4775	148	1925	4244	4632	2536	13292	512	
FL	31400	31400	19	9	1	0	8	15	1	19	0	6697851	6075	4775	148	1925	4244	4632	2536	13292	512	
FL	31600	31600	19	11	0	1	8	20	1	17	0	6680476	6075	4775	148	1925	4244	4632	2536	13292	512	
FL	31800	31800	15	16	0	1	7	18	2	19	0	6662796	6075	4775	148	1925	4244	4632	2536	13292	512	
FL	32000	32000	15	14	0	1	9	18	3	17	0	6643885	6075	4775	148	1925	4244	4632	2536	13292	512	
FL	32200	32200	17	14	0	1	6	20	4	19	0	6625733	6075	4775	148	1925	4244	4632	2536	13292	512	
FL	32400	32400	18	13	0	0	5	18	3	19	0	6606010	6075	4775	148	1925	4244	4632	2536	13292	512	
FL	32600	32600	18	18	0	0	5	17	3	18	0	6586687	6075	4775	148	1925	4244	4632	2536	13292	512	
FL	32800	32800	19	20	1	1	4	18	2	17	0	6567856	6075	4775	148	1925	4244	4632	2536	13292	512	
FL	33000	33000	20	17	0	1	5	14	2	19	0	6549190	6075	4775	148	1925	4244	4632	2536	13292	512	
FL	33200	33200	19	14	0	3	5	16	2	16	0	6531658	6075	4775	148	1925	4244	4632	2536	13292	512	
FL	33400	33400	22	13	0	3	5	13	2	18	0	6513962	6075	4775	148	1925	4244	4632	2536	13292	512	
FL	33600	33600	18	18	0	3	4	13	2	20	0	6497247	6075	4775	148	1925	4244	4632	2536	13292	512	
FL	33800	33800	19	12	0	3	5	13	2	23	0	6480541	6075	4775	148	1925	4244	4632	2536	13292	512	
FL	34000	34000	21	15	0	6	3	10	6	26	0	6464151	6075	4775	148	1925	4244	4632	2536	13292	512	
FL	34200	34200	23	10	0	7	3	14	9	28	0	6448895	6075	4775	148	1925	4244	4632	2536	13292	512	
FL	34400	34400	25	11	0	7	2	16	8	26	0	6434636	6075	4775	148	1925	4244	4632	2536	13292	512	
FL	34600	34600	22	9	0	7	2	15	6	28	0	6422013	6075	4775	148	1925	4244	4632	2536	13292	512	
FL	34800	34800	19	10	0	7	2	15	5	27	0	6407625	6075	4775	148	1925	4244	4632	2536	13292	512	
FL	35000	35000	19	10	0	7	4	13	7	28	1	6392584	6075	4775	148	1925	4244	4632	2536	13292	512	
FL	35200	35200	16	7	0	5	7	13	6	25	1	6376158	6075	4775	148	1925	4244	4632	2536	13292	512	
FL	35400	35400	20	8	0	4	8	12	8	22	0	6360313	6075	4775	148	1925	4244	4632	2536	13292	512	
FL	35600	35600	17	8	0	3	7	13	8	24	0	6343947	6075	4775	148	1925	4244	4632	2536	13292	512	
FL	35800	35800	12	10	0	4	5	11	7	22	0	6327860	6075	4775	148	1925	4244	4632	2536	13292	512	
FL	36000	36000	12	14	0	3	5	10	5	24	0	6311208	6075	4775	148	1925	4244	4632	2536	13292	512	
FL	36200	36200	15	11	0	2	3	10	6	18	0	6295318	6075	4775	148	1925	4244	4632	2536	13292	512	
FL	36400	36400	12	16	0	4	5	9	6	16	0	6280604	6075	4775	148	1925	4244	4632	2536	13292	512	
FL	36600	36600	12	14	1	3	6	9	4	14	0	6266525	6075	4775	148	1925	4244	4632	2536	13292	512	
FL	36800	36800	10	14	1	4	6	11	4	17	0	6251322	6075	4775	148	1925	4244	4632	2536	13292	512	
FL	37000	37000	9	13	1	5	6	11	5	15	0	6235764	6075	4775	148	1925	4244	4632	2536	13292	512	
FL	37200	37200	11	12	0	5	7	14	4	17	0	6221275	6075	4775	148	1925	4244	4632	2536	13292	512	
FL	37400	37400	10	10	0	4	3	12	5	21	0	6206069	6075	4775	148	1925	4244	4632	2536	13292	512	
FL	37600	37600	11	10	0	4	1	9	5	16	1	6190372	6075	4775	148	1925	4244	4632	2536	13292	512	
FL	37800	37800	17	10	0	4	2	10	7	17	1	6175248	6075	4775	148	1925	4244	4632	2536	13292	512	
FL	38000	38000	19	9	0	5	2	10	7	19	1	6160100	6075	4775	148	1925	4244	4632	2536	13292	512	
FL	38200	38200	18	7	0	3	3	11	6	20	2	6145440	6075	4775	148	1925	4244	4632	2536	13292	512	
FL	38400	38400	19	9	0	5	4	10	4	27	1	6130412	6075	4775	148	1925	4244	4632	2536	13292	512	
FL	38600	38600	17	10	0	4	4	9	6	24	1	6116701	6075	4775	148	1925	4244	4632	2536	13292	512	
FL	38800	38800	20	7	0	4	2	8	7	20	1	6103868	6075	4775	148	1925	4244	4632	2536	13292	512	
FL	39000	39000	21	5	0	8	3	10	7	20	1	6090242	6075	4775	148	1925	4244	4632	2536	13292	512	
FL	39200	39200	22	4	0	5	1	14	6	19	1	6076211	6075	4775	148	1925	4244	4632	2536	13292	512	
FL	39400	39400	23	4	0	5	2	12	5	20	1	6061636	6075	4775	148	1925	4244	4632	2536	13292	512	
FL	39600	39600	22	3	0	5	3	13	7	19	1	6047819	6075	4775	148	1925	4244	4632	2536	13292	512	
FL	39800	39800	18	5	0	4	2	17	7	17	1	6033381	6075	4775	148	1925	4244	4632	2536	13292	512	
FL	40000	40000	19	6	0	5	3	18	7	22	1	6019161	6075	4775	148	1925	4244	4632	2536	13292	512	
FL	40200	40200	16	8	0	4	5	14	8	18	1	6004139	6075	4775	148	1925	4244	4632	2536	13292	512	
FL	40400	40400	14	5	0	4	8	13	8	19	0	5988793	6075	4775	148	1925	4244	4632	2536	13292	512	
FL	40600	40600	18	8	0	4	8	15	9	19	0	5973650	6075	4775	148	1925	4244	4632	2536	13292	512	
FL	40800	40800	16	6	0	3	8	17	8	15	0	5958313	6075	4775	148	1925	4244	4632	2536	13292	512	
FL	41000	41000	11	7	0	4	8	16	8	18	0	5943804	6075	4775	148	1925	4244	4632	2536	13292	512	
FL	41200	41200	12	8	0	5	8	17	9	15	0	5930211	6075	4775	148	1925	4244	4632	2536	13292	512	
FL	41400	41400	15	6	0	4	8	14	8	12	1	5916258	6075	4775	148	1925	4244	4632	2536	13292	512	
FL	41600	41600	13	6	0	2	2	14	9	12	1	5900932	6075	4775	148	1925	4244	4632	2536	13292	512	
FL	41800	41800	9	7	0	2	1	12	9	13	1	5885671	6075	4775	148	1925	4244	4632	2536	13292	512	
FL	42000	42000	10	9	0	2	1	8	10	16	1	5871659	6075	4775	148	1925	4244	4632	2536	13292	512	
FL	42200	42200	10	8	0	2	3	7	7	21	1	5856335	6075	4775	148	1925	4244	4632	2536	13292	512	
FL	42400	42400	10	9	0	3	3	5	4	17	0	5842341	6075	4775	148	1925	4244	4632	2536	13292	512	
FL	42600	42600	13	8	0	2	3	7	4	17	0	5830012	6075	4775	148	1925	4244	4632	2536	13292	512	
FL	42800	42800	16	9	0	2	2	6	5	19	0	5817095	6075	4775	148	1925	4244	4632	2536	13292	512	
FL	43000	43000	18	9	0	3	2	8	6	20	2	5804100	6075	4775	148	1925	4244	4632	2536	13292	512	
FL	43200	43200	22	6	0	3	1	8	4	20	2	5791292	6075	4775	148	1925	4244	4632	2536	13292	512	
FL	43400	43400	22	6	0	4	1	8	3	19	2	5778733	6075	4775	148	1925	4244	4632	2536	13292	512	
FL	43600	43600	19	7	0	4	0	6	4	21	1	5765122	6075	4775	148	1925	4244	4632	2536	13292	512	
FL	43800	43800	18	8	0	3	2	7	5	23	1	5751385	6075	4775	148	1925	4244	4632	2536	13292	512	
FL	44000	44000	17	9	1	3	2	12	4	23	1	5738171	6075	4775	148	1925	4244	4632	2536	13292	512	
FL	44200	44200	17	6	1	3	3	13	5	25	1	5724350	6075	4775	148	1925	4244	4632	2536	13292	512	
FL	44400	44400	15	5	1	2	3	14	4	19	0	5710530	6075	4775	148	1925	4244	4632	2536	13292	512	
FL	44600	44600	14	7	1	4	4	13	4	18	0	5697862	6075	4775	148	1925	4244	4632	2536	13292	512	
FL	44800	44800	14	8	1	3	3	16	5	17	0	5684363	6075	4775	148	1925	4244	4632	2536	13292	512	
FL	45000	45000	11	6	0	2	2	20	5	15	0	5670371	6075	4775	148	1925	4244	4632	2536	13292	512	
FL	45200	45200	11	12	1	0	2	15	4	16	0	5655775	6075	4775	148	1925	4244	4632	2536	13292	512	
FL	45400	45400	11	13	0	1	3	15	5	16	0	5640471	6075	4775	148	1925	4244	4632	2536	13292	512	
FL	45600	45600	11	11	0	1	2	16	4	12	0	5625000	6075	4775	148	1925	4244	4632	2536	13292	512	
FL	45800	45800	10	10	0	1	2	14	5	14	0	5609126	6075	4775	148	1925	4244	4632	2536	13292	512	
FL	46000	46000	13	8	0	1	5	15	5	16	0	5592741	6075	4775	148	1925	4244	4632	2536	13292	512	
FL	46200	46200	12	8	0	1	4	11	3	13	1	5576730	6075	4775	148	1925	4244	4632	2536	13292	512	
FL	46400	46400	10	11	0	1	5	9	3	16	1	5561723	6075	4775	148	1925	4244	4632	2536	13292	512	
FL	46600	46600	8	10	0	1	6	7	3	14	1	5547522	6075	4775	148	1925	4244	4632	2536	13292	512	
FL	46800	46800	8	9	0	2	2	7	2	11	1	5535232	6075	4775	148	1925	4244	4632	2536	13292	512	
FL	47000	47000	13	7	0	2	4	7	3	13	1	5523692	6075	4775	148	1925	4244	4632	2536	13292	512	
FL	47200	47200	13	10	0	0	6	5	3	15	2	5511548	6075	4775	148	1925	4244	4632	2536	13292	512	
FL	47400	47400	9	7	0	1	7	6	4	15	2	5499970	6075	4775	148	1925	4244	4632	2536	13292	512	
FL	47600	47600	10	9	0	0	4	7	3	16	1	5488561	6075	4775	148	1925	4244	4632	2536	13292	512	
FL	47800	47800	13	9	0	1	5	4	3	12	1	5477309	6075	4775	148	1925	4244	4632	2536	13292	512	
FL	48000	48000	15	8	1	1	5	4	2	15	1	5465467	6075	4775	148	1925	4244	4632	2536	13292	512	
FL	48200	48200	13	11	1	1	6	5	4	17	0	5453500	6075	4775	148	1925	4244	4632	2536	13292	512	
FL	48400	48400	9	15	1	3	5	9	5	24	1	5441845	6075	4775	148	1925	4244	4632	2536	13292	512	
FL	48600	48600	9	17	1	2	5	8	6	25	1	5430074	6075	4775	148	1925	4244	4632	2536	13292	512	
FL	48800	48800	7	13	0	2	7	10	6	24	2	5418833	6075	4775	148	1925	4244	4632	2536	13292	512	
FL	49000	49000	11	14	0	1	5	8	6	22	1	5407352	6075	4775	148	1925	4244	4632	2536	13292	512	
FL	49200	49200	11	15	0	1	4	12	4	23	1	5395949	6075	4775	148	1925	4244	4632	2536	13292	512	
FL	49400	49400	12	10	0	1	4	11	3	23	1	5383526	6075	4775	148	1925	4244	4632	2536	13292	512	
FL	49600	49600	14	9	0	1	4	10	5	24	1	5371266	6075	4775	148	1925	4244	4632	2536	13292	512	
FL	49800	49800	11	8	0	2	3	10	3	26	1	5359345	6075	4775	148	1925	4244	4632	2536	13292	512	
FL	50000	50000	13	9	0	2	4	10	3	23	1	5347097	6075	4775	148	1925	4244	4632	2536	13292	512	
FL	50200	50200	12	7	0	4	4	13	3	17	1	5335886	6075	4775	148	1925	4244	4632	2536	13292	512	
FL	50400	50400	12	7	0	3	5	12	3	18	1	5325044	6075	4775	148	1925	4244	4632	2536	13292	512	
FL	50600	50600	12	9	0	3	5	11	3	21	1	5314827	6075	4775	148	1925	4244	4632	2536	13292	512	
FL	50800	50800	15	8	0	3	6	9	3	14	1	5304653	6075	4775	148	1925	4244	4632	2536	13292	512	
FL	51000	51000	14	8	0	3	5	7	2	15	1	5294812	6075	4775	148	1925	4244	4632	2536	13292	512	
FL	51200	51200	14	7	0	5	4	9	5	15	1	5284454	6075	4775	148	1925	4244	4632	2536	13292	512	
FL	51400	51400	14	10	0	5	3	6	6	16	1	5273305	6075	4775	148	1925	4244	4632	2536	13292	512	
FL	51600	51600	12	10	0	7	4	7	7	14	0	5261997	6075	4775	148	1925	4244	4632	2536	13292	512	
FL	51800	51800	13	8	0	6	3	8	6	12	0	5250393	6075	4775	148	1925	4244	4632	2536	13292	512	
FL	52000	52000	11	9	1	6	3	7	6	15	0	5237994	6075	4775	148	1925	4244	4632	2536	13292	512	
FL	52200	52200	8	9	1	5	4	8	6	16	0	5224532	6075	4775	148	1925	4244	4632	2536	13292	512	
FL	52400	52400	8	8	2	7	4	9	8	20	0	5210959	6075	4775	148	1925	4244	4632	2536	13292	512	
FL	52600	52600	9	10	2	5	4	12	6	18	0	5198315	6075	4775	148	1925	4244	4632	2536	13292	512	
FL	52800	52800	9	7	2	4	5	11	5	16	1	5185371	6075	4775	148	1925	4244	4632	2536	13292	512	
FL	53000	53000	12	8	2	4	6	15	4	15	1	5172481	6075	4775	148	1925	4244	4632	2536	13292	512	
FL	53200	53200	13	8	1	2	6	17	4	13	0	5160879	6075	4775	148	1925	4244	4632	2536	13292	512	
FL	53400	53400	19	8	1	1	6	16	5	13	0	5149989	6075	4775	148	1925	4244	4632	2536	13292	512	
FL	53600	53600	15	8	1	1	5	9	4	16	0	5139511	6075	4775	148	1925	4244	4632	2536	13292	512	
FL	53800	53800	20	7	1	1	5	10	4	13	0	5127153	6075	4775	148	1925	4244	4632	2536	13292	512	
FL	54000	54000	16	3	1	1	4	9	8	15	0	5115329	6075	4775	148	1925	4244	4632	2536	13292	512	
FL	54200	54200	17	8	1	1	4	6	7	19	0	5103739	6075	4775	148	1925	4244	4632	2536	13292	512	
FL	54400	54400	15	8	1	2	1	9	5	17	0	5092250	6075	4775	148	1925	4244	4632	2536	13292	512	
FL	54600	54600	17	10	1	0	1	7	6	16	1	5079677	6075	4775	148	1925	4244	4632	2536	13292	512	
FL	54800	54800	18	10	1	0	1	6	6	14	0	5067454	6075	4775	148	1925	4244	4632	2536	13292	512	
FL	55000	55000	18	10	1	1	2	6	3	15	1	5055747	6075	4775	148	1925	4244	4632	2536	13292	512	
FL	55200	55200	16	13	0	0	3	4	5	18	1	5044645	6075	4775	148	1925	4244	4632	2536	13292	512	
FL	55400	55400	11	13	0	0	5	4	6	21	1	5032936	6075	4775	148	1925	4244	4632	2536	13292	512	
FL	55600	55600	12	11	0	2	6	7	7	21	2	5021254	6075	4775	148	1925	4244	4632	2536	13292	512	
FL	55800	55800	12	11	0	2	5	11	9	17	3	5009157	6075	4775	148	1925	4244	4632	2536	13292	512	
FL	56000	56000	11	12	0	2	6	13	9	17	3	4996775	6075	4775	148	1925	4244	4632	2536	13292	512	
FL	56200	56200	9	10	0	2	6	12	5	15	4	4985206	6075	4775	148	1925	4244	4632	2536	13292	512	
FL	56400	56400	6	12	0	2	6	10	5	13	5	4973732	6075	4775	148	1925	4244	4632	2536	13292	512	
FL	56600	56600	9	10	0	1	5	9	6	12	5	4963489	6075	4775	148	1925	4244	4632	2536	13292	512	
FL	56800	56800	11	10	0	1	5	9	4	12	5	4953374	6075	4775	148	1925	4244	4632	2536	13292	512	
FL	57000	57000	13	6	0	0	1	9	3	16	2	4943219	6075	4775	148	1925	4244	4632	2536	13292	512	
FL	57200	57200	13	6	0	0	1	10	3	17	2	4931914	6075	4775	148	1925	4244	4632	2536	13292	512	
FL	57400	57400	11	7	0	0	2	13	2	22	2	4920149	6075	4775	148	1925	4244	4632	2536	13292	512	
FL	57600	57600	7	10	0	0	2	11	3	23	2	4908422	6075	4775	148	1925	4244	4632	2536	13292	512	
FL	57800	57800	11	9	0	0	2	8	3	14	2	4896866	6075	4775	148	1925	4244	4632	2536	13292	512	
FL	58000	58000	12	9	0	0	2	8	2	15	1	4885384	6075	4775	148	1925	4244	4632	2536	13292	512	
FL	58200	58200	14	7	0	0	3	8	3	17	1	4874053	6075	4775	148	1925	4244	4632	2536	13292	512	
FL	58400	58400	12	8	0	0	3	12	2	13	1	4862364	6075	4775	148	1925	4244	4632	2536	13292	512	
FL	58600	58600	12	10	0	1	5	14	2	12	0	4850685	6075	4775	148	1925	4244	4632	2536	13292	512	
FL	58800	58800	11	8	1	1	6	16	2	11	0	4840433	6075	4775	148	1925	4244	4632	2536	13292	512	
FL	59000	59000	10	8	1	1	7	12	4	16	0	4830855	6075	4775	148	1925	4244	4632	2536	13292	512	
FL	59200	59200	11	9	1	1	7	13	4	17	0	4821669	6075	4775	148	1925	4244	4632	2536	13292	512	
FL	59400	59400	11	11	1	0	5	13	5	17	0	4811962	6075	4775	148	1925	4244	4632	2536	13292	512	
FL	59600	59600	14	10	0	0	3	15	2	17	0	4801175	6075	4775	148	1925	4244	4632	2536	13292	512	
FL	59800	59800	12	10	0	0	6	15	4	18	0	4789623	6075	4775	148	1925	4244	4632	2536	13292	512	
FL	60000	60000	14	14	0	0	6	14	2	16	0	4778240	6075	4775	148	1925	4244	4632	2536	13292	512	
FL	60200	60200	14	14	0	0	8	14	1	14	0	4767657	6075	4775	148	1925	4244	4632	2536	13292	512	
FL	60400	60400	14	9	0	0	9	18	2	15	0	4757172	6075	4775	148	1925	4244	4632	2536	13292	512	
FL	60600	60600	12	8	0	0	6	17	2	21	0	4746449	6075	4775	148	1925	4244	4632	2536	13292	512	
FL	60800	60800	12	11	0	0	5	13	3	19	0	4736247	6075	4775	148	1925	4244	4632	2536	13292	512	
FL	61000	61000	5	10	0	2	4	14	3	18	0	4726212	6075	4775	148	1925	4244	4632	2536	13292	512	
FL	61200	61200	7	8	0	2	6	14	4	10	0	4716380	6075	4775	148	1925	4244	4632	2536	13292	512	
FL	61400	61400	6	8	1	1	5	14	4	16	0	4705771	6075	4775	148	1925	4244	4632	2536	13292	512	
FL	61600	61600	6	7	1	1	6	12	2	14	0	4693092	6075	4775	148	1925	4244	4632	2536	13292	512	
FL	61800	61800	5	6	1	1	4	11	1	11	0	4680866	6075	4775	148	1925	4244	4632	2536	13292	512	
FL	62000	62000	3	8	1	1	3	7	1	14	0	4669619	6075	4775	148	1925	4244	4632	2536	13292	512	
FL	62200	62200	3	7	1	1	2	6	1	16	0	4658390	6075	4775	148	1925	4244	4632	2536	13292	512	
FL	62400	62400	6	6	1	1	2	9	2	13	0	4647920	6075	4775	148	1925	4244	4632	2536	13292	512	
FL	62600	62600	6	5	1	1	1	11	2	11	0	4637860	6075	4775	148	1925	4244	4632	2536	13292	512	
FL	62800	62800	6	5	1	1	1	13	2	10	0	4627121	6075	4775	148	1925	4244	4632	2536	13292	512	
FL	63000	63000	8	5	1	2	3	15	2	10	1	4616272	6075	4775	148	1925	4244	4632	2536	13292	512	
FL	63200	63200	11	8	1	2	2	10	5	14	1	4605695	6075	4775	148	1925	4244	4632	2536	13292	512	
FL	63400	63400	10	8	1	1	0	8	5	11	1	4594641	6075	4775	148	1925	4244	4632	2536	13292	512	
FL	63600	63600	9	8	0	2	0	12	4	14	0	4584157	6075	4775	148	1925	4244	4632	2536	13292	512	
FL	63800	63800	8	9	0	1	2	9	5	14	0	4573786	6075	4775	148	1925	4244	4632	2536	13292	512	
FL	64000	64000	9	7	0	1	2	9	5	15	0	4563514	6075	4775	148	1925	4244	4632	2536	13292	512	
FL	64200	64200	6	8	0	1	3	9	4	14	0	4553983	6075	4775	148	1925	4244	4632	2536	13292	512	
FL	64400	64400	5	7	0	1	4	9	4	13	1	4544184	6075	4775	148	1925	4244	4632	2536	13292	512	
FL	64600	64600	5	9	0	2	5	11	3	15	1	4535158	6075	4775	148	1925	4244	4632	2536	13292	512	
FL	64800	64800	8	9	0	2	5	12	2	13	1	4526303	6075	4775	148	1925	4244	4632	2536	13292	512	
FL	65000	65000	7	5	0	2	3	14	2	13	1	4518608	6075	4775	148	1925	4244	4632	2536	13292	512	
FL	65200	65200	7	7	0	2	3	9	3	13	1	4511536	6075	4775	148	1925	4244	4632	2536	13292	512	
FL	65400	65400	8	6	0	1	2	10	3	12	1	4504992	6075	4775	148	1925	4244	4632	2536	13292	512	
FL	65600	65600	8	8	0	1	5	6	2	15	1	4499676	6075	4775	148	1925	4244	4632	2536	13292	512	
FL	65800	65800	7	10	0	2	4	5	2	15	1	4494512	6075	4775	148	1925	4244	4632	2536	13292	512	
FL	66000	66000	8	10	0	2	4	6	1	15	1	4488385	6075	4775	148	1925	4244	4632	2536	13292	512	
FL	66200	66200	10	10	0	2	4	5	3	12	1	4481726	6075	4775	148	1925	4244	4632	2536	13292	512	
FL	66400	66400	10	7	0	2	2	7	4	13	0	4474434	6075	4775	148	1925	4244	4632	2536	13292	512	
FL	66600	66600	10	7	0	1	1	8	6	16	0	4466720	6075	4775	148	1925	4244	4632	2536	13292	512	
FL	66800	66800	14	9	0	1	1	9	3	15	0	4458977	6075	4775	148	1925	4244	4632	2536	13292	512	
FL	67000	67000	14	10	0	4	0	7	3	13	0	4450792	6075	4775	148	1925	4244	4632	2536	13292	512	
FL	67200	67200	12	8	0	1	1	6	2	13	0	4442570	6075	4775	148	1925	4244	4632	2536	13292	512	
FL	67400	67400	8	7	0	1	1	4	2	12	0	4433401	6075	4775	148	1925	4244	4632	2536	13292	512	
FL	67600	67600	11	8	0	1	1	7	2	9	0	4424636	6075	4775	148	1925	4244	4632	2536	13292	512	
FL	67800	67800	13	8	0	2	1	5	3	9	0	4415556	6075	4775	148	1925	4244	4632	2536	13292	512	
FL	68000	68000	14	7	0	3	0	5	3	9	0	4406654	6075	4775	148	1925	4244	4632	2536	13292	512	
FL	68200	68200	14	8	0	2	0	8	7	10	0	4397434	6075	4775	148	1925	4244	4632	2536	13292	512	
FL	68400	68400	12	6	0	2	2	10	5	14	1	4387795	6075	4775	148	1925	4244	4632	2536	13292	512	
FL	68600	68600	10	4	0	2	3	8	5	12	1	4377381	6075	4775	148	1925	4244	4632	2536	13292	512	
FL	68800	68800	10	6	0	1	3	8	5	14	1	4366825	6075	4775	148	1925	4244	4632	2536	13292	512	
FL	69000	69000	8	7	0	1	1	5	4	13	2	4356674	6075	4775	148	1925	4244	4632	2536	13292	512	
FL	69200	69200	9	6	0	0	2	5	4	14	2	4347036	6075	4775	148	1925	4244	4632	2536	13292	512	
FL	69400	69400	8	8	0	0	3	7	3	13	2	4338625	6075	4775	148	1925	4244	4632	2536	13292	512	
FL	69600	69600	7	5	0	0	3	9	3	15	2	4330434	6075	4775	148	1925	4244	4632	2536	13292	512	
FL	69800	69800	6	3	0	0	5	10	3	13	2	4322394	6075	4775	148	1925	4244	4632	2536	13292	512	
FL	70000	70000	8	3	0	0	5	10	4	16	2	4314393	6075	4775	148	1925	4244	4632	2536	13292	512	
FL	70200	70200	13	3	0	0	3	9	4	9	2	4307101	6075	4775	148	1925	4244	4632	2536	13292	512	
FL	70400	70400	10	3	0	0	1	6	4	10	2	4299804	6075	4775	148	1925	4244	4632	2536	13292	512	
FL	70600	70600	6	4	0	0	0	6	4	12	2	4293201	6075	4775	148	1925	4244	4632	2536	13292	512	
FL	70800	70800	4	8	0	0	0	3	5	17	2	4286143	6075	4775	148	1925	4244	4632	2536	13292	512	
FL	71000	71000	6	9	0	0	2	2	6	16	2	4279254	6075	4775	148	1925	4244	4632	2536	13292	512	
FL	71200	71200	8	7	0	0	1	4	6	18	1	4272297	6075	4775	148	1925	4244	4632	2536	13292	512	
FL	71400	71400	9	6	0	0	2	4	6	17	1	4264706	6075	4775	148	1925	4244	4632	2536	13292	512	
FL	71600	71600	8	6	0	1	2	3	6	20	1	4257143	6075	4775	148	1925	4244	4632	2536	13292	512	
FL	71800	71800	11	5	0	0	1	6	5	20	2	4249213	6075	4775	148	1925	4244	4632	2536	13292	512	
FL	72000	72000	9	5	0	4	1	6	5	21	1	4242073	6075	4775	148	1925	4244	4632	2536	13292	512	
FL	72200	72200	8	5	0	3	1	6	6	15	1	4235059	6075	4775	148	1925	4244	4632	2536	13292	512	
FL	72400	72400	6	6	0	2	0	6	8	13	1	4228065	6075	4775	148	1925	4244	4632	2536	13292	512	
FL	72600	72600	4	4	0	0	0	6	8	11	1	4220174	6075	4775	148	1925	4244	4632	2536	13292	512	
FL	72800	72800	4	5	0	2	0	6	8	12	1	4211606	6075	4775	148	1925	4244	4632	2536	13292	512	
FL	73000	73000	7	4	0	1	0	7	6	10	0	4202261	6075	4775	148	1925	4244	4632	2536	13292	512	
FL	73200	73200	4	5	1	2	0	8	4	14	0	4192582	6075	4775	148	1925	4244	4632	2536	13292	512	
FL	73400	73400	4	6	1	1	0	8	2	16	0	4183013	6075	4775	148	1925	4244	4632	2536	13292	512	
FL	73600	73600	12	6	1	2	0	6	2	16	0	4173513	6075	4775	148	1925	4244	4632	2536	13292	512	
FL	73800	73800	11	5	0	2	2	6	2	22	0	4164211	6075	4775	148	1925	4244	4632	2536	13292	512	
FL	74000	74000	10	5	1	1	2	8	3	19	0	4155540	6075	4775	148	1925	4244	4632	2536	13292	512	
FL	74200	74200	13	5	1	0	2	9	3	18	1	4148211	6075	4775	148	1925	4244	4632	2536	13292	512	
FL	74400	74400	14	7	1	0	3	8	3	16	1	4140791	6075	4775	148	1925	4244	4632	2536	13292	512	
FL	74600	74600	11	6	1	1	4	8	3	16	1	4134213	6075	4775	148	1925	4244	4632	2536	13292	512	
FL	74800	74800	14	7	1	1	2	9	1	12	0	4127793	6075	4775	148	1925	4244	4632	2536	13292	512	
FL	75000	75000	16	8	1	2	3	7	2	12	0	4121761	6075	4775	148	1925	4244	4632	2536	13292	512	
FL	75200	75200	16	8	1	2	6	8	2	12	0	4116074	6075	4775	148	1925	4244	4632	2536	13292	512	
FL	75400	75400	18	8	0	2	5	8	2	13	1	4110302	6075	4775	148	1925	4244	4632	2536	13292	512	
FL	75600	75600	17	8	0	2	4	7	2	11	1	4103923	6075	4775	148	1925	4244	4632	2536	13292	512	
FL	75800	75800	17	8	0	2	3	8	3	12	1	4097370	6075	4775	148	1925	4244	4632	2536	13292	512	
FL	76000	76000	16	7	0	1	1	6	5	11	1	4091078	6075	4775	148	1925	4244	4632	2536	13292	512	
FL	76200	76200	11	7	0	2	2	4	2	9	1	4084944	6075	4775	148	1925	4244	4632	2536	13292	512	
FL	76400	76400	13	6	0	2	0	5	3	8	1	4077934	6075	4775	148	1925	4244	4632	2536	13292	512	
FL	76600	76600	11	7	0	2	0	3	2	7	1	4070721	6075	4775	148	1925	4244	4632	2536	13292	512	
FL	76800	76800	11	8	0	1	0	3	2	9	0	4063431	6075	4775	148	1925	4244	4632	2536	13292	512	
FL	77000	77000	9	7	0	1	0	1	3	9	0	4054749	6075	4775	148	1925	4244	4632	2536	13292	512	
FL	77200	77200	10	9	0	1	0	5	5	7	0	4046092	6075	4775	148	1925	4244	4632	2536	13292	512	
FL	77400	77400	14	10	0	1	0	6	1	10	0	4038057	6075	4775	148	1925	4244	4632	2536	13292	512	
FL	77600	77600	13	10	0	1	0	8	0	10	0	4029543	6075	4775	148	1925	4244	4632	2536	13292	512	
FL	77800	77800	13	9	0	1	1	7	1	14	0	4021462	6075	4775	148	1925	4244	4632	2536	13292	512	
FL	78000	78000	14	6	0	1	1	7	1	12	1	4013845	6075	4775	148	1925	4244	4632	2536	13292	512	
FL	78200	78200	10	6	0	1	1	6	2	13	1	4007507	6075	4775	148	1925	4244	4632	2536	13292	512	
FL	78400	78400	10	5	0	1	1	8	5	10	1	4000350	6075	4775	148	1925	4244	4632	2536	13292	512	
FL	78600	78600	8	3	0	0	0	7	6	11	2	3993520	6075	4775	148	1925	4244	4632	2536	13292	512	
FL	78800	78800	7	5	0	1	1	9	6	12	2	3986003	6075	4775	148	1925	4244	4632	2536	13292	512	
FL	79000	79000	7	7	0	2	1	10	7	15	1	3978197	6075	4775	148	1925	4244	4632	2536	13292	512	
FL	79200	79200	11	7	1	3	0	8	6	13	1	3970719	6075	4775	148	1925	4244	4632	2536	13292	512	
FL	79400	79400	10	8	0	3	1	10	7	14	1	3963493	6075	4775	148	1925	4244	4632	2536	13292	512	
FL	79600	79600	8	4	0	3	1	8	6	19	1	3955902	6075	4775	148	1925	4244	4632	2536	13292	512	
FL	79800	79800	9	5	0	3	1	5	4	14	0	3948171	6075	4775	148	1925	4244	4632	2536	13292	512	
FL	80000	80000	10	4	0	3	2	5	4	8	1	3940993	6075	4775	148	1925	4244	4632	2536	13292	512	
FL	80200	80200	9	5	0	4	2	5	5	11	1	3934309	6075	4775	148	1925	4244	4632	2536	13292	512	
FL	80400	80400	11	6	0	5	2	5	5	10	1	3928140	6075	4775	148	1925	4244	4632	2536	13292	512	
FL	80600	80600	16	8	0	2	3	7	5	8	2	3921887	6075	4775	148	1925	4244	4632	2536	13292	512	
FL	80800	80800	15	9	0	1	3	8	4	9	1	3914905	6075	4775	148	1925	4244	4632	2536	13292	512	
FL	81000	81000	17	6	0	1	4	7	1	12	0	3906955	6075	4775	148	1925	4244	4632	2536	13292	512	
FL	81200	81200	11	5	0	0	4	7	1	16	0	3898543	6075	4775	148	1925	4244	4632	2536	13292	512	
FL	81400	81400	9	5	0	0	4	6	2	14	1	3889933	6075	4775	148	1925	4244	4632	2536	13292	512	
FL	81600	81600	8	4	0	0	5	6	2	11	1	3881432	6075	4775	148	1925	4244	4632	2536	13292	512	
FL	81800	81800	6	4	0	0	5	5	3	11	0	3873660	6075	4775	148	1925	4244	4632	2536	13292	512	
FL	82000	82000	7	6	0	0	3	4	2	10	0	3867115	6075	4775	148	1925	4244	4632	2536	13292	512	
FL	82200	82200	5	4	0	0	3	5	2	8	0	3859435	6075	4775	148	1925	4244	4632	2536	13292	512	
FL	82400	82400	5	6	0	0	4	5	2	5	0	3850970	6075	4775	148	1925	4244	4632	2536	13292	512	
FL	82600	82600	3	5	0	0	4	4	3	9	0	3843347	6075	4775	148	1925	4244	4632	2536	13292	512	
FL	82800	82800	4	5	0	0	4	3	3	11	0	3836341	6075	4775	148	1925	4244	4632	2536	13292	512	
FL	83000	83000	3	4	0	0	4	2	3	12	0	3829132	6075	4775	148	1925	4244	4632	2536	13292	512	
FL	83200	83200	5	5	0	0	4	2	3	8	0	3821473	6075	4775	148	1925	4244	4632	2536	13292	512	
FL	83400	83400	4	3	0	1	3	6	5	11	0	3812951	6075	4775	148	1925	4244	4632	2536	13292	512	
FL	83600	83600	5	3	0	2	3	7	3	13	0	3805070	6075	4775	148	1925	4244	4632	2536	13292	512	
FL	83800	83800	6	2	0	2	4	8	2	11	0	3796949	6075	4775	148	1925	4244	4632	2536	13292	512	
FL	84000	84000	7	3	0	1	3	6	2	9	0	3789285	6075	4775	148	1925	4244	4632	2536	13292	512	
FL	84200	84200	5	3	0	0	4	7	1	11	0	3782081	6075	4775	148	1925	4244	4632	2536	13292	512	
FL	84400	84400	5	3	0	0	5	10	1	8	0	3775361	6075	4775	148	1925	4244	4632	2536	13292	512	
FL	84600	84600	7	3	0	0	3	12	2	10	0	3769807	6075	4775	148	1925	4244	4632	2536	13292	512	
FL	84800	84800	6	3	0	0	1	11	2	10	0	3764587	6075	4775	148	1925	4244	4632	2536	13292	512	
FL	85000	85000	7	3	0	1	1	11	2	9	0	3759256	6075	4775	148	1925	4244	4632	2536	13292	512	
FL	85200	85200	7	2	0	2	2	10	1	9	0	3754819	6075	4775	148	1925	4244	4632	2536	13292	512	
FL	85400	85400	7	2	0	3	1	10	1	11	0	3749753	6075	4775	148	1925	4244	4632	2536	13292	512	
FL	85600	85600	9	2	0	4	1	10	3	11	0	3744363	6075	4775	148	1925	4244	4632	2536	13292	512	
FL	85800	85800	7	3	0	4	1	10	2	16	0	3738870	6075	4775	148	1925	4244	4632	2536	13292	512	
FL	86000	86000	5	4	0	4	1	11	4	16	0	3733239	6075	4775	148	1925	4244	4632	2536	13292	512	
FL	86200	86200	7	3	0	4	1	10	3	14	0	3727669	6075	4775	148	1925	4244	4632	2536	13292	512	
FL	86400	86400	8	1	0	3	1	7	6	11	0	3721556	6075	4775	148	1925	4244	4632	2536	13292	512	
FL	86600	86600	9	2	0	1	0	7	6	12	0	3714009	6075	4775	148	1925	4244	4632	2536	13292	512	
FL	86800	86800	9	2	0	2	0	6	6	9	0	3705313	6075	4775	148	1925	4244	4632	2536	13292	512	
FL	87000	87000	10	3	0	4	1	4	5	7	0	3695775	6075	4775	148	1925	4244	4632	2536	13292	512	
FL	87200	87200	8	5	0	2	1	5	5	5	0	3687287	6075	4775	148	1925	4244	4632	2536	13292	512	
FL	87400	87400	5	6	0	2	0	6	6	6	0	3678971	6075	4775	148	1925	4244	4632	2536	13292	512	
FL	87600	87600	10	5	0	2	0	5	5	9	0	3670408	6075	4775	148	1925	4244	4632	2536	13292	512	
FL	87800	87800	10	6	0	2	0	5	2	8	1	3662385	6075	4775	148	1925	4244	4632	2536	13292	512	
FL	88000	88000	12	4	0	1	0	4	4	10	1	3654084	6075	4775	148	1925	4244	4632	2536	13292	512	
FL	88200	88200	11	4	0	0	2	6	5	7	1	3645051	6075	4775	148	1925	4244	4632	2536	13292	512	
FL	88400	88400	10	5	0	0	3	6	5	7	1	3635384	6075	4775	148	1925	4244	4632	2536	13292	512	
FL	88600	88600	10	5	0	0	4	5	2	6	2	3624993	6075	4775	148	1925	4244	4632	2536	13292	512	
FL	88800	88800	8	6	0	0	4	4	1	8	2	3614218	6075	4775	148	1925	4244	4632	2536	13292	512	
FL	89000	89000	7	6	0	2	8	4	1	7	1	3604664	6075	4775	148	1925	4244	4632	2536	13292	512	
FL	89200	89200	7	9	0	1	10	4	1	6	1	3597098	6075	4775	148	1925	4244	4632	2536	13292	512	
FL	89400	89400	8	9	0	3	8	1	1	5	1	3589038	6075	4775	148	1925	4244	4632	2536	13292	512	
FL	89600	89600	9	9	0	3	6	1	0	4	1	3580798	6075	4775	148	1925	4244	4632	2536	13292	512	
FL	89800	89800	8	7	0	3	4	2	2	8	1	3572326	6075	4775	148	1925	4244	4632	2536	13292	512	
FL	90000	90000	5	5	0	3	4	6	5	14	0	3563491	6075	4775	148	1925	4244	4632	2536	13292	512	
FL	90200	90200	8	4	0	4	5	4	4	14	0	3553751	6075	4775	148	1925	4244	4632	2536	13292	512	
FL	90400	90400	8	4	0	9	5	7	4	18	0	3544766	6075	4775	148	1925	4244	4632	2536	13292	512	
FL	90600	90600	7	5	0	10	4	6	3	15	0	3537307	6075	4775	148	1925	4244	4632	2536	13292	512	
FL	90800	90800	3	6	0	11	4	8	4	22	0	3530407	6075	4775	148	1925	4244	4632	2536	13292	512	
FL	91000	91000	4	7	0	6	5	7	4	20	0	3523980	6075	4775	148	1925	4244	4632	2536	13292	512	
FL	91200	91200	4	6	0	5	4	7	3	19	0	3516856	6075	4775	148	1925	4244	4632	2536	13292	512	
FL	91400	91400	4	5	0	4	1	4	3	18	0	3509762	6075	4775	148	1925	4244	4632	2536	13292	512	
FL	91600	91600	3	4	0	3	2	3	1	18	0	3502755	6075	4775	148	1925	4244	4632	2536	13292	512	
FL	91800	91800	4	5	0	3	2	2	1	16	0	3496032	6075	4775	148	1925	4244	4632	2536	13292	512	
FL	92000	92000	6	7	0	1	3	4	0	16	0	3489751	6075	4775	148	1925	4244	4632	2536	13292	512	
FL	92200	92200	6	7	0	1	3	5	1	14	0	3484164	6075	4775	148	1925	4244	4632	2536	13292	512	
FL	92400	92400	6	4	0	1	3	4	1	16	0	3478999	6075	4775	148	1925	4244	4632	2536	13292	512	
FL	92600	92600	6	5	0	1	2	5	3	19	0	3474052	6075	4775	148	1925	4244	4632	2536	13292	512	
FL	92800	92800	6	5	0	1	4	5	3	17	0	3468411	6075	4775	148	1925	4244	4632	2536	13292	512	
FL	93000	93000	7	6	0	1	5	5	4	17	0	3461812	6075	4775	148	1925	4244	4632	2536	13292	512	
FL	93200	93200	6	6	0	1	3	5	2	16	0	3454260	6075	4775	148	1925	4244	4632	2536	13292	512	
FL	93400	93400	5	6	0	1	4	6	2	18	0	3447644	6075	4775	148	1925	4244	4632	2536	13292	512	
FL	93600	93600	5	5	0	1	3	5	1	11	1	3440416	6075	4775	148	1925	4244	4632	2536	13292	512	
FL	93800	93800	5	4	0	2	4	6	1	12	1	3433497	6075	4775	148	1925	4244	4632	2536	13292	512	
FL	94000	94000	5	2	0	2	6	6	1	9	0	3426772	6075	4775	148	1925	4244	4632	2536	13292	512	
FL	94200	94200	6	3	0	3	6	7	2	8	0	3420116	6075	4775	148	1925	4244	4632	2536	13292	512	
FL	94400	94400	6	3	0	4	6	6	2	11	0	3414006	6075	4775	148	1925	4244	4632	2536	13292	512	
FL	94600	94600	5	5	0	4	6	6	3	10	0	3408707	6075	4775	148	1925	4244	4632	2536	13292	512	
FL	94800	94800	6	5	0	3	6	8	3	8	0	3403095	6075	4775	148	1925	4244	4632	2536	13292	512	
FL	95000	95000	7	5	0	1	6	8	2	11	0	3397106	6075	4775	148	1925	4244	4632	2536	13292	512	
FL	95200	95200	8	7	0	1	4	8	3	14	0	3389941	6075	4775	148	1925	4244	4632	2536	13292	512	
FL	95400	95400	10	7	0	1	2	9	3	16	0	3382036	6075	4775	148	1925	4244	4632	2536	13292	512	
FL	95600	95600	7	7	0	0	1	10	2	14	0	3374523	6075	4775	148	1925	4244	4632	2536	13292	512	
FL	95800	95800	6	9	0	0	1	7	3	14	0	3367104	6075	4775	148	1925	4244	4632	2536	13292	512	
FL	96000	96000	6	8	0	0	1	6	2	11	0	3359862	6075	4775	148	1925	4244	4632	2536	13292	512	
FL	96200	96200	7	7	0	0	1	6	1	11	0	3352282	6075	4775	148	1925	4244	4632	2536	13292	512	
FL	96400	96400	7	7	1	0	1	3	1	10	0	3344864	6075	4775	148	1925	4244	4632	2536	13292	512	
FL	96600	96600	6	7	1	1	2	5	1	12	0	3337965	6075	4775	148	1925	4244	4632	2536	13292	512	
FL	96800	96800	9	6	1	1	1	5	1	12	0	3331834	6075	4775	148	1925	4244	4632	2536	13292	512	
FL	97000	97000	7	5	1	2	1	7	3	12	0	3325574	6075	4775	148	1925	4244	4632	2536	13292	512	
FL	97200	97200	7	7	1	2	3	8	4	12	0	3318924	6075	4775	148	1925	4244	4632	2536	13292	512	
FL	97400	97400	10	7	1	2	1	9	3	11	0	3313486	6075	4775	148	1925	4244	4632	2536	13292	512	
FL	97600	97600	13	6	1	0	1	11	2	11	0	3308237	6075	4775	148	1925	4244	4632	2536	13292	512	
FL	97800	97800	12	9	1	0	2	9	1	11	0	3302681	6075	4775	148	1925	4244	4632	2536	13292	512	
FL	98000	98000	14	8	0	1	2	8	1	12	0	3297412	6075	4775	148	1925	4244	4632	2536	13292	512	
FL	98200	98200	11	10	0	2	2	7	1	9	1	3292739	6075	4775	148	1925	4244	4632	2536	13292	512	
FL	98400	98400	9	7	0	2	2	5	1	8	1	3287524	6075	4775	148	1925	4244	4632	2536	13292	512	
FL	98600	98600	7	6	0	2	3	7	0	8	1	3282455	6075	4775	148	1925	4244	4632	2536	13292	512	
FL	98800	98800	7	7	0	1	4	8	0	8	1	3277176	6075	4775	148	1925	4244	4632	2536	13292	512	
FL	99000	99000	7	6	0	1	4	4	0	9	1	3272169	6075	4775	148	1925	4244	4632	2536	13292	512	
FL	99200	99200	6	7	0	2	3	3	1	10	0	3266325	6075	4775	148	1925	4244	4632	2536	13292	512	
FL	99400	99400	3	9	0	2	3	2	1	12	1	3260662	6075	4775	148	1925	4244	4632	2536	13292	512	
FL	99600	99600	2	8	0	2	2	5	0	12	2	3255197	6075	4775	148	1925	4244	4632	2536	13292	512	
FL	99800	99800	3	7	0	2	2	7	3	10	1	3250353	6075	4775	148	1925	4244	4632	2536	13292	512	
FL	100000	100000	3	6	0	1	1	7	3	10	0	3245633	6075	4775	148	1925	4244	4632	2536	13292	512	
