DHL	0	0	20	33	9	10	20	28	30	0	8	14546081	1810	2357	1241	2216	9263	7013	7501	5032	
DHL	-200	-200	27	32	6	12	26	24	30	0	9	14457898	1810	2357	1241	2216	9263	7013	7501	5032	
DHL	-400	-400	21	29	7	9	25	27	25	0	8	14263021	1810	2357	1241	2216	9263	7013	7501	5032	
DHL	-600	-600	18	28	8	13	24	26	24	0	7	13928135	1810	2357	1241	2216	9263	7013	7501	5032	
DHL	-800	-800	19	26	8	17	24	33	23	0	11	13515990	1810	2357	1241	2216	9263	7013	7501	5032	
DHL	-1000	-1000	19	30	7	15	30	35	23	0	11	13096173	1810	2357	1241	2216	9263	7013	7501	5032	
DHL	-1200	-1200	19	34	7	8	25	38	24	0	15	12672057	1810	2357	1241	2216	9263	7013	7501	5032	
DHL	-1400	-1400	18	24	5	7	24	40	22	0	19	12266288	1810	2357	1241	2216	9263	7013	7501	5032	
DHL	-1600	-1600	15	30	4	8	25	38	21	0	13	11896958	1810	2357	1241	2216	9263	7013	7501	5032	
DHL	-1800	-1800	10	34	2	12	29	33	19	0	11	11571718	1810	2357	1241	2216	9263	7013	7501	5032	
DHL	-2000	-2000	9	34	4	11	28	30	18	0	13	11294026	1810	2357	1241	2216	9263	7013	7501	5032	
DHL	-2200	-2200	11	25	4	11	24	28	21	0	14	11055619	1810	2357	1241	2216	9263	7013	7501	5032	
DHL	-2400	-2400	9	23	3	9	22	27	22	0	10	10851601	1810	2357	1241	2216	9263	7013	7501	5032	
DHL	-2600	-2600	12	18	4	6	14	32	24	0	12	10677762	1810	2357	1241	2216	9263	7013	7501	5032	
DHL	-2800	-2800	8	18	5	10	14	32	31	0	7	10535867	1810	2357	1241	2216	9263	7013	7501	5032	
DHL	-3000	-3000	8	16	6	6	12	24	29	0	10	10419389	1810	2357	1241	2216	9263	7013	7501	5032	
DHL	-3200	-3200	10	18	4	7	12	22	22	0	8	10321761	1810	2357	1241	2216	9263	7013	7501	5032	
DHL	-3400	-3400	7	19	3	7	14	24	25	0	8	10236683	1810	2357	1241	2216	9263	7013	7501	5032	
DHL	-3600	-3600	11	17	3	7	12	25	27	0	10	10158326	1810	2357	1241	2216	9263	7013	7501	5032	
DHL	-3800	-3800	10	13	1	10	13	20	26	0	7	10088759	1810	2357	1241	2216	9263	7013	7501	5032	
DHL	-4000	-4000	15	15	1	14	12	26	19	0	5	10029433	1810	2357	1241	2216	9263	7013	7501	5032	
DHL	-4200	-4200	12	21	3	18	12	25	18	0	7	9976871	1810	2357	1241	2216	9263	7013	7501	5032	
DHL	-4400	-4400	12	18	4	15	12	18	17	0	6	9929047	1810	2357	1241	2216	9263	7013	7501	5032	
DHL	-4600	-4600	20	16	6	12	12	20	13	0	6	9881818	1810	2357	1241	2216	9263	7013	7501	5032	
DHL	-4800	-4800	13	13	5	12	8	23	12	0	2	9833059	1810	2357	1241	2216	9263	7013	7501	5032	
DHL	-5000	-5000	13	9	3	8	9	19	17	0	1	9788468	1810	2357	1241	2216	9263	7013	7501	5032	
DHL	-5200	-5200	7	8	4	8	7	21	16	0	4	9746682	1810	2357	1241	2216	9263	7013	7501	5032	
DHL	-5400	-5400	11	8	6	5	9	19	19	0	2	9705668	1810	2357	1241	2216	9263	7013	7501	5032	
DHL	-5600	-5600	5	9	4	2	4	22	11	0	3	9666698	1810	2357	1241	2216	9263	7013	7501	5032	
DHL	-5800	-5800	6	7	3	3	6	20	12	0	2	9631010	1810	2357	1241	2216	9263	7013	7501	5032	
DHL	-6000	-6000	9	8	4	3	8	28	9	0	0	9597711	1810	2357	1241	2216	9263	7013	7501	5032	
DHL	-6200	-6200	8	7	5	6	5	27	8	0	2	9565546	1810	2357	1241	2216	9263	7013	7501	5032	
DHL	-6400	-6400	8	8	4	9	5	22	9	0	4	9533827	1810	2357	1241	2216	9263	7013	7501	5032	
DHL	-6600	-6600	5	9	4	12	9	22	10	0	8	9502001	1810	2357	1241	2216	9263	7013	7501	5032	
DHL	-6800	-6800	6	9	3	8	11	16	9	0	8	9471031	1810	2357	1241	2216	9263	7013	7501	5032	
DHL	-7000	-7000	9	8	2	9	13	24	12	0	9	9441176	1810	2357	1241	2216	9263	7013	7501	5032	
DHL	-7200	-7200	4	12	5	4	11	21	13	0	9	9409595	1810	2357	1241	2216	9263	7013	7501	5032	
DHL	-7400	-7400	1	10	5	3	10	24	10	0	6	9378529	1810	2357	1241	2216	9263	7013	7501	5032	
DHL	-7600	-7600	2	7	5	5	17	23	11	0	5	9347326	1810	2357	1241	2216	9263	7013	7501	5032	
DHL	-7800	-7800	5	12	5	7	21	21	9	0	6	9315697	1810	2357	1241	2216	9263	7013	7501	5032	
DHL	-8000	-8000	4	8	4	8	18	22	7	0	7	9282972	1810	2357	1241	2216	9263	7013	7501	5032	
DHL	-8200	-8200	3	6	3	9	16	22	12	0	7	9249191	1810	2357	1241	2216	9263	7013	7501	5032	
DHL	-8400	-8400	3	9	3	8	15	21	14	0	7	9217845	1810	2357	1241	2216	9263	7013	7501	5032	
DHL	-8600	-8600	5	6	3	7	17	22	16	0	11	9187364	1810	2357	1241	2216	9263	7013	7501	5032	
DHL	-8800	-8800	5	5	4	6	18	17	16	0	10	9158757	1810	2357	1241	2216	9263	7013	7501	5032	
DHL	-9000	-9000	5	8	6	5	16	18	16	0	11	9130645	1810	2357	1241	2216	9263	7013	7501	5032	
DHL	-9200	-9200	4	11	5	5	17	18	17	0	9	9103397	1810	2357	1241	2216	9263	7013	7501	5032	
DHL	-9400	-9400	5	12	4	6	16	20	19	0	10	9075285	1810	2357	1241	2216	9263	7013	7501	5032	
DHL	-9600	-9600	6	15	7	6	14	21	13	0	10	9047907	1810	2357	1241	2216	9263	7013	7501	5032	
DHL	-9800	-9800	10	13	7	5	17	16	14	0	11	9020616	1810	2357	1241	2216	9263	7013	7501	5032	
DHL	-10000	-10000	10	13	8	4	15	20	14	0	11	8994368	1810	2357	1241	2216	9263	7013	7501	5032	
DHL	-10200	-10200	11	12	7	4	17	17	14	0	10	8969149	1810	2357	1241	2216	9263	7013	7501	5032	
DHL	-10400	-10400	11	10	7	4	14	18	19	0	8	8942342	1810	2357	1241	2216	9263	7013	7501	5032	
DHL	-10600	-10600	10	9	5	7	14	18	18	0	6	8913866	1810	2357	1241	2216	9263	7013	7501	5032	
DHL	-10800	-10800	7	10	4	6	14	17	22	0	7	8885226	1810	2357	1241	2216	9263	7013	7501	5032	
DHL	-11000	-11000	9	12	4	8	14	21	25	0	8	8858572	1810	2357	1241	2216	9263	7013	7501	5032	
DHL	-11200	-11200	9	12	4	10	16	17	23	0	7	8832688	1810	2357	1241	2216	9263	7013	7501	5032	
DHL	-11400	-11400	7	10	7	9	17	15	27	0	5	8809838	1810	2357	1241	2216	9263	7013	7501	5032	
DHL	-11600	-11600	4	8	6	8	14	16	23	0	6	8785146	1810	2357	1241	2216	9263	7013	7501	5032	
DHL	-11800	-11800	7	3	4	7	13	16	23	0	7	8759618	1810	2357	1241	2216	9263	7013	7501	5032	
DHL	-12000	-12000	9	2	3	6	15	15	21	0	7	8733092	1810	2357	1241	2216	9263	7013	7501	5032	
DHL	-12200	-12200	9	3	3	5	13	20	19	0	9	8707109	1810	2357	1241	2216	9263	7013	7501	5032	
DHL	-12400	-12400	9	5	4	6	12	20	11	0	7	8682825	1810	2357	1241	2216	9263	7013	7501	5032	
DHL	-12600	-12600	10	5	5	8	11	18	9	0	10	8658934	1810	2357	1241	2216	9263	7013	7501	5032	
DHL	-12800	-12800	8	8	3	9	12	16	8	0	9	8634334	1810	2357	1241	2216	9263	7013	7501	5032	
DHL	-13000	-13000	8	7	2	7	8	15	11	0	7	8607070	1810	2357	1241	2216	9263	7013	7501	5032	
DHL	-13200	-13200	9	7	2	5	5	19	12	0	7	8579279	1810	2357	1241	2216	9263	7013	7501	5032	
DHL	-13400	-13400	10	5	4	4	7	19	13	0	6	8550011	1810	2357	1241	2216	9263	7013	7501	5032	
DHL	-13600	-13600	10	5	4	2	7	19	13	0	6	8520491	1810	2357	1241	2216	9263	7013	7501	5032	
DHL	-13800	-13800	7	7	5	2	10	21	14	0	7	8490792	1810	2357	1241	2216	9263	7013	7501	5032	
DHL	-14000	-14000	9	6	3	4	8	19	11	0	2	8461892	1810	2357	1241	2216	9263	7013	7501	5032	
DHL	-14200	-14200	8	6	3	3	8	21	14	0	4	8433667	1810	2357	1241	2216	9263	7013	7501	5032	
DHL	-14400	-14400	6	8	1	1	7	23	12	0	4	8407429	1810	2357	1241	2216	9263	7013	7501	5032	
DHL	-14600	-14600	7	10	1	1	10	21	14	0	6	8382531	1810	2357	1241	2216	9263	7013	7501	5032	
DHL	-14800	-14800	7	6	1	1	10	18	14	0	6	8358687	1810	2357	1241	2216	9263	7013	7501	5032	
DHL	-15000	-15000	9	5	4	4	10	14	19	0	6	8335791	1810	2357	1241	2216	9263	7013	7501	5032	
DHL	-15200	-15200	9	8	3	4	9	16	13	0	8	8311989	1810	2357	1241	2216	9263	7013	7501	5032	
DHL	-15400	-15400	12	7	2	5	8	14	14	0	9	8286550	1810	2357	1241	2216	9263	7013	7501	5032	
DHL	-15600	-15600	12	7	1	4	7	17	15	0	9	8263247	1810	2357	1241	2216	9263	7013	7501	5032	
DHL	-15800	-15800	9	9	1	3	9	15	8	0	8	8242143	1810	2357	1241	2216	9263	7013	7501	5032	
DHL	-16000	-16000	12	11	2	2	11	14	15	0	10	8220180	1810	2357	1241	2216	9263	7013	7501	5032	
DHL	-16200	-16200	11	10	2	2	9	14	11	0	11	8199476	1810	2357	1241	2216	9263	7013	7501	5032	
DHL	-16400	-16400	11	12	1	2	10	15	15	0	10	8178135	1810	2357	1241	2216	9263	7013	7501	5032	
DHL	-16600	-16600	8	11	1	2	11	18	10	0	10	8157246	1810	2357	1241	2216	9263	7013	7501	5032	
DHL	-16800	-16800	5	11	0	6	10	18	15	0	10	8136192	1810	2357	1241	2216	9263	7013	7501	5032	
DHL	-17000	-17000	6	12	0	7	11	15	11	0	10	8116324	1810	2357	1241	2216	9263	7013	7501	5032	
DHL	-17200	-17200	4	12	1	8	9	18	11	0	9	8097668	1810	2357	1241	2216	9263	7013	7501	5032	
DHL	-17400	-17400	5	15	1	7	9	17	10	0	8	8076034	1810	2357	1241	2216	9263	7013	7501	5032	
DHL	-17600	-17600	6	12	2	6	7	16	10	0	8	8051076	1810	2357	1241	2216	9263	7013	7501	5032	
DHL	-17800	-17800	7	9	1	4	8	17	7	0	8	8025626	1810	2357	1241	2216	9263	7013	7501	5032	
DHL	-18000	-18000	7	7	0	2	12	20	7	0	9	8000847	1810	2357	1241	2216	9263	7013	7501	5032	
DHL	-18200	-18200	7	7	2	5	12	19	9	0	8	7976466	1810	2357	1241	2216	9263	7013	7501	5032	
DHL	-18400	-18400	9	3	2	6	13	20	10	0	10	7951926	1810	2357	1241	2216	9263	7013	7501	5032	
DHL	-18600	-18600	12	5	2	5	14	20	12	0	11	7927625	1810	2357	1241	2216	9263	7013	7501	5032	
DHL	-18800	-18800	13	7	3	6	15	21	11	0	9	7903392	1810	2357	1241	2216	9263	7013	7501	5032	
DHL	-19000	-19000	12	11	4	7	14	19	9	0	9	7881103	1810	2357	1241	2216	9263	7013	7501	5032	
DHL	-19200	-19200	10	9	5	8	17	21	14	0	10	7859524	1810	2357	1241	2216	9263	7013	7501	5032	
DHL	-19400	-19400	9	11	4	7	15	16	19	0	9	7837461	1810	2357	1241	2216	9263	7013	7501	5032	
DHL	-19600	-19600	8	11	3	8	14	14	12	0	6	7814321	1810	2357	1241	2216	9263	7013	7501	5032	
DHL	-19800	-19800	3	10	3	8	15	15	11	0	6	7789854	1810	2357	1241	2216	9263	7013	7501	5032	
DHL	-20000	-20000	5	8	3	10	10	17	14	0	8	7764367	1810	2357	1241	2216	9263	7013	7501	5032	
DHL	-20200	-20200	5	7	3	9	11	19	14	0	7	7739187	1810	2357	1241	2216	9263	7013	7501	5032	
DHL	-20400	-20400	6	7	5	11	7	20	15	0	7	7715247	1810	2357	1241	2216	9263	7013	7501	5032	
DHL	-20600	-20600	4	5	4	12	12	24	15	0	7	7691452	1810	2357	1241	2216	9263	7013	7501	5032	
DHL	-20800	-20800	3	6	2	12	9	18	10	0	6	7669443	1810	2357	1241	2216	9263	7013	7501	5032	
DHL	-21000	-21000	7	4	3	13	10	14	16	0	3	7648642	1810	2357	1241	2216	9263	7013	7501	5032	
DHL	-21200	-21200	3	7	2	10	12	14	14	0	3	7628383	1810	2357	1241	2216	9263	7013	7501	5032	
DHL	-21400	-21400	5	9	3	8	15	15	15	0	4	7607495	1810	2357	1241	2216	9263	7013	7501	5032	
DHL	-21600	-21600	7	9	3	8	14	15	18	0	7	7585779	1810	2357	1241	2216	9263	7013	7501	5032	
DHL	-21800	-21800	6	7	3	6	15	15	14	0	7	7566107	1810	2357	1241	2216	9263	7013	7501	5032	
DHL	-22000	-22000	6	8	2	5	17	14	19	0	7	7546003	1810	2357	1241	2216	9263	7013	7501	5032	
DHL	-22200	-22200	8	7	3	4	17	14	18	0	6	7526873	1810	2357	1241	2216	9263	7013	7501	5032	
DHL	-22400	-22400	6	10	2	5	15	15	14	0	6	7508189	1810	2357	1241	2216	9263	7013	7501	5032	
DHL	-22600	-22600	7	10	4	4	18	21	15	0	6	7489474	1810	2357	1241	2216	9263	7013	7501	5032	
DHL	-22800	-22800	7	11	4	4	16	19	13	0	5	7470352	1810	2357	1241	2216	9263	7013	7501	5032	
DHL	-23000	-23000	6	9	5	7	16	21	10	0	8	7449149	1810	2357	1241	2216	9263	7013	7501	5032	
DHL	-23200	-23200	6	8	5	8	14	20	11	0	7	7428470	1810	2357	1241	2216	9263	7013	7501	5032	
DHL	-23400	-23400	4	9	5	7	12	18	14	0	7	7408644	1810	2357	1241	2216	9263	7013	7501	5032	
DHL	-23600	-23600	5	4	5	6	17	17	14	0	6	7389163	1810	2357	1241	2216	9263	7013	7501	5032	
DHL	-23800	-23800	3	6	5	4	15	12	17	0	5	7368570	1810	2357	1241	2216	9263	7013	7501	5032	
DHL	-24000	-24000	1	3	8	5	18	11	18	0	6	7347925	1810	2357	1241	2216	9263	7013	7501	5032	
DHL	-24200	-24200	2	2	5	5	12	12	20	0	2	7328217	1810	2357	1241	2216	9263	7013	7501	5032	
DHL	-24400	-24400	3	2	6	6	10	12	19	0	1	7311065	1810	2357	1241	2216	9263	7013	7501	5032	
DHL	-24600	-24600	2	3	6	5	10	10	17	0	2	7294468	1810	2357	1241	2216	9263	7013	7501	5032	
DHL	-24800	-24800	3	5	7	4	9	14	11	0	3	7277070	1810	2357	1241	2216	9263	7013	7501	5032	
DHL	-25000	-25000	4	5	8	4	8	16	8	0	4	7258513	1810	2357	1241	2216	9263	7013	7501	5032	
DHL	-25200	-25200	4	6	8	4	7	20	10	0	8	7237960	1810	2357	1241	2216	9263	7013	7501	5032	
DHL	-25400	-25400	3	5	5	2	7	22	14	0	9	7217298	1810	2357	1241	2216	9263	7013	7501	5032	
DHL	-25600	-25600	1	7	5	3	7	17	14	0	9	7195718	1810	2357	1241	2216	9263	7013	7501	5032	
DHL	-25800	-25800	1	7	5	3	6	19	14	0	5	7173091	1810	2357	1241	2216	9263	7013	7501	5032	
DHL	-26000	-26000	3	8	4	3	8	15	12	0	6	7149933	1810	2357	1241	2216	9263	7013	7501	5032	
DHL	-26200	-26200	3	8	6	4	9	14	11	0	7	7126689	1810	2357	1241	2216	9263	7013	7501	5032	
DHL	-26400	-26400	2	9	5	5	10	10	9	0	8	7103999	1810	2357	1241	2216	9263	7013	7501	5032	
DHL	-26600	-26600	2	8	4	6	7	10	12	0	8	7082599	1810	2357	1241	2216	9263	7013	7501	5032	
DHL	-26800	-26800	2	9	5	4	10	6	12	0	8	7061248	1810	2357	1241	2216	9263	7013	7501	5032	
DHL	-27000	-27000	3	5	4	5	10	8	10	0	7	7040707	1810	2357	1241	2216	9263	7013	7501	5032	
DHL	-27200	-27200	5	6	3	5	12	8	6	0	8	7021239	1810	2357	1241	2216	9263	7013	7501	5032	
DHL	-27400	-27400	5	8	3	6	11	10	4	0	7	7002846	1810	2357	1241	2216	9263	7013	7501	5032	
DHL	-27600	-27600	6	8	7	5	11	11	7	0	10	6983800	1810	2357	1241	2216	9263	7013	7501	5032	
DHL	-27800	-27800	3	6	6	5	7	11	8	0	10	6964653	1810	2357	1241	2216	9263	7013	7501	5032	
DHL	-28000	-28000	3	5	7	7	8	14	9	0	7	6945671	1810	2357	1241	2216	9263	7013	7501	5032	
DHL	-28200	-28200	1	4	8	9	10	16	10	0	5	6926950	1810	2357	1241	2216	9263	7013	7501	5032	
DHL	-28400	-28400	1	5	7	9	9	12	11	0	3	6906649	1810	2357	1241	2216	9263	7013	7501	5032	
DHL	-28600	-28600	0	3	4	7	10	12	14	0	4	6885554	1810	2357	1241	2216	9263	7013	7501	5032	
DHL	-28800	-28800	0	5	3	7	7	13	12	0	2	6864950	1810	2357	1241	2216	9263	7013	7501	5032	
DHL	-29000	-29000	1	6	2	4	9	15	10	0	6	6844966	1810	2357	1241	2216	9263	7013	7501	5032	
DHL	-29200	-29200	1	4	2	4	9	14	12	0	7	6825586	1810	2357	1241	2216	9263	7013	7501	5032	
DHL	-29400	-29400	4	5	3	3	11	15	10	0	7	6808339	1810	2357	1241	2216	9263	7013	7501	5032	
DHL	-29600	-29600	4	6	1	2	13	17	8	0	7	6793290	1810	2357	1241	2216	9263	7013	7501	5032	
DHL	-29800	-29800	3	6	1	4	12	20	7	0	8	6778508	1810	2357	1241	2216	9263	7013	7501	5032	
DHL	-30000	-30000	3	6	1	4	11	19	12	0	8	6763708	1810	2357	1241	2216	9263	7013	7501	5032	
DHL	-30200	-30200	1	6	2	5	12	15	11	0	9	6747247	1810	2357	1241	2216	9263	7013	7501	5032	
DHL	-30400	-30400	2	7	1	12	12	11	14	0	6	6729206	1810	2357	1241	2216	9263	7013	7501	5032	
DHL	-30600	-30600	3	5	1	9	11	9	13	0	7	6710500	1810	2357	1241	2216	9263	7013	7501	5032	
DHL	-30800	-30800	5	8	3	4	10	13	16	0	5	6692249	1810	2357	1241	2216	9263	7013	7501	5032	
DHL	-31000	-31000	5	12	2	4	11	10	18	0	5	6672956	1810	2357	1241	2216	9263	7013	7501	5032	
DHL	-31200	-31200	5	12	1	7	11	11	20	0	5	6654010	1810	2357	1241	2216	9263	7013	7501	5032	
DHL	-31400	-31400	1	11	1	5	12	10	15	0	6	6635821	1810	2357	1241	2216	9263	7013	7501	5032	
DHL	-31600	-31600	1	10	1	5	8	10	13	0	7	6618151	1810	2357	1241	2216	9263	7013	7501	5032	
DHL	-31800	-31800	1	6	2	3	9	12	15	0	5	6599879	1810	2357	1241	2216	9263	7013	7501	5032	
DHL	-32000	-32000	0	7	3	3	7	14	16	0	5	6579692	1810	2357	1241	2216	9263	7013	7501	5032	
DHL	-32200	-32200	1	8	3	5	6	14	16	0	3	6560224	1810	2357	1241	2216	9263	7013	7501	5032	
DHL	-32400	-32400	0	7	3	5	8	11	14	0	2	6540192	1810	2357	1241	2216	9263	7013	7501	5032	
DHL	-32600	-32600	0	8	4	3	8	13	14	0	3	6519308	1810	2357	1241	2216	9263	7013	7501	5032	
DHL	-32800	-32800	1	9	3	2	6	13	13	0	3	6498572	1810	2357	1241	2216	9263	7013	7501	5032	
DHL	-33000	-33000	2	9	4	1	7	12	12	0	4	6479756	1810	2357	1241	2216	9263	7013	7501	5032	
DHL	-33200	-33200	3	8	5	1	9	14	13	0	3	6462120	1810	2357	1241	2216	9263	7013	7501	5032	
DHL	-33400	-33400	3	11	4	3	8	14	10	0	3	6445705	1810	2357	1241	2216	9263	7013	7501	5032	
DHL	-33600	-33600	4	7	4	3	7	12	9	0	4	6429650	1810	2357	1241	2216	9263	7013	7501	5032	
DHL	-33800	-33800	3	7	3	3	5	10	7	0	4	6414353	1810	2357	1241	2216	9263	7013	7501	5032	
DHL	-34000	-34000	3	6	2	3	8	17	7	0	6	6398500	1810	2357	1241	2216	9263	7013	7501	5032	
DHL	-34200	-34200	4	6	2	4	7	16	6	0	6	6382842	1810	2357	1241	2216	9263	7013	7501	5032	
DHL	-34400	-34400	5	5	2	4	7	14	7	0	7	6368570	1810	2357	1241	2216	9263	7013	7501	5032	
DHL	-34600	-34600	8	3	2	3	9	13	11	0	6	6355253	1810	2357	1241	2216	9263	7013	7501	5032	
DHL	-34800	-34800	6	5	3	4	13	12	12	0	7	6341859	1810	2357	1241	2216	9263	7013	7501	5032	
DHL	-35000	-35000	5	7	2	4	13	15	10	0	7	6328616	1810	2357	1241	2216	9263	7013	7501	5032	
DHL	-35200	-35200	5	7	2	6	10	14	8	0	7	6314828	1810	2357	1241	2216	9263	7013	7501	5032	
DHL	-35400	-35400	5	7	3	7	9	10	9	0	7	6300682	1810	2357	1241	2216	9263	7013	7501	5032	
DHL	-35600	-35600	4	5	2	4	11	6	10	0	9	6285463	1810	2357	1241	2216	9263	7013	7501	5032	
DHL	-35800	-35800	2	5	3	2	7	6	15	0	7	6270052	1810	2357	1241	2216	9263	7013	7501	5032	
DHL	-36000	-36000	1	5	4	3	10	9	12	0	7	6253600	1810	2357	1241	2216	9263	7013	7501	5032	
DHL	-36200	-36200	4	3	3	2	9	8	13	0	6	6237542	1810	2357	1241	2216	9263	7013	7501	5032	
DHL	-36400	-36400	4	2	3	2	10	9	14	0	5	6222876	1810	2357	1241	2216	9263	7013	7501	5032	
DHL	-36600	-36600	5	3	3	1	11	9	19	0	5	6208768	1810	2357	1241	2216	9263	7013	7501	5032	
DHL	-36800	-36800	4	2	1	3	7	9	21	0	6	6194322	1810	2357	1241	2216	9263	7013	7501	5032	
DHL	-37000	-37000	2	3	1	5	9	10	13	0	5	6179921	1810	2357	1241	2216	9263	7013	7501	5032	
DHL	-37200	-37200	2	2	2	5	9	9	11	0	5	6167066	1810	2357	1241	2216	9263	7013	7501	5032	
DHL	-37400	-37400	1	2	2	4	8	9	11	0	5	6155100	1810	2357	1241	2216	9263	7013	7501	5032	
DHL	-37600	-37600	2	3	1	2	10	12	10	0	4	6142713	1810	2357	1241	2216	9263	7013	7501	5032	
DHL	-37800	-37800	3	1	1	1	11	10	10	0	4	6130370	1810	2357	1241	2216	9263	7013	7501	5032	
DHL	-38000	-38000	2	1	3	2	10	6	14	0	6	6117472	1810	2357	1241	2216	9263	7013	7501	5032	
DHL	-38200	-38200	2	2	2	1	9	8	14	0	6	6103617	1810	2357	1241	2216	9263	7013	7501	5032	
DHL	-38400	-38400	1	3	4	1	11	11	14	0	6	6088718	1810	2357	1241	2216	9263	7013	7501	5032	
DHL	-38600	-38600	1	4	3	1	11	11	14	0	7	6073948	1810	2357	1241	2216	9263	7013	7501	5032	
DHL	-38800	-38800	4	3	2	2	11	12	14	0	7	6058602	1810	2357	1241	2216	9263	7013	7501	5032	
DHL	-39000	-39000	5	3	2	0	9	14	18	0	8	6041465	1810	2357	1241	2216	9263	7013	7501	5032	
DHL	-39200	-39200	8	3	4	0	8	16	18	0	8	6025482	1810	2357	1241	2216	9263	7013	7501	5032	
DHL	-39400	-39400	5	6	4	1	7	12	15	0	7	6010677	1810	2357	1241	2216	9263	7013	7501	5032	
DHL	-39600	-39600	3	4	4	2	8	13	10	0	6	5996351	1810	2357	1241	2216	9263	7013	7501	5032	
DHL	-39800	-39800	4	3	3	1	11	10	11	0	7	5981848	1810	2357	1241	2216	9263	7013	7501	5032	
DHL	-40000	-40000	3	9	3	2	15	12	7	0	6	5967516	1810	2357	1241	2216	9263	7013	7501	5032	
DHL	-40200	-40200	1	5	1	6	11	10	8	0	5	5953238	1810	2357	1241	2216	9263	7013	7501	5032	
DHL	-40400	-40400	2	5	1	4	9	9	7	0	4	5939529	1810	2357	1241	2216	9263	7013	7501	5032	
DHL	-40600	-40600	3	3	1	4	10	9	8	0	3	5926181	1810	2357	1241	2216	9263	7013	7501	5032	
DHL	-40800	-40800	2	2	1	4	8	9	8	0	4	5912026	1810	2357	1241	2216	9263	7013	7501	5032	
DHL	-41000	-41000	4	2	1	4	8	9	9	0	4	5897660	1810	2357	1241	2216	9263	7013	7501	5032	
DHL	-41200	-41200	5	2	0	5	9	7	9	0	3	5883811	1810	2357	1241	2216	9263	7013	7501	5032	
DHL	-41400	-41400	4	3	0	3	10	5	8	0	6	5870579	1810	2357	1241	2216	9263	7013	7501	5032	
DHL	-41600	-41600	4	4	0	4	8	4	10	0	5	5856135	1810	2357	1241	2216	9263	7013	7501	5032	
DHL	-41800	-41800	2	2	1	3	6	4	9	0	6	5841709	1810	2357	1241	2216	9263	7013	7501	5032	
DHL	-42000	-42000	1	3	1	3	6	4	9	0	7	5828508	1810	2357	1241	2216	9263	7013	7501	5032	
DHL	-42200	-42200	2	3	1	3	5	7	10	0	7	5813225	1810	2357	1241	2216	9263	7013	7501	5032	
DHL	-42400	-42400	3	2	1	3	5	7	10	0	5	5798655	1810	2357	1241	2216	9263	7013	7501	5032	
DHL	-42600	-42600	3	6	2	5	5	9	10	0	5	5786270	1810	2357	1241	2216	9263	7013	7501	5032	
DHL	-42800	-42800	4	13	2	5	5	10	11	0	4	5774821	1810	2357	1241	2216	9263	7013	7501	5032	
DHL	-43000	-43000	4	6	2	6	10	17	12	0	5	5762847	1810	2357	1241	2216	9263	7013	7501	5032	
DHL	-43200	-43200	5	4	3	5	12	13	8	0	6	5750697	1810	2357	1241	2216	9263	7013	7501	5032	
DHL	-43400	-43400	2	6	2	6	10	12	5	0	6	5737716	1810	2357	1241	2216	9263	7013	7501	5032	
DHL	-43600	-43600	2	5	2	4	8	7	3	0	6	5723127	1810	2357	1241	2216	9263	7013	7501	5032	
DHL	-43800	-43800	1	4	2	3	10	12	5	0	6	5708655	1810	2357	1241	2216	9263	7013	7501	5032	
DHL	-44000	-44000	2	2	3	2	13	6	6	0	7	5694106	1810	2357	1241	2216	9263	7013	7501	5032	
DHL	-44200	-44200	2	2	2	1	12	8	8	0	6	5680142	1810	2357	1241	2216	9263	7013	7501	5032	
DHL	-44400	-44400	4	2	1	1	10	9	7	0	6	5666295	1810	2357	1241	2216	9263	7013	7501	5032	
DHL	-44600	-44600	4	7	0	0	9	7	6	0	6	5652618	1810	2357	1241	2216	9263	7013	7501	5032	
DHL	-44800	-44800	4	9	1	1	6	9	10	0	7	5638402	1810	2357	1241	2216	9263	7013	7501	5032	
DHL	-45000	-45000	6	6	2	3	7	11	8	0	7	5624716	1810	2357	1241	2216	9263	7013	7501	5032	
DHL	-45200	-45200	3	7	3	3	4	12	8	0	9	5610901	1810	2357	1241	2216	9263	7013	7501	5032	
DHL	-45400	-45400	5	7	2	2	6	8	9	0	5	5596092	1810	2357	1241	2216	9263	7013	7501	5032	
DHL	-45600	-45600	6	8	3	1	7	8	12	0	4	5580909	1810	2357	1241	2216	9263	7013	7501	5032	
DHL	-45800	-45800	7	9	0	1	9	13	10	0	3	5566272	1810	2357	1241	2216	9263	7013	7501	5032	
DHL	-46000	-46000	6	8	0	1	11	13	7	0	4	5550545	1810	2357	1241	2216	9263	7013	7501	5032	
DHL	-46200	-46200	5	8	0	1	11	11	7	0	4	5534086	1810	2357	1241	2216	9263	7013	7501	5032	
DHL	-46400	-46400	5	8	0	1	11	11	9	0	7	5518127	1810	2357	1241	2216	9263	7013	7501	5032	
DHL	-46600	-46600	4	9	0	2	11	12	10	0	8	5503224	1810	2357	1241	2216	9263	7013	7501	5032	
DHL	-46800	-46800	3	8	0	2	9	12	13	0	5	5489537	1810	2357	1241	2216	9263	7013	7501	5032	
DHL	-47000	-47000	3	9	2	3	10	10	10	0	6	5477146	1810	2357	1241	2216	9263	7013	7501	5032	
DHL	-47200	-47200	2	8	1	3	8	12	12	0	8	5464376	1810	2357	1241	2216	9263	7013	7501	5032	
DHL	-47400	-47400	3	9	2	3	10	12	14	0	7	5451330	1810	2357	1241	2216	9263	7013	7501	5032	
DHL	-47600	-47600	4	11	1	3	9	7	10	0	6	5439365	1810	2357	1241	2216	9263	7013	7501	5032	
DHL	-47800	-47800	5	10	1	6	7	6	9	0	5	5426887	1810	2357	1241	2216	9263	7013	7501	5032	
DHL	-48000	-48000	7	8	1	6	3	6	9	0	8	5414523	1810	2357	1241	2216	9263	7013	7501	5032	
DHL	-48200	-48200	5	9	1	6	5	6	7	0	7	5403219	1810	2357	1241	2216	9263	7013	7501	5032	
DHL	-48400	-48400	2	8	1	6	6	9	9	0	7	5391355	1810	2357	1241	2216	9263	7013	7501	5032	
DHL	-48600	-48600	2	8	1	7	4	9	10	0	9	5379081	1810	2357	1241	2216	9263	7013	7501	5032	
DHL	-48800	-48800	3	8	2	6	5	11	10	0	8	5366640	1810	2357	1241	2216	9263	7013	7501	5032	
DHL	-49000	-49000	4	6	3	7	3	7	7	0	8	5354607	1810	2357	1241	2216	9263	7013	7501	5032	
DHL	-49200	-49200	7	5	2	4	5	5	8	0	7	5342253	1810	2357	1241	2216	9263	7013	7501	5032	
DHL	-49400	-49400	7	3	1	4	4	7	8	0	6	5329248	1810	2357	1241	2216	9263	7013	7501	5032	
DHL	-49600	-49600	6	3	1	5	7	10	9	0	4	5316963	1810	2357	1241	2216	9263	7013	7501	5032	
DHL	-49800	-49800	5	4	1	3	8	14	8	0	2	5304665	1810	2357	1241	2216	9263	7013	7501	5032	
DHL	-50000	-50000	3	4	1	3	7	12	8	0	0	5292132	1810	2357	1241	2216	9263	7013	7501	5032	
DHL	-50200	-50200	3	4	1	4	8	12	8	0	0	5279777	1810	2357	1241	2216	9263	7013	7501	5032	
DHL	-50400	-50400	3	5	2	4	8	11	7	0	0	5267727	1810	2357	1241	2216	9263	7013	7501	5032	
DHL	-50600	-50600	2	3	3	5	10	8	7	0	1	5256316	1810	2357	1241	2216	9263	7013	7501	5032	
DHL	-50800	-50800	2	3	3	5	8	8	7	0	2	5245322	1810	2357	1241	2216	9263	7013	7501	5032	
DHL	-51000	-51000	4	5	3	5	12	10	11	0	4	5234686	1810	2357	1241	2216	9263	7013	7501	5032	
DHL	-51200	-51200	7	5	2	3	21	14	10	0	4	5223459	1810	2357	1241	2216	9263	7013	7501	5032	
DHL	-51400	-51400	9	6	1	4	24	12	11	0	3	5211572	1810	2357	1241	2216	9263	7013	7501	5032	
DHL	-51600	-51600	10	5	1	4	20	12	12	0	3	5198198	1810	2357	1241	2216	9263	7013	7501	5032	
DHL	-51800	-51800	7	3	2	3	22	8	11	0	5	5187321	1810	2357	1241	2216	9263	7013	7501	5032	
DHL	-52000	-52000	8	3	2	2	22	8	8	0	5	5176047	1810	2357	1241	2216	9263	7013	7501	5032	
DHL	-52200	-52200	7	4	2	2	23	7	7	0	4	5163243	1810	2357	1241	2216	9263	7013	7501	5032	
DHL	-52400	-52400	6	3	2	2	20	9	7	0	3	5150613	1810	2357	1241	2216	9263	7013	7501	5032	
DHL	-52600	-52600	5	6	3	2	14	9	8	0	3	5138372	1810	2357	1241	2216	9263	7013	7501	5032	
DHL	-52800	-52800	3	7	4	2	10	7	7	0	3	5125603	1810	2357	1241	2216	9263	7013	7501	5032	
DHL	-53000	-53000	1	6	4	3	10	10	7	0	3	5113188	1810	2357	1241	2216	9263	7013	7501	5032	
DHL	-53200	-53200	2	8	3	4	11	11	8	0	5	5101196	1810	2357	1241	2216	9263	7013	7501	5032	
DHL	-53400	-53400	5	6	4	4	14	9	8	0	6	5090216	1810	2357	1241	2216	9263	7013	7501	5032	
DHL	-53600	-53600	6	6	4	4	12	11	5	0	7	5080592	1810	2357	1241	2216	9263	7013	7501	5032	
DHL	-53800	-53800	5	7	2	3	10	9	8	0	8	5068735	1810	2357	1241	2216	9263	7013	7501	5032	
DHL	-54000	-54000	5	5	3	2	12	9	11	0	7	5056173	1810	2357	1241	2216	9263	7013	7501	5032	
DHL	-54200	-54200	4	3	4	3	11	12	9	0	8	5042444	1810	2357	1241	2216	9263	7013	7501	5032	
DHL	-54400	-54400	4	5	5	2	10	11	9	0	7	5029637	1810	2357	1241	2216	9263	7013	7501	5032	
DHL	-54600	-54600	5	6	3	3	10	9	9	0	6	5016977	1810	2357	1241	2216	9263	7013	7501	5032	
DHL	-54800	-54800	4	6	2	2	7	8	9	0	6	5004494	1810	2357	1241	2216	9263	7013	7501	5032	
DHL	-55000	-55000	2	4	1	3	8	9	10	0	7	4992134	1810	2357	1241	2216	9263	7013	7501	5032	
DHL	-55200	-55200	1	5	1	2	8	8	10	0	9	4981969	1810	2357	1241	2216	9263	7013	7501	5032	
DHL	-55400	-55400	4	5	1	3	10	8	9	0	8	4970829	1810	2357	1241	2216	9263	7013	7501	5032	
DHL	-55600	-55600	5	3	2	3	12	5	11	0	7	4960308	1810	2357	1241	2216	9263	7013	7501	5032	
DHL	-55800	-55800	8	4	3	1	8	7	9	0	7	4949710	1810	2357	1241	2216	9263	7013	7501	5032	
DHL	-56000	-56000	6	4	2	1	8	7	7	0	5	4938009	1810	2357	1241	2216	9263	7013	7501	5032	
DHL	-56200	-56200	3	5	2	1	5	6	11	0	3	4925904	1810	2357	1241	2216	9263	7013	7501	5032	
DHL	-56400	-56400	3	6	2	2	2	5	9	0	6	4912613	1810	2357	1241	2216	9263	7013	7501	5032	
DHL	-56600	-56600	1	6	1	2	5	6	11	0	7	4899788	1810	2357	1241	2216	9263	7013	7501	5032	
DHL	-56800	-56800	1	6	1	2	6	5	13	0	7	4888199	1810	2357	1241	2216	9263	7013	7501	5032	
DHL	-57000	-57000	2	5	1	2	7	6	13	0	8	4876083	1810	2357	1241	2216	9263	7013	7501	5032	
DHL	-57200	-57200	2	6	1	2	8	6	12	0	10	4862947	1810	2357	1241	2216	9263	7013	7501	5032	
DHL	-57400	-57400	2	5	0	2	8	9	14	0	14	4849784	1810	2357	1241	2216	9263	7013	7501	5032	
DHL	-57600	-57600	3	6	0	2	7	8	15	0	11	4838201	1810	2357	1241	2216	9263	7013	7501	5032	
DHL	-57800	-57800	3	7	1	1	6	6	14	0	6	4826079	1810	2357	1241	2216	9263	7013	7501	5032	
DHL	-58000	-58000	3	5	2	1	5	7	11	0	7	4813397	1810	2357	1241	2216	9263	7013	7501	5032	
DHL	-58200	-58200	2	4	3	1	2	10	9	0	3	4802153	1810	2357	1241	2216	9263	7013	7501	5032	
DHL	-58400	-58400	2	2	3	1	2	10	10	0	3	4790826	1810	2357	1241	2216	9263	7013	7501	5032	
DHL	-58600	-58600	2	3	3	1	2	11	7	0	2	4779556	1810	2357	1241	2216	9263	7013	7501	5032	
DHL	-58800	-58800	1	4	2	1	2	12	8	0	3	4768507	1810	2357	1241	2216	9263	7013	7501	5032	
DHL	-59000	-59000	1	3	2	1	5	11	7	0	3	4757451	1810	2357	1241	2216	9263	7013	7501	5032	
DHL	-59200	-59200	1	3	2	0	7	14	5	0	5	4747130	1810	2357	1241	2216	9263	7013	7501	5032	
DHL	-59400	-59400	2	3	2	0	8	10	5	0	6	4736699	1810	2357	1241	2216	9263	7013	7501	5032	
DHL	-59600	-59600	4	6	3	0	8	7	5	0	9	4724550	1810	2357	1241	2216	9263	7013	7501	5032	
DHL	-59800	-59800	5	8	2	0	7	5	5	0	7	4712129	1810	2357	1241	2216	9263	7013	7501	5032	
DHL	-60000	-60000	5	10	1	3	5	6	9	0	8	4699929	1810	2357	1241	2216	9263	7013	7501	5032	
DHL	-60200	-60200	7	7	2	4	9	10	13	0	8	4688838	1810	2357	1241	2216	9263	7013	7501	5032	
DHL	-60400	-60400	6	4	1	4	10	10	19	0	8	4679211	1810	2357	1241	2216	9263	7013	7501	5032	
DHL	-60600	-60600	10	8	1	3	9	12	19	0	8	4669534	1810	2357	1241	2216	9263	7013	7501	5032	
DHL	-60800	-60800	13	11	0	3	12	13	19	0	8	4660047	1810	2357	1241	2216	9263	7013	7501	5032	
DHL	-61000	-61000	11	11	0	4	12	14	20	0	5	4649721	1810	2357	1241	2216	9263	7013	7501	5032	
DHL	-61200	-61200	9	20	0	4	13	13	19	0	6	4639725	1810	2357	1241	2216	9263	7013	7501	5032	
DHL	-61400	-61400	8	22	1	4	13	12	20	0	5	4628994	1810	2357	1241	2216	9263	7013	7501	5032	
DHL	-61600	-61600	6	23	2	5	15	13	11	0	5	4616517	1810	2357	1241	2216	9263	7013	7501	5032	
DHL	-61800	-61800	6	24	2	5	19	14	14	0	5	4603922	1810	2357	1241	2216	9263	7013	7501	5032	
DHL	-62000	-62000	6	25	2	4	19	15	14	0	5	4591907	1810	2357	1241	2216	9263	7013	7501	5032	
DHL	-62200	-62200	7	29	2	4	21	15	13	0	4	4579974	1810	2357	1241	2216	9263	7013	7501	5032	
DHL	-62400	-62400	7	29	1	2	20	17	13	0	4	4568013	1810	2357	1241	2216	9263	7013	7501	5032	
DHL	-62600	-62600	7	30	0	3	21	21	12	0	3	4556305	1810	2357	1241	2216	9263	7013	7501	5032	
DHL	-62800	-62800	7	31	0	3	19	18	8	0	3	4544682	1810	2357	1241	2216	9263	7013	7501	5032	
DHL	-63000	-63000	6	33	1	3	21	19	11	0	5	4533034	1810	2357	1241	2216	9263	7013	7501	5032	
DHL	-63200	-63200	5	34	1	4	19	16	9	0	7	4521028	1810	2357	1241	2216	9263	7013	7501	5032	
DHL	-63400	-63400	5	34	0	3	13	14	9	0	7	4509213	1810	2357	1241	2216	9263	7013	7501	5032	
DHL	-63600	-63600	5	30	1	3	14	14	9	0	7	4498534	1810	2357	1241	2216	9263	7013	7501	5032	
DHL	-63800	-63800	4	28	1	3	16	15	7	0	6	4487932	1810	2357	1241	2216	9263	7013	7501	5032	
DHL	-64000	-64000	4	24	1	3	16	12	9	0	4	4478100	1810	2357	1241	2216	9263	7013	7501	5032	
DHL	-64200	-64200	4	20	1	1	11	14	5	0	4	4468205	1810	2357	1241	2216	9263	7013	7501	5032	
DHL	-64400	-64400	4	11	1	1	10	13	6	0	4	4458156	1810	2357	1241	2216	9263	7013	7501	5032	
DHL	-64600	-64600	3	8	2	1	9	12	6	0	4	4447963	1810	2357	1241	2216	9263	7013	7501	5032	
DHL	-64800	-64800	5	5	3	2	8	13	7	0	4	4437772	1810	2357	1241	2216	9263	7013	7501	5032	
DHL	-65000	-65000	4	5	3	2	6	17	8	0	3	4428791	1810	2357	1241	2216	9263	7013	7501	5032	
DHL	-65200	-65200	3	3	3	3	11	24	9	0	1	4420608	1810	2357	1241	2216	9263	7013	7501	5032	
DHL	-65400	-65400	4	0	2	2	11	20	11	0	2	4412773	1810	2357	1241	2216	9263	7013	7501	5032	
DHL	-65600	-65600	4	1	2	0	11	17	13	0	5	4405225	1810	2357	1241	2216	9263	7013	7501	5032	
DHL	-65800	-65800	4	1	2	1	14	7	11	0	5	4398077	1810	2357	1241	2216	9263	7013	7501	5032	
DHL	-66000	-66000	6	1	2	2	12	10	10	0	4	4391021	1810	2357	1241	2216	9263	7013	7501	5032	
DHL	-66200	-66200	6	1	2	4	10	15	7	0	3	4384014	1810	2357	1241	2216	9263	7013	7501	5032	
DHL	-66400	-66400	7	1	2	4	6	14	6	0	3	4376744	1810	2357	1241	2216	9263	7013	7501	5032	
DHL	-66600	-66600	5	2	3	3	7	10	8	0	4	4369481	1810	2357	1241	2216	9263	7013	7501	5032	
DHL	-66800	-66800	5	3	2	2	5	13	10	0	2	4361827	1810	2357	1241	2216	9263	7013	7501	5032	
DHL	-67000	-67000	4	3	2	3	2	8	12	0	1	4354083	1810	2357	1241	2216	9263	7013	7501	5032	
DHL	-67200	-67200	6	4	1	6	1	7	14	0	2	4345519	1810	2357	1241	2216	9263	7013	7501	5032	
DHL	-67400	-67400	6	3	1	4	2	3	14	0	2	4336448	1810	2357	1241	2216	9263	7013	7501	5032	
DHL	-67600	-67600	4	2	1	3	2	5	14	0	1	4327544	1810	2357	1241	2216	9263	7013	7501	5032	
DHL	-67800	-67800	5	2	1	2	5	7	9	0	1	4318722	1810	2357	1241	2216	9263	7013	7501	5032	
DHL	-68000	-68000	3	3	1	1	8	7	9	0	2	4310248	1810	2357	1241	2216	9263	7013	7501	5032	
DHL	-68200	-68200	4	1	1	2	11	5	7	0	0	4301208	1810	2357	1241	2216	9263	7013	7501	5032	
DHL	-68400	-68400	3	1	1	2	9	4	7	0	0	4290731	1810	2357	1241	2216	9263	7013	7501	5032	
DHL	-68600	-68600	4	0	2	4	9	5	4	0	0	4279078	1810	2357	1241	2216	9263	7013	7501	5032	
DHL	-68800	-68800	4	2	1	3	14	9	4	0	0	4268198	1810	2357	1241	2216	9263	7013	7501	5032	
DHL	-69000	-69000	4	1	1	4	14	8	5	0	0	4257212	1810	2357	1241	2216	9263	7013	7501	5032	
DHL	-69200	-69200	4	3	1	5	14	7	7	0	3	4247542	1810	2357	1241	2216	9263	7013	7501	5032	
DHL	-69400	-69400	3	5	1	6	14	6	6	0	2	4238452	1810	2357	1241	2216	9263	7013	7501	5032	
DHL	-69600	-69600	2	5	0	7	11	7	5	0	2	4230213	1810	2357	1241	2216	9263	7013	7501	5032	
DHL	-69800	-69800	3	5	0	5	8	4	5	0	2	4222753	1810	2357	1241	2216	9263	7013	7501	5032	
DHL	-70000	-70000	3	4	3	4	10	6	8	0	2	4214847	1810	2357	1241	2216	9263	7013	7501	5032	
DHL	-70200	-70200	1	4	1	4	8	9	7	0	2	4207308	1810	2357	1241	2216	9263	7013	7501	5032	
DHL	-70400	-70400	0	4	1	5	7	7	5	0	2	4199201	1810	2357	1241	2216	9263	7013	7501	5032	
DHL	-70600	-70600	0	3	1	5	5	6	9	0	2	4192445	1810	2357	1241	2216	9263	7013	7501	5032	
DHL	-70800	-70800	0	4	1	6	6	6	9	0	3	4185193	1810	2357	1241	2216	9263	7013	7501	5032	
DHL	-71000	-71000	0	3	0	10	5	5	9	0	4	4178594	1810	2357	1241	2216	9263	7013	7501	5032	
DHL	-71200	-71200	1	3	1	7	5	10	11	0	6	4172415	1810	2357	1241	2216	9263	7013	7501	5032	
DHL	-71400	-71400	3	5	1	8	5	8	9	0	6	4165550	1810	2357	1241	2216	9263	7013	7501	5032	
DHL	-71600	-71600	2	5	2	6	6	7	11	0	8	4158990	1810	2357	1241	2216	9263	7013	7501	5032	
DHL	-71800	-71800	3	4	2	6	7	5	11	0	9	4151724	1810	2357	1241	2216	9263	7013	7501	5032	
DHL	-72000	-72000	4	6	2	6	5	7	7	0	9	4144033	1810	2357	1241	2216	9263	7013	7501	5032	
DHL	-72200	-72200	3	6	1	5	4	8	6	0	8	4135888	1810	2357	1241	2216	9263	7013	7501	5032	
DHL	-72400	-72400	2	5	1	6	7	8	6	0	7	4128556	1810	2357	1241	2216	9263	7013	7501	5032	
DHL	-72600	-72600	2	5	1	5	6	5	6	0	7	4120518	1810	2357	1241	2216	9263	7013	7501	5032	
DHL	-72800	-72800	4	6	1	4	5	5	7	0	6	4112309	1810	2357	1241	2216	9263	7013	7501	5032	
DHL	-73000	-73000	4	4	1	6	7	7	7	0	7	4103059	1810	2357	1241	2216	9263	7013	7501	5032	
DHL	-73200	-73200	3	5	1	8	7	8	6	0	6	4094681	1810	2357	1241	2216	9263	7013	7501	5032	
DHL	-73400	-73400	3	3	0	6	9	8	7	0	6	4085748	1810	2357	1241	2216	9263	7013	7501	5032	
DHL	-73600	-73600	4	3	0	4	7	8	6	0	5	4076332	1810	2357	1241	2216	9263	7013	7501	5032	
DHL	-73800	-73800	5	2	0	5	5	7	8	0	5	4068215	1810	2357	1241	2216	9263	7013	7501	5032	
DHL	-74000	-74000	4	4	0	4	4	7	8	0	6	4060003	1810	2357	1241	2216	9263	7013	7501	5032	
DHL	-74200	-74200	4	6	0	3	5	7	7	0	7	4051986	1810	2357	1241	2216	9263	7013	7501	5032	
DHL	-74400	-74400	5	3	1	4	8	6	4	0	6	4043616	1810	2357	1241	2216	9263	7013	7501	5032	
DHL	-74600	-74600	4	4	1	3	13	7	3	0	6	4035432	1810	2357	1241	2216	9263	7013	7501	5032	
DHL	-74800	-74800	2	5	0	3	11	6	4	0	4	4028225	1810	2357	1241	2216	9263	7013	7501	5032	
DHL	-75000	-75000	2	6	0	3	8	10	4	0	1	4021172	1810	2357	1241	2216	9263	7013	7501	5032	
DHL	-75200	-75200	3	7	0	2	5	12	4	0	2	4013765	1810	2357	1241	2216	9263	7013	7501	5032	
DHL	-75400	-75400	6	5	0	2	8	14	5	0	1	4006670	1810	2357	1241	2216	9263	7013	7501	5032	
DHL	-75600	-75600	7	4	0	2	10	12	6	0	1	3999397	1810	2357	1241	2216	9263	7013	7501	5032	
DHL	-75800	-75800	5	3	0	2	9	12	6	0	2	3991117	1810	2357	1241	2216	9263	7013	7501	5032	
DHL	-76000	-76000	2	4	0	2	6	9	5	0	1	3983539	1810	2357	1241	2216	9263	7013	7501	5032	
DHL	-76200	-76200	0	5	0	1	6	6	5	0	1	3976744	1810	2357	1241	2216	9263	7013	7501	5032	
DHL	-76400	-76400	0	5	0	1	4	7	6	0	2	3969452	1810	2357	1241	2216	9263	7013	7501	5032	
DHL	-76600	-76600	0	2	0	1	3	4	6	0	3	3963059	1810	2357	1241	2216	9263	7013	7501	5032	
DHL	-76800	-76800	1	1	1	2	5	5	6	0	2	3959066	1810	2357	1241	2216	9263	7013	7501	5032	
DHL	-77000	-77000	0	3	1	1	5	4	5	0	1	3951394	1810	2357	1241	2216	9263	7013	7501	5032	
DHL	-77200	-77200	1	9	1	1	3	5	4	0	1	3942811	1810	2357	1241	2216	9263	7013	7501	5032	
DHL	-77400	-77400	2	9	1	1	4	7	3	0	4	3936050	1810	2357	1241	2216	9263	7013	7501	5032	
DHL	-77600	-77600	4	10	1	1	5	6	4	0	3	3929384	1810	2357	1241	2216	9263	7013	7501	5032	
DHL	-77800	-77800	4	11	0	1	5	6	4	0	4	3922779	1810	2357	1241	2216	9263	7013	7501	5032	
DHL	-78000	-78000	5	4	1	1	7	4	6	0	4	3916335	1810	2357	1241	2216	9263	7013	7501	5032	
DHL	-78200	-78200	4	3	1	0	8	3	6	0	5	3911404	1810	2357	1241	2216	9263	7013	7501	5032	
DHL	-78400	-78400	4	3	1	0	8	5	5	0	3	3905222	1810	2357	1241	2216	9263	7013	7501	5032	
DHL	-78600	-78600	4	2	1	0	7	6	5	0	1	3899674	1810	2357	1241	2216	9263	7013	7501	5032	
DHL	-78800	-78800	4	2	1	0	8	3	8	0	1	3893894	1810	2357	1241	2216	9263	7013	7501	5032	
DHL	-79000	-79000	3	0	2	0	10	6	6	0	3	3888043	1810	2357	1241	2216	9263	7013	7501	5032	
DHL	-79200	-79200	3	0	1	1	7	6	6	0	3	3881810	1810	2357	1241	2216	9263	7013	7501	5032	
DHL	-79400	-79400	1	1	1	1	5	5	6	0	2	3876555	1810	2357	1241	2216	9263	7013	7501	5032	
DHL	-79600	-79600	2	1	0	3	5	4	7	0	2	3869262	1810	2357	1241	2216	9263	7013	7501	5032	
DHL	-79800	-79800	2	2	2	2	4	5	7	0	2	3862006	1810	2357	1241	2216	9263	7013	7501	5032	
DHL	-80000	-80000	2	2	2	3	5	5	8	0	1	3855313	1810	2357	1241	2216	9263	7013	7501	5032	
DHL	-80200	-80200	3	2	2	1	3	3	9	0	1	3848756	1810	2357	1241	2216	9263	7013	7501	5032	
DHL	-80400	-80400	2	2	3	2	4	5	12	0	1	3843065	1810	2357	1241	2216	9263	7013	7501	5032	
DHL	-80600	-80600	1	3	2	4	4	5	10	0	3	3837271	1810	2357	1241	2216	9263	7013	7501	5032	
DHL	-80800	-80800	1	3	2	3	5	7	7	0	4	3830897	1810	2357	1241	2216	9263	7013	7501	5032	
DHL	-81000	-81000	1	2	0	4	7	5	7	0	4	3823038	1810	2357	1241	2216	9263	7013	7501	5032	
DHL	-81200	-81200	0	4	2	4	5	4	6	0	4	3814527	1810	2357	1241	2216	9263	7013	7501	5032	
DHL	-81400	-81400	1	4	2	2	10	5	8	0	5	3806398	1810	2357	1241	2216	9263	7013	7501	5032	
DHL	-81600	-81600	1	2	2	2	7	4	11	0	6	3798875	1810	2357	1241	2216	9263	7013	7501	5032	
DHL	-81800	-81800	2	2	1	3	7	4	11	0	7	3791916	1810	2357	1241	2216	9263	7013	7501	5032	
DHL	-82000	-82000	2	2	1	3	9	4	11	0	7	3785647	1810	2357	1241	2216	9263	7013	7501	5032	
DHL	-82200	-82200	1	2	1	3	8	4	10	0	7	3778026	1810	2357	1241	2216	9263	7013	7501	5032	
DHL	-82400	-82400	1	3	1	2	6	2	9	0	7	3769668	1810	2357	1241	2216	9263	7013	7501	5032	
DHL	-82600	-82600	2	4	1	2	8	6	9	0	6	3762464	1810	2357	1241	2216	9263	7013	7501	5032	
DHL	-82800	-82800	2	3	1	2	6	9	9	0	5	3756572	1810	2357	1241	2216	9263	7013	7501	5032	
DHL	-83000	-83000	2	2	1	4	8	9	5	0	5	3750703	1810	2357	1241	2216	9263	7013	7501	5032	
DHL	-83200	-83200	1	2	0	4	8	10	2	0	5	3745064	1810	2357	1241	2216	9263	7013	7501	5032	
DHL	-83400	-83400	2	3	2	3	7	11	3	0	5	3739061	1810	2357	1241	2216	9263	7013	7501	5032	
DHL	-83600	-83600	2	4	2	2	8	11	3	0	4	3732814	1810	2357	1241	2216	9263	7013	7501	5032	
DHL	-83800	-83800	3	3	3	2	9	10	6	0	4	3725921	1810	2357	1241	2216	9263	7013	7501	5032	
DHL	-84000	-84000	2	1	5	2	7	11	5	0	2	3720087	1810	2357	1241	2216	9263	7013	7501	5032	
DHL	-84200	-84200	2	2	4	2	3	13	4	0	1	3714459	1810	2357	1241	2216	9263	7013	7501	5032	
DHL	-84400	-84400	2	3	4	2	4	12	6	0	3	3708494	1810	2357	1241	2216	9263	7013	7501	5032	
DHL	-84600	-84600	2	2	2	2	2	6	9	0	2	3702869	1810	2357	1241	2216	9263	7013	7501	5032	
DHL	-84800	-84800	2	2	1	2	2	6	11	0	1	3696685	1810	2357	1241	2216	9263	7013	7501	5032	
DHL	-85000	-85000	2	1	1	5	4	7	13	0	1	3690652	1810	2357	1241	2216	9263	7013	7501	5032	
DHL	-85200	-85200	1	1	1	4	6	6	13	0	2	3685085	1810	2357	1241	2216	9263	7013	7501	5032	
DHL	-85400	-85400	0	3	1	4	5	5	15	0	3	3678875	1810	2357	1241	2216	9263	7013	7501	5032	
DHL	-85600	-85600	0	2	1	5	5	5	14	0	2	3672762	1810	2357	1241	2216	9263	7013	7501	5032	
DHL	-85800	-85800	0	2	1	6	7	6	10	0	3	3667180	1810	2357	1241	2216	9263	7013	7501	5032	
DHL	-86000	-86000	1	2	2	4	7	5	8	0	5	3661393	1810	2357	1241	2216	9263	7013	7501	5032	
DHL	-86200	-86200	1	2	2	5	7	5	8	0	5	3655382	1810	2357	1241	2216	9263	7013	7501	5032	
DHL	-86400	-86400	4	3	2	4	8	6	8	0	6	3648785	1810	2357	1241	2216	9263	7013	7501	5032	
DHL	-86600	-86600	4	2	0	2	8	6	5	0	5	3640516	1810	2357	1241	2216	9263	7013	7501	5032	
DHL	-86800	-86800	5	3	0	3	8	7	4	0	5	3631605	1810	2357	1241	2216	9263	7013	7501	5032	
DHL	-87000	-87000	4	5	0	4	10	12	5	0	6	3621271	1810	2357	1241	2216	9263	7013	7501	5032	
DHL	-87200	-87200	5	5	0	4	8	12	6	0	4	3611732	1810	2357	1241	2216	9263	7013	7501	5032	
DHL	-87400	-87400	2	5	0	4	7	12	7	0	3	3603031	1810	2357	1241	2216	9263	7013	7501	5032	
DHL	-87600	-87600	2	2	1	2	7	11	9	0	4	3594229	1810	2357	1241	2216	9263	7013	7501	5032	
DHL	-87800	-87800	2	2	1	1	6	11	9	0	5	3586202	1810	2357	1241	2216	9263	7013	7501	5032	
DHL	-88000	-88000	2	2	1	1	5	11	10	0	6	3578737	1810	2357	1241	2216	9263	7013	7501	5032	
DHL	-88200	-88200	2	2	1	1	6	12	9	0	4	3571140	1810	2357	1241	2216	9263	7013	7501	5032	
DHL	-88400	-88400	1	3	1	1	6	10	7	0	4	3563298	1810	2357	1241	2216	9263	7013	7501	5032	
DHL	-88600	-88600	3	6	1	2	5	8	6	0	5	3554900	1810	2357	1241	2216	9263	7013	7501	5032	
DHL	-88800	-88800	3	6	2	2	4	8	6	0	4	3546201	1810	2357	1241	2216	9263	7013	7501	5032	
DHL	-89000	-89000	3	6	2	3	4	7	8	0	4	3538290	1810	2357	1241	2216	9263	7013	7501	5032	
DHL	-89200	-89200	3	7	2	5	6	7	10	0	2	3531104	1810	2357	1241	2216	9263	7013	7501	5032	
DHL	-89400	-89400	3	7	2	4	3	6	4	0	2	3523600	1810	2357	1241	2216	9263	7013	7501	5032	
DHL	-89600	-89600	3	6	2	3	4	5	4	0	1	3515795	1810	2357	1241	2216	9263	7013	7501	5032	
DHL	-89800	-89800	3	5	1	2	3	6	7	0	2	3507907	1810	2357	1241	2216	9263	7013	7501	5032	
DHL	-90000	-90000	3	5	1	1	2	6	8	0	3	3499341	1810	2357	1241	2216	9263	7013	7501	5032	
DHL	-90200	-90200	3	5	0	1	1	8	8	0	2	3490512	1810	2357	1241	2216	9263	7013	7501	5032	
DHL	-90400	-90400	4	4	1	3	1	9	7	0	1	3481944	1810	2357	1241	2216	9263	7013	7501	5032	
DHL	-90600	-90600	3	4	1	1	3	8	6	0	1	3473909	1810	2357	1241	2216	9263	7013	7501	5032	
DHL	-90800	-90800	4	5	1	2	4	11	6	0	3	3466293	1810	2357	1241	2216	9263	7013	7501	5032	
DHL	-91000	-91000	2	5	1	2	6	10	6	0	5	3458956	1810	2357	1241	2216	9263	7013	7501	5032	
DHL	-91200	-91200	2	5	1	2	7	7	6	0	6	3452564	1810	2357	1241	2216	9263	7013	7501	5032	
DHL	-91400	-91400	2	3	0	2	7	7	7	0	6	3446990	1810	2357	1241	2216	9263	7013	7501	5032	
DHL	-91600	-91600	1	3	0	2	10	7	7	0	7	3442009	1810	2357	1241	2216	9263	7013	7501	5032	
DHL	-91800	-91800	2	3	0	3	7	8	5	0	6	3437008	1810	2357	1241	2216	9263	7013	7501	5032	
DHL	-92000	-92000	3	3	0	4	8	8	4	0	5	3432025	1810	2357	1241	2216	9263	7013	7501	5032	
DHL	-92200	-92200	1	4	0	5	8	7	3	0	3	3427593	1810	2357	1241	2216	9263	7013	7501	5032	
DHL	-92400	-92400	0	2	0	5	10	7	3	0	3	3423159	1810	2357	1241	2216	9263	7013	7501	5032	
DHL	-92600	-92600	0	3	0	3	10	5	4	0	4	3418815	1810	2357	1241	2216	9263	7013	7501	5032	
DHL	-92800	-92800	0	2	0	3	9	6	3	0	2	3413802	1810	2357	1241	2216	9263	7013	7501	5032	
DHL	-93000	-93000	0	1	1	2	10	5	6	0	1	3409008	1810	2357	1241	2216	9263	7013	7501	5032	
DHL	-93200	-93200	1	2	1	4	10	6	7	0	1	3402602	1810	2357	1241	2216	9263	7013	7501	5032	
DHL	-93400	-93400	0	2	1	5	10	8	6	0	2	3395317	1810	2357	1241	2216	9263	7013	7501	5032	
DHL	-93600	-93600	1	2	0	5	12	6	7	0	0	3387308	1810	2357	1241	2216	9263	7013	7501	5032	
DHL	-93800	-93800	3	3	0	6	9	8	7	0	1	3379585	1810	2357	1241	2216	9263	7013	7501	5032	
DHL	-94000	-94000	4	3	0	4	8	8	6	0	1	3372642	1810	2357	1241	2216	9263	7013	7501	5032	
DHL	-94200	-94200	4	3	1	5	6	7	6	0	2	3365795	1810	2357	1241	2216	9263	7013	7501	5032	
DHL	-94400	-94400	4	2	1	3	2	7	7	0	3	3359621	1810	2357	1241	2216	9263	7013	7501	5032	
DHL	-94600	-94600	4	2	1	3	1	8	5	0	2	3353295	1810	2357	1241	2216	9263	7013	7501	5032	
DHL	-94800	-94800	4	2	0	4	2	10	5	0	2	3347003	1810	2357	1241	2216	9263	7013	7501	5032	
DHL	-95000	-95000	2	3	0	3	4	8	3	0	2	3340450	1810	2357	1241	2216	9263	7013	7501	5032	
DHL	-95200	-95200	3	3	1	3	4	4	1	0	1	3333103	1810	2357	1241	2216	9263	7013	7501	5032	
DHL	-95400	-95400	4	2	1	3	6	2	1	0	0	3324780	1810	2357	1241	2216	9263	7013	7501	5032	
DHL	-95600	-95600	4	1	1	2	6	0	2	0	0	3317094	1810	2357	1241	2216	9263	7013	7501	5032	
DHL	-95800	-95800	3	1	1	1	4	2	3	0	0	3310204	1810	2357	1241	2216	9263	7013	7501	5032	
DHL	-96000	-96000	4	1	1	1	4	6	7	0	1	3304028	1810	2357	1241	2216	9263	7013	7501	5032	
DHL	-96200	-96200	2	2	2	1	4	6	8	0	1	3297397	1810	2357	1241	2216	9263	7013	7501	5032	
DHL	-96400	-96400	2	3	2	2	7	7	7	0	2	3291192	1810	2357	1241	2216	9263	7013	7501	5032	
DHL	-96600	-96600	1	6	0	1	9	9	6	0	2	3285163	1810	2357	1241	2216	9263	7013	7501	5032	
DHL	-96800	-96800	1	6	1	1	7	7	7	0	4	3279887	1810	2357	1241	2216	9263	7013	7501	5032	
DHL	-97000	-97000	1	5	1	1	9	5	6	0	3	3274439	1810	2357	1241	2216	9263	7013	7501	5032	
DHL	-97200	-97200	1	5	2	0	3	5	6	0	2	3268674	1810	2357	1241	2216	9263	7013	7501	5032	
DHL	-97400	-97400	1	5	2	1	5	7	9	0	1	3263631	1810	2357	1241	2216	9263	7013	7501	5032	
DHL	-97600	-97600	0	4	3	1	5	5	6	0	1	3258909	1810	2357	1241	2216	9263	7013	7501	5032	
DHL	-97800	-97800	0	3	2	1	6	9	7	0	1	3253520	1810	2357	1241	2216	9263	7013	7501	5032	
DHL	-98000	-98000	0	1	2	4	8	10	9	0	0	3247895	1810	2357	1241	2216	9263	7013	7501	5032	
DHL	-98200	-98200	0	0	1	5	7	8	9	0	0	3242334	1810	2357	1241	2216	9263	7013	7501	5032	
DHL	-98400	-98400	0	1	1	5	6	7	9	0	1	3236054	1810	2357	1241	2216	9263	7013	7501	5032	
DHL	-98600	-98600	0	1	0	6	7	6	5	0	2	3229759	1810	2357	1241	2216	9263	7013	7501	5032	
DHL	-98800	-98800	1	0	0	5	8	5	4	0	2	3222905	1810	2357	1241	2216	9263	7013	7501	5032	
DHL	-99000	-99000	1	0	0	5	6	6	4	0	2	3216420	1810	2357	1241	2216	9263	7013	7501	5032	
DHL	-99200	-99200	0	1	0	5	6	6	2	0	3	3210227	1810	2357	1241	2216	9263	7013	7501	5032	
DHL	-99400	-99400	2	2	0	5	5	5	5	0	3	3203239	1810	2357	1241	2216	9263	7013	7501	5032	
DHL	-99600	-99600	1	3	1	4	5	6	3	0	3	3196993	1810	2357	1241	2216	9263	7013	7501	5032	
DHL	-99800	-99800	1	2	2	5	6	7	4	0	5	3190867	1810	2357	1241	2216	9263	7013	7501	5032	
DHL	-100000	-100000	1	2	1	4	5	6	7	0	4	3185339	1810	2357	1241	2216	9263	7013	7501	5032	
