DHL	0	0	37	78	6	20	63	81	33	0	24	19068500	2244	2253	1119	2143	9003	7950	6980	4755	
DHL	-20	-20	36	75	4	19	54	77	31	0	18	17769387	2244	2253	1119	2143	9003	7950	6980	4755	
DHL	-40	-40	36	75	4	19	53	76	32	0	16	17684181	2244	2253	1119	2143	9003	7950	6980	4755	
DHL	-60	-60	34	74	4	19	52	77	34	0	15	17608214	2244	2253	1119	2143	9003	7950	6980	4755	
DHL	-80	-80	35	74	4	18	52	70	34	0	17	17541151	2244	2253	1119	2143	9003	7950	6980	4755	
DHL	-100	-100	35	66	4	19	52	70	34	0	21	17482201	2244	2253	1119	2143	9003	7950	6980	4755	
DHL	-120	-120	35	64	4	17	56	67	36	0	22	17431785	2244	2253	1119	2143	9003	7950	6980	4755	
DHL	-140	-140	38	60	4	17	59	65	39	0	22	17389548	2244	2253	1119	2143	9003	7950	6980	4755	
DHL	-160	-160	36	59	4	16	57	61	40	0	24	17354772	2244	2253	1119	2143	9003	7950	6980	4755	
DHL	-180	-180	37	61	4	15	56	58	39	0	23	17324855	2244	2253	1119	2143	9003	7950	6980	4755	
DHL	-200	-200	35	67	4	17	57	58	43	0	21	17299388	2244	2253	1119	2143	9003	7950	6980	4755	
DHL	-220	-220	34	69	4	17	53	60	44	0	20	17277390	2244	2253	1119	2143	9003	7950	6980	4755	
DHL	-240	-240	31	71	5	18	53	60	47	0	22	17258807	2244	2253	1119	2143	9003	7950	6980	4755	
DHL	-260	-260	31	68	5	20	51	59	50	0	21	17243780	2244	2253	1119	2143	9003	7950	6980	4755	
DHL	-280	-280	30	65	6	20	49	58	50	0	21	17237292	2244	2253	1119	2143	9003	7950	6980	4755	
DHL	-300	-300	28	64	5	20	50	60	50	0	22	17244664	2244	2253	1119	2143	9003	7950	6980	4755	
DHL	-320	-320	27	62	5	19	52	62	51	0	21	17267106	2244	2253	1119	2143	9003	7950	6980	4755	
DHL	-340	-340	29	64	5	22	55	63	49	0	20	17301554	2244	2253	1119	2143	9003	7950	6980	4755	
DHL	-360	-360	29	61	5	20	58	65	52	0	20	17344028	2244	2253	1119	2143	9003	7950	6980	4755	
DHL	-380	-380	28	67	4	22	62	67	53	0	20	17392058	2244	2253	1119	2143	9003	7950	6980	4755	
DHL	-400	-400	27	68	3	24	64	69	55	0	20	17444208	2244	2253	1119	2143	9003	7950	6980	4755	
DHL	-420	-420	30	67	3	25	65	68	56	0	20	17499929	2244	2253	1119	2143	9003	7950	6980	4755	
DHL	-440	-440	30	67	4	25	66	67	55	0	20	17558054	2244	2253	1119	2143	9003	7950	6980	4755	
DHL	-460	-460	32	66	5	24	68	66	55	0	20	17617970	2244	2253	1119	2143	9003	7950	6980	4755	
DHL	-480	-480	32	70	5	26	70	67	54	0	20	17678873	2244	2253	1119	2143	9003	7950	6980	4755	
DHL	-500	-500	33	71	5	25	71	67	53	0	19	17739817	2244	2253	1119	2143	9003	7950	6980	4755	
DHL	-520	-520	32	72	5	24	74	64	56	0	17	17799323	2244	2253	1119	2143	9003	7950	6980	4755	
DHL	-540	-540	31	70	5	25	74	60	54	0	21	17855369	2244	2253	1119	2143	9003	7950	6980	4755	
DHL	-560	-560	32	69	5	26	72	61	53	0	21	17905883	2244	2253	1119	2143	9003	7950	6980	4755	
DHL	-580	-580	31	68	6	30	70	62	52	0	19	17950280	2244	2253	1119	2143	9003	7950	6980	4755	
DHL	-600	-600	30	66	6	28	71	64	52	0	17	17988499	2244	2253	1119	2143	9003	7950	6980	4755	
DHL	-620	-620	29	67	6	28	66	65	51	0	17	18019678	2244	2253	1119	2143	9003	7950	6980	4755	
DHL	-640	-640	27	65	6	29	61	68	49	0	16	18045019	2244	2253	1119	2143	9003	7950	6980	4755	
DHL	-660	-660	29	65	6	28	64	71	46	0	14	18064771	2244	2253	1119	2143	9003	7950	6980	4755	
DHL	-680	-680	29	65	6	28	67	75	51	0	16	18080630	2244	2253	1119	2143	9003	7950	6980	4755	
DHL	-700	-700	29	62	7	27	63	74	47	0	16	18093191	2244	2253	1119	2143	9003	7950	6980	4755	
DHL	-720	-720	31	61	9	25	65	73	48	0	18	18103339	2244	2253	1119	2143	9003	7950	6980	4755	
DHL	-740	-740	31	58	9	23	64	78	46	0	17	18111068	2244	2253	1119	2143	9003	7950	6980	4755	
DHL	-760	-760	30	54	10	21	65	79	45	0	17	18116860	2244	2253	1119	2143	9003	7950	6980	4755	
DHL	-780	-780	29	53	9	23	61	77	44	0	18	18120989	2244	2253	1119	2143	9003	7950	6980	4755	
DHL	-800	-800	29	55	8	23	59	76	45	0	18	18123388	2244	2253	1119	2143	9003	7950	6980	4755	
DHL	-820	-820	28	54	8	24	59	75	48	0	17	18124336	2244	2253	1119	2143	9003	7950	6980	4755	
DHL	-840	-840	27	52	9	21	56	77	48	0	17	18123868	2244	2253	1119	2143	9003	7950	6980	4755	
DHL	-860	-860	28	53	9	21	53	74	44	0	17	18122179	2244	2253	1119	2143	9003	7950	6980	4755	
DHL	-880	-880	32	47	9	20	52	74	45	0	17	18119936	2244	2253	1119	2143	9003	7950	6980	4755	
DHL	-900	-900	33	46	9	19	51	72	44	0	17	18117447	2244	2253	1119	2143	9003	7950	6980	4755	
DHL	-920	-920	32	47	9	18	52	73	42	0	17	18114438	2244	2253	1119	2143	9003	7950	6980	4755	
DHL	-940	-940	30	44	9	18	56	72	44	0	17	18111035	2244	2253	1119	2143	9003	7950	6980	4755	
DHL	-960	-960	29	44	8	19	52	73	43	0	16	18106826	2244	2253	1119	2143	9003	7950	6980	4755	
DHL	-980	-980	28	41	8	17	49	69	45	0	16	18102315	2244	2253	1119	2143	9003	7950	6980	4755	
DHL	-1000	-1000	27	40	8	16	51	73	46	0	16	18098030	2244	2253	1119	2143	9003	7950	6980	4755	
DHL	-1020	-1020	27	46	8	17	48	79	42	0	17	18093878	2244	2253	1119	2143	9003	7950	6980	4755	
DHL	-1040	-1040	28	49	8	16	47	83	42	0	16	18089649	2244	2253	1119	2143	9003	7950	6980	4755	
DHL	-1060	-1060	26	51	9	16	46	83	42	0	17	18085635	2244	2253	1119	2143	9003	7950	6980	4755	
DHL	-1080	-1080	27	49	8	13	47	82	46	0	18	18081643	2244	2253	1119	2143	9003	7950	6980	4755	
DHL	-1100	-1100	27	50	8	13	46	80	46	0	18	18077558	2244	2253	1119	2143	9003	7950	6980	4755	
DHL	-1120	-1120	29	49	8	15	46	85	47	0	17	18073304	2244	2253	1119	2143	9003	7950	6980	4755	
DHL	-1140	-1140	30	49	8	14	45	82	46	0	17	18069213	2244	2253	1119	2143	9003	7950	6980	4755	
DHL	-1160	-1160	30	49	9	15	44	80	48	0	17	18065258	2244	2253	1119	2143	9003	7950	6980	4755	
DHL	-1180	-1180	32	52	9	18	42	80	49	0	16	18061227	2244	2253	1119	2143	9003	7950	6980	4755	
DHL	-1200	-1200	32	48	9	16	43	78	51	0	17	18056899	2244	2253	1119	2143	9003	7950	6980	4755	
DHL	-1220	-1220	30	47	8	19	41	77	52	0	17	18052453	2244	2253	1119	2143	9003	7950	6980	4755	
DHL	-1240	-1240	30	48	8	20	40	73	52	0	16	18047958	2244	2253	1119	2143	9003	7950	6980	4755	
DHL	-1260	-1260	31	49	7	20	38	71	54	0	16	18043436	2244	2253	1119	2143	9003	7950	6980	4755	
DHL	-1280	-1280	35	48	7	19	41	72	54	0	14	18038998	2244	2253	1119	2143	9003	7950	6980	4755	
DHL	-1300	-1300	37	49	8	18	42	72	52	0	13	18034814	2244	2253	1119	2143	9003	7950	6980	4755	
DHL	-1320	-1320	39	49	8	17	43	78	50	0	14	18030532	2244	2253	1119	2143	9003	7950	6980	4755	
DHL	-1340	-1340	42	46	8	17	45	77	51	0	16	18026463	2244	2253	1119	2143	9003	7950	6980	4755	
DHL	-1360	-1360	41	47	8	18	47	75	51	0	16	18022630	2244	2253	1119	2143	9003	7950	6980	4755	
DHL	-1380	-1380	40	47	8	17	45	70	50	0	16	18018723	2244	2253	1119	2143	9003	7950	6980	4755	
DHL	-1400	-1400	42	48	8	16	46	71	52	0	18	18014411	2244	2253	1119	2143	9003	7950	6980	4755	
DHL	-1420	-1420	41	47	8	16	45	69	54	0	18	18009861	2244	2253	1119	2143	9003	7950	6980	4755	
DHL	-1440	-1440	41	47	7	18	43	69	52	0	19	18005218	2244	2253	1119	2143	9003	7950	6980	4755	
DHL	-1460	-1460	40	48	7	17	43	67	51	0	21	18000379	2244	2253	1119	2143	9003	7950	6980	4755	
DHL	-1480	-1480	39	46	7	17	43	68	49	0	23	17995390	2244	2253	1119	2143	9003	7950	6980	4755	
DHL	-1500	-1500	40	46	8	17	40	65	48	0	23	17990101	2244	2253	1119	2143	9003	7950	6980	4755	
DHL	-1520	-1520	40	40	8	16	43	60	50	0	22	17984732	2244	2253	1119	2143	9003	7950	6980	4755	
DHL	-1540	-1540	39	35	8	18	43	59	56	0	19	17979364	2244	2253	1119	2143	9003	7950	6980	4755	
DHL	-1560	-1560	39	32	7	17	46	57	54	0	19	17973377	2244	2253	1119	2143	9003	7950	6980	4755	
DHL	-1580	-1580	40	32	7	16	47	56	53	0	19	17967591	2244	2253	1119	2143	9003	7950	6980	4755	
DHL	-1600	-1600	40	31	7	16	46	59	52	0	17	17962023	2244	2253	1119	2143	9003	7950	6980	4755	
DHL	-1620	-1620	38	34	7	14	46	55	51	0	18	17956390	2244	2253	1119	2143	9003	7950	6980	4755	
DHL	-1640	-1640	38	35	7	14	48	59	48	0	18	17950519	2244	2253	1119	2143	9003	7950	6980	4755	
DHL	-1660	-1660	38	34	6	13	46	63	46	0	20	17944596	2244	2253	1119	2143	9003	7950	6980	4755	
DHL	-1680	-1680	38	28	6	10	46	61	40	0	21	17938430	2244	2253	1119	2143	9003	7950	6980	4755	
DHL	-1700	-1700	40	28	5	10	49	62	38	0	20	17932503	2244	2253	1119	2143	9003	7950	6980	4755	
DHL	-1720	-1720	41	27	4	8	51	61	36	0	18	17926458	2244	2253	1119	2143	9003	7950	6980	4755	
DHL	-1740	-1740	41	26	3	8	50	63	36	0	18	17920183	2244	2253	1119	2143	9003	7950	6980	4755	
DHL	-1760	-1760	40	26	4	8	50	65	33	0	19	17913823	2244	2253	1119	2143	9003	7950	6980	4755	
DHL	-1780	-1780	39	27	4	7	48	61	34	0	19	17907312	2244	2253	1119	2143	9003	7950	6980	4755	
DHL	-1800	-1800	38	26	3	7	48	60	33	0	21	17900373	2244	2253	1119	2143	9003	7950	6980	4755	
DHL	-1820	-1820	36	30	3	8	46	55	33	0	22	17893526	2244	2253	1119	2143	9003	7950	6980	4755	
DHL	-1840	-1840	34	29	3	9	46	52	34	0	21	17886708	2244	2253	1119	2143	9003	7950	6980	4755	
DHL	-1860	-1860	33	30	4	10	46	52	34	0	21	17879707	2244	2253	1119	2143	9003	7950	6980	4755	
DHL	-1880	-1880	33	29	4	10	50	55	34	0	22	17872662	2244	2253	1119	2143	9003	7950	6980	4755	
DHL	-1900	-1900	29	27	4	11	47	53	31	0	20	17865749	2244	2253	1119	2143	9003	7950	6980	4755	
DHL	-1920	-1920	29	29	4	11	45	53	30	0	21	17858944	2244	2253	1119	2143	9003	7950	6980	4755	
DHL	-1940	-1940	29	29	4	10	44	55	30	0	22	17852266	2244	2253	1119	2143	9003	7950	6980	4755	
DHL	-1960	-1960	29	30	4	10	44	55	31	0	20	17845695	2244	2253	1119	2143	9003	7950	6980	4755	
DHL	-1980	-1980	29	31	4	10	45	53	30	0	18	17839087	2244	2253	1119	2143	9003	7950	6980	4755	
DHL	-2000	-2000	28	32	3	10	49	56	30	0	19	17832199	2244	2253	1119	2143	9003	7950	6980	4755	
DHL	-2020	-2020	28	31	3	10	48	56	28	0	20	17825062	2244	2253	1119	2143	9003	7950	6980	4755	
DHL	-2040	-2040	27	34	3	9	48	57	21	0	23	17817758	2244	2253	1119	2143	9003	7950	6980	4755	
DHL	-2060	-2060	27	38	3	9	46	62	23	0	23	17810777	2244	2253	1119	2143	9003	7950	6980	4755	
DHL	-2080	-2080	25	38	3	9	43	64	20	0	26	17803570	2244	2253	1119	2143	9003	7950	6980	4755	
DHL	-2100	-2100	26	41	3	10	42	61	20	0	26	17796129	2244	2253	1119	2143	9003	7950	6980	4755	
DHL	-2120	-2120	25	40	3	11	40	60	22	0	25	17788802	2244	2253	1119	2143	9003	7950	6980	4755	
DHL	-2140	-2140	25	39	3	12	39	56	22	0	25	17781510	2244	2253	1119	2143	9003	7950	6980	4755	
DHL	-2160	-2160	23	39	3	12	40	52	23	0	23	17773913	2244	2253	1119	2143	9003	7950	6980	4755	
DHL	-2180	-2180	20	39	3	12	40	53	24	0	21	17766251	2244	2253	1119	2143	9003	7950	6980	4755	
DHL	-2200	-2200	18	38	4	12	37	51	24	0	21	17758568	2244	2253	1119	2143	9003	7950	6980	4755	
DHL	-2220	-2220	16	39	4	13	34	55	24	0	23	17750937	2244	2253	1119	2143	9003	7950	6980	4755	
DHL	-2240	-2240	16	41	4	12	34	51	24	0	24	17743689	2244	2253	1119	2143	9003	7950	6980	4755	
DHL	-2260	-2260	15	40	3	12	35	50	25	0	23	17736573	2244	2253	1119	2143	9003	7950	6980	4755	
DHL	-2280	-2280	14	40	3	13	35	51	25	0	23	17729413	2244	2253	1119	2143	9003	7950	6980	4755	
DHL	-2300	-2300	13	41	3	14	37	50	25	0	23	17722589	2244	2253	1119	2143	9003	7950	6980	4755	
DHL	-2320	-2320	13	37	3	13	37	52	23	0	22	17715698	2244	2253	1119	2143	9003	7950	6980	4755	
DHL	-2340	-2340	13	38	2	13	35	52	21	0	22	17708660	2244	2253	1119	2143	9003	7950	6980	4755	
DHL	-2360	-2360	14	36	1	11	33	53	23	0	24	17701849	2244	2253	1119	2143	9003	7950	6980	4755	
DHL	-2380	-2380	12	39	1	12	33	51	22	0	25	17695171	2244	2253	1119	2143	9003	7950	6980	4755	
DHL	-2400	-2400	14	41	1	13	33	54	24	0	27	17688415	2244	2253	1119	2143	9003	7950	6980	4755	
DHL	-2420	-2420	13	41	1	13	34	52	24	0	26	17681706	2244	2253	1119	2143	9003	7950	6980	4755	
DHL	-2440	-2440	13	41	1	12	32	52	25	0	24	17675092	2244	2253	1119	2143	9003	7950	6980	4755	
DHL	-2460	-2460	14	41	1	13	34	52	25	0	26	17668508	2244	2253	1119	2143	9003	7950	6980	4755	
DHL	-2480	-2480	15	40	1	13	37	54	25	0	27	17662118	2244	2253	1119	2143	9003	7950	6980	4755	
DHL	-2500	-2500	15	40	2	13	33	53	27	0	28	17655957	2244	2253	1119	2143	9003	7950	6980	4755	
DHL	-2520	-2520	16	41	3	15	32	54	27	0	30	17650138	2244	2253	1119	2143	9003	7950	6980	4755	
DHL	-2540	-2540	17	43	3	15	32	51	29	0	28	17644494	2244	2253	1119	2143	9003	7950	6980	4755	
DHL	-2560	-2560	17	43	3	15	31	45	28	0	28	17638847	2244	2253	1119	2143	9003	7950	6980	4755	
DHL	-2580	-2580	18	44	3	16	32	49	28	0	24	17633210	2244	2253	1119	2143	9003	7950	6980	4755	
DHL	-2600	-2600	21	44	5	16	32	52	29	0	24	17627755	2244	2253	1119	2143	9003	7950	6980	4755	
DHL	-2620	-2620	22	43	6	16	33	55	26	0	26	17622229	2244	2253	1119	2143	9003	7950	6980	4755	
DHL	-2640	-2640	20	42	6	15	33	58	27	0	26	17616603	2244	2253	1119	2143	9003	7950	6980	4755	
DHL	-2660	-2660	23	42	6	16	31	59	26	0	28	17611055	2244	2253	1119	2143	9003	7950	6980	4755	
DHL	-2680	-2680	23	44	6	16	31	59	25	0	28	17605608	2244	2253	1119	2143	9003	7950	6980	4755	
DHL	-2700	-2700	22	44	5	16	30	62	25	0	30	17600140	2244	2253	1119	2143	9003	7950	6980	4755	
DHL	-2720	-2720	22	43	5	15	32	59	25	0	28	17594667	2244	2253	1119	2143	9003	7950	6980	4755	
DHL	-2740	-2740	22	41	5	15	33	61	25	0	28	17588977	2244	2253	1119	2143	9003	7950	6980	4755	
DHL	-2760	-2760	22	43	5	15	36	60	25	0	29	17583285	2244	2253	1119	2143	9003	7950	6980	4755	
DHL	-2780	-2780	21	43	6	15	36	60	25	0	32	17577496	2244	2253	1119	2143	9003	7950	6980	4755	
DHL	-2800	-2800	21	40	6	17	34	60	26	0	30	17571492	2244	2253	1119	2143	9003	7950	6980	4755	
DHL	-2820	-2820	22	42	6	18	35	58	26	0	31	17565454	2244	2253	1119	2143	9003	7950	6980	4755	
DHL	-2840	-2840	21	41	6	17	34	58	29	0	30	17559541	2244	2253	1119	2143	9003	7950	6980	4755	
DHL	-2860	-2860	20	41	6	17	36	57	28	0	28	17553560	2244	2253	1119	2143	9003	7950	6980	4755	
DHL	-2880	-2880	20	39	6	16	35	57	29	0	27	17547580	2244	2253	1119	2143	9003	7950	6980	4755	
DHL	-2900	-2900	20	40	6	14	38	56	28	0	27	17541819	2244	2253	1119	2143	9003	7950	6980	4755	
DHL	-2920	-2920	21	39	7	14	37	58	27	0	28	17536089	2244	2253	1119	2143	9003	7950	6980	4755	
DHL	-2940	-2940	21	39	7	14	38	56	27	0	27	17530181	2244	2253	1119	2143	9003	7950	6980	4755	
DHL	-2960	-2960	20	39	8	14	39	57	29	0	27	17523979	2244	2253	1119	2143	9003	7950	6980	4755	
DHL	-2980	-2980	20	41	9	14	37	55	29	0	28	17517678	2244	2253	1119	2143	9003	7950	6980	4755	
DHL	-3000	-3000	20	40	8	15	41	52	29	0	27	17511433	2244	2253	1119	2143	9003	7950	6980	4755	
DHL	-3020	-3020	18	39	7	14	42	51	29	0	24	17505009	2244	2253	1119	2143	9003	7950	6980	4755	
DHL	-3040	-3040	17	35	7	13	41	50	27	0	23	17498499	2244	2253	1119	2143	9003	7950	6980	4755	
DHL	-3060	-3060	18	33	8	13	45	53	26	0	23	17492052	2244	2253	1119	2143	9003	7950	6980	4755	
DHL	-3080	-3080	18	32	8	12	46	50	30	0	22	17485438	2244	2253	1119	2143	9003	7950	6980	4755	
DHL	-3100	-3100	14	29	6	11	49	46	30	0	24	17478670	2244	2253	1119	2143	9003	7950	6980	4755	
DHL	-3120	-3120	14	30	5	10	48	43	30	0	22	17471822	2244	2253	1119	2143	9003	7950	6980	4755	
DHL	-3140	-3140	14	30	5	11	48	41	30	0	22	17464806	2244	2253	1119	2143	9003	7950	6980	4755	
DHL	-3160	-3160	12	30	5	10	51	39	30	0	21	17457776	2244	2253	1119	2143	9003	7950	6980	4755	
DHL	-3180	-3180	12	29	6	10	53	37	31	0	21	17450671	2244	2253	1119	2143	9003	7950	6980	4755	
DHL	-3200	-3200	12	29	6	12	55	36	31	0	20	17443519	2244	2253	1119	2143	9003	7950	6980	4755	
DHL	-3220	-3220	12	29	6	11	54	34	30	0	20	17436496	2244	2253	1119	2143	9003	7950	6980	4755	
DHL	-3240	-3240	13	28	6	11	52	32	32	0	19	17429315	2244	2253	1119	2143	9003	7950	6980	4755	
DHL	-3260	-3260	13	25	6	11	48	33	33	0	18	17421673	2244	2253	1119	2143	9003	7950	6980	4755	
DHL	-3280	-3280	14	25	5	14	47	34	31	0	15	17414262	2244	2253	1119	2143	9003	7950	6980	4755	
DHL	-3300	-3300	15	25	5	11	46	35	31	0	15	17407096	2244	2253	1119	2143	9003	7950	6980	4755	
DHL	-3320	-3320	15	23	5	12	44	36	35	0	14	17399855	2244	2253	1119	2143	9003	7950	6980	4755	
DHL	-3340	-3340	14	24	5	13	44	34	32	0	16	17392559	2244	2253	1119	2143	9003	7950	6980	4755	
DHL	-3360	-3360	14	24	5	13	43	33	32	0	19	17385013	2244	2253	1119	2143	9003	7950	6980	4755	
DHL	-3380	-3380	14	27	5	13	41	33	32	0	19	17377313	2244	2253	1119	2143	9003	7950	6980	4755	
DHL	-3400	-3400	12	27	5	14	38	31	32	0	17	17369466	2244	2253	1119	2143	9003	7950	6980	4755	
DHL	-3420	-3420	15	26	4	14	39	30	33	0	18	17361611	2244	2253	1119	2143	9003	7950	6980	4755	
DHL	-3440	-3440	16	26	4	15	39	29	32	0	18	17353715	2244	2253	1119	2143	9003	7950	6980	4755	
DHL	-3460	-3460	16	24	3	14	37	31	32	0	16	17345730	2244	2253	1119	2143	9003	7950	6980	4755	
DHL	-3480	-3480	15	25	2	14	34	33	32	0	14	17337641	2244	2253	1119	2143	9003	7950	6980	4755	
DHL	-3500	-3500	15	25	2	15	32	33	33	0	15	17329385	2244	2253	1119	2143	9003	7950	6980	4755	
DHL	-3520	-3520	17	27	2	14	32	33	34	0	17	17321198	2244	2253	1119	2143	9003	7950	6980	4755	
DHL	-3540	-3540	18	28	2	14	32	37	34	0	18	17312878	2244	2253	1119	2143	9003	7950	6980	4755	
DHL	-3560	-3560	17	28	1	14	29	34	35	0	18	17304648	2244	2253	1119	2143	9003	7950	6980	4755	
DHL	-3580	-3580	16	28	2	15	27	31	33	0	18	17296719	2244	2253	1119	2143	9003	7950	6980	4755	
DHL	-3600	-3600	19	28	2	15	23	31	36	0	17	17288995	2244	2253	1119	2143	9003	7950	6980	4755	
DHL	-3620	-3620	18	27	4	15	26	30	37	0	18	17281538	2244	2253	1119	2143	9003	7950	6980	4755	
DHL	-3640	-3640	18	28	5	14	25	30	37	0	18	17274291	2244	2253	1119	2143	9003	7950	6980	4755	
DHL	-3660	-3660	17	29	5	15	23	30	38	0	21	17267164	2244	2253	1119	2143	9003	7950	6980	4755	
DHL	-3680	-3680	17	29	4	15	20	29	38	0	22	17260192	2244	2253	1119	2143	9003	7950	6980	4755	
DHL	-3700	-3700	17	29	5	13	18	27	39	0	21	17253384	2244	2253	1119	2143	9003	7950	6980	4755	
DHL	-3720	-3720	17	30	6	13	21	29	40	0	21	17246596	2244	2253	1119	2143	9003	7950	6980	4755	
DHL	-3740	-3740	16	31	7	13	23	30	38	0	21	17240058	2244	2253	1119	2143	9003	7950	6980	4755	
DHL	-3760	-3760	18	33	7	13	25	32	36	0	22	17234050	2244	2253	1119	2143	9003	7950	6980	4755	
DHL	-3780	-3780	17	33	7	9	26	33	36	0	22	17227940	2244	2253	1119	2143	9003	7950	6980	4755	
DHL	-3800	-3800	17	35	8	9	26	33	38	0	24	17221779	2244	2253	1119	2143	9003	7950	6980	4755	
DHL	-3820	-3820	17	36	8	7	28	32	35	0	23	17215659	2244	2253	1119	2143	9003	7950	6980	4755	
DHL	-3840	-3840	18	35	8	7	31	35	37	0	21	17209517	2244	2253	1119	2143	9003	7950	6980	4755	
DHL	-3860	-3860	18	35	8	8	31	36	37	0	18	17203518	2244	2253	1119	2143	9003	7950	6980	4755	
DHL	-3880	-3880	17	33	8	8	31	38	35	0	20	17197442	2244	2253	1119	2143	9003	7950	6980	4755	
DHL	-3900	-3900	17	33	8	7	33	40	36	0	20	17191483	2244	2253	1119	2143	9003	7950	6980	4755	
DHL	-3920	-3920	14	33	8	7	34	40	37	0	18	17185544	2244	2253	1119	2143	9003	7950	6980	4755	
DHL	-3940	-3940	13	33	8	6	37	42	36	0	20	17179933	2244	2253	1119	2143	9003	7950	6980	4755	
DHL	-3960	-3960	13	32	8	7	40	39	33	0	20	17174669	2244	2253	1119	2143	9003	7950	6980	4755	
DHL	-3980	-3980	14	29	8	7	42	38	33	0	22	17169673	2244	2253	1119	2143	9003	7950	6980	4755	
DHL	-4000	-4000	14	30	9	6	43	39	30	0	20	17164758	2244	2253	1119	2143	9003	7950	6980	4755	
DHL	-4020	-4020	13	28	9	8	42	38	30	0	18	17159950	2244	2253	1119	2143	9003	7950	6980	4755	
DHL	-4040	-4040	12	30	9	10	44	39	31	0	17	17155391	2244	2253	1119	2143	9003	7950	6980	4755	
DHL	-4060	-4060	12	28	9	10	44	39	30	0	18	17150732	2244	2253	1119	2143	9003	7950	6980	4755	
DHL	-4080	-4080	12	30	9	10	48	40	29	0	19	17146032	2244	2253	1119	2143	9003	7950	6980	4755	
DHL	-4100	-4100	10	31	10	11	48	42	25	0	19	17141215	2244	2253	1119	2143	9003	7950	6980	4755	
DHL	-4120	-4120	11	33	9	11	46	41	25	0	19	17136329	2244	2253	1119	2143	9003	7950	6980	4755	
DHL	-4140	-4140	11	32	8	11	46	42	28	0	19	17131332	2244	2253	1119	2143	9003	7950	6980	4755	
DHL	-4160	-4160	12	34	8	10	46	42	31	0	16	17126221	2244	2253	1119	2143	9003	7950	6980	4755	
DHL	-4180	-4180	12	33	8	10	46	44	31	0	17	17121071	2244	2253	1119	2143	9003	7950	6980	4755	
DHL	-4200	-4200	14	34	8	10	48	46	31	0	17	17115691	2244	2253	1119	2143	9003	7950	6980	4755	
DHL	-4220	-4220	15	33	7	10	45	45	31	0	17	17109945	2244	2253	1119	2143	9003	7950	6980	4755	
DHL	-4240	-4240	15	32	6	10	44	46	34	0	17	17103829	2244	2253	1119	2143	9003	7950	6980	4755	
DHL	-4260	-4260	13	31	6	11	43	44	36	0	17	17097288	2244	2253	1119	2143	9003	7950	6980	4755	
DHL	-4280	-4280	14	30	7	12	43	43	38	0	18	17090696	2244	2253	1119	2143	9003	7950	6980	4755	
DHL	-4300	-4300	13	29	6	12	42	41	37	0	17	17084077	2244	2253	1119	2143	9003	7950	6980	4755	
DHL	-4320	-4320	12	30	7	12	40	41	35	0	18	17077257	2244	2253	1119	2143	9003	7950	6980	4755	
DHL	-4340	-4340	12	31	7	11	42	43	34	0	18	17070342	2244	2253	1119	2143	9003	7950	6980	4755	
DHL	-4360	-4360	12	30	7	10	44	43	34	0	19	17063431	2244	2253	1119	2143	9003	7950	6980	4755	
DHL	-4380	-4380	13	28	7	10	44	41	35	0	16	17056496	2244	2253	1119	2143	9003	7950	6980	4755	
DHL	-4400	-4400	14	25	7	12	46	42	34	0	17	17049434	2244	2253	1119	2143	9003	7950	6980	4755	
DHL	-4420	-4420	13	27	7	13	47	45	34	0	18	17042306	2244	2253	1119	2143	9003	7950	6980	4755	
DHL	-4440	-4440	13	26	7	14	46	46	34	0	17	17034844	2244	2253	1119	2143	9003	7950	6980	4755	
DHL	-4460	-4460	13	28	7	14	44	48	36	0	18	17027521	2244	2253	1119	2143	9003	7950	6980	4755	
DHL	-4480	-4480	14	29	8	15	42	50	38	0	17	17020115	2244	2253	1119	2143	9003	7950	6980	4755	
DHL	-4500	-4500	15	31	7	15	40	54	41	0	17	17012607	2244	2253	1119	2143	9003	7950	6980	4755	
DHL	-4520	-4520	14	32	7	16	41	56	41	0	17	17004929	2244	2253	1119	2143	9003	7950	6980	4755	
DHL	-4540	-4540	14	31	7	14	40	54	41	0	18	16997111	2244	2253	1119	2143	9003	7950	6980	4755	
DHL	-4560	-4560	14	32	8	16	40	55	42	0	17	16989159	2244	2253	1119	2143	9003	7950	6980	4755	
DHL	-4580	-4580	16	29	7	17	37	55	41	0	17	16981185	2244	2253	1119	2143	9003	7950	6980	4755	
DHL	-4600	-4600	15	27	6	19	40	57	42	0	18	16973133	2244	2253	1119	2143	9003	7950	6980	4755	
DHL	-4620	-4620	14	24	5	21	41	57	41	0	18	16964968	2244	2253	1119	2143	9003	7950	6980	4755	
DHL	-4640	-4640	14	24	5	21	42	54	39	0	18	16956775	2244	2253	1119	2143	9003	7950	6980	4755	
DHL	-4660	-4660	14	21	6	22	42	55	37	0	17	16948569	2244	2253	1119	2143	9003	7950	6980	4755	
DHL	-4680	-4680	14	21	6	24	43	55	36	0	16	16940022	2244	2253	1119	2143	9003	7950	6980	4755	
DHL	-4700	-4700	12	22	5	25	43	55	36	0	18	16931451	2244	2253	1119	2143	9003	7950	6980	4755	
DHL	-4720	-4720	11	23	5	25	44	55	37	0	18	16922996	2244	2253	1119	2143	9003	7950	6980	4755	
DHL	-4740	-4740	13	24	5	26	43	54	37	0	19	16914616	2244	2253	1119	2143	9003	7950	6980	4755	
DHL	-4760	-4760	16	24	5	25	45	54	34	0	20	16906558	2244	2253	1119	2143	9003	7950	6980	4755	
DHL	-4780	-4780	14	24	4	25	47	52	33	0	21	16898424	2244	2253	1119	2143	9003	7950	6980	4755	
DHL	-4800	-4800	14	24	5	27	48	54	32	0	21	16890324	2244	2253	1119	2143	9003	7950	6980	4755	
DHL	-4820	-4820	15	22	4	29	51	55	33	0	21	16882441	2244	2253	1119	2143	9003	7950	6980	4755	
DHL	-4840	-4840	14	21	4	30	48	52	33	0	21	16874527	2244	2253	1119	2143	9003	7950	6980	4755	
DHL	-4860	-4860	15	23	4	30	47	51	33	0	20	16866486	2244	2253	1119	2143	9003	7950	6980	4755	
DHL	-4880	-4880	15	23	5	30	45	55	34	0	20	16858275	2244	2253	1119	2143	9003	7950	6980	4755	
DHL	-4900	-4900	14	24	6	29	42	54	36	0	23	16850201	2244	2253	1119	2143	9003	7950	6980	4755	
DHL	-4920	-4920	16	23	6	29	41	52	36	0	23	16842157	2244	2253	1119	2143	9003	7950	6980	4755	
DHL	-4940	-4940	19	23	6	29	40	50	36	0	23	16834354	2244	2253	1119	2143	9003	7950	6980	4755	
DHL	-4960	-4960	19	21	6	29	40	47	34	0	24	16826329	2244	2253	1119	2143	9003	7950	6980	4755	
DHL	-4980	-4980	17	21	5	29	45	45	33	0	23	16818134	2244	2253	1119	2143	9003	7950	6980	4755	
DHL	-5000	-5000	16	17	5	28	44	42	32	0	23	16809795	2244	2253	1119	2143	9003	7950	6980	4755	
DHL	-5020	-5020	17	18	5	25	42	41	33	0	24	16801327	2244	2253	1119	2143	9003	7950	6980	4755	
DHL	-5040	-5040	18	14	5	26	43	39	33	0	24	16792866	2244	2253	1119	2143	9003	7950	6980	4755	
DHL	-5060	-5060	18	14	4	26	43	39	32	0	24	16784518	2244	2253	1119	2143	9003	7950	6980	4755	
DHL	-5080	-5080	19	15	4	25	43	39	34	0	27	16776018	2244	2253	1119	2143	9003	7950	6980	4755	
DHL	-5100	-5100	22	17	4	22	43	35	34	0	27	16767459	2244	2253	1119	2143	9003	7950	6980	4755	
DHL	-5120	-5120	22	18	4	20	42	35	35	0	27	16758811	2244	2253	1119	2143	9003	7950	6980	4755	
DHL	-5140	-5140	22	18	4	21	41	35	35	0	29	16750413	2244	2253	1119	2143	9003	7950	6980	4755	
DHL	-5160	-5160	22	18	4	22	40	34	34	0	30	16742071	2244	2253	1119	2143	9003	7950	6980	4755	
DHL	-5180	-5180	24	18	4	22	40	32	38	0	30	16734202	2244	2253	1119	2143	9003	7950	6980	4755	
DHL	-5200	-5200	25	17	4	22	40	37	40	0	28	16726285	2244	2253	1119	2143	9003	7950	6980	4755	
DHL	-5220	-5220	27	16	4	22	39	36	39	0	30	16718245	2244	2253	1119	2143	9003	7950	6980	4755	
DHL	-5240	-5240	27	16	4	22	43	37	37	0	29	16710328	2244	2253	1119	2143	9003	7950	6980	4755	
DHL	-5260	-5260	26	17	4	23	42	36	37	0	29	16702439	2244	2253	1119	2143	9003	7950	6980	4755	
DHL	-5280	-5280	27	18	4	23	44	38	38	0	27	16694795	2244	2253	1119	2143	9003	7950	6980	4755	
DHL	-5300	-5300	27	19	4	22	46	39	38	0	29	16687152	2244	2253	1119	2143	9003	7950	6980	4755	
DHL	-5320	-5320	27	20	4	21	44	39	38	0	29	16679616	2244	2253	1119	2143	9003	7950	6980	4755	
DHL	-5340	-5340	27	21	5	20	42	38	38	0	31	16672296	2244	2253	1119	2143	9003	7950	6980	4755	
DHL	-5360	-5360	27	21	5	21	42	40	41	0	34	16664991	2244	2253	1119	2143	9003	7950	6980	4755	
DHL	-5380	-5380	26	21	4	22	41	37	40	0	35	16657947	2244	2253	1119	2143	9003	7950	6980	4755	
DHL	-5400	-5400	27	22	3	21	41	36	39	0	32	16650859	2244	2253	1119	2143	9003	7950	6980	4755	
DHL	-5420	-5420	25	21	3	21	39	34	39	0	31	16643833	2244	2253	1119	2143	9003	7950	6980	4755	
DHL	-5440	-5440	22	23	3	21	37	35	40	0	30	16636632	2244	2253	1119	2143	9003	7950	6980	4755	
DHL	-5460	-5460	24	26	3	21	38	38	40	0	28	16629364	2244	2253	1119	2143	9003	7950	6980	4755	
DHL	-5480	-5480	24	26	3	21	34	39	41	0	28	16622157	2244	2253	1119	2143	9003	7950	6980	4755	
DHL	-5500	-5500	24	26	4	23	35	38	41	0	28	16615094	2244	2253	1119	2143	9003	7950	6980	4755	
DHL	-5520	-5520	24	25	5	23	36	41	40	0	28	16608121	2244	2253	1119	2143	9003	7950	6980	4755	
DHL	-5540	-5540	25	25	5	22	35	42	42	0	27	16601061	2244	2253	1119	2143	9003	7950	6980	4755	
DHL	-5560	-5560	26	24	5	21	34	45	43	0	27	16593849	2244	2253	1119	2143	9003	7950	6980	4755	
DHL	-5580	-5580	24	23	5	20	35	46	44	0	25	16586740	2244	2253	1119	2143	9003	7950	6980	4755	
DHL	-5600	-5600	22	21	5	20	33	49	44	0	23	16579714	2244	2253	1119	2143	9003	7950	6980	4755	
DHL	-5620	-5620	23	20	5	22	33	49	45	0	22	16573017	2244	2253	1119	2143	9003	7950	6980	4755	
DHL	-5640	-5640	24	20	5	21	33	52	43	0	20	16566277	2244	2253	1119	2143	9003	7950	6980	4755	
DHL	-5660	-5660	23	20	4	19	36	52	43	0	19	16559298	2244	2253	1119	2143	9003	7950	6980	4755	
DHL	-5680	-5680	21	20	4	17	36	54	40	0	18	16552081	2244	2253	1119	2143	9003	7950	6980	4755	
DHL	-5700	-5700	21	20	4	16	35	49	37	0	19	16544939	2244	2253	1119	2143	9003	7950	6980	4755	
DHL	-5720	-5720	19	21	4	16	35	47	36	0	18	16538094	2244	2253	1119	2143	9003	7950	6980	4755	
DHL	-5740	-5740	17	22	5	15	32	47	34	0	19	16531347	2244	2253	1119	2143	9003	7950	6980	4755	
DHL	-5760	-5760	15	21	5	14	31	46	37	0	18	16524607	2244	2253	1119	2143	9003	7950	6980	4755	
DHL	-5780	-5780	14	21	5	13	26	46	35	0	20	16517691	2244	2253	1119	2143	9003	7950	6980	4755	
DHL	-5800	-5800	15	19	4	12	26	47	37	0	20	16510666	2244	2253	1119	2143	9003	7950	6980	4755	
DHL	-5820	-5820	14	19	4	11	26	46	37	0	20	16503499	2244	2253	1119	2143	9003	7950	6980	4755	
DHL	-5840	-5840	14	21	4	11	27	48	40	0	18	16496397	2244	2253	1119	2143	9003	7950	6980	4755	
DHL	-5860	-5860	14	20	4	11	27	47	38	0	16	16489328	2244	2253	1119	2143	9003	7950	6980	4755	
DHL	-5880	-5880	16	23	4	11	31	47	39	0	15	16482211	2244	2253	1119	2143	9003	7950	6980	4755	
DHL	-5900	-5900	16	21	6	12	32	50	39	0	15	16475108	2244	2253	1119	2143	9003	7950	6980	4755	
DHL	-5920	-5920	17	21	6	11	33	52	38	0	15	16467800	2244	2253	1119	2143	9003	7950	6980	4755	
DHL	-5940	-5940	18	20	6	11	34	51	37	0	15	16460540	2244	2253	1119	2143	9003	7950	6980	4755	
DHL	-5960	-5960	18	17	6	12	34	50	38	0	17	16453223	2244	2253	1119	2143	9003	7950	6980	4755	
DHL	-5980	-5980	18	17	6	11	33	47	37	0	18	16445895	2244	2253	1119	2143	9003	7950	6980	4755	
DHL	-6000	-6000	19	19	5	10	32	48	36	0	19	16438780	2244	2253	1119	2143	9003	7950	6980	4755	
DHL	-6020	-6020	18	19	5	12	31	45	35	0	19	16431791	2244	2253	1119	2143	9003	7950	6980	4755	
DHL	-6040	-6040	16	21	5	13	31	46	34	0	19	16424835	2244	2253	1119	2143	9003	7950	6980	4755	
DHL	-6060	-6060	15	22	6	12	31	42	36	0	20	16417928	2244	2253	1119	2143	9003	7950	6980	4755	
DHL	-6080	-6080	15	25	6	13	29	42	34	0	18	16410992	2244	2253	1119	2143	9003	7950	6980	4755	
DHL	-6100	-6100	14	27	6	13	29	40	35	0	19	16404150	2244	2253	1119	2143	9003	7950	6980	4755	
DHL	-6120	-6120	13	28	6	11	29	41	33	0	20	16397035	2244	2253	1119	2143	9003	7950	6980	4755	
DHL	-6140	-6140	13	28	6	13	31	40	34	0	20	16389691	2244	2253	1119	2143	9003	7950	6980	4755	
DHL	-6160	-6160	14	28	6	13	28	41	34	0	20	16382565	2244	2253	1119	2143	9003	7950	6980	4755	
DHL	-6180	-6180	14	28	6	13	30	39	34	0	21	16375590	2244	2253	1119	2143	9003	7950	6980	4755	
DHL	-6200	-6200	13	27	6	14	30	38	33	0	20	16368694	2244	2253	1119	2143	9003	7950	6980	4755	
DHL	-6220	-6220	13	27	6	14	30	45	33	0	19	16361843	2244	2253	1119	2143	9003	7950	6980	4755	
DHL	-6240	-6240	13	25	5	14	31	46	34	0	18	16354893	2244	2253	1119	2143	9003	7950	6980	4755	
DHL	-6260	-6260	13	25	5	15	29	49	32	0	18	16347813	2244	2253	1119	2143	9003	7950	6980	4755	
DHL	-6280	-6280	13	25	6	16	29	48	36	0	17	16340958	2244	2253	1119	2143	9003	7950	6980	4755	
DHL	-6300	-6300	12	28	6	18	26	45	34	0	14	16334234	2244	2253	1119	2143	9003	7950	6980	4755	
DHL	-6320	-6320	13	28	8	18	26	46	35	0	14	16327459	2244	2253	1119	2143	9003	7950	6980	4755	
DHL	-6340	-6340	14	25	7	18	27	44	32	0	15	16320537	2244	2253	1119	2143	9003	7950	6980	4755	
DHL	-6360	-6360	13	24	7	17	27	46	32	0	15	16313685	2244	2253	1119	2143	9003	7950	6980	4755	
DHL	-6380	-6380	12	22	7	16	25	44	33	0	17	16306800	2244	2253	1119	2143	9003	7950	6980	4755	
DHL	-6400	-6400	12	23	5	16	25	41	34	0	16	16300033	2244	2253	1119	2143	9003	7950	6980	4755	
DHL	-6420	-6420	12	23	6	16	28	42	34	0	16	16293612	2244	2253	1119	2143	9003	7950	6980	4755	
DHL	-6440	-6440	11	23	6	15	31	41	35	0	17	16287256	2244	2253	1119	2143	9003	7950	6980	4755	
DHL	-6460	-6460	10	24	6	14	30	41	35	0	17	16281014	2244	2253	1119	2143	9003	7950	6980	4755	
DHL	-6480	-6480	10	23	6	14	32	42	35	0	17	16274675	2244	2253	1119	2143	9003	7950	6980	4755	
DHL	-6500	-6500	9	22	6	13	32	43	35	0	17	16268100	2244	2253	1119	2143	9003	7950	6980	4755	
DHL	-6520	-6520	11	23	5	11	33	44	36	0	16	16261460	2244	2253	1119	2143	9003	7950	6980	4755	
DHL	-6540	-6540	12	21	6	11	33	44	35	0	17	16255048	2244	2253	1119	2143	9003	7950	6980	4755	
DHL	-6560	-6560	12	20	5	12	34	44	32	0	16	16248700	2244	2253	1119	2143	9003	7950	6980	4755	
DHL	-6580	-6580	11	18	5	11	35	43	31	0	16	16242165	2244	2253	1119	2143	9003	7950	6980	4755	
DHL	-6600	-6600	13	16	5	12	34	44	29	0	16	16235444	2244	2253	1119	2143	9003	7950	6980	4755	
DHL	-6620	-6620	13	16	5	13	35	44	28	0	15	16228782	2244	2253	1119	2143	9003	7950	6980	4755	
DHL	-6640	-6640	13	16	5	11	34	42	27	0	15	16222250	2244	2253	1119	2143	9003	7950	6980	4755	
DHL	-6660	-6660	12	16	5	12	36	45	28	0	15	16215862	2244	2253	1119	2143	9003	7950	6980	4755	
DHL	-6680	-6680	12	17	5	12	35	46	29	0	15	16209479	2244	2253	1119	2143	9003	7950	6980	4755	
DHL	-6700	-6700	13	17	5	12	34	47	29	0	16	16202860	2244	2253	1119	2143	9003	7950	6980	4755	
DHL	-6720	-6720	14	17	5	12	36	40	33	0	17	16196084	2244	2253	1119	2143	9003	7950	6980	4755	
DHL	-6740	-6740	14	17	5	13	34	39	33	0	18	16189316	2244	2253	1119	2143	9003	7950	6980	4755	
DHL	-6760	-6760	16	16	5	12	37	37	32	0	17	16182628	2244	2253	1119	2143	9003	7950	6980	4755	
DHL	-6780	-6780	16	15	4	11	38	36	32	0	19	16175755	2244	2253	1119	2143	9003	7950	6980	4755	
DHL	-6800	-6800	16	13	4	9	38	36	32	0	19	16168816	2244	2253	1119	2143	9003	7950	6980	4755	
DHL	-6820	-6820	15	12	2	9	38	38	30	0	18	16162004	2244	2253	1119	2143	9003	7950	6980	4755	
DHL	-6840	-6840	14	13	2	9	36	38	30	0	18	16155273	2244	2253	1119	2143	9003	7950	6980	4755	
DHL	-6860	-6860	14	13	3	9	35	36	28	0	19	16148394	2244	2253	1119	2143	9003	7950	6980	4755	
DHL	-6880	-6880	14	12	3	9	34	38	27	0	18	16141589	2244	2253	1119	2143	9003	7950	6980	4755	
DHL	-6900	-6900	14	12	3	8	33	38	25	0	19	16134669	2244	2253	1119	2143	9003	7950	6980	4755	
DHL	-6920	-6920	13	14	2	8	31	38	27	0	19	16127484	2244	2253	1119	2143	9003	7950	6980	4755	
DHL	-6940	-6940	13	13	3	8	28	40	29	0	18	16120271	2244	2253	1119	2143	9003	7950	6980	4755	
DHL	-6960	-6960	12	13	3	7	30	39	28	0	18	16113102	2244	2253	1119	2143	9003	7950	6980	4755	
DHL	-6980	-6980	12	13	4	10	28	42	29	0	17	16106184	2244	2253	1119	2143	9003	7950	6980	4755	
DHL	-7000	-7000	13	12	4	10	29	41	28	0	17	16099562	2244	2253	1119	2143	9003	7950	6980	4755	
DHL	-7020	-7020	11	12	4	10	29	41	29	0	19	16092983	2244	2253	1119	2143	9003	7950	6980	4755	
DHL	-7040	-7040	11	13	5	10	30	41	29	0	21	16086343	2244	2253	1119	2143	9003	7950	6980	4755	
DHL	-7060	-7060	11	13	5	9	32	45	29	0	21	16079691	2244	2253	1119	2143	9003	7950	6980	4755	
DHL	-7080	-7080	13	15	6	9	32	46	30	0	23	16073382	2244	2253	1119	2143	9003	7950	6980	4755	
DHL	-7100	-7100	12	15	6	9	32	45	33	0	25	16067306	2244	2253	1119	2143	9003	7950	6980	4755	
DHL	-7120	-7120	12	14	7	9	31	46	36	0	25	16061366	2244	2253	1119	2143	9003	7950	6980	4755	
DHL	-7140	-7140	11	14	7	9	31	47	37	0	26	16055582	2244	2253	1119	2143	9003	7950	6980	4755	
DHL	-7160	-7160	11	14	7	9	32	43	36	0	26	16049620	2244	2253	1119	2143	9003	7950	6980	4755	
DHL	-7180	-7180	13	12	7	10	31	43	34	0	25	16043703	2244	2253	1119	2143	9003	7950	6980	4755	
DHL	-7200	-7200	12	13	7	9	32	44	36	0	25	16038110	2244	2253	1119	2143	9003	7950	6980	4755	
DHL	-7220	-7220	11	12	7	10	31	44	34	0	25	16032480	2244	2253	1119	2143	9003	7950	6980	4755	
DHL	-7240	-7240	12	12	7	9	32	44	34	0	25	16026797	2244	2253	1119	2143	9003	7950	6980	4755	
DHL	-7260	-7260	10	13	8	9	29	45	35	0	26	16021075	2244	2253	1119	2143	9003	7950	6980	4755	
DHL	-7280	-7280	10	13	8	10	33	50	31	0	23	16015551	2244	2253	1119	2143	9003	7950	6980	4755	
DHL	-7300	-7300	10	13	8	10	34	51	31	0	23	16010298	2244	2253	1119	2143	9003	7950	6980	4755	
DHL	-7320	-7320	10	12	8	11	37	48	33	0	23	16004943	2244	2253	1119	2143	9003	7950	6980	4755	
DHL	-7340	-7340	13	12	8	12	37	50	34	0	22	15999351	2244	2253	1119	2143	9003	7950	6980	4755	
DHL	-7360	-7360	13	12	7	13	39	50	35	0	23	15993929	2244	2253	1119	2143	9003	7950	6980	4755	
DHL	-7380	-7380	13	12	7	14	38	48	35	0	22	15988468	2244	2253	1119	2143	9003	7950	6980	4755	
DHL	-7400	-7400	12	12	7	14	37	48	34	0	21	15982995	2244	2253	1119	2143	9003	7950	6980	4755	
DHL	-7420	-7420	12	10	8	15	37	45	32	0	21	15977616	2244	2253	1119	2143	9003	7950	6980	4755	
DHL	-7440	-7440	12	11	7	15	37	44	31	0	22	15972136	2244	2253	1119	2143	9003	7950	6980	4755	
DHL	-7460	-7460	13	10	7	17	35	45	32	0	21	15966618	2244	2253	1119	2143	9003	7950	6980	4755	
DHL	-7480	-7480	13	10	6	14	35	42	31	0	24	15961108	2244	2253	1119	2143	9003	7950	6980	4755	
DHL	-7500	-7500	12	10	6	14	35	42	33	0	24	15955452	2244	2253	1119	2143	9003	7950	6980	4755	
DHL	-7520	-7520	12	9	6	14	34	41	31	0	22	15949893	2244	2253	1119	2143	9003	7950	6980	4755	
DHL	-7540	-7540	11	9	4	14	34	39	30	0	19	15944267	2244	2253	1119	2143	9003	7950	6980	4755	
DHL	-7560	-7560	11	9	4	16	33	35	31	0	22	15938696	2244	2253	1119	2143	9003	7950	6980	4755	
DHL	-7580	-7580	9	6	3	16	33	36	30	0	22	15932846	2244	2253	1119	2143	9003	7950	6980	4755	
DHL	-7600	-7600	9	7	3	15	33	36	27	0	22	15926843	2244	2253	1119	2143	9003	7950	6980	4755	
DHL	-7620	-7620	9	7	3	15	34	35	26	0	23	15920640	2244	2253	1119	2143	9003	7950	6980	4755	
DHL	-7640	-7640	9	7	3	15	34	34	26	0	22	15914407	2244	2253	1119	2143	9003	7950	6980	4755	
DHL	-7660	-7660	9	7	3	14	34	36	25	0	24	15908030	2244	2253	1119	2143	9003	7950	6980	4755	
DHL	-7680	-7680	8	9	4	14	34	37	25	0	24	15901534	2244	2253	1119	2143	9003	7950	6980	4755	
DHL	-7700	-7700	9	8	6	15	36	37	24	0	23	15894744	2244	2253	1119	2143	9003	7950	6980	4755	
DHL	-7720	-7720	10	8	7	15	35	39	23	0	22	15888039	2244	2253	1119	2143	9003	7950	6980	4755	
DHL	-7740	-7740	9	8	7	16	34	40	23	0	21	15881544	2244	2253	1119	2143	9003	7950	6980	4755	
DHL	-7760	-7760	10	8	6	16	35	39	22	0	20	15875075	2244	2253	1119	2143	9003	7950	6980	4755	
DHL	-7780	-7780	10	9	6	15	31	35	23	0	20	15868315	2244	2253	1119	2143	9003	7950	6980	4755	
DHL	-7800	-7800	11	9	6	15	33	34	22	0	20	15861212	2244	2253	1119	2143	9003	7950	6980	4755	
DHL	-7820	-7820	12	10	7	15	29	36	20	0	21	15854349	2244	2253	1119	2143	9003	7950	6980	4755	
DHL	-7840	-7840	9	9	7	14	29	34	20	0	21	15847729	2244	2253	1119	2143	9003	7950	6980	4755	
DHL	-7860	-7860	9	10	7	14	28	33	21	0	20	15840998	2244	2253	1119	2143	9003	7950	6980	4755	
DHL	-7880	-7880	10	10	9	13	31	34	20	0	21	15834135	2244	2253	1119	2143	9003	7950	6980	4755	
DHL	-7900	-7900	11	11	9	13	35	35	21	0	21	15827484	2244	2253	1119	2143	9003	7950	6980	4755	
DHL	-7920	-7920	11	11	8	13	36	39	20	0	23	15820841	2244	2253	1119	2143	9003	7950	6980	4755	
DHL	-7940	-7940	11	10	8	13	38	38	18	0	23	15814272	2244	2253	1119	2143	9003	7950	6980	4755	
DHL	-7960	-7960	10	10	8	11	38	40	18	0	22	15807675	2244	2253	1119	2143	9003	7950	6980	4755	
DHL	-7980	-7980	10	11	8	11	40	39	19	0	22	15800967	2244	2253	1119	2143	9003	7950	6980	4755	
DHL	-8000	-8000	10	12	8	12	40	38	19	0	21	15794189	2244	2253	1119	2143	9003	7950	6980	4755	
DHL	-8020	-8020	10	13	8	12	40	41	19	0	22	15787076	2244	2253	1119	2143	9003	7950	6980	4755	
DHL	-8040	-8040	11	12	8	11	43	40	21	0	23	15780130	2244	2253	1119	2143	9003	7950	6980	4755	
DHL	-8060	-8060	11	12	8	10	43	43	20	0	20	15773117	2244	2253	1119	2143	9003	7950	6980	4755	
DHL	-8080	-8080	11	13	8	10	45	41	21	0	18	15766292	2244	2253	1119	2143	9003	7950	6980	4755	
DHL	-8100	-8100	12	12	8	11	46	41	22	0	15	15759473	2244	2253	1119	2143	9003	7950	6980	4755	
DHL	-8120	-8120	13	12	7	10	46	42	20	0	14	15752820	2244	2253	1119	2143	9003	7950	6980	4755	
DHL	-8140	-8140	15	14	7	11	45	45	19	0	14	15746139	2244	2253	1119	2143	9003	7950	6980	4755	
DHL	-8160	-8160	16	14	7	11	43	42	19	0	12	15739551	2244	2253	1119	2143	9003	7950	6980	4755	
DHL	-8180	-8180	16	12	6	11	43	40	20	0	13	15732778	2244	2253	1119	2143	9003	7950	6980	4755	
DHL	-8200	-8200	15	12	4	12	42	38	22	0	13	15726158	2244	2253	1119	2143	9003	7950	6980	4755	
DHL	-8220	-8220	14	15	4	11	42	39	21	0	14	15719638	2244	2253	1119	2143	9003	7950	6980	4755	
DHL	-8240	-8240	14	15	5	12	43	38	20	0	15	15712796	2244	2253	1119	2143	9003	7950	6980	4755	
DHL	-8260	-8260	13	17	5	12	43	39	20	0	15	15706044	2244	2253	1119	2143	9003	7950	6980	4755	
DHL	-8280	-8280	13	16	5	12	42	38	19	0	16	15699535	2244	2253	1119	2143	9003	7950	6980	4755	
DHL	-8300	-8300	12	16	5	12	39	40	20	0	16	15692984	2244	2253	1119	2143	9003	7950	6980	4755	
DHL	-8320	-8320	12	15	4	11	40	37	22	0	15	15686140	2244	2253	1119	2143	9003	7950	6980	4755	
DHL	-8340	-8340	13	16	5	12	41	37	22	0	15	15679086	2244	2253	1119	2143	9003	7950	6980	4755	
DHL	-8360	-8360	13	15	6	12	42	37	22	0	13	15671998	2244	2253	1119	2143	9003	7950	6980	4755	
DHL	-8380	-8380	12	15	4	12	39	38	22	0	12	15665067	2244	2253	1119	2143	9003	7950	6980	4755	
DHL	-8400	-8400	11	14	4	12	36	40	23	0	13	15657903	2244	2253	1119	2143	9003	7950	6980	4755	
DHL	-8420	-8420	11	14	5	11	35	36	23	0	11	15650685	2244	2253	1119	2143	9003	7950	6980	4755	
DHL	-8440	-8440	11	14	5	11	32	38	24	0	10	15643510	2244	2253	1119	2143	9003	7950	6980	4755	
DHL	-8460	-8460	11	15	5	11	32	34	23	0	10	15636348	2244	2253	1119	2143	9003	7950	6980	4755	
DHL	-8480	-8480	13	14	5	12	33	34	21	0	7	15629002	2244	2253	1119	2143	9003	7950	6980	4755	
DHL	-8500	-8500	13	14	5	11	33	33	19	0	7	15621626	2244	2253	1119	2143	9003	7950	6980	4755	
DHL	-8520	-8520	13	13	5	12	35	31	19	0	7	15614357	2244	2253	1119	2143	9003	7950	6980	4755	
DHL	-8540	-8540	12	13	5	13	30	31	18	0	6	15606963	2244	2253	1119	2143	9003	7950	6980	4755	
DHL	-8560	-8560	12	13	5	12	30	29	18	0	7	15599624	2244	2253	1119	2143	9003	7950	6980	4755	
DHL	-8580	-8580	12	12	5	12	28	29	18	0	9	15592268	2244	2253	1119	2143	9003	7950	6980	4755	
DHL	-8600	-8600	10	13	5	11	30	30	18	0	9	15584689	2244	2253	1119	2143	9003	7950	6980	4755	
DHL	-8620	-8620	10	13	5	11	28	28	20	0	10	15577029	2244	2253	1119	2143	9003	7950	6980	4755	
DHL	-8640	-8640	11	12	8	10	30	28	20	0	10	15569396	2244	2253	1119	2143	9003	7950	6980	4755	
DHL	-8660	-8660	11	12	8	10	29	30	21	0	10	15561913	2244	2253	1119	2143	9003	7950	6980	4755	
DHL	-8680	-8680	10	12	8	9	28	31	21	0	9	15554528	2244	2253	1119	2143	9003	7950	6980	4755	
DHL	-8700	-8700	11	12	8	8	29	32	19	0	9	15547127	2244	2253	1119	2143	9003	7950	6980	4755	
DHL	-8720	-8720	12	9	7	8	28	30	19	0	10	15539685	2244	2253	1119	2143	9003	7950	6980	4755	
DHL	-8740	-8740	12	10	6	6	29	29	19	0	10	15532504	2244	2253	1119	2143	9003	7950	6980	4755	
DHL	-8760	-8760	13	9	6	7	29	28	20	0	10	15525291	2244	2253	1119	2143	9003	7950	6980	4755	
DHL	-8780	-8780	13	9	7	7	31	32	21	0	9	15517846	2244	2253	1119	2143	9003	7950	6980	4755	
DHL	-8800	-8800	13	10	7	7	34	30	23	0	10	15510379	2244	2253	1119	2143	9003	7950	6980	4755	
DHL	-8820	-8820	12	11	7	8	34	30	21	0	12	15503201	2244	2253	1119	2143	9003	7950	6980	4755	
DHL	-8840	-8840	11	10	7	9	35	30	19	0	15	15496001	2244	2253	1119	2143	9003	7950	6980	4755	
DHL	-8860	-8860	11	11	7	8	34	32	18	0	16	15488919	2244	2253	1119	2143	9003	7950	6980	4755	
DHL	-8880	-8880	11	11	7	9	35	34	19	0	17	15481818	2244	2253	1119	2143	9003	7950	6980	4755	
DHL	-8900	-8900	10	10	7	10	34	31	17	0	16	15474830	2244	2253	1119	2143	9003	7950	6980	4755	
DHL	-8920	-8920	10	10	6	10	32	31	18	0	16	15468051	2244	2253	1119	2143	9003	7950	6980	4755	
DHL	-8940	-8940	10	10	6	10	33	29	18	0	18	15461379	2244	2253	1119	2143	9003	7950	6980	4755	
DHL	-8960	-8960	12	9	7	11	34	29	19	0	18	15454889	2244	2253	1119	2143	9003	7950	6980	4755	
DHL	-8980	-8980	10	10	8	11	32	30	23	0	19	15448617	2244	2253	1119	2143	9003	7950	6980	4755	
DHL	-9000	-9000	12	9	8	11	31	35	24	0	19	15442454	2244	2253	1119	2143	9003	7950	6980	4755	
DHL	-9020	-9020	12	10	8	10	30	33	25	0	18	15436551	2244	2253	1119	2143	9003	7950	6980	4755	
DHL	-9040	-9040	12	10	8	9	31	37	24	0	18	15430775	2244	2253	1119	2143	9003	7950	6980	4755	
DHL	-9060	-9060	12	10	9	10	31	36	25	0	19	15424794	2244	2253	1119	2143	9003	7950	6980	4755	
DHL	-9080	-9080	13	11	10	10	31	35	25	0	17	15418797	2244	2253	1119	2143	9003	7950	6980	4755	
DHL	-9100	-9100	14	10	10	10	28	34	24	0	18	15413082	2244	2253	1119	2143	9003	7950	6980	4755	
DHL	-9120	-9120	13	12	10	10	28	36	25	0	20	15407477	2244	2253	1119	2143	9003	7950	6980	4755	
DHL	-9140	-9140	11	12	7	11	26	35	27	0	20	15401702	2244	2253	1119	2143	9003	7950	6980	4755	
DHL	-9160	-9160	10	13	8	11	28	34	28	0	23	15396141	2244	2253	1119	2143	9003	7950	6980	4755	
DHL	-9180	-9180	11	13	8	11	28	33	27	0	23	15390732	2244	2253	1119	2143	9003	7950	6980	4755	
DHL	-9200	-9200	10	13	9	11	25	34	28	0	23	15385351	2244	2253	1119	2143	9003	7950	6980	4755	
DHL	-9220	-9220	9	13	9	12	25	35	29	0	21	15379876	2244	2253	1119	2143	9003	7950	6980	4755	
DHL	-9240	-9240	10	12	9	12	23	35	29	0	21	15374303	2244	2253	1119	2143	9003	7950	6980	4755	
DHL	-9260	-9260	10	13	9	12	23	35	29	0	21	15368627	2244	2253	1119	2143	9003	7950	6980	4755	
DHL	-9280	-9280	11	14	8	14	21	32	29	0	24	15362881	2244	2253	1119	2143	9003	7950	6980	4755	
DHL	-9300	-9300	12	13	10	14	21	31	30	0	24	15357142	2244	2253	1119	2143	9003	7950	6980	4755	
DHL	-9320	-9320	12	14	10	14	20	33	31	0	23	15351180	2244	2253	1119	2143	9003	7950	6980	4755	
DHL	-9340	-9340	14	15	9	13	20	32	31	0	20	15344963	2244	2253	1119	2143	9003	7950	6980	4755	
DHL	-9360	-9360	15	15	9	13	20	30	31	0	19	15338611	2244	2253	1119	2143	9003	7950	6980	4755	
DHL	-9380	-9380	15	15	10	12	19	27	32	0	19	15332215	2244	2253	1119	2143	9003	7950	6980	4755	
DHL	-9400	-9400	15	16	10	11	20	30	32	0	20	15325790	2244	2253	1119	2143	9003	7950	6980	4755	
DHL	-9420	-9420	15	18	10	11	20	31	32	0	20	15319159	2244	2253	1119	2143	9003	7950	6980	4755	
DHL	-9440	-9440	15	19	10	12	20	34	34	0	21	15312374	2244	2253	1119	2143	9003	7950	6980	4755	
DHL	-9460	-9460	14	20	9	13	18	34	33	0	22	15305456	2244	2253	1119	2143	9003	7950	6980	4755	
DHL	-9480	-9480	15	19	9	13	17	34	31	0	22	15298457	2244	2253	1119	2143	9003	7950	6980	4755	
DHL	-9500	-9500	14	19	9	13	18	30	31	0	22	15291285	2244	2253	1119	2143	9003	7950	6980	4755	
DHL	-9520	-9520	14	19	9	13	19	31	31	0	23	15284016	2244	2253	1119	2143	9003	7950	6980	4755	
DHL	-9540	-9540	14	20	9	13	18	29	32	0	23	15276679	2244	2253	1119	2143	9003	7950	6980	4755	
DHL	-9560	-9560	15	21	8	13	16	31	32	0	23	15269601	2244	2253	1119	2143	9003	7950	6980	4755	
DHL	-9580	-9580	14	20	9	14	17	32	33	0	23	15262628	2244	2253	1119	2143	9003	7950	6980	4755	
DHL	-9600	-9600	13	20	9	14	21	34	34	0	22	15255469	2244	2253	1119	2143	9003	7950	6980	4755	
DHL	-9620	-9620	14	19	9	15	23	33	33	0	20	15248098	2244	2253	1119	2143	9003	7950	6980	4755	
DHL	-9640	-9640	13	18	9	16	23	34	33	0	20	15240678	2244	2253	1119	2143	9003	7950	6980	4755	
DHL	-9660	-9660	14	17	8	17	21	34	34	0	18	15232917	2244	2253	1119	2143	9003	7950	6980	4755	
DHL	-9680	-9680	14	18	8	17	23	35	34	0	19	15225285	2244	2253	1119	2143	9003	7950	6980	4755	
DHL	-9700	-9700	15	19	7	17	26	33	32	0	21	15217681	2244	2253	1119	2143	9003	7950	6980	4755	
DHL	-9720	-9720	15	20	7	16	26	32	34	0	21	15210238	2244	2253	1119	2143	9003	7950	6980	4755	
DHL	-9740	-9740	14	21	8	16	29	31	35	0	20	15202997	2244	2253	1119	2143	9003	7950	6980	4755	
DHL	-9760	-9760	13	18	8	16	28	32	36	0	21	15195968	2244	2253	1119	2143	9003	7950	6980	4755	
DHL	-9780	-9780	12	17	8	15	29	34	36	0	18	15189168	2244	2253	1119	2143	9003	7950	6980	4755	
DHL	-9800	-9800	12	17	6	15	28	36	34	0	17	15182453	2244	2253	1119	2143	9003	7950	6980	4755	
DHL	-9820	-9820	12	15	6	14	32	36	35	0	18	15175640	2244	2253	1119	2143	9003	7950	6980	4755	
DHL	-9840	-9840	11	14	6	13	31	36	35	0	18	15169497	2244	2253	1119	2143	9003	7950	6980	4755	
DHL	-9860	-9860	11	13	5	14	31	38	34	0	18	15163597	2244	2253	1119	2143	9003	7950	6980	4755	
DHL	-9880	-9880	12	13	4	14	33	37	32	0	18	15157817	2244	2253	1119	2143	9003	7950	6980	4755	
DHL	-9900	-9900	12	12	4	14	35	35	33	0	17	15152017	2244	2253	1119	2143	9003	7950	6980	4755	
DHL	-9920	-9920	13	10	4	14	36	34	32	0	18	15146450	2244	2253	1119	2143	9003	7950	6980	4755	
DHL	-9940	-9940	14	9	4	13	37	32	30	0	16	15140889	2244	2253	1119	2143	9003	7950	6980	4755	
DHL	-9960	-9960	13	8	4	11	38	36	30	0	15	15135267	2244	2253	1119	2143	9003	7950	6980	4755	
DHL	-9980	-9980	12	9	3	12	39	36	29	0	14	15129677	2244	2253	1119	2143	9003	7950	6980	4755	
DHL	-10000	-10000	11	9	4	12	38	37	30	0	15	15123913	2244	2253	1119	2143	9003	7950	6980	4755	
