FL	0	0	41	35	0	25	30	25	4	92	0	19068500	20421	4617	111	1773	4068	20501	2373	12989	460	
FL	20	20	42	31	0	25	27	26	4	91	0	17814355	20421	4617	111	1773	4068	20501	2373	12989	460	
FL	40	40	44	34	0	28	27	28	4	89	0	17769620	20421	4617	111	1773	4068	20501	2373	12989	460	
FL	60	60	49	33	0	30	27	28	4	87	0	17726394	20421	4617	111	1773	4068	20501	2373	12989	460	
FL	80	80	47	32	0	28	26	27	3	90	0	17684031	20421	4617	111	1773	4068	20501	2373	12989	460	
FL	100	100	49	34	0	31	25	27	4	89	0	17644110	20421	4617	111	1773	4068	20501	2373	12989	460	
FL	120	120	46	35	0	31	27	27	4	91	1	17606624	20421	4617	111	1773	4068	20501	2373	12989	460	
FL	140	140	43	33	0	32	27	28	4	92	1	17571905	20421	4617	111	1773	4068	20501	2373	12989	460	
FL	160	160	41	33	0	31	28	27	4	93	1	17541738	20421	4617	111	1773	4068	20501	2373	12989	460	
FL	180	180	39	35	0	28	28	26	4	95	1	17516856	20421	4617	111	1773	4068	20501	2373	12989	460	
FL	200	200	40	33	0	30	27	27	3	100	1	17501959	20421	4617	111	1773	4068	20501	2373	12989	460	
FL	220	220	43	29	0	30	26	28	6	106	1	17499945	20421	4617	111	1773	4068	20501	2373	12989	460	
FL	240	240	45	28	0	32	25	29	7	114	1	17509398	20421	4617	111	1773	4068	20501	2373	12989	460	
FL	260	260	44	27	0	32	23	31	7	117	1	17525408	20421	4617	111	1773	4068	20501	2373	12989	460	
FL	280	280	43	28	0	34	25	37	9	120	1	17542386	20421	4617	111	1773	4068	20501	2373	12989	460	
FL	300	300	43	28	0	35	26	38	10	121	1	17558438	20421	4617	111	1773	4068	20501	2373	12989	460	
FL	320	320	44	29	0	39	24	37	11	122	2	17573149	20421	4617	111	1773	4068	20501	2373	12989	460	
FL	340	340	46	30	0	42	26	40	11	124	2	17586078	20421	4617	111	1773	4068	20501	2373	12989	460	
FL	360	360	44	33	0	42	29	44	11	122	2	17597046	20421	4617	111	1773	4068	20501	2373	12989	460	
FL	380	380	46	32	0	44	29	44	11	125	2	17605677	20421	4617	111	1773	4068	20501	2373	12989	460	
FL	400	400	50	33	0	42	32	48	11	126	2	17611576	20421	4617	111	1773	4068	20501	2373	12989	460	
FL	420	420	51	32	1	42	30	47	11	126	2	17612825	20421	4617	111	1773	4068	20501	2373	12989	460	
FL	440	440	53	31	1	42	29	47	11	126	2	17611389	20421	4617	111	1773	4068	20501	2373	12989	460	
FL	460	460	54	30	1	44	30	49	12	122	2	17607030	20421	4617	111	1773	4068	20501	2373	12989	460	
FL	480	480	54	29	1	48	31	47	12	117	2	17600573	20421	4617	111	1773	4068	20501	2373	12989	460	
FL	500	500	54	28	1	51	29	49	12	118	2	17593155	20421	4617	111	1773	4068	20501	2373	12989	460	
FL	520	520	52	28	1	52	30	50	13	111	2	17585759	20421	4617	111	1773	4068	20501	2373	12989	460	
FL	540	540	52	27	1	53	30	51	12	106	2	17578988	20421	4617	111	1773	4068	20501	2373	12989	460	
FL	560	560	49	27	1	56	28	52	12	105	2	17573904	20421	4617	111	1773	4068	20501	2373	12989	460	
FL	580	580	50	27	1	57	28	58	12	102	3	17570443	20421	4617	111	1773	4068	20501	2373	12989	460	
FL	600	600	48	26	1	58	27	59	11	105	3	17568477	20421	4617	111	1773	4068	20501	2373	12989	460	
FL	620	620	48	26	1	59	26	67	12	106	2	17567636	20421	4617	111	1773	4068	20501	2373	12989	460	
FL	640	640	51	26	1	58	27	70	12	108	2	17568536	20421	4617	111	1773	4068	20501	2373	12989	460	
FL	660	660	52	24	1	60	26	71	13	106	2	17570555	20421	4617	111	1773	4068	20501	2373	12989	460	
FL	680	680	55	23	1	61	29	72	13	103	2	17574494	20421	4617	111	1773	4068	20501	2373	12989	460	
FL	700	700	53	25	1	61	31	73	15	102	2	17578954	20421	4617	111	1773	4068	20501	2373	12989	460	
FL	720	720	53	27	1	59	33	71	14	98	3	17584338	20421	4617	111	1773	4068	20501	2373	12989	460	
FL	740	740	52	25	1	57	37	68	13	91	3	17590828	20421	4617	111	1773	4068	20501	2373	12989	460	
FL	760	760	56	26	1	57	39	69	14	90	3	17597564	20421	4617	111	1773	4068	20501	2373	12989	460	
FL	780	780	57	26	1	55	37	65	12	87	3	17604514	20421	4617	111	1773	4068	20501	2373	12989	460	
FL	800	800	57	26	1	54	37	67	12	87	3	17611833	20421	4617	111	1773	4068	20501	2373	12989	460	
FL	820	820	57	30	1	53	38	66	11	84	2	17619967	20421	4617	111	1773	4068	20501	2373	12989	460	
FL	840	840	57	30	1	52	36	67	12	82	2	17628903	20421	4617	111	1773	4068	20501	2373	12989	460	
FL	860	860	61	28	1	53	33	66	13	83	2	17638018	20421	4617	111	1773	4068	20501	2373	12989	460	
FL	880	880	62	28	1	51	33	68	13	80	2	17646678	20421	4617	111	1773	4068	20501	2373	12989	460	
FL	900	900	60	28	1	52	30	64	13	82	2	17655214	20421	4617	111	1773	4068	20501	2373	12989	460	
FL	920	920	64	27	0	52	31	64	14	82	2	17663152	20421	4617	111	1773	4068	20501	2373	12989	460	
FL	940	940	67	27	0	51	32	67	14	81	2	17670418	20421	4617	111	1773	4068	20501	2373	12989	460	
FL	960	960	65	27	0	48	32	66	13	81	2	17677816	20421	4617	111	1773	4068	20501	2373	12989	460	
FL	980	980	69	26	0	42	34	70	14	82	2	17684943	20421	4617	111	1773	4068	20501	2373	12989	460	
FL	1000	1000	69	27	0	40	34	69	16	79	2	17692185	20421	4617	111	1773	4068	20501	2373	12989	460	
FL	1020	1020	74	27	0	40	31	69	15	81	2	17699467	20421	4617	111	1773	4068	20501	2373	12989	460	
FL	1040	1040	77	26	0	37	31	67	15	87	4	17707222	20421	4617	111	1773	4068	20501	2373	12989	460	
FL	1060	1060	76	24	0	33	33	67	14	85	5	17714899	20421	4617	111	1773	4068	20501	2373	12989	460	
FL	1080	1080	78	25	0	31	34	62	14	85	5	17722303	20421	4617	111	1773	4068	20501	2373	12989	460	
FL	1100	1100	81	25	0	28	33	60	14	81	5	17729858	20421	4617	111	1773	4068	20501	2373	12989	460	
FL	1120	1120	83	26	0	30	31	57	13	79	5	17737889	20421	4617	111	1773	4068	20501	2373	12989	460	
FL	1140	1140	82	28	0	30	31	56	13	77	5	17745492	20421	4617	111	1773	4068	20501	2373	12989	460	
FL	1160	1160	82	30	0	31	31	55	12	73	5	17752779	20421	4617	111	1773	4068	20501	2373	12989	460	
FL	1180	1180	81	29	0	31	30	56	12	73	5	17759673	20421	4617	111	1773	4068	20501	2373	12989	460	
FL	1200	1200	82	29	0	29	28	56	10	70	5	17766532	20421	4617	111	1773	4068	20501	2373	12989	460	
FL	1220	1220	82	29	0	30	27	60	8	71	4	17773344	20421	4617	111	1773	4068	20501	2373	12989	460	
FL	1240	1240	84	29	0	30	25	61	9	70	5	17779731	20421	4617	111	1773	4068	20501	2373	12989	460	
FL	1260	1260	85	30	0	31	23	61	9	71	5	17786006	20421	4617	111	1773	4068	20501	2373	12989	460	
FL	1280	1280	87	30	1	32	24	63	10	71	5	17791752	20421	4617	111	1773	4068	20501	2373	12989	460	
FL	1300	1300	87	33	1	34	24	65	9	72	6	17797647	20421	4617	111	1773	4068	20501	2373	12989	460	
FL	1320	1320	90	28	1	31	23	69	9	76	7	17803150	20421	4617	111	1773	4068	20501	2373	12989	460	
FL	1340	1340	90	28	1	28	24	68	8	73	7	17807661	20421	4617	111	1773	4068	20501	2373	12989	460	
FL	1360	1360	92	27	1	27	26	68	8	71	8	17811624	20421	4617	111	1773	4068	20501	2373	12989	460	
FL	1380	1380	88	28	1	27	27	67	8	74	8	17815372	20421	4617	111	1773	4068	20501	2373	12989	460	
FL	1400	1400	93	27	1	25	27	73	8	71	8	17819019	20421	4617	111	1773	4068	20501	2373	12989	460	
FL	1420	1420	93	27	1	24	26	74	7	70	9	17822559	20421	4617	111	1773	4068	20501	2373	12989	460	
FL	1440	1440	91	26	1	24	24	77	7	74	9	17825412	20421	4617	111	1773	4068	20501	2373	12989	460	
FL	1460	1460	94	27	1	24	23	81	7	78	9	17827447	20421	4617	111	1773	4068	20501	2373	12989	460	
FL	1480	1480	97	27	2	24	22	81	7	79	9	17829128	20421	4617	111	1773	4068	20501	2373	12989	460	
FL	1500	1500	98	25	3	23	22	84	6	80	9	17830578	20421	4617	111	1773	4068	20501	2373	12989	460	
FL	1520	1520	94	25	3	21	25	86	6	77	10	17832054	20421	4617	111	1773	4068	20501	2373	12989	460	
FL	1540	1540	89	24	4	22	25	88	6	71	8	17833312	20421	4617	111	1773	4068	20501	2373	12989	460	
FL	1560	1560	94	24	4	22	26	88	6	73	7	17834384	20421	4617	111	1773	4068	20501	2373	12989	460	
FL	1580	1580	98	25	4	24	24	91	6	70	6	17835263	20421	4617	111	1773	4068	20501	2373	12989	460	
FL	1600	1600	99	24	4	23	24	92	7	69	6	17835437	20421	4617	111	1773	4068	20501	2373	12989	460	
FL	1620	1620	97	23	4	21	25	92	7	67	6	17835443	20421	4617	111	1773	4068	20501	2373	12989	460	
FL	1640	1640	98	22	4	20	24	91	7	66	7	17835594	20421	4617	111	1773	4068	20501	2373	12989	460	
FL	1660	1660	104	23	4	17	24	94	7	67	7	17835360	20421	4617	111	1773	4068	20501	2373	12989	460	
FL	1680	1680	109	24	4	18	22	99	7	67	7	17834817	20421	4617	111	1773	4068	20501	2373	12989	460	
FL	1700	1700	108	22	4	20	22	97	7	66	7	17834256	20421	4617	111	1773	4068	20501	2373	12989	460	
FL	1720	1720	109	21	4	18	21	98	7	68	7	17833723	20421	4617	111	1773	4068	20501	2373	12989	460	
FL	1740	1740	109	23	4	18	19	99	6	71	6	17833267	20421	4617	111	1773	4068	20501	2373	12989	460	
FL	1760	1760	106	21	4	17	20	98	5	70	7	17832602	20421	4617	111	1773	4068	20501	2373	12989	460	
FL	1780	1780	105	20	3	17	19	97	5	69	7	17831914	20421	4617	111	1773	4068	20501	2373	12989	460	
FL	1800	1800	107	19	3	15	18	95	5	67	7	17830610	20421	4617	111	1773	4068	20501	2373	12989	460	
FL	1820	1820	107	20	3	15	21	95	5	61	6	17828594	20421	4617	111	1773	4068	20501	2373	12989	460	
FL	1840	1840	109	19	3	17	21	97	5	62	6	17826620	20421	4617	111	1773	4068	20501	2373	12989	460	
FL	1860	1860	103	20	3	18	20	98	4	62	5	17824631	20421	4617	111	1773	4068	20501	2373	12989	460	
FL	1880	1880	105	19	3	18	20	104	4	55	5	17822661	20421	4617	111	1773	4068	20501	2373	12989	460	
FL	1900	1900	103	19	3	18	22	103	4	55	5	17820921	20421	4617	111	1773	4068	20501	2373	12989	460	
FL	1920	1920	103	20	3	20	24	111	5	53	4	17818877	20421	4617	111	1773	4068	20501	2373	12989	460	
FL	1940	1940	103	21	3	22	26	106	5	51	4	17816668	20421	4617	111	1773	4068	20501	2373	12989	460	
FL	1960	1960	109	23	3	23	27	103	5	52	4	17814497	20421	4617	111	1773	4068	20501	2373	12989	460	
FL	1980	1980	106	26	2	25	26	102	5	56	5	17812548	20421	4617	111	1773	4068	20501	2373	12989	460	
FL	2000	2000	107	27	1	29	26	102	4	55	5	17810308	20421	4617	111	1773	4068	20501	2373	12989	460	
FL	2020	2020	111	29	1	30	23	101	5	59	4	17807857	20421	4617	111	1773	4068	20501	2373	12989	460	
FL	2040	2040	116	31	0	28	23	103	7	63	4	17805162	20421	4617	111	1773	4068	20501	2373	12989	460	
FL	2060	2060	109	36	0	28	22	105	7	62	4	17802270	20421	4617	111	1773	4068	20501	2373	12989	460	
FL	2080	2080	107	34	0	27	22	105	7	64	4	17799260	20421	4617	111	1773	4068	20501	2373	12989	460	
FL	2100	2100	111	36	0	27	23	106	6	63	4	17796204	20421	4617	111	1773	4068	20501	2373	12989	460	
FL	2120	2120	115	36	0	26	23	105	7	64	4	17792989	20421	4617	111	1773	4068	20501	2373	12989	460	
FL	2140	2140	118	37	0	27	24	108	9	64	3	17789540	20421	4617	111	1773	4068	20501	2373	12989	460	
FL	2160	2160	115	35	0	28	24	107	10	69	3	17786352	20421	4617	111	1773	4068	20501	2373	12989	460	
FL	2180	2180	112	34	0	26	26	104	11	72	3	17783171	20421	4617	111	1773	4068	20501	2373	12989	460	
FL	2200	2200	115	34	0	25	26	105	11	73	3	17779538	20421	4617	111	1773	4068	20501	2373	12989	460	
FL	2220	2220	114	33	0	26	27	107	11	68	3	17775322	20421	4617	111	1773	4068	20501	2373	12989	460	
FL	2240	2240	113	31	0	25	28	108	11	67	3	17770955	20421	4617	111	1773	4068	20501	2373	12989	460	
FL	2260	2260	116	32	0	24	29	106	11	68	2	17766422	20421	4617	111	1773	4068	20501	2373	12989	460	
FL	2280	2280	115	32	0	24	30	105	11	73	2	17761703	20421	4617	111	1773	4068	20501	2373	12989	460	
FL	2300	2300	113	32	0	26	29	109	11	76	1	17757065	20421	4617	111	1773	4068	20501	2373	12989	460	
FL	2320	2320	117	31	0	26	26	109	13	80	1	17752893	20421	4617	111	1773	4068	20501	2373	12989	460	
FL	2340	2340	112	32	0	24	25	109	14	78	1	17748898	20421	4617	111	1773	4068	20501	2373	12989	460	
FL	2360	2360	112	31	0	23	26	111	14	77	1	17744859	20421	4617	111	1773	4068	20501	2373	12989	460	
FL	2380	2380	114	32	0	24	26	105	15	81	1	17740740	20421	4617	111	1773	4068	20501	2373	12989	460	
FL	2400	2400	113	35	0	24	24	103	16	83	1	17736246	20421	4617	111	1773	4068	20501	2373	12989	460	
FL	2420	2420	113	34	0	22	22	98	15	84	1	17731919	20421	4617	111	1773	4068	20501	2373	12989	460	
FL	2440	2440	112	32	0	22	20	97	16	81	1	17727664	20421	4617	111	1773	4068	20501	2373	12989	460	
FL	2460	2460	104	32	0	21	20	99	16	74	1	17723602	20421	4617	111	1773	4068	20501	2373	12989	460	
FL	2480	2480	100	29	0	20	18	101	15	69	1	17719346	20421	4617	111	1773	4068	20501	2373	12989	460	
FL	2500	2500	99	29	0	16	17	100	15	69	1	17715151	20421	4617	111	1773	4068	20501	2373	12989	460	
FL	2520	2520	98	28	0	15	17	99	14	69	1	17710994	20421	4617	111	1773	4068	20501	2373	12989	460	
FL	2540	2540	97	26	0	15	17	99	12	70	1	17706849	20421	4617	111	1773	4068	20501	2373	12989	460	
FL	2560	2560	99	21	0	14	15	97	13	71	1	17702501	20421	4617	111	1773	4068	20501	2373	12989	460	
FL	2580	2580	97	22	0	13	16	94	13	69	1	17698017	20421	4617	111	1773	4068	20501	2373	12989	460	
FL	2600	2600	92	21	0	15	16	94	14	70	1	17693585	20421	4617	111	1773	4068	20501	2373	12989	460	
FL	2620	2620	90	20	0	15	15	96	13	72	1	17688992	20421	4617	111	1773	4068	20501	2373	12989	460	
FL	2640	2640	88	19	0	14	14	98	13	74	1	17684563	20421	4617	111	1773	4068	20501	2373	12989	460	
FL	2660	2660	91	20	0	13	16	96	12	69	1	17679946	20421	4617	111	1773	4068	20501	2373	12989	460	
FL	2680	2680	88	20	0	13	15	95	11	69	1	17675133	20421	4617	111	1773	4068	20501	2373	12989	460	
FL	2700	2700	85	23	0	12	16	96	13	67	1	17670261	20421	4617	111	1773	4068	20501	2373	12989	460	
FL	2720	2720	87	26	0	12	16	97	15	67	1	17665389	20421	4617	111	1773	4068	20501	2373	12989	460	
FL	2740	2740	85	27	1	12	15	100	16	66	1	17660272	20421	4617	111	1773	4068	20501	2373	12989	460	
FL	2760	2760	85	26	2	12	13	107	16	64	1	17655275	20421	4617	111	1773	4068	20501	2373	12989	460	
FL	2780	2780	87	26	2	11	12	109	15	59	1	17650576	20421	4617	111	1773	4068	20501	2373	12989	460	
FL	2800	2800	88	24	2	9	13	105	15	58	1	17645989	20421	4617	111	1773	4068	20501	2373	12989	460	
FL	2820	2820	81	25	2	8	13	104	13	55	1	17641248	20421	4617	111	1773	4068	20501	2373	12989	460	
FL	2840	2840	84	26	2	8	15	105	12	55	1	17636396	20421	4617	111	1773	4068	20501	2373	12989	460	
FL	2860	2860	87	27	2	8	14	102	13	56	2	17631595	20421	4617	111	1773	4068	20501	2373	12989	460	
FL	2880	2880	89	27	4	7	13	107	12	53	2	17626769	20421	4617	111	1773	4068	20501	2373	12989	460	
FL	2900	2900	94	25	4	7	14	109	12	50	2	17621984	20421	4617	111	1773	4068	20501	2373	12989	460	
FL	2920	2920	95	28	4	9	15	106	12	50	2	17617271	20421	4617	111	1773	4068	20501	2373	12989	460	
FL	2940	2940	96	28	4	7	15	109	11	51	2	17612619	20421	4617	111	1773	4068	20501	2373	12989	460	
FL	2960	2960	103	27	4	7	14	112	11	55	2	17607553	20421	4617	111	1773	4068	20501	2373	12989	460	
FL	2980	2980	106	28	4	6	15	112	12	56	1	17602272	20421	4617	111	1773	4068	20501	2373	12989	460	
FL	3000	3000	106	29	4	8	15	117	12	57	1	17596685	20421	4617	111	1773	4068	20501	2373	12989	460	
FL	3020	3020	106	29	4	8	16	120	14	56	1	17590858	20421	4617	111	1773	4068	20501	2373	12989	460	
FL	3040	3040	105	29	4	8	16	120	14	53	1	17585074	20421	4617	111	1773	4068	20501	2373	12989	460	
FL	3060	3060	105	30	4	8	17	118	15	58	1	17579412	20421	4617	111	1773	4068	20501	2373	12989	460	
FL	3080	3080	106	31	4	9	18	122	16	60	2	17573587	20421	4617	111	1773	4068	20501	2373	12989	460	
FL	3100	3100	109	31	4	7	17	124	15	60	2	17567581	20421	4617	111	1773	4068	20501	2373	12989	460	
FL	3120	3120	109	33	5	6	18	121	17	57	2	17561396	20421	4617	111	1773	4068	20501	2373	12989	460	
FL	3140	3140	109	33	5	6	18	117	15	57	2	17554701	20421	4617	111	1773	4068	20501	2373	12989	460	
FL	3160	3160	106	32	5	7	17	120	15	59	2	17548064	20421	4617	111	1773	4068	20501	2373	12989	460	
FL	3180	3180	108	33	5	7	18	125	15	58	2	17541906	20421	4617	111	1773	4068	20501	2373	12989	460	
FL	3200	3200	113	30	5	8	18	127	13	59	2	17535985	20421	4617	111	1773	4068	20501	2373	12989	460	
FL	3220	3220	109	29	5	7	18	120	12	60	2	17530153	20421	4617	111	1773	4068	20501	2373	12989	460	
FL	3240	3240	115	29	4	7	18	120	12	60	2	17524297	20421	4617	111	1773	4068	20501	2373	12989	460	
FL	3260	3260	115	31	3	7	20	116	12	59	2	17517880	20421	4617	111	1773	4068	20501	2373	12989	460	
FL	3280	3280	113	32	3	7	20	118	13	57	2	17511087	20421	4617	111	1773	4068	20501	2373	12989	460	
FL	3300	3300	115	32	3	8	20	121	13	56	2	17504216	20421	4617	111	1773	4068	20501	2373	12989	460	
FL	3320	3320	116	32	3	9	20	120	13	57	2	17497209	20421	4617	111	1773	4068	20501	2373	12989	460	
FL	3340	3340	119	30	3	10	19	118	13	58	2	17490186	20421	4617	111	1773	4068	20501	2373	12989	460	
FL	3360	3360	121	31	3	12	18	119	13	60	1	17483033	20421	4617	111	1773	4068	20501	2373	12989	460	
FL	3380	3380	119	31	1	12	19	115	12	62	1	17476183	20421	4617	111	1773	4068	20501	2373	12989	460	
FL	3400	3400	111	31	1	16	18	114	12	61	1	17469263	20421	4617	111	1773	4068	20501	2373	12989	460	
FL	3420	3420	114	29	1	14	19	116	12	61	1	17462366	20421	4617	111	1773	4068	20501	2373	12989	460	
FL	3440	3440	115	31	1	14	20	120	12	62	1	17455391	20421	4617	111	1773	4068	20501	2373	12989	460	
FL	3460	3460	110	30	1	15	20	118	13	62	1	17448395	20421	4617	111	1773	4068	20501	2373	12989	460	
FL	3480	3480	109	32	1	16	21	118	12	63	1	17441423	20421	4617	111	1773	4068	20501	2373	12989	460	
FL	3500	3500	111	30	1	14	22	113	13	63	1	17434509	20421	4617	111	1773	4068	20501	2373	12989	460	
FL	3520	3520	113	30	1	14	21	111	11	61	1	17427659	20421	4617	111	1773	4068	20501	2373	12989	460	
FL	3540	3540	112	30	1	15	23	110	12	64	1	17420674	20421	4617	111	1773	4068	20501	2373	12989	460	
FL	3560	3560	113	31	1	17	23	117	10	58	1	17413598	20421	4617	111	1773	4068	20501	2373	12989	460	
FL	3580	3580	111	30	1	17	21	115	9	58	0	17406437	20421	4617	111	1773	4068	20501	2373	12989	460	
FL	3600	3600	108	29	1	18	22	115	9	59	0	17399402	20421	4617	111	1773	4068	20501	2373	12989	460	
FL	3620	3620	107	28	0	19	22	116	7	59	0	17392513	20421	4617	111	1773	4068	20501	2373	12989	460	
FL	3640	3640	105	27	0	19	22	119	8	58	0	17385932	20421	4617	111	1773	4068	20501	2373	12989	460	
FL	3660	3660	109	28	0	19	22	119	8	56	0	17379265	20421	4617	111	1773	4068	20501	2373	12989	460	
FL	3680	3680	108	27	0	19	21	116	8	55	0	17372396	20421	4617	111	1773	4068	20501	2373	12989	460	
FL	3700	3700	109	29	0	18	20	113	9	55	0	17365498	20421	4617	111	1773	4068	20501	2373	12989	460	
FL	3720	3720	109	29	0	19	19	116	8	53	0	17358673	20421	4617	111	1773	4068	20501	2373	12989	460	
FL	3740	3740	107	29	0	20	19	113	7	53	0	17351920	20421	4617	111	1773	4068	20501	2373	12989	460	
FL	3760	3760	107	29	0	21	17	109	7	58	0	17345575	20421	4617	111	1773	4068	20501	2373	12989	460	
FL	3780	3780	108	27	0	22	17	108	8	61	0	17339473	20421	4617	111	1773	4068	20501	2373	12989	460	
FL	3800	3800	108	28	0	21	17	106	8	61	0	17333379	20421	4617	111	1773	4068	20501	2373	12989	460	
FL	3820	3820	110	28	0	20	17	107	8	59	0	17327337	20421	4617	111	1773	4068	20501	2373	12989	460	
FL	3840	3840	106	32	0	20	16	110	9	59	0	17321107	20421	4617	111	1773	4068	20501	2373	12989	460	
FL	3860	3860	103	31	0	19	16	108	9	58	0	17314704	20421	4617	111	1773	4068	20501	2373	12989	460	
FL	3880	3880	103	31	0	19	15	113	9	56	0	17308277	20421	4617	111	1773	4068	20501	2373	12989	460	
FL	3900	3900	105	31	0	15	14	113	9	56	0	17301831	20421	4617	111	1773	4068	20501	2373	12989	460	
FL	3920	3920	102	33	0	18	12	115	9	58	0	17295425	20421	4617	111	1773	4068	20501	2373	12989	460	
FL	3940	3940	101	31	0	18	11	112	9	58	0	17289009	20421	4617	111	1773	4068	20501	2373	12989	460	
FL	3960	3960	102	30	0	17	12	109	8	59	0	17282529	20421	4617	111	1773	4068	20501	2373	12989	460	
FL	3980	3980	105	27	0	16	10	111	10	61	0	17276048	20421	4617	111	1773	4068	20501	2373	12989	460	
FL	4000	4000	108	28	0	17	11	112	9	61	0	17269562	20421	4617	111	1773	4068	20501	2373	12989	460	
FL	4020	4020	106	28	0	17	11	117	10	63	0	17262985	20421	4617	111	1773	4068	20501	2373	12989	460	
FL	4040	4040	111	29	0	16	10	116	9	58	0	17256325	20421	4617	111	1773	4068	20501	2373	12989	460	
FL	4060	4060	114	29	0	15	10	110	9	58	0	17249764	20421	4617	111	1773	4068	20501	2373	12989	460	
FL	4080	4080	116	28	0	14	12	112	9	57	0	17243405	20421	4617	111	1773	4068	20501	2373	12989	460	
FL	4100	4100	118	28	0	13	14	114	10	57	0	17237179	20421	4617	111	1773	4068	20501	2373	12989	460	
FL	4120	4120	119	28	0	13	13	116	10	58	0	17230984	20421	4617	111	1773	4068	20501	2373	12989	460	
FL	4140	4140	121	30	0	15	13	120	9	58	0	17224805	20421	4617	111	1773	4068	20501	2373	12989	460	
FL	4160	4160	117	29	0	15	12	120	12	63	0	17218793	20421	4617	111	1773	4068	20501	2373	12989	460	
FL	4180	4180	117	30	0	15	11	118	12	67	0	17212558	20421	4617	111	1773	4068	20501	2373	12989	460	
FL	4200	4200	115	29	0	16	12	121	13	73	0	17206449	20421	4617	111	1773	4068	20501	2373	12989	460	
FL	4220	4220	115	27	0	15	16	123	13	75	0	17200156	20421	4617	111	1773	4068	20501	2373	12989	460	
FL	4240	4240	118	28	0	14	17	123	14	74	2	17193911	20421	4617	111	1773	4068	20501	2373	12989	460	
FL	4260	4260	117	27	0	13	18	132	14	69	2	17187374	20421	4617	111	1773	4068	20501	2373	12989	460	
FL	4280	4280	119	28	0	13	19	132	12	66	2	17180659	20421	4617	111	1773	4068	20501	2373	12989	460	
FL	4300	4300	121	28	0	13	19	133	13	67	2	17173835	20421	4617	111	1773	4068	20501	2373	12989	460	
FL	4320	4320	121	28	0	13	21	136	14	67	2	17166910	20421	4617	111	1773	4068	20501	2373	12989	460	
FL	4340	4340	122	26	0	14	21	135	13	68	3	17160145	20421	4617	111	1773	4068	20501	2373	12989	460	
FL	4360	4360	123	26	0	13	21	133	13	67	3	17153733	20421	4617	111	1773	4068	20501	2373	12989	460	
FL	4380	4380	129	27	0	13	22	137	13	67	3	17147144	20421	4617	111	1773	4068	20501	2373	12989	460	
FL	4400	4400	131	28	0	13	22	140	12	69	3	17140615	20421	4617	111	1773	4068	20501	2373	12989	460	
FL	4420	4420	134	25	0	10	22	141	12	65	3	17133942	20421	4617	111	1773	4068	20501	2373	12989	460	
FL	4440	4440	137	24	1	12	22	138	12	64	3	17127188	20421	4617	111	1773	4068	20501	2373	12989	460	
FL	4460	4460	135	24	1	12	21	140	13	62	4	17120520	20421	4617	111	1773	4068	20501	2373	12989	460	
FL	4480	4480	132	27	1	12	21	139	11	57	4	17113968	20421	4617	111	1773	4068	20501	2373	12989	460	
FL	4500	4500	130	29	1	12	21	139	11	57	4	17107399	20421	4617	111	1773	4068	20501	2373	12989	460	
FL	4520	4520	130	28	1	13	21	134	10	56	4	17100811	20421	4617	111	1773	4068	20501	2373	12989	460	
FL	4540	4540	130	27	2	13	20	139	11	58	4	17094332	20421	4617	111	1773	4068	20501	2373	12989	460	
FL	4560	4560	129	25	2	12	19	142	11	61	4	17087753	20421	4617	111	1773	4068	20501	2373	12989	460	
FL	4580	4580	129	26	2	12	17	140	11	62	4	17081068	20421	4617	111	1773	4068	20501	2373	12989	460	
FL	4600	4600	130	26	2	13	14	138	10	63	5	17074238	20421	4617	111	1773	4068	20501	2373	12989	460	
FL	4620	4620	130	29	2	12	14	137	10	62	5	17067336	20421	4617	111	1773	4068	20501	2373	12989	460	
FL	4640	4640	129	29	2	11	16	130	10	61	5	17060430	20421	4617	111	1773	4068	20501	2373	12989	460	
FL	4660	4660	127	29	2	11	17	129	7	55	5	17053290	20421	4617	111	1773	4068	20501	2373	12989	460	
FL	4680	4680	131	28	2	11	18	130	9	51	5	17046187	20421	4617	111	1773	4068	20501	2373	12989	460	
FL	4700	4700	131	28	2	10	17	129	8	45	5	17039133	20421	4617	111	1773	4068	20501	2373	12989	460	
FL	4720	4720	134	29	2	10	15	126	8	46	5	17032120	20421	4617	111	1773	4068	20501	2373	12989	460	
FL	4740	4740	130	27	2	10	14	128	8	47	3	17025128	20421	4617	111	1773	4068	20501	2373	12989	460	
FL	4760	4760	136	28	2	10	13	127	8	48	3	17018282	20421	4617	111	1773	4068	20501	2373	12989	460	
FL	4780	4780	138	28	2	9	13	127	8	49	3	17011485	20421	4617	111	1773	4068	20501	2373	12989	460	
FL	4800	4800	133	28	2	9	14	127	7	48	3	17004878	20421	4617	111	1773	4068	20501	2373	12989	460	
FL	4820	4820	131	27	2	9	12	128	6	49	3	16998319	20421	4617	111	1773	4068	20501	2373	12989	460	
FL	4840	4840	133	26	2	7	13	124	6	52	2	16991699	20421	4617	111	1773	4068	20501	2373	12989	460	
FL	4860	4860	136	29	2	7	14	126	6	56	2	16984929	20421	4617	111	1773	4068	20501	2373	12989	460	
FL	4880	4880	127	28	2	7	13	121	6	56	2	16978207	20421	4617	111	1773	4068	20501	2373	12989	460	
FL	4900	4900	128	28	2	7	13	118	7	55	2	16971522	20421	4617	111	1773	4068	20501	2373	12989	460	
FL	4920	4920	125	30	2	7	13	115	7	56	2	16964904	20421	4617	111	1773	4068	20501	2373	12989	460	
FL	4940	4940	126	31	1	5	13	122	7	56	2	16958238	20421	4617	111	1773	4068	20501	2373	12989	460	
FL	4960	4960	127	32	1	5	14	122	7	56	1	16951638	20421	4617	111	1773	4068	20501	2373	12989	460	
FL	4980	4980	131	30	1	5	15	122	7	57	1	16944952	20421	4617	111	1773	4068	20501	2373	12989	460	
FL	5000	5000	127	31	1	5	13	123	8	59	1	16938421	20421	4617	111	1773	4068	20501	2373	12989	460	
FL	5020	5020	127	32	1	5	14	124	8	58	1	16932057	20421	4617	111	1773	4068	20501	2373	12989	460	
FL	5040	5040	126	34	0	7	14	117	7	58	1	16925778	20421	4617	111	1773	4068	20501	2373	12989	460	
FL	5060	5060	122	35	0	7	15	114	7	58	1	16919519	20421	4617	111	1773	4068	20501	2373	12989	460	
FL	5080	5080	127	36	0	8	15	112	7	58	1	16913251	20421	4617	111	1773	4068	20501	2373	12989	460	
FL	5100	5100	128	36	0	7	17	113	7	60	0	16906938	20421	4617	111	1773	4068	20501	2373	12989	460	
FL	5120	5120	130	32	0	7	17	112	9	59	0	16900620	20421	4617	111	1773	4068	20501	2373	12989	460	
FL	5140	5140	131	31	1	6	15	115	11	63	0	16894329	20421	4617	111	1773	4068	20501	2373	12989	460	
FL	5160	5160	131	30	1	5	14	113	13	67	0	16888027	20421	4617	111	1773	4068	20501	2373	12989	460	
FL	5180	5180	126	32	1	5	13	114	11	67	0	16881941	20421	4617	111	1773	4068	20501	2373	12989	460	
FL	5200	5200	130	32	1	5	13	113	10	69	0	16875639	20421	4617	111	1773	4068	20501	2373	12989	460	
FL	5220	5220	129	34	3	5	12	115	10	65	0	16869311	20421	4617	111	1773	4068	20501	2373	12989	460	
FL	5240	5240	129	34	3	5	12	111	9	64	0	16863084	20421	4617	111	1773	4068	20501	2373	12989	460	
FL	5260	5260	122	32	3	5	13	110	9	62	0	16856946	20421	4617	111	1773	4068	20501	2373	12989	460	
FL	5280	5280	125	34	3	5	12	110	9	65	0	16850946	20421	4617	111	1773	4068	20501	2373	12989	460	
FL	5300	5300	131	33	3	5	12	111	9	64	0	16844840	20421	4617	111	1773	4068	20501	2373	12989	460	
FL	5320	5320	134	34	3	5	13	109	9	63	1	16838842	20421	4617	111	1773	4068	20501	2373	12989	460	
FL	5340	5340	133	34	3	5	12	114	11	57	1	16832899	20421	4617	111	1773	4068	20501	2373	12989	460	
FL	5360	5360	128	30	3	5	12	118	11	55	1	16826964	20421	4617	111	1773	4068	20501	2373	12989	460	
FL	5380	5380	133	32	3	5	12	116	12	56	1	16820848	20421	4617	111	1773	4068	20501	2373	12989	460	
FL	5400	5400	136	31	3	5	13	120	11	55	2	16814619	20421	4617	111	1773	4068	20501	2373	12989	460	
FL	5420	5420	136	31	3	5	13	119	12	54	2	16808312	20421	4617	111	1773	4068	20501	2373	12989	460	
FL	5440	5440	135	31	3	5	13	113	12	53	2	16802174	20421	4617	111	1773	4068	20501	2373	12989	460	
FL	5460	5460	133	31	3	5	12	118	11	51	2	16795933	20421	4617	111	1773	4068	20501	2373	12989	460	
FL	5480	5480	131	31	3	5	12	118	11	50	2	16789573	20421	4617	111	1773	4068	20501	2373	12989	460	
FL	5500	5500	134	28	3	5	13	123	10	46	2	16783191	20421	4617	111	1773	4068	20501	2373	12989	460	
FL	5520	5520	139	27	3	4	14	126	10	47	2	16776805	20421	4617	111	1773	4068	20501	2373	12989	460	
FL	5540	5540	137	25	3	2	16	130	10	47	2	16770201	20421	4617	111	1773	4068	20501	2373	12989	460	
FL	5560	5560	138	24	3	2	16	136	11	45	2	16763456	20421	4617	111	1773	4068	20501	2373	12989	460	
FL	5580	5580	136	24	3	3	16	141	11	45	2	16756980	20421	4617	111	1773	4068	20501	2373	12989	460	
FL	5600	5600	140	24	3	4	14	139	11	41	3	16750659	20421	4617	111	1773	4068	20501	2373	12989	460	
FL	5620	5620	139	24	3	4	14	141	9	43	4	16744523	20421	4617	111	1773	4068	20501	2373	12989	460	
FL	5640	5640	137	24	2	4	14	136	8	42	4	16738516	20421	4617	111	1773	4068	20501	2373	12989	460	
FL	5660	5660	142	26	2	5	14	142	6	39	4	16732623	20421	4617	111	1773	4068	20501	2373	12989	460	
FL	5680	5680	145	25	2	5	14	146	6	37	4	16726577	20421	4617	111	1773	4068	20501	2373	12989	460	
FL	5700	5700	144	24	2	6	15	150	6	34	4	16720604	20421	4617	111	1773	4068	20501	2373	12989	460	
FL	5720	5720	144	21	0	6	14	151	7	36	4	16714468	20421	4617	111	1773	4068	20501	2373	12989	460	
FL	5740	5740	142	22	0	6	16	151	7	37	4	16708134	20421	4617	111	1773	4068	20501	2373	12989	460	
FL	5760	5760	143	24	0	6	16	150	7	41	4	16701655	20421	4617	111	1773	4068	20501	2373	12989	460	
FL	5780	5780	138	22	0	6	17	148	7	38	4	16694928	20421	4617	111	1773	4068	20501	2373	12989	460	
FL	5800	5800	132	23	0	6	15	147	7	38	4	16687976	20421	4617	111	1773	4068	20501	2373	12989	460	
FL	5820	5820	129	23	0	7	14	144	8	41	3	16680866	20421	4617	111	1773	4068	20501	2373	12989	460	
FL	5840	5840	130	22	0	7	17	142	6	45	3	16673642	20421	4617	111	1773	4068	20501	2373	12989	460	
FL	5860	5860	131	22	0	8	16	140	7	47	3	16666495	20421	4617	111	1773	4068	20501	2373	12989	460	
FL	5880	5880	128	20	0	9	16	141	6	49	4	16659700	20421	4617	111	1773	4068	20501	2373	12989	460	
FL	5900	5900	124	21	0	9	17	137	6	50	3	16652861	20421	4617	111	1773	4068	20501	2373	12989	460	
FL	5920	5920	125	21	0	10	18	139	7	52	3	16645907	20421	4617	111	1773	4068	20501	2373	12989	460	
FL	5940	5940	126	21	0	10	18	145	7	55	3	16638988	20421	4617	111	1773	4068	20501	2373	12989	460	
FL	5960	5960	127	20	0	10	18	138	7	57	3	16632070	20421	4617	111	1773	4068	20501	2373	12989	460	
FL	5980	5980	129	20	0	11	17	138	7	61	3	16625189	20421	4617	111	1773	4068	20501	2373	12989	460	
FL	6000	6000	130	22	0	10	16	134	8	62	3	16618197	20421	4617	111	1773	4068	20501	2373	12989	460	
FL	6020	6020	126	23	0	10	14	133	9	63	4	16611064	20421	4617	111	1773	4068	20501	2373	12989	460	
FL	6040	6040	127	23	0	10	12	129	9	62	4	16604016	20421	4617	111	1773	4068	20501	2373	12989	460	
FL	6060	6060	128	24	0	10	12	126	8	61	4	16597140	20421	4617	111	1773	4068	20501	2373	12989	460	
FL	6080	6080	124	25	0	8	12	124	8	61	4	16590004	20421	4617	111	1773	4068	20501	2373	12989	460	
FL	6100	6100	116	27	0	7	14	126	8	62	3	16582940	20421	4617	111	1773	4068	20501	2373	12989	460	
FL	6120	6120	116	27	0	7	16	125	8	62	2	16575684	20421	4617	111	1773	4068	20501	2373	12989	460	
FL	6140	6140	116	28	0	8	16	131	8	61	2	16568219	20421	4617	111	1773	4068	20501	2373	12989	460	
FL	6160	6160	116	26	0	7	17	126	8	62	3	16560773	20421	4617	111	1773	4068	20501	2373	12989	460	
FL	6180	6180	116	27	0	8	18	120	9	63	3	16553326	20421	4617	111	1773	4068	20501	2373	12989	460	
FL	6200	6200	113	29	0	7	17	119	9	66	3	16545948	20421	4617	111	1773	4068	20501	2373	12989	460	
FL	6220	6220	115	31	0	7	17	117	8	64	5	16538987	20421	4617	111	1773	4068	20501	2373	12989	460	
FL	6240	6240	116	33	0	7	15	123	8	62	5	16532171	20421	4617	111	1773	4068	20501	2373	12989	460	
FL	6260	6260	114	33	0	9	16	121	8	61	5	16525534	20421	4617	111	1773	4068	20501	2373	12989	460	
FL	6280	6280	112	32	0	10	17	124	10	64	5	16519056	20421	4617	111	1773	4068	20501	2373	12989	460	
FL	6300	6300	114	33	0	10	17	126	11	65	5	16512661	20421	4617	111	1773	4068	20501	2373	12989	460	
FL	6320	6320	117	34	0	9	18	128	10	63	5	16506270	20421	4617	111	1773	4068	20501	2373	12989	460	
FL	6340	6340	111	34	0	9	16	124	10	62	5	16499928	20421	4617	111	1773	4068	20501	2373	12989	460	
FL	6360	6360	114	35	0	8	16	121	9	58	5	16493358	20421	4617	111	1773	4068	20501	2373	12989	460	
FL	6380	6380	120	34	0	7	16	122	9	61	4	16486580	20421	4617	111	1773	4068	20501	2373	12989	460	
FL	6400	6400	126	34	0	7	15	125	9	61	4	16479839	20421	4617	111	1773	4068	20501	2373	12989	460	
FL	6420	6420	122	32	0	6	14	124	7	61	4	16473343	20421	4617	111	1773	4068	20501	2373	12989	460	
FL	6440	6440	121	34	0	7	14	120	8	57	4	16466744	20421	4617	111	1773	4068	20501	2373	12989	460	
FL	6460	6460	121	36	0	7	14	123	9	55	4	16459829	20421	4617	111	1773	4068	20501	2373	12989	460	
FL	6480	6480	121	35	0	7	15	119	9	51	4	16452746	20421	4617	111	1773	4068	20501	2373	12989	460	
FL	6500	6500	127	32	0	7	15	120	8	50	4	16445683	20421	4617	111	1773	4068	20501	2373	12989	460	
FL	6520	6520	125	33	0	8	16	118	7	49	3	16438513	20421	4617	111	1773	4068	20501	2373	12989	460	
FL	6540	6540	125	35	0	8	18	126	7	53	3	16431407	20421	4617	111	1773	4068	20501	2373	12989	460	
FL	6560	6560	125	34	0	8	17	128	7	58	3	16424392	20421	4617	111	1773	4068	20501	2373	12989	460	
FL	6580	6580	133	32	0	9	17	124	7	58	3	16417496	20421	4617	111	1773	4068	20501	2373	12989	460	
FL	6600	6600	133	30	0	9	15	124	7	60	3	16410593	20421	4617	111	1773	4068	20501	2373	12989	460	
FL	6620	6620	133	30	0	9	15	128	8	61	3	16403821	20421	4617	111	1773	4068	20501	2373	12989	460	
FL	6640	6640	139	30	0	8	15	125	8	60	3	16397030	20421	4617	111	1773	4068	20501	2373	12989	460	
FL	6660	6660	137	31	1	9	15	127	8	60	2	16390334	20421	4617	111	1773	4068	20501	2373	12989	460	
FL	6680	6680	136	30	1	9	14	129	7	59	2	16383706	20421	4617	111	1773	4068	20501	2373	12989	460	
FL	6700	6700	137	28	1	9	14	127	7	59	2	16377074	20421	4617	111	1773	4068	20501	2373	12989	460	
FL	6720	6720	136	26	1	10	14	128	7	62	1	16370355	20421	4617	111	1773	4068	20501	2373	12989	460	
FL	6740	6740	134	26	1	10	15	126	7	63	0	16363384	20421	4617	111	1773	4068	20501	2373	12989	460	
FL	6760	6760	136	26	1	8	14	127	8	61	0	16356168	20421	4617	111	1773	4068	20501	2373	12989	460	
FL	6780	6780	136	26	1	7	13	126	6	58	1	16348887	20421	4617	111	1773	4068	20501	2373	12989	460	
FL	6800	6800	133	26	1	7	13	120	5	61	1	16341692	20421	4617	111	1773	4068	20501	2373	12989	460	
FL	6820	6820	140	28	1	8	12	122	5	60	1	16334541	20421	4617	111	1773	4068	20501	2373	12989	460	
FL	6840	6840	146	28	1	8	13	128	5	57	1	16327427	20421	4617	111	1773	4068	20501	2373	12989	460	
FL	6860	6860	143	28	1	9	13	126	5	59	1	16320396	20421	4617	111	1773	4068	20501	2373	12989	460	
FL	6880	6880	140	30	1	9	13	121	5	58	1	16313321	20421	4617	111	1773	4068	20501	2373	12989	460	
FL	6900	6900	135	33	1	9	12	127	5	58	2	16306470	20421	4617	111	1773	4068	20501	2373	12989	460	
FL	6920	6920	137	34	1	9	12	126	7	59	2	16299544	20421	4617	111	1773	4068	20501	2373	12989	460	
FL	6940	6940	133	32	1	8	13	129	7	62	2	16292743	20421	4617	111	1773	4068	20501	2373	12989	460	
FL	6960	6960	134	32	1	8	13	131	6	66	2	16286427	20421	4617	111	1773	4068	20501	2373	12989	460	
FL	6980	6980	132	32	1	7	13	135	6	64	2	16280437	20421	4617	111	1773	4068	20501	2373	12989	460	
FL	7000	7000	127	34	1	8	13	135	7	68	2	16274382	20421	4617	111	1773	4068	20501	2373	12989	460	
FL	7020	7020	126	33	1	7	12	134	7	67	2	16268524	20421	4617	111	1773	4068	20501	2373	12989	460	
FL	7040	7040	129	32	1	7	14	130	7	63	2	16262754	20421	4617	111	1773	4068	20501	2373	12989	460	
FL	7060	7060	133	34	1	7	14	130	7	63	2	16256970	20421	4617	111	1773	4068	20501	2373	12989	460	
FL	7080	7080	126	36	1	6	15	135	10	63	2	16251249	20421	4617	111	1773	4068	20501	2373	12989	460	
FL	7100	7100	128	37	1	6	15	135	10	64	2	16245450	20421	4617	111	1773	4068	20501	2373	12989	460	
FL	7120	7120	128	38	1	6	13	131	9	67	2	16239704	20421	4617	111	1773	4068	20501	2373	12989	460	
FL	7140	7140	123	36	1	7	15	131	8	73	2	16234065	20421	4617	111	1773	4068	20501	2373	12989	460	
FL	7160	7160	121	35	0	6	15	134	8	72	2	16228153	20421	4617	111	1773	4068	20501	2373	12989	460	
FL	7180	7180	124	36	0	5	17	130	8	74	2	16222253	20421	4617	111	1773	4068	20501	2373	12989	460	
FL	7200	7200	121	36	0	5	18	132	9	74	2	16216443	20421	4617	111	1773	4068	20501	2373	12989	460	
FL	7220	7220	120	38	0	5	18	133	10	73	2	16210556	20421	4617	111	1773	4068	20501	2373	12989	460	
FL	7240	7240	125	36	0	6	19	131	11	74	2	16204906	20421	4617	111	1773	4068	20501	2373	12989	460	
FL	7260	7260	123	34	0	6	18	130	11	76	2	16199558	20421	4617	111	1773	4068	20501	2373	12989	460	
FL	7280	7280	125	35	0	8	17	128	11	76	1	16194146	20421	4617	111	1773	4068	20501	2373	12989	460	
FL	7300	7300	127	33	0	8	18	132	11	76	1	16188811	20421	4617	111	1773	4068	20501	2373	12989	460	
FL	7320	7320	119	31	0	7	19	126	11	76	2	16183431	20421	4617	111	1773	4068	20501	2373	12989	460	
FL	7340	7340	117	31	0	7	17	123	13	79	2	16178152	20421	4617	111	1773	4068	20501	2373	12989	460	
FL	7360	7360	116	30	0	6	17	134	14	82	2	16173038	20421	4617	111	1773	4068	20501	2373	12989	460	
FL	7380	7380	113	29	0	6	17	137	14	76	2	16167881	20421	4617	111	1773	4068	20501	2373	12989	460	
FL	7400	7400	112	25	0	7	17	128	14	80	1	16162479	20421	4617	111	1773	4068	20501	2373	12989	460	
FL	7420	7420	113	24	0	8	17	131	12	79	1	16157032	20421	4617	111	1773	4068	20501	2373	12989	460	
FL	7440	7440	114	24	0	8	18	131	11	79	2	16151500	20421	4617	111	1773	4068	20501	2373	12989	460	
FL	7460	7460	117	25	0	8	18	128	11	76	2	16145707	20421	4617	111	1773	4068	20501	2373	12989	460	
FL	7480	7480	118	27	0	8	17	126	11	77	2	16139809	20421	4617	111	1773	4068	20501	2373	12989	460	
FL	7500	7500	113	26	0	7	17	125	10	75	2	16134098	20421	4617	111	1773	4068	20501	2373	12989	460	
FL	7520	7520	118	25	0	7	17	130	10	74	2	16128471	20421	4617	111	1773	4068	20501	2373	12989	460	
FL	7540	7540	117	24	0	7	14	131	10	75	2	16122713	20421	4617	111	1773	4068	20501	2373	12989	460	
FL	7560	7560	115	22	0	7	15	129	10	72	2	16116769	20421	4617	111	1773	4068	20501	2373	12989	460	
FL	7580	7580	115	19	0	8	15	126	7	71	2	16110740	20421	4617	111	1773	4068	20501	2373	12989	460	
FL	7600	7600	115	19	0	8	15	122	7	68	2	16104764	20421	4617	111	1773	4068	20501	2373	12989	460	
FL	7620	7620	114	20	0	8	15	123	7	63	2	16098752	20421	4617	111	1773	4068	20501	2373	12989	460	
FL	7640	7640	114	21	0	8	14	122	7	57	2	16092806	20421	4617	111	1773	4068	20501	2373	12989	460	
FL	7660	7660	115	21	0	10	13	120	7	59	2	16086973	20421	4617	111	1773	4068	20501	2373	12989	460	
FL	7680	7680	110	21	0	10	12	122	7	59	2	16081139	20421	4617	111	1773	4068	20501	2373	12989	460	
FL	7700	7700	111	25	0	10	13	120	6	57	2	16074952	20421	4617	111	1773	4068	20501	2373	12989	460	
FL	7720	7720	110	24	0	9	14	122	6	59	2	16068771	20421	4617	111	1773	4068	20501	2373	12989	460	
FL	7740	7740	104	24	0	13	13	124	5	60	2	16062612	20421	4617	111	1773	4068	20501	2373	12989	460	
FL	7760	7760	107	25	0	13	17	122	4	61	2	16056262	20421	4617	111	1773	4068	20501	2373	12989	460	
FL	7780	7780	108	25	0	12	18	123	5	62	2	16049849	20421	4617	111	1773	4068	20501	2373	12989	460	
FL	7800	7800	108	28	0	13	18	126	5	58	2	16043303	20421	4617	111	1773	4068	20501	2373	12989	460	
FL	7820	7820	107	27	0	13	17	130	6	58	1	16036759	20421	4617	111	1773	4068	20501	2373	12989	460	
FL	7840	7840	108	27	0	13	18	132	5	56	1	16030140	20421	4617	111	1773	4068	20501	2373	12989	460	
FL	7860	7860	109	28	0	13	18	127	4	54	1	16023433	20421	4617	111	1773	4068	20501	2373	12989	460	
FL	7880	7880	109	27	1	14	19	132	4	57	1	16016813	20421	4617	111	1773	4068	20501	2373	12989	460	
FL	7900	7900	110	29	1	14	19	134	4	52	1	16010155	20421	4617	111	1773	4068	20501	2373	12989	460	
FL	7920	7920	105	28	1	13	20	134	4	50	1	16003582	20421	4617	111	1773	4068	20501	2373	12989	460	
FL	7940	7940	110	28	1	14	20	132	4	49	0	15997032	20421	4617	111	1773	4068	20501	2373	12989	460	
FL	7960	7960	107	25	1	15	21	135	4	47	0	15990715	20421	4617	111	1773	4068	20501	2373	12989	460	
FL	7980	7980	105	23	1	16	23	138	4	47	0	15984419	20421	4617	111	1773	4068	20501	2373	12989	460	
FL	8000	8000	104	22	1	16	24	134	4	45	0	15977948	20421	4617	111	1773	4068	20501	2373	12989	460	
FL	8020	8020	101	22	1	16	25	129	4	48	0	15971313	20421	4617	111	1773	4068	20501	2373	12989	460	
FL	8040	8040	97	24	1	16	25	127	4	48	0	15964669	20421	4617	111	1773	4068	20501	2373	12989	460	
FL	8060	8060	93	24	1	16	24	127	4	46	0	15958203	20421	4617	111	1773	4068	20501	2373	12989	460	
FL	8080	8080	91	25	1	16	23	132	4	46	0	15951735	20421	4617	111	1773	4068	20501	2373	12989	460	
FL	8100	8100	91	26	1	16	23	132	5	47	0	15944965	20421	4617	111	1773	4068	20501	2373	12989	460	
FL	8120	8120	96	24	1	16	23	130	7	49	0	15938075	20421	4617	111	1773	4068	20501	2373	12989	460	
FL	8140	8140	95	25	1	15	22	134	7	50	1	15931286	20421	4617	111	1773	4068	20501	2373	12989	460	
FL	8160	8160	95	27	1	13	22	131	7	47	1	15924533	20421	4617	111	1773	4068	20501	2373	12989	460	
FL	8180	8180	98	28	1	13	22	137	7	46	1	15917957	20421	4617	111	1773	4068	20501	2373	12989	460	
FL	8200	8200	100	24	1	13	21	135	8	45	1	15911647	20421	4617	111	1773	4068	20501	2373	12989	460	
FL	8220	8220	98	25	1	13	20	130	8	46	1	15905144	20421	4617	111	1773	4068	20501	2373	12989	460	
FL	8240	8240	100	24	1	8	19	129	10	44	1	15898502	20421	4617	111	1773	4068	20501	2373	12989	460	
FL	8260	8260	97	23	1	9	15	132	11	41	1	15891845	20421	4617	111	1773	4068	20501	2373	12989	460	
FL	8280	8280	94	24	1	9	14	137	10	43	1	15885302	20421	4617	111	1773	4068	20501	2373	12989	460	
FL	8300	8300	98	21	1	10	13	131	11	42	1	15878864	20421	4617	111	1773	4068	20501	2373	12989	460	
FL	8320	8320	98	22	1	10	14	134	10	42	1	15872473	20421	4617	111	1773	4068	20501	2373	12989	460	
FL	8340	8340	97	22	1	10	13	137	9	44	1	15866231	20421	4617	111	1773	4068	20501	2373	12989	460	
FL	8360	8360	97	22	1	10	14	134	9	43	1	15860001	20421	4617	111	1773	4068	20501	2373	12989	460	
FL	8380	8380	102	25	0	9	17	127	9	41	2	15853686	20421	4617	111	1773	4068	20501	2373	12989	460	
FL	8400	8400	99	25	0	10	19	129	9	40	3	15847475	20421	4617	111	1773	4068	20501	2373	12989	460	
FL	8420	8420	104	27	0	10	18	132	9	42	3	15841203	20421	4617	111	1773	4068	20501	2373	12989	460	
FL	8440	8440	99	26	0	9	17	134	9	41	3	15834870	20421	4617	111	1773	4068	20501	2373	12989	460	
FL	8460	8460	100	27	0	8	16	131	9	45	3	15828467	20421	4617	111	1773	4068	20501	2373	12989	460	
FL	8480	8480	102	27	1	9	15	125	9	46	3	15822066	20421	4617	111	1773	4068	20501	2373	12989	460	
FL	8500	8500	105	28	1	9	15	128	9	46	3	15815793	20421	4617	111	1773	4068	20501	2373	12989	460	
FL	8520	8520	106	28	1	10	15	128	11	46	3	15809712	20421	4617	111	1773	4068	20501	2373	12989	460	
FL	8540	8540	111	27	1	11	14	127	11	47	3	15803707	20421	4617	111	1773	4068	20501	2373	12989	460	
FL	8560	8560	114	27	1	11	14	130	11	48	3	15797693	20421	4617	111	1773	4068	20501	2373	12989	460	
FL	8580	8580	122	28	1	10	14	127	13	52	3	15791562	20421	4617	111	1773	4068	20501	2373	12989	460	
FL	8600	8600	124	27	1	10	15	130	12	51	3	15785465	20421	4617	111	1773	4068	20501	2373	12989	460	
FL	8620	8620	119	27	1	10	16	132	11	50	3	15779298	20421	4617	111	1773	4068	20501	2373	12989	460	
FL	8640	8640	123	26	1	10	17	128	12	50	2	15773082	20421	4617	111	1773	4068	20501	2373	12989	460	
FL	8660	8660	120	25	1	10	17	133	12	51	2	15766838	20421	4617	111	1773	4068	20501	2373	12989	460	
FL	8680	8680	122	23	1	11	17	126	12	50	2	15760357	20421	4617	111	1773	4068	20501	2373	12989	460	
FL	8700	8700	121	26	1	12	17	131	12	52	2	15753891	20421	4617	111	1773	4068	20501	2373	12989	460	
FL	8720	8720	124	26	1	12	19	132	12	49	2	15747660	20421	4617	111	1773	4068	20501	2373	12989	460	
FL	8740	8740	124	26	1	12	20	134	10	48	2	15741671	20421	4617	111	1773	4068	20501	2373	12989	460	
FL	8760	8760	126	29	1	11	20	134	9	50	2	15735638	20421	4617	111	1773	4068	20501	2373	12989	460	
FL	8780	8780	128	30	1	11	20	127	9	49	2	15729479	20421	4617	111	1773	4068	20501	2373	12989	460	
FL	8800	8800	125	30	1	9	22	132	8	51	2	15723223	20421	4617	111	1773	4068	20501	2373	12989	460	
FL	8820	8820	127	28	1	9	24	134	8	51	2	15716907	20421	4617	111	1773	4068	20501	2373	12989	460	
FL	8840	8840	128	28	1	9	24	134	8	49	2	15710523	20421	4617	111	1773	4068	20501	2373	12989	460	
FL	8860	8860	129	27	1	11	24	134	8	50	2	15704184	20421	4617	111	1773	4068	20501	2373	12989	460	
FL	8880	8880	124	24	1	11	20	136	9	52	1	15697828	20421	4617	111	1773	4068	20501	2373	12989	460	
FL	8900	8900	124	22	1	9	18	130	9	54	0	15691479	20421	4617	111	1773	4068	20501	2373	12989	460	
FL	8920	8920	125	21	1	9	19	125	9	59	0	15685048	20421	4617	111	1773	4068	20501	2373	12989	460	
FL	8940	8940	127	23	1	9	19	122	10	62	0	15678466	20421	4617	111	1773	4068	20501	2373	12989	460	
FL	8960	8960	125	23	1	9	19	121	11	62	0	15671865	20421	4617	111	1773	4068	20501	2373	12989	460	
FL	8980	8980	122	25	0	7	18	123	12	61	1	15665199	20421	4617	111	1773	4068	20501	2373	12989	460	
FL	9000	9000	120	26	0	7	18	122	13	62	1	15658461	20421	4617	111	1773	4068	20501	2373	12989	460	
FL	9020	9020	121	27	0	8	18	126	11	60	1	15651723	20421	4617	111	1773	4068	20501	2373	12989	460	
FL	9040	9040	115	27	0	7	18	126	11	57	1	15644909	20421	4617	111	1773	4068	20501	2373	12989	460	
FL	9060	9060	113	29	0	7	19	120	11	58	1	15637851	20421	4617	111	1773	4068	20501	2373	12989	460	
FL	9080	9080	112	29	0	7	22	119	10	53	1	15630792	20421	4617	111	1773	4068	20501	2373	12989	460	
FL	9100	9100	115	29	0	8	21	118	10	54	1	15623809	20421	4617	111	1773	4068	20501	2373	12989	460	
FL	9120	9120	115	29	0	8	20	117	10	53	1	15616964	20421	4617	111	1773	4068	20501	2373	12989	460	
FL	9140	9140	112	28	0	8	20	118	9	55	1	15609759	20421	4617	111	1773	4068	20501	2373	12989	460	
FL	9160	9160	112	27	0	8	20	112	9	54	1	15602552	20421	4617	111	1773	4068	20501	2373	12989	460	
FL	9180	9180	112	26	0	8	21	119	10	56	1	15595434	20421	4617	111	1773	4068	20501	2373	12989	460	
FL	9200	9200	109	23	0	7	20	122	10	55	1	15588248	20421	4617	111	1773	4068	20501	2373	12989	460	
FL	9220	9220	108	22	0	7	18	127	9	53	1	15580979	20421	4617	111	1773	4068	20501	2373	12989	460	
FL	9240	9240	107	23	0	7	17	127	11	56	1	15573635	20421	4617	111	1773	4068	20501	2373	12989	460	
FL	9260	9260	108	20	0	7	17	124	12	55	1	15566190	20421	4617	111	1773	4068	20501	2373	12989	460	
FL	9280	9280	109	17	0	6	18	128	14	53	1	15558776	20421	4617	111	1773	4068	20501	2373	12989	460	
FL	9300	9300	111	17	0	7	18	129	16	52	1	15551260	20421	4617	111	1773	4068	20501	2373	12989	460	
FL	9320	9320	107	18	0	9	15	129	16	54	1	15543927	20421	4617	111	1773	4068	20501	2373	12989	460	
FL	9340	9340	108	19	0	10	15	126	16	56	1	15536453	20421	4617	111	1773	4068	20501	2373	12989	460	
FL	9360	9360	106	20	0	8	15	128	16	53	1	15529028	20421	4617	111	1773	4068	20501	2373	12989	460	
FL	9380	9380	108	21	0	10	17	128	15	50	1	15521820	20421	4617	111	1773	4068	20501	2373	12989	460	
FL	9400	9400	108	21	0	11	17	131	16	54	1	15514536	20421	4617	111	1773	4068	20501	2373	12989	460	
FL	9420	9420	106	20	0	11	17	131	17	49	1	15507291	20421	4617	111	1773	4068	20501	2373	12989	460	
FL	9440	9440	109	19	0	11	16	131	16	48	1	15500222	20421	4617	111	1773	4068	20501	2373	12989	460	
FL	9460	9460	112	18	0	13	16	130	15	48	1	15492932	20421	4617	111	1773	4068	20501	2373	12989	460	
FL	9480	9480	113	17	0	14	17	131	14	48	0	15485502	20421	4617	111	1773	4068	20501	2373	12989	460	
FL	9500	9500	112	15	0	14	16	134	13	50	0	15478091	20421	4617	111	1773	4068	20501	2373	12989	460	
FL	9520	9520	112	15	0	12	16	133	13	50	0	15470629	20421	4617	111	1773	4068	20501	2373	12989	460	
FL	9540	9540	112	15	0	12	16	137	13	53	0	15463009	20421	4617	111	1773	4068	20501	2373	12989	460	
FL	9560	9560	117	14	0	12	15	142	13	51	0	15455400	20421	4617	111	1773	4068	20501	2373	12989	460	
FL	9580	9580	113	15	0	12	12	144	13	53	1	15447944	20421	4617	111	1773	4068	20501	2373	12989	460	
FL	9600	9600	111	15	0	11	13	143	13	54	1	15440435	20421	4617	111	1773	4068	20501	2373	12989	460	
FL	9620	9620	112	16	0	11	13	141	12	55	1	15432814	20421	4617	111	1773	4068	20501	2373	12989	460	
FL	9640	9640	113	16	0	11	12	142	12	56	1	15425475	20421	4617	111	1773	4068	20501	2373	12989	460	
FL	9660	9660	115	20	0	11	13	148	12	55	1	15418474	20421	4617	111	1773	4068	20501	2373	12989	460	
FL	9680	9680	112	20	0	10	11	140	11	55	1	15411431	20421	4617	111	1773	4068	20501	2373	12989	460	
FL	9700	9700	120	20	0	10	12	132	10	56	1	15404363	20421	4617	111	1773	4068	20501	2373	12989	460	
FL	9720	9720	126	19	0	10	12	127	11	59	1	15397332	20421	4617	111	1773	4068	20501	2373	12989	460	
FL	9740	9740	126	19	0	10	12	126	9	59	1	15390178	20421	4617	111	1773	4068	20501	2373	12989	460	
FL	9760	9760	122	21	0	11	12	129	8	58	1	15383222	20421	4617	111	1773	4068	20501	2373	12989	460	
FL	9780	9780	124	22	0	11	11	127	6	60	1	15376320	20421	4617	111	1773	4068	20501	2373	12989	460	
FL	9800	9800	124	22	0	11	11	121	4	61	1	15369518	20421	4617	111	1773	4068	20501	2373	12989	460	
FL	9820	9820	127	21	0	9	12	115	4	61	1	15362724	20421	4617	111	1773	4068	20501	2373	12989	460	
FL	9840	9840	125	23	0	8	12	111	4	59	1	15356146	20421	4617	111	1773	4068	20501	2373	12989	460	
FL	9860	9860	127	23	0	8	11	110	5	64	1	15349659	20421	4617	111	1773	4068	20501	2373	12989	460	
FL	9880	9880	128	22	1	6	9	109	6	66	1	15343194	20421	4617	111	1773	4068	20501	2373	12989	460	
FL	9900	9900	131	23	1	5	10	107	6	66	2	15336807	20421	4617	111	1773	4068	20501	2373	12989	460	
FL	9920	9920	130	24	1	5	9	105	5	66	2	15330529	20421	4617	111	1773	4068	20501	2373	12989	460	
FL	9940	9940	125	25	1	5	10	107	5	63	2	15324343	20421	4617	111	1773	4068	20501	2373	12989	460	
FL	9960	9960	123	25	1	3	11	112	5	61	3	15318354	20421	4617	111	1773	4068	20501	2373	12989	460	
FL	9980	9980	126	24	1	2	10	116	5	64	3	15312467	20421	4617	111	1773	4068	20501	2373	12989	460	
FL	10000	10000	128	24	1	2	10	115	6	63	3	15306564	20421	4617	111	1773	4068	20501	2373	12989	460	
