DHL	0	0	37	78	6	20	63	81	33	0	24	19068500	2244	2253	1119	2143	9003	7950	6980	4755	
DHL	20	20	38	76	9	17	61	81	32	0	17	17814355	2244	2253	1119	2143	9003	7950	6980	4755	
DHL	40	40	40	78	9	18	65	80	32	0	18	17769620	2244	2253	1119	2143	9003	7950	6980	4755	
DHL	60	60	44	77	10	18	71	81	30	0	19	17726394	2244	2253	1119	2143	9003	7950	6980	4755	
DHL	80	80	48	79	13	18	76	81	32	0	19	17684031	2244	2253	1119	2143	9003	7950	6980	4755	
DHL	100	100	51	83	13	19	78	81	32	0	20	17644110	2244	2253	1119	2143	9003	7950	6980	4755	
DHL	120	120	49	83	16	19	81	88	33	0	19	17606624	2244	2253	1119	2143	9003	7950	6980	4755	
DHL	140	140	49	87	15	20	85	89	34	0	20	17571905	2244	2253	1119	2143	9003	7950	6980	4755	
DHL	160	160	51	91	15	18	85	88	36	0	21	17541738	2244	2253	1119	2143	9003	7950	6980	4755	
DHL	180	180	53	93	15	19	90	98	37	0	20	17516856	2244	2253	1119	2143	9003	7950	6980	4755	
DHL	200	200	53	95	15	18	99	102	39	0	18	17501959	2244	2253	1119	2143	9003	7950	6980	4755	
DHL	220	220	55	99	14	21	101	105	44	0	20	17499945	2244	2253	1119	2143	9003	7950	6980	4755	
DHL	240	240	55	96	14	23	97	103	48	0	19	17509398	2244	2253	1119	2143	9003	7950	6980	4755	
DHL	260	260	56	93	14	23	94	104	52	0	20	17525408	2244	2253	1119	2143	9003	7950	6980	4755	
DHL	280	280	54	94	14	24	90	109	57	0	22	17542386	2244	2253	1119	2143	9003	7950	6980	4755	
DHL	300	300	58	102	14	23	88	110	58	0	22	17558438	2244	2253	1119	2143	9003	7950	6980	4755	
DHL	320	320	59	108	14	22	92	112	61	0	20	17573149	2244	2253	1119	2143	9003	7950	6980	4755	
DHL	340	340	66	110	15	21	95	115	65	0	21	17586078	2244	2253	1119	2143	9003	7950	6980	4755	
DHL	360	360	67	108	15	19	101	116	65	0	22	17597046	2244	2253	1119	2143	9003	7950	6980	4755	
DHL	380	380	69	109	15	21	102	114	67	0	22	17605677	2244	2253	1119	2143	9003	7950	6980	4755	
DHL	400	400	72	111	15	21	102	113	70	0	23	17611576	2244	2253	1119	2143	9003	7950	6980	4755	
DHL	420	420	72	103	15	23	105	114	70	0	25	17612825	2244	2253	1119	2143	9003	7950	6980	4755	
DHL	440	440	75	106	15	23	104	108	70	0	25	17611389	2244	2253	1119	2143	9003	7950	6980	4755	
DHL	460	460	72	115	15	26	104	109	71	0	24	17607030	2244	2253	1119	2143	9003	7950	6980	4755	
DHL	480	480	74	115	15	26	106	104	70	0	24	17600573	2244	2253	1119	2143	9003	7950	6980	4755	
DHL	500	500	76	117	13	27	105	106	74	0	24	17593155	2244	2253	1119	2143	9003	7950	6980	4755	
DHL	520	520	75	122	10	27	107	102	73	0	25	17585759	2244	2253	1119	2143	9003	7950	6980	4755	
DHL	540	540	73	125	10	26	106	101	71	0	24	17578988	2244	2253	1119	2143	9003	7950	6980	4755	
DHL	560	560	75	129	9	28	104	100	73	0	22	17573904	2244	2253	1119	2143	9003	7950	6980	4755	
DHL	580	580	70	125	6	30	102	99	72	0	21	17570443	2244	2253	1119	2143	9003	7950	6980	4755	
DHL	600	600	68	122	6	30	101	97	73	0	20	17568477	2244	2253	1119	2143	9003	7950	6980	4755	
DHL	620	620	71	125	2	30	100	90	74	0	20	17567636	2244	2253	1119	2143	9003	7950	6980	4755	
DHL	640	640	72	121	2	29	99	89	73	0	20	17568536	2244	2253	1119	2143	9003	7950	6980	4755	
DHL	660	660	75	117	2	29	99	88	74	0	20	17570555	2244	2253	1119	2143	9003	7950	6980	4755	
DHL	680	680	78	113	2	29	94	84	74	0	21	17574494	2244	2253	1119	2143	9003	7950	6980	4755	
DHL	700	700	78	113	4	30	86	85	76	0	22	17578954	2244	2253	1119	2143	9003	7950	6980	4755	
DHL	720	720	81	112	3	27	85	84	72	0	20	17584338	2244	2253	1119	2143	9003	7950	6980	4755	
DHL	740	740	79	116	3	25	86	83	68	0	20	17590828	2244	2253	1119	2143	9003	7950	6980	4755	
DHL	760	760	79	113	4	26	87	78	66	0	19	17597564	2244	2253	1119	2143	9003	7950	6980	4755	
DHL	780	780	80	118	4	25	87	77	61	0	17	17604514	2244	2253	1119	2143	9003	7950	6980	4755	
DHL	800	800	76	114	4	23	88	76	61	0	20	17611833	2244	2253	1119	2143	9003	7950	6980	4755	
DHL	820	820	73	113	4	27	88	77	60	0	21	17619967	2244	2253	1119	2143	9003	7950	6980	4755	
DHL	840	840	67	113	3	26	84	74	58	0	22	17628903	2244	2253	1119	2143	9003	7950	6980	4755	
DHL	860	860	66	113	3	26	75	73	57	0	22	17638018	2244	2253	1119	2143	9003	7950	6980	4755	
DHL	880	880	64	108	3	26	71	73	54	0	23	17646678	2244	2253	1119	2143	9003	7950	6980	4755	
DHL	900	900	61	111	3	26	71	72	57	0	23	17655214	2244	2253	1119	2143	9003	7950	6980	4755	
DHL	920	920	62	110	3	24	66	73	59	0	21	17663152	2244	2253	1119	2143	9003	7950	6980	4755	
DHL	940	940	64	109	3	23	65	75	60	0	22	17670418	2244	2253	1119	2143	9003	7950	6980	4755	
DHL	960	960	66	98	3	21	62	77	58	0	24	17677816	2244	2253	1119	2143	9003	7950	6980	4755	
DHL	980	980	63	99	4	22	60	82	59	0	25	17684943	2244	2253	1119	2143	9003	7950	6980	4755	
DHL	1000	1000	62	100	4	23	60	82	55	0	24	17692185	2244	2253	1119	2143	9003	7950	6980	4755	
DHL	1020	1020	63	98	5	22	57	85	56	0	23	17699467	2244	2253	1119	2143	9003	7950	6980	4755	
DHL	1040	1040	61	95	5	22	55	85	57	0	24	17707222	2244	2253	1119	2143	9003	7950	6980	4755	
DHL	1060	1060	55	92	5	21	51	84	55	0	28	17714899	2244	2253	1119	2143	9003	7950	6980	4755	
DHL	1080	1080	54	94	5	19	49	86	54	0	28	17722303	2244	2253	1119	2143	9003	7950	6980	4755	
DHL	1100	1100	55	95	5	19	51	86	51	0	29	17729858	2244	2253	1119	2143	9003	7950	6980	4755	
DHL	1120	1120	52	94	5	19	51	88	49	0	32	17737889	2244	2253	1119	2143	9003	7950	6980	4755	
DHL	1140	1140	50	96	5	21	51	87	50	0	30	17745492	2244	2253	1119	2143	9003	7950	6980	4755	
DHL	1160	1160	44	96	5	22	52	91	46	0	31	17752779	2244	2253	1119	2143	9003	7950	6980	4755	
DHL	1180	1180	41	95	5	22	53	87	45	0	30	17759673	2244	2253	1119	2143	9003	7950	6980	4755	
DHL	1200	1200	43	94	3	22	53	82	41	0	33	17766532	2244	2253	1119	2143	9003	7950	6980	4755	
DHL	1220	1220	36	93	3	23	53	82	40	0	33	17773344	2244	2253	1119	2143	9003	7950	6980	4755	
DHL	1240	1240	40	91	3	24	56	82	40	0	34	17779731	2244	2253	1119	2143	9003	7950	6980	4755	
DHL	1260	1260	41	90	3	26	55	83	39	0	34	17786006	2244	2253	1119	2143	9003	7950	6980	4755	
DHL	1280	1280	41	82	3	28	59	79	40	0	34	17791752	2244	2253	1119	2143	9003	7950	6980	4755	
DHL	1300	1300	41	86	3	30	61	88	41	0	35	17797647	2244	2253	1119	2143	9003	7950	6980	4755	
DHL	1320	1320	43	83	4	27	57	85	42	0	37	17803150	2244	2253	1119	2143	9003	7950	6980	4755	
DHL	1340	1340	44	78	4	27	58	82	43	0	35	17807661	2244	2253	1119	2143	9003	7950	6980	4755	
DHL	1360	1360	46	78	4	27	59	81	43	0	36	17811624	2244	2253	1119	2143	9003	7950	6980	4755	
DHL	1380	1380	47	77	4	26	61	81	45	0	34	17815372	2244	2253	1119	2143	9003	7950	6980	4755	
DHL	1400	1400	47	72	6	26	60	82	38	0	33	17819019	2244	2253	1119	2143	9003	7950	6980	4755	
DHL	1420	1420	45	69	6	26	62	82	36	0	35	17822559	2244	2253	1119	2143	9003	7950	6980	4755	
DHL	1440	1440	43	63	6	27	64	83	38	0	37	17825412	2244	2253	1119	2143	9003	7950	6980	4755	
DHL	1460	1460	41	66	7	27	69	83	44	0	35	17827447	2244	2253	1119	2143	9003	7950	6980	4755	
DHL	1480	1480	43	64	6	26	69	83	44	0	33	17829128	2244	2253	1119	2143	9003	7950	6980	4755	
DHL	1500	1500	40	62	6	27	68	82	44	0	34	17830578	2244	2253	1119	2143	9003	7950	6980	4755	
DHL	1520	1520	40	61	5	28	69	83	42	0	35	17832054	2244	2253	1119	2143	9003	7950	6980	4755	
DHL	1540	1540	40	59	5	28	67	83	41	0	35	17833312	2244	2253	1119	2143	9003	7950	6980	4755	
DHL	1560	1560	42	60	5	27	65	85	41	0	34	17834384	2244	2253	1119	2143	9003	7950	6980	4755	
DHL	1580	1580	42	58	5	28	70	84	39	0	35	17835263	2244	2253	1119	2143	9003	7950	6980	4755	
DHL	1600	1600	41	56	5	27	68	86	40	0	34	17835437	2244	2253	1119	2143	9003	7950	6980	4755	
DHL	1620	1620	42	55	6	28	69	84	42	0	32	17835443	2244	2253	1119	2143	9003	7950	6980	4755	
DHL	1640	1640	44	55	6	28	67	85	41	0	32	17835594	2244	2253	1119	2143	9003	7950	6980	4755	
DHL	1660	1660	45	57	6	29	66	86	43	0	30	17835360	2244	2253	1119	2143	9003	7950	6980	4755	
DHL	1680	1680	45	59	6	29	69	87	42	0	32	17834817	2244	2253	1119	2143	9003	7950	6980	4755	
DHL	1700	1700	40	59	6	29	71	88	41	0	28	17834256	2244	2253	1119	2143	9003	7950	6980	4755	
DHL	1720	1720	41	58	6	27	69	86	41	0	29	17833723	2244	2253	1119	2143	9003	7950	6980	4755	
DHL	1740	1740	39	59	6	30	68	86	42	0	28	17833267	2244	2253	1119	2143	9003	7950	6980	4755	
DHL	1760	1760	36	59	6	29	70	85	43	0	27	17832602	2244	2253	1119	2143	9003	7950	6980	4755	
DHL	1780	1780	36	59	7	27	68	88	44	0	29	17831914	2244	2253	1119	2143	9003	7950	6980	4755	
DHL	1800	1800	34	54	7	27	66	82	43	0	28	17830610	2244	2253	1119	2143	9003	7950	6980	4755	
DHL	1820	1820	34	55	6	27	69	81	40	0	26	17828594	2244	2253	1119	2143	9003	7950	6980	4755	
DHL	1840	1840	32	55	6	27	70	82	38	0	28	17826620	2244	2253	1119	2143	9003	7950	6980	4755	
DHL	1860	1860	29	53	6	31	70	80	39	0	27	17824631	2244	2253	1119	2143	9003	7950	6980	4755	
DHL	1880	1880	28	54	6	32	69	80	36	0	31	17822661	2244	2253	1119	2143	9003	7950	6980	4755	
DHL	1900	1900	29	58	4	31	70	80	37	0	33	17820921	2244	2253	1119	2143	9003	7950	6980	4755	
DHL	1920	1920	32	59	4	32	70	84	36	0	31	17818877	2244	2253	1119	2143	9003	7950	6980	4755	
DHL	1940	1940	30	64	4	32	70	83	33	0	28	17816668	2244	2253	1119	2143	9003	7950	6980	4755	
DHL	1960	1960	34	63	3	35	67	84	27	0	29	17814497	2244	2253	1119	2143	9003	7950	6980	4755	
DHL	1980	1980	33	62	3	35	66	82	28	0	31	17812548	2244	2253	1119	2143	9003	7950	6980	4755	
DHL	2000	2000	34	61	3	34	67	80	29	0	30	17810308	2244	2253	1119	2143	9003	7950	6980	4755	
DHL	2020	2020	32	60	4	34	64	78	33	0	30	17807857	2244	2253	1119	2143	9003	7950	6980	4755	
DHL	2040	2040	33	63	5	37	69	78	35	0	29	17805162	2244	2253	1119	2143	9003	7950	6980	4755	
DHL	2060	2060	31	62	5	37	69	77	36	0	26	17802270	2244	2253	1119	2143	9003	7950	6980	4755	
DHL	2080	2080	32	62	5	37	65	76	37	0	25	17799260	2244	2253	1119	2143	9003	7950	6980	4755	
DHL	2100	2100	32	62	5	41	64	80	36	0	26	17796204	2244	2253	1119	2143	9003	7950	6980	4755	
DHL	2120	2120	31	62	5	40	63	80	35	0	27	17792989	2244	2253	1119	2143	9003	7950	6980	4755	
DHL	2140	2140	29	62	5	38	65	80	34	0	27	17789540	2244	2253	1119	2143	9003	7950	6980	4755	
DHL	2160	2160	29	58	6	37	65	74	35	0	27	17786352	2244	2253	1119	2143	9003	7950	6980	4755	
DHL	2180	2180	28	55	6	36	63	72	38	0	25	17783171	2244	2253	1119	2143	9003	7950	6980	4755	
DHL	2200	2200	29	52	6	35	61	71	41	0	27	17779538	2244	2253	1119	2143	9003	7950	6980	4755	
DHL	2220	2220	30	49	6	35	62	71	40	0	26	17775322	2244	2253	1119	2143	9003	7950	6980	4755	
DHL	2240	2240	29	46	6	31	57	70	38	0	26	17770955	2244	2253	1119	2143	9003	7950	6980	4755	
DHL	2260	2260	29	44	5	29	57	72	37	0	26	17766422	2244	2253	1119	2143	9003	7950	6980	4755	
DHL	2280	2280	27	44	4	28	54	68	37	0	25	17761703	2244	2253	1119	2143	9003	7950	6980	4755	
DHL	2300	2300	29	42	5	26	52	64	39	0	24	17757065	2244	2253	1119	2143	9003	7950	6980	4755	
DHL	2320	2320	28	39	6	26	50	63	41	0	25	17752893	2244	2253	1119	2143	9003	7950	6980	4755	
DHL	2340	2340	28	37	6	27	49	63	41	0	23	17748898	2244	2253	1119	2143	9003	7950	6980	4755	
DHL	2360	2360	27	37	6	23	52	63	39	0	22	17744859	2244	2253	1119	2143	9003	7950	6980	4755	
DHL	2380	2380	28	36	6	21	54	62	41	0	18	17740740	2244	2253	1119	2143	9003	7950	6980	4755	
DHL	2400	2400	25	34	7	22	51	61	40	0	16	17736246	2244	2253	1119	2143	9003	7950	6980	4755	
DHL	2420	2420	23	34	8	23	50	59	42	0	18	17731919	2244	2253	1119	2143	9003	7950	6980	4755	
DHL	2440	2440	22	31	8	22	50	59	42	0	20	17727664	2244	2253	1119	2143	9003	7950	6980	4755	
DHL	2460	2460	19	29	10	19	51	59	44	0	19	17723602	2244	2253	1119	2143	9003	7950	6980	4755	
DHL	2480	2480	17	28	10	20	51	63	42	0	19	17719346	2244	2253	1119	2143	9003	7950	6980	4755	
DHL	2500	2500	18	26	12	20	51	63	40	0	20	17715151	2244	2253	1119	2143	9003	7950	6980	4755	
DHL	2520	2520	18	28	11	24	52	60	40	0	19	17710994	2244	2253	1119	2143	9003	7950	6980	4755	
DHL	2540	2540	17	23	11	22	47	59	37	0	20	17706849	2244	2253	1119	2143	9003	7950	6980	4755	
DHL	2560	2560	17	22	11	22	48	57	38	0	23	17702501	2244	2253	1119	2143	9003	7950	6980	4755	
DHL	2580	2580	16	21	11	23	47	57	37	0	24	17698017	2244	2253	1119	2143	9003	7950	6980	4755	
DHL	2600	2600	15	21	11	20	47	49	37	0	24	17693585	2244	2253	1119	2143	9003	7950	6980	4755	
DHL	2620	2620	15	21	10	22	48	53	38	0	23	17688992	2244	2253	1119	2143	9003	7950	6980	4755	
DHL	2640	2640	15	20	10	23	44	52	39	0	28	17684563	2244	2253	1119	2143	9003	7950	6980	4755	
DHL	2660	2660	14	21	9	23	42	54	36	0	28	17679946	2244	2253	1119	2143	9003	7950	6980	4755	
DHL	2680	2680	14	20	9	23	44	57	34	0	29	17675133	2244	2253	1119	2143	9003	7950	6980	4755	
DHL	2700	2700	13	21	9	24	45	54	32	0	27	17670261	2244	2253	1119	2143	9003	7950	6980	4755	
DHL	2720	2720	11	22	9	25	44	52	32	0	27	17665389	2244	2253	1119	2143	9003	7950	6980	4755	
DHL	2740	2740	11	23	9	25	45	53	34	0	27	17660272	2244	2253	1119	2143	9003	7950	6980	4755	
DHL	2760	2760	12	23	9	25	44	51	34	0	28	17655275	2244	2253	1119	2143	9003	7950	6980	4755	
DHL	2780	2780	12	23	9	28	45	51	33	0	28	17650576	2244	2253	1119	2143	9003	7950	6980	4755	
DHL	2800	2800	12	23	8	28	44	53	31	0	26	17645989	2244	2253	1119	2143	9003	7950	6980	4755	
DHL	2820	2820	11	25	7	30	41	50	30	0	25	17641248	2244	2253	1119	2143	9003	7950	6980	4755	
DHL	2840	2840	12	25	7	29	43	50	30	0	26	17636396	2244	2253	1119	2143	9003	7950	6980	4755	
DHL	2860	2860	12	28	7	31	39	50	30	0	27	17631595	2244	2253	1119	2143	9003	7950	6980	4755	
DHL	2880	2880	11	29	7	32	37	51	27	0	28	17626769	2244	2253	1119	2143	9003	7950	6980	4755	
DHL	2900	2900	12	28	6	32	38	52	28	0	28	17621984	2244	2253	1119	2143	9003	7950	6980	4755	
DHL	2920	2920	12	26	5	31	37	47	27	0	26	17617271	2244	2253	1119	2143	9003	7950	6980	4755	
DHL	2940	2940	13	25	6	31	35	45	26	0	26	17612619	2244	2253	1119	2143	9003	7950	6980	4755	
DHL	2960	2960	12	25	4	31	32	40	30	0	26	17607553	2244	2253	1119	2143	9003	7950	6980	4755	
DHL	2980	2980	15	25	4	31	33	36	31	0	27	17602272	2244	2253	1119	2143	9003	7950	6980	4755	
DHL	3000	3000	13	28	2	30	30	38	31	0	26	17596685	2244	2253	1119	2143	9003	7950	6980	4755	
DHL	3020	3020	15	25	3	25	29	39	28	0	27	17590858	2244	2253	1119	2143	9003	7950	6980	4755	
DHL	3040	3040	18	26	2	25	31	39	29	0	28	17585074	2244	2253	1119	2143	9003	7950	6980	4755	
DHL	3060	3060	18	29	3	24	30	39	29	0	25	17579412	2244	2253	1119	2143	9003	7950	6980	4755	
DHL	3080	3080	20	30	3	25	33	38	31	0	25	17573587	2244	2253	1119	2143	9003	7950	6980	4755	
DHL	3100	3100	21	31	3	25	35	39	31	0	25	17567581	2244	2253	1119	2143	9003	7950	6980	4755	
DHL	3120	3120	25	30	3	24	32	35	30	0	24	17561396	2244	2253	1119	2143	9003	7950	6980	4755	
DHL	3140	3140	27	30	3	23	34	34	30	0	19	17554701	2244	2253	1119	2143	9003	7950	6980	4755	
DHL	3160	3160	28	31	4	24	35	31	31	0	21	17548064	2244	2253	1119	2143	9003	7950	6980	4755	
DHL	3180	3180	29	31	4	24	31	30	30	0	21	17541906	2244	2253	1119	2143	9003	7950	6980	4755	
DHL	3200	3200	29	32	4	24	29	32	30	0	21	17535985	2244	2253	1119	2143	9003	7950	6980	4755	
DHL	3220	3220	29	31	5	23	30	36	32	0	22	17530153	2244	2253	1119	2143	9003	7950	6980	4755	
DHL	3240	3240	28	30	5	24	31	34	32	0	21	17524297	2244	2253	1119	2143	9003	7950	6980	4755	
DHL	3260	3260	27	33	5	25	31	37	32	0	22	17517880	2244	2253	1119	2143	9003	7950	6980	4755	
DHL	3280	3280	27	33	5	22	32	38	32	0	21	17511087	2244	2253	1119	2143	9003	7950	6980	4755	
DHL	3300	3300	24	33	5	22	33	37	32	0	22	17504216	2244	2253	1119	2143	9003	7950	6980	4755	
DHL	3320	3320	25	32	5	19	35	37	33	0	22	17497209	2244	2253	1119	2143	9003	7950	6980	4755	
DHL	3340	3340	24	35	5	19	34	38	32	0	20	17490186	2244	2253	1119	2143	9003	7950	6980	4755	
DHL	3360	3360	24	35	5	18	35	38	33	0	19	17483033	2244	2253	1119	2143	9003	7950	6980	4755	
DHL	3380	3380	24	36	5	18	36	38	34	0	19	17476183	2244	2253	1119	2143	9003	7950	6980	4755	
DHL	3400	3400	24	37	5	17	36	37	33	0	20	17469263	2244	2253	1119	2143	9003	7950	6980	4755	
DHL	3420	3420	25	40	6	17	35	38	34	0	22	17462366	2244	2253	1119	2143	9003	7950	6980	4755	
DHL	3440	3440	23	40	5	18	34	39	37	0	21	17455391	2244	2253	1119	2143	9003	7950	6980	4755	
DHL	3460	3460	24	39	5	17	35	40	34	0	22	17448395	2244	2253	1119	2143	9003	7950	6980	4755	
DHL	3480	3480	21	39	6	16	34	39	33	0	19	17441423	2244	2253	1119	2143	9003	7950	6980	4755	
DHL	3500	3500	21	39	6	16	35	36	34	0	19	17434509	2244	2253	1119	2143	9003	7950	6980	4755	
DHL	3520	3520	19	40	6	17	35	36	33	0	18	17427659	2244	2253	1119	2143	9003	7950	6980	4755	
DHL	3540	3540	16	40	6	17	36	35	35	0	17	17420674	2244	2253	1119	2143	9003	7950	6980	4755	
DHL	3560	3560	16	37	5	17	36	34	34	0	17	17413598	2244	2253	1119	2143	9003	7950	6980	4755	
DHL	3580	3580	15	35	5	14	34	34	34	0	16	17406437	2244	2253	1119	2143	9003	7950	6980	4755	
DHL	3600	3600	14	33	6	13	32	34	34	0	15	17399402	2244	2253	1119	2143	9003	7950	6980	4755	
DHL	3620	3620	11	33	6	12	32	34	33	0	16	17392513	2244	2253	1119	2143	9003	7950	6980	4755	
DHL	3640	3640	10	31	6	13	33	33	32	0	17	17385932	2244	2253	1119	2143	9003	7950	6980	4755	
DHL	3660	3660	9	31	5	12	33	34	34	0	15	17379265	2244	2253	1119	2143	9003	7950	6980	4755	
DHL	3680	3680	9	32	5	13	32	31	35	0	14	17372396	2244	2253	1119	2143	9003	7950	6980	4755	
DHL	3700	3700	10	30	7	12	32	30	36	0	14	17365498	2244	2253	1119	2143	9003	7950	6980	4755	
DHL	3720	3720	10	30	6	12	30	26	35	0	13	17358673	2244	2253	1119	2143	9003	7950	6980	4755	
DHL	3740	3740	10	31	6	11	29	25	34	0	13	17351920	2244	2253	1119	2143	9003	7950	6980	4755	
DHL	3760	3760	10	31	6	10	27	24	34	0	12	17345575	2244	2253	1119	2143	9003	7950	6980	4755	
DHL	3780	3780	11	32	6	10	25	23	34	0	13	17339473	2244	2253	1119	2143	9003	7950	6980	4755	
DHL	3800	3800	11	32	7	10	25	26	33	0	13	17333379	2244	2253	1119	2143	9003	7950	6980	4755	
DHL	3820	3820	10	32	7	10	24	27	32	0	13	17327337	2244	2253	1119	2143	9003	7950	6980	4755	
DHL	3840	3840	10	29	7	10	25	24	32	0	14	17321107	2244	2253	1119	2143	9003	7950	6980	4755	
DHL	3860	3860	10	28	7	9	26	25	31	0	15	17314704	2244	2253	1119	2143	9003	7950	6980	4755	
DHL	3880	3880	10	28	7	9	25	26	31	0	14	17308277	2244	2253	1119	2143	9003	7950	6980	4755	
DHL	3900	3900	9	28	7	9	25	25	32	0	13	17301831	2244	2253	1119	2143	9003	7950	6980	4755	
DHL	3920	3920	9	26	6	8	28	24	30	0	12	17295425	2244	2253	1119	2143	9003	7950	6980	4755	
DHL	3940	3940	11	26	6	7	31	22	28	0	11	17289009	2244	2253	1119	2143	9003	7950	6980	4755	
DHL	3960	3960	10	27	7	8	30	23	30	0	10	17282529	2244	2253	1119	2143	9003	7950	6980	4755	
DHL	3980	3980	10	27	6	9	31	23	33	0	10	17276048	2244	2253	1119	2143	9003	7950	6980	4755	
DHL	4000	4000	10	24	6	8	30	26	33	0	12	17269562	2244	2253	1119	2143	9003	7950	6980	4755	
DHL	4020	4020	10	26	5	8	29	24	36	0	12	17262985	2244	2253	1119	2143	9003	7950	6980	4755	
DHL	4040	4040	10	25	5	8	30	26	33	0	11	17256325	2244	2253	1119	2143	9003	7950	6980	4755	
DHL	4060	4060	11	26	5	9	32	25	33	0	13	17249764	2244	2253	1119	2143	9003	7950	6980	4755	
DHL	4080	4080	10	28	7	11	31	25	33	0	15	17243405	2244	2253	1119	2143	9003	7950	6980	4755	
DHL	4100	4100	10	29	7	11	30	26	33	0	16	17237179	2244	2253	1119	2143	9003	7950	6980	4755	
DHL	4120	4120	8	30	7	12	32	25	33	0	15	17230984	2244	2253	1119	2143	9003	7950	6980	4755	
DHL	4140	4140	7	33	8	11	30	27	33	0	14	17224805	2244	2253	1119	2143	9003	7950	6980	4755	
DHL	4160	4160	7	32	8	10	29	26	33	0	14	17218793	2244	2253	1119	2143	9003	7950	6980	4755	
DHL	4180	4180	6	33	8	11	31	26	35	0	14	17212558	2244	2253	1119	2143	9003	7950	6980	4755	
DHL	4200	4200	6	35	6	11	32	27	37	0	16	17206449	2244	2253	1119	2143	9003	7950	6980	4755	
DHL	4220	4220	6	35	6	12	35	28	37	0	16	17200156	2244	2253	1119	2143	9003	7950	6980	4755	
DHL	4240	4240	6	34	7	12	34	32	36	0	16	17193911	2244	2253	1119	2143	9003	7950	6980	4755	
DHL	4260	4260	6	32	7	12	35	31	36	0	16	17187374	2244	2253	1119	2143	9003	7950	6980	4755	
DHL	4280	4280	6	30	7	12	36	32	36	0	15	17180659	2244	2253	1119	2143	9003	7950	6980	4755	
DHL	4300	4300	6	29	6	14	35	29	38	0	14	17173835	2244	2253	1119	2143	9003	7950	6980	4755	
DHL	4320	4320	7	31	6	14	34	27	36	0	13	17166910	2244	2253	1119	2143	9003	7950	6980	4755	
DHL	4340	4340	8	32	6	15	33	29	37	0	14	17160145	2244	2253	1119	2143	9003	7950	6980	4755	
DHL	4360	4360	8	31	6	15	31	31	38	0	15	17153733	2244	2253	1119	2143	9003	7950	6980	4755	
DHL	4380	4380	9	30	8	14	32	29	39	0	16	17147144	2244	2253	1119	2143	9003	7950	6980	4755	
DHL	4400	4400	9	29	9	15	32	30	39	0	16	17140615	2244	2253	1119	2143	9003	7950	6980	4755	
DHL	4420	4420	8	29	9	15	31	31	40	0	15	17133942	2244	2253	1119	2143	9003	7950	6980	4755	
DHL	4440	4440	7	29	9	15	30	31	39	0	17	17127188	2244	2253	1119	2143	9003	7950	6980	4755	
DHL	4460	4460	8	29	8	14	30	29	34	0	17	17120520	2244	2253	1119	2143	9003	7950	6980	4755	
DHL	4480	4480	8	29	8	14	30	30	30	0	18	17113968	2244	2253	1119	2143	9003	7950	6980	4755	
DHL	4500	4500	8	30	9	16	34	29	33	0	16	17107399	2244	2253	1119	2143	9003	7950	6980	4755	
DHL	4520	4520	8	29	10	15	35	29	31	0	16	17100811	2244	2253	1119	2143	9003	7950	6980	4755	
DHL	4540	4540	8	31	10	15	31	27	34	0	18	17094332	2244	2253	1119	2143	9003	7950	6980	4755	
DHL	4560	4560	8	29	10	15	32	27	34	0	19	17087753	2244	2253	1119	2143	9003	7950	6980	4755	
DHL	4580	4580	8	28	8	14	32	27	33	0	17	17081068	2244	2253	1119	2143	9003	7950	6980	4755	
DHL	4600	4600	8	27	7	15	35	28	35	0	16	17074238	2244	2253	1119	2143	9003	7950	6980	4755	
DHL	4620	4620	9	25	8	14	33	30	35	0	16	17067336	2244	2253	1119	2143	9003	7950	6980	4755	
DHL	4640	4640	9	23	7	15	33	30	36	0	16	17060430	2244	2253	1119	2143	9003	7950	6980	4755	
DHL	4660	4660	9	23	7	16	33	31	33	0	17	17053290	2244	2253	1119	2143	9003	7950	6980	4755	
DHL	4680	4680	9	22	7	14	31	33	30	0	18	17046187	2244	2253	1119	2143	9003	7950	6980	4755	
DHL	4700	4700	9	22	7	14	32	33	27	0	16	17039133	2244	2253	1119	2143	9003	7950	6980	4755	
DHL	4720	4720	9	22	7	15	31	35	28	0	16	17032120	2244	2253	1119	2143	9003	7950	6980	4755	
DHL	4740	4740	11	22	6	15	32	32	28	0	18	17025128	2244	2253	1119	2143	9003	7950	6980	4755	
DHL	4760	4760	11	21	7	15	33	32	27	0	18	17018282	2244	2253	1119	2143	9003	7950	6980	4755	
DHL	4780	4780	10	22	8	15	33	32	26	0	19	17011485	2244	2253	1119	2143	9003	7950	6980	4755	
DHL	4800	4800	11	22	8	13	35	35	24	0	20	17004878	2244	2253	1119	2143	9003	7950	6980	4755	
DHL	4820	4820	10	19	8	16	37	35	25	0	21	16998319	2244	2253	1119	2143	9003	7950	6980	4755	
DHL	4840	4840	11	19	10	15	36	34	29	0	20	16991699	2244	2253	1119	2143	9003	7950	6980	4755	
DHL	4860	4860	11	19	10	17	39	33	29	0	20	16984929	2244	2253	1119	2143	9003	7950	6980	4755	
DHL	4880	4880	12	19	8	17	37	32	27	0	19	16978207	2244	2253	1119	2143	9003	7950	6980	4755	
DHL	4900	4900	15	18	7	19	39	32	28	0	20	16971522	2244	2253	1119	2143	9003	7950	6980	4755	
DHL	4920	4920	16	18	9	19	40	32	28	0	20	16964904	2244	2253	1119	2143	9003	7950	6980	4755	
DHL	4940	4940	16	17	9	19	38	33	29	0	18	16958238	2244	2253	1119	2143	9003	7950	6980	4755	
DHL	4960	4960	14	20	9	20	40	38	31	0	18	16951638	2244	2253	1119	2143	9003	7950	6980	4755	
DHL	4980	4980	14	20	9	20	39	38	31	0	18	16944952	2244	2253	1119	2143	9003	7950	6980	4755	
DHL	5000	5000	15	20	8	19	38	40	28	0	18	16938421	2244	2253	1119	2143	9003	7950	6980	4755	
DHL	5020	5020	15	19	7	18	38	41	28	0	18	16932057	2244	2253	1119	2143	9003	7950	6980	4755	
DHL	5040	5040	16	19	7	18	39	45	25	0	16	16925778	2244	2253	1119	2143	9003	7950	6980	4755	
DHL	5060	5060	15	20	7	17	39	49	27	0	13	16919519	2244	2253	1119	2143	9003	7950	6980	4755	
DHL	5080	5080	15	20	7	17	38	50	28	0	13	16913251	2244	2253	1119	2143	9003	7950	6980	4755	
DHL	5100	5100	15	23	7	16	40	50	27	0	14	16906938	2244	2253	1119	2143	9003	7950	6980	4755	
DHL	5120	5120	14	23	6	16	40	49	27	0	14	16900620	2244	2253	1119	2143	9003	7950	6980	4755	
DHL	5140	5140	14	23	7	15	40	47	26	0	14	16894329	2244	2253	1119	2143	9003	7950	6980	4755	
DHL	5160	5160	14	23	8	14	43	46	28	0	13	16888027	2244	2253	1119	2143	9003	7950	6980	4755	
DHL	5180	5180	15	23	8	14	43	46	28	0	12	16881941	2244	2253	1119	2143	9003	7950	6980	4755	
DHL	5200	5200	16	22	9	15	41	45	27	0	13	16875639	2244	2253	1119	2143	9003	7950	6980	4755	
DHL	5220	5220	17	25	9	14	39	44	24	0	13	16869311	2244	2253	1119	2143	9003	7950	6980	4755	
DHL	5240	5240	15	25	9	15	38	46	25	0	11	16863084	2244	2253	1119	2143	9003	7950	6980	4755	
DHL	5260	5260	16	25	9	15	37	47	25	0	11	16856946	2244	2253	1119	2143	9003	7950	6980	4755	
DHL	5280	5280	16	25	8	15	36	47	25	0	13	16850946	2244	2253	1119	2143	9003	7950	6980	4755	
DHL	5300	5300	15	26	8	17	36	46	26	0	12	16844840	2244	2253	1119	2143	9003	7950	6980	4755	
DHL	5320	5320	15	26	9	14	35	47	25	0	12	16838842	2244	2253	1119	2143	9003	7950	6980	4755	
DHL	5340	5340	13	25	8	14	34	47	20	0	12	16832899	2244	2253	1119	2143	9003	7950	6980	4755	
DHL	5360	5360	14	24	8	12	32	49	20	0	10	16826964	2244	2253	1119	2143	9003	7950	6980	4755	
DHL	5380	5380	12	23	8	12	32	50	22	0	11	16820848	2244	2253	1119	2143	9003	7950	6980	4755	
DHL	5400	5400	9	23	8	9	30	49	20	0	11	16814619	2244	2253	1119	2143	9003	7950	6980	4755	
DHL	5420	5420	8	22	6	9	32	49	19	0	11	16808312	2244	2253	1119	2143	9003	7950	6980	4755	
DHL	5440	5440	9	22	6	10	32	50	18	0	11	16802174	2244	2253	1119	2143	9003	7950	6980	4755	
DHL	5460	5460	9	18	6	10	31	47	16	0	12	16795933	2244	2253	1119	2143	9003	7950	6980	4755	
DHL	5480	5480	9	18	6	9	31	46	17	0	11	16789573	2244	2253	1119	2143	9003	7950	6980	4755	
DHL	5500	5500	8	17	7	10	29	45	16	0	11	16783191	2244	2253	1119	2143	9003	7950	6980	4755	
DHL	5520	5520	9	16	7	10	28	46	18	0	12	16776805	2244	2253	1119	2143	9003	7950	6980	4755	
DHL	5540	5540	8	14	7	9	30	45	20	0	13	16770201	2244	2253	1119	2143	9003	7950	6980	4755	
DHL	5560	5560	9	15	7	9	30	43	19	0	14	16763456	2244	2253	1119	2143	9003	7950	6980	4755	
DHL	5580	5580	12	14	7	8	31	43	17	0	15	16756980	2244	2253	1119	2143	9003	7950	6980	4755	
DHL	5600	5600	12	12	7	9	29	41	16	0	14	16750659	2244	2253	1119	2143	9003	7950	6980	4755	
DHL	5620	5620	12	14	7	9	28	39	18	0	14	16744523	2244	2253	1119	2143	9003	7950	6980	4755	
DHL	5640	5640	12	13	7	10	29	42	19	0	15	16738516	2244	2253	1119	2143	9003	7950	6980	4755	
DHL	5660	5660	12	13	7	10	28	44	19	0	15	16732623	2244	2253	1119	2143	9003	7950	6980	4755	
DHL	5680	5680	11	13	7	10	30	44	18	0	16	16726577	2244	2253	1119	2143	9003	7950	6980	4755	
DHL	5700	5700	9	13	6	9	33	44	18	0	15	16720604	2244	2253	1119	2143	9003	7950	6980	4755	
DHL	5720	5720	8	11	6	8	33	43	19	0	15	16714468	2244	2253	1119	2143	9003	7950	6980	4755	
DHL	5740	5740	11	12	7	7	34	41	20	0	15	16708134	2244	2253	1119	2143	9003	7950	6980	4755	
DHL	5760	5760	11	14	7	7	34	42	21	0	15	16701655	2244	2253	1119	2143	9003	7950	6980	4755	
DHL	5780	5780	11	13	7	7	36	40	24	0	12	16694928	2244	2253	1119	2143	9003	7950	6980	4755	
DHL	5800	5800	12	13	7	5	34	39	24	0	13	16687976	2244	2253	1119	2143	9003	7950	6980	4755	
DHL	5820	5820	12	13	6	6	33	38	26	0	12	16680866	2244	2253	1119	2143	9003	7950	6980	4755	
DHL	5840	5840	12	13	5	7	35	39	27	0	13	16673642	2244	2253	1119	2143	9003	7950	6980	4755	
DHL	5860	5860	11	14	5	8	34	34	28	0	13	16666495	2244	2253	1119	2143	9003	7950	6980	4755	
DHL	5880	5880	12	15	5	9	34	34	26	0	13	16659700	2244	2253	1119	2143	9003	7950	6980	4755	
DHL	5900	5900	12	15	6	9	34	37	27	0	13	16652861	2244	2253	1119	2143	9003	7950	6980	4755	
DHL	5920	5920	12	16	7	11	32	37	29	0	13	16645907	2244	2253	1119	2143	9003	7950	6980	4755	
DHL	5940	5940	11	16	8	10	31	36	30	0	13	16638988	2244	2253	1119	2143	9003	7950	6980	4755	
DHL	5960	5960	12	17	8	9	31	36	33	0	12	16632070	2244	2253	1119	2143	9003	7950	6980	4755	
DHL	5980	5980	12	18	9	9	29	38	34	0	12	16625189	2244	2253	1119	2143	9003	7950	6980	4755	
DHL	6000	6000	12	18	8	8	28	36	35	0	12	16618197	2244	2253	1119	2143	9003	7950	6980	4755	
DHL	6020	6020	11	19	8	9	31	36	34	0	11	16611064	2244	2253	1119	2143	9003	7950	6980	4755	
DHL	6040	6040	13	21	8	9	29	34	32	0	10	16604016	2244	2253	1119	2143	9003	7950	6980	4755	
DHL	6060	6060	13	19	9	10	27	36	30	0	11	16597140	2244	2253	1119	2143	9003	7950	6980	4755	
DHL	6080	6080	11	21	10	10	27	36	30	0	10	16590004	2244	2253	1119	2143	9003	7950	6980	4755	
DHL	6100	6100	11	22	11	10	27	37	30	0	11	16582940	2244	2253	1119	2143	9003	7950	6980	4755	
DHL	6120	6120	12	22	12	10	28	38	29	0	12	16575684	2244	2253	1119	2143	9003	7950	6980	4755	
DHL	6140	6140	12	23	11	11	27	36	29	0	11	16568219	2244	2253	1119	2143	9003	7950	6980	4755	
DHL	6160	6160	12	23	10	12	25	37	27	0	11	16560773	2244	2253	1119	2143	9003	7950	6980	4755	
DHL	6180	6180	12	22	11	12	24	36	27	0	11	16553326	2244	2253	1119	2143	9003	7950	6980	4755	
DHL	6200	6200	12	22	12	12	24	35	31	0	11	16545948	2244	2253	1119	2143	9003	7950	6980	4755	
DHL	6220	6220	13	25	12	12	26	36	30	0	13	16538987	2244	2253	1119	2143	9003	7950	6980	4755	
DHL	6240	6240	10	25	11	12	25	37	28	0	15	16532171	2244	2253	1119	2143	9003	7950	6980	4755	
DHL	6260	6260	9	23	10	12	25	37	28	0	14	16525534	2244	2253	1119	2143	9003	7950	6980	4755	
DHL	6280	6280	9	23	11	13	23	41	26	0	16	16519056	2244	2253	1119	2143	9003	7950	6980	4755	
DHL	6300	6300	8	24	11	13	23	40	26	0	15	16512661	2244	2253	1119	2143	9003	7950	6980	4755	
DHL	6320	6320	9	26	11	12	23	43	26	0	17	16506270	2244	2253	1119	2143	9003	7950	6980	4755	
DHL	6340	6340	11	26	11	11	21	43	26	0	15	16499928	2244	2253	1119	2143	9003	7950	6980	4755	
DHL	6360	6360	11	29	11	10	22	43	25	0	15	16493358	2244	2253	1119	2143	9003	7950	6980	4755	
DHL	6380	6380	11	29	11	10	23	48	27	0	14	16486580	2244	2253	1119	2143	9003	7950	6980	4755	
DHL	6400	6400	11	30	10	10	24	45	27	0	16	16479839	2244	2253	1119	2143	9003	7950	6980	4755	
DHL	6420	6420	12	29	9	8	22	46	28	0	18	16473343	2244	2253	1119	2143	9003	7950	6980	4755	
DHL	6440	6440	12	29	8	8	23	47	27	0	18	16466744	2244	2253	1119	2143	9003	7950	6980	4755	
DHL	6460	6460	11	29	8	10	24	48	24	0	21	16459829	2244	2253	1119	2143	9003	7950	6980	4755	
DHL	6480	6480	11	29	7	10	24	46	24	0	21	16452746	2244	2253	1119	2143	9003	7950	6980	4755	
DHL	6500	6500	12	30	7	11	26	47	23	0	22	16445683	2244	2253	1119	2143	9003	7950	6980	4755	
DHL	6520	6520	13	29	7	11	27	47	24	0	23	16438513	2244	2253	1119	2143	9003	7950	6980	4755	
DHL	6540	6540	13	27	7	12	29	47	26	0	24	16431407	2244	2253	1119	2143	9003	7950	6980	4755	
DHL	6560	6560	12	28	6	11	28	43	27	0	22	16424392	2244	2253	1119	2143	9003	7950	6980	4755	
DHL	6580	6580	12	28	5	12	29	42	29	0	22	16417496	2244	2253	1119	2143	9003	7950	6980	4755	
DHL	6600	6600	12	26	4	11	27	42	31	0	21	16410593	2244	2253	1119	2143	9003	7950	6980	4755	
DHL	6620	6620	12	27	3	11	27	42	30	0	20	16403821	2244	2253	1119	2143	9003	7950	6980	4755	
DHL	6640	6640	12	26	3	9	27	45	30	0	20	16397030	2244	2253	1119	2143	9003	7950	6980	4755	
DHL	6660	6660	14	25	3	8	28	43	32	0	23	16390334	2244	2253	1119	2143	9003	7950	6980	4755	
DHL	6680	6680	15	26	2	8	27	42	35	0	23	16383706	2244	2253	1119	2143	9003	7950	6980	4755	
DHL	6700	6700	16	25	1	8	24	44	32	0	23	16377074	2244	2253	1119	2143	9003	7950	6980	4755	
DHL	6720	6720	15	21	2	8	24	44	33	0	22	16370355	2244	2253	1119	2143	9003	7950	6980	4755	
DHL	6740	6740	15	21	2	8	26	43	35	0	20	16363384	2244	2253	1119	2143	9003	7950	6980	4755	
DHL	6760	6760	15	24	2	8	25	42	34	0	20	16356168	2244	2253	1119	2143	9003	7950	6980	4755	
DHL	6780	6780	15	24	2	8	28	38	33	0	18	16348887	2244	2253	1119	2143	9003	7950	6980	4755	
DHL	6800	6800	15	23	2	9	28	40	33	0	19	16341692	2244	2253	1119	2143	9003	7950	6980	4755	
DHL	6820	6820	14	23	2	9	31	39	34	0	18	16334541	2244	2253	1119	2143	9003	7950	6980	4755	
DHL	6840	6840	12	23	3	9	32	39	33	0	18	16327427	2244	2253	1119	2143	9003	7950	6980	4755	
DHL	6860	6860	13	19	4	9	31	41	34	0	18	16320396	2244	2253	1119	2143	9003	7950	6980	4755	
DHL	6880	6880	13	18	4	8	31	35	35	0	19	16313321	2244	2253	1119	2143	9003	7950	6980	4755	
DHL	6900	6900	14	17	4	8	29	35	35	0	17	16306470	2244	2253	1119	2143	9003	7950	6980	4755	
DHL	6920	6920	13	17	4	8	31	37	33	0	15	16299544	2244	2253	1119	2143	9003	7950	6980	4755	
DHL	6940	6940	14	17	4	9	30	36	33	0	16	16292743	2244	2253	1119	2143	9003	7950	6980	4755	
DHL	6960	6960	14	17	4	7	28	38	34	0	13	16286427	2244	2253	1119	2143	9003	7950	6980	4755	
DHL	6980	6980	14	16	4	7	29	38	32	0	13	16280437	2244	2253	1119	2143	9003	7950	6980	4755	
DHL	7000	7000	13	16	4	6	28	38	34	0	12	16274382	2244	2253	1119	2143	9003	7950	6980	4755	
DHL	7020	7020	13	16	4	6	25	38	31	0	13	16268524	2244	2253	1119	2143	9003	7950	6980	4755	
DHL	7040	7040	11	16	4	5	22	40	29	0	13	16262754	2244	2253	1119	2143	9003	7950	6980	4755	
DHL	7060	7060	12	15	5	6	23	41	28	0	13	16256970	2244	2253	1119	2143	9003	7950	6980	4755	
DHL	7080	7080	11	15	5	5	22	41	27	0	14	16251249	2244	2253	1119	2143	9003	7950	6980	4755	
DHL	7100	7100	11	15	5	5	23	42	27	0	15	16245450	2244	2253	1119	2143	9003	7950	6980	4755	
DHL	7120	7120	12	12	7	6	23	42	32	0	15	16239704	2244	2253	1119	2143	9003	7950	6980	4755	
DHL	7140	7140	13	14	7	7	23	38	32	0	15	16234065	2244	2253	1119	2143	9003	7950	6980	4755	
DHL	7160	7160	11	14	8	7	24	39	32	0	12	16228153	2244	2253	1119	2143	9003	7950	6980	4755	
DHL	7180	7180	12	13	8	8	25	41	31	0	12	16222253	2244	2253	1119	2143	9003	7950	6980	4755	
DHL	7200	7200	13	13	8	9	27	40	31	0	13	16216443	2244	2253	1119	2143	9003	7950	6980	4755	
DHL	7220	7220	14	13	7	10	27	41	31	0	13	16210556	2244	2253	1119	2143	9003	7950	6980	4755	
DHL	7240	7240	15	13	7	10	25	43	30	0	13	16204906	2244	2253	1119	2143	9003	7950	6980	4755	
DHL	7260	7260	15	10	7	11	26	44	31	0	13	16199558	2244	2253	1119	2143	9003	7950	6980	4755	
DHL	7280	7280	15	10	6	10	25	45	31	0	13	16194146	2244	2253	1119	2143	9003	7950	6980	4755	
DHL	7300	7300	18	9	6	10	25	45	32	0	12	16188811	2244	2253	1119	2143	9003	7950	6980	4755	
DHL	7320	7320	21	9	6	11	25	43	31	0	11	16183431	2244	2253	1119	2143	9003	7950	6980	4755	
DHL	7340	7340	21	10	5	11	25	43	33	0	11	16178152	2244	2253	1119	2143	9003	7950	6980	4755	
DHL	7360	7360	24	10	4	11	27	42	33	0	12	16173038	2244	2253	1119	2143	9003	7950	6980	4755	
DHL	7380	7380	23	11	5	11	26	45	30	0	13	16167881	2244	2253	1119	2143	9003	7950	6980	4755	
DHL	7400	7400	22	13	6	11	29	48	31	0	13	16162479	2244	2253	1119	2143	9003	7950	6980	4755	
DHL	7420	7420	23	14	6	11	27	45	32	0	14	16157032	2244	2253	1119	2143	9003	7950	6980	4755	
DHL	7440	7440	23	14	6	11	30	44	34	0	13	16151500	2244	2253	1119	2143	9003	7950	6980	4755	
DHL	7460	7460	23	14	6	11	31	39	34	0	14	16145707	2244	2253	1119	2143	9003	7950	6980	4755	
DHL	7480	7480	23	14	7	12	33	38	35	0	14	16139809	2244	2253	1119	2143	9003	7950	6980	4755	
DHL	7500	7500	23	13	7	12	33	37	33	0	14	16134098	2244	2253	1119	2143	9003	7950	6980	4755	
DHL	7520	7520	22	13	7	11	33	37	33	0	12	16128471	2244	2253	1119	2143	9003	7950	6980	4755	
DHL	7540	7540	23	13	7	11	35	37	34	0	11	16122713	2244	2253	1119	2143	9003	7950	6980	4755	
DHL	7560	7560	22	13	6	10	35	37	36	0	12	16116769	2244	2253	1119	2143	9003	7950	6980	4755	
DHL	7580	7580	23	11	6	11	35	37	35	0	11	16110740	2244	2253	1119	2143	9003	7950	6980	4755	
DHL	7600	7600	25	12	6	11	35	35	33	0	12	16104764	2244	2253	1119	2143	9003	7950	6980	4755	
DHL	7620	7620	24	12	4	10	36	40	28	0	14	16098752	2244	2253	1119	2143	9003	7950	6980	4755	
DHL	7640	7640	23	12	4	10	36	41	28	0	14	16092806	2244	2253	1119	2143	9003	7950	6980	4755	
DHL	7660	7660	24	12	3	12	37	43	27	0	15	16086973	2244	2253	1119	2143	9003	7950	6980	4755	
DHL	7680	7680	24	13	3	11	36	43	26	0	16	16081139	2244	2253	1119	2143	9003	7950	6980	4755	
DHL	7700	7700	22	15	3	11	35	45	24	0	16	16074952	2244	2253	1119	2143	9003	7950	6980	4755	
DHL	7720	7720	22	16	3	11	35	43	25	0	17	16068771	2244	2253	1119	2143	9003	7950	6980	4755	
DHL	7740	7740	21	15	3	11	38	45	26	0	18	16062612	2244	2253	1119	2143	9003	7950	6980	4755	
DHL	7760	7760	22	16	3	10	37	44	29	0	20	16056262	2244	2253	1119	2143	9003	7950	6980	4755	
DHL	7780	7780	23	16	3	10	35	43	30	0	21	16049849	2244	2253	1119	2143	9003	7950	6980	4755	
DHL	7800	7800	20	16	4	10	35	44	29	0	21	16043303	2244	2253	1119	2143	9003	7950	6980	4755	
DHL	7820	7820	18	15	6	9	35	46	29	0	22	16036759	2244	2253	1119	2143	9003	7950	6980	4755	
DHL	7840	7840	19	15	8	10	35	47	27	0	23	16030140	2244	2253	1119	2143	9003	7950	6980	4755	
DHL	7860	7860	16	16	8	11	35	46	26	0	22	16023433	2244	2253	1119	2143	9003	7950	6980	4755	
DHL	7880	7880	17	17	7	12	35	44	26	0	21	16016813	2244	2253	1119	2143	9003	7950	6980	4755	
DHL	7900	7900	18	15	6	12	33	43	24	0	21	16010155	2244	2253	1119	2143	9003	7950	6980	4755	
DHL	7920	7920	17	15	6	14	36	43	23	0	20	16003582	2244	2253	1119	2143	9003	7950	6980	4755	
DHL	7940	7940	16	15	6	13	35	45	21	0	21	15997032	2244	2253	1119	2143	9003	7950	6980	4755	
DHL	7960	7960	17	15	6	13	36	47	20	0	20	15990715	2244	2253	1119	2143	9003	7950	6980	4755	
DHL	7980	7980	19	16	5	12	36	49	19	0	21	15984419	2244	2253	1119	2143	9003	7950	6980	4755	
DHL	8000	8000	20	16	5	12	40	48	19	0	21	15977948	2244	2253	1119	2143	9003	7950	6980	4755	
DHL	8020	8020	20	16	6	12	41	47	19	0	21	15971313	2244	2253	1119	2143	9003	7950	6980	4755	
DHL	8040	8040	19	16	6	12	40	46	21	0	22	15964669	2244	2253	1119	2143	9003	7950	6980	4755	
DHL	8060	8060	20	19	6	12	41	47	20	0	21	15958203	2244	2253	1119	2143	9003	7950	6980	4755	
DHL	8080	8080	20	22	6	12	42	50	21	0	21	15951735	2244	2253	1119	2143	9003	7950	6980	4755	
DHL	8100	8100	18	21	6	12	41	51	23	0	20	15944965	2244	2253	1119	2143	9003	7950	6980	4755	
DHL	8120	8120	17	23	6	12	40	45	25	0	19	15938075	2244	2253	1119	2143	9003	7950	6980	4755	
DHL	8140	8140	17	23	6	11	40	46	25	0	20	15931286	2244	2253	1119	2143	9003	7950	6980	4755	
DHL	8160	8160	17	23	6	9	39	47	25	0	19	15924533	2244	2253	1119	2143	9003	7950	6980	4755	
DHL	8180	8180	15	24	6	9	39	45	26	0	17	15917957	2244	2253	1119	2143	9003	7950	6980	4755	
DHL	8200	8200	16	23	6	8	40	42	26	0	16	15911647	2244	2253	1119	2143	9003	7950	6980	4755	
DHL	8220	8220	15	25	6	8	38	46	28	0	14	15905144	2244	2253	1119	2143	9003	7950	6980	4755	
DHL	8240	8240	16	26	6	8	35	43	26	0	15	15898502	2244	2253	1119	2143	9003	7950	6980	4755	
DHL	8260	8260	16	26	6	8	37	44	23	0	14	15891845	2244	2253	1119	2143	9003	7950	6980	4755	
DHL	8280	8280	15	26	7	8	37	45	24	0	13	15885302	2244	2253	1119	2143	9003	7950	6980	4755	
DHL	8300	8300	20	28	6	7	38	42	23	0	13	15878864	2244	2253	1119	2143	9003	7950	6980	4755	
DHL	8320	8320	19	27	4	7	36	41	22	0	12	15872473	2244	2253	1119	2143	9003	7950	6980	4755	
DHL	8340	8340	18	26	2	6	37	40	22	0	13	15866231	2244	2253	1119	2143	9003	7950	6980	4755	
DHL	8360	8360	17	26	2	6	35	41	22	0	13	15860001	2244	2253	1119	2143	9003	7950	6980	4755	
DHL	8380	8380	16	24	2	5	35	42	24	0	15	15853686	2244	2253	1119	2143	9003	7950	6980	4755	
DHL	8400	8400	16	24	3	5	36	40	24	0	14	15847475	2244	2253	1119	2143	9003	7950	6980	4755	
DHL	8420	8420	16	23	3	4	33	40	24	0	14	15841203	2244	2253	1119	2143	9003	7950	6980	4755	
DHL	8440	8440	16	25	3	4	32	42	26	0	13	15834870	2244	2253	1119	2143	9003	7950	6980	4755	
DHL	8460	8460	16	25	3	4	30	42	26	0	14	15828467	2244	2253	1119	2143	9003	7950	6980	4755	
DHL	8480	8480	14	26	3	5	28	41	27	0	14	15822066	2244	2253	1119	2143	9003	7950	6980	4755	
DHL	8500	8500	14	28	3	6	23	41	27	0	14	15815793	2244	2253	1119	2143	9003	7950	6980	4755	
DHL	8520	8520	15	30	2	6	22	40	29	0	14	15809712	2244	2253	1119	2143	9003	7950	6980	4755	
DHL	8540	8540	15	30	2	6	22	39	31	0	13	15803707	2244	2253	1119	2143	9003	7950	6980	4755	
DHL	8560	8560	15	27	2	7	21	38	30	0	13	15797693	2244	2253	1119	2143	9003	7950	6980	4755	
DHL	8580	8580	16	25	2	6	21	34	31	0	13	15791562	2244	2253	1119	2143	9003	7950	6980	4755	
DHL	8600	8600	16	26	2	6	24	33	29	0	12	15785465	2244	2253	1119	2143	9003	7950	6980	4755	
DHL	8620	8620	17	25	2	7	23	36	29	0	12	15779298	2244	2253	1119	2143	9003	7950	6980	4755	
DHL	8640	8640	17	23	2	8	23	35	29	0	12	15773082	2244	2253	1119	2143	9003	7950	6980	4755	
DHL	8660	8660	18	25	2	8	23	32	29	0	14	15766838	2244	2253	1119	2143	9003	7950	6980	4755	
DHL	8680	8680	20	23	2	8	27	37	29	0	14	15760357	2244	2253	1119	2143	9003	7950	6980	4755	
DHL	8700	8700	20	22	2	8	28	39	30	0	15	15753891	2244	2253	1119	2143	9003	7950	6980	4755	
DHL	8720	8720	20	19	2	7	29	36	27	0	16	15747660	2244	2253	1119	2143	9003	7950	6980	4755	
DHL	8740	8740	19	18	2	7	29	35	27	0	14	15741671	2244	2253	1119	2143	9003	7950	6980	4755	
DHL	8760	8760	19	17	2	8	30	35	27	0	14	15735638	2244	2253	1119	2143	9003	7950	6980	4755	
DHL	8780	8780	19	17	2	8	31	37	25	0	14	15729479	2244	2253	1119	2143	9003	7950	6980	4755	
DHL	8800	8800	14	16	2	8	31	38	27	0	16	15723223	2244	2253	1119	2143	9003	7950	6980	4755	
DHL	8820	8820	14	18	2	10	32	37	29	0	17	15716907	2244	2253	1119	2143	9003	7950	6980	4755	
DHL	8840	8840	15	19	3	10	30	37	29	0	16	15710523	2244	2253	1119	2143	9003	7950	6980	4755	
DHL	8860	8860	16	18	3	11	32	36	32	0	17	15704184	2244	2253	1119	2143	9003	7950	6980	4755	
DHL	8880	8880	17	19	4	11	33	34	32	0	15	15697828	2244	2253	1119	2143	9003	7950	6980	4755	
DHL	8900	8900	16	19	3	11	35	34	33	0	16	15691479	2244	2253	1119	2143	9003	7950	6980	4755	
DHL	8920	8920	16	20	3	10	37	34	35	0	17	15685048	2244	2253	1119	2143	9003	7950	6980	4755	
DHL	8940	8940	17	18	3	10	36	31	36	0	17	15678466	2244	2253	1119	2143	9003	7950	6980	4755	
DHL	8960	8960	17	20	3	10	39	29	38	0	17	15671865	2244	2253	1119	2143	9003	7950	6980	4755	
DHL	8980	8980	20	20	3	10	38	29	37	0	18	15665199	2244	2253	1119	2143	9003	7950	6980	4755	
DHL	9000	9000	19	18	3	12	39	30	38	0	20	15658461	2244	2253	1119	2143	9003	7950	6980	4755	
DHL	9020	9020	18	16	3	13	38	32	36	0	20	15651723	2244	2253	1119	2143	9003	7950	6980	4755	
DHL	9040	9040	20	16	3	14	39	34	33	0	20	15644909	2244	2253	1119	2143	9003	7950	6980	4755	
DHL	9060	9060	20	16	4	13	45	36	34	0	21	15637851	2244	2253	1119	2143	9003	7950	6980	4755	
DHL	9080	9080	18	15	4	13	45	38	32	0	22	15630792	2244	2253	1119	2143	9003	7950	6980	4755	
DHL	9100	9100	20	14	4	13	42	38	34	0	22	15623809	2244	2253	1119	2143	9003	7950	6980	4755	
DHL	9120	9120	19	14	4	12	42	37	34	0	21	15616964	2244	2253	1119	2143	9003	7950	6980	4755	
DHL	9140	9140	20	14	5	11	41	36	36	0	22	15609759	2244	2253	1119	2143	9003	7950	6980	4755	
DHL	9160	9160	20	13	5	11	40	36	35	0	21	15602552	2244	2253	1119	2143	9003	7950	6980	4755	
DHL	9180	9180	18	15	5	13	38	34	37	0	22	15595434	2244	2253	1119	2143	9003	7950	6980	4755	
DHL	9200	9200	16	17	5	13	38	33	37	0	21	15588248	2244	2253	1119	2143	9003	7950	6980	4755	
DHL	9220	9220	17	17	5	13	39	31	36	0	20	15580979	2244	2253	1119	2143	9003	7950	6980	4755	
DHL	9240	9240	19	18	5	14	44	32	38	0	20	15573635	2244	2253	1119	2143	9003	7950	6980	4755	
DHL	9260	9260	18	18	5	13	41	35	37	0	21	15566190	2244	2253	1119	2143	9003	7950	6980	4755	
DHL	9280	9280	18	18	5	13	42	33	40	0	21	15558776	2244	2253	1119	2143	9003	7950	6980	4755	
DHL	9300	9300	18	18	5	14	43	33	40	0	19	15551260	2244	2253	1119	2143	9003	7950	6980	4755	
DHL	9320	9320	19	19	5	13	43	35	37	0	18	15543927	2244	2253	1119	2143	9003	7950	6980	4755	
DHL	9340	9340	19	18	5	13	43	36	38	0	18	15536453	2244	2253	1119	2143	9003	7950	6980	4755	
DHL	9360	9360	19	20	5	12	41	36	34	0	17	15529028	2244	2253	1119	2143	9003	7950	6980	4755	
DHL	9380	9380	18	20	4	13	43	36	32	0	17	15521820	2244	2253	1119	2143	9003	7950	6980	4755	
DHL	9400	9400	19	21	4	14	40	37	32	0	16	15514536	2244	2253	1119	2143	9003	7950	6980	4755	
DHL	9420	9420	20	20	4	14	41	37	32	0	16	15507291	2244	2253	1119	2143	9003	7950	6980	4755	
DHL	9440	9440	20	20	4	15	42	36	31	0	16	15500222	2244	2253	1119	2143	9003	7950	6980	4755	
DHL	9460	9460	19	17	4	15	39	38	31	0	15	15492932	2244	2253	1119	2143	9003	7950	6980	4755	
DHL	9480	9480	17	15	4	14	39	39	31	0	13	15485502	2244	2253	1119	2143	9003	7950	6980	4755	
DHL	9500	9500	17	15	4	11	39	39	32	0	11	15478091	2244	2253	1119	2143	9003	7950	6980	4755	
DHL	9520	9520	18	18	5	10	41	42	34	0	13	15470629	2244	2253	1119	2143	9003	7950	6980	4755	
DHL	9540	9540	17	19	6	9	41	39	33	0	13	15463009	2244	2253	1119	2143	9003	7950	6980	4755	
DHL	9560	9560	16	20	5	9	35	39	34	0	13	15455400	2244	2253	1119	2143	9003	7950	6980	4755	
DHL	9580	9580	17	22	6	9	33	38	35	0	14	15447944	2244	2253	1119	2143	9003	7950	6980	4755	
DHL	9600	9600	15	25	6	11	33	40	35	0	15	15440435	2244	2253	1119	2143	9003	7950	6980	4755	
DHL	9620	9620	16	27	7	12	33	39	33	0	16	15432814	2244	2253	1119	2143	9003	7950	6980	4755	
DHL	9640	9640	16	27	6	12	35	41	31	0	16	15425475	2244	2253	1119	2143	9003	7950	6980	4755	
DHL	9660	9660	15	26	6	12	35	40	32	0	16	15418474	2244	2253	1119	2143	9003	7950	6980	4755	
DHL	9680	9680	17	27	6	10	34	39	31	0	15	15411431	2244	2253	1119	2143	9003	7950	6980	4755	
DHL	9700	9700	17	26	6	12	31	41	32	0	15	15404363	2244	2253	1119	2143	9003	7950	6980	4755	
DHL	9720	9720	17	27	6	12	32	41	34	0	16	15397332	2244	2253	1119	2143	9003	7950	6980	4755	
DHL	9740	9740	14	27	6	11	28	41	32	0	16	15390178	2244	2253	1119	2143	9003	7950	6980	4755	
DHL	9760	9760	14	27	6	11	30	36	33	0	14	15383222	2244	2253	1119	2143	9003	7950	6980	4755	
DHL	9780	9780	14	27	5	12	28	38	30	0	15	15376320	2244	2253	1119	2143	9003	7950	6980	4755	
DHL	9800	9800	15	29	6	11	26	40	29	0	16	15369518	2244	2253	1119	2143	9003	7950	6980	4755	
DHL	9820	9820	15	26	6	10	26	38	30	0	17	15362724	2244	2253	1119	2143	9003	7950	6980	4755	
DHL	9840	9840	14	28	5	11	27	37	31	0	16	15356146	2244	2253	1119	2143	9003	7950	6980	4755	
DHL	9860	9860	13	28	5	10	32	39	33	0	18	15349659	2244	2253	1119	2143	9003	7950	6980	4755	
DHL	9880	9880	13	26	6	9	30	40	33	0	18	15343194	2244	2253	1119	2143	9003	7950	6980	4755	
DHL	9900	9900	13	25	6	8	30	39	34	0	18	15336807	2244	2253	1119	2143	9003	7950	6980	4755	
DHL	9920	9920	12	25	6	8	30	41	33	0	17	15330529	2244	2253	1119	2143	9003	7950	6980	4755	
DHL	9940	9940	13	27	6	7	31	41	31	0	17	15324343	2244	2253	1119	2143	9003	7950	6980	4755	
DHL	9960	9960	13	29	6	7	32	42	29	0	17	15318354	2244	2253	1119	2143	9003	7950	6980	4755	
DHL	9980	9980	13	30	6	7	34	43	30	0	17	15312467	2244	2253	1119	2143	9003	7950	6980	4755	
DHL	10000	10000	13	32	6	7	34	42	30	0	18	15306564	2244	2253	1119	2143	9003	7950	6980	4755	
