DHL	0	0	67	196	19	86	211	161	154	0	63	52134387	1810	2357	1241	2216	9263	7013	7501	5032	
DHL	200	200	65	206	20	84	211	152	157	0	60	51880586	1810	2357	1241	2216	9263	7013	7501	5032	
DHL	400	400	71	210	20	90	208	158	160	0	61	51159580	1810	2357	1241	2216	9263	7013	7501	5032	
DHL	600	600	70	219	21	84	189	172	157	0	58	50108470	1810	2357	1241	2216	9263	7013	7501	5032	
DHL	800	800	72	218	18	87	187	167	152	0	63	48823885	1810	2357	1241	2216	9263	7013	7501	5032	
DHL	1000	1000	74	211	20	83	205	172	151	0	61	47381459	1810	2357	1241	2216	9263	7013	7501	5032	
DHL	1200	1200	72	207	25	75	190	182	158	0	58	45850294	1810	2357	1241	2216	9263	7013	7501	5032	
DHL	1400	1400	73	206	20	77	193	175	153	0	55	44284630	1810	2357	1241	2216	9263	7013	7501	5032	
DHL	1600	1600	70	208	20	75	181	178	151	0	53	42741090	1810	2357	1241	2216	9263	7013	7501	5032	
DHL	1800	1800	75	208	20	66	179	178	142	0	44	41246062	1810	2357	1241	2216	9263	7013	7501	5032	
DHL	2000	2000	73	206	19	67	163	165	137	0	53	39809463	1810	2357	1241	2216	9263	7013	7501	5032	
DHL	2200	2200	74	203	20	67	167	170	140	0	42	38448328	1810	2357	1241	2216	9263	7013	7501	5032	
DHL	2400	2400	83	212	20	63	168	163	145	0	39	37156372	1810	2357	1241	2216	9263	7013	7501	5032	
DHL	2600	2600	89	215	22	62	180	159	150	0	41	35941809	1810	2357	1241	2216	9263	7013	7501	5032	
DHL	2800	2800	89	208	20	59	168	151	145	0	40	34796362	1810	2357	1241	2216	9263	7013	7501	5032	
DHL	3000	3000	89	205	22	61	156	150	137	0	43	33713446	1810	2357	1241	2216	9263	7013	7501	5032	
DHL	3200	3200	95	204	24	62	158	143	132	0	46	32697637	1810	2357	1241	2216	9263	7013	7501	5032	
DHL	3400	3400	92	211	23	59	153	148	136	0	44	31736060	1810	2357	1241	2216	9263	7013	7501	5032	
DHL	3600	3600	86	201	23	62	149	134	137	0	39	30835790	1810	2357	1241	2216	9263	7013	7501	5032	
DHL	3800	3800	72	197	21	60	127	137	127	0	36	29994688	1810	2357	1241	2216	9263	7013	7501	5032	
DHL	4000	4000	84	190	19	60	121	131	109	0	37	29209858	1810	2357	1241	2216	9263	7013	7501	5032	
DHL	4200	4200	78	182	14	62	114	123	101	0	32	28467353	1810	2357	1241	2216	9263	7013	7501	5032	
DHL	4400	4400	69	185	16	58	109	121	89	0	31	27766731	1810	2357	1241	2216	9263	7013	7501	5032	
DHL	4600	4600	68	182	14	54	99	115	86	0	31	27107687	1810	2357	1241	2216	9263	7013	7501	5032	
DHL	4800	4800	61	176	15	50	99	111	81	0	28	26485974	1810	2357	1241	2216	9263	7013	7501	5032	
DHL	5000	5000	61	169	13	46	98	98	78	0	30	25896160	1810	2357	1241	2216	9263	7013	7501	5032	
DHL	5200	5200	55	156	11	40	101	91	70	0	29	25341580	1810	2357	1241	2216	9263	7013	7501	5032	
DHL	5400	5400	46	143	10	37	99	85	73	0	31	24813131	1810	2357	1241	2216	9263	7013	7501	5032	
DHL	5600	5600	46	125	11	36	99	77	71	0	35	24305770	1810	2357	1241	2216	9263	7013	7501	5032	
DHL	5800	5800	48	119	8	32	91	74	64	0	31	23830080	1810	2357	1241	2216	9263	7013	7501	5032	
DHL	6000	6000	44	110	7	29	91	68	56	0	27	23377223	1810	2357	1241	2216	9263	7013	7501	5032	
DHL	6200	6200	47	102	10	31	94	72	53	0	28	22948284	1810	2357	1241	2216	9263	7013	7501	5032	
DHL	6400	6400	40	97	11	35	89	62	48	0	27	22544105	1810	2357	1241	2216	9263	7013	7501	5032	
DHL	6600	6600	41	93	12	29	92	62	42	0	27	22161903	1810	2357	1241	2216	9263	7013	7501	5032	
DHL	6800	6800	39	93	12	31	80	62	45	0	32	21800420	1810	2357	1241	2216	9263	7013	7501	5032	
DHL	7000	7000	36	89	10	22	84	59	47	0	30	21456981	1810	2357	1241	2216	9263	7013	7501	5032	
DHL	7200	7200	33	85	10	22	89	63	44	0	29	21129751	1810	2357	1241	2216	9263	7013	7501	5032	
DHL	7400	7400	34	80	7	23	79	62	45	0	26	20818500	1810	2357	1241	2216	9263	7013	7501	5032	
DHL	7600	7600	34	81	7	26	76	61	50	0	28	20520677	1810	2357	1241	2216	9263	7013	7501	5032	
DHL	7800	7800	29	86	4	27	72	65	49	0	26	20243866	1810	2357	1241	2216	9263	7013	7501	5032	
DHL	8000	8000	26	90	5	22	70	67	48	0	29	19977441	1810	2357	1241	2216	9263	7013	7501	5032	
DHL	8200	8200	30	92	5	26	65	71	45	0	30	19724793	1810	2357	1241	2216	9263	7013	7501	5032	
DHL	8400	8400	35	88	4	28	63	72	42	0	31	19479408	1810	2357	1241	2216	9263	7013	7501	5032	
DHL	8600	8600	37	82	4	30	66	76	41	0	28	19243557	1810	2357	1241	2216	9263	7013	7501	5032	
DHL	8800	8800	36	82	5	30	55	75	37	0	28	19019419	1810	2357	1241	2216	9263	7013	7501	5032	
DHL	9000	9000	33	76	6	26	58	75	36	0	25	18802942	1810	2357	1241	2216	9263	7013	7501	5032	
DHL	9200	9200	32	75	7	24	57	75	37	0	24	18594962	1810	2357	1241	2216	9263	7013	7501	5032	
DHL	9400	9400	30	71	8	23	60	81	36	0	26	18398268	1810	2357	1241	2216	9263	7013	7501	5032	
DHL	9600	9600	33	63	8	24	64	89	42	0	29	18208865	1810	2357	1241	2216	9263	7013	7501	5032	
DHL	9800	9800	35	54	5	24	60	87	49	0	31	18026291	1810	2357	1241	2216	9263	7013	7501	5032	
DHL	10000	10000	34	50	2	27	57	78	49	0	34	17847607	1810	2357	1241	2216	9263	7013	7501	5032	
DHL	10200	10200	30	61	2	29	59	76	47	0	33	17674487	1810	2357	1241	2216	9263	7013	7501	5032	
DHL	10400	10400	25	63	4	27	57	78	50	0	32	17508016	1810	2357	1241	2216	9263	7013	7501	5032	
DHL	10600	10600	30	67	4	21	56	79	50	0	34	17347046	1810	2357	1241	2216	9263	7013	7501	5032	
DHL	10800	10800	30	65	5	22	56	81	47	0	30	17190575	1810	2357	1241	2216	9263	7013	7501	5032	
DHL	11000	11000	29	68	2	20	53	80	49	0	24	17037188	1810	2357	1241	2216	9263	7013	7501	5032	
DHL	11200	11200	26	65	2	16	52	78	49	0	24	16887605	1810	2357	1241	2216	9263	7013	7501	5032	
DHL	11400	11400	23	61	3	14	47	77	46	0	23	16745157	1810	2357	1241	2216	9263	7013	7501	5032	
DHL	11600	11600	19	65	3	16	40	74	44	0	23	16611092	1810	2357	1241	2216	9263	7013	7501	5032	
DHL	11800	11800	22	64	2	15	44	75	50	0	24	16478495	1810	2357	1241	2216	9263	7013	7501	5032	
DHL	12000	12000	19	64	3	14	46	73	51	0	22	16346648	1810	2357	1241	2216	9263	7013	7501	5032	
DHL	12200	12200	14	61	3	12	44	82	47	0	26	16215415	1810	2357	1241	2216	9263	7013	7501	5032	
DHL	12400	12400	13	59	2	14	41	79	48	0	22	16089663	1810	2357	1241	2216	9263	7013	7501	5032	
DHL	12600	12600	14	58	4	14	37	76	51	0	20	15967439	1810	2357	1241	2216	9263	7013	7501	5032	
DHL	12800	12800	19	57	5	15	37	75	44	0	20	15848497	1810	2357	1241	2216	9263	7013	7501	5032	
DHL	13000	13000	17	54	4	15	31	63	40	0	18	15736046	1810	2357	1241	2216	9263	7013	7501	5032	
DHL	13200	13200	17	54	4	20	37	55	37	0	21	15623715	1810	2357	1241	2216	9263	7013	7501	5032	
DHL	13400	13400	16	50	4	19	40	50	36	0	20	15512876	1810	2357	1241	2216	9263	7013	7501	5032	
DHL	13600	13600	13	45	4	16	33	49	37	0	19	15404314	1810	2357	1241	2216	9263	7013	7501	5032	
DHL	13800	13800	12	39	3	20	31	46	43	0	18	15298155	1810	2357	1241	2216	9263	7013	7501	5032	
DHL	14000	14000	12	38	6	21	36	46	35	0	18	15194049	1810	2357	1241	2216	9263	7013	7501	5032	
DHL	14200	14200	11	34	5	20	43	42	35	0	14	15093649	1810	2357	1241	2216	9263	7013	7501	5032	
DHL	14400	14400	12	35	4	16	46	40	32	0	12	14995411	1810	2357	1241	2216	9263	7013	7501	5032	
DHL	14600	14600	10	33	5	15	46	38	31	0	10	14899407	1810	2357	1241	2216	9263	7013	7501	5032	
DHL	14800	14800	8	31	6	16	46	43	30	0	12	14805779	1810	2357	1241	2216	9263	7013	7501	5032	
DHL	15000	15000	8	33	6	12	48	39	28	0	13	14713271	1810	2357	1241	2216	9263	7013	7501	5032	
DHL	15200	15200	9	30	5	12	46	37	34	0	18	14623605	1810	2357	1241	2216	9263	7013	7501	5032	
DHL	15400	15400	9	27	5	11	41	40	34	0	14	14536313	1810	2357	1241	2216	9263	7013	7501	5032	
DHL	15600	15600	7	26	4	10	36	45	35	0	15	14449218	1810	2357	1241	2216	9263	7013	7501	5032	
DHL	15800	15800	6	23	5	13	41	43	34	0	13	14361430	1810	2357	1241	2216	9263	7013	7501	5032	
DHL	16000	16000	5	21	5	13	44	43	38	0	13	14272134	1810	2357	1241	2216	9263	7013	7501	5032	
DHL	16200	16200	6	22	4	12	39	41	42	0	13	14184266	1810	2357	1241	2216	9263	7013	7501	5032	
DHL	16400	16400	8	21	3	13	34	41	45	0	13	14101903	1810	2357	1241	2216	9263	7013	7501	5032	
DHL	16600	16600	7	21	3	16	34	41	43	0	15	14021832	1810	2357	1241	2216	9263	7013	7501	5032	
DHL	16800	16800	7	18	2	16	38	43	39	0	13	13944335	1810	2357	1241	2216	9263	7013	7501	5032	
DHL	17000	17000	8	19	2	12	41	44	41	0	15	13866392	1810	2357	1241	2216	9263	7013	7501	5032	
DHL	17200	17200	8	18	5	13	42	42	37	0	16	13789248	1810	2357	1241	2216	9263	7013	7501	5032	
DHL	17400	17400	9	19	6	10	46	38	34	0	13	13711769	1810	2357	1241	2216	9263	7013	7501	5032	
DHL	17600	17600	10	16	6	14	51	39	36	0	14	13636103	1810	2357	1241	2216	9263	7013	7501	5032	
DHL	17800	17800	10	17	6	12	53	37	33	0	12	13561149	1810	2357	1241	2216	9263	7013	7501	5032	
DHL	18000	18000	8	19	7	11	49	33	35	0	13	13485549	1810	2357	1241	2216	9263	7013	7501	5032	
DHL	18200	18200	8	19	6	7	50	33	32	0	13	13408396	1810	2357	1241	2216	9263	7013	7501	5032	
DHL	18400	18400	5	18	7	8	45	31	28	0	11	13332702	1810	2357	1241	2216	9263	7013	7501	5032	
DHL	18600	18600	5	23	6	9	38	31	29	0	11	13258905	1810	2357	1241	2216	9263	7013	7501	5032	
DHL	18800	18800	6	23	4	9	33	32	27	0	14	13187468	1810	2357	1241	2216	9263	7013	7501	5032	
DHL	19000	19000	7	25	5	8	33	30	25	0	13	13117452	1810	2357	1241	2216	9263	7013	7501	5032	
DHL	19200	19200	7	26	7	6	36	29	32	0	12	13048135	1810	2357	1241	2216	9263	7013	7501	5032	
DHL	19400	19400	7	24	6	8	31	28	31	0	14	12979490	1810	2357	1241	2216	9263	7013	7501	5032	
DHL	19600	19600	9	19	6	7	30	23	28	0	17	12911295	1810	2357	1241	2216	9263	7013	7501	5032	
DHL	19800	19800	10	16	5	9	34	22	31	0	18	12843704	1810	2357	1241	2216	9263	7013	7501	5032	
DHL	20000	20000	9	14	4	11	39	24	32	0	18	12776374	1810	2357	1241	2216	9263	7013	7501	5032	
DHL	20200	20200	9	13	5	13	41	23	34	0	17	12710168	1810	2357	1241	2216	9263	7013	7501	5032	
DHL	20400	20400	7	15	4	13	36	18	39	0	14	12641582	1810	2357	1241	2216	9263	7013	7501	5032	
DHL	20600	20600	6	12	4	15	42	22	40	0	14	12571460	1810	2357	1241	2216	9263	7013	7501	5032	
DHL	20800	20800	5	13	2	13	36	22	35	0	14	12502115	1810	2357	1241	2216	9263	7013	7501	5032	
DHL	21000	21000	4	11	2	10	37	23	33	0	17	12434206	1810	2357	1241	2216	9263	7013	7501	5032	
DHL	21200	21200	5	11	3	7	35	19	33	0	19	12368634	1810	2357	1241	2216	9263	7013	7501	5032	
DHL	21400	21400	5	10	2	7	34	18	31	0	22	12305764	1810	2357	1241	2216	9263	7013	7501	5032	
DHL	21600	21600	5	8	4	5	32	21	31	0	22	12245282	1810	2357	1241	2216	9263	7013	7501	5032	
DHL	21800	21800	6	10	4	6	31	22	31	0	20	12186743	1810	2357	1241	2216	9263	7013	7501	5032	
DHL	22000	22000	7	12	3	8	28	23	29	0	18	12130016	1810	2357	1241	2216	9263	7013	7501	5032	
DHL	22200	22200	9	12	3	11	30	22	25	0	19	12073796	1810	2357	1241	2216	9263	7013	7501	5032	
DHL	22400	22400	10	13	3	11	35	18	24	0	19	12020273	1810	2357	1241	2216	9263	7013	7501	5032	
DHL	22600	22600	9	11	3	12	34	21	24	0	18	11967520	1810	2357	1241	2216	9263	7013	7501	5032	
DHL	22800	22800	6	10	3	12	35	23	27	0	17	11915218	1810	2357	1241	2216	9263	7013	7501	5032	
DHL	23000	23000	6	9	3	13	34	24	32	0	17	11866356	1810	2357	1241	2216	9263	7013	7501	5032	
DHL	23200	23200	8	9	2	10	37	27	34	0	20	11819788	1810	2357	1241	2216	9263	7013	7501	5032	
DHL	23400	23400	5	13	3	5	37	28	34	0	15	11773174	1810	2357	1241	2216	9263	7013	7501	5032	
DHL	23600	23600	7	10	4	5	40	28	30	0	12	11728214	1810	2357	1241	2216	9263	7013	7501	5032	
DHL	23800	23800	10	12	3	4	33	24	29	0	18	11681160	1810	2357	1241	2216	9263	7013	7501	5032	
DHL	24000	24000	12	11	4	7	38	28	31	0	16	11633819	1810	2357	1241	2216	9263	7013	7501	5032	
DHL	24200	24200	12	10	6	7	39	26	29	0	17	11586457	1810	2357	1241	2216	9263	7013	7501	5032	
DHL	24400	24400	11	9	4	9	34	25	30	0	14	11539179	1810	2357	1241	2216	9263	7013	7501	5032	
DHL	24600	24600	12	10	2	7	36	22	28	0	13	11493316	1810	2357	1241	2216	9263	7013	7501	5032	
DHL	24800	24800	11	8	2	7	37	23	22	0	10	11450043	1810	2357	1241	2216	9263	7013	7501	5032	
DHL	25000	25000	11	10	3	9	41	21	17	0	11	11404923	1810	2357	1241	2216	9263	7013	7501	5032	
DHL	25200	25200	6	9	2	10	36	20	29	0	12	11358724	1810	2357	1241	2216	9263	7013	7501	5032	
DHL	25400	25400	7	10	4	6	34	21	27	0	14	11314005	1810	2357	1241	2216	9263	7013	7501	5032	
DHL	25600	25600	8	11	5	8	26	24	23	0	17	11269684	1810	2357	1241	2216	9263	7013	7501	5032	
DHL	25800	25800	7	11	4	9	22	23	29	0	17	11225237	1810	2357	1241	2216	9263	7013	7501	5032	
DHL	26000	26000	8	11	4	9	23	26	25	0	16	11181181	1810	2357	1241	2216	9263	7013	7501	5032	
DHL	26200	26200	6	12	4	10	23	23	22	0	17	11136096	1810	2357	1241	2216	9263	7013	7501	5032	
DHL	26400	26400	5	12	2	9	23	21	26	0	16	11092882	1810	2357	1241	2216	9263	7013	7501	5032	
DHL	26600	26600	7	14	4	9	22	23	24	0	16	11051213	1810	2357	1241	2216	9263	7013	7501	5032	
DHL	26800	26800	6	12	3	7	18	22	24	0	17	11010291	1810	2357	1241	2216	9263	7013	7501	5032	
DHL	27000	27000	6	11	1	8	21	22	22	0	15	10967095	1810	2357	1241	2216	9263	7013	7501	5032	
DHL	27200	27200	6	9	3	6	25	21	21	0	16	10923465	1810	2357	1241	2216	9263	7013	7501	5032	
DHL	27400	27400	7	9	5	8	27	22	22	0	20	10878952	1810	2357	1241	2216	9263	7013	7501	5032	
DHL	27600	27600	10	11	6	7	24	18	23	0	22	10833194	1810	2357	1241	2216	9263	7013	7501	5032	
DHL	27800	27800	10	17	5	8	28	22	23	0	21	10787331	1810	2357	1241	2216	9263	7013	7501	5032	
DHL	28000	28000	10	14	3	9	30	16	21	0	19	10743007	1810	2357	1241	2216	9263	7013	7501	5032	
DHL	28200	28200	10	11	3	8	34	17	19	0	21	10700454	1810	2357	1241	2216	9263	7013	7501	5032	
DHL	28400	28400	7	6	2	9	35	19	25	0	20	10656848	1810	2357	1241	2216	9263	7013	7501	5032	
DHL	28600	28600	10	6	2	12	33	20	24	0	22	10612989	1810	2357	1241	2216	9263	7013	7501	5032	
DHL	28800	28800	9	9	2	11	34	19	21	0	15	10570893	1810	2357	1241	2216	9263	7013	7501	5032	
DHL	29000	29000	9	10	1	11	30	16	23	0	14	10530655	1810	2357	1241	2216	9263	7013	7501	5032	
DHL	29200	29200	7	8	1	9	33	16	24	0	14	10493457	1810	2357	1241	2216	9263	7013	7501	5032	
DHL	29400	29400	4	10	1	10	35	16	26	0	11	10458973	1810	2357	1241	2216	9263	7013	7501	5032	
DHL	29600	29600	4	9	1	8	31	17	25	0	10	10425723	1810	2357	1241	2216	9263	7013	7501	5032	
DHL	29800	29800	4	8	1	6	28	14	28	0	12	10392130	1810	2357	1241	2216	9263	7013	7501	5032	
DHL	30000	30000	2	6	2	5	24	17	29	0	13	10358336	1810	2357	1241	2216	9263	7013	7501	5032	
DHL	30200	30200	1	5	2	5	22	18	33	0	13	10323791	1810	2357	1241	2216	9263	7013	7501	5032	
DHL	30400	30400	3	5	4	5	20	20	32	0	8	10288660	1810	2357	1241	2216	9263	7013	7501	5032	
DHL	30600	30600	4	6	4	7	16	20	30	0	11	10253815	1810	2357	1241	2216	9263	7013	7501	5032	
DHL	30800	30800	4	4	4	9	19	20	27	0	11	10218404	1810	2357	1241	2216	9263	7013	7501	5032	
DHL	31000	31000	6	7	6	8	20	18	27	0	11	10184126	1810	2357	1241	2216	9263	7013	7501	5032	
DHL	31200	31200	7	9	7	7	18	17	27	0	13	10150450	1810	2357	1241	2216	9263	7013	7501	5032	
DHL	31400	31400	7	9	7	6	26	16	22	0	13	10118372	1810	2357	1241	2216	9263	7013	7501	5032	
DHL	31600	31600	4	7	7	5	28	21	24	0	12	10087214	1810	2357	1241	2216	9263	7013	7501	5032	
DHL	31800	31800	5	6	6	7	27	22	25	0	14	10056268	1810	2357	1241	2216	9263	7013	7501	5032	
DHL	32000	32000	6	8	6	9	22	24	26	0	14	10026460	1810	2357	1241	2216	9263	7013	7501	5032	
DHL	32200	32200	8	9	4	8	21	22	25	0	15	9995900	1810	2357	1241	2216	9263	7013	7501	5032	
DHL	32400	32400	9	7	4	8	20	26	23	0	16	9965025	1810	2357	1241	2216	9263	7013	7501	5032	
DHL	32600	32600	10	8	3	8	23	17	22	0	14	9934575	1810	2357	1241	2216	9263	7013	7501	5032	
DHL	32800	32800	10	8	3	9	19	18	21	0	14	9902917	1810	2357	1241	2216	9263	7013	7501	5032	
DHL	33000	33000	10	5	3	12	17	16	21	0	14	9870237	1810	2357	1241	2216	9263	7013	7501	5032	
DHL	33200	33200	9	5	4	15	23	18	21	0	11	9835799	1810	2357	1241	2216	9263	7013	7501	5032	
DHL	33400	33400	9	5	4	13	25	21	24	0	8	9803345	1810	2357	1241	2216	9263	7013	7501	5032	
DHL	33600	33600	5	4	6	13	29	24	23	0	7	9770922	1810	2357	1241	2216	9263	7013	7501	5032	
DHL	33800	33800	4	5	8	14	27	19	23	0	7	9739294	1810	2357	1241	2216	9263	7013	7501	5032	
DHL	34000	34000	6	7	9	13	30	16	24	0	7	9709028	1810	2357	1241	2216	9263	7013	7501	5032	
DHL	34200	34200	8	4	9	10	27	16	20	0	7	9679597	1810	2357	1241	2216	9263	7013	7501	5032	
DHL	34400	34400	8	3	7	10	27	17	20	0	9	9652178	1810	2357	1241	2216	9263	7013	7501	5032	
DHL	34600	34600	7	6	6	8	29	18	20	0	11	9625436	1810	2357	1241	2216	9263	7013	7501	5032	
DHL	34800	34800	6	9	5	9	27	19	20	0	10	9597930	1810	2357	1241	2216	9263	7013	7501	5032	
DHL	35000	35000	6	11	5	8	24	17	25	0	15	9569858	1810	2357	1241	2216	9263	7013	7501	5032	
DHL	35200	35200	7	13	4	10	26	16	22	0	15	9539954	1810	2357	1241	2216	9263	7013	7501	5032	
DHL	35400	35400	5	13	4	10	30	23	23	0	16	9508308	1810	2357	1241	2216	9263	7013	7501	5032	
DHL	35600	35600	6	13	3	9	29	25	23	0	14	9474860	1810	2357	1241	2216	9263	7013	7501	5032	
DHL	35800	35800	7	8	4	8	29	25	22	0	13	9443045	1810	2357	1241	2216	9263	7013	7501	5032	
DHL	36000	36000	5	6	4	6	20	22	24	0	15	9410350	1810	2357	1241	2216	9263	7013	7501	5032	
DHL	36200	36200	4	7	4	6	21	23	27	0	19	9377164	1810	2357	1241	2216	9263	7013	7501	5032	
DHL	36400	36400	5	6	3	7	23	24	26	0	25	9343787	1810	2357	1241	2216	9263	7013	7501	5032	
DHL	36600	36600	4	6	2	7	22	23	24	0	24	9311002	1810	2357	1241	2216	9263	7013	7501	5032	
DHL	36800	36800	2	6	3	4	28	27	26	0	22	9278739	1810	2357	1241	2216	9263	7013	7501	5032	
DHL	37000	37000	3	7	1	5	27	20	22	0	18	9246516	1810	2357	1241	2216	9263	7013	7501	5032	
DHL	37200	37200	3	6	1	8	30	19	19	0	17	9215530	1810	2357	1241	2216	9263	7013	7501	5032	
DHL	37400	37400	3	7	2	9	26	15	21	0	16	9186910	1810	2357	1241	2216	9263	7013	7501	5032	
DHL	37600	37600	2	8	1	12	29	15	20	0	15	9159753	1810	2357	1241	2216	9263	7013	7501	5032	
DHL	37800	37800	2	8	1	13	31	13	24	0	17	9131404	1810	2357	1241	2216	9263	7013	7501	5032	
DHL	38000	38000	3	7	0	12	27	15	23	0	14	9103035	1810	2357	1241	2216	9263	7013	7501	5032	
DHL	38200	38200	4	6	2	11	26	14	25	0	14	9074914	1810	2357	1241	2216	9263	7013	7501	5032	
DHL	38400	38400	5	5	2	11	23	14	24	0	14	9047478	1810	2357	1241	2216	9263	7013	7501	5032	
DHL	38600	38600	4	5	4	11	21	15	22	0	13	9022307	1810	2357	1241	2216	9263	7013	7501	5032	
DHL	38800	38800	4	5	4	11	21	12	18	0	13	8996193	1810	2357	1241	2216	9263	7013	7501	5032	
DHL	39000	39000	4	4	3	10	20	10	19	0	9	8969887	1810	2357	1241	2216	9263	7013	7501	5032	
DHL	39200	39200	5	3	3	8	15	16	18	0	9	8944043	1810	2357	1241	2216	9263	7013	7501	5032	
DHL	39400	39400	5	3	2	5	14	16	15	0	9	8919655	1810	2357	1241	2216	9263	7013	7501	5032	
DHL	39600	39600	4	3	1	7	14	16	10	0	9	8895865	1810	2357	1241	2216	9263	7013	7501	5032	
DHL	39800	39800	7	3	1	6	11	21	10	0	8	8871497	1810	2357	1241	2216	9263	7013	7501	5032	
DHL	40000	40000	9	4	1	6	15	24	16	0	6	8846564	1810	2357	1241	2216	9263	7013	7501	5032	
DHL	40200	40200	8	5	2	7	13	22	16	0	6	8821468	1810	2357	1241	2216	9263	7013	7501	5032	
DHL	40400	40400	6	6	2	7	16	20	18	0	8	8796168	1810	2357	1241	2216	9263	7013	7501	5032	
DHL	40600	40600	6	6	2	8	17	15	17	0	10	8771656	1810	2357	1241	2216	9263	7013	7501	5032	
DHL	40800	40800	6	7	4	8	15	18	19	0	11	8747692	1810	2357	1241	2216	9263	7013	7501	5032	
DHL	41000	41000	7	9	4	7	19	22	16	0	8	8724659	1810	2357	1241	2216	9263	7013	7501	5032	
DHL	41200	41200	7	8	3	10	18	22	14	0	15	8702462	1810	2357	1241	2216	9263	7013	7501	5032	
DHL	41400	41400	8	12	3	8	18	24	14	0	15	8680162	1810	2357	1241	2216	9263	7013	7501	5032	
DHL	41600	41600	8	11	3	10	16	24	18	0	14	8657668	1810	2357	1241	2216	9263	7013	7501	5032	
DHL	41800	41800	10	12	4	10	13	24	14	0	11	8634796	1810	2357	1241	2216	9263	7013	7501	5032	
DHL	42000	42000	10	10	5	9	12	20	12	0	10	8610941	1810	2357	1241	2216	9263	7013	7501	5032	
DHL	42200	42200	9	7	4	10	12	20	13	0	12	8586590	1810	2357	1241	2216	9263	7013	7501	5032	
DHL	42400	42400	9	6	3	10	12	16	13	0	10	8561751	1810	2357	1241	2216	9263	7013	7501	5032	
DHL	42600	42600	4	7	3	9	17	19	14	0	13	8536742	1810	2357	1241	2216	9263	7013	7501	5032	
DHL	42800	42800	4	4	3	8	20	20	14	0	12	8511026	1810	2357	1241	2216	9263	7013	7501	5032	
DHL	43000	43000	2	4	3	9	17	20	13	0	11	8484546	1810	2357	1241	2216	9263	7013	7501	5032	
DHL	43200	43200	2	4	5	9	16	19	15	0	10	8457507	1810	2357	1241	2216	9263	7013	7501	5032	
DHL	43400	43400	3	4	5	7	17	16	14	0	8	8431162	1810	2357	1241	2216	9263	7013	7501	5032	
DHL	43600	43600	3	4	5	6	17	15	14	0	8	8408529	1810	2357	1241	2216	9263	7013	7501	5032	
DHL	43800	43800	3	5	4	6	15	17	15	0	8	8385463	1810	2357	1241	2216	9263	7013	7501	5032	
DHL	44000	44000	4	3	4	6	17	17	16	0	9	8362085	1810	2357	1241	2216	9263	7013	7501	5032	
DHL	44200	44200	2	3	4	8	19	15	17	0	10	8338511	1810	2357	1241	2216	9263	7013	7501	5032	
DHL	44400	44400	1	3	4	5	20	16	17	0	11	8314696	1810	2357	1241	2216	9263	7013	7501	5032	
DHL	44600	44600	1	3	2	6	22	13	18	0	14	8290466	1810	2357	1241	2216	9263	7013	7501	5032	
DHL	44800	44800	1	4	3	6	24	9	15	0	14	8266765	1810	2357	1241	2216	9263	7013	7501	5032	
DHL	45000	45000	3	4	2	4	22	11	12	0	17	8242655	1810	2357	1241	2216	9263	7013	7501	5032	
DHL	45200	45200	4	2	3	3	25	10	13	0	16	8219019	1810	2357	1241	2216	9263	7013	7501	5032	
DHL	45400	45400	1	4	2	5	26	12	13	0	16	8196355	1810	2357	1241	2216	9263	7013	7501	5032	
DHL	45600	45600	1	4	2	5	25	16	10	0	14	8175967	1810	2357	1241	2216	9263	7013	7501	5032	
DHL	45800	45800	1	6	3	8	26	20	14	0	13	8156116	1810	2357	1241	2216	9263	7013	7501	5032	
DHL	46000	46000	1	5	3	5	26	19	12	0	11	8135937	1810	2357	1241	2216	9263	7013	7501	5032	
DHL	46200	46200	2	5	2	5	16	20	12	0	11	8115808	1810	2357	1241	2216	9263	7013	7501	5032	
DHL	46400	46400	3	7	2	6	16	18	10	0	11	8095707	1810	2357	1241	2216	9263	7013	7501	5032	
DHL	46600	46600	3	7	2	6	17	14	10	0	10	8075334	1810	2357	1241	2216	9263	7013	7501	5032	
DHL	46800	46800	4	9	1	8	15	14	11	0	11	8056306	1810	2357	1241	2216	9263	7013	7501	5032	
DHL	47000	47000	4	10	1	7	12	10	10	0	10	8037460	1810	2357	1241	2216	9263	7013	7501	5032	
DHL	47200	47200	5	12	1	5	10	13	12	0	12	8019983	1810	2357	1241	2216	9263	7013	7501	5032	
DHL	47400	47400	4	11	1	5	8	14	13	0	10	8002740	1810	2357	1241	2216	9263	7013	7501	5032	
DHL	47600	47600	4	11	0	4	9	13	12	0	9	7984239	1810	2357	1241	2216	9263	7013	7501	5032	
DHL	47800	47800	5	11	1	5	8	12	12	0	9	7966648	1810	2357	1241	2216	9263	7013	7501	5032	
DHL	48000	48000	3	9	2	5	10	11	13	0	9	7949627	1810	2357	1241	2216	9263	7013	7501	5032	
DHL	48200	48200	3	10	2	6	9	11	14	0	13	7933253	1810	2357	1241	2216	9263	7013	7501	5032	
DHL	48400	48400	2	9	3	6	7	14	12	0	16	7915910	1810	2357	1241	2216	9263	7013	7501	5032	
DHL	48600	48600	2	8	4	5	6	13	14	0	15	7898271	1810	2357	1241	2216	9263	7013	7501	5032	
DHL	48800	48800	1	8	2	6	9	12	15	0	17	7880659	1810	2357	1241	2216	9263	7013	7501	5032	
DHL	49000	49000	2	8	2	6	9	13	18	0	17	7864191	1810	2357	1241	2216	9263	7013	7501	5032	
DHL	49200	49200	3	7	2	5	12	16	20	0	20	7846655	1810	2357	1241	2216	9263	7013	7501	5032	
DHL	49400	49400	2	7	2	6	12	18	19	0	24	7829623	1810	2357	1241	2216	9263	7013	7501	5032	
DHL	49600	49600	4	6	2	6	11	16	17	0	24	7813457	1810	2357	1241	2216	9263	7013	7501	5032	
DHL	49800	49800	4	8	4	6	13	15	17	0	21	7798096	1810	2357	1241	2216	9263	7013	7501	5032	
DHL	50000	50000	5	5	4	6	9	14	13	0	21	7781752	1810	2357	1241	2216	9263	7013	7501	5032	
DHL	50200	50200	5	6	4	6	11	13	12	0	18	7765344	1810	2357	1241	2216	9263	7013	7501	5032	
DHL	50400	50400	5	5	1	4	9	13	16	0	16	7749067	1810	2357	1241	2216	9263	7013	7501	5032	
DHL	50600	50600	5	7	1	5	11	10	14	0	16	7733154	1810	2357	1241	2216	9263	7013	7501	5032	
DHL	50800	50800	6	6	1	4	12	8	17	0	18	7717193	1810	2357	1241	2216	9263	7013	7501	5032	
DHL	51000	51000	6	8	0	7	10	13	18	0	19	7699756	1810	2357	1241	2216	9263	7013	7501	5032	
DHL	51200	51200	5	8	1	9	16	15	16	0	18	7681708	1810	2357	1241	2216	9263	7013	7501	5032	
DHL	51400	51400	3	8	2	8	19	15	15	0	16	7662714	1810	2357	1241	2216	9263	7013	7501	5032	
DHL	51600	51600	6	8	2	7	20	14	14	0	14	7643907	1810	2357	1241	2216	9263	7013	7501	5032	
DHL	51800	51800	6	8	3	8	19	13	13	0	13	7623778	1810	2357	1241	2216	9263	7013	7501	5032	
DHL	52000	52000	6	8	3	9	19	16	18	0	10	7604392	1810	2357	1241	2216	9263	7013	7501	5032	
DHL	52200	52200	5	3	2	9	16	16	17	0	11	7585956	1810	2357	1241	2216	9263	7013	7501	5032	
DHL	52400	52400	4	3	2	8	13	15	16	0	10	7568703	1810	2357	1241	2216	9263	7013	7501	5032	
DHL	52600	52600	4	3	1	9	13	15	19	0	10	7551554	1810	2357	1241	2216	9263	7013	7501	5032	
DHL	52800	52800	4	2	0	10	14	15	15	0	6	7534759	1810	2357	1241	2216	9263	7013	7501	5032	
DHL	53000	53000	4	3	0	11	14	13	12	0	7	7518836	1810	2357	1241	2216	9263	7013	7501	5032	
DHL	53200	53200	4	3	1	8	16	9	13	0	9	7504170	1810	2357	1241	2216	9263	7013	7501	5032	
DHL	53400	53400	5	3	2	7	16	11	15	0	10	7489814	1810	2357	1241	2216	9263	7013	7501	5032	
DHL	53600	53600	4	4	1	5	16	11	15	0	10	7474812	1810	2357	1241	2216	9263	7013	7501	5032	
DHL	53800	53800	4	4	1	4	14	10	15	0	12	7459311	1810	2357	1241	2216	9263	7013	7501	5032	
DHL	54000	54000	5	4	2	6	14	14	16	0	10	7442825	1810	2357	1241	2216	9263	7013	7501	5032	
DHL	54200	54200	5	3	5	6	14	15	15	0	11	7427288	1810	2357	1241	2216	9263	7013	7501	5032	
DHL	54400	54400	5	3	6	7	17	15	17	0	12	7411803	1810	2357	1241	2216	9263	7013	7501	5032	
DHL	54600	54600	5	3	5	7	18	13	14	0	13	7395480	1810	2357	1241	2216	9263	7013	7501	5032	
DHL	54800	54800	5	2	5	6	16	15	16	0	15	7379605	1810	2357	1241	2216	9263	7013	7501	5032	
DHL	55000	55000	4	2	6	5	13	14	13	0	15	7364349	1810	2357	1241	2216	9263	7013	7501	5032	
DHL	55200	55200	4	3	4	5	16	11	15	0	15	7348780	1810	2357	1241	2216	9263	7013	7501	5032	
DHL	55400	55400	3	3	3	5	17	14	13	0	11	7333779	1810	2357	1241	2216	9263	7013	7501	5032	
DHL	55600	55600	3	3	2	5	19	14	10	0	12	7319850	1810	2357	1241	2216	9263	7013	7501	5032	
DHL	55800	55800	4	3	3	5	21	11	13	0	14	7306763	1810	2357	1241	2216	9263	7013	7501	5032	
DHL	56000	56000	4	2	3	6	20	11	14	0	12	7294791	1810	2357	1241	2216	9263	7013	7501	5032	
DHL	56200	56200	3	2	3	7	17	13	12	0	14	7284116	1810	2357	1241	2216	9263	7013	7501	5032	
DHL	56400	56400	2	5	2	7	18	15	12	0	11	7273697	1810	2357	1241	2216	9263	7013	7501	5032	
DHL	56600	56600	3	4	3	3	17	16	13	0	9	7262564	1810	2357	1241	2216	9263	7013	7501	5032	
DHL	56800	56800	3	4	2	3	15	16	17	0	10	7249582	1810	2357	1241	2216	9263	7013	7501	5032	
DHL	57000	57000	3	2	2	3	13	15	18	0	12	7236867	1810	2357	1241	2216	9263	7013	7501	5032	
DHL	57200	57200	1	3	1	3	16	13	16	0	15	7223126	1810	2357	1241	2216	9263	7013	7501	5032	
DHL	57400	57400	1	3	2	3	19	10	14	0	12	7209485	1810	2357	1241	2216	9263	7013	7501	5032	
DHL	57600	57600	1	4	1	3	16	9	16	0	14	7196197	1810	2357	1241	2216	9263	7013	7501	5032	
DHL	57800	57800	3	5	2	3	15	11	16	0	11	7182811	1810	2357	1241	2216	9263	7013	7501	5032	
DHL	58000	58000	4	4	2	3	11	11	14	0	10	7168445	1810	2357	1241	2216	9263	7013	7501	5032	
DHL	58200	58200	4	3	2	4	13	11	17	0	9	7153802	1810	2357	1241	2216	9263	7013	7501	5032	
DHL	58400	58400	3	1	4	3	14	12	20	0	10	7140307	1810	2357	1241	2216	9263	7013	7501	5032	
DHL	58600	58600	2	1	3	4	13	12	22	0	12	7126370	1810	2357	1241	2216	9263	7013	7501	5032	
DHL	58800	58800	2	2	3	5	10	8	18	0	9	7112441	1810	2357	1241	2216	9263	7013	7501	5032	
DHL	59000	59000	1	5	2	5	14	7	21	0	10	7097897	1810	2357	1241	2216	9263	7013	7501	5032	
DHL	59200	59200	0	4	1	5	14	9	23	0	9	7083069	1810	2357	1241	2216	9263	7013	7501	5032	
DHL	59400	59400	1	3	1	2	12	9	23	0	8	7068007	1810	2357	1241	2216	9263	7013	7501	5032	
DHL	59600	59600	1	5	1	2	16	9	19	0	5	7054283	1810	2357	1241	2216	9263	7013	7501	5032	
DHL	59800	59800	1	4	1	3	14	11	17	0	6	7040516	1810	2357	1241	2216	9263	7013	7501	5032	
DHL	60000	60000	1	4	1	3	18	10	18	0	8	7026939	1810	2357	1241	2216	9263	7013	7501	5032	
DHL	60200	60200	1	9	2	4	19	10	16	0	9	7013300	1810	2357	1241	2216	9263	7013	7501	5032	
DHL	60400	60400	1	10	2	4	20	6	14	0	12	6999133	1810	2357	1241	2216	9263	7013	7501	5032	
DHL	60600	60600	1	7	3	3	21	7	12	0	10	6984864	1810	2357	1241	2216	9263	7013	7501	5032	
DHL	60800	60800	2	5	2	4	23	10	14	0	12	6971756	1810	2357	1241	2216	9263	7013	7501	5032	
DHL	61000	61000	2	4	2	6	24	11	13	0	13	6959292	1810	2357	1241	2216	9263	7013	7501	5032	
DHL	61200	61200	2	4	1	6	29	11	9	0	15	6946440	1810	2357	1241	2216	9263	7013	7501	5032	
DHL	61400	61400	1	5	2	6	29	15	7	0	14	6932773	1810	2357	1241	2216	9263	7013	7501	5032	
DHL	61600	61600	1	5	2	8	26	16	10	0	14	6919647	1810	2357	1241	2216	9263	7013	7501	5032	
DHL	61800	61800	1	6	2	6	20	17	8	0	14	6907531	1810	2357	1241	2216	9263	7013	7501	5032	
DHL	62000	62000	3	7	3	8	19	17	10	0	13	6895447	1810	2357	1241	2216	9263	7013	7501	5032	
DHL	62200	62200	3	6	3	8	16	16	9	0	10	6882904	1810	2357	1241	2216	9263	7013	7501	5032	
DHL	62400	62400	2	4	2	7	15	14	7	0	12	6870750	1810	2357	1241	2216	9263	7013	7501	5032	
DHL	62600	62600	2	6	1	7	13	14	8	0	11	6858788	1810	2357	1241	2216	9263	7013	7501	5032	
DHL	62800	62800	2	4	2	5	13	12	10	0	12	6847506	1810	2357	1241	2216	9263	7013	7501	5032	
DHL	63000	63000	2	4	2	7	14	15	10	0	12	6837042	1810	2357	1241	2216	9263	7013	7501	5032	
DHL	63200	63200	3	4	2	6	16	13	12	0	11	6826514	1810	2357	1241	2216	9263	7013	7501	5032	
DHL	63400	63400	3	3	3	6	16	12	16	0	12	6816140	1810	2357	1241	2216	9263	7013	7501	5032	
DHL	63600	63600	3	3	3	8	15	11	17	0	10	6806165	1810	2357	1241	2216	9263	7013	7501	5032	
DHL	63800	63800	4	3	2	10	12	10	20	0	14	6794650	1810	2357	1241	2216	9263	7013	7501	5032	
DHL	64000	64000	3	3	1	5	13	11	19	0	12	6782348	1810	2357	1241	2216	9263	7013	7501	5032	
DHL	64200	64200	2	2	2	5	14	10	19	0	15	6769569	1810	2357	1241	2216	9263	7013	7501	5032	
DHL	64400	64400	2	2	3	6	12	13	19	0	15	6756361	1810	2357	1241	2216	9263	7013	7501	5032	
DHL	64600	64600	1	1	2	6	16	14	19	0	17	6743420	1810	2357	1241	2216	9263	7013	7501	5032	
DHL	64800	64800	1	2	2	6	16	10	18	0	16	6731026	1810	2357	1241	2216	9263	7013	7501	5032	
DHL	65000	65000	2	2	2	7	12	11	17	0	15	6719673	1810	2357	1241	2216	9263	7013	7501	5032	
DHL	65200	65200	2	2	2	5	14	11	16	0	13	6708867	1810	2357	1241	2216	9263	7013	7501	5032	
DHL	65400	65400	2	2	2	5	14	12	14	0	11	6697791	1810	2357	1241	2216	9263	7013	7501	5032	
DHL	65600	65600	2	2	2	4	17	13	19	0	11	6688395	1810	2357	1241	2216	9263	7013	7501	5032	
DHL	65800	65800	4	2	2	4	13	13	16	0	10	6678921	1810	2357	1241	2216	9263	7013	7501	5032	
DHL	66000	66000	5	1	2	4	14	11	14	0	10	6669805	1810	2357	1241	2216	9263	7013	7501	5032	
DHL	66200	66200	6	4	3	3	15	13	11	0	8	6660910	1810	2357	1241	2216	9263	7013	7501	5032	
DHL	66400	66400	4	3	3	3	15	10	12	0	7	6652002	1810	2357	1241	2216	9263	7013	7501	5032	
DHL	66600	66600	4	2	3	5	14	10	11	0	7	6642956	1810	2357	1241	2216	9263	7013	7501	5032	
DHL	66800	66800	4	5	3	6	15	12	16	0	7	6633897	1810	2357	1241	2216	9263	7013	7501	5032	
DHL	67000	67000	3	5	3	5	16	16	15	0	9	6625114	1810	2357	1241	2216	9263	7013	7501	5032	
DHL	67200	67200	4	4	3	5	18	14	15	0	8	6616555	1810	2357	1241	2216	9263	7013	7501	5032	
DHL	67400	67400	4	4	4	5	17	16	16	0	9	6607247	1810	2357	1241	2216	9263	7013	7501	5032	
DHL	67600	67600	3	5	3	7	16	15	18	0	8	6598031	1810	2357	1241	2216	9263	7013	7501	5032	
DHL	67800	67800	3	3	2	2	16	11	18	0	10	6588529	1810	2357	1241	2216	9263	7013	7501	5032	
DHL	68000	68000	3	2	0	2	15	11	19	0	11	6578278	1810	2357	1241	2216	9263	7013	7501	5032	
DHL	68200	68200	1	3	0	2	16	8	15	0	11	6567892	1810	2357	1241	2216	9263	7013	7501	5032	
DHL	68400	68400	1	4	1	5	13	7	13	0	9	6557922	1810	2357	1241	2216	9263	7013	7501	5032	
DHL	68600	68600	1	4	1	7	12	8	13	0	8	6548439	1810	2357	1241	2216	9263	7013	7501	5032	
DHL	68800	68800	1	3	1	7	9	7	13	0	8	6538483	1810	2357	1241	2216	9263	7013	7501	5032	
DHL	69000	69000	2	4	1	6	9	13	18	0	9	6527700	1810	2357	1241	2216	9263	7013	7501	5032	
DHL	69200	69200	2	5	2	6	10	14	17	0	11	6516800	1810	2357	1241	2216	9263	7013	7501	5032	
DHL	69400	69400	2	5	1	2	11	14	19	0	11	6506315	1810	2357	1241	2216	9263	7013	7501	5032	
DHL	69600	69600	2	5	0	2	9	13	14	0	12	6497066	1810	2357	1241	2216	9263	7013	7501	5032	
DHL	69800	69800	5	3	1	2	11	14	15	0	10	6487847	1810	2357	1241	2216	9263	7013	7501	5032	
DHL	70000	70000	5	4	1	2	11	12	11	0	11	6478190	1810	2357	1241	2216	9263	7013	7501	5032	
DHL	70200	70200	4	5	1	1	12	11	11	0	11	6468850	1810	2357	1241	2216	9263	7013	7501	5032	
DHL	70400	70400	7	5	2	2	12	12	9	0	9	6459854	1810	2357	1241	2216	9263	7013	7501	5032	
DHL	70600	70600	6	5	3	3	13	13	9	0	10	6451481	1810	2357	1241	2216	9263	7013	7501	5032	
DHL	70800	70800	8	5	3	2	14	15	8	0	11	6442977	1810	2357	1241	2216	9263	7013	7501	5032	
DHL	71000	71000	8	7	5	2	14	15	8	0	9	6433854	1810	2357	1241	2216	9263	7013	7501	5032	
DHL	71200	71200	8	6	4	1	15	16	12	0	10	6424389	1810	2357	1241	2216	9263	7013	7501	5032	
DHL	71400	71400	8	4	3	1	17	15	17	0	8	6414400	1810	2357	1241	2216	9263	7013	7501	5032	
DHL	71600	71600	8	3	3	2	17	18	16	0	6	6405397	1810	2357	1241	2216	9263	7013	7501	5032	
DHL	71800	71800	8	4	3	2	16	19	14	0	7	6397117	1810	2357	1241	2216	9263	7013	7501	5032	
DHL	72000	72000	4	3	2	2	12	17	14	0	7	6388405	1810	2357	1241	2216	9263	7013	7501	5032	
DHL	72200	72200	3	4	2	3	15	16	13	0	6	6380605	1810	2357	1241	2216	9263	7013	7501	5032	
DHL	72400	72400	3	4	1	6	18	19	14	0	7	6372954	1810	2357	1241	2216	9263	7013	7501	5032	
DHL	72600	72600	4	3	1	7	16	21	15	0	8	6365893	1810	2357	1241	2216	9263	7013	7501	5032	
DHL	72800	72800	7	3	1	10	22	18	15	0	7	6358365	1810	2357	1241	2216	9263	7013	7501	5032	
DHL	73000	73000	6	3	2	6	23	17	14	0	7	6350900	1810	2357	1241	2216	9263	7013	7501	5032	
DHL	73200	73200	8	3	2	4	23	18	13	0	6	6344302	1810	2357	1241	2216	9263	7013	7501	5032	
DHL	73400	73400	10	2	2	4	20	17	11	0	9	6337953	1810	2357	1241	2216	9263	7013	7501	5032	
DHL	73600	73600	10	2	2	5	22	15	10	0	9	6330624	1810	2357	1241	2216	9263	7013	7501	5032	
DHL	73800	73800	10	1	2	5	19	14	10	0	10	6322382	1810	2357	1241	2216	9263	7013	7501	5032	
DHL	74000	74000	10	1	2	4	16	14	10	0	9	6313800	1810	2357	1241	2216	9263	7013	7501	5032	
DHL	74200	74200	9	1	1	4	13	13	10	0	7	6304159	1810	2357	1241	2216	9263	7013	7501	5032	
DHL	74400	74400	8	1	3	6	8	13	10	0	6	6293589	1810	2357	1241	2216	9263	7013	7501	5032	
DHL	74600	74600	7	1	2	6	9	13	8	0	5	6283183	1810	2357	1241	2216	9263	7013	7501	5032	
DHL	74800	74800	8	1	2	6	6	13	8	0	5	6272242	1810	2357	1241	2216	9263	7013	7501	5032	
DHL	75000	75000	5	1	3	4	7	14	10	0	3	6261679	1810	2357	1241	2216	9263	7013	7501	5032	
DHL	75200	75200	4	1	3	7	10	15	11	0	3	6249371	1810	2357	1241	2216	9263	7013	7501	5032	
DHL	75400	75400	3	2	3	6	7	16	8	0	4	6237225	1810	2357	1241	2216	9263	7013	7501	5032	
DHL	75600	75600	5	3	3	6	11	15	7	0	5	6226224	1810	2357	1241	2216	9263	7013	7501	5032	
DHL	75800	75800	5	4	2	5	9	13	4	0	8	6215623	1810	2357	1241	2216	9263	7013	7501	5032	
DHL	76000	76000	1	3	2	6	10	13	5	0	8	6204408	1810	2357	1241	2216	9263	7013	7501	5032	
DHL	76200	76200	3	3	1	5	8	15	7	0	11	6193656	1810	2357	1241	2216	9263	7013	7501	5032	
DHL	76400	76400	3	2	1	5	9	17	8	0	13	6183946	1810	2357	1241	2216	9263	7013	7501	5032	
DHL	76600	76600	3	3	2	7	10	13	8	0	11	6175402	1810	2357	1241	2216	9263	7013	7501	5032	
DHL	76800	76800	3	4	2	7	10	14	7	0	11	6167618	1810	2357	1241	2216	9263	7013	7501	5032	
DHL	77000	77000	3	4	3	4	13	13	8	0	12	6161131	1810	2357	1241	2216	9263	7013	7501	5032	
DHL	77200	77200	2	4	2	3	12	16	9	0	9	6155310	1810	2357	1241	2216	9263	7013	7501	5032	
DHL	77400	77400	2	2	3	5	13	17	10	0	9	6148759	1810	2357	1241	2216	9263	7013	7501	5032	
DHL	77600	77600	3	4	3	4	12	16	12	0	9	6142336	1810	2357	1241	2216	9263	7013	7501	5032	
DHL	77800	77800	3	4	3	5	12	16	13	0	10	6135275	1810	2357	1241	2216	9263	7013	7501	5032	
DHL	78000	78000	3	3	3	5	12	14	12	0	11	6126581	1810	2357	1241	2216	9263	7013	7501	5032	
DHL	78200	78200	2	3	1	5	13	11	14	0	9	6117714	1810	2357	1241	2216	9263	7013	7501	5032	
DHL	78400	78400	2	2	0	5	15	12	15	0	5	6109036	1810	2357	1241	2216	9263	7013	7501	5032	
DHL	78600	78600	3	2	0	7	15	11	16	0	5	6100531	1810	2357	1241	2216	9263	7013	7501	5032	
DHL	78800	78800	5	3	1	6	19	11	14	0	7	6092642	1810	2357	1241	2216	9263	7013	7501	5032	
DHL	79000	79000	6	3	1	6	17	14	15	0	8	6083710	1810	2357	1241	2216	9263	7013	7501	5032	
DHL	79200	79200	5	3	1	6	16	14	18	0	10	6074775	1810	2357	1241	2216	9263	7013	7501	5032	
DHL	79400	79400	6	5	1	6	16	15	16	0	11	6065718	1810	2357	1241	2216	9263	7013	7501	5032	
DHL	79600	79600	4	5	1	5	18	12	16	0	10	6056121	1810	2357	1241	2216	9263	7013	7501	5032	
DHL	79800	79800	4	3	2	6	19	12	15	0	11	6045973	1810	2357	1241	2216	9263	7013	7501	5032	
DHL	80000	80000	3	5	2	7	18	11	15	0	10	6035326	1810	2357	1241	2216	9263	7013	7501	5032	
DHL	80200	80200	6	6	2	5	18	8	16	0	8	6023836	1810	2357	1241	2216	9263	7013	7501	5032	
DHL	80400	80400	6	5	1	5	20	8	18	0	7	6013287	1810	2357	1241	2216	9263	7013	7501	5032	
DHL	80600	80600	7	1	2	6	18	7	23	0	7	6003188	1810	2357	1241	2216	9263	7013	7501	5032	
DHL	80800	80800	7	1	2	7	19	9	21	0	6	5993336	1810	2357	1241	2216	9263	7013	7501	5032	
DHL	81000	81000	8	3	3	8	16	7	18	0	5	5983251	1810	2357	1241	2216	9263	7013	7501	5032	
DHL	81200	81200	8	5	3	7	16	8	17	0	7	5972925	1810	2357	1241	2216	9263	7013	7501	5032	
DHL	81400	81400	9	3	2	7	15	6	15	0	8	5963093	1810	2357	1241	2216	9263	7013	7501	5032	
DHL	81600	81600	10	4	1	5	15	4	16	0	9	5954739	1810	2357	1241	2216	9263	7013	7501	5032	
DHL	81800	81800	8	5	1	6	16	2	20	0	11	5946768	1810	2357	1241	2216	9263	7013	7501	5032	
DHL	82000	82000	9	6	1	5	16	3	21	0	10	5938808	1810	2357	1241	2216	9263	7013	7501	5032	
DHL	82200	82200	6	5	0	4	17	4	20	0	10	5930184	1810	2357	1241	2216	9263	7013	7501	5032	
DHL	82400	82400	5	4	1	4	20	5	20	0	13	5921300	1810	2357	1241	2216	9263	7013	7501	5032	
DHL	82600	82600	5	4	1	5	20	8	17	0	14	5912805	1810	2357	1241	2216	9263	7013	7501	5032	
DHL	82800	82800	5	4	1	3	20	8	16	0	12	5904726	1810	2357	1241	2216	9263	7013	7501	5032	
DHL	83000	83000	5	4	1	4	21	9	15	0	12	5895986	1810	2357	1241	2216	9263	7013	7501	5032	
DHL	83200	83200	5	3	2	4	22	7	14	0	13	5887356	1810	2357	1241	2216	9263	7013	7501	5032	
DHL	83400	83400	2	3	1	4	19	10	13	0	12	5879225	1810	2357	1241	2216	9263	7013	7501	5032	
DHL	83600	83600	2	3	3	6	19	9	7	0	14	5871197	1810	2357	1241	2216	9263	7013	7501	5032	
DHL	83800	83800	1	3	3	4	14	10	7	0	10	5863434	1810	2357	1241	2216	9263	7013	7501	5032	
DHL	84000	84000	1	2	3	4	12	9	10	0	7	5855950	1810	2357	1241	2216	9263	7013	7501	5032	
DHL	84200	84200	3	3	2	4	10	7	9	0	8	5848768	1810	2357	1241	2216	9263	7013	7501	5032	
DHL	84400	84400	3	2	2	3	12	7	10	0	11	5841129	1810	2357	1241	2216	9263	7013	7501	5032	
DHL	84600	84600	3	2	2	3	13	8	8	0	9	5834386	1810	2357	1241	2216	9263	7013	7501	5032	
DHL	84800	84800	3	2	2	3	10	10	9	0	9	5827979	1810	2357	1241	2216	9263	7013	7501	5032	
DHL	85000	85000	3	2	2	2	11	12	9	0	9	5821056	1810	2357	1241	2216	9263	7013	7501	5032	
DHL	85200	85200	4	5	1	2	13	12	10	0	9	5814218	1810	2357	1241	2216	9263	7013	7501	5032	
DHL	85400	85400	4	5	1	2	13	12	11	0	8	5806814	1810	2357	1241	2216	9263	7013	7501	5032	
DHL	85600	85600	4	2	1	3	10	9	9	0	6	5798429	1810	2357	1241	2216	9263	7013	7501	5032	
DHL	85800	85800	3	2	2	3	11	11	13	0	6	5790152	1810	2357	1241	2216	9263	7013	7501	5032	
DHL	86000	86000	2	2	2	4	11	11	13	0	7	5781999	1810	2357	1241	2216	9263	7013	7501	5032	
DHL	86200	86200	3	2	1	6	11	11	13	0	10	5772660	1810	2357	1241	2216	9263	7013	7501	5032	
DHL	86400	86400	2	3	1	4	12	9	16	0	13	5763407	1810	2357	1241	2216	9263	7013	7501	5032	
DHL	86600	86600	1	3	1	4	14	5	21	0	12	5753866	1810	2357	1241	2216	9263	7013	7501	5032	
DHL	86800	86800	1	4	1	5	16	4	22	0	13	5744648	1810	2357	1241	2216	9263	7013	7501	5032	
DHL	87000	87000	1	4	1	5	16	3	19	0	11	5735890	1810	2357	1241	2216	9263	7013	7501	5032	
DHL	87200	87200	1	2	0	4	17	5	22	0	10	5727554	1810	2357	1241	2216	9263	7013	7501	5032	
DHL	87400	87400	1	4	0	4	14	5	22	0	11	5719505	1810	2357	1241	2216	9263	7013	7501	5032	
DHL	87600	87600	1	3	2	4	11	5	21	0	10	5711437	1810	2357	1241	2216	9263	7013	7501	5032	
DHL	87800	87800	1	3	2	3	11	9	19	0	9	5702946	1810	2357	1241	2216	9263	7013	7501	5032	
DHL	88000	88000	1	4	3	3	13	7	21	0	9	5695294	1810	2357	1241	2216	9263	7013	7501	5032	
DHL	88200	88200	2	3	4	2	13	6	21	0	11	5687898	1810	2357	1241	2216	9263	7013	7501	5032	
DHL	88400	88400	2	3	4	2	12	6	20	0	11	5680061	1810	2357	1241	2216	9263	7013	7501	5032	
DHL	88600	88600	2	2	4	2	15	6	18	0	12	5672495	1810	2357	1241	2216	9263	7013	7501	5032	
DHL	88800	88800	4	3	3	2	15	8	18	0	10	5665162	1810	2357	1241	2216	9263	7013	7501	5032	
DHL	89000	89000	4	2	2	1	16	10	15	0	10	5658487	1810	2357	1241	2216	9263	7013	7501	5032	
DHL	89200	89200	3	2	2	2	16	8	15	0	8	5650848	1810	2357	1241	2216	9263	7013	7501	5032	
DHL	89400	89400	3	4	3	3	15	6	17	0	9	5643431	1810	2357	1241	2216	9263	7013	7501	5032	
DHL	89600	89600	3	3	3	4	16	7	17	0	8	5635788	1810	2357	1241	2216	9263	7013	7501	5032	
DHL	89800	89800	2	1	2	4	18	8	19	0	8	5628037	1810	2357	1241	2216	9263	7013	7501	5032	
DHL	90000	90000	2	1	3	7	20	10	18	0	10	5619487	1810	2357	1241	2216	9263	7013	7501	5032	
DHL	90200	90200	1	1	3	6	20	10	16	0	11	5610423	1810	2357	1241	2216	9263	7013	7501	5032	
DHL	90400	90400	1	0	3	5	19	6	13	0	13	5602054	1810	2357	1241	2216	9263	7013	7501	5032	
DHL	90600	90600	1	0	2	5	20	5	12	0	15	5594392	1810	2357	1241	2216	9263	7013	7501	5032	
DHL	90800	90800	2	1	3	4	19	8	10	0	16	5587807	1810	2357	1241	2216	9263	7013	7501	5032	
DHL	91000	91000	2	1	3	3	18	10	9	0	15	5581433	1810	2357	1241	2216	9263	7013	7501	5032	
DHL	91200	91200	2	2	3	4	15	12	11	0	11	5575216	1810	2357	1241	2216	9263	7013	7501	5032	
DHL	91400	91400	2	1	4	5	14	10	11	0	9	5569292	1810	2357	1241	2216	9263	7013	7501	5032	
DHL	91600	91600	2	1	4	5	14	10	9	0	8	5563431	1810	2357	1241	2216	9263	7013	7501	5032	
DHL	91800	91800	2	1	5	6	14	17	8	0	9	5558278	1810	2357	1241	2216	9263	7013	7501	5032	
DHL	92000	92000	3	1	4	6	13	16	11	0	8	5553416	1810	2357	1241	2216	9263	7013	7501	5032	
DHL	92200	92200	4	1	5	5	11	16	15	0	8	5548484	1810	2357	1241	2216	9263	7013	7501	5032	
DHL	92400	92400	3	2	5	5	11	16	16	0	8	5542782	1810	2357	1241	2216	9263	7013	7501	5032	
DHL	92600	92600	5	1	4	3	8	15	16	0	6	5537087	1810	2357	1241	2216	9263	7013	7501	5032	
DHL	92800	92800	6	1	2	6	8	9	13	0	6	5531239	1810	2357	1241	2216	9263	7013	7501	5032	
DHL	93000	93000	6	1	1	6	7	8	14	0	4	5523882	1810	2357	1241	2216	9263	7013	7501	5032	
DHL	93200	93200	7	2	1	5	8	5	15	0	4	5515839	1810	2357	1241	2216	9263	7013	7501	5032	
DHL	93400	93400	6	4	1	7	11	7	15	0	5	5507867	1810	2357	1241	2216	9263	7013	7501	5032	
DHL	93600	93600	7	4	1	7	11	9	18	0	5	5500908	1810	2357	1241	2216	9263	7013	7501	5032	
DHL	93800	93800	6	5	1	7	10	9	20	0	9	5494778	1810	2357	1241	2216	9263	7013	7501	5032	
DHL	94000	94000	4	5	1	6	9	11	17	0	11	5488969	1810	2357	1241	2216	9263	7013	7501	5032	
DHL	94200	94200	6	6	1	6	10	9	15	0	11	5483293	1810	2357	1241	2216	9263	7013	7501	5032	
DHL	94400	94400	6	5	2	6	16	10	16	0	10	5478008	1810	2357	1241	2216	9263	7013	7501	5032	
DHL	94600	94600	6	5	2	4	16	11	17	0	10	5472544	1810	2357	1241	2216	9263	7013	7501	5032	
DHL	94800	94800	7	2	1	3	13	7	17	0	7	5467236	1810	2357	1241	2216	9263	7013	7501	5032	
DHL	95000	95000	5	3	1	4	11	6	18	0	7	5461535	1810	2357	1241	2216	9263	7013	7501	5032	
DHL	95200	95200	4	1	2	5	9	8	19	0	8	5455554	1810	2357	1241	2216	9263	7013	7501	5032	
DHL	95400	95400	5	0	4	6	8	8	19	0	7	5449835	1810	2357	1241	2216	9263	7013	7501	5032	
DHL	95600	95600	4	1	2	7	11	12	15	0	6	5444654	1810	2357	1241	2216	9263	7013	7501	5032	
DHL	95800	95800	4	2	2	6	13	10	17	0	6	5439436	1810	2357	1241	2216	9263	7013	7501	5032	
DHL	96000	96000	4	2	2	5	14	8	15	0	7	5433909	1810	2357	1241	2216	9263	7013	7501	5032	
DHL	96200	96200	3	4	1	4	10	8	15	0	8	5428761	1810	2357	1241	2216	9263	7013	7501	5032	
DHL	96400	96400	2	5	1	4	10	9	11	0	10	5422787	1810	2357	1241	2216	9263	7013	7501	5032	
DHL	96600	96600	1	4	1	4	10	11	11	0	10	5416367	1810	2357	1241	2216	9263	7013	7501	5032	
DHL	96800	96800	2	4	1	4	9	9	9	0	9	5410576	1810	2357	1241	2216	9263	7013	7501	5032	
DHL	97000	97000	2	5	1	5	8	10	9	0	9	5405219	1810	2357	1241	2216	9263	7013	7501	5032	
DHL	97200	97200	2	3	1	5	8	11	8	0	8	5399376	1810	2357	1241	2216	9263	7013	7501	5032	
DHL	97400	97400	3	4	1	4	9	13	7	0	11	5394570	1810	2357	1241	2216	9263	7013	7501	5032	
DHL	97600	97600	4	6	1	4	10	12	9	0	11	5389348	1810	2357	1241	2216	9263	7013	7501	5032	
DHL	97800	97800	4	6	1	2	9	10	11	0	11	5384157	1810	2357	1241	2216	9263	7013	7501	5032	
DHL	98000	98000	3	6	2	1	7	10	12	0	14	5378164	1810	2357	1241	2216	9263	7013	7501	5032	
DHL	98200	98200	3	6	3	3	10	11	13	0	8	5371513	1810	2357	1241	2216	9263	7013	7501	5032	
DHL	98400	98400	4	7	3	1	10	11	13	0	10	5364959	1810	2357	1241	2216	9263	7013	7501	5032	
DHL	98600	98600	4	5	2	1	12	13	9	0	10	5358226	1810	2357	1241	2216	9263	7013	7501	5032	
DHL	98800	98800	4	3	2	1	12	16	9	0	10	5351049	1810	2357	1241	2216	9263	7013	7501	5032	
DHL	99000	99000	4	3	2	1	12	16	12	0	8	5343966	1810	2357	1241	2216	9263	7013	7501	5032	
DHL	99200	99200	4	2	2	1	15	16	11	0	12	5336771	1810	2357	1241	2216	9263	7013	7501	5032	
DHL	99400	99400	6	1	2	1	12	18	12	0	11	5329430	1810	2357	1241	2216	9263	7013	7501	5032	
DHL	99600	99600	6	2	2	1	12	18	11	0	8	5321710	1810	2357	1241	2216	9263	7013	7501	5032	
DHL	99800	99800	6	2	3	1	11	16	11	0	7	5313009	1810	2357	1241	2216	9263	7013	7501	5032	
DHL	100000	100000	4	2	2	2	13	11	16	0	8	5305385	1810	2357	1241	2216	9263	7013	7501	5032	
