FL	0	0	92	106	1	60	61	53	36	255	4	52134387	6075	4775	148	1925	4244	4632	2536	13292	512	
FL	-200	-200	93	109	2	67	61	60	33	259	4	51880035	6075	4775	148	1925	4244	4632	2536	13292	512	
FL	-400	-400	95	98	3	69	71	69	35	263	4	51161246	6075	4775	148	1925	4244	4632	2536	13292	512	
FL	-600	-600	97	102	3	71	66	73	32	261	5	50112398	6075	4775	148	1925	4244	4632	2536	13292	512	
FL	-800	-800	98	99	4	79	68	71	32	244	5	48832393	6075	4775	148	1925	4244	4632	2536	13292	512	
FL	-1000	-1000	103	94	4	82	74	69	35	230	5	47394445	6075	4775	148	1925	4244	4632	2536	13292	512	
FL	-1200	-1200	103	91	3	78	73	71	39	222	5	45870183	6075	4775	148	1925	4244	4632	2536	13292	512	
FL	-1400	-1400	107	82	4	86	64	60	38	209	5	44315060	6075	4775	148	1925	4244	4632	2536	13292	512	
FL	-1600	-1600	109	89	4	75	61	60	35	217	4	42780994	6075	4775	148	1925	4244	4632	2536	13292	512	
FL	-1800	-1800	114	86	3	67	59	61	36	215	4	41294353	6075	4775	148	1925	4244	4632	2536	13292	512	
FL	-2000	-2000	112	85	2	65	54	58	36	223	6	39851589	6075	4775	148	1925	4244	4632	2536	13292	512	
FL	-2200	-2200	110	73	1	62	57	57	34	221	9	38481484	6075	4775	148	1925	4244	4632	2536	13292	512	
FL	-2400	-2400	101	80	1	65	54	54	37	213	9	37184953	6075	4775	148	1925	4244	4632	2536	13292	512	
FL	-2600	-2600	101	78	1	72	48	49	38	207	7	35972714	6075	4775	148	1925	4244	4632	2536	13292	512	
FL	-2800	-2800	90	75	0	73	45	48	37	199	6	34830699	6075	4775	148	1925	4244	4632	2536	13292	512	
FL	-3000	-3000	86	75	0	67	46	46	35	188	8	33752760	6075	4775	148	1925	4244	4632	2536	13292	512	
FL	-3200	-3200	86	75	0	64	44	51	35	173	7	32744890	6075	4775	148	1925	4244	4632	2536	13292	512	
FL	-3400	-3400	102	72	0	57	37	45	34	165	6	31802250	6075	4775	148	1925	4244	4632	2536	13292	512	
FL	-3600	-3600	98	73	0	51	34	43	37	172	6	30919220	6075	4775	148	1925	4244	4632	2536	13292	512	
FL	-3800	-3800	97	69	0	45	33	45	37	170	5	30082738	6075	4775	148	1925	4244	4632	2536	13292	512	
FL	-4000	-4000	90	67	0	37	35	43	34	170	5	29298377	6075	4775	148	1925	4244	4632	2536	13292	512	
FL	-4200	-4200	86	64	1	31	34	41	33	166	5	28558892	6075	4775	148	1925	4244	4632	2536	13292	512	
FL	-4400	-4400	86	56	1	33	34	41	36	170	6	27857919	6075	4775	148	1925	4244	4632	2536	13292	512	
FL	-4600	-4600	80	56	1	29	34	45	37	165	5	27197792	6075	4775	148	1925	4244	4632	2536	13292	512	
FL	-4800	-4800	76	55	1	30	31	47	38	171	7	26573502	6075	4775	148	1925	4244	4632	2536	13292	512	
FL	-5000	-5000	75	53	2	28	28	46	33	165	7	25982689	6075	4775	148	1925	4244	4632	2536	13292	512	
FL	-5200	-5200	69	55	2	29	26	49	33	154	7	25423473	6075	4775	148	1925	4244	4632	2536	13292	512	
FL	-5400	-5400	64	51	2	31	22	46	36	135	7	24894908	6075	4775	148	1925	4244	4632	2536	13292	512	
FL	-5600	-5600	62	53	2	28	17	43	34	128	5	24387792	6075	4775	148	1925	4244	4632	2536	13292	512	
FL	-5800	-5800	61	49	2	24	18	37	31	130	4	23905999	6075	4775	148	1925	4244	4632	2536	13292	512	
FL	-6000	-6000	52	48	2	22	20	37	32	133	3	23447594	6075	4775	148	1925	4244	4632	2536	13292	512	
FL	-6200	-6200	53	49	2	21	19	37	34	131	3	23014817	6075	4775	148	1925	4244	4632	2536	13292	512	
FL	-6400	-6400	44	41	2	24	20	35	32	134	1	22605824	6075	4775	148	1925	4244	4632	2536	13292	512	
FL	-6600	-6600	44	36	1	26	21	32	28	141	1	22213318	6075	4775	148	1925	4244	4632	2536	13292	512	
FL	-6800	-6800	44	33	1	28	16	32	25	138	1	21840398	6075	4775	148	1925	4244	4632	2536	13292	512	
FL	-7000	-7000	46	33	1	25	18	30	24	129	1	21488702	6075	4775	148	1925	4244	4632	2536	13292	512	
FL	-7200	-7200	45	32	0	23	19	28	23	127	1	21155578	6075	4775	148	1925	4244	4632	2536	13292	512	
FL	-7400	-7400	46	31	0	23	22	32	20	129	1	20836168	6075	4775	148	1925	4244	4632	2536	13292	512	
FL	-7600	-7600	53	30	1	24	25	34	22	133	1	20532934	6075	4775	148	1925	4244	4632	2536	13292	512	
FL	-7800	-7800	55	30	0	19	23	40	22	124	1	20250008	6075	4775	148	1925	4244	4632	2536	13292	512	
FL	-8000	-8000	54	29	0	20	17	39	20	122	1	19979929	6075	4775	148	1925	4244	4632	2536	13292	512	
FL	-8200	-8200	53	27	0	28	18	38	17	125	1	19720850	6075	4775	148	1925	4244	4632	2536	13292	512	
FL	-8400	-8400	54	29	0	26	18	33	15	124	1	19471068	6075	4775	148	1925	4244	4632	2536	13292	512	
FL	-8600	-8600	52	28	0	32	19	35	17	113	1	19233690	6075	4775	148	1925	4244	4632	2536	13292	512	
FL	-8800	-8800	46	25	0	34	19	32	17	101	1	19006304	6075	4775	148	1925	4244	4632	2536	13292	512	
FL	-9000	-9000	51	31	0	37	20	38	17	99	1	18788776	6075	4775	148	1925	4244	4632	2536	13292	512	
FL	-9200	-9200	57	28	0	39	20	35	18	93	1	18582455	6075	4775	148	1925	4244	4632	2536	13292	512	
FL	-9400	-9400	50	22	0	41	17	35	15	88	1	18381723	6075	4775	148	1925	4244	4632	2536	13292	512	
FL	-9600	-9600	48	19	0	34	14	28	16	84	1	18189527	6075	4775	148	1925	4244	4632	2536	13292	512	
FL	-9800	-9800	47	19	0	30	14	30	18	77	2	18004946	6075	4775	148	1925	4244	4632	2536	13292	512	
FL	-10000	-10000	47	22	0	27	16	29	16	74	2	17825266	6075	4775	148	1925	4244	4632	2536	13292	512	
FL	-10200	-10200	41	23	0	25	15	29	19	76	2	17650490	6075	4775	148	1925	4244	4632	2536	13292	512	
FL	-10400	-10400	36	26	0	24	15	32	20	74	2	17483525	6075	4775	148	1925	4244	4632	2536	13292	512	
FL	-10600	-10600	35	26	1	23	17	29	15	74	2	17324752	6075	4775	148	1925	4244	4632	2536	13292	512	
FL	-10800	-10800	38	25	1	20	18	29	12	75	3	17169739	6075	4775	148	1925	4244	4632	2536	13292	512	
FL	-11000	-11000	41	28	1	23	17	36	15	72	2	17017357	6075	4775	148	1925	4244	4632	2536	13292	512	
FL	-11200	-11200	40	28	2	18	17	41	13	72	2	16866215	6075	4775	148	1925	4244	4632	2536	13292	512	
FL	-11400	-11400	38	29	2	18	16	40	13	73	2	16720509	6075	4775	148	1925	4244	4632	2536	13292	512	
FL	-11600	-11600	37	27	1	18	15	36	13	70	1	16581056	6075	4775	148	1925	4244	4632	2536	13292	512	
FL	-11800	-11800	36	27	1	18	14	27	12	72	1	16447708	6075	4775	148	1925	4244	4632	2536	13292	512	
FL	-12000	-12000	43	25	1	18	11	29	14	69	2	16319026	6075	4775	148	1925	4244	4632	2536	13292	512	
FL	-12200	-12200	39	28	1	18	13	29	15	77	2	16189856	6075	4775	148	1925	4244	4632	2536	13292	512	
FL	-12400	-12400	35	26	1	16	12	30	15	78	2	16062660	6075	4775	148	1925	4244	4632	2536	13292	512	
FL	-12600	-12600	29	26	1	15	14	27	14	83	2	15941724	6075	4775	148	1925	4244	4632	2536	13292	512	
FL	-12800	-12800	24	25	1	15	12	27	14	83	2	15826917	6075	4775	148	1925	4244	4632	2536	13292	512	
FL	-13000	-13000	28	25	2	14	12	24	14	83	2	15717799	6075	4775	148	1925	4244	4632	2536	13292	512	
FL	-13200	-13200	26	24	1	14	13	24	12	78	1	15609006	6075	4775	148	1925	4244	4632	2536	13292	512	
FL	-13400	-13400	31	29	1	13	12	23	11	73	2	15500207	6075	4775	148	1925	4244	4632	2536	13292	512	
FL	-13600	-13600	29	27	1	16	12	22	10	66	1	15392060	6075	4775	148	1925	4244	4632	2536	13292	512	
FL	-13800	-13800	33	30	2	17	12	26	11	66	1	15285503	6075	4775	148	1925	4244	4632	2536	13292	512	
FL	-14000	-14000	34	26	2	17	9	24	12	67	2	15182244	6075	4775	148	1925	4244	4632	2536	13292	512	
FL	-14200	-14200	37	24	0	18	10	23	11	72	2	15082599	6075	4775	148	1925	4244	4632	2536	13292	512	
FL	-14400	-14400	48	28	0	19	10	25	11	69	2	14987877	6075	4775	148	1925	4244	4632	2536	13292	512	
FL	-14600	-14600	45	31	1	18	10	26	12	68	3	14895772	6075	4775	148	1925	4244	4632	2536	13292	512	
FL	-14800	-14800	41	34	1	16	10	29	14	65	3	14806585	6075	4775	148	1925	4244	4632	2536	13292	512	
FL	-15000	-15000	38	30	1	14	11	34	16	67	2	14720656	6075	4775	148	1925	4244	4632	2536	13292	512	
FL	-15200	-15200	39	27	1	11	12	35	16	72	2	14637244	6075	4775	148	1925	4244	4632	2536	13292	512	
FL	-15400	-15400	39	26	1	10	13	36	17	77	1	14554057	6075	4775	148	1925	4244	4632	2536	13292	512	
FL	-15600	-15600	38	29	1	10	16	35	18	84	1	14469935	6075	4775	148	1925	4244	4632	2536	13292	512	
FL	-15800	-15800	37	29	0	11	14	35	20	81	2	14385914	6075	4775	148	1925	4244	4632	2536	13292	512	
FL	-16000	-16000	38	27	0	15	13	33	19	80	1	14301126	6075	4775	148	1925	4244	4632	2536	13292	512	
FL	-16200	-16200	39	23	0	14	12	32	25	82	3	14216482	6075	4775	148	1925	4244	4632	2536	13292	512	
FL	-16400	-16400	35	24	0	11	13	30	23	80	3	14133211	6075	4775	148	1925	4244	4632	2536	13292	512	
FL	-16600	-16600	30	23	0	11	11	29	22	81	3	14051113	6075	4775	148	1925	4244	4632	2536	13292	512	
FL	-16800	-16800	33	21	0	11	10	30	19	80	3	13971434	6075	4775	148	1925	4244	4632	2536	13292	512	
FL	-17000	-17000	29	22	0	11	12	29	14	78	3	13895382	6075	4775	148	1925	4244	4632	2536	13292	512	
FL	-17200	-17200	27	23	0	11	9	28	14	78	3	13822068	6075	4775	148	1925	4244	4632	2536	13292	512	
FL	-17400	-17400	25	27	0	10	9	25	17	76	3	13747390	6075	4775	148	1925	4244	4632	2536	13292	512	
FL	-17600	-17600	25	27	0	12	11	26	18	81	3	13672638	6075	4775	148	1925	4244	4632	2536	13292	512	
FL	-17800	-17800	29	28	0	12	10	30	21	82	3	13598508	6075	4775	148	1925	4244	4632	2536	13292	512	
FL	-18000	-18000	29	25	0	12	11	26	22	75	3	13527137	6075	4775	148	1925	4244	4632	2536	13292	512	
FL	-18200	-18200	28	26	0	12	12	26	20	66	3	13456306	6075	4775	148	1925	4244	4632	2536	13292	512	
FL	-18400	-18400	28	27	0	11	10	22	23	69	3	13385884	6075	4775	148	1925	4244	4632	2536	13292	512	
FL	-18600	-18600	24	23	0	11	11	21	19	70	3	13316816	6075	4775	148	1925	4244	4632	2536	13292	512	
FL	-18800	-18800	20	26	0	11	13	24	18	71	3	13249646	6075	4775	148	1925	4244	4632	2536	13292	512	
FL	-19000	-19000	25	26	0	10	12	21	15	72	3	13183134	6075	4775	148	1925	4244	4632	2536	13292	512	
FL	-19200	-19200	27	22	0	11	11	20	15	75	3	13116121	6075	4775	148	1925	4244	4632	2536	13292	512	
FL	-19400	-19400	25	22	0	13	10	22	16	79	3	13050847	6075	4775	148	1925	4244	4632	2536	13292	512	
FL	-19600	-19600	26	23	3	13	12	20	15	82	5	12986043	6075	4775	148	1925	4244	4632	2536	13292	512	
FL	-19800	-19800	24	22	3	12	10	22	15	81	4	12922135	6075	4775	148	1925	4244	4632	2536	13292	512	
FL	-20000	-20000	24	23	5	10	9	21	16	73	4	12858575	6075	4775	148	1925	4244	4632	2536	13292	512	
FL	-20200	-20200	32	27	5	10	7	23	15	72	4	12794301	6075	4775	148	1925	4244	4632	2536	13292	512	
FL	-20400	-20400	36	27	3	7	6	22	17	70	3	12727632	6075	4775	148	1925	4244	4632	2536	13292	512	
FL	-20600	-20600	34	27	3	7	8	24	18	68	2	12662273	6075	4775	148	1925	4244	4632	2536	13292	512	
FL	-20800	-20800	37	24	3	7	10	27	15	68	2	12598904	6075	4775	148	1925	4244	4632	2536	13292	512	
FL	-21000	-21000	39	30	3	9	12	26	14	72	1	12536066	6075	4775	148	1925	4244	4632	2536	13292	512	
FL	-21200	-21200	38	26	3	8	15	29	15	68	2	12474175	6075	4775	148	1925	4244	4632	2536	13292	512	
FL	-21400	-21400	33	27	1	8	16	34	14	67	2	12413675	6075	4775	148	1925	4244	4632	2536	13292	512	
FL	-21600	-21600	28	24	0	7	18	37	13	65	2	12354954	6075	4775	148	1925	4244	4632	2536	13292	512	
FL	-21800	-21800	24	24	1	6	18	29	12	67	2	12298266	6075	4775	148	1925	4244	4632	2536	13292	512	
FL	-22000	-22000	22	26	1	7	18	28	16	72	1	12244143	6075	4775	148	1925	4244	4632	2536	13292	512	
FL	-22200	-22200	23	24	1	7	17	31	17	71	1	12189369	6075	4775	148	1925	4244	4632	2536	13292	512	
FL	-22400	-22400	25	23	1	7	14	33	22	80	0	12136510	6075	4775	148	1925	4244	4632	2536	13292	512	
FL	-22600	-22600	22	24	0	7	13	31	22	78	0	12084884	6075	4775	148	1925	4244	4632	2536	13292	512	
FL	-22800	-22800	27	22	0	6	14	33	25	81	0	12033082	6075	4775	148	1925	4244	4632	2536	13292	512	
FL	-23000	-23000	27	18	0	6	16	28	27	79	1	11981590	6075	4775	148	1925	4244	4632	2536	13292	512	
FL	-23200	-23200	24	17	0	6	14	27	26	74	1	11934605	6075	4775	148	1925	4244	4632	2536	13292	512	
FL	-23400	-23400	20	17	0	6	15	27	23	73	1	11887987	6075	4775	148	1925	4244	4632	2536	13292	512	
FL	-23600	-23600	25	16	0	6	11	28	21	67	0	11842919	6075	4775	148	1925	4244	4632	2536	13292	512	
FL	-23800	-23800	18	15	0	6	9	23	21	65	0	11796417	6075	4775	148	1925	4244	4632	2536	13292	512	
FL	-24000	-24000	18	12	0	5	11	27	21	64	0	11748024	6075	4775	148	1925	4244	4632	2536	13292	512	
FL	-24200	-24200	19	12	0	6	11	24	20	57	1	11699848	6075	4775	148	1925	4244	4632	2536	13292	512	
FL	-24400	-24400	23	17	0	7	12	22	16	53	1	11651731	6075	4775	148	1925	4244	4632	2536	13292	512	
FL	-24600	-24600	23	19	0	6	10	23	13	59	1	11605856	6075	4775	148	1925	4244	4632	2536	13292	512	
FL	-24800	-24800	24	23	0	5	10	28	13	61	1	11560231	6075	4775	148	1925	4244	4632	2536	13292	512	
FL	-25000	-25000	28	22	0	5	12	29	10	50	1	11514041	6075	4775	148	1925	4244	4632	2536	13292	512	
FL	-25200	-25200	22	23	0	5	11	27	9	48	0	11466161	6075	4775	148	1925	4244	4632	2536	13292	512	
FL	-25400	-25400	25	22	0	4	9	25	9	48	1	11420220	6075	4775	148	1925	4244	4632	2536	13292	512	
FL	-25600	-25600	22	19	0	3	7	21	10	48	1	11375635	6075	4775	148	1925	4244	4632	2536	13292	512	
FL	-25800	-25800	23	20	0	3	10	23	10	47	1	11331665	6075	4775	148	1925	4244	4632	2536	13292	512	
FL	-26000	-26000	25	24	0	5	10	25	10	43	1	11288064	6075	4775	148	1925	4244	4632	2536	13292	512	
FL	-26200	-26200	25	22	1	4	11	22	10	46	1	11245586	6075	4775	148	1925	4244	4632	2536	13292	512	
FL	-26400	-26400	27	23	0	5	10	21	8	43	1	11205254	6075	4775	148	1925	4244	4632	2536	13292	512	
FL	-26600	-26600	30	24	0	5	10	17	9	43	1	11166954	6075	4775	148	1925	4244	4632	2536	13292	512	
FL	-26800	-26800	26	23	0	5	7	18	6	45	1	11129953	6075	4775	148	1925	4244	4632	2536	13292	512	
FL	-27000	-27000	22	29	0	8	6	16	7	39	1	11091248	6075	4775	148	1925	4244	4632	2536	13292	512	
FL	-27200	-27200	22	22	0	14	7	15	6	39	1	11053760	6075	4775	148	1925	4244	4632	2536	13292	512	
FL	-27400	-27400	18	19	0	23	6	18	8	44	1	11015351	6075	4775	148	1925	4244	4632	2536	13292	512	
FL	-27600	-27600	20	21	0	24	8	22	6	50	1	10975332	6075	4775	148	1925	4244	4632	2536	13292	512	
FL	-27800	-27800	19	23	0	27	6	28	6	43	1	10935100	6075	4775	148	1925	4244	4632	2536	13292	512	
FL	-28000	-28000	24	26	0	24	6	22	10	44	1	10895521	6075	4775	148	1925	4244	4632	2536	13292	512	
FL	-28200	-28200	22	24	0	22	6	20	11	44	1	10855954	6075	4775	148	1925	4244	4632	2536	13292	512	
FL	-28400	-28400	23	19	0	13	7	22	9	34	1	10815397	6075	4775	148	1925	4244	4632	2536	13292	512	
FL	-28600	-28600	26	19	0	10	8	25	9	35	2	10774333	6075	4775	148	1925	4244	4632	2536	13292	512	
FL	-28800	-28800	24	16	0	8	9	21	6	37	2	10734649	6075	4775	148	1925	4244	4632	2536	13292	512	
FL	-29000	-29000	25	16	0	7	9	22	7	42	2	10697172	6075	4775	148	1925	4244	4632	2536	13292	512	
FL	-29200	-29200	24	16	0	6	10	20	6	38	2	10656488	6075	4775	148	1925	4244	4632	2536	13292	512	
FL	-29400	-29400	25	19	0	6	10	19	11	39	2	10618541	6075	4775	148	1925	4244	4632	2536	13292	512	
FL	-29600	-29600	23	16	0	6	9	18	10	35	2	10581788	6075	4775	148	1925	4244	4632	2536	13292	512	
FL	-29800	-29800	21	15	0	6	9	21	12	42	2	10545873	6075	4775	148	1925	4244	4632	2536	13292	512	
FL	-30000	-30000	25	16	0	8	9	21	13	37	2	10509569	6075	4775	148	1925	4244	4632	2536	13292	512	
FL	-30200	-30200	25	18	0	9	9	17	12	36	1	10471859	6075	4775	148	1925	4244	4632	2536	13292	512	
FL	-30400	-30400	29	14	0	6	12	19	13	36	1	10435044	6075	4775	148	1925	4244	4632	2536	13292	512	
FL	-30600	-30600	29	17	1	6	11	19	13	40	1	10397710	6075	4775	148	1925	4244	4632	2536	13292	512	
FL	-30800	-30800	30	13	1	7	11	17	12	38	1	10360813	6075	4775	148	1925	4244	4632	2536	13292	512	
FL	-31000	-31000	27	12	0	7	8	17	12	35	2	10324386	6075	4775	148	1925	4244	4632	2536	13292	512	
FL	-31200	-31200	26	17	0	8	10	17	10	41	2	10287269	6075	4775	148	1925	4244	4632	2536	13292	512	
FL	-31400	-31400	19	17	0	4	11	14	8	36	2	10251394	6075	4775	148	1925	4244	4632	2536	13292	512	
FL	-31600	-31600	14	20	0	4	11	12	7	39	1	10217266	6075	4775	148	1925	4244	4632	2536	13292	512	
FL	-31800	-31800	11	22	0	3	13	11	8	38	2	10185271	6075	4775	148	1925	4244	4632	2536	13292	512	
FL	-32000	-32000	11	23	0	4	13	12	9	36	2	10154820	6075	4775	148	1925	4244	4632	2536	13292	512	
FL	-32200	-32200	15	22	0	3	14	18	9	36	2	10123884	6075	4775	148	1925	4244	4632	2536	13292	512	
FL	-32400	-32400	16	23	0	5	14	19	10	34	1	10091512	6075	4775	148	1925	4244	4632	2536	13292	512	
FL	-32600	-32600	20	21	0	6	13	19	9	35	0	10058395	6075	4775	148	1925	4244	4632	2536	13292	512	
FL	-32800	-32800	18	19	0	7	13	20	9	37	0	10024920	6075	4775	148	1925	4244	4632	2536	13292	512	
FL	-33000	-33000	22	17	0	9	12	24	7	37	0	9990890	6075	4775	148	1925	4244	4632	2536	13292	512	
FL	-33200	-33200	23	19	0	9	13	20	6	35	0	9956994	6075	4775	148	1925	4244	4632	2536	13292	512	
FL	-33400	-33400	23	16	0	7	13	22	6	35	0	9925418	6075	4775	148	1925	4244	4632	2536	13292	512	
FL	-33600	-33600	23	15	0	7	11	22	4	35	2	9894416	6075	4775	148	1925	4244	4632	2536	13292	512	
FL	-33800	-33800	23	18	0	11	10	20	7	41	3	9864046	6075	4775	148	1925	4244	4632	2536	13292	512	
FL	-34000	-34000	25	21	0	11	9	22	7	39	3	9834789	6075	4775	148	1925	4244	4632	2536	13292	512	
FL	-34200	-34200	23	25	0	8	10	20	6	39	2	9804662	6075	4775	148	1925	4244	4632	2536	13292	512	
FL	-34400	-34400	21	22	0	6	14	23	8	33	2	9775509	6075	4775	148	1925	4244	4632	2536	13292	512	
FL	-34600	-34600	20	22	0	5	14	21	11	30	2	9747403	6075	4775	148	1925	4244	4632	2536	13292	512	
FL	-34800	-34800	18	25	0	7	15	21	11	30	1	9718635	6075	4775	148	1925	4244	4632	2536	13292	512	
FL	-35000	-35000	19	23	0	5	13	20	12	33	1	9689061	6075	4775	148	1925	4244	4632	2536	13292	512	
FL	-35200	-35200	16	19	0	4	15	25	10	36	2	9658884	6075	4775	148	1925	4244	4632	2536	13292	512	
FL	-35400	-35400	20	18	1	2	18	30	12	39	2	9627260	6075	4775	148	1925	4244	4632	2536	13292	512	
FL	-35600	-35600	24	18	1	2	19	28	11	38	1	9595076	6075	4775	148	1925	4244	4632	2536	13292	512	
FL	-35800	-35800	20	20	1	2	19	26	12	33	1	9564748	6075	4775	148	1925	4244	4632	2536	13292	512	
FL	-36000	-36000	20	17	0	4	18	23	14	30	1	9532510	6075	4775	148	1925	4244	4632	2536	13292	512	
FL	-36200	-36200	22	20	0	5	15	24	13	26	1	9500871	6075	4775	148	1925	4244	4632	2536	13292	512	
FL	-36400	-36400	25	22	0	7	11	24	13	29	1	9470252	6075	4775	148	1925	4244	4632	2536	13292	512	
FL	-36600	-36600	25	20	0	5	10	21	13	29	0	9440910	6075	4775	148	1925	4244	4632	2536	13292	512	
FL	-36800	-36800	29	21	0	4	9	21	12	22	0	9412101	6075	4775	148	1925	4244	4632	2536	13292	512	
FL	-37000	-37000	32	20	0	4	11	21	10	26	0	9382753	6075	4775	148	1925	4244	4632	2536	13292	512	
FL	-37200	-37200	29	20	0	3	12	23	8	28	0	9355445	6075	4775	148	1925	4244	4632	2536	13292	512	
FL	-37400	-37400	26	20	0	3	9	22	10	31	0	9328465	6075	4775	148	1925	4244	4632	2536	13292	512	
FL	-37600	-37600	21	19	0	2	11	20	10	27	0	9301436	6075	4775	148	1925	4244	4632	2536	13292	512	
FL	-37800	-37800	21	22	0	1	8	22	9	29	0	9274204	6075	4775	148	1925	4244	4632	2536	13292	512	
FL	-38000	-38000	20	17	0	3	7	19	7	31	1	9245955	6075	4775	148	1925	4244	4632	2536	13292	512	
FL	-38200	-38200	26	17	0	4	7	21	7	30	1	9220324	6075	4775	148	1925	4244	4632	2536	13292	512	
FL	-38400	-38400	24	12	0	4	10	26	8	30	2	9196317	6075	4775	148	1925	4244	4632	2536	13292	512	
FL	-38600	-38600	23	13	0	3	10	25	7	32	2	9170915	6075	4775	148	1925	4244	4632	2536	13292	512	
FL	-38800	-38800	20	16	0	3	7	20	7	34	4	9144385	6075	4775	148	1925	4244	4632	2536	13292	512	
FL	-39000	-39000	16	18	1	5	7	20	9	30	4	9116899	6075	4775	148	1925	4244	4632	2536	13292	512	
FL	-39200	-39200	17	15	1	4	8	21	7	29	5	9090197	6075	4775	148	1925	4244	4632	2536	13292	512	
FL	-39400	-39400	17	16	1	4	7	20	6	29	5	9064555	6075	4775	148	1925	4244	4632	2536	13292	512	
FL	-39600	-39600	15	17	0	4	6	17	10	37	4	9039285	6075	4775	148	1925	4244	4632	2536	13292	512	
FL	-39800	-39800	19	19	0	4	9	18	7	36	3	9013652	6075	4775	148	1925	4244	4632	2536	13292	512	
FL	-40000	-40000	14	19	1	5	7	15	5	38	2	8988441	6075	4775	148	1925	4244	4632	2536	13292	512	
FL	-40200	-40200	15	19	1	6	6	14	4	35	2	8963767	6075	4775	148	1925	4244	4632	2536	13292	512	
FL	-40400	-40400	20	19	1	5	10	15	7	38	2	8938560	6075	4775	148	1925	4244	4632	2536	13292	512	
FL	-40600	-40600	25	15	1	6	11	13	9	40	2	8913532	6075	4775	148	1925	4244	4632	2536	13292	512	
FL	-40800	-40800	26	13	2	5	10	14	9	45	2	8889811	6075	4775	148	1925	4244	4632	2536	13292	512	
FL	-41000	-41000	28	14	2	6	12	17	10	45	2	8866491	6075	4775	148	1925	4244	4632	2536	13292	512	
FL	-41200	-41200	23	14	2	5	14	19	9	41	2	8843203	6075	4775	148	1925	4244	4632	2536	13292	512	
FL	-41400	-41400	21	11	2	5	12	20	10	39	1	8821367	6075	4775	148	1925	4244	4632	2536	13292	512	
FL	-41600	-41600	22	14	1	5	12	21	9	38	1	8799041	6075	4775	148	1925	4244	4632	2536	13292	512	
FL	-41800	-41800	21	15	1	6	10	21	12	38	1	8776771	6075	4775	148	1925	4244	4632	2536	13292	512	
FL	-42000	-42000	22	13	1	7	14	21	9	36	0	8754491	6075	4775	148	1925	4244	4632	2536	13292	512	
FL	-42200	-42200	20	15	1	6	16	20	11	37	1	8732340	6075	4775	148	1925	4244	4632	2536	13292	512	
FL	-42400	-42400	21	13	1	6	15	18	11	36	0	8710199	6075	4775	148	1925	4244	4632	2536	13292	512	
FL	-42600	-42600	19	12	0	6	11	18	10	35	0	8688203	6075	4775	148	1925	4244	4632	2536	13292	512	
FL	-42800	-42800	20	14	0	4	9	19	9	34	0	8666141	6075	4775	148	1925	4244	4632	2536	13292	512	
FL	-43000	-43000	20	14	0	4	8	20	11	30	0	8644790	6075	4775	148	1925	4244	4632	2536	13292	512	
FL	-43200	-43200	21	14	0	4	9	18	9	32	0	8623216	6075	4775	148	1925	4244	4632	2536	13292	512	
FL	-43400	-43400	18	17	0	3	9	20	11	23	0	8602512	6075	4775	148	1925	4244	4632	2536	13292	512	
FL	-43600	-43600	13	14	0	3	11	21	11	19	0	8582805	6075	4775	148	1925	4244	4632	2536	13292	512	
FL	-43800	-43800	17	14	0	4	10	14	11	19	0	8561690	6075	4775	148	1925	4244	4632	2536	13292	512	
FL	-44000	-44000	16	13	0	5	11	14	11	23	0	8539049	6075	4775	148	1925	4244	4632	2536	13292	512	
FL	-44200	-44200	16	12	0	4	11	15	13	22	0	8514569	6075	4775	148	1925	4244	4632	2536	13292	512	
FL	-44400	-44400	14	12	0	3	10	18	11	16	0	8491214	6075	4775	148	1925	4244	4632	2536	13292	512	
FL	-44600	-44600	13	14	0	3	8	18	9	16	0	8468313	6075	4775	148	1925	4244	4632	2536	13292	512	
FL	-44800	-44800	14	15	0	2	11	17	10	22	0	8446338	6075	4775	148	1925	4244	4632	2536	13292	512	
FL	-45000	-45000	13	15	0	2	10	20	10	28	0	8425630	6075	4775	148	1925	4244	4632	2536	13292	512	
FL	-45200	-45200	12	13	0	4	12	17	11	29	0	8405658	6075	4775	148	1925	4244	4632	2536	13292	512	
FL	-45400	-45400	18	10	0	4	10	18	11	34	1	8386884	6075	4775	148	1925	4244	4632	2536	13292	512	
FL	-45600	-45600	15	9	0	4	11	18	9	33	1	8367364	6075	4775	148	1925	4244	4632	2536	13292	512	
FL	-45800	-45800	16	11	0	3	13	20	10	35	1	8348724	6075	4775	148	1925	4244	4632	2536	13292	512	
FL	-46000	-46000	22	13	0	4	14	19	10	35	2	8329349	6075	4775	148	1925	4244	4632	2536	13292	512	
FL	-46200	-46200	20	14	0	3	10	13	10	32	2	8310239	6075	4775	148	1925	4244	4632	2536	13292	512	
FL	-46400	-46400	19	13	0	4	9	14	10	36	1	8290924	6075	4775	148	1925	4244	4632	2536	13292	512	
FL	-46600	-46600	20	13	0	4	11	14	8	34	0	8273463	6075	4775	148	1925	4244	4632	2536	13292	512	
FL	-46800	-46800	19	13	0	3	9	14	9	34	0	8256756	6075	4775	148	1925	4244	4632	2536	13292	512	
FL	-47000	-47000	21	14	0	2	9	15	10	34	0	8238581	6075	4775	148	1925	4244	4632	2536	13292	512	
FL	-47200	-47200	22	10	0	2	10	18	13	35	0	8221501	6075	4775	148	1925	4244	4632	2536	13292	512	
FL	-47400	-47400	17	11	0	2	7	19	13	29	0	8203978	6075	4775	148	1925	4244	4632	2536	13292	512	
FL	-47600	-47600	15	13	0	2	8	17	12	25	0	8185230	6075	4775	148	1925	4244	4632	2536	13292	512	
FL	-47800	-47800	14	11	0	4	8	20	11	25	0	8166720	6075	4775	148	1925	4244	4632	2536	13292	512	
FL	-48000	-48000	18	14	1	4	9	16	13	30	0	8147437	6075	4775	148	1925	4244	4632	2536	13292	512	
FL	-48200	-48200	16	14	1	4	9	13	15	27	0	8128763	6075	4775	148	1925	4244	4632	2536	13292	512	
FL	-48400	-48400	16	16	1	3	10	11	15	26	0	8110008	6075	4775	148	1925	4244	4632	2536	13292	512	
FL	-48600	-48600	18	15	1	4	9	12	16	28	0	8092661	6075	4775	148	1925	4244	4632	2536	13292	512	
FL	-48800	-48800	15	16	2	3	11	11	16	28	0	8075833	6075	4775	148	1925	4244	4632	2536	13292	512	
FL	-49000	-49000	17	13	2	4	10	15	19	30	0	8059692	6075	4775	148	1925	4244	4632	2536	13292	512	
FL	-49200	-49200	12	16	2	4	10	14	19	28	0	8043284	6075	4775	148	1925	4244	4632	2536	13292	512	
FL	-49400	-49400	10	14	2	5	10	16	19	31	0	8026804	6075	4775	148	1925	4244	4632	2536	13292	512	
FL	-49600	-49600	14	15	2	5	8	15	22	32	1	8010809	6075	4775	148	1925	4244	4632	2536	13292	512	
FL	-49800	-49800	15	16	2	5	8	13	27	32	1	7994999	6075	4775	148	1925	4244	4632	2536	13292	512	
FL	-50000	-50000	15	13	2	4	10	14	23	28	1	7978955	6075	4775	148	1925	4244	4632	2536	13292	512	
FL	-50200	-50200	24	13	1	4	11	17	21	29	1	7962917	6075	4775	148	1925	4244	4632	2536	13292	512	
FL	-50400	-50400	25	11	1	6	11	18	20	24	1	7947422	6075	4775	148	1925	4244	4632	2536	13292	512	
FL	-50600	-50600	24	9	1	6	9	16	17	24	1	7931641	6075	4775	148	1925	4244	4632	2536	13292	512	
FL	-50800	-50800	24	8	1	5	9	14	15	19	1	7915281	6075	4775	148	1925	4244	4632	2536	13292	512	
FL	-51000	-51000	20	9	1	3	9	15	11	21	1	7897622	6075	4775	148	1925	4244	4632	2536	13292	512	
FL	-51200	-51200	18	8	0	4	7	12	10	24	1	7880057	6075	4775	148	1925	4244	4632	2536	13292	512	
FL	-51400	-51400	15	8	0	6	7	15	12	24	0	7863535	6075	4775	148	1925	4244	4632	2536	13292	512	
FL	-51600	-51600	17	8	0	6	9	16	12	22	0	7846338	6075	4775	148	1925	4244	4632	2536	13292	512	
FL	-51800	-51800	17	11	0	5	9	20	11	22	0	7828184	6075	4775	148	1925	4244	4632	2536	13292	512	
FL	-52000	-52000	16	10	0	4	10	21	11	23	0	7811257	6075	4775	148	1925	4244	4632	2536	13292	512	
FL	-52200	-52200	14	12	0	2	12	20	9	26	0	7794074	6075	4775	148	1925	4244	4632	2536	13292	512	
FL	-52400	-52400	17	8	0	2	13	19	8	26	0	7776298	6075	4775	148	1925	4244	4632	2536	13292	512	
FL	-52600	-52600	20	8	0	2	11	19	8	23	0	7757877	6075	4775	148	1925	4244	4632	2536	13292	512	
FL	-52800	-52800	23	9	0	1	10	17	9	22	1	7739957	6075	4775	148	1925	4244	4632	2536	13292	512	
FL	-53000	-53000	22	8	0	1	8	19	9	26	2	7722365	6075	4775	148	1925	4244	4632	2536	13292	512	
FL	-53200	-53200	18	9	0	1	10	19	7	28	2	7705278	6075	4775	148	1925	4244	4632	2536	13292	512	
FL	-53400	-53400	16	6	0	2	12	16	6	27	2	7689314	6075	4775	148	1925	4244	4632	2536	13292	512	
FL	-53600	-53600	17	7	1	2	8	14	4	26	3	7673138	6075	4775	148	1925	4244	4632	2536	13292	512	
FL	-53800	-53800	17	9	1	2	6	13	4	26	3	7656898	6075	4775	148	1925	4244	4632	2536	13292	512	
FL	-54000	-54000	17	9	1	4	9	9	3	20	1	7640401	6075	4775	148	1925	4244	4632	2536	13292	512	
FL	-54200	-54200	15	8	1	4	7	9	5	23	1	7624209	6075	4775	148	1925	4244	4632	2536	13292	512	
FL	-54400	-54400	14	8	1	4	6	10	7	26	0	7607861	6075	4775	148	1925	4244	4632	2536	13292	512	
FL	-54600	-54600	15	8	1	3	8	12	7	28	0	7590359	6075	4775	148	1925	4244	4632	2536	13292	512	
FL	-54800	-54800	12	8	1	3	7	10	5	33	0	7573338	6075	4775	148	1925	4244	4632	2536	13292	512	
FL	-55000	-55000	15	8	1	2	7	13	6	31	0	7555469	6075	4775	148	1925	4244	4632	2536	13292	512	
FL	-55200	-55200	15	9	1	3	5	13	6	28	0	7536964	6075	4775	148	1925	4244	4632	2536	13292	512	
FL	-55400	-55400	12	8	1	3	5	12	5	30	0	7519106	6075	4775	148	1925	4244	4632	2536	13292	512	
FL	-55600	-55600	10	7	0	1	5	13	5	27	0	7502446	6075	4775	148	1925	4244	4632	2536	13292	512	
FL	-55800	-55800	9	7	1	1	7	12	5	29	0	7485850	6075	4775	148	1925	4244	4632	2536	13292	512	
FL	-56000	-56000	10	9	1	3	6	10	6	27	0	7470804	6075	4775	148	1925	4244	4632	2536	13292	512	
FL	-56200	-56200	8	9	1	4	5	9	7	26	0	7456487	6075	4775	148	1925	4244	4632	2536	13292	512	
FL	-56400	-56400	12	9	1	4	5	8	9	21	0	7442125	6075	4775	148	1925	4244	4632	2536	13292	512	
FL	-56600	-56600	13	10	1	3	4	6	7	21	0	7427219	6075	4775	148	1925	4244	4632	2536	13292	512	
FL	-56800	-56800	15	10	1	3	5	8	9	25	0	7411283	6075	4775	148	1925	4244	4632	2536	13292	512	
FL	-57000	-57000	14	11	1	3	7	10	9	24	0	7395950	6075	4775	148	1925	4244	4632	2536	13292	512	
FL	-57200	-57200	13	11	1	2	5	8	6	24	0	7380511	6075	4775	148	1925	4244	4632	2536	13292	512	
FL	-57400	-57400	11	10	0	2	5	9	3	24	0	7365613	6075	4775	148	1925	4244	4632	2536	13292	512	
FL	-57600	-57600	16	12	0	2	5	10	5	27	0	7350251	6075	4775	148	1925	4244	4632	2536	13292	512	
FL	-57800	-57800	11	11	0	2	4	11	4	26	1	7334213	6075	4775	148	1925	4244	4632	2536	13292	512	
FL	-58000	-58000	13	12	0	2	5	13	5	24	1	7317853	6075	4775	148	1925	4244	4632	2536	13292	512	
FL	-58200	-58200	13	15	0	2	6	14	7	27	1	7301947	6075	4775	148	1925	4244	4632	2536	13292	512	
FL	-58400	-58400	12	11	0	1	6	15	7	28	1	7286742	6075	4775	148	1925	4244	4632	2536	13292	512	
FL	-58600	-58600	14	14	0	1	6	16	5	30	1	7271423	6075	4775	148	1925	4244	4632	2536	13292	512	
FL	-58800	-58800	15	13	1	1	7	18	5	30	1	7255974	6075	4775	148	1925	4244	4632	2536	13292	512	
FL	-59000	-59000	18	13	1	1	5	16	4	30	1	7240293	6075	4775	148	1925	4244	4632	2536	13292	512	
FL	-59200	-59200	19	10	1	2	9	17	4	27	2	7224916	6075	4775	148	1925	4244	4632	2536	13292	512	
FL	-59400	-59400	18	8	1	2	9	16	5	24	2	7208846	6075	4775	148	1925	4244	4632	2536	13292	512	
FL	-59600	-59600	19	10	1	2	9	17	5	24	2	7194240	6075	4775	148	1925	4244	4632	2536	13292	512	
FL	-59800	-59800	16	10	0	3	7	18	7	24	2	7179259	6075	4775	148	1925	4244	4632	2536	13292	512	
FL	-60000	-60000	15	13	0	3	5	17	8	25	2	7165236	6075	4775	148	1925	4244	4632	2536	13292	512	
FL	-60200	-60200	13	14	0	3	5	15	7	23	2	7150881	6075	4775	148	1925	4244	4632	2536	13292	512	
FL	-60400	-60400	12	18	0	2	3	17	8	22	2	7135335	6075	4775	148	1925	4244	4632	2536	13292	512	
FL	-60600	-60600	13	14	0	2	4	15	8	20	1	7121061	6075	4775	148	1925	4244	4632	2536	13292	512	
FL	-60800	-60800	11	15	0	4	1	17	7	20	1	7107311	6075	4775	148	1925	4244	4632	2536	13292	512	
FL	-61000	-61000	13	17	0	5	1	15	5	15	1	7094406	6075	4775	148	1925	4244	4632	2536	13292	512	
FL	-61200	-61200	15	18	0	4	1	19	4	14	0	7081787	6075	4775	148	1925	4244	4632	2536	13292	512	
FL	-61400	-61400	12	16	1	5	1	18	4	15	0	7068875	6075	4775	148	1925	4244	4632	2536	13292	512	
FL	-61600	-61600	12	14	1	10	2	14	5	11	0	7055267	6075	4775	148	1925	4244	4632	2536	13292	512	
FL	-61800	-61800	12	13	0	8	1	10	3	19	0	7042674	6075	4775	148	1925	4244	4632	2536	13292	512	
FL	-62000	-62000	16	12	0	7	4	9	4	21	0	7029350	6075	4775	148	1925	4244	4632	2536	13292	512	
FL	-62200	-62200	15	14	0	1	4	8	4	22	0	7015100	6075	4775	148	1925	4244	4632	2536	13292	512	
FL	-62400	-62400	14	16	0	2	5	10	5	20	0	7000875	6075	4775	148	1925	4244	4632	2536	13292	512	
FL	-62600	-62600	12	15	0	1	5	12	4	26	0	6986690	6075	4775	148	1925	4244	4632	2536	13292	512	
FL	-62800	-62800	16	14	0	3	6	13	5	32	0	6973355	6075	4775	148	1925	4244	4632	2536	13292	512	
FL	-63000	-63000	13	14	0	3	6	9	6	34	0	6960546	6075	4775	148	1925	4244	4632	2536	13292	512	
FL	-63200	-63200	10	12	0	3	5	12	5	30	0	6947068	6075	4775	148	1925	4244	4632	2536	13292	512	
FL	-63400	-63400	14	13	0	2	3	11	8	28	0	6933209	6075	4775	148	1925	4244	4632	2536	13292	512	
FL	-63600	-63600	15	13	0	3	2	9	6	29	0	6919966	6075	4775	148	1925	4244	4632	2536	13292	512	
FL	-63800	-63800	13	11	0	3	4	8	6	25	0	6906197	6075	4775	148	1925	4244	4632	2536	13292	512	
FL	-64000	-64000	14	11	0	3	5	10	5	19	0	6892357	6075	4775	148	1925	4244	4632	2536	13292	512	
FL	-64200	-64200	13	9	0	3	6	10	4	19	0	6878394	6075	4775	148	1925	4244	4632	2536	13292	512	
FL	-64400	-64400	11	8	0	3	8	8	4	19	0	6863600	6075	4775	148	1925	4244	4632	2536	13292	512	
FL	-64600	-64600	11	9	0	4	7	10	5	14	0	6850049	6075	4775	148	1925	4244	4632	2536	13292	512	
FL	-64800	-64800	16	11	0	2	8	13	6	16	0	6836143	6075	4775	148	1925	4244	4632	2536	13292	512	
FL	-65000	-65000	17	12	0	0	6	15	7	18	0	6824026	6075	4775	148	1925	4244	4632	2536	13292	512	
FL	-65200	-65200	11	12	0	1	8	13	6	23	0	6811647	6075	4775	148	1925	4244	4632	2536	13292	512	
FL	-65400	-65400	12	11	0	2	8	15	6	22	2	6798703	6075	4775	148	1925	4244	4632	2536	13292	512	
FL	-65600	-65600	11	10	0	2	10	13	6	24	2	6785751	6075	4775	148	1925	4244	4632	2536	13292	512	
FL	-65800	-65800	16	8	0	2	12	15	8	20	2	6773139	6075	4775	148	1925	4244	4632	2536	13292	512	
FL	-66000	-66000	15	9	0	3	15	12	10	20	2	6761772	6075	4775	148	1925	4244	4632	2536	13292	512	
FL	-66200	-66200	12	8	0	1	15	12	14	22	2	6750931	6075	4775	148	1925	4244	4632	2536	13292	512	
FL	-66400	-66400	12	8	0	1	12	11	13	21	2	6740389	6075	4775	148	1925	4244	4632	2536	13292	512	
FL	-66600	-66600	10	8	0	1	9	10	11	18	3	6729311	6075	4775	148	1925	4244	4632	2536	13292	512	
FL	-66800	-66800	10	11	0	1	6	13	9	18	3	6717607	6075	4775	148	1925	4244	4632	2536	13292	512	
FL	-67000	-67000	12	13	0	0	6	13	5	21	3	6705267	6075	4775	148	1925	4244	4632	2536	13292	512	
FL	-67200	-67200	13	10	0	0	6	12	6	26	3	6694051	6075	4775	148	1925	4244	4632	2536	13292	512	
FL	-67400	-67400	14	10	0	0	6	10	7	24	2	6683375	6075	4775	148	1925	4244	4632	2536	13292	512	
FL	-67600	-67600	12	8	0	1	6	11	6	23	1	6672769	6075	4775	148	1925	4244	4632	2536	13292	512	
FL	-67800	-67800	13	8	0	1	7	10	8	19	1	6661097	6075	4775	148	1925	4244	4632	2536	13292	512	
FL	-68000	-68000	12	6	0	1	7	13	9	14	1	6649367	6075	4775	148	1925	4244	4632	2536	13292	512	
FL	-68200	-68200	18	6	0	2	5	11	7	18	0	6637920	6075	4775	148	1925	4244	4632	2536	13292	512	
FL	-68400	-68400	19	5	0	2	7	9	8	16	0	6627238	6075	4775	148	1925	4244	4632	2536	13292	512	
FL	-68600	-68600	20	7	0	1	6	11	7	16	0	6616744	6075	4775	148	1925	4244	4632	2536	13292	512	
FL	-68800	-68800	15	7	0	1	6	10	7	16	0	6606122	6075	4775	148	1925	4244	4632	2536	13292	512	
FL	-69000	-69000	15	7	0	1	7	10	3	20	0	6596194	6075	4775	148	1925	4244	4632	2536	13292	512	
FL	-69200	-69200	15	7	0	1	8	9	2	23	0	6586850	6075	4775	148	1925	4244	4632	2536	13292	512	
FL	-69400	-69400	15	6	0	1	6	8	2	27	0	6578374	6075	4775	148	1925	4244	4632	2536	13292	512	
FL	-69600	-69600	11	7	0	2	7	9	2	27	0	6571280	6075	4775	148	1925	4244	4632	2536	13292	512	
FL	-69800	-69800	9	6	0	1	6	12	3	26	0	6564652	6075	4775	148	1925	4244	4632	2536	13292	512	
FL	-70000	-70000	9	4	0	2	6	13	4	25	0	6557261	6075	4775	148	1925	4244	4632	2536	13292	512	
FL	-70200	-70200	9	6	0	2	9	13	4	26	0	6550146	6075	4775	148	1925	4244	4632	2536	13292	512	
FL	-70400	-70400	9	7	0	2	10	13	5	30	1	6543213	6075	4775	148	1925	4244	4632	2536	13292	512	
FL	-70600	-70600	13	8	0	3	10	10	3	32	1	6536328	6075	4775	148	1925	4244	4632	2536	13292	512	
FL	-70800	-70800	11	8	0	3	10	9	6	35	1	6529195	6075	4775	148	1925	4244	4632	2536	13292	512	
FL	-71000	-71000	11	7	0	3	11	9	6	32	2	6520958	6075	4775	148	1925	4244	4632	2536	13292	512	
FL	-71200	-71200	11	10	0	3	10	10	7	33	2	6511214	6075	4775	148	1925	4244	4632	2536	13292	512	
FL	-71400	-71400	12	11	0	1	10	7	7	31	2	6501216	6075	4775	148	1925	4244	4632	2536	13292	512	
FL	-71600	-71600	12	14	0	1	9	7	8	31	2	6491165	6075	4775	148	1925	4244	4632	2536	13292	512	
FL	-71800	-71800	13	15	0	1	9	10	7	22	2	6480821	6075	4775	148	1925	4244	4632	2536	13292	512	
FL	-72000	-72000	14	14	0	1	8	12	6	19	1	6470484	6075	4775	148	1925	4244	4632	2536	13292	512	
FL	-72200	-72200	16	13	0	1	10	12	7	16	1	6462263	6075	4775	148	1925	4244	4632	2536	13292	512	
FL	-72400	-72400	13	19	0	1	11	13	7	17	1	6454983	6075	4775	148	1925	4244	4632	2536	13292	512	
FL	-72600	-72600	14	18	0	1	10	10	6	15	1	6447469	6075	4775	148	1925	4244	4632	2536	13292	512	
FL	-72800	-72800	15	20	0	1	9	7	5	16	2	6439157	6075	4775	148	1925	4244	4632	2536	13292	512	
FL	-73000	-73000	14	17	0	1	8	8	5	19	2	6431640	6075	4775	148	1925	4244	4632	2536	13292	512	
FL	-73200	-73200	17	15	0	3	7	12	5	23	1	6425264	6075	4775	148	1925	4244	4632	2536	13292	512	
FL	-73400	-73400	17	13	0	4	7	12	7	25	2	6418625	6075	4775	148	1925	4244	4632	2536	13292	512	
FL	-73600	-73600	17	12	0	5	9	13	6	27	1	6411422	6075	4775	148	1925	4244	4632	2536	13292	512	
FL	-73800	-73800	15	11	0	3	8	10	5	35	1	6403729	6075	4775	148	1925	4244	4632	2536	13292	512	
FL	-74000	-74000	14	13	0	3	7	13	3	35	1	6395698	6075	4775	148	1925	4244	4632	2536	13292	512	
FL	-74200	-74200	18	13	0	4	7	12	3	33	1	6387567	6075	4775	148	1925	4244	4632	2536	13292	512	
FL	-74400	-74400	18	18	0	4	4	11	2	31	1	6379576	6075	4775	148	1925	4244	4632	2536	13292	512	
FL	-74600	-74600	16	17	0	4	4	14	2	33	1	6371693	6075	4775	148	1925	4244	4632	2536	13292	512	
FL	-74800	-74800	14	18	0	5	2	15	2	37	1	6362604	6075	4775	148	1925	4244	4632	2536	13292	512	
FL	-75000	-75000	12	17	1	3	4	15	3	32	1	6352290	6075	4775	148	1925	4244	4632	2536	13292	512	
FL	-75200	-75200	12	15	1	3	3	16	3	26	1	6341158	6075	4775	148	1925	4244	4632	2536	13292	512	
FL	-75400	-75400	16	14	1	3	6	19	5	23	1	6331455	6075	4775	148	1925	4244	4632	2536	13292	512	
FL	-75600	-75600	15	11	1	4	7	18	4	18	1	6322345	6075	4775	148	1925	4244	4632	2536	13292	512	
FL	-75800	-75800	10	11	1	5	7	18	3	19	1	6312228	6075	4775	148	1925	4244	4632	2536	13292	512	
FL	-76000	-76000	10	13	1	6	7	16	1	20	2	6301826	6075	4775	148	1925	4244	4632	2536	13292	512	
FL	-76200	-76200	9	13	1	6	6	17	3	23	1	6291998	6075	4775	148	1925	4244	4632	2536	13292	512	
FL	-76400	-76400	8	11	1	4	7	17	2	20	1	6282216	6075	4775	148	1925	4244	4632	2536	13292	512	
FL	-76600	-76600	5	12	1	5	4	17	1	19	1	6273104	6075	4775	148	1925	4244	4632	2536	13292	512	
FL	-76800	-76800	7	12	1	3	3	12	2	17	2	6264732	6075	4775	148	1925	4244	4632	2536	13292	512	
FL	-77000	-77000	10	12	1	4	3	13	2	21	3	6257033	6075	4775	148	1925	4244	4632	2536	13292	512	
FL	-77200	-77200	13	12	1	4	3	13	5	23	3	6248770	6075	4775	148	1925	4244	4632	2536	13292	512	
FL	-77400	-77400	14	9	0	5	3	11	5	24	3	6239519	6075	4775	148	1925	4244	4632	2536	13292	512	
FL	-77600	-77600	10	10	0	4	2	11	5	24	3	6230179	6075	4775	148	1925	4244	4632	2536	13292	512	
FL	-77800	-77800	10	12	0	4	3	11	6	19	2	6220762	6075	4775	148	1925	4244	4632	2536	13292	512	
FL	-78000	-78000	14	9	1	4	2	9	6	19	1	6210194	6075	4775	148	1925	4244	4632	2536	13292	512	
FL	-78200	-78200	13	8	1	2	2	9	5	21	1	6199815	6075	4775	148	1925	4244	4632	2536	13292	512	
FL	-78400	-78400	15	7	1	3	3	13	4	18	2	6189731	6075	4775	148	1925	4244	4632	2536	13292	512	
FL	-78600	-78600	10	8	1	4	3	11	5	19	2	6179697	6075	4775	148	1925	4244	4632	2536	13292	512	
FL	-78800	-78800	11	8	2	4	2	17	6	19	2	6170468	6075	4775	148	1925	4244	4632	2536	13292	512	
FL	-79000	-79000	16	8	2	4	0	14	5	19	2	6160262	6075	4775	148	1925	4244	4632	2536	13292	512	
FL	-79200	-79200	13	8	2	4	2	12	5	18	2	6149938	6075	4775	148	1925	4244	4632	2536	13292	512	
FL	-79400	-79400	15	8	2	3	2	14	7	23	1	6139946	6075	4775	148	1925	4244	4632	2536	13292	512	
FL	-79600	-79600	11	9	2	4	3	9	8	23	0	6130446	6075	4775	148	1925	4244	4632	2536	13292	512	
FL	-79800	-79800	15	7	2	5	3	8	10	25	1	6120504	6075	4775	148	1925	4244	4632	2536	13292	512	
FL	-80000	-80000	16	9	1	5	4	4	10	25	1	6109385	6075	4775	148	1925	4244	4632	2536	13292	512	
FL	-80200	-80200	17	9	1	5	2	6	7	22	1	6098197	6075	4775	148	1925	4244	4632	2536	13292	512	
FL	-80400	-80400	13	7	1	7	2	7	7	22	0	6088203	6075	4775	148	1925	4244	4632	2536	13292	512	
FL	-80600	-80600	12	9	1	6	3	6	7	20	0	6078940	6075	4775	148	1925	4244	4632	2536	13292	512	
FL	-80800	-80800	14	13	1	6	4	6	6	16	0	6070661	6075	4775	148	1925	4244	4632	2536	13292	512	
FL	-81000	-81000	13	12	1	4	5	6	6	13	0	6062564	6075	4775	148	1925	4244	4632	2536	13292	512	
FL	-81200	-81200	13	11	1	3	6	7	7	21	1	6054763	6075	4775	148	1925	4244	4632	2536	13292	512	
FL	-81400	-81400	12	11	1	2	7	9	8	20	2	6046566	6075	4775	148	1925	4244	4632	2536	13292	512	
FL	-81600	-81600	10	12	1	1	6	7	8	21	1	6039111	6075	4775	148	1925	4244	4632	2536	13292	512	
FL	-81800	-81800	9	11	1	0	9	6	7	21	0	6031836	6075	4775	148	1925	4244	4632	2536	13292	512	
FL	-82000	-82000	13	11	1	0	8	7	8	21	0	6024447	6075	4775	148	1925	4244	4632	2536	13292	512	
FL	-82200	-82200	16	12	1	0	7	8	8	19	1	6015865	6075	4775	148	1925	4244	4632	2536	13292	512	
FL	-82400	-82400	19	10	1	1	7	4	7	20	1	6006792	6075	4775	148	1925	4244	4632	2536	13292	512	
FL	-82600	-82600	23	6	1	1	7	7	6	18	1	5997763	6075	4775	148	1925	4244	4632	2536	13292	512	
FL	-82800	-82800	21	6	1	1	5	9	6	17	1	5988215	6075	4775	148	1925	4244	4632	2536	13292	512	
FL	-83000	-83000	23	7	1	1	3	11	5	20	1	5978842	6075	4775	148	1925	4244	4632	2536	13292	512	
FL	-83200	-83200	20	9	1	0	5	9	6	22	1	5970365	6075	4775	148	1925	4244	4632	2536	13292	512	
FL	-83400	-83400	21	10	1	0	6	8	9	20	1	5962188	6075	4775	148	1925	4244	4632	2536	13292	512	
FL	-83600	-83600	20	9	1	0	5	9	9	22	1	5953726	6075	4775	148	1925	4244	4632	2536	13292	512	
FL	-83800	-83800	23	12	1	0	6	10	10	23	0	5945477	6075	4775	148	1925	4244	4632	2536	13292	512	
FL	-84000	-84000	24	11	1	0	6	13	8	21	1	5935407	6075	4775	148	1925	4244	4632	2536	13292	512	
FL	-84200	-84200	17	9	2	0	6	11	6	22	1	5927416	6075	4775	148	1925	4244	4632	2536	13292	512	
FL	-84400	-84400	16	9	2	0	7	13	5	24	1	5919543	6075	4775	148	1925	4244	4632	2536	13292	512	
FL	-84600	-84600	15	9	2	1	10	10	4	23	1	5911767	6075	4775	148	1925	4244	4632	2536	13292	512	
FL	-84800	-84800	15	8	2	1	11	12	6	23	1	5903757	6075	4775	148	1925	4244	4632	2536	13292	512	
FL	-85000	-85000	14	5	2	1	11	10	5	23	1	5895041	6075	4775	148	1925	4244	4632	2536	13292	512	
FL	-85200	-85200	12	4	1	1	10	9	5	22	1	5886231	6075	4775	148	1925	4244	4632	2536	13292	512	
FL	-85400	-85400	12	5	0	0	8	9	4	23	0	5876405	6075	4775	148	1925	4244	4632	2536	13292	512	
FL	-85600	-85600	14	5	0	0	8	8	5	24	1	5865840	6075	4775	148	1925	4244	4632	2536	13292	512	
FL	-85800	-85800	13	4	0	0	9	8	5	21	1	5855535	6075	4775	148	1925	4244	4632	2536	13292	512	
FL	-86000	-86000	9	4	0	0	7	7	5	19	0	5844926	6075	4775	148	1925	4244	4632	2536	13292	512	
FL	-86200	-86200	10	7	0	0	8	6	7	19	0	5834624	6075	4775	148	1925	4244	4632	2536	13292	512	
FL	-86400	-86400	12	8	0	0	11	7	6	22	0	5824843	6075	4775	148	1925	4244	4632	2536	13292	512	
FL	-86600	-86600	12	8	0	1	10	6	5	23	0	5815401	6075	4775	148	1925	4244	4632	2536	13292	512	
FL	-86800	-86800	16	9	0	2	10	6	6	24	1	5806827	6075	4775	148	1925	4244	4632	2536	13292	512	
FL	-87000	-87000	14	10	0	2	8	7	4	23	1	5798825	6075	4775	148	1925	4244	4632	2536	13292	512	
FL	-87200	-87200	12	11	0	4	6	7	5	27	1	5790938	6075	4775	148	1925	4244	4632	2536	13292	512	
FL	-87400	-87400	15	9	0	4	5	6	4	28	1	5783490	6075	4775	148	1925	4244	4632	2536	13292	512	
FL	-87600	-87600	15	11	0	3	4	3	5	26	1	5775760	6075	4775	148	1925	4244	4632	2536	13292	512	
FL	-87800	-87800	14	11	0	3	4	6	6	26	0	5767175	6075	4775	148	1925	4244	4632	2536	13292	512	
FL	-88000	-88000	13	14	0	4	3	6	8	22	0	5758880	6075	4775	148	1925	4244	4632	2536	13292	512	
FL	-88200	-88200	10	14	0	3	2	6	6	23	0	5749926	6075	4775	148	1925	4244	4632	2536	13292	512	
FL	-88400	-88400	11	12	0	4	4	7	6	21	0	5741649	6075	4775	148	1925	4244	4632	2536	13292	512	
FL	-88600	-88600	13	13	0	3	6	7	6	21	1	5734390	6075	4775	148	1925	4244	4632	2536	13292	512	
FL	-88800	-88800	14	14	1	2	6	8	8	15	2	5727734	6075	4775	148	1925	4244	4632	2536	13292	512	
FL	-89000	-89000	15	14	1	3	3	9	8	14	2	5720898	6075	4775	148	1925	4244	4632	2536	13292	512	
FL	-89200	-89200	13	13	1	2	1	9	5	12	2	5713001	6075	4775	148	1925	4244	4632	2536	13292	512	
FL	-89400	-89400	14	15	1	2	0	9	5	15	2	5704642	6075	4775	148	1925	4244	4632	2536	13292	512	
FL	-89600	-89600	16	15	1	2	1	10	3	15	2	5695537	6075	4775	148	1925	4244	4632	2536	13292	512	
FL	-89800	-89800	18	14	1	3	1	12	2	14	2	5686936	6075	4775	148	1925	4244	4632	2536	13292	512	
FL	-90000	-90000	17	14	0	3	2	14	3	15	2	5678474	6075	4775	148	1925	4244	4632	2536	13292	512	
FL	-90200	-90200	14	14	0	4	2	13	2	15	2	5670076	6075	4775	148	1925	4244	4632	2536	13292	512	
FL	-90400	-90400	14	12	0	4	2	12	3	19	2	5661607	6075	4775	148	1925	4244	4632	2536	13292	512	
FL	-90600	-90600	11	10	0	3	1	12	4	19	2	5653434	6075	4775	148	1925	4244	4632	2536	13292	512	
FL	-90800	-90800	12	10	0	3	1	11	3	21	1	5645507	6075	4775	148	1925	4244	4632	2536	13292	512	
FL	-91000	-91000	15	11	0	1	1	11	1	22	2	5638171	6075	4775	148	1925	4244	4632	2536	13292	512	
FL	-91200	-91200	14	11	0	1	1	10	1	25	2	5631256	6075	4775	148	1925	4244	4632	2536	13292	512	
FL	-91400	-91400	12	9	0	1	2	13	1	27	1	5624673	6075	4775	148	1925	4244	4632	2536	13292	512	
FL	-91600	-91600	12	8	0	1	2	10	1	31	1	5617848	6075	4775	148	1925	4244	4632	2536	13292	512	
FL	-91800	-91800	9	7	0	2	3	8	4	33	1	5611682	6075	4775	148	1925	4244	4632	2536	13292	512	
FL	-92000	-92000	8	10	0	2	4	9	0	27	1	5605368	6075	4775	148	1925	4244	4632	2536	13292	512	
FL	-92200	-92200	7	10	0	2	4	12	0	22	2	5599938	6075	4775	148	1925	4244	4632	2536	13292	512	
FL	-92400	-92400	7	11	0	2	2	12	0	22	2	5594343	6075	4775	148	1925	4244	4632	2536	13292	512	
FL	-92600	-92600	7	9	0	2	2	13	0	20	2	5589096	6075	4775	148	1925	4244	4632	2536	13292	512	
FL	-92800	-92800	8	7	0	1	4	13	2	21	2	5583565	6075	4775	148	1925	4244	4632	2536	13292	512	
FL	-93000	-93000	7	7	0	2	5	10	2	20	2	5577118	6075	4775	148	1925	4244	4632	2536	13292	512	
FL	-93200	-93200	9	8	0	2	3	9	3	26	1	5570442	6075	4775	148	1925	4244	4632	2536	13292	512	
FL	-93400	-93400	11	9	0	2	3	8	3	26	1	5563651	6075	4775	148	1925	4244	4632	2536	13292	512	
FL	-93600	-93600	15	9	0	1	4	6	3	25	1	5557735	6075	4775	148	1925	4244	4632	2536	13292	512	
FL	-93800	-93800	18	11	0	1	3	5	3	26	1	5552603	6075	4775	148	1925	4244	4632	2536	13292	512	
FL	-94000	-94000	15	12	0	0	3	4	2	23	1	5547843	6075	4775	148	1925	4244	4632	2536	13292	512	
FL	-94200	-94200	15	15	0	1	3	5	1	20	1	5543268	6075	4775	148	1925	4244	4632	2536	13292	512	
FL	-94400	-94400	12	11	0	1	3	6	0	20	1	5539000	6075	4775	148	1925	4244	4632	2536	13292	512	
FL	-94600	-94600	12	9	0	1	4	5	2	23	1	5534438	6075	4775	148	1925	4244	4632	2536	13292	512	
FL	-94800	-94800	10	10	0	2	4	6	2	22	1	5529788	6075	4775	148	1925	4244	4632	2536	13292	512	
FL	-95000	-95000	11	11	0	2	4	7	3	23	1	5524200	6075	4775	148	1925	4244	4632	2536	13292	512	
FL	-95200	-95200	9	10	0	3	4	6	3	22	1	5518433	6075	4775	148	1925	4244	4632	2536	13292	512	
FL	-95400	-95400	7	11	0	3	3	6	3	23	1	5512217	6075	4775	148	1925	4244	4632	2536	13292	512	
FL	-95600	-95600	7	9	0	2	3	6	3	24	1	5505811	6075	4775	148	1925	4244	4632	2536	13292	512	
FL	-95800	-95800	8	11	1	2	2	6	5	24	1	5498674	6075	4775	148	1925	4244	4632	2536	13292	512	
FL	-96000	-96000	9	10	0	2	2	7	6	24	1	5491419	6075	4775	148	1925	4244	4632	2536	13292	512	
FL	-96200	-96200	8	11	0	2	2	7	5	26	1	5484328	6075	4775	148	1925	4244	4632	2536	13292	512	
FL	-96400	-96400	9	11	0	1	3	9	6	25	1	5476347	6075	4775	148	1925	4244	4632	2536	13292	512	
FL	-96600	-96600	8	14	0	1	4	6	5	23	1	5467945	6075	4775	148	1925	4244	4632	2536	13292	512	
FL	-96800	-96800	12	13	0	1	4	7	5	22	1	5459923	6075	4775	148	1925	4244	4632	2536	13292	512	
FL	-97000	-97000	11	9	0	2	4	8	5	25	1	5452395	6075	4775	148	1925	4244	4632	2536	13292	512	
FL	-97200	-97200	14	9	1	2	4	8	6	25	1	5444518	6075	4775	148	1925	4244	4632	2536	13292	512	
FL	-97400	-97400	15	9	1	1	4	6	5	27	1	5436917	6075	4775	148	1925	4244	4632	2536	13292	512	
FL	-97600	-97600	13	9	1	0	6	6	6	25	1	5428970	6075	4775	148	1925	4244	4632	2536	13292	512	
FL	-97800	-97800	13	10	1	0	6	7	5	22	1	5421672	6075	4775	148	1925	4244	4632	2536	13292	512	
FL	-98000	-98000	14	10	1	0	5	8	4	26	1	5414146	6075	4775	148	1925	4244	4632	2536	13292	512	
FL	-98200	-98200	14	11	1	0	6	9	4	26	2	5407345	6075	4775	148	1925	4244	4632	2536	13292	512	
FL	-98400	-98400	16	12	1	0	5	9	5	24	2	5400469	6075	4775	148	1925	4244	4632	2536	13292	512	
FL	-98600	-98600	16	12	1	1	5	9	5	22	2	5393181	6075	4775	148	1925	4244	4632	2536	13292	512	
FL	-98800	-98800	17	13	1	1	7	7	5	16	2	5386202	6075	4775	148	1925	4244	4632	2536	13292	512	
FL	-99000	-99000	18	14	1	3	6	5	2	20	1	5379657	6075	4775	148	1925	4244	4632	2536	13292	512	
FL	-99200	-99200	20	14	1	3	7	7	2	20	1	5373286	6075	4775	148	1925	4244	4632	2536	13292	512	
FL	-99400	-99400	20	13	1	3	7	8	1	24	1	5366700	6075	4775	148	1925	4244	4632	2536	13292	512	
FL	-99600	-99600	21	14	0	3	6	8	4	22	1	5359663	6075	4775	148	1925	4244	4632	2536	13292	512	
FL	-99800	-99800	16	17	0	3	5	5	4	23	1	5351576	6075	4775	148	1925	4244	4632	2536	13292	512	
FL	-100000	-100000	15	16	0	4	4	6	3	20	1	5342885	6075	4775	148	1925	4244	4632	2536	13292	512	
