DHL	0	0	67	196	19	86	211	161	154	0	63	52134387	1810	2357	1241	2216	9263	7013	7501	5032	
DHL	-200	-200	75	204	19	79	203	153	166	0	63	51880035	1810	2357	1241	2216	9263	7013	7501	5032	
DHL	-400	-400	77	195	20	78	193	148	157	0	65	51161246	1810	2357	1241	2216	9263	7013	7501	5032	
DHL	-600	-600	74	195	20	75	182	140	161	0	65	50112398	1810	2357	1241	2216	9263	7013	7501	5032	
DHL	-800	-800	83	198	19	78	175	154	151	0	59	48832393	1810	2357	1241	2216	9263	7013	7501	5032	
DHL	-1000	-1000	81	187	21	79	170	138	150	0	60	47394445	1810	2357	1241	2216	9263	7013	7501	5032	
DHL	-1200	-1200	80	194	18	74	152	144	146	0	60	45870183	1810	2357	1241	2216	9263	7013	7501	5032	
DHL	-1400	-1400	81	195	20	81	134	167	139	0	61	44315060	1810	2357	1241	2216	9263	7013	7501	5032	
DHL	-1600	-1600	82	199	18	92	136	166	143	0	58	42780994	1810	2357	1241	2216	9263	7013	7501	5032	
DHL	-1800	-1800	89	199	17	83	143	158	142	0	56	41294353	1810	2357	1241	2216	9263	7013	7501	5032	
DHL	-2000	-2000	83	198	15	83	138	154	143	0	58	39851589	1810	2357	1241	2216	9263	7013	7501	5032	
DHL	-2200	-2200	85	211	16	92	146	152	142	0	58	38481484	1810	2357	1241	2216	9263	7013	7501	5032	
DHL	-2400	-2400	85	209	18	89	143	155	136	0	61	37184953	1810	2357	1241	2216	9263	7013	7501	5032	
DHL	-2600	-2600	79	213	21	82	138	153	126	0	57	35972714	1810	2357	1241	2216	9263	7013	7501	5032	
DHL	-2800	-2800	73	208	22	90	128	147	112	0	58	34830699	1810	2357	1241	2216	9263	7013	7501	5032	
DHL	-3000	-3000	65	186	18	82	126	139	110	0	53	33752760	1810	2357	1241	2216	9263	7013	7501	5032	
DHL	-3200	-3200	67	199	15	75	122	136	109	0	54	32744890	1810	2357	1241	2216	9263	7013	7501	5032	
DHL	-3400	-3400	61	180	16	66	132	141	104	0	52	31802250	1810	2357	1241	2216	9263	7013	7501	5032	
DHL	-3600	-3600	59	165	13	63	135	132	115	0	47	30919220	1810	2357	1241	2216	9263	7013	7501	5032	
DHL	-3800	-3800	57	135	9	54	115	127	107	0	47	30082738	1810	2357	1241	2216	9263	7013	7501	5032	
DHL	-4000	-4000	58	129	10	51	118	135	103	0	49	29298377	1810	2357	1241	2216	9263	7013	7501	5032	
DHL	-4200	-4200	67	129	8	46	120	119	101	0	50	28558892	1810	2357	1241	2216	9263	7013	7501	5032	
DHL	-4400	-4400	74	126	7	45	114	121	104	0	44	27857919	1810	2357	1241	2216	9263	7013	7501	5032	
DHL	-4600	-4600	67	114	8	46	108	112	106	0	36	27197792	1810	2357	1241	2216	9263	7013	7501	5032	
DHL	-4800	-4800	67	104	7	47	111	105	113	0	34	26573502	1810	2357	1241	2216	9263	7013	7501	5032	
DHL	-5000	-5000	65	100	7	48	114	104	108	0	34	25982689	1810	2357	1241	2216	9263	7013	7501	5032	
DHL	-5200	-5200	63	96	7	47	115	104	103	0	31	25423473	1810	2357	1241	2216	9263	7013	7501	5032	
DHL	-5400	-5400	62	92	6	45	113	99	88	0	29	24894908	1810	2357	1241	2216	9263	7013	7501	5032	
DHL	-5600	-5600	59	90	5	42	108	80	76	0	28	24387792	1810	2357	1241	2216	9263	7013	7501	5032	
DHL	-5800	-5800	52	83	6	40	109	72	77	0	26	23905999	1810	2357	1241	2216	9263	7013	7501	5032	
DHL	-6000	-6000	46	78	7	37	96	70	79	0	28	23447594	1810	2357	1241	2216	9263	7013	7501	5032	
DHL	-6200	-6200	45	80	9	42	98	63	78	0	28	23014817	1810	2357	1241	2216	9263	7013	7501	5032	
DHL	-6400	-6400	37	82	9	42	93	59	85	0	25	22605824	1810	2357	1241	2216	9263	7013	7501	5032	
DHL	-6600	-6600	37	84	8	38	88	58	82	0	22	22213318	1810	2357	1241	2216	9263	7013	7501	5032	
DHL	-6800	-6800	39	84	7	38	85	56	82	0	27	21840398	1810	2357	1241	2216	9263	7013	7501	5032	
DHL	-7000	-7000	39	81	8	41	82	54	79	0	28	21488702	1810	2357	1241	2216	9263	7013	7501	5032	
DHL	-7200	-7200	35	87	7	39	86	52	77	0	26	21155578	1810	2357	1241	2216	9263	7013	7501	5032	
DHL	-7400	-7400	39	84	8	41	78	57	73	0	24	20836168	1810	2357	1241	2216	9263	7013	7501	5032	
DHL	-7600	-7600	41	77	7	41	77	61	77	0	25	20532934	1810	2357	1241	2216	9263	7013	7501	5032	
DHL	-7800	-7800	35	83	7	41	83	57	72	0	23	20250008	1810	2357	1241	2216	9263	7013	7501	5032	
DHL	-8000	-8000	32	85	5	45	82	60	74	0	23	19979929	1810	2357	1241	2216	9263	7013	7501	5032	
DHL	-8200	-8200	28	74	6	44	79	50	79	0	20	19720850	1810	2357	1241	2216	9263	7013	7501	5032	
DHL	-8400	-8400	30	68	3	40	75	58	78	0	21	19471068	1810	2357	1241	2216	9263	7013	7501	5032	
DHL	-8600	-8600	32	66	4	36	69	58	73	0	21	19233690	1810	2357	1241	2216	9263	7013	7501	5032	
DHL	-8800	-8800	30	62	4	37	66	56	69	0	19	19006304	1810	2357	1241	2216	9263	7013	7501	5032	
DHL	-9000	-9000	23	63	3	37	63	52	69	0	17	18788776	1810	2357	1241	2216	9263	7013	7501	5032	
DHL	-9200	-9200	25	63	4	35	64	54	64	0	17	18582455	1810	2357	1241	2216	9263	7013	7501	5032	
DHL	-9400	-9400	22	63	3	33	50	50	57	0	19	18381723	1810	2357	1241	2216	9263	7013	7501	5032	
DHL	-9600	-9600	21	65	3	34	49	54	55	0	20	18189527	1810	2357	1241	2216	9263	7013	7501	5032	
DHL	-9800	-9800	19	65	4	33	48	52	52	0	22	18004946	1810	2357	1241	2216	9263	7013	7501	5032	
DHL	-10000	-10000	16	66	4	32	47	44	48	0	23	17825266	1810	2357	1241	2216	9263	7013	7501	5032	
DHL	-10200	-10200	16	62	7	30	43	41	48	0	24	17650490	1810	2357	1241	2216	9263	7013	7501	5032	
DHL	-10400	-10400	13	63	8	30	47	48	47	0	29	17483525	1810	2357	1241	2216	9263	7013	7501	5032	
DHL	-10600	-10600	14	63	7	31	44	41	46	0	29	17324752	1810	2357	1241	2216	9263	7013	7501	5032	
DHL	-10800	-10800	14	61	6	30	40	36	46	0	27	17169739	1810	2357	1241	2216	9263	7013	7501	5032	
DHL	-11000	-11000	16	62	6	32	44	36	46	0	25	17017357	1810	2357	1241	2216	9263	7013	7501	5032	
DHL	-11200	-11200	15	55	4	32	41	33	43	0	23	16866215	1810	2357	1241	2216	9263	7013	7501	5032	
DHL	-11400	-11400	18	50	6	29	43	35	45	0	21	16720509	1810	2357	1241	2216	9263	7013	7501	5032	
DHL	-11600	-11600	17	46	7	26	43	40	46	0	27	16581056	1810	2357	1241	2216	9263	7013	7501	5032	
DHL	-11800	-11800	18	47	7	25	43	37	44	0	29	16447708	1810	2357	1241	2216	9263	7013	7501	5032	
DHL	-12000	-12000	18	45	7	23	43	36	44	0	27	16319026	1810	2357	1241	2216	9263	7013	7501	5032	
DHL	-12200	-12200	16	44	8	23	43	35	51	0	26	16189856	1810	2357	1241	2216	9263	7013	7501	5032	
DHL	-12400	-12400	17	47	7	23	40	31	52	0	23	16062660	1810	2357	1241	2216	9263	7013	7501	5032	
DHL	-12600	-12600	15	46	6	24	41	31	53	0	23	15941724	1810	2357	1241	2216	9263	7013	7501	5032	
DHL	-12800	-12800	16	43	6	23	45	30	47	0	20	15826917	1810	2357	1241	2216	9263	7013	7501	5032	
DHL	-13000	-13000	16	43	6	24	47	33	48	0	20	15717799	1810	2357	1241	2216	9263	7013	7501	5032	
DHL	-13200	-13200	15	42	5	23	48	36	52	0	19	15609006	1810	2357	1241	2216	9263	7013	7501	5032	
DHL	-13400	-13400	14	42	8	27	45	43	47	0	20	15500207	1810	2357	1241	2216	9263	7013	7501	5032	
DHL	-13600	-13600	15	40	7	26	49	48	45	0	18	15392060	1810	2357	1241	2216	9263	7013	7501	5032	
DHL	-13800	-13800	18	42	8	28	48	42	49	0	18	15285503	1810	2357	1241	2216	9263	7013	7501	5032	
DHL	-14000	-14000	20	40	6	29	43	44	47	0	18	15182244	1810	2357	1241	2216	9263	7013	7501	5032	
DHL	-14200	-14200	19	43	5	31	43	42	48	0	17	15082599	1810	2357	1241	2216	9263	7013	7501	5032	
DHL	-14400	-14400	19	43	3	33	41	42	50	0	16	14987877	1810	2357	1241	2216	9263	7013	7501	5032	
DHL	-14600	-14600	19	44	4	29	39	44	48	0	18	14895772	1810	2357	1241	2216	9263	7013	7501	5032	
DHL	-14800	-14800	18	41	5	30	37	43	47	0	20	14806585	1810	2357	1241	2216	9263	7013	7501	5032	
DHL	-15000	-15000	20	40	5	30	38	40	46	0	19	14720656	1810	2357	1241	2216	9263	7013	7501	5032	
DHL	-15200	-15200	17	41	5	28	43	43	44	0	17	14637244	1810	2357	1241	2216	9263	7013	7501	5032	
DHL	-15400	-15400	17	42	5	27	46	43	54	0	17	14554057	1810	2357	1241	2216	9263	7013	7501	5032	
DHL	-15600	-15600	14	42	5	28	47	43	52	0	22	14469935	1810	2357	1241	2216	9263	7013	7501	5032	
DHL	-15800	-15800	11	39	5	27	45	40	48	0	22	14385914	1810	2357	1241	2216	9263	7013	7501	5032	
DHL	-16000	-16000	13	38	5	26	43	37	47	0	21	14301126	1810	2357	1241	2216	9263	7013	7501	5032	
DHL	-16200	-16200	11	36	7	23	40	34	46	0	17	14216482	1810	2357	1241	2216	9263	7013	7501	5032	
DHL	-16400	-16400	9	36	8	21	36	28	47	0	18	14133211	1810	2357	1241	2216	9263	7013	7501	5032	
DHL	-16600	-16600	8	32	7	22	37	26	46	0	13	14051113	1810	2357	1241	2216	9263	7013	7501	5032	
DHL	-16800	-16800	7	33	8	24	44	32	44	0	11	13971434	1810	2357	1241	2216	9263	7013	7501	5032	
DHL	-17000	-17000	10	33	8	22	40	37	43	0	12	13895382	1810	2357	1241	2216	9263	7013	7501	5032	
DHL	-17200	-17200	9	34	7	21	41	36	41	0	12	13822068	1810	2357	1241	2216	9263	7013	7501	5032	
DHL	-17400	-17400	11	33	6	19	44	39	45	0	16	13747390	1810	2357	1241	2216	9263	7013	7501	5032	
DHL	-17600	-17600	15	33	7	18	54	39	44	0	18	13672638	1810	2357	1241	2216	9263	7013	7501	5032	
DHL	-17800	-17800	12	28	6	18	56	44	48	0	17	13598508	1810	2357	1241	2216	9263	7013	7501	5032	
DHL	-18000	-18000	12	26	6	20	50	41	39	0	16	13527137	1810	2357	1241	2216	9263	7013	7501	5032	
DHL	-18200	-18200	13	31	4	17	54	39	39	0	21	13456306	1810	2357	1241	2216	9263	7013	7501	5032	
DHL	-18400	-18400	8	35	4	17	54	42	42	0	24	13385884	1810	2357	1241	2216	9263	7013	7501	5032	
DHL	-18600	-18600	8	32	3	22	43	44	43	0	22	13316816	1810	2357	1241	2216	9263	7013	7501	5032	
DHL	-18800	-18800	8	27	3	19	44	44	47	0	20	13249646	1810	2357	1241	2216	9263	7013	7501	5032	
DHL	-19000	-19000	8	24	4	18	44	39	49	0	19	13183134	1810	2357	1241	2216	9263	7013	7501	5032	
DHL	-19200	-19200	10	24	4	20	44	35	47	0	19	13116121	1810	2357	1241	2216	9263	7013	7501	5032	
DHL	-19400	-19400	12	23	3	21	50	37	51	0	19	13050847	1810	2357	1241	2216	9263	7013	7501	5032	
DHL	-19600	-19600	11	25	3	18	58	31	48	0	19	12986043	1810	2357	1241	2216	9263	7013	7501	5032	
DHL	-19800	-19800	13	27	3	18	58	37	46	0	18	12922135	1810	2357	1241	2216	9263	7013	7501	5032	
DHL	-20000	-20000	14	31	4	19	61	33	41	0	19	12858575	1810	2357	1241	2216	9263	7013	7501	5032	
DHL	-20200	-20200	15	36	3	15	61	36	41	0	17	12794301	1810	2357	1241	2216	9263	7013	7501	5032	
DHL	-20400	-20400	15	37	3	16	61	41	42	0	20	12727632	1810	2357	1241	2216	9263	7013	7501	5032	
DHL	-20600	-20600	16	32	2	13	59	46	45	0	21	12662273	1810	2357	1241	2216	9263	7013	7501	5032	
DHL	-20800	-20800	18	25	2	17	58	45	46	0	24	12598904	1810	2357	1241	2216	9263	7013	7501	5032	
DHL	-21000	-21000	14	27	3	20	54	36	50	0	22	12536066	1810	2357	1241	2216	9263	7013	7501	5032	
DHL	-21200	-21200	13	30	3	20	49	34	52	0	18	12474175	1810	2357	1241	2216	9263	7013	7501	5032	
DHL	-21400	-21400	8	28	5	22	44	30	51	0	19	12413675	1810	2357	1241	2216	9263	7013	7501	5032	
DHL	-21600	-21600	8	26	2	20	36	27	51	0	20	12354954	1810	2357	1241	2216	9263	7013	7501	5032	
DHL	-21800	-21800	7	25	1	20	33	24	50	0	17	12298266	1810	2357	1241	2216	9263	7013	7501	5032	
DHL	-22000	-22000	7	25	1	20	27	23	53	0	16	12244143	1810	2357	1241	2216	9263	7013	7501	5032	
DHL	-22200	-22200	6	23	1	21	32	21	55	0	17	12189369	1810	2357	1241	2216	9263	7013	7501	5032	
DHL	-22400	-22400	7	25	1	22	29	19	56	0	20	12136510	1810	2357	1241	2216	9263	7013	7501	5032	
DHL	-22600	-22600	7	24	1	25	25	21	53	0	22	12084884	1810	2357	1241	2216	9263	7013	7501	5032	
DHL	-22800	-22800	7	25	2	25	27	22	57	0	19	12033082	1810	2357	1241	2216	9263	7013	7501	5032	
DHL	-23000	-23000	9	25	2	27	20	20	56	0	15	11981590	1810	2357	1241	2216	9263	7013	7501	5032	
DHL	-23200	-23200	9	23	2	25	19	20	51	0	12	11934605	1810	2357	1241	2216	9263	7013	7501	5032	
DHL	-23400	-23400	11	22	2	24	20	18	51	0	13	11887987	1810	2357	1241	2216	9263	7013	7501	5032	
DHL	-23600	-23600	8	21	1	20	23	20	48	0	14	11842919	1810	2357	1241	2216	9263	7013	7501	5032	
DHL	-23800	-23800	7	20	1	19	22	19	42	0	16	11796417	1810	2357	1241	2216	9263	7013	7501	5032	
DHL	-24000	-24000	7	20	2	12	26	25	42	0	14	11748024	1810	2357	1241	2216	9263	7013	7501	5032	
DHL	-24200	-24200	8	19	2	9	22	24	39	0	13	11699848	1810	2357	1241	2216	9263	7013	7501	5032	
DHL	-24400	-24400	8	18	3	10	20	20	38	0	12	11651731	1810	2357	1241	2216	9263	7013	7501	5032	
DHL	-24600	-24600	8	17	5	6	21	21	37	0	9	11605856	1810	2357	1241	2216	9263	7013	7501	5032	
DHL	-24800	-24800	6	20	4	7	25	22	40	0	6	11560231	1810	2357	1241	2216	9263	7013	7501	5032	
DHL	-25000	-25000	5	16	4	8	29	26	30	0	8	11514041	1810	2357	1241	2216	9263	7013	7501	5032	
DHL	-25200	-25200	7	13	5	6	26	27	27	0	8	11466161	1810	2357	1241	2216	9263	7013	7501	5032	
DHL	-25400	-25400	5	14	3	6	27	26	30	0	10	11420220	1810	2357	1241	2216	9263	7013	7501	5032	
DHL	-25600	-25600	5	20	3	7	27	30	25	0	11	11375635	1810	2357	1241	2216	9263	7013	7501	5032	
DHL	-25800	-25800	2	23	4	7	34	32	27	0	11	11331665	1810	2357	1241	2216	9263	7013	7501	5032	
DHL	-26000	-26000	3	22	3	10	30	33	24	0	11	11288064	1810	2357	1241	2216	9263	7013	7501	5032	
DHL	-26200	-26200	3	20	5	11	29	33	25	0	10	11245586	1810	2357	1241	2216	9263	7013	7501	5032	
DHL	-26400	-26400	3	21	3	12	28	34	27	0	9	11205254	1810	2357	1241	2216	9263	7013	7501	5032	
DHL	-26600	-26600	3	20	4	12	26	35	25	0	9	11166954	1810	2357	1241	2216	9263	7013	7501	5032	
DHL	-26800	-26800	4	20	3	12	25	33	29	0	8	11129953	1810	2357	1241	2216	9263	7013	7501	5032	
DHL	-27000	-27000	4	23	3	14	30	31	26	0	10	11091248	1810	2357	1241	2216	9263	7013	7501	5032	
DHL	-27200	-27200	6	24	3	16	36	32	24	0	8	11053760	1810	2357	1241	2216	9263	7013	7501	5032	
DHL	-27400	-27400	6	22	3	17	34	35	33	0	8	11015351	1810	2357	1241	2216	9263	7013	7501	5032	
DHL	-27600	-27600	7	16	1	17	34	35	31	0	12	10975332	1810	2357	1241	2216	9263	7013	7501	5032	
DHL	-27800	-27800	9	16	1	19	34	37	29	0	11	10935100	1810	2357	1241	2216	9263	7013	7501	5032	
DHL	-28000	-28000	9	13	3	18	34	38	31	0	12	10895521	1810	2357	1241	2216	9263	7013	7501	5032	
DHL	-28200	-28200	10	13	4	15	30	38	36	0	13	10855954	1810	2357	1241	2216	9263	7013	7501	5032	
DHL	-28400	-28400	12	14	4	10	26	29	26	0	10	10815397	1810	2357	1241	2216	9263	7013	7501	5032	
DHL	-28600	-28600	12	13	4	11	22	29	27	0	8	10774333	1810	2357	1241	2216	9263	7013	7501	5032	
DHL	-28800	-28800	11	13	4	10	20	27	26	0	6	10734649	1810	2357	1241	2216	9263	7013	7501	5032	
DHL	-29000	-29000	11	5	4	9	15	26	25	0	6	10697172	1810	2357	1241	2216	9263	7013	7501	5032	
DHL	-29200	-29200	11	4	3	7	16	28	22	0	8	10656488	1810	2357	1241	2216	9263	7013	7501	5032	
DHL	-29400	-29400	11	5	4	8	17	26	22	0	10	10618541	1810	2357	1241	2216	9263	7013	7501	5032	
DHL	-29600	-29600	10	6	4	9	18	33	20	0	12	10581788	1810	2357	1241	2216	9263	7013	7501	5032	
DHL	-29800	-29800	6	8	5	10	16	34	22	0	13	10545873	1810	2357	1241	2216	9263	7013	7501	5032	
DHL	-30000	-30000	6	11	4	6	16	34	24	0	13	10509569	1810	2357	1241	2216	9263	7013	7501	5032	
DHL	-30200	-30200	6	9	2	4	16	32	25	0	13	10471859	1810	2357	1241	2216	9263	7013	7501	5032	
DHL	-30400	-30400	7	8	2	5	17	32	22	0	15	10435044	1810	2357	1241	2216	9263	7013	7501	5032	
DHL	-30600	-30600	6	6	3	4	16	29	22	0	15	10397710	1810	2357	1241	2216	9263	7013	7501	5032	
DHL	-30800	-30800	5	10	4	4	18	23	19	0	13	10360813	1810	2357	1241	2216	9263	7013	7501	5032	
DHL	-31000	-31000	7	8	3	4	18	26	19	0	9	10324386	1810	2357	1241	2216	9263	7013	7501	5032	
DHL	-31200	-31200	6	8	4	4	19	25	21	0	12	10287269	1810	2357	1241	2216	9263	7013	7501	5032	
DHL	-31400	-31400	3	8	4	4	20	26	18	0	13	10251394	1810	2357	1241	2216	9263	7013	7501	5032	
DHL	-31600	-31600	3	7	6	6	23	28	22	0	15	10217266	1810	2357	1241	2216	9263	7013	7501	5032	
DHL	-31800	-31800	5	7	6	6	25	28	18	0	19	10185271	1810	2357	1241	2216	9263	7013	7501	5032	
DHL	-32000	-32000	5	7	8	6	25	26	14	0	18	10154820	1810	2357	1241	2216	9263	7013	7501	5032	
DHL	-32200	-32200	5	5	8	7	20	26	15	0	20	10123884	1810	2357	1241	2216	9263	7013	7501	5032	
DHL	-32400	-32400	6	5	6	7	21	30	13	0	16	10091512	1810	2357	1241	2216	9263	7013	7501	5032	
DHL	-32600	-32600	6	5	6	7	20	31	13	0	19	10058395	1810	2357	1241	2216	9263	7013	7501	5032	
DHL	-32800	-32800	8	6	7	7	18	30	13	0	16	10024920	1810	2357	1241	2216	9263	7013	7501	5032	
DHL	-33000	-33000	8	6	7	7	17	33	14	0	15	9990890	1810	2357	1241	2216	9263	7013	7501	5032	
DHL	-33200	-33200	8	7	3	6	18	32	11	0	14	9956994	1810	2357	1241	2216	9263	7013	7501	5032	
DHL	-33400	-33400	8	9	4	10	19	30	14	0	13	9925418	1810	2357	1241	2216	9263	7013	7501	5032	
DHL	-33600	-33600	6	7	4	9	23	31	12	0	14	9894416	1810	2357	1241	2216	9263	7013	7501	5032	
DHL	-33800	-33800	4	8	5	10	23	26	13	0	19	9864046	1810	2357	1241	2216	9263	7013	7501	5032	
DHL	-34000	-34000	4	9	5	9	27	23	10	0	20	9834789	1810	2357	1241	2216	9263	7013	7501	5032	
DHL	-34200	-34200	4	10	3	10	30	20	12	0	22	9804662	1810	2357	1241	2216	9263	7013	7501	5032	
DHL	-34400	-34400	5	9	1	10	31	17	10	0	19	9775509	1810	2357	1241	2216	9263	7013	7501	5032	
DHL	-34600	-34600	7	9	1	11	25	17	10	0	21	9747403	1810	2357	1241	2216	9263	7013	7501	5032	
DHL	-34800	-34800	8	10	2	11	24	18	10	0	20	9718635	1810	2357	1241	2216	9263	7013	7501	5032	
DHL	-35000	-35000	9	10	2	9	23	19	12	0	18	9689061	1810	2357	1241	2216	9263	7013	7501	5032	
DHL	-35200	-35200	10	10	2	8	22	18	13	0	19	9658884	1810	2357	1241	2216	9263	7013	7501	5032	
DHL	-35400	-35400	10	8	2	11	22	16	15	0	20	9627260	1810	2357	1241	2216	9263	7013	7501	5032	
DHL	-35600	-35600	8	7	1	10	22	19	17	0	22	9595076	1810	2357	1241	2216	9263	7013	7501	5032	
DHL	-35800	-35800	8	6	1	8	19	23	18	0	20	9564748	1810	2357	1241	2216	9263	7013	7501	5032	
DHL	-36000	-36000	6	4	1	7	23	23	17	0	19	9532510	1810	2357	1241	2216	9263	7013	7501	5032	
DHL	-36200	-36200	6	4	1	6	25	21	15	0	16	9500871	1810	2357	1241	2216	9263	7013	7501	5032	
DHL	-36400	-36400	6	3	3	6	28	21	17	0	16	9470252	1810	2357	1241	2216	9263	7013	7501	5032	
DHL	-36600	-36600	6	4	3	5	24	19	18	0	18	9440910	1810	2357	1241	2216	9263	7013	7501	5032	
DHL	-36800	-36800	5	7	3	4	17	17	16	0	19	9412101	1810	2357	1241	2216	9263	7013	7501	5032	
DHL	-37000	-37000	4	7	2	4	17	19	15	0	17	9382753	1810	2357	1241	2216	9263	7013	7501	5032	
DHL	-37200	-37200	3	7	4	11	19	15	16	0	17	9355445	1810	2357	1241	2216	9263	7013	7501	5032	
DHL	-37400	-37400	6	9	4	11	18	15	17	0	16	9328465	1810	2357	1241	2216	9263	7013	7501	5032	
DHL	-37600	-37600	6	10	5	12	18	19	15	0	14	9301436	1810	2357	1241	2216	9263	7013	7501	5032	
DHL	-37800	-37800	6	12	4	12	18	18	9	0	13	9274204	1810	2357	1241	2216	9263	7013	7501	5032	
DHL	-38000	-38000	4	11	4	11	16	20	10	0	16	9245955	1810	2357	1241	2216	9263	7013	7501	5032	
DHL	-38200	-38200	7	11	5	12	19	19	13	0	16	9220324	1810	2357	1241	2216	9263	7013	7501	5032	
DHL	-38400	-38400	7	11	6	12	17	20	16	0	15	9196317	1810	2357	1241	2216	9263	7013	7501	5032	
DHL	-38600	-38600	6	11	6	11	19	20	19	0	16	9170915	1810	2357	1241	2216	9263	7013	7501	5032	
DHL	-38800	-38800	6	6	4	8	19	17	20	0	16	9144385	1810	2357	1241	2216	9263	7013	7501	5032	
DHL	-39000	-39000	5	10	4	10	20	23	18	0	14	9116899	1810	2357	1241	2216	9263	7013	7501	5032	
DHL	-39200	-39200	6	12	4	8	19	20	18	0	9	9090197	1810	2357	1241	2216	9263	7013	7501	5032	
DHL	-39400	-39400	5	12	4	8	20	20	20	0	10	9064555	1810	2357	1241	2216	9263	7013	7501	5032	
DHL	-39600	-39600	6	12	4	9	17	21	22	0	13	9039285	1810	2357	1241	2216	9263	7013	7501	5032	
DHL	-39800	-39800	5	14	2	6	18	18	22	0	13	9013652	1810	2357	1241	2216	9263	7013	7501	5032	
DHL	-40000	-40000	5	16	2	7	19	17	23	0	14	8988441	1810	2357	1241	2216	9263	7013	7501	5032	
DHL	-40200	-40200	5	16	2	7	18	16	23	0	14	8963767	1810	2357	1241	2216	9263	7013	7501	5032	
DHL	-40400	-40400	5	14	2	6	15	18	23	0	14	8938560	1810	2357	1241	2216	9263	7013	7501	5032	
DHL	-40600	-40600	5	13	2	5	16	14	26	0	16	8913532	1810	2357	1241	2216	9263	7013	7501	5032	
DHL	-40800	-40800	6	11	1	5	14	14	27	0	16	8889811	1810	2357	1241	2216	9263	7013	7501	5032	
DHL	-41000	-41000	6	9	2	4	13	14	28	0	12	8866491	1810	2357	1241	2216	9263	7013	7501	5032	
DHL	-41200	-41200	7	9	1	4	14	13	25	0	13	8843203	1810	2357	1241	2216	9263	7013	7501	5032	
DHL	-41400	-41400	6	10	2	3	17	14	28	0	14	8821367	1810	2357	1241	2216	9263	7013	7501	5032	
DHL	-41600	-41600	5	12	2	3	17	17	30	0	12	8799041	1810	2357	1241	2216	9263	7013	7501	5032	
DHL	-41800	-41800	6	11	3	4	17	15	29	0	11	8776771	1810	2357	1241	2216	9263	7013	7501	5032	
DHL	-42000	-42000	4	10	3	4	17	14	27	0	10	8754491	1810	2357	1241	2216	9263	7013	7501	5032	
DHL	-42200	-42200	3	8	3	5	18	14	24	0	12	8732340	1810	2357	1241	2216	9263	7013	7501	5032	
DHL	-42400	-42400	3	10	3	4	22	13	22	0	12	8710199	1810	2357	1241	2216	9263	7013	7501	5032	
DHL	-42600	-42600	3	9	2	7	23	13	19	0	12	8688203	1810	2357	1241	2216	9263	7013	7501	5032	
DHL	-42800	-42800	4	6	1	5	26	10	19	0	11	8666141	1810	2357	1241	2216	9263	7013	7501	5032	
DHL	-43000	-43000	3	5	1	7	26	12	15	0	11	8644790	1810	2357	1241	2216	9263	7013	7501	5032	
DHL	-43200	-43200	2	3	1	10	26	12	18	0	11	8623216	1810	2357	1241	2216	9263	7013	7501	5032	
DHL	-43400	-43400	3	1	1	14	27	11	17	0	9	8602512	1810	2357	1241	2216	9263	7013	7501	5032	
DHL	-43600	-43600	4	2	0	10	25	9	14	0	10	8582805	1810	2357	1241	2216	9263	7013	7501	5032	
DHL	-43800	-43800	5	2	0	10	24	9	16	0	10	8561690	1810	2357	1241	2216	9263	7013	7501	5032	
DHL	-44000	-44000	5	2	1	9	21	14	16	0	9	8539049	1810	2357	1241	2216	9263	7013	7501	5032	
DHL	-44200	-44200	5	2	1	9	19	14	18	0	10	8514569	1810	2357	1241	2216	9263	7013	7501	5032	
DHL	-44400	-44400	3	2	1	8	20	14	18	0	10	8491214	1810	2357	1241	2216	9263	7013	7501	5032	
DHL	-44600	-44600	2	2	1	8	20	13	17	0	10	8468313	1810	2357	1241	2216	9263	7013	7501	5032	
DHL	-44800	-44800	3	3	1	7	20	19	17	0	10	8446338	1810	2357	1241	2216	9263	7013	7501	5032	
DHL	-45000	-45000	4	3	2	10	23	19	17	0	7	8425630	1810	2357	1241	2216	9263	7013	7501	5032	
DHL	-45200	-45200	5	3	2	9	20	18	18	0	10	8405658	1810	2357	1241	2216	9263	7013	7501	5032	
DHL	-45400	-45400	6	7	2	10	19	18	19	0	14	8386884	1810	2357	1241	2216	9263	7013	7501	5032	
DHL	-45600	-45600	6	9	3	9	18	17	20	0	15	8367364	1810	2357	1241	2216	9263	7013	7501	5032	
DHL	-45800	-45800	4	6	4	8	20	20	16	0	17	8348724	1810	2357	1241	2216	9263	7013	7501	5032	
DHL	-46000	-46000	4	5	2	9	23	27	16	0	18	8329349	1810	2357	1241	2216	9263	7013	7501	5032	
DHL	-46200	-46200	4	7	3	10	19	23	15	0	18	8310239	1810	2357	1241	2216	9263	7013	7501	5032	
DHL	-46400	-46400	5	9	3	9	20	21	16	0	21	8290924	1810	2357	1241	2216	9263	7013	7501	5032	
DHL	-46600	-46600	6	9	4	8	20	24	15	0	19	8273463	1810	2357	1241	2216	9263	7013	7501	5032	
DHL	-46800	-46800	7	6	3	7	18	22	15	0	19	8256756	1810	2357	1241	2216	9263	7013	7501	5032	
DHL	-47000	-47000	9	8	3	7	20	23	17	0	16	8238581	1810	2357	1241	2216	9263	7013	7501	5032	
DHL	-47200	-47200	9	7	3	11	23	21	14	0	13	8221501	1810	2357	1241	2216	9263	7013	7501	5032	
DHL	-47400	-47400	9	6	4	10	21	20	14	0	14	8203978	1810	2357	1241	2216	9263	7013	7501	5032	
DHL	-47600	-47600	5	4	3	8	21	22	12	0	12	8185230	1810	2357	1241	2216	9263	7013	7501	5032	
DHL	-47800	-47800	4	6	3	5	20	27	14	0	10	8166720	1810	2357	1241	2216	9263	7013	7501	5032	
DHL	-48000	-48000	4	6	1	4	23	31	12	0	13	8147437	1810	2357	1241	2216	9263	7013	7501	5032	
DHL	-48200	-48200	4	8	1	3	26	27	10	0	17	8128763	1810	2357	1241	2216	9263	7013	7501	5032	
DHL	-48400	-48400	4	7	2	2	29	26	12	0	14	8110008	1810	2357	1241	2216	9263	7013	7501	5032	
DHL	-48600	-48600	6	6	1	7	29	21	16	0	12	8092661	1810	2357	1241	2216	9263	7013	7501	5032	
DHL	-48800	-48800	5	7	0	7	27	20	16	0	11	8075833	1810	2357	1241	2216	9263	7013	7501	5032	
DHL	-49000	-49000	5	6	0	8	27	18	18	0	11	8059692	1810	2357	1241	2216	9263	7013	7501	5032	
DHL	-49200	-49200	4	6	0	6	25	13	17	0	13	8043284	1810	2357	1241	2216	9263	7013	7501	5032	
DHL	-49400	-49400	5	4	0	5	26	10	18	0	10	8026804	1810	2357	1241	2216	9263	7013	7501	5032	
DHL	-49600	-49600	4	3	0	4	22	12	20	0	10	8010809	1810	2357	1241	2216	9263	7013	7501	5032	
DHL	-49800	-49800	2	3	1	5	22	14	19	0	12	7994999	1810	2357	1241	2216	9263	7013	7501	5032	
DHL	-50000	-50000	3	3	1	5	25	14	16	0	8	7978955	1810	2357	1241	2216	9263	7013	7501	5032	
DHL	-50200	-50200	4	0	1	6	26	15	19	0	9	7962917	1810	2357	1241	2216	9263	7013	7501	5032	
DHL	-50400	-50400	5	1	2	5	25	16	17	0	10	7947422	1810	2357	1241	2216	9263	7013	7501	5032	
DHL	-50600	-50600	5	1	2	6	24	16	16	0	9	7931641	1810	2357	1241	2216	9263	7013	7501	5032	
DHL	-50800	-50800	5	1	2	6	25	18	12	0	8	7915281	1810	2357	1241	2216	9263	7013	7501	5032	
DHL	-51000	-51000	3	1	2	6	23	17	16	0	8	7897622	1810	2357	1241	2216	9263	7013	7501	5032	
DHL	-51200	-51200	2	1	2	9	21	16	17	0	8	7880057	1810	2357	1241	2216	9263	7013	7501	5032	
DHL	-51400	-51400	2	3	2	11	20	15	16	0	10	7863535	1810	2357	1241	2216	9263	7013	7501	5032	
DHL	-51600	-51600	1	3	2	11	17	14	15	0	12	7846338	1810	2357	1241	2216	9263	7013	7501	5032	
DHL	-51800	-51800	1	4	2	10	12	15	18	0	10	7828184	1810	2357	1241	2216	9263	7013	7501	5032	
DHL	-52000	-52000	1	5	1	8	14	18	17	0	12	7811257	1810	2357	1241	2216	9263	7013	7501	5032	
DHL	-52200	-52200	1	5	2	7	16	20	22	0	15	7794074	1810	2357	1241	2216	9263	7013	7501	5032	
DHL	-52400	-52400	1	4	4	6	20	22	22	0	14	7776298	1810	2357	1241	2216	9263	7013	7501	5032	
DHL	-52600	-52600	1	4	4	8	20	22	22	0	11	7757877	1810	2357	1241	2216	9263	7013	7501	5032	
DHL	-52800	-52800	2	4	4	7	22	19	23	0	10	7739957	1810	2357	1241	2216	9263	7013	7501	5032	
DHL	-53000	-53000	4	3	4	9	24	18	23	0	10	7722365	1810	2357	1241	2216	9263	7013	7501	5032	
DHL	-53200	-53200	4	2	5	9	22	14	23	0	9	7705278	1810	2357	1241	2216	9263	7013	7501	5032	
DHL	-53400	-53400	3	2	6	9	21	12	22	0	8	7689314	1810	2357	1241	2216	9263	7013	7501	5032	
DHL	-53600	-53600	1	2	6	7	21	14	15	0	7	7673138	1810	2357	1241	2216	9263	7013	7501	5032	
DHL	-53800	-53800	2	3	6	8	18	13	14	0	8	7656898	1810	2357	1241	2216	9263	7013	7501	5032	
DHL	-54000	-54000	2	4	6	8	23	16	11	0	8	7640401	1810	2357	1241	2216	9263	7013	7501	5032	
DHL	-54200	-54200	2	6	7	8	19	16	13	0	9	7624209	1810	2357	1241	2216	9263	7013	7501	5032	
DHL	-54400	-54400	4	4	6	9	20	19	15	0	12	7607861	1810	2357	1241	2216	9263	7013	7501	5032	
DHL	-54600	-54600	6	6	5	10	21	18	15	0	15	7590359	1810	2357	1241	2216	9263	7013	7501	5032	
DHL	-54800	-54800	6	6	4	10	18	17	18	0	17	7573338	1810	2357	1241	2216	9263	7013	7501	5032	
DHL	-55000	-55000	6	5	5	11	20	19	18	0	18	7555469	1810	2357	1241	2216	9263	7013	7501	5032	
DHL	-55200	-55200	8	7	4	8	17	17	16	0	20	7536964	1810	2357	1241	2216	9263	7013	7501	5032	
DHL	-55400	-55400	9	8	5	9	16	18	19	0	15	7519106	1810	2357	1241	2216	9263	7013	7501	5032	
DHL	-55600	-55600	7	7	4	7	14	19	19	0	14	7502446	1810	2357	1241	2216	9263	7013	7501	5032	
DHL	-55800	-55800	8	6	3	6	15	14	13	0	12	7485850	1810	2357	1241	2216	9263	7013	7501	5032	
DHL	-56000	-56000	5	5	3	6	16	10	15	0	12	7470804	1810	2357	1241	2216	9263	7013	7501	5032	
DHL	-56200	-56200	3	5	2	6	16	12	12	0	14	7456487	1810	2357	1241	2216	9263	7013	7501	5032	
DHL	-56400	-56400	5	4	2	6	17	10	10	0	11	7442125	1810	2357	1241	2216	9263	7013	7501	5032	
DHL	-56600	-56600	4	3	2	6	18	13	8	0	14	7427219	1810	2357	1241	2216	9263	7013	7501	5032	
DHL	-56800	-56800	4	4	0	5	16	12	11	0	16	7411283	1810	2357	1241	2216	9263	7013	7501	5032	
DHL	-57000	-57000	6	3	0	7	19	10	12	0	12	7395950	1810	2357	1241	2216	9263	7013	7501	5032	
DHL	-57200	-57200	5	2	2	7	16	11	15	0	12	7380511	1810	2357	1241	2216	9263	7013	7501	5032	
DHL	-57400	-57400	3	1	1	5	15	11	15	0	10	7365613	1810	2357	1241	2216	9263	7013	7501	5032	
DHL	-57600	-57600	4	2	2	6	16	15	15	0	10	7350251	1810	2357	1241	2216	9263	7013	7501	5032	
DHL	-57800	-57800	3	3	3	6	17	14	14	0	11	7334213	1810	2357	1241	2216	9263	7013	7501	5032	
DHL	-58000	-58000	4	3	3	5	15	23	11	0	11	7317853	1810	2357	1241	2216	9263	7013	7501	5032	
DHL	-58200	-58200	5	4	1	3	14	22	11	0	11	7301947	1810	2357	1241	2216	9263	7013	7501	5032	
DHL	-58400	-58400	6	3	0	2	17	22	14	0	12	7286742	1810	2357	1241	2216	9263	7013	7501	5032	
DHL	-58600	-58600	6	5	0	3	21	20	15	0	12	7271423	1810	2357	1241	2216	9263	7013	7501	5032	
DHL	-58800	-58800	6	6	1	3	21	22	16	0	9	7255974	1810	2357	1241	2216	9263	7013	7501	5032	
DHL	-59000	-59000	6	7	1	4	21	19	16	0	10	7240293	1810	2357	1241	2216	9263	7013	7501	5032	
DHL	-59200	-59200	6	5	2	5	22	16	14	0	12	7224916	1810	2357	1241	2216	9263	7013	7501	5032	
DHL	-59400	-59400	7	6	2	5	22	16	17	0	9	7208846	1810	2357	1241	2216	9263	7013	7501	5032	
DHL	-59600	-59600	8	6	2	5	16	18	16	0	6	7194240	1810	2357	1241	2216	9263	7013	7501	5032	
DHL	-59800	-59800	8	5	2	3	15	17	14	0	7	7179259	1810	2357	1241	2216	9263	7013	7501	5032	
DHL	-60000	-60000	9	5	2	2	18	22	14	0	7	7165236	1810	2357	1241	2216	9263	7013	7501	5032	
DHL	-60200	-60200	10	5	2	0	17	22	12	0	9	7150881	1810	2357	1241	2216	9263	7013	7501	5032	
DHL	-60400	-60400	9	5	1	0	17	21	12	0	13	7135335	1810	2357	1241	2216	9263	7013	7501	5032	
DHL	-60600	-60600	5	4	1	1	17	21	13	0	13	7121061	1810	2357	1241	2216	9263	7013	7501	5032	
DHL	-60800	-60800	5	4	1	1	18	23	13	0	15	7107311	1810	2357	1241	2216	9263	7013	7501	5032	
DHL	-61000	-61000	6	3	2	1	17	19	10	0	13	7094406	1810	2357	1241	2216	9263	7013	7501	5032	
DHL	-61200	-61200	6	1	2	1	18	17	11	0	11	7081787	1810	2357	1241	2216	9263	7013	7501	5032	
DHL	-61400	-61400	6	2	3	1	20	13	9	0	9	7068875	1810	2357	1241	2216	9263	7013	7501	5032	
DHL	-61600	-61600	6	2	3	4	20	13	10	0	11	7055267	1810	2357	1241	2216	9263	7013	7501	5032	
DHL	-61800	-61800	5	1	3	4	24	13	13	0	8	7042674	1810	2357	1241	2216	9263	7013	7501	5032	
DHL	-62000	-62000	4	0	3	4	18	16	13	0	11	7029350	1810	2357	1241	2216	9263	7013	7501	5032	
DHL	-62200	-62200	5	1	1	6	21	20	14	0	11	7015100	1810	2357	1241	2216	9263	7013	7501	5032	
DHL	-62400	-62400	5	1	1	5	21	20	14	0	12	7000875	1810	2357	1241	2216	9263	7013	7501	5032	
DHL	-62600	-62600	4	2	0	5	20	19	16	0	13	6986690	1810	2357	1241	2216	9263	7013	7501	5032	
DHL	-62800	-62800	4	4	0	5	16	21	19	0	14	6973355	1810	2357	1241	2216	9263	7013	7501	5032	
DHL	-63000	-63000	4	6	0	4	16	19	20	0	10	6960546	1810	2357	1241	2216	9263	7013	7501	5032	
DHL	-63200	-63200	3	5	0	4	14	18	17	0	11	6947068	1810	2357	1241	2216	9263	7013	7501	5032	
DHL	-63400	-63400	4	10	0	5	14	17	15	0	11	6933209	1810	2357	1241	2216	9263	7013	7501	5032	
DHL	-63600	-63600	4	11	0	6	14	20	18	0	7	6919966	1810	2357	1241	2216	9263	7013	7501	5032	
DHL	-63800	-63800	4	4	1	6	12	25	13	0	6	6906197	1810	2357	1241	2216	9263	7013	7501	5032	
DHL	-64000	-64000	3	4	0	4	18	19	10	0	6	6892357	1810	2357	1241	2216	9263	7013	7501	5032	
DHL	-64200	-64200	3	2	1	4	18	15	11	0	6	6878394	1810	2357	1241	2216	9263	7013	7501	5032	
DHL	-64400	-64400	4	3	1	4	19	13	12	0	5	6863600	1810	2357	1241	2216	9263	7013	7501	5032	
DHL	-64600	-64600	4	3	1	4	20	13	7	0	5	6850049	1810	2357	1241	2216	9263	7013	7501	5032	
DHL	-64800	-64800	4	3	1	5	16	12	7	0	4	6836143	1810	2357	1241	2216	9263	7013	7501	5032	
DHL	-65000	-65000	4	5	2	6	17	11	10	0	5	6824026	1810	2357	1241	2216	9263	7013	7501	5032	
DHL	-65200	-65200	5	5	2	4	16	10	11	0	6	6811647	1810	2357	1241	2216	9263	7013	7501	5032	
DHL	-65400	-65400	4	4	2	3	16	10	12	0	8	6798703	1810	2357	1241	2216	9263	7013	7501	5032	
DHL	-65600	-65600	4	3	2	2	16	9	14	0	6	6785751	1810	2357	1241	2216	9263	7013	7501	5032	
DHL	-65800	-65800	3	4	3	3	13	9	14	0	5	6773139	1810	2357	1241	2216	9263	7013	7501	5032	
DHL	-66000	-66000	4	3	2	2	13	8	14	0	6	6761772	1810	2357	1241	2216	9263	7013	7501	5032	
DHL	-66200	-66200	5	3	3	2	14	10	15	0	7	6750931	1810	2357	1241	2216	9263	7013	7501	5032	
DHL	-66400	-66400	6	3	3	3	13	10	15	0	7	6740389	1810	2357	1241	2216	9263	7013	7501	5032	
DHL	-66600	-66600	4	3	3	3	17	13	13	0	13	6729311	1810	2357	1241	2216	9263	7013	7501	5032	
DHL	-66800	-66800	4	5	3	3	17	13	10	0	16	6717607	1810	2357	1241	2216	9263	7013	7501	5032	
DHL	-67000	-67000	4	5	2	4	16	14	9	0	15	6705267	1810	2357	1241	2216	9263	7013	7501	5032	
DHL	-67200	-67200	4	2	2	3	16	12	14	0	10	6694051	1810	2357	1241	2216	9263	7013	7501	5032	
DHL	-67400	-67400	3	1	3	4	16	14	12	0	10	6683375	1810	2357	1241	2216	9263	7013	7501	5032	
DHL	-67600	-67600	3	0	4	4	16	13	14	0	12	6672769	1810	2357	1241	2216	9263	7013	7501	5032	
DHL	-67800	-67800	2	0	4	4	16	14	16	0	12	6661097	1810	2357	1241	2216	9263	7013	7501	5032	
DHL	-68000	-68000	3	0	3	3	16	13	14	0	10	6649367	1810	2357	1241	2216	9263	7013	7501	5032	
DHL	-68200	-68200	2	2	3	3	14	11	14	0	9	6637920	1810	2357	1241	2216	9263	7013	7501	5032	
DHL	-68400	-68400	3	3	3	3	14	14	7	0	8	6627238	1810	2357	1241	2216	9263	7013	7501	5032	
DHL	-68600	-68600	3	3	2	3	15	15	8	0	12	6616744	1810	2357	1241	2216	9263	7013	7501	5032	
DHL	-68800	-68800	5	3	2	5	15	18	11	0	11	6606122	1810	2357	1241	2216	9263	7013	7501	5032	
DHL	-69000	-69000	5	3	2	4	16	20	14	0	11	6596194	1810	2357	1241	2216	9263	7013	7501	5032	
DHL	-69200	-69200	5	4	3	5	14	20	14	0	10	6586850	1810	2357	1241	2216	9263	7013	7501	5032	
DHL	-69400	-69400	5	5	1	6	13	21	16	0	11	6578374	1810	2357	1241	2216	9263	7013	7501	5032	
DHL	-69600	-69600	5	5	1	7	17	19	14	0	11	6571280	1810	2357	1241	2216	9263	7013	7501	5032	
DHL	-69800	-69800	5	6	2	5	17	17	13	0	10	6564652	1810	2357	1241	2216	9263	7013	7501	5032	
DHL	-70000	-70000	5	7	2	3	17	19	15	0	11	6557261	1810	2357	1241	2216	9263	7013	7501	5032	
DHL	-70200	-70200	5	8	2	3	18	15	12	0	12	6550146	1810	2357	1241	2216	9263	7013	7501	5032	
DHL	-70400	-70400	5	8	1	4	18	17	10	0	13	6543213	1810	2357	1241	2216	9263	7013	7501	5032	
DHL	-70600	-70600	4	8	1	4	18	17	11	0	13	6536328	1810	2357	1241	2216	9263	7013	7501	5032	
DHL	-70800	-70800	5	9	1	5	20	15	13	0	12	6529195	1810	2357	1241	2216	9263	7013	7501	5032	
DHL	-71000	-71000	4	8	2	6	22	17	12	0	13	6520958	1810	2357	1241	2216	9263	7013	7501	5032	
DHL	-71200	-71200	4	7	3	6	22	18	13	0	14	6511214	1810	2357	1241	2216	9263	7013	7501	5032	
DHL	-71400	-71400	3	5	3	5	25	17	11	0	12	6501216	1810	2357	1241	2216	9263	7013	7501	5032	
DHL	-71600	-71600	4	6	3	3	27	17	11	0	11	6491165	1810	2357	1241	2216	9263	7013	7501	5032	
DHL	-71800	-71800	4	6	3	3	26	17	7	0	9	6480821	1810	2357	1241	2216	9263	7013	7501	5032	
DHL	-72000	-72000	3	5	3	3	23	15	4	0	8	6470484	1810	2357	1241	2216	9263	7013	7501	5032	
DHL	-72200	-72200	3	4	2	2	16	16	6	0	10	6462263	1810	2357	1241	2216	9263	7013	7501	5032	
DHL	-72400	-72400	3	3	2	0	15	10	9	0	10	6454983	1810	2357	1241	2216	9263	7013	7501	5032	
DHL	-72600	-72600	3	3	3	1	17	12	12	0	10	6447469	1810	2357	1241	2216	9263	7013	7501	5032	
DHL	-72800	-72800	3	3	3	0	13	12	12	0	10	6439157	1810	2357	1241	2216	9263	7013	7501	5032	
DHL	-73000	-73000	3	4	3	0	15	9	13	0	9	6431640	1810	2357	1241	2216	9263	7013	7501	5032	
DHL	-73200	-73200	3	5	2	0	13	9	15	0	8	6425264	1810	2357	1241	2216	9263	7013	7501	5032	
DHL	-73400	-73400	5	5	2	0	11	8	12	0	8	6418625	1810	2357	1241	2216	9263	7013	7501	5032	
DHL	-73600	-73600	5	6	1	0	11	8	13	0	8	6411422	1810	2357	1241	2216	9263	7013	7501	5032	
DHL	-73800	-73800	7	6	2	0	9	7	16	0	8	6403729	1810	2357	1241	2216	9263	7013	7501	5032	
DHL	-74000	-74000	7	6	2	0	13	7	17	0	8	6395698	1810	2357	1241	2216	9263	7013	7501	5032	
DHL	-74200	-74200	7	6	2	1	16	10	15	0	8	6387567	1810	2357	1241	2216	9263	7013	7501	5032	
DHL	-74400	-74400	8	5	4	1	19	12	15	0	7	6379576	1810	2357	1241	2216	9263	7013	7501	5032	
DHL	-74600	-74600	10	6	6	2	22	10	16	0	7	6371693	1810	2357	1241	2216	9263	7013	7501	5032	
DHL	-74800	-74800	8	5	5	2	21	11	18	0	10	6362604	1810	2357	1241	2216	9263	7013	7501	5032	
DHL	-75000	-75000	7	7	5	2	17	10	16	0	10	6352290	1810	2357	1241	2216	9263	7013	7501	5032	
DHL	-75200	-75200	5	7	5	2	21	10	16	0	12	6341158	1810	2357	1241	2216	9263	7013	7501	5032	
DHL	-75400	-75400	6	7	4	2	19	11	16	0	13	6331455	1810	2357	1241	2216	9263	7013	7501	5032	
DHL	-75600	-75600	5	8	4	1	16	8	12	0	12	6322345	1810	2357	1241	2216	9263	7013	7501	5032	
DHL	-75800	-75800	4	8	5	1	16	8	10	0	12	6312228	1810	2357	1241	2216	9263	7013	7501	5032	
DHL	-76000	-76000	3	5	4	1	15	11	10	0	12	6301826	1810	2357	1241	2216	9263	7013	7501	5032	
DHL	-76200	-76200	2	4	5	1	15	11	11	0	12	6291998	1810	2357	1241	2216	9263	7013	7501	5032	
DHL	-76400	-76400	2	4	5	2	16	9	13	0	12	6282216	1810	2357	1241	2216	9263	7013	7501	5032	
DHL	-76600	-76600	2	6	5	2	14	9	12	0	10	6273104	1810	2357	1241	2216	9263	7013	7501	5032	
DHL	-76800	-76800	1	7	4	2	14	10	14	0	11	6264732	1810	2357	1241	2216	9263	7013	7501	5032	
DHL	-77000	-77000	1	7	4	2	15	8	17	0	12	6257033	1810	2357	1241	2216	9263	7013	7501	5032	
DHL	-77200	-77200	1	8	4	1	16	8	17	0	10	6248770	1810	2357	1241	2216	9263	7013	7501	5032	
DHL	-77400	-77400	2	8	2	3	19	9	15	0	11	6239519	1810	2357	1241	2216	9263	7013	7501	5032	
DHL	-77600	-77600	2	8	3	3	21	8	16	0	10	6230179	1810	2357	1241	2216	9263	7013	7501	5032	
DHL	-77800	-77800	4	9	4	4	24	8	21	0	11	6220762	1810	2357	1241	2216	9263	7013	7501	5032	
DHL	-78000	-78000	4	5	5	3	23	12	22	0	12	6210194	1810	2357	1241	2216	9263	7013	7501	5032	
DHL	-78200	-78200	4	4	4	5	22	8	24	0	11	6199815	1810	2357	1241	2216	9263	7013	7501	5032	
DHL	-78400	-78400	4	4	4	4	23	8	19	0	8	6189731	1810	2357	1241	2216	9263	7013	7501	5032	
DHL	-78600	-78600	4	3	4	5	22	8	19	0	9	6179697	1810	2357	1241	2216	9263	7013	7501	5032	
DHL	-78800	-78800	4	3	6	6	23	10	17	0	10	6170468	1810	2357	1241	2216	9263	7013	7501	5032	
DHL	-79000	-79000	5	2	6	5	23	9	17	0	9	6160262	1810	2357	1241	2216	9263	7013	7501	5032	
DHL	-79200	-79200	3	2	6	3	22	12	14	0	6	6149938	1810	2357	1241	2216	9263	7013	7501	5032	
DHL	-79400	-79400	3	3	6	2	20	12	18	0	8	6139946	1810	2357	1241	2216	9263	7013	7501	5032	
DHL	-79600	-79600	3	2	6	2	18	11	19	0	9	6130446	1810	2357	1241	2216	9263	7013	7501	5032	
DHL	-79800	-79800	3	3	4	4	17	13	22	0	12	6120504	1810	2357	1241	2216	9263	7013	7501	5032	
DHL	-80000	-80000	2	4	7	3	15	13	25	0	12	6109385	1810	2357	1241	2216	9263	7013	7501	5032	
DHL	-80200	-80200	1	4	7	4	16	13	19	0	11	6098197	1810	2357	1241	2216	9263	7013	7501	5032	
DHL	-80400	-80400	0	4	7	4	18	14	18	0	14	6088203	1810	2357	1241	2216	9263	7013	7501	5032	
DHL	-80600	-80600	1	2	7	4	18	19	16	0	15	6078940	1810	2357	1241	2216	9263	7013	7501	5032	
DHL	-80800	-80800	0	3	8	6	15	17	13	0	15	6070661	1810	2357	1241	2216	9263	7013	7501	5032	
DHL	-81000	-81000	1	3	8	4	18	16	10	0	12	6062564	1810	2357	1241	2216	9263	7013	7501	5032	
DHL	-81200	-81200	1	2	8	4	20	16	14	0	12	6054763	1810	2357	1241	2216	9263	7013	7501	5032	
DHL	-81400	-81400	5	2	7	6	18	13	11	0	11	6046566	1810	2357	1241	2216	9263	7013	7501	5032	
DHL	-81600	-81600	4	2	8	7	20	10	14	0	10	6039111	1810	2357	1241	2216	9263	7013	7501	5032	
DHL	-81800	-81800	4	2	6	8	21	8	14	0	8	6031836	1810	2357	1241	2216	9263	7013	7501	5032	
DHL	-82000	-82000	5	3	5	8	24	8	16	0	8	6024447	1810	2357	1241	2216	9263	7013	7501	5032	
DHL	-82200	-82200	2	4	3	8	24	10	15	0	9	6015865	1810	2357	1241	2216	9263	7013	7501	5032	
DHL	-82400	-82400	3	4	2	10	21	12	14	0	9	6006792	1810	2357	1241	2216	9263	7013	7501	5032	
DHL	-82600	-82600	3	4	5	8	21	12	16	0	7	5997763	1810	2357	1241	2216	9263	7013	7501	5032	
DHL	-82800	-82800	3	4	6	8	20	15	15	0	7	5988215	1810	2357	1241	2216	9263	7013	7501	5032	
DHL	-83000	-83000	1	4	5	6	18	14	17	0	7	5978842	1810	2357	1241	2216	9263	7013	7501	5032	
DHL	-83200	-83200	1	3	5	3	15	14	18	0	7	5970365	1810	2357	1241	2216	9263	7013	7501	5032	
DHL	-83400	-83400	1	3	5	3	13	13	16	0	8	5962188	1810	2357	1241	2216	9263	7013	7501	5032	
DHL	-83600	-83600	0	4	6	2	11	15	18	0	8	5953726	1810	2357	1241	2216	9263	7013	7501	5032	
DHL	-83800	-83800	1	3	6	2	17	14	13	0	8	5945477	1810	2357	1241	2216	9263	7013	7501	5032	
DHL	-84000	-84000	0	3	3	2	14	14	13	0	7	5935407	1810	2357	1241	2216	9263	7013	7501	5032	
DHL	-84200	-84200	1	3	7	2	16	12	15	0	8	5927416	1810	2357	1241	2216	9263	7013	7501	5032	
DHL	-84400	-84400	1	2	6	3	13	11	13	0	8	5919543	1810	2357	1241	2216	9263	7013	7501	5032	
DHL	-84600	-84600	1	2	5	2	13	14	17	0	9	5911767	1810	2357	1241	2216	9263	7013	7501	5032	
DHL	-84800	-84800	2	2	5	3	11	15	18	0	12	5903757	1810	2357	1241	2216	9263	7013	7501	5032	
DHL	-85000	-85000	2	3	4	3	9	15	15	0	11	5895041	1810	2357	1241	2216	9263	7013	7501	5032	
DHL	-85200	-85200	2	3	4	3	8	15	17	0	9	5886231	1810	2357	1241	2216	9263	7013	7501	5032	
DHL	-85400	-85400	3	3	3	3	9	13	15	0	7	5876405	1810	2357	1241	2216	9263	7013	7501	5032	
DHL	-85600	-85600	3	3	3	2	6	12	11	0	6	5865840	1810	2357	1241	2216	9263	7013	7501	5032	
DHL	-85800	-85800	3	4	3	2	6	15	9	0	9	5855535	1810	2357	1241	2216	9263	7013	7501	5032	
DHL	-86000	-86000	4	6	2	2	6	13	8	0	9	5844926	1810	2357	1241	2216	9263	7013	7501	5032	
DHL	-86200	-86200	4	5	3	2	7	15	11	0	11	5834624	1810	2357	1241	2216	9263	7013	7501	5032	
DHL	-86400	-86400	3	6	3	2	10	14	13	0	10	5824843	1810	2357	1241	2216	9263	7013	7501	5032	
DHL	-86600	-86600	3	6	2	2	11	15	15	0	10	5815401	1810	2357	1241	2216	9263	7013	7501	5032	
DHL	-86800	-86800	2	5	2	3	11	14	17	0	9	5806827	1810	2357	1241	2216	9263	7013	7501	5032	
DHL	-87000	-87000	1	5	2	2	10	14	16	0	10	5798825	1810	2357	1241	2216	9263	7013	7501	5032	
DHL	-87200	-87200	1	5	4	1	7	16	20	0	9	5790938	1810	2357	1241	2216	9263	7013	7501	5032	
DHL	-87400	-87400	1	7	3	2	10	17	19	0	6	5783490	1810	2357	1241	2216	9263	7013	7501	5032	
DHL	-87600	-87600	1	5	2	3	10	16	20	0	5	5775760	1810	2357	1241	2216	9263	7013	7501	5032	
DHL	-87800	-87800	0	6	1	3	14	12	21	0	5	5767175	1810	2357	1241	2216	9263	7013	7501	5032	
DHL	-88000	-88000	0	4	1	4	11	12	21	0	4	5758880	1810	2357	1241	2216	9263	7013	7501	5032	
DHL	-88200	-88200	0	4	1	5	12	12	19	0	5	5749926	1810	2357	1241	2216	9263	7013	7501	5032	
DHL	-88400	-88400	1	6	2	5	11	12	15	0	3	5741649	1810	2357	1241	2216	9263	7013	7501	5032	
DHL	-88600	-88600	1	6	1	5	8	12	14	0	3	5734390	1810	2357	1241	2216	9263	7013	7501	5032	
DHL	-88800	-88800	2	6	1	4	7	12	12	0	3	5727734	1810	2357	1241	2216	9263	7013	7501	5032	
DHL	-89000	-89000	3	8	1	3	7	14	10	0	3	5720898	1810	2357	1241	2216	9263	7013	7501	5032	
DHL	-89200	-89200	3	9	1	2	7	15	9	0	4	5713001	1810	2357	1241	2216	9263	7013	7501	5032	
DHL	-89400	-89400	1	9	1	2	8	15	8	0	2	5704642	1810	2357	1241	2216	9263	7013	7501	5032	
DHL	-89600	-89600	2	9	1	3	7	15	8	0	3	5695537	1810	2357	1241	2216	9263	7013	7501	5032	
DHL	-89800	-89800	2	8	1	4	11	15	8	0	4	5686936	1810	2357	1241	2216	9263	7013	7501	5032	
DHL	-90000	-90000	1	9	1	3	8	15	8	0	4	5678474	1810	2357	1241	2216	9263	7013	7501	5032	
DHL	-90200	-90200	1	10	1	5	7	10	9	0	7	5670076	1810	2357	1241	2216	9263	7013	7501	5032	
DHL	-90400	-90400	2	8	3	4	6	10	13	0	7	5661607	1810	2357	1241	2216	9263	7013	7501	5032	
DHL	-90600	-90600	1	7	3	5	8	8	14	0	6	5653434	1810	2357	1241	2216	9263	7013	7501	5032	
DHL	-90800	-90800	2	5	3	5	8	7	13	0	6	5645507	1810	2357	1241	2216	9263	7013	7501	5032	
DHL	-91000	-91000	2	5	3	5	7	8	13	0	5	5638171	1810	2357	1241	2216	9263	7013	7501	5032	
DHL	-91200	-91200	1	3	3	6	10	7	15	0	3	5631256	1810	2357	1241	2216	9263	7013	7501	5032	
DHL	-91400	-91400	2	2	3	8	8	5	18	0	5	5624673	1810	2357	1241	2216	9263	7013	7501	5032	
DHL	-91600	-91600	2	1	3	8	10	6	23	0	4	5617848	1810	2357	1241	2216	9263	7013	7501	5032	
DHL	-91800	-91800	2	1	3	8	11	7	24	0	5	5611682	1810	2357	1241	2216	9263	7013	7501	5032	
DHL	-92000	-92000	1	2	2	6	11	5	19	0	5	5605368	1810	2357	1241	2216	9263	7013	7501	5032	
DHL	-92200	-92200	3	3	2	6	11	5	13	0	4	5599938	1810	2357	1241	2216	9263	7013	7501	5032	
DHL	-92400	-92400	3	3	2	6	11	4	11	0	7	5594343	1810	2357	1241	2216	9263	7013	7501	5032	
DHL	-92600	-92600	2	3	2	5	12	4	9	0	9	5589096	1810	2357	1241	2216	9263	7013	7501	5032	
DHL	-92800	-92800	2	4	3	6	13	4	15	0	8	5583565	1810	2357	1241	2216	9263	7013	7501	5032	
DHL	-93000	-93000	2	3	3	6	10	5	13	0	8	5577118	1810	2357	1241	2216	9263	7013	7501	5032	
DHL	-93200	-93200	1	2	3	4	10	6	17	0	9	5570442	1810	2357	1241	2216	9263	7013	7501	5032	
DHL	-93400	-93400	1	2	3	4	12	8	15	0	8	5563651	1810	2357	1241	2216	9263	7013	7501	5032	
DHL	-93600	-93600	1	3	3	2	13	7	16	0	12	5557735	1810	2357	1241	2216	9263	7013	7501	5032	
DHL	-93800	-93800	2	3	3	2	9	9	15	0	9	5552603	1810	2357	1241	2216	9263	7013	7501	5032	
DHL	-94000	-94000	2	3	4	2	6	9	13	0	7	5547843	1810	2357	1241	2216	9263	7013	7501	5032	
DHL	-94200	-94200	2	4	4	2	6	9	15	0	6	5543268	1810	2357	1241	2216	9263	7013	7501	5032	
DHL	-94400	-94400	1	4	5	1	7	13	14	0	8	5539000	1810	2357	1241	2216	9263	7013	7501	5032	
DHL	-94600	-94600	1	5	4	2	5	12	15	0	7	5534438	1810	2357	1241	2216	9263	7013	7501	5032	
DHL	-94800	-94800	1	4	3	2	7	10	16	0	6	5529788	1810	2357	1241	2216	9263	7013	7501	5032	
DHL	-95000	-95000	3	3	2	1	7	9	16	0	5	5524200	1810	2357	1241	2216	9263	7013	7501	5032	
DHL	-95200	-95200	3	2	3	2	8	7	12	0	4	5518433	1810	2357	1241	2216	9263	7013	7501	5032	
DHL	-95400	-95400	2	3	2	2	8	8	13	0	5	5512217	1810	2357	1241	2216	9263	7013	7501	5032	
DHL	-95600	-95600	2	2	2	3	8	7	13	0	7	5505811	1810	2357	1241	2216	9263	7013	7501	5032	
DHL	-95800	-95800	2	1	2	4	12	8	12	0	8	5498674	1810	2357	1241	2216	9263	7013	7501	5032	
DHL	-96000	-96000	4	1	2	4	12	11	12	0	8	5491419	1810	2357	1241	2216	9263	7013	7501	5032	
DHL	-96200	-96200	3	1	2	4	13	11	12	0	10	5484328	1810	2357	1241	2216	9263	7013	7501	5032	
DHL	-96400	-96400	3	1	3	5	10	11	9	0	11	5476347	1810	2357	1241	2216	9263	7013	7501	5032	
DHL	-96600	-96600	2	1	3	6	11	10	7	0	10	5467945	1810	2357	1241	2216	9263	7013	7501	5032	
DHL	-96800	-96800	1	1	3	6	14	9	6	0	10	5459923	1810	2357	1241	2216	9263	7013	7501	5032	
DHL	-97000	-97000	1	1	3	6	16	10	9	0	9	5452395	1810	2357	1241	2216	9263	7013	7501	5032	
DHL	-97200	-97200	2	1	2	7	13	12	11	0	8	5444518	1810	2357	1241	2216	9263	7013	7501	5032	
DHL	-97400	-97400	1	1	2	6	13	13	16	0	8	5436917	1810	2357	1241	2216	9263	7013	7501	5032	
DHL	-97600	-97600	1	1	2	4	13	13	15	0	8	5428970	1810	2357	1241	2216	9263	7013	7501	5032	
DHL	-97800	-97800	3	1	1	4	12	12	13	0	7	5421672	1810	2357	1241	2216	9263	7013	7501	5032	
DHL	-98000	-98000	5	2	1	4	11	13	15	0	9	5414146	1810	2357	1241	2216	9263	7013	7501	5032	
DHL	-98200	-98200	5	2	1	4	12	13	16	0	11	5407345	1810	2357	1241	2216	9263	7013	7501	5032	
DHL	-98400	-98400	6	2	3	6	15	13	13	0	9	5400469	1810	2357	1241	2216	9263	7013	7501	5032	
DHL	-98600	-98600	5	2	3	7	14	15	12	0	6	5393181	1810	2357	1241	2216	9263	7013	7501	5032	
DHL	-98800	-98800	5	2	3	7	13	16	11	0	8	5386202	1810	2357	1241	2216	9263	7013	7501	5032	
DHL	-99000	-99000	5	3	4	6	12	14	8	0	7	5379657	1810	2357	1241	2216	9263	7013	7501	5032	
DHL	-99200	-99200	5	4	6	6	11	15	8	0	7	5373286	1810	2357	1241	2216	9263	7013	7501	5032	
DHL	-99400	-99400	5	4	5	7	9	12	8	0	6	5366700	1810	2357	1241	2216	9263	7013	7501	5032	
DHL	-99600	-99600	6	4	3	7	10	12	12	0	8	5359663	1810	2357	1241	2216	9263	7013	7501	5032	
DHL	-99800	-99800	6	5	4	6	8	12	12	0	10	5351576	1810	2357	1241	2216	9263	7013	7501	5032	
DHL	-100000	-100000	6	4	4	6	10	13	10	0	8	5342885	1810	2357	1241	2216	9263	7013	7501	5032	
