DHL	0	0	393	856	45	294	586	623	369	0	190	85018670	1810	2357	1241	2216	9263	7013	7501	5032	
DHL	200	200	386	855	46	289	586	621	363	0	190	84534641	1810	2357	1241	2216	9263	7013	7501	5032	
DHL	400	400	389	833	43	287	571	619	360	0	193	83165476	1810	2357	1241	2216	9263	7013	7501	5032	
DHL	600	600	384	815	41	275	548	623	348	0	186	81517091	1810	2357	1241	2216	9263	7013	7501	5032	
DHL	800	800	379	801	36	265	522	613	335	0	189	79819937	1810	2357	1241	2216	9263	7013	7501	5032	
DHL	1000	1000	370	779	37	248	524	600	323	0	180	78152565	1810	2357	1241	2216	9263	7013	7501	5032	
DHL	1200	1200	364	757	43	235	498	594	317	0	178	76527020	1810	2357	1241	2216	9263	7013	7501	5032	
DHL	1400	1400	350	730	38	232	491	575	310	0	167	74956339	1810	2357	1241	2216	9263	7013	7501	5032	
DHL	1600	1600	336	712	37	225	475	566	304	0	162	73451102	1810	2357	1241	2216	9263	7013	7501	5032	
DHL	1800	1800	336	688	35	217	457	558	297	0	158	72013952	1810	2357	1241	2216	9263	7013	7501	5032	
DHL	2000	2000	329	661	35	210	438	533	289	0	158	70632913	1810	2357	1241	2216	9263	7013	7501	5032	
DHL	2200	2200	316	637	36	203	423	516	290	0	144	69311967	1810	2357	1241	2216	9263	7013	7501	5032	
DHL	2400	2400	309	607	34	195	410	497	289	0	138	68041184	1810	2357	1241	2216	9263	7013	7501	5032	
DHL	2600	2600	305	592	35	195	408	483	292	0	138	66820823	1810	2357	1241	2216	9263	7013	7501	5032	
DHL	2800	2800	299	570	35	190	388	470	292	0	135	65640828	1810	2357	1241	2216	9263	7013	7501	5032	
DHL	3000	3000	295	549	36	188	377	455	282	0	138	64496325	1810	2357	1241	2216	9263	7013	7501	5032	
DHL	3200	3200	292	530	38	186	363	434	276	0	140	63392442	1810	2357	1241	2216	9263	7013	7501	5032	
DHL	3400	3400	284	513	37	184	355	429	276	0	137	62324386	1810	2357	1241	2216	9263	7013	7501	5032	
DHL	3600	3600	277	490	34	180	349	418	276	0	132	61291058	1810	2357	1241	2216	9263	7013	7501	5032	
DHL	3800	3800	261	471	33	172	322	411	271	0	128	60296709	1810	2357	1241	2216	9263	7013	7501	5032	
DHL	4000	4000	253	456	32	174	313	406	256	0	128	59345057	1810	2357	1241	2216	9263	7013	7501	5032	
DHL	4200	4200	244	439	27	170	299	395	248	0	123	58426689	1810	2357	1241	2216	9263	7013	7501	5032	
DHL	4400	4400	237	433	29	166	284	396	236	0	120	57537827	1810	2357	1241	2216	9263	7013	7501	5032	
DHL	4600	4600	230	424	27	165	272	384	227	0	119	56684533	1810	2357	1241	2216	9263	7013	7501	5032	
DHL	4800	4800	222	411	27	162	269	374	223	0	116	55860109	1810	2357	1241	2216	9263	7013	7501	5032	
DHL	5000	5000	222	405	26	159	261	364	216	0	118	55058983	1810	2357	1241	2216	9263	7013	7501	5032	
DHL	5200	5200	220	393	25	153	261	356	212	0	119	54273769	1810	2357	1241	2216	9263	7013	7501	5032	
DHL	5400	5400	218	387	23	149	255	353	217	0	120	53507798	1810	2357	1241	2216	9263	7013	7501	5032	
DHL	5600	5600	213	375	25	148	252	345	212	0	126	52760916	1810	2357	1241	2216	9263	7013	7501	5032	
DHL	5800	5800	208	368	22	145	247	334	205	0	120	52036368	1810	2357	1241	2216	9263	7013	7501	5032	
DHL	6000	6000	206	358	22	143	238	334	194	0	115	51325878	1810	2357	1241	2216	9263	7013	7501	5032	
DHL	6200	6200	206	351	24	143	237	335	188	0	113	50636502	1810	2357	1241	2216	9263	7013	7501	5032	
DHL	6400	6400	200	338	27	144	225	317	186	0	113	49969925	1810	2357	1241	2216	9263	7013	7501	5032	
DHL	6600	6600	199	330	27	144	221	307	183	0	113	49322143	1810	2357	1241	2216	9263	7013	7501	5032	
DHL	6800	6800	195	319	28	140	210	302	181	0	118	48696502	1810	2357	1241	2216	9263	7013	7501	5032	
DHL	7000	7000	184	311	26	129	213	293	181	0	118	48089776	1810	2357	1241	2216	9263	7013	7501	5032	
DHL	7200	7200	182	308	23	129	216	291	176	0	118	47499174	1810	2357	1241	2216	9263	7013	7501	5032	
DHL	7400	7400	183	304	20	123	202	283	176	0	114	46928387	1810	2357	1241	2216	9263	7013	7501	5032	
DHL	7600	7600	179	299	20	125	198	274	180	0	114	46374125	1810	2357	1241	2216	9263	7013	7501	5032	
DHL	7800	7800	175	302	16	123	198	263	174	0	113	45836229	1810	2357	1241	2216	9263	7013	7501	5032	
DHL	8000	8000	169	303	17	119	189	252	173	0	113	45310289	1810	2357	1241	2216	9263	7013	7501	5032	
DHL	8200	8200	169	297	16	121	183	256	166	0	113	44798800	1810	2357	1241	2216	9263	7013	7501	5032	
DHL	8400	8400	166	285	17	118	181	257	160	0	111	44297486	1810	2357	1241	2216	9263	7013	7501	5032	
DHL	8600	8600	160	280	16	120	177	255	153	0	107	43806001	1810	2357	1241	2216	9263	7013	7501	5032	
DHL	8800	8800	160	273	16	116	169	245	156	0	106	43326540	1810	2357	1241	2216	9263	7013	7501	5032	
DHL	9000	9000	155	265	16	111	167	247	153	0	105	42855692	1810	2357	1241	2216	9263	7013	7501	5032	
DHL	9200	9200	156	256	16	109	172	241	153	0	105	42395064	1810	2357	1241	2216	9263	7013	7501	5032	
DHL	9400	9400	150	250	17	105	175	242	150	0	105	41945763	1810	2357	1241	2216	9263	7013	7501	5032	
DHL	9600	9600	148	237	15	105	169	243	147	0	102	41507280	1810	2357	1241	2216	9263	7013	7501	5032	
DHL	9800	9800	145	218	10	100	166	228	147	0	101	41079324	1810	2357	1241	2216	9263	7013	7501	5032	
DHL	10000	10000	138	209	9	101	164	215	147	0	102	40658079	1810	2357	1241	2216	9263	7013	7501	5032	
DHL	10200	10200	140	209	10	100	156	211	145	0	100	40252832	1810	2357	1241	2216	9263	7013	7501	5032	
DHL	10400	10400	139	209	11	105	151	206	146	0	99	39858586	1810	2357	1241	2216	9263	7013	7501	5032	
DHL	10600	10600	138	206	11	100	149	202	148	0	98	39472050	1810	2357	1241	2216	9263	7013	7501	5032	
DHL	10800	10800	129	204	12	99	145	202	143	0	96	39095665	1810	2357	1241	2216	9263	7013	7501	5032	
DHL	11000	11000	126	206	8	98	136	191	142	0	89	38725604	1810	2357	1241	2216	9263	7013	7501	5032	
DHL	11200	11200	120	200	9	88	135	184	135	0	86	38362340	1810	2357	1241	2216	9263	7013	7501	5032	
DHL	11400	11400	112	187	9	84	128	176	131	0	82	38013895	1810	2357	1241	2216	9263	7013	7501	5032	
DHL	11600	11600	107	187	9	77	116	170	128	0	83	37676495	1810	2357	1241	2216	9263	7013	7501	5032	
DHL	11800	11800	105	181	10	74	111	168	134	0	83	37345972	1810	2357	1241	2216	9263	7013	7501	5032	
DHL	12000	12000	104	178	11	71	117	161	134	0	84	37019020	1810	2357	1241	2216	9263	7013	7501	5032	
DHL	12200	12200	100	177	10	68	118	168	126	0	89	36694460	1810	2357	1241	2216	9263	7013	7501	5032	
DHL	12400	12400	92	172	10	67	113	165	127	0	85	36376539	1810	2357	1241	2216	9263	7013	7501	5032	
DHL	12600	12600	91	171	11	67	107	161	129	0	83	36065191	1810	2357	1241	2216	9263	7013	7501	5032	
DHL	12800	12800	89	167	11	68	108	161	117	0	84	35759963	1810	2357	1241	2216	9263	7013	7501	5032	
DHL	13000	13000	83	166	10	68	105	144	112	0	82	35463035	1810	2357	1241	2216	9263	7013	7501	5032	
DHL	13200	13200	80	163	10	73	107	139	104	0	82	35172695	1810	2357	1241	2216	9263	7013	7501	5032	
DHL	13400	13400	73	157	10	69	102	126	95	0	80	34887564	1810	2357	1241	2216	9263	7013	7501	5032	
DHL	13600	13600	68	141	9	68	95	124	92	0	76	34607162	1810	2357	1241	2216	9263	7013	7501	5032	
DHL	13800	13800	66	136	8	70	91	115	95	0	76	34331096	1810	2357	1241	2216	9263	7013	7501	5032	
DHL	14000	14000	66	132	10	70	98	112	92	0	78	34061044	1810	2357	1241	2216	9263	7013	7501	5032	
DHL	14200	14200	65	125	7	70	105	104	87	0	73	33797277	1810	2357	1241	2216	9263	7013	7501	5032	
DHL	14400	14400	66	124	7	67	106	101	82	0	71	33538820	1810	2357	1241	2216	9263	7013	7501	5032	
DHL	14600	14600	63	120	8	67	106	97	83	0	69	33287911	1810	2357	1241	2216	9263	7013	7501	5032	
DHL	14800	14800	62	115	8	66	104	97	78	0	71	33041630	1810	2357	1241	2216	9263	7013	7501	5032	
DHL	15000	15000	64	117	8	60	107	94	71	0	76	32799211	1810	2357	1241	2216	9263	7013	7501	5032	
DHL	15200	15200	65	111	7	60	112	90	76	0	76	32560398	1810	2357	1241	2216	9263	7013	7501	5032	
DHL	15400	15400	63	107	7	58	108	92	78	0	74	32325306	1810	2357	1241	2216	9263	7013	7501	5032	
DHL	15600	15600	61	108	6	56	108	97	79	0	73	32092024	1810	2357	1241	2216	9263	7013	7501	5032	
DHL	15800	15800	58	106	6	57	112	95	78	0	67	31861197	1810	2357	1241	2216	9263	7013	7501	5032	
DHL	16000	16000	55	102	6	59	112	100	80	0	68	31630470	1810	2357	1241	2216	9263	7013	7501	5032	
DHL	16200	16200	53	101	8	57	106	102	83	0	66	31402933	1810	2357	1241	2216	9263	7013	7501	5032	
DHL	16400	16400	56	99	9	59	99	102	83	0	66	31184535	1810	2357	1241	2216	9263	7013	7501	5032	
DHL	16600	16600	56	96	12	60	99	101	86	0	66	30970979	1810	2357	1241	2216	9263	7013	7501	5032	
DHL	16800	16800	54	97	11	59	100	97	84	0	65	30761919	1810	2357	1241	2216	9263	7013	7501	5032	
DHL	17000	17000	55	98	11	58	97	98	87	0	66	30555462	1810	2357	1241	2216	9263	7013	7501	5032	
DHL	17200	17200	54	97	13	59	98	93	87	0	67	30349489	1810	2357	1241	2216	9263	7013	7501	5032	
DHL	17400	17400	52	96	12	51	99	90	81	0	64	30144155	1810	2357	1241	2216	9263	7013	7501	5032	
DHL	17600	17600	51	97	10	55	104	88	84	0	64	29943047	1810	2357	1241	2216	9263	7013	7501	5032	
DHL	17800	17800	49	99	10	56	104	83	78	0	66	29745733	1810	2357	1241	2216	9263	7013	7501	5032	
DHL	18000	18000	46	97	10	53	100	80	87	0	70	29550169	1810	2357	1241	2216	9263	7013	7501	5032	
DHL	18200	18200	44	95	9	50	103	79	84	0	68	29355659	1810	2357	1241	2216	9263	7013	7501	5032	
DHL	18400	18400	41	94	8	50	101	81	80	0	70	29163468	1810	2357	1241	2216	9263	7013	7501	5032	
DHL	18600	18600	41	99	9	51	92	82	82	0	70	28974435	1810	2357	1241	2216	9263	7013	7501	5032	
DHL	18800	18800	41	97	8	50	85	78	84	0	72	28790845	1810	2357	1241	2216	9263	7013	7501	5032	
DHL	19000	19000	42	96	8	48	84	76	82	0	73	28609906	1810	2357	1241	2216	9263	7013	7501	5032	
DHL	19200	19200	43	94	10	44	82	75	91	0	69	28432317	1810	2357	1241	2216	9263	7013	7501	5032	
DHL	19400	19400	44	93	9	44	79	73	90	0	68	28257769	1810	2357	1241	2216	9263	7013	7501	5032	
DHL	19600	19600	46	88	10	42	76	68	83	0	72	28084175	1810	2357	1241	2216	9263	7013	7501	5032	
DHL	19800	19800	47	89	9	41	79	66	81	0	76	27911876	1810	2357	1241	2216	9263	7013	7501	5032	
DHL	20000	20000	46	87	9	44	84	67	86	0	77	27743155	1810	2357	1241	2216	9263	7013	7501	5032	
DHL	20200	20200	45	84	8	44	85	67	86	0	78	27575853	1810	2357	1241	2216	9263	7013	7501	5032	
DHL	20400	20400	41	86	6	44	87	60	88	0	75	27409706	1810	2357	1241	2216	9263	7013	7501	5032	
DHL	20600	20600	39	87	6	46	98	61	77	0	74	27243000	1810	2357	1241	2216	9263	7013	7501	5032	
DHL	20800	20800	37	87	5	43	94	64	73	0	73	27081227	1810	2357	1241	2216	9263	7013	7501	5032	
DHL	21000	21000	37	89	7	41	93	67	76	0	73	26924268	1810	2357	1241	2216	9263	7013	7501	5032	
DHL	21200	21200	39	91	8	40	92	63	73	0	77	26769815	1810	2357	1241	2216	9263	7013	7501	5032	
DHL	21400	21400	40	86	8	40	88	65	72	0	77	26614558	1810	2357	1241	2216	9263	7013	7501	5032	
DHL	21600	21600	42	79	10	37	86	68	74	0	76	26462208	1810	2357	1241	2216	9263	7013	7501	5032	
DHL	21800	21800	39	79	10	39	83	68	72	0	71	26313378	1810	2357	1241	2216	9263	7013	7501	5032	
DHL	22000	22000	41	81	9	41	78	68	71	0	67	26170963	1810	2357	1241	2216	9263	7013	7501	5032	
DHL	22200	22200	43	79	8	43	83	65	64	0	66	26028144	1810	2357	1241	2216	9263	7013	7501	5032	
DHL	22400	22400	44	75	8	44	81	60	65	0	65	25886942	1810	2357	1241	2216	9263	7013	7501	5032	
DHL	22600	22600	44	72	8	44	71	63	67	0	63	25744864	1810	2357	1241	2216	9263	7013	7501	5032	
DHL	22800	22800	42	71	8	43	72	62	68	0	63	25602323	1810	2357	1241	2216	9263	7013	7501	5032	
DHL	23000	23000	41	69	9	42	67	65	70	0	61	25464351	1810	2357	1241	2216	9263	7013	7501	5032	
DHL	23200	23200	42	68	7	41	67	67	69	0	63	25330041	1810	2357	1241	2216	9263	7013	7501	5032	
DHL	23400	23400	38	70	7	35	70	72	66	0	59	25198448	1810	2357	1241	2216	9263	7013	7501	5032	
DHL	23600	23600	39	67	9	34	74	72	62	0	56	25071892	1810	2357	1241	2216	9263	7013	7501	5032	
DHL	23800	23800	42	66	7	34	71	65	64	0	63	24945408	1810	2357	1241	2216	9263	7013	7501	5032	
DHL	24000	24000	43	63	8	37	75	71	69	0	65	24821095	1810	2357	1241	2216	9263	7013	7501	5032	
DHL	24200	24200	45	62	10	36	76	73	68	0	66	24697183	1810	2357	1241	2216	9263	7013	7501	5032	
DHL	24400	24400	45	62	9	37	72	68	68	0	67	24573046	1810	2357	1241	2216	9263	7013	7501	5032	
DHL	24600	24600	46	64	9	38	73	62	67	0	68	24452409	1810	2357	1241	2216	9263	7013	7501	5032	
DHL	24800	24800	45	65	9	38	75	61	62	0	67	24336929	1810	2357	1241	2216	9263	7013	7501	5032	
DHL	25000	25000	46	68	10	41	75	55	57	0	66	24222220	1810	2357	1241	2216	9263	7013	7501	5032	
DHL	25200	25200	44	70	8	41	73	55	63	0	66	24107095	1810	2357	1241	2216	9263	7013	7501	5032	
DHL	25400	25400	44	69	9	39	71	53	59	0	66	23992829	1810	2357	1241	2216	9263	7013	7501	5032	
DHL	25600	25600	43	68	10	40	65	57	60	0	66	23879790	1810	2357	1241	2216	9263	7013	7501	5032	
DHL	25800	25800	41	66	9	41	63	56	65	0	67	23766619	1810	2357	1241	2216	9263	7013	7501	5032	
DHL	26000	26000	40	67	9	40	65	58	62	0	63	23656194	1810	2357	1241	2216	9263	7013	7501	5032	
DHL	26200	26200	37	62	9	40	62	52	60	0	63	23546357	1810	2357	1241	2216	9263	7013	7501	5032	
DHL	26400	26400	37	63	6	42	63	53	61	0	62	23435624	1810	2357	1241	2216	9263	7013	7501	5032	
DHL	26600	26600	36	64	8	43	53	55	56	0	63	23326963	1810	2357	1241	2216	9263	7013	7501	5032	
DHL	26800	26800	31	62	6	41	49	55	60	0	62	23220446	1810	2357	1241	2216	9263	7013	7501	5032	
DHL	27000	27000	28	63	5	41	52	56	57	0	59	23112848	1810	2357	1241	2216	9263	7013	7501	5032	
DHL	27200	27200	28	63	6	40	56	56	58	0	59	23006307	1810	2357	1241	2216	9263	7013	7501	5032	
DHL	27400	27400	29	63	6	42	58	56	62	0	63	22898594	1810	2357	1241	2216	9263	7013	7501	5032	
DHL	27600	27600	34	66	7	41	57	55	65	0	66	22792302	1810	2357	1241	2216	9263	7013	7501	5032	
DHL	27800	27800	34	67	7	40	63	55	65	0	67	22685516	1810	2357	1241	2216	9263	7013	7501	5032	
DHL	28000	28000	33	67	6	40	66	54	61	0	66	22581959	1810	2357	1241	2216	9263	7013	7501	5032	
DHL	28200	28200	33	64	7	39	73	54	57	0	68	22479379	1810	2357	1241	2216	9263	7013	7501	5032	
DHL	28400	28400	31	59	5	41	75	49	60	0	67	22374982	1810	2357	1241	2216	9263	7013	7501	5032	
DHL	28600	28600	34	58	4	42	74	46	58	0	69	22269747	1810	2357	1241	2216	9263	7013	7501	5032	
DHL	28800	28800	34	59	4	40	74	41	53	0	63	22166212	1810	2357	1241	2216	9263	7013	7501	5032	
DHL	29000	29000	32	58	4	39	69	39	55	0	62	22064987	1810	2357	1241	2216	9263	7013	7501	5032	
DHL	29200	29200	29	56	3	37	72	39	55	0	63	21966372	1810	2357	1241	2216	9263	7013	7501	5032	
DHL	29400	29400	27	55	3	37	75	35	52	0	60	21870839	1810	2357	1241	2216	9263	7013	7501	5032	
DHL	29600	29600	27	52	3	32	70	36	50	0	61	21776400	1810	2357	1241	2216	9263	7013	7501	5032	
DHL	29800	29800	25	45	2	28	62	34	49	0	62	21680494	1810	2357	1241	2216	9263	7013	7501	5032	
DHL	30000	30000	25	40	3	27	60	40	49	0	63	21583602	1810	2357	1241	2216	9263	7013	7501	5032	
DHL	30200	30200	25	35	3	24	55	40	52	0	58	21486152	1810	2357	1241	2216	9263	7013	7501	5032	
DHL	30400	30400	27	35	5	23	50	38	52	0	55	21389959	1810	2357	1241	2216	9263	7013	7501	5032	
DHL	30600	30600	28	39	5	22	46	38	51	0	58	21295020	1810	2357	1241	2216	9263	7013	7501	5032	
DHL	30800	30800	28	41	5	20	46	36	51	0	55	21200698	1810	2357	1241	2216	9263	7013	7501	5032	
DHL	31000	31000	29	44	6	20	44	37	50	0	54	21107934	1810	2357	1241	2216	9263	7013	7501	5032	
DHL	31200	31200	30	44	6	16	44	36	51	0	54	21016398	1810	2357	1241	2216	9263	7013	7501	5032	
DHL	31400	31400	28	43	7	15	54	37	46	0	53	20929534	1810	2357	1241	2216	9263	7013	7501	5032	
DHL	31600	31600	25	42	7	14	55	42	44	0	54	20844989	1810	2357	1241	2216	9263	7013	7501	5032	
DHL	31800	31800	26	47	7	14	58	45	50	0	55	20761748	1810	2357	1241	2216	9263	7013	7501	5032	
DHL	32000	32000	28	47	7	15	54	46	52	0	54	20679126	1810	2357	1241	2216	9263	7013	7501	5032	
DHL	32200	32200	28	47	5	13	51	48	51	0	53	20595981	1810	2357	1241	2216	9263	7013	7501	5032	
DHL	32400	32400	27	43	5	15	52	51	49	0	52	20511842	1810	2357	1241	2216	9263	7013	7501	5032	
DHL	32600	32600	28	41	4	17	53	47	50	0	50	20428720	1810	2357	1241	2216	9263	7013	7501	5032	
DHL	32800	32800	26	39	5	19	48	48	47	0	48	20345739	1810	2357	1241	2216	9263	7013	7501	5032	
DHL	33000	33000	24	37	5	21	44	48	48	0	50	20265184	1810	2357	1241	2216	9263	7013	7501	5032	
DHL	33200	33200	23	36	7	22	48	49	47	0	48	20184476	1810	2357	1241	2216	9263	7013	7501	5032	
DHL	33400	33400	22	35	6	18	51	54	52	0	45	20104379	1810	2357	1241	2216	9263	7013	7501	5032	
DHL	33600	33600	20	35	8	19	53	54	56	0	44	20025198	1810	2357	1241	2216	9263	7013	7501	5032	
DHL	33800	33800	19	35	9	22	49	46	54	0	45	19946090	1810	2357	1241	2216	9263	7013	7501	5032	
DHL	34000	34000	19	38	10	23	51	42	53	0	46	19869877	1810	2357	1241	2216	9263	7013	7501	5032	
DHL	34200	34200	21	36	10	21	50	43	52	0	43	19795729	1810	2357	1241	2216	9263	7013	7501	5032	
DHL	34400	34400	20	34	9	20	50	42	50	0	41	19721819	1810	2357	1241	2216	9263	7013	7501	5032	
DHL	34600	34600	20	33	8	18	52	47	50	0	43	19648073	1810	2357	1241	2216	9263	7013	7501	5032	
DHL	34800	34800	20	36	7	17	47	46	47	0	44	19575595	1810	2357	1241	2216	9263	7013	7501	5032	
DHL	35000	35000	19	31	7	17	41	48	47	0	48	19505436	1810	2357	1241	2216	9263	7013	7501	5032	
DHL	35200	35200	19	32	6	19	42	47	46	0	44	19435433	1810	2357	1241	2216	9263	7013	7501	5032	
DHL	35400	35400	19	32	6	20	43	50	48	0	43	19364772	1810	2357	1241	2216	9263	7013	7501	5032	
DHL	35600	35600	21	30	6	18	44	53	53	0	40	19293418	1810	2357	1241	2216	9263	7013	7501	5032	
DHL	35800	35800	17	29	8	15	44	54	52	0	39	19223840	1810	2357	1241	2216	9263	7013	7501	5032	
DHL	36000	36000	16	29	9	15	36	50	53	0	42	19153040	1810	2357	1241	2216	9263	7013	7501	5032	
DHL	36200	36200	15	31	12	15	36	50	54	0	41	19083649	1810	2357	1241	2216	9263	7013	7501	5032	
DHL	36400	36400	14	28	11	16	39	48	52	0	45	19014581	1810	2357	1241	2216	9263	7013	7501	5032	
DHL	36600	36600	13	29	10	16	34	47	51	0	44	18946603	1810	2357	1241	2216	9263	7013	7501	5032	
DHL	36800	36800	13	29	10	13	40	47	47	0	41	18878619	1810	2357	1241	2216	9263	7013	7501	5032	
DHL	37000	37000	12	32	11	15	41	42	42	0	37	18810116	1810	2357	1241	2216	9263	7013	7501	5032	
DHL	37200	37200	10	33	11	17	46	43	41	0	32	18742239	1810	2357	1241	2216	9263	7013	7501	5032	
DHL	37400	37400	10	31	13	21	43	38	44	0	26	18675205	1810	2357	1241	2216	9263	7013	7501	5032	
DHL	37600	37600	10	28	13	24	48	36	47	0	23	18609218	1810	2357	1241	2216	9263	7013	7501	5032	
DHL	37800	37800	10	27	9	22	49	36	49	0	24	18542669	1810	2357	1241	2216	9263	7013	7501	5032	
DHL	38000	38000	10	27	5	22	45	33	47	0	22	18476657	1810	2357	1241	2216	9263	7013	7501	5032	
DHL	38200	38200	8	24	6	22	45	28	48	0	22	18411910	1810	2357	1241	2216	9263	7013	7501	5032	
DHL	38400	38400	9	22	6	22	41	32	46	0	22	18346684	1810	2357	1241	2216	9263	7013	7501	5032	
DHL	38600	38600	8	21	7	21	41	34	45	0	21	18284221	1810	2357	1241	2216	9263	7013	7501	5032	
DHL	38800	38800	7	21	7	24	41	30	41	0	21	18221714	1810	2357	1241	2216	9263	7013	7501	5032	
DHL	39000	39000	6	21	6	20	40	29	40	0	18	18158186	1810	2357	1241	2216	9263	7013	7501	5032	
DHL	39200	39200	7	21	6	16	30	34	39	0	17	18093545	1810	2357	1241	2216	9263	7013	7501	5032	
DHL	39400	39400	7	20	6	14	30	31	36	0	17	18028927	1810	2357	1241	2216	9263	7013	7501	5032	
DHL	39600	39600	7	20	4	15	32	33	33	0	17	17965805	1810	2357	1241	2216	9263	7013	7501	5032	
DHL	39800	39800	11	20	4	14	30	37	34	0	15	17902390	1810	2357	1241	2216	9263	7013	7501	5032	
DHL	40000	40000	13	21	4	12	35	40	38	0	12	17837762	1810	2357	1241	2216	9263	7013	7501	5032	
DHL	40200	40200	13	22	5	11	33	41	35	0	14	17772344	1810	2357	1241	2216	9263	7013	7501	5032	
DHL	40400	40400	15	23	6	10	35	41	39	0	16	17707152	1810	2357	1241	2216	9263	7013	7501	5032	
DHL	40600	40600	15	23	5	11	37	33	41	0	18	17644297	1810	2357	1241	2216	9263	7013	7501	5032	
DHL	40800	40800	16	23	5	10	37	32	46	0	17	17582960	1810	2357	1241	2216	9263	7013	7501	5032	
DHL	41000	41000	15	26	5	9	37	33	43	0	17	17523885	1810	2357	1241	2216	9263	7013	7501	5032	
DHL	41200	41200	14	26	5	11	34	35	44	0	24	17464842	1810	2357	1241	2216	9263	7013	7501	5032	
DHL	41400	41400	12	27	4	10	33	38	43	0	23	17406482	1810	2357	1241	2216	9263	7013	7501	5032	
DHL	41600	41600	10	25	3	14	36	38	41	0	22	17347870	1810	2357	1241	2216	9263	7013	7501	5032	
DHL	41800	41800	12	26	4	14	35	40	39	0	20	17289044	1810	2357	1241	2216	9263	7013	7501	5032	
DHL	42000	42000	13	25	6	14	33	35	38	0	18	17230809	1810	2357	1241	2216	9263	7013	7501	5032	
DHL	42200	42200	11	24	5	16	34	35	39	0	21	17173637	1810	2357	1241	2216	9263	7013	7501	5032	
DHL	42400	42400	11	23	6	16	30	35	42	0	24	17116319	1810	2357	1241	2216	9263	7013	7501	5032	
DHL	42600	42600	6	24	6	16	30	37	40	0	26	17060377	1810	2357	1241	2216	9263	7013	7501	5032	
DHL	42800	42800	7	20	6	15	30	42	40	0	24	17005272	1810	2357	1241	2216	9263	7013	7501	5032	
DHL	43000	43000	8	19	7	15	28	43	39	0	23	16951118	1810	2357	1241	2216	9263	7013	7501	5032	
DHL	43200	43200	9	18	10	16	28	43	40	0	23	16896945	1810	2357	1241	2216	9263	7013	7501	5032	
DHL	43400	43400	10	19	11	15	24	37	39	0	23	16842267	1810	2357	1241	2216	9263	7013	7501	5032	
DHL	43600	43600	12	20	11	15	24	38	38	0	23	16790936	1810	2357	1241	2216	9263	7013	7501	5032	
DHL	43800	43800	12	20	9	14	25	37	37	0	20	16738676	1810	2357	1241	2216	9263	7013	7501	5032	
DHL	44000	44000	11	18	8	13	29	40	38	0	21	16687863	1810	2357	1241	2216	9263	7013	7501	5032	
DHL	44200	44200	10	18	7	16	28	35	35	0	20	16636428	1810	2357	1241	2216	9263	7013	7501	5032	
DHL	44400	44400	9	17	7	13	31	37	37	0	20	16585124	1810	2357	1241	2216	9263	7013	7501	5032	
DHL	44600	44600	9	16	6	14	34	34	35	0	21	16533823	1810	2357	1241	2216	9263	7013	7501	5032	
DHL	44800	44800	9	14	5	16	35	35	30	0	21	16482870	1810	2357	1241	2216	9263	7013	7501	5032	
DHL	45000	45000	8	14	5	15	36	34	26	0	21	16433652	1810	2357	1241	2216	9263	7013	7501	5032	
DHL	45200	45200	10	13	5	14	40	30	28	0	21	16385696	1810	2357	1241	2216	9263	7013	7501	5032	
DHL	45400	45400	9	13	6	15	41	33	28	0	20	16338216	1810	2357	1241	2216	9263	7013	7501	5032	
DHL	45600	45600	7	13	4	14	36	33	31	0	18	16292983	1810	2357	1241	2216	9263	7013	7501	5032	
DHL	45800	45800	5	14	4	17	40	36	35	0	19	16250520	1810	2357	1241	2216	9263	7013	7501	5032	
DHL	46000	46000	5	14	4	17	39	36	33	0	18	16207204	1810	2357	1241	2216	9263	7013	7501	5032	
DHL	46200	46200	7	12	3	16	36	36	29	0	19	16164209	1810	2357	1241	2216	9263	7013	7501	5032	
DHL	46400	46400	6	16	3	17	35	35	24	0	18	16120404	1810	2357	1241	2216	9263	7013	7501	5032	
DHL	46600	46600	6	15	1	16	36	30	26	0	17	16076170	1810	2357	1241	2216	9263	7013	7501	5032	
DHL	46800	46800	6	15	2	19	34	29	30	0	18	16033508	1810	2357	1241	2216	9263	7013	7501	5032	
DHL	47000	47000	6	18	2	18	30	26	30	0	16	15989913	1810	2357	1241	2216	9263	7013	7501	5032	
DHL	47200	47200	7	19	2	14	23	27	36	0	19	15946540	1810	2357	1241	2216	9263	7013	7501	5032	
DHL	47400	47400	7	19	2	14	22	29	34	0	18	15902951	1810	2357	1241	2216	9263	7013	7501	5032	
DHL	47600	47600	7	20	2	12	23	29	30	0	18	15858555	1810	2357	1241	2216	9263	7013	7501	5032	
DHL	47800	47800	7	17	4	13	22	26	29	0	19	15816245	1810	2357	1241	2216	9263	7013	7501	5032	
DHL	48000	48000	5	16	5	14	22	26	28	0	18	15775399	1810	2357	1241	2216	9263	7013	7501	5032	
DHL	48200	48200	4	16	4	15	21	26	26	0	22	15734119	1810	2357	1241	2216	9263	7013	7501	5032	
DHL	48400	48400	4	15	5	14	19	29	26	0	21	15691687	1810	2357	1241	2216	9263	7013	7501	5032	
DHL	48600	48600	3	16	6	16	19	29	27	0	21	15649146	1810	2357	1241	2216	9263	7013	7501	5032	
DHL	48800	48800	2	15	6	18	18	27	28	0	24	15605743	1810	2357	1241	2216	9263	7013	7501	5032	
DHL	49000	49000	3	14	5	18	18	28	34	0	22	15563340	1810	2357	1241	2216	9263	7013	7501	5032	
DHL	49200	49200	3	14	5	17	21	30	33	0	24	15522731	1810	2357	1241	2216	9263	7013	7501	5032	
DHL	49400	49400	3	14	6	17	21	31	31	0	26	15483908	1810	2357	1241	2216	9263	7013	7501	5032	
DHL	49600	49600	3	13	5	17	18	28	32	0	26	15446352	1810	2357	1241	2216	9263	7013	7501	5032	
DHL	49800	49800	3	14	6	17	20	27	30	0	24	15409624	1810	2357	1241	2216	9263	7013	7501	5032	
DHL	50000	50000	3	12	5	16	15	28	28	0	23	15372404	1810	2357	1241	2216	9263	7013	7501	5032	
DHL	50200	50200	3	11	6	16	17	28	30	0	23	15336603	1810	2357	1241	2216	9263	7013	7501	5032	
DHL	50400	50400	4	10	3	13	17	28	33	0	20	15301801	1810	2357	1241	2216	9263	7013	7501	5032	
DHL	50600	50600	5	12	3	12	18	24	31	0	22	15267397	1810	2357	1241	2216	9263	7013	7501	5032	
DHL	50800	50800	6	10	3	9	20	21	33	0	24	15233231	1810	2357	1241	2216	9263	7013	7501	5032	
DHL	51000	51000	6	13	2	9	19	25	34	0	24	15196949	1810	2357	1241	2216	9263	7013	7501	5032	
DHL	51200	51200	8	15	5	12	28	25	34	0	23	15159565	1810	2357	1241	2216	9263	7013	7501	5032	
DHL	51400	51400	7	16	6	13	29	24	33	0	20	15122032	1810	2357	1241	2216	9263	7013	7501	5032	
DHL	51600	51600	11	16	5	11	33	22	32	0	18	15084091	1810	2357	1241	2216	9263	7013	7501	5032	
DHL	51800	51800	11	14	6	11	31	21	33	0	15	15044480	1810	2357	1241	2216	9263	7013	7501	5032	
DHL	52000	52000	11	15	6	13	29	24	35	0	14	15005051	1810	2357	1241	2216	9263	7013	7501	5032	
DHL	52200	52200	10	14	6	12	25	22	34	0	10	14967806	1810	2357	1241	2216	9263	7013	7501	5032	
DHL	52400	52400	11	14	6	12	23	22	32	0	10	14931785	1810	2357	1241	2216	9263	7013	7501	5032	
DHL	52600	52600	10	13	8	13	22	24	34	0	11	14896205	1810	2357	1241	2216	9263	7013	7501	5032	
DHL	52800	52800	10	13	8	13	19	25	30	0	10	14860433	1810	2357	1241	2216	9263	7013	7501	5032	
DHL	53000	53000	10	14	9	15	20	24	30	0	11	14824771	1810	2357	1241	2216	9263	7013	7501	5032	
DHL	53200	53200	10	13	10	14	21	25	31	0	12	14789086	1810	2357	1241	2216	9263	7013	7501	5032	
DHL	53400	53400	12	11	11	14	23	27	35	0	13	14753742	1810	2357	1241	2216	9263	7013	7501	5032	
DHL	53600	53600	10	12	11	13	25	30	33	0	16	14717929	1810	2357	1241	2216	9263	7013	7501	5032	
DHL	53800	53800	11	11	9	12	21	28	32	0	15	14681729	1810	2357	1241	2216	9263	7013	7501	5032	
DHL	54000	54000	8	12	8	13	24	31	33	0	14	14646473	1810	2357	1241	2216	9263	7013	7501	5032	
DHL	54200	54200	7	11	8	13	27	32	33	0	14	14612773	1810	2357	1241	2216	9263	7013	7501	5032	
DHL	54400	54400	9	11	7	12	32	28	32	0	14	14578803	1810	2357	1241	2216	9263	7013	7501	5032	
DHL	54600	54600	8	10	6	12	33	26	31	0	14	14544215	1810	2357	1241	2216	9263	7013	7501	5032	
DHL	54800	54800	7	9	5	11	31	29	31	0	17	14509816	1810	2357	1241	2216	9263	7013	7501	5032	
DHL	55000	55000	5	10	6	9	24	27	27	0	17	14476504	1810	2357	1241	2216	9263	7013	7501	5032	
DHL	55200	55200	5	10	5	11	29	26	26	0	18	14442359	1810	2357	1241	2216	9263	7013	7501	5032	
DHL	55400	55400	4	11	4	10	28	26	21	0	15	14407049	1810	2357	1241	2216	9263	7013	7501	5032	
DHL	55600	55600	4	11	4	12	30	25	18	0	16	14371959	1810	2357	1241	2216	9263	7013	7501	5032	
DHL	55800	55800	5	13	4	9	32	24	19	0	18	14336488	1810	2357	1241	2216	9263	7013	7501	5032	
DHL	56000	56000	5	14	4	8	29	25	22	0	17	14302843	1810	2357	1241	2216	9263	7013	7501	5032	
DHL	56200	56200	5	14	5	11	25	27	22	0	17	14270973	1810	2357	1241	2216	9263	7013	7501	5032	
DHL	56400	56400	4	14	6	10	26	28	23	0	16	14239503	1810	2357	1241	2216	9263	7013	7501	5032	
DHL	56600	56600	6	14	5	9	25	30	24	0	17	14207413	1810	2357	1241	2216	9263	7013	7501	5032	
DHL	56800	56800	6	15	2	9	24	30	27	0	19	14174564	1810	2357	1241	2216	9263	7013	7501	5032	
DHL	57000	57000	6	13	3	13	21	28	28	0	19	14141922	1810	2357	1241	2216	9263	7013	7501	5032	
DHL	57200	57200	5	13	3	13	23	27	28	0	23	14109520	1810	2357	1241	2216	9263	7013	7501	5032	
DHL	57400	57400	5	12	4	12	27	27	29	0	23	14077645	1810	2357	1241	2216	9263	7013	7501	5032	
DHL	57600	57600	3	12	3	10	26	27	29	0	25	14047007	1810	2357	1241	2216	9263	7013	7501	5032	
DHL	57800	57800	5	13	4	10	26	27	33	0	23	14015599	1810	2357	1241	2216	9263	7013	7501	5032	
DHL	58000	58000	6	13	4	9	21	23	31	0	21	13985143	1810	2357	1241	2216	9263	7013	7501	5032	
DHL	58200	58200	7	12	3	9	23	24	32	0	19	13953931	1810	2357	1241	2216	9263	7013	7501	5032	
DHL	58400	58400	7	14	4	8	23	23	36	0	18	13923271	1810	2357	1241	2216	9263	7013	7501	5032	
DHL	58600	58600	5	11	5	8	24	24	38	0	20	13892672	1810	2357	1241	2216	9263	7013	7501	5032	
DHL	58800	58800	5	13	6	10	26	22	36	0	20	13861652	1810	2357	1241	2216	9263	7013	7501	5032	
DHL	59000	59000	4	15	4	10	28	21	33	0	23	13829994	1810	2357	1241	2216	9263	7013	7501	5032	
DHL	59200	59200	3	16	3	10	29	25	36	0	21	13798201	1810	2357	1241	2216	9263	7013	7501	5032	
DHL	59400	59400	4	15	2	8	29	22	38	0	20	13766464	1810	2357	1241	2216	9263	7013	7501	5032	
DHL	59600	59600	5	16	2	8	31	22	32	0	19	13735861	1810	2357	1241	2216	9263	7013	7501	5032	
DHL	59800	59800	5	15	2	9	29	22	28	0	19	13706069	1810	2357	1241	2216	9263	7013	7501	5032	
DHL	60000	60000	4	14	2	9	35	20	29	0	19	13676568	1810	2357	1241	2216	9263	7013	7501	5032	
DHL	60200	60200	3	18	3	10	34	19	28	0	18	13648512	1810	2357	1241	2216	9263	7013	7501	5032	
DHL	60400	60400	3	19	4	10	36	19	26	0	18	13619714	1810	2357	1241	2216	9263	7013	7501	5032	
DHL	60600	60600	3	18	6	10	34	22	23	0	15	13590062	1810	2357	1241	2216	9263	7013	7501	5032	
DHL	60800	60800	3	16	6	10	38	26	23	0	17	13560863	1810	2357	1241	2216	9263	7013	7501	5032	
DHL	61000	61000	3	15	5	11	39	26	19	0	19	13531712	1810	2357	1241	2216	9263	7013	7501	5032	
DHL	61200	61200	3	13	4	11	45	27	18	0	21	13502747	1810	2357	1241	2216	9263	7013	7501	5032	
DHL	61400	61400	3	14	4	12	43	28	12	0	22	13472602	1810	2357	1241	2216	9263	7013	7501	5032	
DHL	61600	61600	3	13	3	14	39	27	13	0	20	13443534	1810	2357	1241	2216	9263	7013	7501	5032	
DHL	61800	61800	4	13	3	11	33	28	12	0	23	13415193	1810	2357	1241	2216	9263	7013	7501	5032	
DHL	62000	62000	6	12	6	11	31	30	14	0	20	13385645	1810	2357	1241	2216	9263	7013	7501	5032	
DHL	62200	62200	8	9	6	11	24	33	13	0	16	13354299	1810	2357	1241	2216	9263	7013	7501	5032	
DHL	62400	62400	7	8	5	10	22	31	13	0	16	13322477	1810	2357	1241	2216	9263	7013	7501	5032	
DHL	62600	62600	6	8	3	10	17	30	15	0	17	13289659	1810	2357	1241	2216	9263	7013	7501	5032	
DHL	62800	62800	6	7	4	11	19	30	16	0	17	13257057	1810	2357	1241	2216	9263	7013	7501	5032	
DHL	63000	63000	4	8	3	13	18	32	13	0	20	13224499	1810	2357	1241	2216	9263	7013	7501	5032	
DHL	63200	63200	5	8	3	13	20	27	15	0	19	13192164	1810	2357	1241	2216	9263	7013	7501	5032	
DHL	63400	63400	5	7	3	15	23	28	22	0	20	13160411	1810	2357	1241	2216	9263	7013	7501	5032	
DHL	63600	63600	6	7	3	15	25	29	23	0	18	13129621	1810	2357	1241	2216	9263	7013	7501	5032	
DHL	63800	63800	6	8	2	17	21	26	30	0	23	13099741	1810	2357	1241	2216	9263	7013	7501	5032	
DHL	64000	64000	7	8	1	13	25	26	32	0	20	13070977	1810	2357	1241	2216	9263	7013	7501	5032	
DHL	64200	64200	6	8	2	12	23	25	28	0	18	13043762	1810	2357	1241	2216	9263	7013	7501	5032	
DHL	64400	64400	6	9	4	12	23	30	26	0	21	13014588	1810	2357	1241	2216	9263	7013	7501	5032	
DHL	64600	64600	4	10	3	13	26	30	29	0	23	12986249	1810	2357	1241	2216	9263	7013	7501	5032	
DHL	64800	64800	4	12	4	13	26	27	28	0	22	12959356	1810	2357	1241	2216	9263	7013	7501	5032	
DHL	65000	65000	5	10	4	14	24	32	28	0	23	12934175	1810	2357	1241	2216	9263	7013	7501	5032	
DHL	65200	65200	4	8	4	13	22	31	28	0	22	12908914	1810	2357	1241	2216	9263	7013	7501	5032	
DHL	65400	65400	4	8	4	12	21	30	26	0	19	12883365	1810	2357	1241	2216	9263	7013	7501	5032	
DHL	65600	65600	4	7	2	12	23	30	26	0	19	12857411	1810	2357	1241	2216	9263	7013	7501	5032	
DHL	65800	65800	5	6	2	12	22	30	24	0	18	12830453	1810	2357	1241	2216	9263	7013	7501	5032	
DHL	66000	66000	6	6	2	12	21	28	23	0	19	12804738	1810	2357	1241	2216	9263	7013	7501	5032	
DHL	66200	66200	8	8	3	11	22	28	24	0	15	12779946	1810	2357	1241	2216	9263	7013	7501	5032	
DHL	66400	66400	7	7	3	11	28	25	25	0	15	12755042	1810	2357	1241	2216	9263	7013	7501	5032	
DHL	66600	66600	7	8	3	9	28	22	25	0	16	12729693	1810	2357	1241	2216	9263	7013	7501	5032	
DHL	66800	66800	8	11	3	9	29	23	25	0	16	12703705	1810	2357	1241	2216	9263	7013	7501	5032	
DHL	67000	67000	8	10	2	8	29	26	23	0	17	12678118	1810	2357	1241	2216	9263	7013	7501	5032	
DHL	67200	67200	8	9	3	9	30	25	22	0	16	12654023	1810	2357	1241	2216	9263	7013	7501	5032	
DHL	67400	67400	6	9	4	9	27	26	21	0	16	12631157	1810	2357	1241	2216	9263	7013	7501	5032	
DHL	67600	67600	6	10	6	8	25	24	19	0	15	12608482	1810	2357	1241	2216	9263	7013	7501	5032	
DHL	67800	67800	6	8	5	7	21	22	18	0	16	12585582	1810	2357	1241	2216	9263	7013	7501	5032	
DHL	68000	68000	5	7	4	7	20	21	19	0	16	12562244	1810	2357	1241	2216	9263	7013	7501	5032	
DHL	68200	68200	5	8	4	8	22	17	18	0	15	12538371	1810	2357	1241	2216	9263	7013	7501	5032	
DHL	68400	68400	5	9	5	11	21	18	19	0	12	12514589	1810	2357	1241	2216	9263	7013	7501	5032	
DHL	68600	68600	4	8	5	11	20	20	21	0	13	12491245	1810	2357	1241	2216	9263	7013	7501	5032	
DHL	68800	68800	4	7	4	12	19	21	19	0	12	12467037	1810	2357	1241	2216	9263	7013	7501	5032	
DHL	69000	69000	5	7	4	12	18	22	21	0	14	12443953	1810	2357	1241	2216	9263	7013	7501	5032	
DHL	69200	69200	5	7	2	11	17	20	21	0	14	12421514	1810	2357	1241	2216	9263	7013	7501	5032	
DHL	69400	69400	4	7	1	8	18	21	21	0	16	12398739	1810	2357	1241	2216	9263	7013	7501	5032	
DHL	69600	69600	3	7	1	6	19	19	21	0	17	12377161	1810	2357	1241	2216	9263	7013	7501	5032	
DHL	69800	69800	6	6	2	6	22	19	20	0	15	12356441	1810	2357	1241	2216	9263	7013	7501	5032	
DHL	70000	70000	7	8	2	6	20	18	17	0	16	12335895	1810	2357	1241	2216	9263	7013	7501	5032	
DHL	70200	70200	8	8	2	4	23	19	20	0	18	12316366	1810	2357	1241	2216	9263	7013	7501	5032	
DHL	70400	70400	9	6	2	5	25	22	22	0	18	12296495	1810	2357	1241	2216	9263	7013	7501	5032	
DHL	70600	70600	8	7	3	6	28	25	21	0	21	12275594	1810	2357	1241	2216	9263	7013	7501	5032	
DHL	70800	70800	9	9	3	4	28	24	20	0	23	12253763	1810	2357	1241	2216	9263	7013	7501	5032	
DHL	71000	71000	8	10	4	5	28	21	21	0	20	12230669	1810	2357	1241	2216	9263	7013	7501	5032	
DHL	71200	71200	8	10	4	4	29	22	23	0	17	12206047	1810	2357	1241	2216	9263	7013	7501	5032	
DHL	71400	71400	10	7	4	3	30	21	25	0	16	12180400	1810	2357	1241	2216	9263	7013	7501	5032	
DHL	71600	71600	9	6	5	6	33	24	25	0	16	12155679	1810	2357	1241	2216	9263	7013	7501	5032	
DHL	71800	71800	9	6	5	5	33	28	26	0	18	12131378	1810	2357	1241	2216	9263	7013	7501	5032	
DHL	72000	72000	7	5	4	5	27	27	24	0	18	12106298	1810	2357	1241	2216	9263	7013	7501	5032	
DHL	72200	72200	7	5	4	6	23	25	23	0	17	12081867	1810	2357	1241	2216	9263	7013	7501	5032	
DHL	72400	72400	7	5	4	7	26	27	27	0	18	12058206	1810	2357	1241	2216	9263	7013	7501	5032	
DHL	72600	72600	7	3	3	7	18	28	30	0	18	12035701	1810	2357	1241	2216	9263	7013	7501	5032	
DHL	72800	72800	10	3	4	10	24	26	27	0	18	12012965	1810	2357	1241	2216	9263	7013	7501	5032	
DHL	73000	73000	9	4	5	6	29	22	27	0	16	11990347	1810	2357	1241	2216	9263	7013	7501	5032	
DHL	73200	73200	11	4	5	6	30	22	28	0	16	11968275	1810	2357	1241	2216	9263	7013	7501	5032	
DHL	73400	73400	14	5	5	6	28	20	26	0	15	11946632	1810	2357	1241	2216	9263	7013	7501	5032	
DHL	73600	73600	14	5	5	8	26	20	26	0	14	11924737	1810	2357	1241	2216	9263	7013	7501	5032	
DHL	73800	73800	12	4	6	9	24	18	26	0	15	11902808	1810	2357	1241	2216	9263	7013	7501	5032	
DHL	74000	74000	12	4	8	8	20	18	25	0	17	11880952	1810	2357	1241	2216	9263	7013	7501	5032	
DHL	74200	74200	10	3	6	8	16	17	24	0	12	11858710	1810	2357	1241	2216	9263	7013	7501	5032	
DHL	74400	74400	7	3	6	10	15	18	23	0	11	11836730	1810	2357	1241	2216	9263	7013	7501	5032	
DHL	74600	74600	6	3	6	10	19	18	22	0	9	11815331	1810	2357	1241	2216	9263	7013	7501	5032	
DHL	74800	74800	8	4	5	10	19	18	23	0	9	11793042	1810	2357	1241	2216	9263	7013	7501	5032	
DHL	75000	75000	5	4	5	8	19	18	26	0	9	11769442	1810	2357	1241	2216	9263	7013	7501	5032	
DHL	75200	75200	4	4	4	11	20	17	23	0	7	11744704	1810	2357	1241	2216	9263	7013	7501	5032	
DHL	75400	75400	4	4	4	9	19	17	20	0	11	11720707	1810	2357	1241	2216	9263	7013	7501	5032	
DHL	75600	75600	6	3	4	8	21	16	20	0	12	11697838	1810	2357	1241	2216	9263	7013	7501	5032	
DHL	75800	75800	5	4	4	7	22	17	19	0	15	11676317	1810	2357	1241	2216	9263	7013	7501	5032	
DHL	76000	76000	2	4	2	7	23	20	16	0	14	11654057	1810	2357	1241	2216	9263	7013	7501	5032	
DHL	76200	76200	3	3	2	5	25	24	19	0	18	11630742	1810	2357	1241	2216	9263	7013	7501	5032	
DHL	76400	76400	3	2	3	5	24	26	22	0	20	11608420	1810	2357	1241	2216	9263	7013	7501	5032	
DHL	76600	76600	4	2	4	7	22	26	21	0	19	11585819	1810	2357	1241	2216	9263	7013	7501	5032	
DHL	76800	76800	5	2	5	7	22	26	21	0	18	11563661	1810	2357	1241	2216	9263	7013	7501	5032	
DHL	77000	77000	5	2	6	5	22	29	20	0	20	11542317	1810	2357	1241	2216	9263	7013	7501	5032	
DHL	77200	77200	5	1	4	5	21	34	18	0	17	11520063	1810	2357	1241	2216	9263	7013	7501	5032	
DHL	77400	77400	5	1	6	6	21	34	19	0	13	11496833	1810	2357	1241	2216	9263	7013	7501	5032	
DHL	77600	77600	5	2	6	6	20	31	22	0	13	11472801	1810	2357	1241	2216	9263	7013	7501	5032	
DHL	77800	77800	5	2	6	7	19	32	22	0	14	11448996	1810	2357	1241	2216	9263	7013	7501	5032	
DHL	78000	78000	5	1	5	9	19	37	24	0	15	11424828	1810	2357	1241	2216	9263	7013	7501	5032	
DHL	78200	78200	8	2	3	9	22	37	24	0	14	11400879	1810	2357	1241	2216	9263	7013	7501	5032	
DHL	78400	78400	8	2	1	9	20	36	26	0	10	11377415	1810	2357	1241	2216	9263	7013	7501	5032	
DHL	78600	78600	8	2	1	12	23	34	26	0	9	11353996	1810	2357	1241	2216	9263	7013	7501	5032	
DHL	78800	78800	10	3	2	11	26	35	22	0	10	11332245	1810	2357	1241	2216	9263	7013	7501	5032	
DHL	79000	79000	10	3	2	13	24	36	24	0	9	11311143	1810	2357	1241	2216	9263	7013	7501	5032	
DHL	79200	79200	9	3	2	13	24	36	27	0	10	11290299	1810	2357	1241	2216	9263	7013	7501	5032	
DHL	79400	79400	6	3	2	13	25	34	27	0	9	11269303	1810	2357	1241	2216	9263	7013	7501	5032	
DHL	79600	79600	5	4	1	12	28	27	24	0	10	11248239	1810	2357	1241	2216	9263	7013	7501	5032	
DHL	79800	79800	6	3	2	11	29	28	23	0	11	11226915	1810	2357	1241	2216	9263	7013	7501	5032	
DHL	80000	80000	5	5	2	12	28	26	25	0	13	11205242	1810	2357	1241	2216	9263	7013	7501	5032	
DHL	80200	80200	8	5	3	11	29	25	27	0	12	11182456	1810	2357	1241	2216	9263	7013	7501	5032	
DHL	80400	80400	8	4	3	10	27	27	27	0	13	11159754	1810	2357	1241	2216	9263	7013	7501	5032	
DHL	80600	80600	9	2	4	11	25	24	30	0	13	11136607	1810	2357	1241	2216	9263	7013	7501	5032	
DHL	80800	80800	10	2	4	12	25	25	31	0	12	11113034	1810	2357	1241	2216	9263	7013	7501	5032	
DHL	81000	81000	11	2	5	10	24	24	31	0	10	11088552	1810	2357	1241	2216	9263	7013	7501	5032	
DHL	81200	81200	10	3	5	10	26	27	31	0	10	11064254	1810	2357	1241	2216	9263	7013	7501	5032	
DHL	81400	81400	12	3	5	10	25	23	28	0	14	11040286	1810	2357	1241	2216	9263	7013	7501	5032	
DHL	81600	81600	12	5	6	9	24	21	30	0	13	11018514	1810	2357	1241	2216	9263	7013	7501	5032	
DHL	81800	81800	10	7	6	10	25	21	32	0	13	10996799	1810	2357	1241	2216	9263	7013	7501	5032	
DHL	82000	82000	9	8	6	9	26	21	31	0	13	10975014	1810	2357	1241	2216	9263	7013	7501	5032	
DHL	82200	82200	8	7	3	7	28	22	31	0	14	10953023	1810	2357	1241	2216	9263	7013	7501	5032	
DHL	82400	82400	8	5	3	7	29	22	32	0	16	10931086	1810	2357	1241	2216	9263	7013	7501	5032	
DHL	82600	82600	8	4	3	8	30	23	28	0	15	10909939	1810	2357	1241	2216	9263	7013	7501	5032	
DHL	82800	82800	8	4	3	7	32	24	28	0	13	10890135	1810	2357	1241	2216	9263	7013	7501	5032	
DHL	83000	83000	7	4	3	7	33	26	30	0	13	10869872	1810	2357	1241	2216	9263	7013	7501	5032	
DHL	83200	83200	7	4	4	8	34	26	29	0	15	10849469	1810	2357	1241	2216	9263	7013	7501	5032	
DHL	83400	83400	5	4	4	9	31	29	29	0	13	10830017	1810	2357	1241	2216	9263	7013	7501	5032	
DHL	83600	83600	6	5	5	10	28	28	22	0	16	10811167	1810	2357	1241	2216	9263	7013	7501	5032	
DHL	83800	83800	5	4	6	9	22	28	20	0	16	10792718	1810	2357	1241	2216	9263	7013	7501	5032	
DHL	84000	84000	5	5	6	8	22	27	20	0	13	10775018	1810	2357	1241	2216	9263	7013	7501	5032	
DHL	84200	84200	7	4	4	10	20	23	20	0	14	10756691	1810	2357	1241	2216	9263	7013	7501	5032	
DHL	84400	84400	7	3	4	10	22	22	23	0	17	10738119	1810	2357	1241	2216	9263	7013	7501	5032	
DHL	84600	84600	8	3	4	9	20	19	24	0	15	10720178	1810	2357	1241	2216	9263	7013	7501	5032	
DHL	84800	84800	8	4	5	8	19	20	25	0	15	10702018	1810	2357	1241	2216	9263	7013	7501	5032	
DHL	85000	85000	7	5	5	8	19	23	24	0	14	10683609	1810	2357	1241	2216	9263	7013	7501	5032	
DHL	85200	85200	8	6	3	8	21	24	25	0	15	10665746	1810	2357	1241	2216	9263	7013	7501	5032	
DHL	85400	85400	8	6	2	8	19	24	25	0	14	10647838	1810	2357	1241	2216	9263	7013	7501	5032	
DHL	85600	85600	7	5	2	6	20	22	25	0	15	10628850	1810	2357	1241	2216	9263	7013	7501	5032	
DHL	85800	85800	6	5	3	6	22	23	25	0	15	10609678	1810	2357	1241	2216	9263	7013	7501	5032	
DHL	86000	86000	5	6	3	7	22	22	23	0	15	10590999	1810	2357	1241	2216	9263	7013	7501	5032	
DHL	86200	86200	6	6	2	9	21	20	18	0	13	10571848	1810	2357	1241	2216	9263	7013	7501	5032	
DHL	86400	86400	5	6	2	9	22	20	21	0	18	10554003	1810	2357	1241	2216	9263	7013	7501	5032	
DHL	86600	86600	4	8	2	9	25	17	28	0	18	10537502	1810	2357	1241	2216	9263	7013	7501	5032	
DHL	86800	86800	4	9	2	10	27	16	32	0	19	10521431	1810	2357	1241	2216	9263	7013	7501	5032	
DHL	87000	87000	3	8	2	9	26	17	31	0	16	10506031	1810	2357	1241	2216	9263	7013	7501	5032	
DHL	87200	87200	4	6	1	8	26	19	31	0	17	10490413	1810	2357	1241	2216	9263	7013	7501	5032	
DHL	87400	87400	4	7	1	9	23	19	30	0	17	10473099	1810	2357	1241	2216	9263	7013	7501	5032	
DHL	87600	87600	4	6	2	10	21	21	30	0	19	10455640	1810	2357	1241	2216	9263	7013	7501	5032	
DHL	87800	87800	4	5	3	9	19	27	31	0	20	10438993	1810	2357	1241	2216	9263	7013	7501	5032	
DHL	88000	88000	4	5	3	9	20	28	33	0	20	10422464	1810	2357	1241	2216	9263	7013	7501	5032	
DHL	88200	88200	3	4	4	8	21	28	32	0	19	10406591	1810	2357	1241	2216	9263	7013	7501	5032	
DHL	88400	88400	3	4	4	8	20	30	33	0	19	10389699	1810	2357	1241	2216	9263	7013	7501	5032	
DHL	88600	88600	3	4	4	7	24	31	34	0	21	10372958	1810	2357	1241	2216	9263	7013	7501	5032	
DHL	88800	88800	5	5	3	7	24	31	33	0	19	10355381	1810	2357	1241	2216	9263	7013	7501	5032	
DHL	89000	89000	6	4	3	5	21	30	30	0	20	10337441	1810	2357	1241	2216	9263	7013	7501	5032	
DHL	89200	89200	5	4	3	5	27	27	27	0	19	10319123	1810	2357	1241	2216	9263	7013	7501	5032	
DHL	89400	89400	5	6	2	5	25	22	30	0	21	10300978	1810	2357	1241	2216	9263	7013	7501	5032	
DHL	89600	89600	5	5	2	6	25	22	27	0	21	10282473	1810	2357	1241	2216	9263	7013	7501	5032	
DHL	89800	89800	7	3	1	6	24	23	30	0	18	10264390	1810	2357	1241	2216	9263	7013	7501	5032	
DHL	90000	90000	7	3	2	9	23	23	26	0	18	10246441	1810	2357	1241	2216	9263	7013	7501	5032	
DHL	90200	90200	7	3	3	8	22	19	23	0	18	10228190	1810	2357	1241	2216	9263	7013	7501	5032	
DHL	90400	90400	7	2	3	7	22	19	19	0	18	10210772	1810	2357	1241	2216	9263	7013	7501	5032	
DHL	90600	90600	6	3	2	8	25	18	21	0	19	10193808	1810	2357	1241	2216	9263	7013	7501	5032	
DHL	90800	90800	5	4	3	7	27	21	18	0	20	10176761	1810	2357	1241	2216	9263	7013	7501	5032	
DHL	91000	91000	5	5	4	6	25	22	18	0	19	10159312	1810	2357	1241	2216	9263	7013	7501	5032	
DHL	91200	91200	5	5	5	7	25	23	16	0	16	10142005	1810	2357	1241	2216	9263	7013	7501	5032	
DHL	91400	91400	5	3	7	7	26	21	17	0	15	10124799	1810	2357	1241	2216	9263	7013	7501	5032	
DHL	91600	91600	5	3	7	7	24	23	15	0	14	10107999	1810	2357	1241	2216	9263	7013	7501	5032	
DHL	91800	91800	5	2	9	7	21	25	15	0	14	10091930	1810	2357	1241	2216	9263	7013	7501	5032	
DHL	92000	92000	6	2	10	7	21	24	18	0	11	10076230	1810	2357	1241	2216	9263	7013	7501	5032	
DHL	92200	92200	7	1	9	6	19	26	20	0	11	10060649	1810	2357	1241	2216	9263	7013	7501	5032	
DHL	92400	92400	6	1	7	7	18	24	23	0	11	10045426	1810	2357	1241	2216	9263	7013	7501	5032	
DHL	92600	92600	7	1	6	7	17	24	24	0	9	10030375	1810	2357	1241	2216	9263	7013	7501	5032	
DHL	92800	92800	9	2	4	9	18	23	21	0	8	10015444	1810	2357	1241	2216	9263	7013	7501	5032	
DHL	93000	93000	8	2	4	9	17	24	24	0	7	10000704	1810	2357	1241	2216	9263	7013	7501	5032	
DHL	93200	93200	8	2	3	8	17	20	25	0	8	9986339	1810	2357	1241	2216	9263	7013	7501	5032	
DHL	93400	93400	7	3	3	9	18	19	24	0	10	9971628	1810	2357	1241	2216	9263	7013	7501	5032	
DHL	93600	93600	6	3	3	10	17	20	27	0	10	9956991	1810	2357	1241	2216	9263	7013	7501	5032	
DHL	93800	93800	5	3	3	10	16	21	28	0	10	9943429	1810	2357	1241	2216	9263	7013	7501	5032	
DHL	94000	94000	3	3	2	10	15	24	26	0	12	9929750	1810	2357	1241	2216	9263	7013	7501	5032	
DHL	94200	94200	5	4	1	10	16	21	24	0	12	9915489	1810	2357	1241	2216	9263	7013	7501	5032	
DHL	94400	94400	5	4	0	9	19	22	23	0	11	9900660	1810	2357	1241	2216	9263	7013	7501	5032	
DHL	94600	94600	6	4	0	7	19	23	24	0	11	9885293	1810	2357	1241	2216	9263	7013	7501	5032	
DHL	94800	94800	6	4	0	5	18	19	26	0	10	9870129	1810	2357	1241	2216	9263	7013	7501	5032	
DHL	95000	95000	4	4	0	8	16	20	26	0	11	9854477	1810	2357	1241	2216	9263	7013	7501	5032	
DHL	95200	95200	3	3	2	9	16	19	22	0	11	9838786	1810	2357	1241	2216	9263	7013	7501	5032	
DHL	95400	95400	3	3	3	11	14	19	21	0	10	9823657	1810	2357	1241	2216	9263	7013	7501	5032	
DHL	95600	95600	3	5	3	12	16	21	17	0	9	9809133	1810	2357	1241	2216	9263	7013	7501	5032	
DHL	95800	95800	3	6	4	11	17	17	19	0	11	9794614	1810	2357	1241	2216	9263	7013	7501	5032	
DHL	96000	96000	2	5	5	10	19	16	20	0	12	9780200	1810	2357	1241	2216	9263	7013	7501	5032	
DHL	96200	96200	2	6	6	9	18	15	20	0	14	9765208	1810	2357	1241	2216	9263	7013	7501	5032	
DHL	96400	96400	3	7	5	9	17	16	19	0	15	9749202	1810	2357	1241	2216	9263	7013	7501	5032	
DHL	96600	96600	3	6	5	8	16	19	22	0	14	9733456	1810	2357	1241	2216	9263	7013	7501	5032	
DHL	96800	96800	4	6	3	8	16	21	18	0	15	9718203	1810	2357	1241	2216	9263	7013	7501	5032	
DHL	97000	97000	5	7	2	9	15	22	16	0	14	9703508	1810	2357	1241	2216	9263	7013	7501	5032	
DHL	97200	97200	4	5	3	9	16	21	14	0	14	9689126	1810	2357	1241	2216	9263	7013	7501	5032	
DHL	97400	97400	5	5	3	7	16	21	14	0	14	9675441	1810	2357	1241	2216	9263	7013	7501	5032	
DHL	97600	97600	5	5	2	6	17	21	16	0	15	9661328	1810	2357	1241	2216	9263	7013	7501	5032	
DHL	97800	97800	5	5	2	4	16	21	18	0	17	9646312	1810	2357	1241	2216	9263	7013	7501	5032	
DHL	98000	98000	4	6	4	3	14	20	20	0	22	9631476	1810	2357	1241	2216	9263	7013	7501	5032	
DHL	98200	98200	4	6	5	4	15	19	23	0	17	9616942	1810	2357	1241	2216	9263	7013	7501	5032	
DHL	98400	98400	4	7	4	3	16	20	22	0	20	9602282	1810	2357	1241	2216	9263	7013	7501	5032	
DHL	98600	98600	4	6	3	3	18	23	18	0	20	9587519	1810	2357	1241	2216	9263	7013	7501	5032	
DHL	98800	98800	4	4	3	4	19	25	20	0	20	9573215	1810	2357	1241	2216	9263	7013	7501	5032	
DHL	99000	99000	4	4	2	4	18	26	25	0	18	9559076	1810	2357	1241	2216	9263	7013	7501	5032	
DHL	99200	99200	4	2	2	3	23	27	23	0	20	9544054	1810	2357	1241	2216	9263	7013	7501	5032	
DHL	99400	99400	6	1	2	4	21	31	19	0	19	9528993	1810	2357	1241	2216	9263	7013	7501	5032	
DHL	99600	99600	6	1	2	3	19	32	17	0	17	9514008	1810	2357	1241	2216	9263	7013	7501	5032	
DHL	99800	99800	6	1	2	3	17	28	18	0	15	9498877	1810	2357	1241	2216	9263	7013	7501	5032	
DHL	100000	100000	5	1	1	4	20	23	20	0	16	9484582	1810	2357	1241	2216	9263	7013	7501	5032	
