FL	0	0	174	178	4	350	141	73	70	572	14	85018670	6075	4775	148	1925	4244	4632	2536	13292	512	
FL	200	200	180	178	4	352	141	73	70	562	15	84534641	6075	4775	148	1925	4244	4632	2536	13292	512	
FL	400	400	190	171	4	353	138	86	69	566	15	83165476	6075	4775	148	1925	4244	4632	2536	13292	512	
FL	600	600	198	168	6	350	132	95	69	549	17	81517091	6075	4775	148	1925	4244	4632	2536	13292	512	
FL	800	800	200	169	7	337	129	92	70	536	17	79819937	6075	4775	148	1925	4244	4632	2536	13292	512	
FL	1000	1000	194	158	8	325	129	94	65	515	18	78152565	6075	4775	148	1925	4244	4632	2536	13292	512	
FL	1200	1200	190	144	8	308	125	99	67	496	18	76527020	6075	4775	148	1925	4244	4632	2536	13292	512	
FL	1400	1400	190	140	8	307	120	101	66	484	19	74956339	6075	4775	148	1925	4244	4632	2536	13292	512	
FL	1600	1600	189	143	8	311	115	104	65	475	17	73451102	6075	4775	148	1925	4244	4632	2536	13292	512	
FL	1800	1800	191	138	6	308	106	103	62	465	13	72013952	6075	4775	148	1925	4244	4632	2536	13292	512	
FL	2000	2000	190	133	5	305	98	107	61	457	13	70632913	6075	4775	148	1925	4244	4632	2536	13292	512	
FL	2200	2200	189	120	5	295	94	101	63	455	12	69311967	6075	4775	148	1925	4244	4632	2536	13292	512	
FL	2400	2400	184	119	5	285	88	99	65	457	9	68041184	6075	4775	148	1925	4244	4632	2536	13292	512	
FL	2600	2600	183	112	4	279	84	101	66	457	8	66820823	6075	4775	148	1925	4244	4632	2536	13292	512	
FL	2800	2800	189	113	4	276	80	98	61	452	7	65640828	6075	4775	148	1925	4244	4632	2536	13292	512	
FL	3000	3000	186	111	4	272	80	94	56	445	7	64496325	6075	4775	148	1925	4244	4632	2536	13292	512	
FL	3200	3200	185	109	4	268	80	95	61	435	7	63392442	6075	4775	148	1925	4244	4632	2536	13292	512	
FL	3400	3400	183	108	6	266	81	100	63	437	8	62324386	6075	4775	148	1925	4244	4632	2536	13292	512	
FL	3600	3600	180	111	7	262	81	99	56	434	8	61291058	6075	4775	148	1925	4244	4632	2536	13292	512	
FL	3800	3800	177	113	8	262	77	96	58	424	6	60296709	6075	4775	148	1925	4244	4632	2536	13292	512	
FL	4000	4000	170	111	8	262	79	93	59	409	6	59345057	6075	4775	148	1925	4244	4632	2536	13292	512	
FL	4200	4200	165	108	7	260	77	97	58	385	7	58426689	6075	4775	148	1925	4244	4632	2536	13292	512	
FL	4400	4400	167	109	7	259	79	95	57	371	7	57537827	6075	4775	148	1925	4244	4632	2536	13292	512	
FL	4600	4600	169	109	6	258	74	98	57	359	8	56684533	6075	4775	148	1925	4244	4632	2536	13292	512	
FL	4800	4800	177	111	4	255	69	95	54	364	9	55860109	6075	4775	148	1925	4244	4632	2536	13292	512	
FL	5000	5000	173	106	3	253	65	98	57	358	8	55058983	6075	4775	148	1925	4244	4632	2536	13292	512	
FL	5200	5200	167	102	3	243	65	100	58	342	7	54273769	6075	4775	148	1925	4244	4632	2536	13292	512	
FL	5400	5400	167	98	4	238	61	99	52	349	6	53507798	6075	4775	148	1925	4244	4632	2536	13292	512	
FL	5600	5600	164	100	4	235	59	97	46	341	5	52760916	6075	4775	148	1925	4244	4632	2536	13292	512	
FL	5800	5800	153	100	4	233	57	91	44	334	5	52036368	6075	4775	148	1925	4244	4632	2536	13292	512	
FL	6000	6000	148	100	3	227	59	90	44	327	6	51325878	6075	4775	148	1925	4244	4632	2536	13292	512	
FL	6200	6200	139	96	3	222	58	90	45	317	8	50636502	6075	4775	148	1925	4244	4632	2536	13292	512	
FL	6400	6400	134	93	3	218	57	97	45	310	7	49969925	6075	4775	148	1925	4244	4632	2536	13292	512	
FL	6600	6600	133	99	4	219	54	96	45	303	7	49322143	6075	4775	148	1925	4244	4632	2536	13292	512	
FL	6800	6800	136	96	4	212	54	97	41	301	9	48696502	6075	4775	148	1925	4244	4632	2536	13292	512	
FL	7000	7000	135	98	4	209	54	94	44	304	9	48089776	6075	4775	148	1925	4244	4632	2536	13292	512	
FL	7200	7200	136	96	5	206	53	94	42	300	10	47499174	6075	4775	148	1925	4244	4632	2536	13292	512	
FL	7400	7400	133	97	5	204	48	98	40	298	9	46928387	6075	4775	148	1925	4244	4632	2536	13292	512	
FL	7600	7600	134	95	5	207	47	96	43	299	8	46374125	6075	4775	148	1925	4244	4632	2536	13292	512	
FL	7800	7800	134	95	5	202	48	90	38	296	7	45836229	6075	4775	148	1925	4244	4632	2536	13292	512	
FL	8000	8000	137	89	5	188	48	92	40	292	7	45310289	6075	4775	148	1925	4244	4632	2536	13292	512	
FL	8200	8200	136	89	4	187	45	96	41	281	6	44798800	6075	4775	148	1925	4244	4632	2536	13292	512	
FL	8400	8400	135	86	5	184	46	87	37	272	5	44297486	6075	4775	148	1925	4244	4632	2536	13292	512	
FL	8600	8600	131	82	3	181	47	86	36	261	5	43806001	6075	4775	148	1925	4244	4632	2536	13292	512	
FL	8800	8800	124	89	4	171	48	85	34	260	6	43326540	6075	4775	148	1925	4244	4632	2536	13292	512	
FL	9000	9000	121	87	2	174	47	88	33	251	5	42855692	6075	4775	148	1925	4244	4632	2536	13292	512	
FL	9200	9200	123	87	2	171	51	86	32	249	6	42395064	6075	4775	148	1925	4244	4632	2536	13292	512	
FL	9400	9400	124	87	1	168	54	83	32	248	7	41945763	6075	4775	148	1925	4244	4632	2536	13292	512	
FL	9600	9600	121	84	1	156	52	80	30	238	7	41507280	6075	4775	148	1925	4244	4632	2536	13292	512	
FL	9800	9800	119	85	1	151	50	83	30	231	6	41079324	6075	4775	148	1925	4244	4632	2536	13292	512	
FL	10000	10000	121	81	0	144	49	82	32	230	6	40658079	6075	4775	148	1925	4244	4632	2536	13292	512	
FL	10200	10200	127	82	0	146	42	81	33	226	6	40252832	6075	4775	148	1925	4244	4632	2536	13292	512	
FL	10400	10400	133	77	0	147	43	83	33	231	5	39858586	6075	4775	148	1925	4244	4632	2536	13292	512	
FL	10600	10600	134	73	0	141	40	84	36	234	5	39472050	6075	4775	148	1925	4244	4632	2536	13292	512	
FL	10800	10800	127	71	0	140	40	76	36	222	5	39095665	6075	4775	148	1925	4244	4632	2536	13292	512	
FL	11000	11000	129	75	0	136	36	81	34	226	5	38725604	6075	4775	148	1925	4244	4632	2536	13292	512	
FL	11200	11200	128	73	0	127	36	81	33	219	6	38362340	6075	4775	148	1925	4244	4632	2536	13292	512	
FL	11400	11400	128	71	0	120	30	85	34	218	6	38013895	6075	4775	148	1925	4244	4632	2536	13292	512	
FL	11600	11600	130	70	1	117	32	85	29	217	7	37676495	6075	4775	148	1925	4244	4632	2536	13292	512	
FL	11800	11800	131	68	3	113	28	80	26	223	7	37345972	6075	4775	148	1925	4244	4632	2536	13292	512	
FL	12000	12000	128	62	3	107	27	79	25	213	4	37019020	6075	4775	148	1925	4244	4632	2536	13292	512	
FL	12200	12200	130	60	3	105	32	78	24	199	4	36694460	6075	4775	148	1925	4244	4632	2536	13292	512	
FL	12400	12400	127	59	3	104	36	79	27	209	5	36376539	6075	4775	148	1925	4244	4632	2536	13292	512	
FL	12600	12600	118	59	3	104	36	79	27	207	5	36065191	6075	4775	148	1925	4244	4632	2536	13292	512	
FL	12800	12800	123	57	3	101	36	85	26	199	5	35759963	6075	4775	148	1925	4244	4632	2536	13292	512	
FL	13000	13000	117	57	3	101	37	79	29	192	5	35463035	6075	4775	148	1925	4244	4632	2536	13292	512	
FL	13200	13200	125	58	3	99	38	82	27	186	6	35172695	6075	4775	148	1925	4244	4632	2536	13292	512	
FL	13400	13400	112	53	3	93	40	78	25	168	6	34887564	6075	4775	148	1925	4244	4632	2536	13292	512	
FL	13600	13600	108	56	3	83	39	79	26	163	7	34607162	6075	4775	148	1925	4244	4632	2536	13292	512	
FL	13800	13800	101	58	3	83	36	78	26	160	7	34331096	6075	4775	148	1925	4244	4632	2536	13292	512	
FL	14000	14000	97	60	3	80	30	69	28	155	7	34061044	6075	4775	148	1925	4244	4632	2536	13292	512	
FL	14200	14200	95	60	1	79	29	64	28	156	4	33797277	6075	4775	148	1925	4244	4632	2536	13292	512	
FL	14400	14400	95	59	0	79	31	64	34	155	4	33538820	6075	4775	148	1925	4244	4632	2536	13292	512	
FL	14600	14600	94	59	0	80	29	61	35	160	4	33287911	6075	4775	148	1925	4244	4632	2536	13292	512	
FL	14800	14800	91	58	0	80	22	67	37	159	4	33041630	6075	4775	148	1925	4244	4632	2536	13292	512	
FL	15000	15000	93	54	0	78	25	68	34	148	4	32799211	6075	4775	148	1925	4244	4632	2536	13292	512	
FL	15200	15200	90	48	1	79	24	70	33	143	6	32560398	6075	4775	148	1925	4244	4632	2536	13292	512	
FL	15400	15400	92	54	1	78	24	62	33	145	6	32325306	6075	4775	148	1925	4244	4632	2536	13292	512	
FL	15600	15600	96	57	1	78	25	60	36	140	5	32092024	6075	4775	148	1925	4244	4632	2536	13292	512	
FL	15800	15800	97	57	1	77	24	58	38	141	4	31861197	6075	4775	148	1925	4244	4632	2536	13292	512	
FL	16000	16000	91	49	1	76	24	55	35	141	4	31630470	6075	4775	148	1925	4244	4632	2536	13292	512	
FL	16200	16200	95	54	1	77	27	55	37	147	3	31402933	6075	4775	148	1925	4244	4632	2536	13292	512	
FL	16400	16400	98	53	2	74	26	57	35	141	3	31184535	6075	4775	148	1925	4244	4632	2536	13292	512	
FL	16600	16600	103	53	3	70	30	60	33	144	4	30970979	6075	4775	148	1925	4244	4632	2536	13292	512	
FL	16800	16800	112	53	5	69	30	61	32	139	4	30761919	6075	4775	148	1925	4244	4632	2536	13292	512	
FL	17000	17000	112	50	5	65	32	58	29	136	4	30555462	6075	4775	148	1925	4244	4632	2536	13292	512	
FL	17200	17200	106	50	4	62	33	56	31	138	4	30349489	6075	4775	148	1925	4244	4632	2536	13292	512	
FL	17400	17400	101	47	4	59	32	57	35	137	3	30144155	6075	4775	148	1925	4244	4632	2536	13292	512	
FL	17600	17600	96	47	4	55	32	49	30	140	3	29943047	6075	4775	148	1925	4244	4632	2536	13292	512	
FL	17800	17800	85	48	5	55	28	49	35	134	3	29745733	6075	4775	148	1925	4244	4632	2536	13292	512	
FL	18000	18000	88	48	5	55	31	53	34	142	2	29550169	6075	4775	148	1925	4244	4632	2536	13292	512	
FL	18200	18200	85	41	5	54	32	52	34	142	2	29355659	6075	4775	148	1925	4244	4632	2536	13292	512	
FL	18400	18400	78	44	4	54	32	60	33	136	2	29163468	6075	4775	148	1925	4244	4632	2536	13292	512	
FL	18600	18600	83	47	4	54	32	56	34	131	2	28974435	6075	4775	148	1925	4244	4632	2536	13292	512	
FL	18800	18800	82	51	4	54	32	54	33	134	3	28790845	6075	4775	148	1925	4244	4632	2536	13292	512	
FL	19000	19000	82	52	5	53	29	53	34	130	3	28609906	6075	4775	148	1925	4244	4632	2536	13292	512	
FL	19200	19200	84	51	6	56	31	52	35	141	2	28432317	6075	4775	148	1925	4244	4632	2536	13292	512	
FL	19400	19400	74	51	5	56	29	50	34	139	3	28257769	6075	4775	148	1925	4244	4632	2536	13292	512	
FL	19600	19600	78	52	4	56	29	51	34	138	4	28084175	6075	4775	148	1925	4244	4632	2536	13292	512	
FL	19800	19800	79	53	5	56	29	49	32	136	5	27911876	6075	4775	148	1925	4244	4632	2536	13292	512	
FL	20000	20000	83	50	5	55	27	50	29	140	5	27743155	6075	4775	148	1925	4244	4632	2536	13292	512	
FL	20200	20200	88	52	4	55	28	52	30	140	4	27575853	6075	4775	148	1925	4244	4632	2536	13292	512	
FL	20400	20400	87	50	4	55	31	58	32	136	3	27409706	6075	4775	148	1925	4244	4632	2536	13292	512	
FL	20600	20600	86	47	4	51	30	58	34	129	3	27243000	6075	4775	148	1925	4244	4632	2536	13292	512	
FL	20800	20800	89	49	4	51	31	56	37	125	3	27081227	6075	4775	148	1925	4244	4632	2536	13292	512	
FL	21000	21000	85	48	5	51	27	52	36	127	3	26924268	6075	4775	148	1925	4244	4632	2536	13292	512	
FL	21200	21200	83	51	5	53	27	51	39	127	3	26769815	6075	4775	148	1925	4244	4632	2536	13292	512	
FL	21400	21400	83	54	5	53	25	49	37	125	3	26614558	6075	4775	148	1925	4244	4632	2536	13292	512	
FL	21600	21600	81	54	5	53	27	50	36	122	3	26462208	6075	4775	148	1925	4244	4632	2536	13292	512	
FL	21800	21800	82	53	5	54	26	55	30	124	4	26313378	6075	4775	148	1925	4244	4632	2536	13292	512	
FL	22000	22000	80	52	5	56	20	56	29	123	4	26170963	6075	4775	148	1925	4244	4632	2536	13292	512	
FL	22200	22200	77	51	5	55	21	59	31	106	6	26028144	6075	4775	148	1925	4244	4632	2536	13292	512	
FL	22400	22400	77	52	6	55	19	57	29	104	7	25886942	6075	4775	148	1925	4244	4632	2536	13292	512	
FL	22600	22600	71	58	6	53	18	56	29	105	7	25744864	6075	4775	148	1925	4244	4632	2536	13292	512	
FL	22800	22800	68	57	6	52	16	58	28	114	8	25602323	6075	4775	148	1925	4244	4632	2536	13292	512	
FL	23000	23000	71	55	6	50	18	58	26	119	7	25464351	6075	4775	148	1925	4244	4632	2536	13292	512	
FL	23200	23200	68	59	6	49	17	59	25	117	7	25330041	6075	4775	148	1925	4244	4632	2536	13292	512	
FL	23400	23400	71	54	7	49	20	55	24	115	7	25198448	6075	4775	148	1925	4244	4632	2536	13292	512	
FL	23600	23600	70	50	7	49	22	51	24	112	6	25071892	6075	4775	148	1925	4244	4632	2536	13292	512	
FL	23800	23800	69	44	4	48	25	54	26	116	6	24945408	6075	4775	148	1925	4244	4632	2536	13292	512	
FL	24000	24000	67	45	4	46	25	54	26	112	6	24821095	6075	4775	148	1925	4244	4632	2536	13292	512	
FL	24200	24200	62	44	5	46	27	52	24	113	6	24697183	6075	4775	148	1925	4244	4632	2536	13292	512	
FL	24400	24400	63	44	5	49	27	50	24	111	6	24573046	6075	4775	148	1925	4244	4632	2536	13292	512	
FL	24600	24600	69	39	5	49	22	52	21	110	6	24452409	6075	4775	148	1925	4244	4632	2536	13292	512	
FL	24800	24800	70	32	3	49	23	52	22	104	6	24336929	6075	4775	148	1925	4244	4632	2536	13292	512	
FL	25000	25000	63	30	3	48	26	56	25	105	5	24222220	6075	4775	148	1925	4244	4632	2536	13292	512	
FL	25200	25200	67	27	3	47	27	59	27	106	5	24107095	6075	4775	148	1925	4244	4632	2536	13292	512	
FL	25400	25400	68	31	3	47	28	59	27	108	3	23992829	6075	4775	148	1925	4244	4632	2536	13292	512	
FL	25600	25600	65	30	3	42	28	58	29	106	3	23879790	6075	4775	148	1925	4244	4632	2536	13292	512	
FL	25800	25800	73	28	3	41	27	56	30	106	3	23766619	6075	4775	148	1925	4244	4632	2536	13292	512	
FL	26000	26000	70	27	3	42	28	53	30	99	3	23656194	6075	4775	148	1925	4244	4632	2536	13292	512	
FL	26200	26200	70	34	4	43	24	51	30	96	3	23546357	6075	4775	148	1925	4244	4632	2536	13292	512	
FL	26400	26400	66	38	5	46	25	44	29	97	3	23435624	6075	4775	148	1925	4244	4632	2536	13292	512	
FL	26600	26600	66	34	5	42	25	48	28	96	4	23326963	6075	4775	148	1925	4244	4632	2536	13292	512	
FL	26800	26800	64	38	4	38	23	49	27	102	3	23220446	6075	4775	148	1925	4244	4632	2536	13292	512	
FL	27000	27000	61	34	4	40	22	52	29	95	4	23112848	6075	4775	148	1925	4244	4632	2536	13292	512	
FL	27200	27200	56	32	4	43	23	50	29	98	4	23006307	6075	4775	148	1925	4244	4632	2536	13292	512	
FL	27400	27400	57	31	4	44	23	46	31	106	4	22898594	6075	4775	148	1925	4244	4632	2536	13292	512	
FL	27600	27600	56	28	3	42	22	46	34	107	4	22792302	6075	4775	148	1925	4244	4632	2536	13292	512	
FL	27800	27800	56	32	3	41	18	45	34	111	5	22685516	6075	4775	148	1925	4244	4632	2536	13292	512	
FL	28000	28000	56	37	3	39	19	46	34	100	4	22581959	6075	4775	148	1925	4244	4632	2536	13292	512	
FL	28200	28200	55	37	3	40	19	54	29	96	5	22479379	6075	4775	148	1925	4244	4632	2536	13292	512	
FL	28400	28400	52	37	3	39	21	56	29	98	5	22374982	6075	4775	148	1925	4244	4632	2536	13292	512	
FL	28600	28600	55	40	3	39	23	58	26	95	6	22269747	6075	4775	148	1925	4244	4632	2536	13292	512	
FL	28800	28800	57	40	3	38	21	59	25	93	4	22166212	6075	4775	148	1925	4244	4632	2536	13292	512	
FL	29000	29000	60	40	3	37	21	61	30	95	4	22064987	6075	4775	148	1925	4244	4632	2536	13292	512	
FL	29200	29200	59	37	4	36	19	60	33	94	3	21966372	6075	4775	148	1925	4244	4632	2536	13292	512	
FL	29400	29400	57	37	5	35	18	63	33	94	4	21870839	6075	4775	148	1925	4244	4632	2536	13292	512	
FL	29600	29600	57	39	5	33	17	61	33	89	4	21776400	6075	4775	148	1925	4244	4632	2536	13292	512	
FL	29800	29800	58	45	5	33	17	60	32	93	2	21680494	6075	4775	148	1925	4244	4632	2536	13292	512	
FL	30000	30000	60	45	5	30	16	60	31	91	2	21583602	6075	4775	148	1925	4244	4632	2536	13292	512	
FL	30200	30200	53	45	3	29	15	56	31	98	2	21486152	6075	4775	148	1925	4244	4632	2536	13292	512	
FL	30400	30400	54	46	3	29	16	54	24	100	2	21389959	6075	4775	148	1925	4244	4632	2536	13292	512	
FL	30600	30600	60	48	3	30	15	48	24	104	2	21295020	6075	4775	148	1925	4244	4632	2536	13292	512	
FL	30800	30800	56	46	2	30	13	48	25	100	3	21200698	6075	4775	148	1925	4244	4632	2536	13292	512	
FL	31000	31000	54	48	2	30	15	53	24	92	3	21107934	6075	4775	148	1925	4244	4632	2536	13292	512	
FL	31200	31200	55	48	2	26	17	56	23	86	3	21016398	6075	4775	148	1925	4244	4632	2536	13292	512	
FL	31400	31400	54	46	2	25	14	62	23	82	3	20929534	6075	4775	148	1925	4244	4632	2536	13292	512	
FL	31600	31600	48	47	3	24	15	61	19	76	4	20844989	6075	4775	148	1925	4244	4632	2536	13292	512	
FL	31800	31800	46	47	3	20	17	52	19	83	4	20761748	6075	4775	148	1925	4244	4632	2536	13292	512	
FL	32000	32000	48	44	2	19	17	53	19	87	4	20679126	6075	4775	148	1925	4244	4632	2536	13292	512	
FL	32200	32200	53	47	2	19	17	49	19	81	4	20595981	6075	4775	148	1925	4244	4632	2536	13292	512	
FL	32400	32400	54	47	2	16	19	45	19	81	4	20511842	6075	4775	148	1925	4244	4632	2536	13292	512	
FL	32600	32600	52	45	2	16	20	46	19	81	4	20428720	6075	4775	148	1925	4244	4632	2536	13292	512	
FL	32800	32800	48	46	2	14	22	46	17	82	4	20345739	6075	4775	148	1925	4244	4632	2536	13292	512	
FL	33000	33000	47	47	2	14	20	44	19	82	4	20265184	6075	4775	148	1925	4244	4632	2536	13292	512	
FL	33200	33200	47	52	2	15	21	48	18	79	3	20184476	6075	4775	148	1925	4244	4632	2536	13292	512	
FL	33400	33400	47	48	3	16	18	52	19	79	3	20104379	6075	4775	148	1925	4244	4632	2536	13292	512	
FL	33600	33600	50	50	2	16	17	50	17	82	2	20025198	6075	4775	148	1925	4244	4632	2536	13292	512	
FL	33800	33800	50	51	2	17	17	49	16	83	2	19946090	6075	4775	148	1925	4244	4632	2536	13292	512	
FL	34000	34000	48	48	2	16	20	47	16	78	4	19869877	6075	4775	148	1925	4244	4632	2536	13292	512	
FL	34200	34200	50	47	2	17	24	46	14	79	4	19795729	6075	4775	148	1925	4244	4632	2536	13292	512	
FL	34400	34400	47	46	2	16	24	40	16	76	3	19721819	6075	4775	148	1925	4244	4632	2536	13292	512	
FL	34600	34600	51	43	2	15	24	46	17	76	2	19648073	6075	4775	148	1925	4244	4632	2536	13292	512	
FL	34800	34800	49	41	2	13	26	44	19	67	2	19575595	6075	4775	148	1925	4244	4632	2536	13292	512	
FL	35000	35000	47	38	2	12	24	45	14	70	1	19505436	6075	4775	148	1925	4244	4632	2536	13292	512	
FL	35200	35200	49	37	2	15	21	43	16	62	1	19435433	6075	4775	148	1925	4244	4632	2536	13292	512	
FL	35400	35400	49	42	2	16	22	40	14	67	2	19364772	6075	4775	148	1925	4244	4632	2536	13292	512	
FL	35600	35600	51	41	2	13	26	40	17	67	2	19293418	6075	4775	148	1925	4244	4632	2536	13292	512	
FL	35800	35800	54	40	2	14	23	40	19	66	3	19223840	6075	4775	148	1925	4244	4632	2536	13292	512	
FL	36000	36000	56	41	2	13	23	35	21	68	3	19153040	6075	4775	148	1925	4244	4632	2536	13292	512	
FL	36200	36200	56	40	2	12	20	33	21	66	3	19083649	6075	4775	148	1925	4244	4632	2536	13292	512	
FL	36400	36400	60	40	2	10	20	34	20	63	4	19014581	6075	4775	148	1925	4244	4632	2536	13292	512	
FL	36600	36600	60	39	2	12	20	34	20	61	4	18946603	6075	4775	148	1925	4244	4632	2536	13292	512	
FL	36800	36800	60	37	1	12	18	33	18	61	3	18878619	6075	4775	148	1925	4244	4632	2536	13292	512	
FL	37000	37000	56	35	1	12	18	30	15	60	3	18810116	6075	4775	148	1925	4244	4632	2536	13292	512	
FL	37200	37200	60	37	2	10	18	32	15	60	1	18742239	6075	4775	148	1925	4244	4632	2536	13292	512	
FL	37400	37400	53	35	2	11	18	28	16	59	2	18675205	6075	4775	148	1925	4244	4632	2536	13292	512	
FL	37600	37600	60	35	2	10	16	26	16	61	2	18609218	6075	4775	148	1925	4244	4632	2536	13292	512	
FL	37800	37800	59	31	2	11	17	29	16	60	2	18542669	6075	4775	148	1925	4244	4632	2536	13292	512	
FL	38000	38000	56	29	2	12	14	27	14	58	2	18476657	6075	4775	148	1925	4244	4632	2536	13292	512	
FL	38200	38200	55	25	2	12	15	25	13	62	2	18411910	6075	4775	148	1925	4244	4632	2536	13292	512	
FL	38400	38400	53	27	3	11	18	24	14	60	2	18346684	6075	4775	148	1925	4244	4632	2536	13292	512	
FL	38600	38600	51	24	2	10	15	26	12	61	2	18284221	6075	4775	148	1925	4244	4632	2536	13292	512	
FL	38800	38800	50	22	1	10	14	24	10	61	2	18221714	6075	4775	148	1925	4244	4632	2536	13292	512	
FL	39000	39000	54	22	1	10	16	27	9	65	1	18158186	6075	4775	148	1925	4244	4632	2536	13292	512	
FL	39200	39200	51	22	1	8	16	24	12	64	1	18093545	6075	4775	148	1925	4244	4632	2536	13292	512	
FL	39400	39400	48	24	1	7	17	25	12	62	1	18028927	6075	4775	148	1925	4244	4632	2536	13292	512	
FL	39600	39600	47	23	1	7	13	24	13	64	1	17965805	6075	4775	148	1925	4244	4632	2536	13292	512	
FL	39800	39800	47	23	0	8	14	24	13	60	1	17902390	6075	4775	148	1925	4244	4632	2536	13292	512	
FL	40000	40000	44	23	0	8	14	25	13	56	1	17837762	6075	4775	148	1925	4244	4632	2536	13292	512	
FL	40200	40200	41	25	0	11	15	28	12	64	0	17772344	6075	4775	148	1925	4244	4632	2536	13292	512	
FL	40400	40400	42	27	1	12	13	35	14	64	1	17707152	6075	4775	148	1925	4244	4632	2536	13292	512	
FL	40600	40600	43	28	1	9	12	32	14	67	1	17644297	6075	4775	148	1925	4244	4632	2536	13292	512	
FL	40800	40800	42	29	1	10	11	32	14	65	1	17582960	6075	4775	148	1925	4244	4632	2536	13292	512	
FL	41000	41000	48	32	1	9	12	32	13	63	3	17523885	6075	4775	148	1925	4244	4632	2536	13292	512	
FL	41200	41200	47	37	1	9	12	32	16	66	3	17464842	6075	4775	148	1925	4244	4632	2536	13292	512	
FL	41400	41400	48	37	0	9	12	33	14	71	3	17406482	6075	4775	148	1925	4244	4632	2536	13292	512	
FL	41600	41600	52	36	0	9	15	32	14	71	2	17347870	6075	4775	148	1925	4244	4632	2536	13292	512	
FL	41800	41800	55	38	0	8	16	32	13	71	1	17289044	6075	4775	148	1925	4244	4632	2536	13292	512	
FL	42000	42000	48	37	0	9	16	31	14	68	1	17230809	6075	4775	148	1925	4244	4632	2536	13292	512	
FL	42200	42200	46	35	0	10	17	29	14	69	1	17173637	6075	4775	148	1925	4244	4632	2536	13292	512	
FL	42400	42400	43	32	0	6	16	30	16	74	2	17116319	6075	4775	148	1925	4244	4632	2536	13292	512	
FL	42600	42600	40	36	0	7	13	26	18	73	2	17060377	6075	4775	148	1925	4244	4632	2536	13292	512	
FL	42800	42800	38	36	0	7	12	24	16	75	2	17005272	6075	4775	148	1925	4244	4632	2536	13292	512	
FL	43000	43000	40	36	0	7	12	28	15	70	1	16951118	6075	4775	148	1925	4244	4632	2536	13292	512	
FL	43200	43200	37	33	1	7	12	28	11	70	1	16896945	6075	4775	148	1925	4244	4632	2536	13292	512	
FL	43400	43400	39	33	1	8	11	27	12	73	1	16842267	6075	4775	148	1925	4244	4632	2536	13292	512	
FL	43600	43600	45	29	1	7	11	31	10	70	1	16790936	6075	4775	148	1925	4244	4632	2536	13292	512	
FL	43800	43800	46	29	1	7	11	27	11	69	1	16738676	6075	4775	148	1925	4244	4632	2536	13292	512	
FL	44000	44000	45	25	1	9	16	26	14	66	1	16687863	6075	4775	148	1925	4244	4632	2536	13292	512	
FL	44200	44200	43	24	1	8	15	30	15	59	1	16636428	6075	4775	148	1925	4244	4632	2536	13292	512	
FL	44400	44400	40	18	1	8	18	27	15	61	1	16585124	6075	4775	148	1925	4244	4632	2536	13292	512	
FL	44600	44600	44	21	0	7	20	28	14	61	1	16533823	6075	4775	148	1925	4244	4632	2536	13292	512	
FL	44800	44800	37	20	1	5	21	32	14	55	0	16482870	6075	4775	148	1925	4244	4632	2536	13292	512	
FL	45000	45000	35	24	2	5	22	27	15	53	0	16433652	6075	4775	148	1925	4244	4632	2536	13292	512	
FL	45200	45200	34	24	2	7	20	26	15	59	0	16385696	6075	4775	148	1925	4244	4632	2536	13292	512	
FL	45400	45400	33	21	2	7	20	26	14	58	0	16338216	6075	4775	148	1925	4244	4632	2536	13292	512	
FL	45600	45600	36	24	2	7	19	23	11	57	0	16292983	6075	4775	148	1925	4244	4632	2536	13292	512	
FL	45800	45800	36	25	2	6	19	19	12	57	1	16250520	6075	4775	148	1925	4244	4632	2536	13292	512	
FL	46000	46000	41	24	2	6	18	19	13	55	1	16207204	6075	4775	148	1925	4244	4632	2536	13292	512	
FL	46200	46200	38	24	2	6	15	19	11	51	1	16164209	6075	4775	148	1925	4244	4632	2536	13292	512	
FL	46400	46400	36	24	2	7	16	20	13	47	3	16120404	6075	4775	148	1925	4244	4632	2536	13292	512	
FL	46600	46600	32	22	2	7	15	24	11	52	4	16076170	6075	4775	148	1925	4244	4632	2536	13292	512	
FL	46800	46800	30	21	1	6	12	23	10	52	2	16033508	6075	4775	148	1925	4244	4632	2536	13292	512	
FL	47000	47000	26	23	1	6	12	27	10	53	2	15989913	6075	4775	148	1925	4244	4632	2536	13292	512	
FL	47200	47200	26	23	1	6	13	27	10	56	2	15946540	6075	4775	148	1925	4244	4632	2536	13292	512	
FL	47400	47400	27	23	1	6	12	30	10	52	3	15902951	6075	4775	148	1925	4244	4632	2536	13292	512	
FL	47600	47600	24	24	1	5	14	28	11	53	3	15858555	6075	4775	148	1925	4244	4632	2536	13292	512	
FL	47800	47800	27	24	1	4	15	28	11	59	3	15816245	6075	4775	148	1925	4244	4632	2536	13292	512	
FL	48000	48000	26	25	1	5	15	26	11	56	3	15775399	6075	4775	148	1925	4244	4632	2536	13292	512	
FL	48200	48200	28	23	1	5	15	27	11	48	3	15734119	6075	4775	148	1925	4244	4632	2536	13292	512	
FL	48400	48400	32	23	1	5	17	24	12	45	3	15691687	6075	4775	148	1925	4244	4632	2536	13292	512	
FL	48600	48600	35	24	1	4	18	22	13	46	3	15649146	6075	4775	148	1925	4244	4632	2536	13292	512	
FL	48800	48800	34	31	2	4	16	23	12	52	4	15605743	6075	4775	148	1925	4244	4632	2536	13292	512	
FL	49000	49000	35	29	2	5	20	21	14	57	3	15563340	6075	4775	148	1925	4244	4632	2536	13292	512	
FL	49200	49200	31	30	2	5	20	21	14	59	3	15522731	6075	4775	148	1925	4244	4632	2536	13292	512	
FL	49400	49400	34	29	2	5	21	21	13	62	1	15483908	6075	4775	148	1925	4244	4632	2536	13292	512	
FL	49600	49600	38	28	1	4	20	23	12	63	0	15446352	6075	4775	148	1925	4244	4632	2536	13292	512	
FL	49800	49800	37	31	1	4	21	26	12	67	1	15409624	6075	4775	148	1925	4244	4632	2536	13292	512	
FL	50000	50000	36	33	1	5	21	27	13	68	1	15372404	6075	4775	148	1925	4244	4632	2536	13292	512	
FL	50200	50200	36	33	1	4	20	25	13	67	1	15336603	6075	4775	148	1925	4244	4632	2536	13292	512	
FL	50400	50400	32	31	1	6	20	23	11	67	1	15301801	6075	4775	148	1925	4244	4632	2536	13292	512	
FL	50600	50600	32	30	1	8	20	22	12	66	1	15267397	6075	4775	148	1925	4244	4632	2536	13292	512	
FL	50800	50800	33	33	1	9	20	22	9	71	1	15233231	6075	4775	148	1925	4244	4632	2536	13292	512	
FL	51000	51000	32	31	1	9	19	25	8	79	0	15196949	6075	4775	148	1925	4244	4632	2536	13292	512	
FL	51200	51200	32	29	1	7	19	24	8	75	0	15159565	6075	4775	148	1925	4244	4632	2536	13292	512	
FL	51400	51400	33	32	0	8	19	25	9	66	0	15122032	6075	4775	148	1925	4244	4632	2536	13292	512	
FL	51600	51600	35	34	0	9	19	25	11	62	0	15084091	6075	4775	148	1925	4244	4632	2536	13292	512	
FL	51800	51800	36	35	0	10	20	23	12	63	0	15044480	6075	4775	148	1925	4244	4632	2536	13292	512	
FL	52000	52000	42	32	0	12	20	23	14	63	0	15005051	6075	4775	148	1925	4244	4632	2536	13292	512	
FL	52200	52200	41	30	0	11	19	24	14	64	0	14967806	6075	4775	148	1925	4244	4632	2536	13292	512	
FL	52400	52400	42	30	0	8	20	23	14	62	0	14931785	6075	4775	148	1925	4244	4632	2536	13292	512	
FL	52600	52600	37	24	0	9	20	22	13	62	1	14896205	6075	4775	148	1925	4244	4632	2536	13292	512	
FL	52800	52800	38	19	1	10	21	23	12	59	2	14860433	6075	4775	148	1925	4244	4632	2536	13292	512	
FL	53000	53000	32	19	1	9	24	23	12	60	2	14824771	6075	4775	148	1925	4244	4632	2536	13292	512	
FL	53200	53200	29	17	1	8	24	21	12	53	1	14789086	6075	4775	148	1925	4244	4632	2536	13292	512	
FL	53400	53400	30	17	1	7	26	22	12	54	1	14753742	6075	4775	148	1925	4244	4632	2536	13292	512	
FL	53600	53600	28	15	1	7	22	25	13	54	1	14717929	6075	4775	148	1925	4244	4632	2536	13292	512	
FL	53800	53800	28	17	1	5	23	25	12	57	1	14681729	6075	4775	148	1925	4244	4632	2536	13292	512	
FL	54000	54000	26	22	1	5	23	27	13	56	1	14646473	6075	4775	148	1925	4244	4632	2536	13292	512	
FL	54200	54200	24	21	1	5	21	24	12	50	1	14612773	6075	4775	148	1925	4244	4632	2536	13292	512	
FL	54400	54400	25	22	1	4	23	24	11	53	1	14578803	6075	4775	148	1925	4244	4632	2536	13292	512	
FL	54600	54600	28	22	0	3	24	21	14	55	1	14544215	6075	4775	148	1925	4244	4632	2536	13292	512	
FL	54800	54800	29	23	0	4	21	22	13	57	1	14509816	6075	4775	148	1925	4244	4632	2536	13292	512	
FL	55000	55000	27	24	0	4	18	21	15	52	1	14476504	6075	4775	148	1925	4244	4632	2536	13292	512	
FL	55200	55200	29	20	0	4	17	20	14	55	0	14442359	6075	4775	148	1925	4244	4632	2536	13292	512	
FL	55400	55400	34	19	0	6	17	17	13	52	0	14407049	6075	4775	148	1925	4244	4632	2536	13292	512	
FL	55600	55600	32	19	0	6	16	19	11	49	0	14371959	6075	4775	148	1925	4244	4632	2536	13292	512	
FL	55800	55800	29	20	0	6	13	22	10	50	0	14336488	6075	4775	148	1925	4244	4632	2536	13292	512	
FL	56000	56000	25	24	0	4	11	20	10	47	0	14302843	6075	4775	148	1925	4244	4632	2536	13292	512	
FL	56200	56200	24	26	0	4	12	21	13	46	0	14270973	6075	4775	148	1925	4244	4632	2536	13292	512	
FL	56400	56400	26	24	0	3	11	27	12	44	0	14239503	6075	4775	148	1925	4244	4632	2536	13292	512	
FL	56600	56600	25	21	0	4	15	27	11	44	0	14207413	6075	4775	148	1925	4244	4632	2536	13292	512	
FL	56800	56800	28	23	0	2	14	23	12	43	0	14174564	6075	4775	148	1925	4244	4632	2536	13292	512	
FL	57000	57000	29	23	0	2	16	24	11	44	2	14141922	6075	4775	148	1925	4244	4632	2536	13292	512	
FL	57200	57200	31	21	0	2	15	24	11	47	3	14109520	6075	4775	148	1925	4244	4632	2536	13292	512	
FL	57400	57400	31	19	0	2	16	18	11	44	2	14077645	6075	4775	148	1925	4244	4632	2536	13292	512	
FL	57600	57600	31	17	1	3	14	25	11	42	2	14047007	6075	4775	148	1925	4244	4632	2536	13292	512	
FL	57800	57800	32	15	1	4	14	29	10	50	1	14015599	6075	4775	148	1925	4244	4632	2536	13292	512	
FL	58000	58000	33	18	1	4	13	31	8	53	1	13985143	6075	4775	148	1925	4244	4632	2536	13292	512	
FL	58200	58200	31	19	1	4	11	35	7	54	1	13953931	6075	4775	148	1925	4244	4632	2536	13292	512	
FL	58400	58400	29	16	1	4	12	34	9	58	1	13923271	6075	4775	148	1925	4244	4632	2536	13292	512	
FL	58600	58600	29	20	3	4	11	38	8	62	1	13892672	6075	4775	148	1925	4244	4632	2536	13292	512	
FL	58800	58800	31	17	3	4	13	35	10	59	1	13861652	6075	4775	148	1925	4244	4632	2536	13292	512	
FL	59000	59000	30	17	2	3	11	34	10	58	0	13829994	6075	4775	148	1925	4244	4632	2536	13292	512	
FL	59200	59200	33	19	1	4	12	34	9	56	2	13798201	6075	4775	148	1925	4244	4632	2536	13292	512	
FL	59400	59400	35	21	1	4	10	34	10	56	2	13766464	6075	4775	148	1925	4244	4632	2536	13292	512	
FL	59600	59600	34	18	1	4	11	32	11	50	1	13735861	6075	4775	148	1925	4244	4632	2536	13292	512	
FL	59800	59800	36	20	1	5	11	32	11	50	0	13706069	6075	4775	148	1925	4244	4632	2536	13292	512	
FL	60000	60000	38	18	0	5	13	31	10	48	0	13676568	6075	4775	148	1925	4244	4632	2536	13292	512	
FL	60200	60200	38	17	0	5	14	31	10	48	0	13648512	6075	4775	148	1925	4244	4632	2536	13292	512	
FL	60400	60400	40	16	0	3	13	28	8	52	1	13619714	6075	4775	148	1925	4244	4632	2536	13292	512	
FL	60600	60600	38	18	0	3	14	29	8	46	1	13590062	6075	4775	148	1925	4244	4632	2536	13292	512	
FL	60800	60800	36	18	0	3	15	27	11	48	2	13560863	6075	4775	148	1925	4244	4632	2536	13292	512	
FL	61000	61000	38	19	0	3	15	24	12	47	2	13531712	6075	4775	148	1925	4244	4632	2536	13292	512	
FL	61200	61200	37	22	0	3	10	21	14	48	2	13502747	6075	4775	148	1925	4244	4632	2536	13292	512	
FL	61400	61400	38	24	0	3	9	21	16	39	2	13472602	6075	4775	148	1925	4244	4632	2536	13292	512	
FL	61600	61600	33	21	0	3	5	27	15	41	2	13443534	6075	4775	148	1925	4244	4632	2536	13292	512	
FL	61800	61800	35	20	0	2	7	29	16	41	2	13415193	6075	4775	148	1925	4244	4632	2536	13292	512	
FL	62000	62000	33	19	0	1	8	30	17	44	1	13385645	6075	4775	148	1925	4244	4632	2536	13292	512	
FL	62200	62200	35	20	0	1	9	27	15	42	1	13354299	6075	4775	148	1925	4244	4632	2536	13292	512	
FL	62400	62400	32	20	0	2	9	26	15	47	1	13322477	6075	4775	148	1925	4244	4632	2536	13292	512	
FL	62600	62600	29	16	0	3	10	27	13	46	1	13289659	6075	4775	148	1925	4244	4632	2536	13292	512	
FL	62800	62800	27	14	0	3	14	25	11	44	1	13257057	6075	4775	148	1925	4244	4632	2536	13292	512	
FL	63000	63000	27	13	0	3	13	21	12	42	1	13224499	6075	4775	148	1925	4244	4632	2536	13292	512	
FL	63200	63200	26	14	0	3	14	25	12	44	1	13192164	6075	4775	148	1925	4244	4632	2536	13292	512	
FL	63400	63400	30	16	0	3	17	28	14	49	0	13160411	6075	4775	148	1925	4244	4632	2536	13292	512	
FL	63600	63600	30	16	0	3	14	29	15	50	0	13129621	6075	4775	148	1925	4244	4632	2536	13292	512	
FL	63800	63800	32	14	0	4	12	28	15	56	0	13099741	6075	4775	148	1925	4244	4632	2536	13292	512	
FL	64000	64000	31	15	0	4	11	30	17	59	1	13070977	6075	4775	148	1925	4244	4632	2536	13292	512	
FL	64200	64200	28	17	0	3	11	28	14	56	2	13043762	6075	4775	148	1925	4244	4632	2536	13292	512	
FL	64400	64400	23	17	0	3	11	22	13	54	2	13014588	6075	4775	148	1925	4244	4632	2536	13292	512	
FL	64600	64600	23	16	0	2	9	22	15	54	3	12986249	6075	4775	148	1925	4244	4632	2536	13292	512	
FL	64800	64800	23	17	0	2	9	18	14	53	3	12959356	6075	4775	148	1925	4244	4632	2536	13292	512	
FL	65000	65000	21	20	0	3	13	16	14	52	3	12934175	6075	4775	148	1925	4244	4632	2536	13292	512	
FL	65200	65200	22	18	0	4	13	17	16	51	3	12908914	6075	4775	148	1925	4244	4632	2536	13292	512	
FL	65400	65400	22	18	0	8	11	20	16	52	3	12883365	6075	4775	148	1925	4244	4632	2536	13292	512	
FL	65600	65600	25	18	0	8	11	20	16	52	3	12857411	6075	4775	148	1925	4244	4632	2536	13292	512	
FL	65800	65800	24	17	0	8	10	19	16	51	3	12830453	6075	4775	148	1925	4244	4632	2536	13292	512	
FL	66000	66000	24	20	0	9	9	17	14	51	2	12804738	6075	4775	148	1925	4244	4632	2536	13292	512	
FL	66200	66200	25	16	0	9	9	18	13	49	2	12779946	6075	4775	148	1925	4244	4632	2536	13292	512	
FL	66400	66400	25	17	0	9	10	14	15	49	3	12755042	6075	4775	148	1925	4244	4632	2536	13292	512	
FL	66600	66600	27	17	0	10	12	15	15	52	3	12729693	6075	4775	148	1925	4244	4632	2536	13292	512	
FL	66800	66800	24	15	0	11	12	18	14	54	2	12703705	6075	4775	148	1925	4244	4632	2536	13292	512	
FL	67000	67000	25	16	0	12	13	18	11	49	1	12678118	6075	4775	148	1925	4244	4632	2536	13292	512	
FL	67200	67200	27	18	0	11	12	19	11	45	1	12654023	6075	4775	148	1925	4244	4632	2536	13292	512	
FL	67400	67400	28	18	0	11	7	20	11	41	1	12631157	6075	4775	148	1925	4244	4632	2536	13292	512	
FL	67600	67600	29	20	0	10	8	21	12	42	1	12608482	6075	4775	148	1925	4244	4632	2536	13292	512	
FL	67800	67800	28	19	0	9	7	20	12	36	1	12585582	6075	4775	148	1925	4244	4632	2536	13292	512	
FL	68000	68000	25	18	0	8	9	20	11	36	1	12562244	6075	4775	148	1925	4244	4632	2536	13292	512	
FL	68200	68200	22	17	0	7	10	19	12	35	1	12538371	6075	4775	148	1925	4244	4632	2536	13292	512	
FL	68400	68400	23	16	0	7	8	19	11	35	2	12514589	6075	4775	148	1925	4244	4632	2536	13292	512	
FL	68600	68600	19	20	0	7	7	22	10	39	1	12491245	6075	4775	148	1925	4244	4632	2536	13292	512	
FL	68800	68800	20	20	0	7	6	24	12	39	2	12467037	6075	4775	148	1925	4244	4632	2536	13292	512	
FL	69000	69000	20	19	0	6	9	28	11	37	2	12443953	6075	4775	148	1925	4244	4632	2536	13292	512	
FL	69200	69200	21	20	0	6	11	26	10	35	2	12421514	6075	4775	148	1925	4244	4632	2536	13292	512	
FL	69400	69400	22	19	0	7	9	25	10	39	2	12398739	6075	4775	148	1925	4244	4632	2536	13292	512	
FL	69600	69600	22	22	0	7	7	29	14	38	1	12377161	6075	4775	148	1925	4244	4632	2536	13292	512	
FL	69800	69800	22	21	0	5	7	29	13	39	1	12356441	6075	4775	148	1925	4244	4632	2536	13292	512	
FL	70000	70000	18	19	0	5	6	34	12	40	1	12335895	6075	4775	148	1925	4244	4632	2536	13292	512	
FL	70200	70200	15	19	0	5	11	30	12	39	2	12316366	6075	4775	148	1925	4244	4632	2536	13292	512	
FL	70400	70400	18	18	0	3	15	33	13	39	1	12296495	6075	4775	148	1925	4244	4632	2536	13292	512	
FL	70600	70600	25	18	0	4	15	32	14	36	1	12275594	6075	4775	148	1925	4244	4632	2536	13292	512	
FL	70800	70800	26	17	0	5	14	33	13	30	1	12253763	6075	4775	148	1925	4244	4632	2536	13292	512	
FL	71000	71000	27	15	0	5	16	32	13	29	1	12230669	6075	4775	148	1925	4244	4632	2536	13292	512	
FL	71200	71200	27	15	0	6	18	34	12	34	1	12206047	6075	4775	148	1925	4244	4632	2536	13292	512	
FL	71400	71400	23	15	1	5	18	34	11	36	2	12180400	6075	4775	148	1925	4244	4632	2536	13292	512	
FL	71600	71600	19	15	2	4	16	37	11	43	2	12155679	6075	4775	148	1925	4244	4632	2536	13292	512	
FL	71800	71800	19	13	2	4	16	36	12	44	2	12131378	6075	4775	148	1925	4244	4632	2536	13292	512	
FL	72000	72000	23	13	2	3	18	33	11	41	2	12106298	6075	4775	148	1925	4244	4632	2536	13292	512	
FL	72200	72200	24	16	1	3	16	34	14	37	2	12081867	6075	4775	148	1925	4244	4632	2536	13292	512	
FL	72400	72400	21	16	1	3	16	32	14	44	1	12058206	6075	4775	148	1925	4244	4632	2536	13292	512	
FL	72600	72600	21	15	1	4	13	29	15	50	2	12035701	6075	4775	148	1925	4244	4632	2536	13292	512	
FL	72800	72800	21	16	1	5	13	25	12	50	2	12012965	6075	4775	148	1925	4244	4632	2536	13292	512	
FL	73000	73000	18	17	2	5	14	24	15	49	2	11990347	6075	4775	148	1925	4244	4632	2536	13292	512	
FL	73200	73200	18	17	2	5	14	23	15	48	2	11968275	6075	4775	148	1925	4244	4632	2536	13292	512	
FL	73400	73400	24	13	2	3	12	23	15	46	1	11946632	6075	4775	148	1925	4244	4632	2536	13292	512	
FL	73600	73600	23	14	2	4	12	25	16	43	1	11924737	6075	4775	148	1925	4244	4632	2536	13292	512	
FL	73800	73800	20	14	3	4	15	25	16	40	1	11902808	6075	4775	148	1925	4244	4632	2536	13292	512	
FL	74000	74000	20	16	3	6	13	22	14	41	0	11880952	6075	4775	148	1925	4244	4632	2536	13292	512	
FL	74200	74200	19	15	3	8	16	20	13	41	0	11858710	6075	4775	148	1925	4244	4632	2536	13292	512	
FL	74400	74400	22	17	2	8	14	22	12	42	0	11836730	6075	4775	148	1925	4244	4632	2536	13292	512	
FL	74600	74600	22	18	2	7	16	22	13	38	0	11815331	6075	4775	148	1925	4244	4632	2536	13292	512	
FL	74800	74800	24	18	2	10	19	25	13	38	0	11793042	6075	4775	148	1925	4244	4632	2536	13292	512	
FL	75000	75000	24	18	2	7	24	21	12	44	0	11769442	6075	4775	148	1925	4244	4632	2536	13292	512	
FL	75200	75200	22	20	2	7	21	23	11	46	0	11744704	6075	4775	148	1925	4244	4632	2536	13292	512	
FL	75400	75400	24	20	3	7	20	23	10	46	1	11720707	6075	4775	148	1925	4244	4632	2536	13292	512	
FL	75600	75600	23	21	3	4	19	29	10	49	1	11697838	6075	4775	148	1925	4244	4632	2536	13292	512	
FL	75800	75800	20	22	3	4	17	28	10	48	1	11676317	6075	4775	148	1925	4244	4632	2536	13292	512	
FL	76000	76000	20	22	2	3	17	27	10	49	1	11654057	6075	4775	148	1925	4244	4632	2536	13292	512	
FL	76200	76200	23	22	2	2	17	24	10	48	1	11630742	6075	4775	148	1925	4244	4632	2536	13292	512	
FL	76400	76400	22	19	0	1	14	22	9	46	1	11608420	6075	4775	148	1925	4244	4632	2536	13292	512	
FL	76600	76600	23	17	0	3	11	22	9	45	2	11585819	6075	4775	148	1925	4244	4632	2536	13292	512	
FL	76800	76800	22	17	0	5	10	18	9	43	3	11563661	6075	4775	148	1925	4244	4632	2536	13292	512	
FL	77000	77000	17	19	0	5	9	16	9	38	3	11542317	6075	4775	148	1925	4244	4632	2536	13292	512	
FL	77200	77200	18	19	1	6	11	17	9	37	3	11520063	6075	4775	148	1925	4244	4632	2536	13292	512	
FL	77400	77400	14	19	1	4	11	15	10	41	2	11496833	6075	4775	148	1925	4244	4632	2536	13292	512	
FL	77600	77600	15	21	1	5	10	14	10	41	3	11472801	6075	4775	148	1925	4244	4632	2536	13292	512	
FL	77800	77800	13	20	1	6	12	15	9	46	3	11448996	6075	4775	148	1925	4244	4632	2536	13292	512	
FL	78000	78000	16	19	2	5	10	17	9	48	3	11424828	6075	4775	148	1925	4244	4632	2536	13292	512	
FL	78200	78200	19	19	2	5	11	20	11	48	3	11400879	6075	4775	148	1925	4244	4632	2536	13292	512	
FL	78400	78400	21	20	2	5	11	19	11	54	3	11377415	6075	4775	148	1925	4244	4632	2536	13292	512	
FL	78600	78600	23	18	2	6	12	20	14	56	2	11353996	6075	4775	148	1925	4244	4632	2536	13292	512	
FL	78800	78800	23	18	2	6	11	16	15	51	2	11332245	6075	4775	148	1925	4244	4632	2536	13292	512	
FL	79000	79000	24	18	2	4	9	15	15	51	2	11311143	6075	4775	148	1925	4244	4632	2536	13292	512	
FL	79200	79200	26	17	1	3	11	16	16	56	2	11290299	6075	4775	148	1925	4244	4632	2536	13292	512	
FL	79400	79400	23	16	1	2	11	18	15	57	1	11269303	6075	4775	148	1925	4244	4632	2536	13292	512	
FL	79600	79600	24	21	1	3	15	20	17	51	1	11248239	6075	4775	148	1925	4244	4632	2536	13292	512	
FL	79800	79800	30	18	1	3	14	19	18	53	2	11226915	6075	4775	148	1925	4244	4632	2536	13292	512	
FL	80000	80000	29	18	1	4	15	20	18	57	3	11205242	6075	4775	148	1925	4244	4632	2536	13292	512	
FL	80200	80200	25	21	0	4	17	21	15	55	3	11182456	6075	4775	148	1925	4244	4632	2536	13292	512	
FL	80400	80400	21	22	0	2	14	19	16	51	3	11159754	6075	4775	148	1925	4244	4632	2536	13292	512	
FL	80600	80600	19	22	0	3	15	20	14	53	0	11136607	6075	4775	148	1925	4244	4632	2536	13292	512	
FL	80800	80800	18	23	0	2	13	19	15	52	0	11113034	6075	4775	148	1925	4244	4632	2536	13292	512	
FL	81000	81000	13	21	0	3	9	20	15	51	0	11088552	6075	4775	148	1925	4244	4632	2536	13292	512	
FL	81200	81200	16	21	0	4	7	22	17	53	0	11064254	6075	4775	148	1925	4244	4632	2536	13292	512	
FL	81400	81400	19	25	0	3	6	22	17	52	0	11040286	6075	4775	148	1925	4244	4632	2536	13292	512	
FL	81600	81600	18	27	0	1	7	24	14	55	0	11018514	6075	4775	148	1925	4244	4632	2536	13292	512	
FL	81800	81800	19	26	0	1	11	23	17	52	0	10996799	6075	4775	148	1925	4244	4632	2536	13292	512	
FL	82000	82000	20	25	0	2	12	23	18	54	0	10975014	6075	4775	148	1925	4244	4632	2536	13292	512	
FL	82200	82200	21	29	0	3	11	19	16	54	0	10953023	6075	4775	148	1925	4244	4632	2536	13292	512	
FL	82400	82400	23	30	0	3	9	20	16	55	1	10931086	6075	4775	148	1925	4244	4632	2536	13292	512	
FL	82600	82600	25	31	0	3	12	22	16	55	2	10909939	6075	4775	148	1925	4244	4632	2536	13292	512	
FL	82800	82800	23	34	1	1	13	21	16	51	2	10890135	6075	4775	148	1925	4244	4632	2536	13292	512	
FL	83000	83000	27	34	1	2	11	27	12	45	2	10869872	6075	4775	148	1925	4244	4632	2536	13292	512	
FL	83200	83200	25	32	1	2	11	27	14	44	2	10849469	6075	4775	148	1925	4244	4632	2536	13292	512	
FL	83400	83400	26	31	1	2	12	25	14	44	2	10830017	6075	4775	148	1925	4244	4632	2536	13292	512	
FL	83600	83600	26	26	1	2	12	23	16	40	2	10811167	6075	4775	148	1925	4244	4632	2536	13292	512	
FL	83800	83800	27	28	1	3	13	18	15	36	2	10792718	6075	4775	148	1925	4244	4632	2536	13292	512	
FL	84000	84000	26	28	1	4	13	14	15	37	2	10775018	6075	4775	148	1925	4244	4632	2536	13292	512	
FL	84200	84200	25	28	1	5	12	12	13	41	2	10756691	6075	4775	148	1925	4244	4632	2536	13292	512	
FL	84400	84400	23	30	1	7	11	10	10	46	1	10738119	6075	4775	148	1925	4244	4632	2536	13292	512	
FL	84600	84600	23	25	0	6	11	12	9	47	1	10720178	6075	4775	148	1925	4244	4632	2536	13292	512	
FL	84800	84800	22	24	0	5	12	14	9	49	1	10702018	6075	4775	148	1925	4244	4632	2536	13292	512	
FL	85000	85000	20	20	0	5	11	13	8	47	2	10683609	6075	4775	148	1925	4244	4632	2536	13292	512	
FL	85200	85200	19	17	0	4	14	14	10	48	1	10665746	6075	4775	148	1925	4244	4632	2536	13292	512	
FL	85400	85400	21	18	0	3	14	11	10	44	1	10647838	6075	4775	148	1925	4244	4632	2536	13292	512	
FL	85600	85600	21	19	0	3	14	14	10	45	1	10628850	6075	4775	148	1925	4244	4632	2536	13292	512	
FL	85800	85800	23	19	0	6	11	15	10	46	1	10609678	6075	4775	148	1925	4244	4632	2536	13292	512	
FL	86000	86000	30	17	0	5	11	17	11	45	1	10590999	6075	4775	148	1925	4244	4632	2536	13292	512	
FL	86200	86200	31	18	0	5	12	19	13	40	2	10571848	6075	4775	148	1925	4244	4632	2536	13292	512	
FL	86400	86400	30	19	0	6	13	19	14	42	2	10554003	6075	4775	148	1925	4244	4632	2536	13292	512	
FL	86600	86600	29	17	0	6	15	18	17	52	2	10537502	6075	4775	148	1925	4244	4632	2536	13292	512	
FL	86800	86800	29	15	1	5	17	16	17	57	1	10521431	6075	4775	148	1925	4244	4632	2536	13292	512	
FL	87000	87000	29	15	1	5	18	16	19	58	0	10506031	6075	4775	148	1925	4244	4632	2536	13292	512	
FL	87200	87200	29	13	1	7	21	15	16	55	1	10490413	6075	4775	148	1925	4244	4632	2536	13292	512	
FL	87400	87400	32	12	1	9	21	16	15	55	1	10473099	6075	4775	148	1925	4244	4632	2536	13292	512	
FL	87600	87600	31	11	1	8	23	15	13	51	1	10455640	6075	4775	148	1925	4244	4632	2536	13292	512	
FL	87800	87800	24	14	1	7	20	15	13	53	1	10438993	6075	4775	148	1925	4244	4632	2536	13292	512	
FL	88000	88000	24	15	1	4	18	15	11	50	1	10422464	6075	4775	148	1925	4244	4632	2536	13292	512	
FL	88200	88200	25	14	1	5	21	14	10	50	1	10406591	6075	4775	148	1925	4244	4632	2536	13292	512	
FL	88400	88400	28	16	1	6	20	15	11	54	1	10389699	6075	4775	148	1925	4244	4632	2536	13292	512	
FL	88600	88600	26	14	1	6	20	19	12	55	1	10372958	6075	4775	148	1925	4244	4632	2536	13292	512	
FL	88800	88800	27	12	1	6	16	21	12	56	0	10355381	6075	4775	148	1925	4244	4632	2536	13292	512	
FL	89000	89000	24	14	1	6	16	19	10	56	0	10337441	6075	4775	148	1925	4244	4632	2536	13292	512	
FL	89200	89200	19	15	1	6	17	19	8	56	0	10319123	6075	4775	148	1925	4244	4632	2536	13292	512	
FL	89400	89400	16	14	1	6	17	18	9	58	0	10300978	6075	4775	148	1925	4244	4632	2536	13292	512	
FL	89600	89600	20	16	1	6	19	18	10	56	0	10282473	6075	4775	148	1925	4244	4632	2536	13292	512	
FL	89800	89800	21	17	1	4	20	18	11	58	0	10264390	6075	4775	148	1925	4244	4632	2536	13292	512	
FL	90000	90000	25	14	1	4	19	19	9	48	0	10246441	6075	4775	148	1925	4244	4632	2536	13292	512	
FL	90200	90200	23	15	1	4	21	20	10	45	0	10228190	6075	4775	148	1925	4244	4632	2536	13292	512	
FL	90400	90400	22	14	0	4	21	25	9	40	0	10210772	6075	4775	148	1925	4244	4632	2536	13292	512	
FL	90600	90600	23	16	0	4	17	23	10	43	0	10193808	6075	4775	148	1925	4244	4632	2536	13292	512	
FL	90800	90800	29	17	0	4	16	23	9	46	1	10176761	6075	4775	148	1925	4244	4632	2536	13292	512	
FL	91000	91000	28	18	0	5	14	21	8	49	1	10159312	6075	4775	148	1925	4244	4632	2536	13292	512	
FL	91200	91200	28	20	0	5	14	19	7	44	2	10142005	6075	4775	148	1925	4244	4632	2536	13292	512	
FL	91400	91400	25	21	0	6	14	16	5	41	2	10124799	6075	4775	148	1925	4244	4632	2536	13292	512	
FL	91600	91600	20	19	0	6	14	15	5	40	2	10107999	6075	4775	148	1925	4244	4632	2536	13292	512	
FL	91800	91800	18	18	0	5	13	17	6	40	1	10091930	6075	4775	148	1925	4244	4632	2536	13292	512	
FL	92000	92000	18	19	0	8	12	16	7	40	1	10076230	6075	4775	148	1925	4244	4632	2536	13292	512	
FL	92200	92200	17	19	0	7	11	15	7	37	1	10060649	6075	4775	148	1925	4244	4632	2536	13292	512	
FL	92400	92400	18	23	0	7	12	12	7	37	1	10045426	6075	4775	148	1925	4244	4632	2536	13292	512	
FL	92600	92600	16	28	0	8	14	12	7	35	1	10030375	6075	4775	148	1925	4244	4632	2536	13292	512	
FL	92800	92800	19	26	0	8	16	11	8	36	1	10015444	6075	4775	148	1925	4244	4632	2536	13292	512	
FL	93000	93000	18	23	0	7	16	11	8	41	1	10000704	6075	4775	148	1925	4244	4632	2536	13292	512	
FL	93200	93200	16	23	0	8	17	12	8	39	1	9986339	6075	4775	148	1925	4244	4632	2536	13292	512	
FL	93400	93400	19	25	0	8	17	13	8	42	0	9971628	6075	4775	148	1925	4244	4632	2536	13292	512	
FL	93600	93600	20	24	0	10	13	13	8	45	0	9956991	6075	4775	148	1925	4244	4632	2536	13292	512	
FL	93800	93800	19	22	0	9	15	13	8	47	0	9943429	6075	4775	148	1925	4244	4632	2536	13292	512	
FL	94000	94000	21	22	0	9	14	13	6	50	0	9929750	6075	4775	148	1925	4244	4632	2536	13292	512	
FL	94200	94200	17	20	1	10	13	13	5	49	0	9915489	6075	4775	148	1925	4244	4632	2536	13292	512	
FL	94400	94400	21	20	1	10	14	14	5	52	0	9900660	6075	4775	148	1925	4244	4632	2536	13292	512	
FL	94600	94600	19	20	1	11	14	15	6	54	1	9885293	6075	4775	148	1925	4244	4632	2536	13292	512	
FL	94800	94800	22	19	1	12	13	16	6	56	1	9870129	6075	4775	148	1925	4244	4632	2536	13292	512	
FL	95000	95000	24	20	1	11	13	15	6	55	1	9854477	6075	4775	148	1925	4244	4632	2536	13292	512	
FL	95200	95200	26	20	1	10	10	15	6	50	1	9838786	6075	4775	148	1925	4244	4632	2536	13292	512	
FL	95400	95400	23	16	1	10	9	15	8	47	1	9823657	6075	4775	148	1925	4244	4632	2536	13292	512	
FL	95600	95600	28	15	1	7	9	15	8	44	0	9809133	6075	4775	148	1925	4244	4632	2536	13292	512	
FL	95800	95800	29	19	1	7	9	17	10	45	1	9794614	6075	4775	148	1925	4244	4632	2536	13292	512	
FL	96000	96000	26	18	1	5	10	15	11	44	1	9780200	6075	4775	148	1925	4244	4632	2536	13292	512	
FL	96200	96200	24	17	1	5	10	13	10	47	1	9765208	6075	4775	148	1925	4244	4632	2536	13292	512	
FL	96400	96400	22	15	1	6	11	18	11	50	1	9749202	6075	4775	148	1925	4244	4632	2536	13292	512	
FL	96600	96600	23	17	1	5	10	18	10	51	1	9733456	6075	4775	148	1925	4244	4632	2536	13292	512	
FL	96800	96800	24	12	1	6	9	18	8	45	1	9718203	6075	4775	148	1925	4244	4632	2536	13292	512	
FL	97000	97000	25	11	1	6	8	16	9	42	0	9703508	6075	4775	148	1925	4244	4632	2536	13292	512	
FL	97200	97200	22	11	1	6	7	15	9	40	0	9689126	6075	4775	148	1925	4244	4632	2536	13292	512	
FL	97400	97400	20	11	1	7	7	14	10	38	0	9675441	6075	4775	148	1925	4244	4632	2536	13292	512	
FL	97600	97600	20	12	1	8	8	14	11	38	0	9661328	6075	4775	148	1925	4244	4632	2536	13292	512	
FL	97800	97800	19	13	1	8	9	14	9	37	0	9646312	6075	4775	148	1925	4244	4632	2536	13292	512	
FL	98000	98000	15	11	1	7	7	16	7	39	0	9631476	6075	4775	148	1925	4244	4632	2536	13292	512	
FL	98200	98200	20	8	1	7	9	14	7	40	0	9616942	6075	4775	148	1925	4244	4632	2536	13292	512	
FL	98400	98400	20	9	1	6	8	12	6	42	0	9602282	6075	4775	148	1925	4244	4632	2536	13292	512	
FL	98600	98600	22	12	1	7	10	12	7	42	0	9587519	6075	4775	148	1925	4244	4632	2536	13292	512	
FL	98800	98800	22	10	1	6	9	12	7	39	0	9573215	6075	4775	148	1925	4244	4632	2536	13292	512	
FL	99000	99000	26	9	0	7	8	14	7	39	0	9559076	6075	4775	148	1925	4244	4632	2536	13292	512	
FL	99200	99200	28	9	0	6	9	14	6	39	0	9544054	6075	4775	148	1925	4244	4632	2536	13292	512	
FL	99400	99400	27	8	0	6	10	14	4	39	0	9528993	6075	4775	148	1925	4244	4632	2536	13292	512	
FL	99600	99600	26	8	0	6	9	11	5	44	0	9514008	6075	4775	148	1925	4244	4632	2536	13292	512	
FL	99800	99800	24	8	0	5	9	11	6	50	1	9498877	6075	4775	148	1925	4244	4632	2536	13292	512	
FL	100000	100000	22	11	0	6	7	11	5	48	1	9484582	6075	4775	148	1925	4244	4632	2536	13292	512	
