DHL	0	0	393	856	45	294	586	623	369	0	190	85018670	1810	2357	1241	2216	9263	7013	7501	5032	
DHL	-200	-200	388	853	48	287	569	616	374	0	187	84534641	1810	2357	1241	2216	9263	7013	7501	5032	
DHL	-400	-400	380	832	46	285	552	595	364	0	192	83164521	1810	2357	1241	2216	9263	7013	7501	5032	
DHL	-600	-600	372	806	44	278	535	585	364	0	183	81510316	1810	2357	1241	2216	9263	7013	7501	5032	
DHL	-800	-800	368	791	42	269	513	584	352	0	177	79796541	1810	2357	1241	2216	9263	7013	7501	5032	
DHL	-1000	-1000	356	758	41	263	499	554	345	0	173	78108697	1810	2357	1241	2216	9263	7013	7501	5032	
DHL	-1200	-1200	345	730	38	250	473	542	332	0	165	76457820	1810	2357	1241	2216	9263	7013	7501	5032	
DHL	-1400	-1400	332	711	39	250	455	529	323	0	162	74866481	1810	2357	1241	2216	9263	7013	7501	5032	
DHL	-1600	-1600	322	687	36	248	450	517	321	0	154	73344838	1810	2357	1241	2216	9263	7013	7501	5032	
DHL	-1800	-1800	313	656	37	233	445	505	320	0	148	71893036	1810	2357	1241	2216	9263	7013	7501	5032	
DHL	-2000	-2000	310	641	36	237	429	490	316	0	148	70499508	1810	2357	1241	2216	9263	7013	7501	5032	
DHL	-2200	-2200	307	626	36	234	420	469	310	0	143	69167548	1810	2357	1241	2216	9263	7013	7501	5032	
DHL	-2400	-2400	303	600	39	227	406	468	304	0	142	67890154	1810	2357	1241	2216	9263	7013	7501	5032	
DHL	-2600	-2600	290	586	40	219	386	448	291	0	133	66670175	1810	2357	1241	2216	9263	7013	7501	5032	
DHL	-2800	-2800	280	570	41	207	359	429	267	0	131	65496268	1810	2357	1241	2216	9263	7013	7501	5032	
DHL	-3000	-3000	269	546	39	199	353	412	261	0	119	64360544	1810	2357	1241	2216	9263	7013	7501	5032	
DHL	-3200	-3200	261	535	35	187	342	407	262	0	115	63270486	1810	2357	1241	2216	9263	7013	7501	5032	
DHL	-3400	-3400	257	512	35	176	337	408	251	0	114	62216605	1810	2357	1241	2216	9263	7013	7501	5032	
DHL	-3600	-3600	249	490	30	173	332	400	251	0	112	61199362	1810	2357	1241	2216	9263	7013	7501	5032	
DHL	-3800	-3800	241	460	25	167	311	395	245	0	109	60216080	1810	2357	1241	2216	9263	7013	7501	5032	
DHL	-4000	-4000	224	446	25	168	310	386	237	0	108	59266831	1810	2357	1241	2216	9263	7013	7501	5032	
DHL	-4200	-4200	222	432	22	159	299	380	227	0	107	58348442	1810	2357	1241	2216	9263	7013	7501	5032	
DHL	-4400	-4400	219	425	21	161	293	375	222	0	101	57454256	1810	2357	1241	2216	9263	7013	7501	5032	
DHL	-4600	-4600	204	414	21	160	288	362	222	0	90	56590312	1810	2357	1241	2216	9263	7013	7501	5032	
DHL	-4800	-4800	201	402	20	159	281	343	226	0	91	55750577	1810	2357	1241	2216	9263	7013	7501	5032	
DHL	-5000	-5000	196	401	19	158	275	337	217	0	90	54934292	1810	2357	1241	2216	9263	7013	7501	5032	
DHL	-5200	-5200	193	391	17	155	272	320	205	0	84	54133829	1810	2357	1241	2216	9263	7013	7501	5032	
DHL	-5400	-5400	184	381	15	149	270	311	194	0	80	53356481	1810	2357	1241	2216	9263	7013	7501	5032	
DHL	-5600	-5600	183	372	16	143	270	290	194	0	76	52596892	1810	2357	1241	2216	9263	7013	7501	5032	
DHL	-5800	-5800	167	366	16	140	263	282	198	0	72	51857063	1810	2357	1241	2216	9263	7013	7501	5032	
DHL	-6000	-6000	155	359	18	129	250	273	195	0	72	51134093	1810	2357	1241	2216	9263	7013	7501	5032	
DHL	-6200	-6200	147	343	19	130	254	263	184	0	71	50433818	1810	2357	1241	2216	9263	7013	7501	5032	
DHL	-6400	-6400	140	338	18	122	247	248	187	0	65	49754701	1810	2357	1241	2216	9263	7013	7501	5032	
DHL	-6600	-6600	137	332	18	115	238	233	182	0	55	49092729	1810	2357	1241	2216	9263	7013	7501	5032	
DHL	-6800	-6800	136	321	17	111	226	236	183	0	58	48451965	1810	2357	1241	2216	9263	7013	7501	5032	
DHL	-7000	-7000	131	303	17	104	220	228	173	0	56	47829620	1810	2357	1241	2216	9263	7013	7501	5032	
DHL	-7200	-7200	131	299	16	98	219	218	170	0	56	47225642	1810	2357	1241	2216	9263	7013	7501	5032	
DHL	-7400	-7400	133	297	17	100	203	211	163	0	56	46641023	1810	2357	1241	2216	9263	7013	7501	5032	
DHL	-7600	-7600	129	292	17	94	193	204	165	0	55	46077078	1810	2357	1241	2216	9263	7013	7501	5032	
DHL	-7800	-7800	120	280	16	94	189	196	159	0	51	45530823	1810	2357	1241	2216	9263	7013	7501	5032	
DHL	-8000	-8000	118	277	15	96	187	190	149	0	53	44998132	1810	2357	1241	2216	9263	7013	7501	5032	
DHL	-8200	-8200	113	265	15	95	183	184	154	0	49	44481274	1810	2357	1241	2216	9263	7013	7501	5032	
DHL	-8400	-8400	116	253	12	95	178	189	152	0	51	43977934	1810	2357	1241	2216	9263	7013	7501	5032	
DHL	-8600	-8600	114	242	11	95	175	188	144	0	53	43489845	1810	2357	1241	2216	9263	7013	7501	5032	
DHL	-8800	-8800	111	241	12	93	171	186	141	0	55	43013086	1810	2357	1241	2216	9263	7013	7501	5032	
DHL	-9000	-9000	108	237	11	92	165	177	141	0	50	42546956	1810	2357	1241	2216	9263	7013	7501	5032	
DHL	-9200	-9200	108	232	11	90	161	178	143	0	49	42090402	1810	2357	1241	2216	9263	7013	7501	5032	
DHL	-9400	-9400	104	233	12	91	153	170	140	0	43	41646207	1810	2357	1241	2216	9263	7013	7501	5032	
DHL	-9600	-9600	106	225	12	89	154	171	138	0	44	41217181	1810	2357	1241	2216	9263	7013	7501	5032	
DHL	-9800	-9800	99	222	15	83	153	169	136	0	47	40800129	1810	2357	1241	2216	9263	7013	7501	5032	
DHL	-10000	-10000	97	223	14	80	147	161	132	0	47	40391657	1810	2357	1241	2216	9263	7013	7501	5032	
DHL	-10200	-10200	99	220	15	79	140	157	128	0	47	39996378	1810	2357	1241	2216	9263	7013	7501	5032	
DHL	-10400	-10400	99	221	15	79	143	155	122	0	51	39612739	1810	2357	1241	2216	9263	7013	7501	5032	
DHL	-10600	-10600	102	225	16	79	139	150	122	0	53	39236561	1810	2357	1241	2216	9263	7013	7501	5032	
DHL	-10800	-10800	104	223	16	80	138	150	127	0	51	38871502	1810	2357	1241	2216	9263	7013	7501	5032	
DHL	-11000	-11000	106	224	15	82	141	145	123	0	48	38512487	1810	2357	1241	2216	9263	7013	7501	5032	
DHL	-11200	-11200	105	217	14	79	137	140	116	0	51	38155525	1810	2357	1241	2216	9263	7013	7501	5032	
DHL	-11400	-11400	108	207	16	79	136	136	117	0	48	37806050	1810	2357	1241	2216	9263	7013	7501	5032	
DHL	-11600	-11600	107	199	15	76	138	136	118	0	52	37465720	1810	2357	1241	2216	9263	7013	7501	5032	
DHL	-11800	-11800	107	191	14	73	133	129	114	0	53	37136144	1810	2357	1241	2216	9263	7013	7501	5032	
DHL	-12000	-12000	105	180	15	73	129	128	114	0	50	36811005	1810	2357	1241	2216	9263	7013	7501	5032	
DHL	-12200	-12200	103	177	17	72	122	119	120	0	51	36486997	1810	2357	1241	2216	9263	7013	7501	5032	
DHL	-12400	-12400	100	175	16	70	123	110	122	0	50	36169128	1810	2357	1241	2216	9263	7013	7501	5032	
DHL	-12600	-12600	96	174	14	68	127	113	122	0	50	35861772	1810	2357	1241	2216	9263	7013	7501	5032	
DHL	-12800	-12800	97	170	15	68	130	114	115	0	48	35560556	1810	2357	1241	2216	9263	7013	7501	5032	
DHL	-13000	-13000	95	169	15	68	127	113	111	0	50	35266981	1810	2357	1241	2216	9263	7013	7501	5032	
DHL	-13200	-13200	91	166	15	65	131	113	116	0	48	34980257	1810	2357	1241	2216	9263	7013	7501	5032	
DHL	-13400	-13400	91	165	18	69	131	116	112	0	48	34696313	1810	2357	1241	2216	9263	7013	7501	5032	
DHL	-13600	-13600	92	163	17	67	129	117	108	0	45	34415796	1810	2357	1241	2216	9263	7013	7501	5032	
DHL	-13800	-13800	93	160	16	68	125	112	112	0	44	34138903	1810	2357	1241	2216	9263	7013	7501	5032	
DHL	-14000	-14000	92	156	15	71	125	112	106	0	47	33868463	1810	2357	1241	2216	9263	7013	7501	5032	
DHL	-14200	-14200	94	154	15	75	122	108	106	0	48	33605827	1810	2357	1241	2216	9263	7013	7501	5032	
DHL	-14400	-14400	90	152	15	73	119	108	105	0	45	33348119	1810	2357	1241	2216	9263	7013	7501	5032	
DHL	-14600	-14600	85	151	15	71	115	110	105	0	41	33096157	1810	2357	1241	2216	9263	7013	7501	5032	
DHL	-14800	-14800	81	147	15	69	113	108	94	0	43	32847450	1810	2357	1241	2216	9263	7013	7501	5032	
DHL	-15000	-15000	82	143	14	66	113	105	96	0	40	32604235	1810	2357	1241	2216	9263	7013	7501	5032	
DHL	-15200	-15200	80	143	13	64	109	104	99	0	37	32364770	1810	2357	1241	2216	9263	7013	7501	5032	
DHL	-15400	-15400	79	139	13	62	105	101	110	0	36	32128802	1810	2357	1241	2216	9263	7013	7501	5032	
DHL	-15600	-15600	77	137	14	63	103	103	106	0	40	31893658	1810	2357	1241	2216	9263	7013	7501	5032	
DHL	-15800	-15800	71	135	13	62	99	101	109	0	40	31663606	1810	2357	1241	2216	9263	7013	7501	5032	
DHL	-16000	-16000	73	128	12	62	98	98	106	0	37	31438477	1810	2357	1241	2216	9263	7013	7501	5032	
DHL	-16200	-16200	73	117	13	59	99	98	108	0	38	31217104	1810	2357	1241	2216	9263	7013	7501	5032	
DHL	-16400	-16400	70	116	13	58	99	90	104	0	39	30997649	1810	2357	1241	2216	9263	7013	7501	5032	
DHL	-16600	-16600	68	111	13	60	100	87	97	0	33	30781412	1810	2357	1241	2216	9263	7013	7501	5032	
DHL	-16800	-16800	64	110	14	61	105	89	95	0	30	30570954	1810	2357	1241	2216	9263	7013	7501	5032	
DHL	-17000	-17000	65	110	13	57	102	92	86	0	30	30366674	1810	2357	1241	2216	9263	7013	7501	5032	
DHL	-17200	-17200	71	111	12	52	103	91	83	0	27	30163767	1810	2357	1241	2216	9263	7013	7501	5032	
DHL	-17400	-17400	71	111	11	53	110	97	83	0	32	29962291	1810	2357	1241	2216	9263	7013	7501	5032	
DHL	-17600	-17600	74	112	11	52	118	100	80	0	37	29764876	1810	2357	1241	2216	9263	7013	7501	5032	
DHL	-17800	-17800	69	112	11	50	120	98	83	0	38	29567773	1810	2357	1241	2216	9263	7013	7501	5032	
DHL	-18000	-18000	66	110	12	54	112	94	79	0	35	29372529	1810	2357	1241	2216	9263	7013	7501	5032	
DHL	-18200	-18200	66	113	11	54	111	94	81	0	37	29180251	1810	2357	1241	2216	9263	7013	7501	5032	
DHL	-18400	-18400	64	114	9	55	109	93	81	0	41	28991805	1810	2357	1241	2216	9263	7013	7501	5032	
DHL	-18600	-18600	64	113	8	57	105	97	86	0	37	28807388	1810	2357	1241	2216	9263	7013	7501	5032	
DHL	-18800	-18800	64	107	8	55	101	97	86	0	36	28626915	1810	2357	1241	2216	9263	7013	7501	5032	
DHL	-19000	-19000	64	105	9	56	101	96	88	0	37	28447255	1810	2357	1241	2216	9263	7013	7501	5032	
DHL	-19200	-19200	66	102	9	57	100	93	88	0	36	28268816	1810	2357	1241	2216	9263	7013	7501	5032	
DHL	-19400	-19400	68	98	10	58	106	93	93	0	37	28091918	1810	2357	1241	2216	9263	7013	7501	5032	
DHL	-19600	-19600	65	94	9	54	112	89	95	0	38	27915575	1810	2357	1241	2216	9263	7013	7501	5032	
DHL	-19800	-19800	63	91	11	52	115	95	92	0	37	27743598	1810	2357	1241	2216	9263	7013	7501	5032	
DHL	-20000	-20000	65	93	13	51	114	91	89	0	39	27573995	1810	2357	1241	2216	9263	7013	7501	5032	
DHL	-20200	-20200	66	97	13	50	113	93	86	0	39	27403158	1810	2357	1241	2216	9263	7013	7501	5032	
DHL	-20400	-20400	64	92	12	49	116	92	83	0	44	27235103	1810	2357	1241	2216	9263	7013	7501	5032	
DHL	-20600	-20600	62	94	11	46	114	90	82	0	46	27069557	1810	2357	1241	2216	9263	7013	7501	5032	
DHL	-20800	-20800	58	87	10	49	112	90	86	0	47	26907941	1810	2357	1241	2216	9263	7013	7501	5032	
DHL	-21000	-21000	56	88	10	52	108	79	88	0	46	26749557	1810	2357	1241	2216	9263	7013	7501	5032	
DHL	-21200	-21200	58	88	9	52	100	75	91	0	41	26595013	1810	2357	1241	2216	9263	7013	7501	5032	
DHL	-21400	-21400	54	84	8	54	93	67	91	0	42	26440753	1810	2357	1241	2216	9263	7013	7501	5032	
DHL	-21600	-21600	54	81	7	53	87	63	86	0	42	26289260	1810	2357	1241	2216	9263	7013	7501	5032	
DHL	-21800	-21800	53	83	6	52	83	59	83	0	40	26143890	1810	2357	1241	2216	9263	7013	7501	5032	
DHL	-22000	-22000	53	79	6	50	76	58	84	0	41	26005052	1810	2357	1241	2216	9263	7013	7501	5032	
DHL	-22200	-22200	50	77	6	49	81	57	87	0	39	25867255	1810	2357	1241	2216	9263	7013	7501	5032	
DHL	-22400	-22400	50	74	4	47	82	53	87	0	42	25731146	1810	2357	1241	2216	9263	7013	7501	5032	
DHL	-22600	-22600	48	72	3	50	80	51	85	0	43	25596529	1810	2357	1241	2216	9263	7013	7501	5032	
DHL	-22800	-22800	47	72	4	50	81	51	91	0	47	25462335	1810	2357	1241	2216	9263	7013	7501	5032	
DHL	-23000	-23000	48	72	4	50	75	54	93	0	39	25332794	1810	2357	1241	2216	9263	7013	7501	5032	
DHL	-23200	-23200	47	71	7	48	75	57	89	0	35	25207547	1810	2357	1241	2216	9263	7013	7501	5032	
DHL	-23400	-23400	48	73	5	46	75	58	87	0	34	25085177	1810	2357	1241	2216	9263	7013	7501	5032	
DHL	-23600	-23600	45	73	5	42	76	63	86	0	31	24966762	1810	2357	1241	2216	9263	7013	7501	5032	
DHL	-23800	-23800	44	71	6	43	74	63	80	0	31	24849176	1810	2357	1241	2216	9263	7013	7501	5032	
DHL	-24000	-24000	44	69	6	41	75	64	79	0	30	24729994	1810	2357	1241	2216	9263	7013	7501	5032	
DHL	-24200	-24200	44	67	7	37	70	58	77	0	31	24611801	1810	2357	1241	2216	9263	7013	7501	5032	
DHL	-24400	-24400	43	66	8	37	69	55	74	0	30	24493309	1810	2357	1241	2216	9263	7013	7501	5032	
DHL	-24600	-24600	44	68	10	37	69	58	71	0	25	24377268	1810	2357	1241	2216	9263	7013	7501	5032	
DHL	-24800	-24800	43	72	10	39	68	64	69	0	23	24264882	1810	2357	1241	2216	9263	7013	7501	5032	
DHL	-25000	-25000	41	70	11	37	72	66	61	0	25	24155272	1810	2357	1241	2216	9263	7013	7501	5032	
DHL	-25200	-25200	45	68	12	34	70	66	60	0	27	24045349	1810	2357	1241	2216	9263	7013	7501	5032	
DHL	-25400	-25400	40	62	12	33	74	60	62	0	27	23937060	1810	2357	1241	2216	9263	7013	7501	5032	
DHL	-25600	-25600	39	59	10	33	70	64	63	0	26	23830564	1810	2357	1241	2216	9263	7013	7501	5032	
DHL	-25800	-25800	36	54	9	33	75	68	64	0	29	23724822	1810	2357	1241	2216	9263	7013	7501	5032	
DHL	-26000	-26000	35	50	8	34	72	73	65	0	30	23621396	1810	2357	1241	2216	9263	7013	7501	5032	
DHL	-26200	-26200	33	54	8	35	71	72	64	0	25	23518663	1810	2357	1241	2216	9263	7013	7501	5032	
DHL	-26400	-26400	28	52	6	35	69	73	62	0	26	23417836	1810	2357	1241	2216	9263	7013	7501	5032	
DHL	-26600	-26600	26	49	7	35	66	74	64	0	27	23318642	1810	2357	1241	2216	9263	7013	7501	5032	
DHL	-26800	-26800	27	49	9	36	65	66	67	0	25	23218825	1810	2357	1241	2216	9263	7013	7501	5032	
DHL	-27000	-27000	26	48	10	37	72	64	65	0	27	23118007	1810	2357	1241	2216	9263	7013	7501	5032	
DHL	-27200	-27200	27	49	11	34	74	59	65	0	28	23018284	1810	2357	1241	2216	9263	7013	7501	5032	
DHL	-27400	-27400	24	51	9	35	73	57	63	0	28	22917773	1810	2357	1241	2216	9263	7013	7501	5032	
DHL	-27600	-27600	25	49	5	35	71	55	62	0	27	22816754	1810	2357	1241	2216	9263	7013	7501	5032	
DHL	-27800	-27800	25	48	5	36	73	57	59	0	25	22714731	1810	2357	1241	2216	9263	7013	7501	5032	
DHL	-28000	-28000	25	45	6	35	70	58	65	0	28	22614263	1810	2357	1241	2216	9263	7013	7501	5032	
DHL	-28200	-28200	26	44	7	32	61	60	67	0	29	22513835	1810	2357	1241	2216	9263	7013	7501	5032	
DHL	-28400	-28400	27	43	7	29	60	58	58	0	25	22413165	1810	2357	1241	2216	9263	7013	7501	5032	
DHL	-28600	-28600	27	41	7	29	61	60	56	0	24	22311625	1810	2357	1241	2216	9263	7013	7501	5032	
DHL	-28800	-28800	27	42	8	30	60	55	53	0	25	22210694	1810	2357	1241	2216	9263	7013	7501	5032	
DHL	-29000	-29000	27	39	9	31	59	55	55	0	22	22111558	1810	2357	1241	2216	9263	7013	7501	5032	
DHL	-29200	-29200	25	39	9	30	59	58	54	0	24	22009853	1810	2357	1241	2216	9263	7013	7501	5032	
DHL	-29400	-29400	25	40	8	32	55	58	55	0	25	21916126	1810	2357	1241	2216	9263	7013	7501	5032	
DHL	-29600	-29600	24	40	9	33	56	65	50	0	29	21823461	1810	2357	1241	2216	9263	7013	7501	5032	
DHL	-29800	-29800	22	41	10	31	54	69	55	0	31	21733031	1810	2357	1241	2216	9263	7013	7501	5032	
DHL	-30000	-30000	23	43	9	29	56	70	58	0	31	21644137	1810	2357	1241	2216	9263	7013	7501	5032	
DHL	-30200	-30200	25	44	7	29	54	65	59	0	30	21555810	1810	2357	1241	2216	9263	7013	7501	5032	
DHL	-30400	-30400	26	45	7	27	52	68	55	0	29	21467742	1810	2357	1241	2216	9263	7013	7501	5032	
DHL	-30600	-30600	25	46	7	29	53	65	59	0	27	21378958	1810	2357	1241	2216	9263	7013	7501	5032	
DHL	-30800	-30800	24	47	7	32	50	59	58	0	23	21290409	1810	2357	1241	2216	9263	7013	7501	5032	
DHL	-31000	-31000	27	45	7	30	53	60	56	0	23	21202125	1810	2357	1241	2216	9263	7013	7501	5032	
DHL	-31200	-31200	26	46	7	29	56	57	60	0	26	21115138	1810	2357	1241	2216	9263	7013	7501	5032	
DHL	-31400	-31400	24	46	8	28	56	56	59	0	25	21030070	1810	2357	1241	2216	9263	7013	7501	5032	
DHL	-31600	-31600	23	47	9	30	60	53	64	0	27	20946524	1810	2357	1241	2216	9263	7013	7501	5032	
DHL	-31800	-31800	24	46	8	33	60	52	56	0	31	20866156	1810	2357	1241	2216	9263	7013	7501	5032	
DHL	-32000	-32000	24	46	8	34	60	51	56	0	31	20787383	1810	2357	1241	2216	9263	7013	7501	5032	
DHL	-32200	-32200	22	46	8	34	62	49	52	0	37	20708964	1810	2357	1241	2216	9263	7013	7501	5032	
DHL	-32400	-32400	25	45	8	34	59	52	48	0	34	20629664	1810	2357	1241	2216	9263	7013	7501	5032	
DHL	-32600	-32600	25	46	9	35	58	52	48	0	37	20550102	1810	2357	1241	2216	9263	7013	7501	5032	
DHL	-32800	-32800	26	45	10	34	55	53	46	0	32	20470816	1810	2357	1241	2216	9263	7013	7501	5032	
DHL	-33000	-33000	26	43	10	34	56	58	46	0	31	20391349	1810	2357	1241	2216	9263	7013	7501	5032	
DHL	-33200	-33200	27	42	6	35	57	54	41	0	31	20310639	1810	2357	1241	2216	9263	7013	7501	5032	
DHL	-33400	-33400	28	39	7	38	59	58	45	0	26	20231975	1810	2357	1241	2216	9263	7013	7501	5032	
DHL	-33600	-33600	28	36	5	35	60	55	46	0	27	20155396	1810	2357	1241	2216	9263	7013	7501	5032	
DHL	-33800	-33800	28	36	7	33	60	51	47	0	32	20078492	1810	2357	1241	2216	9263	7013	7501	5032	
DHL	-34000	-34000	28	38	8	33	67	46	44	0	34	20002767	1810	2357	1241	2216	9263	7013	7501	5032	
DHL	-34200	-34200	27	38	7	34	68	43	45	0	34	19926639	1810	2357	1241	2216	9263	7013	7501	5032	
DHL	-34400	-34400	27	39	5	34	68	42	41	0	34	19853105	1810	2357	1241	2216	9263	7013	7501	5032	
DHL	-34600	-34600	30	40	6	36	59	38	43	0	35	19780508	1810	2357	1241	2216	9263	7013	7501	5032	
DHL	-34800	-34800	29	40	8	34	59	39	45	0	30	19708739	1810	2357	1241	2216	9263	7013	7501	5032	
DHL	-35000	-35000	31	38	9	34	58	34	47	0	28	19638216	1810	2357	1241	2216	9263	7013	7501	5032	
DHL	-35200	-35200	30	38	10	34	63	34	49	0	30	19568573	1810	2357	1241	2216	9263	7013	7501	5032	
DHL	-35400	-35400	28	38	9	35	60	35	46	0	34	19497182	1810	2357	1241	2216	9263	7013	7501	5032	
DHL	-35600	-35600	26	37	8	35	59	36	45	0	35	19424457	1810	2357	1241	2216	9263	7013	7501	5032	
DHL	-35800	-35800	25	35	8	33	57	42	49	0	35	19353101	1810	2357	1241	2216	9263	7013	7501	5032	
DHL	-36000	-36000	25	33	7	32	54	44	48	0	34	19278707	1810	2357	1241	2216	9263	7013	7501	5032	
DHL	-36200	-36200	19	30	7	32	52	42	46	0	33	19206528	1810	2357	1241	2216	9263	7013	7501	5032	
DHL	-36400	-36400	17	29	9	31	53	42	46	0	32	19136460	1810	2357	1241	2216	9263	7013	7501	5032	
DHL	-36600	-36600	16	28	9	30	48	37	47	0	33	19067976	1810	2357	1241	2216	9263	7013	7501	5032	
DHL	-36800	-36800	14	28	11	28	43	35	43	0	32	18997621	1810	2357	1241	2216	9263	7013	7501	5032	
DHL	-37000	-37000	12	27	10	27	40	34	42	0	30	18926524	1810	2357	1241	2216	9263	7013	7501	5032	
DHL	-37200	-37200	13	27	10	31	41	31	38	0	34	18858380	1810	2357	1241	2216	9263	7013	7501	5032	
DHL	-37400	-37400	17	28	10	30	40	30	35	0	34	18792174	1810	2357	1241	2216	9263	7013	7501	5032	
DHL	-37600	-37600	17	27	12	29	42	34	28	0	35	18726315	1810	2357	1241	2216	9263	7013	7501	5032	
DHL	-37800	-37800	16	29	11	27	40	33	24	0	33	18660132	1810	2357	1241	2216	9263	7013	7501	5032	
DHL	-38000	-38000	11	27	8	24	39	31	22	0	32	18592251	1810	2357	1241	2216	9263	7013	7501	5032	
DHL	-38200	-38200	12	27	8	25	44	32	21	0	30	18529635	1810	2357	1241	2216	9263	7013	7501	5032	
DHL	-38400	-38400	14	26	9	26	44	32	24	0	29	18468394	1810	2357	1241	2216	9263	7013	7501	5032	
DHL	-38600	-38600	13	26	8	24	49	32	30	0	33	18407288	1810	2357	1241	2216	9263	7013	7501	5032	
DHL	-38800	-38800	13	24	8	24	47	28	31	0	34	18345201	1810	2357	1241	2216	9263	7013	7501	5032	
DHL	-39000	-39000	12	25	9	24	49	33	31	0	34	18280642	1810	2357	1241	2216	9263	7013	7501	5032	
DHL	-39200	-39200	11	26	9	24	46	31	34	0	29	18215484	1810	2357	1241	2216	9263	7013	7501	5032	
DHL	-39400	-39400	9	24	9	24	47	30	38	0	31	18149726	1810	2357	1241	2216	9263	7013	7501	5032	
DHL	-39600	-39600	10	23	10	27	42	34	37	0	34	18085313	1810	2357	1241	2216	9263	7013	7501	5032	
DHL	-39800	-39800	8	23	9	24	41	34	40	0	34	18021643	1810	2357	1241	2216	9263	7013	7501	5032	
DHL	-40000	-40000	9	26	10	23	43	36	46	0	35	17959420	1810	2357	1241	2216	9263	7013	7501	5032	
DHL	-40200	-40200	9	26	10	24	43	33	43	0	36	17896733	1810	2357	1241	2216	9263	7013	7501	5032	
DHL	-40400	-40400	9	27	10	26	40	35	46	0	35	17833853	1810	2357	1241	2216	9263	7013	7501	5032	
DHL	-40600	-40600	9	26	11	24	42	30	48	0	32	17771497	1810	2357	1241	2216	9263	7013	7501	5032	
DHL	-40800	-40800	9	26	11	27	43	27	49	0	31	17709836	1810	2357	1241	2216	9263	7013	7501	5032	
DHL	-41000	-41000	9	25	10	25	38	26	44	0	27	17649116	1810	2357	1241	2216	9263	7013	7501	5032	
DHL	-41200	-41200	8	21	10	26	40	26	41	0	27	17587690	1810	2357	1241	2216	9263	7013	7501	5032	
DHL	-41400	-41400	8	22	9	26	45	26	37	0	28	17528241	1810	2357	1241	2216	9263	7013	7501	5032	
DHL	-41600	-41600	8	22	7	24	46	28	37	0	25	17469029	1810	2357	1241	2216	9263	7013	7501	5032	
DHL	-41800	-41800	8	20	6	20	45	27	35	0	24	17410043	1810	2357	1241	2216	9263	7013	7501	5032	
DHL	-42000	-42000	9	19	6	19	40	25	34	0	24	17352445	1810	2357	1241	2216	9263	7013	7501	5032	
DHL	-42200	-42200	9	18	6	13	39	27	32	0	23	17296344	1810	2357	1241	2216	9263	7013	7501	5032	
DHL	-42400	-42400	9	20	6	14	41	25	28	0	21	17240604	1810	2357	1241	2216	9263	7013	7501	5032	
DHL	-42600	-42600	9	20	5	16	42	24	26	0	20	17185348	1810	2357	1241	2216	9263	7013	7501	5032	
DHL	-42800	-42800	10	18	2	14	43	25	27	0	21	17131307	1810	2357	1241	2216	9263	7013	7501	5032	
DHL	-43000	-43000	10	15	2	12	37	27	27	0	21	17076630	1810	2357	1241	2216	9263	7013	7501	5032	
DHL	-43200	-43200	8	9	2	16	38	24	30	0	22	17020474	1810	2357	1241	2216	9263	7013	7501	5032	
DHL	-43400	-43400	8	7	3	17	41	22	32	0	19	16964934	1810	2357	1241	2216	9263	7013	7501	5032	
DHL	-43600	-43600	9	9	4	17	39	20	33	0	20	16911768	1810	2357	1241	2216	9263	7013	7501	5032	
DHL	-43800	-43800	11	9	4	17	37	22	34	0	16	16856477	1810	2357	1241	2216	9263	7013	7501	5032	
DHL	-44000	-44000	9	11	5	17	33	26	32	0	16	16800696	1810	2357	1241	2216	9263	7013	7501	5032	
DHL	-44200	-44200	9	9	6	18	32	29	32	0	18	16744496	1810	2357	1241	2216	9263	7013	7501	5032	
DHL	-44400	-44400	8	9	5	16	33	31	30	0	18	16690021	1810	2357	1241	2216	9263	7013	7501	5032	
DHL	-44600	-44600	5	7	5	12	36	28	30	0	18	16634812	1810	2357	1241	2216	9263	7013	7501	5032	
DHL	-44800	-44800	7	7	4	11	37	30	30	0	15	16580034	1810	2357	1241	2216	9263	7013	7501	5032	
DHL	-45000	-45000	8	7	5	12	38	32	28	0	14	16526942	1810	2357	1241	2216	9263	7013	7501	5032	
DHL	-45200	-45200	12	8	5	10	36	29	30	0	18	16474929	1810	2357	1241	2216	9263	7013	7501	5032	
DHL	-45400	-45400	11	12	4	11	35	33	31	0	23	16424388	1810	2357	1241	2216	9263	7013	7501	5032	
DHL	-45600	-45600	9	13	6	11	36	32	32	0	23	16374662	1810	2357	1241	2216	9263	7013	7501	5032	
DHL	-45800	-45800	11	13	9	11	36	31	31	0	22	16327399	1810	2357	1241	2216	9263	7013	7501	5032	
DHL	-46000	-46000	12	13	8	12	39	41	29	0	23	16280150	1810	2357	1241	2216	9263	7013	7501	5032	
DHL	-46200	-46200	12	15	8	15	37	40	29	0	23	16233401	1810	2357	1241	2216	9263	7013	7501	5032	
DHL	-46400	-46400	10	15	8	16	40	39	32	0	24	16185796	1810	2357	1241	2216	9263	7013	7501	5032	
DHL	-46600	-46600	11	14	8	14	40	37	33	0	21	16139307	1810	2357	1241	2216	9263	7013	7501	5032	
DHL	-46800	-46800	12	12	7	13	40	35	33	0	23	16093155	1810	2357	1241	2216	9263	7013	7501	5032	
DHL	-47000	-47000	10	12	7	12	41	33	37	0	23	16045266	1810	2357	1241	2216	9263	7013	7501	5032	
DHL	-47200	-47200	9	12	7	16	46	30	34	0	22	15998980	1810	2357	1241	2216	9263	7013	7501	5032	
DHL	-47400	-47400	7	12	5	15	48	30	30	0	22	15952539	1810	2357	1241	2216	9263	7013	7501	5032	
DHL	-47600	-47600	6	12	4	18	48	32	27	0	20	15904493	1810	2357	1241	2216	9263	7013	7501	5032	
DHL	-47800	-47800	5	13	4	16	46	32	28	0	19	15858479	1810	2357	1241	2216	9263	7013	7501	5032	
DHL	-48000	-48000	4	12	1	13	51	36	24	0	21	15812170	1810	2357	1241	2216	9263	7013	7501	5032	
DHL	-48200	-48200	4	14	1	13	53	34	25	0	24	15765855	1810	2357	1241	2216	9263	7013	7501	5032	
DHL	-48400	-48400	5	14	1	12	56	32	27	0	19	15718399	1810	2357	1241	2216	9263	7013	7501	5032	
DHL	-48600	-48600	7	14	1	13	57	28	27	0	16	15673267	1810	2357	1241	2216	9263	7013	7501	5032	
DHL	-48800	-48800	7	15	1	12	57	28	27	0	15	15628793	1810	2357	1241	2216	9263	7013	7501	5032	
DHL	-49000	-49000	7	16	1	12	56	32	27	0	14	15585221	1810	2357	1241	2216	9263	7013	7501	5032	
DHL	-49200	-49200	6	16	2	12	51	31	23	0	15	15543100	1810	2357	1241	2216	9263	7013	7501	5032	
DHL	-49400	-49400	7	14	2	11	51	27	25	0	14	15501257	1810	2357	1241	2216	9263	7013	7501	5032	
DHL	-49600	-49600	7	12	1	9	47	27	25	0	15	15461066	1810	2357	1241	2216	9263	7013	7501	5032	
DHL	-49800	-49800	6	11	1	9	45	27	29	0	17	15420955	1810	2357	1241	2216	9263	7013	7501	5032	
DHL	-50000	-50000	7	9	1	10	46	25	26	0	16	15379891	1810	2357	1241	2216	9263	7013	7501	5032	
DHL	-50200	-50200	8	7	2	9	45	26	30	0	16	15338382	1810	2357	1241	2216	9263	7013	7501	5032	
DHL	-50400	-50400	9	8	3	9	44	27	32	0	15	15297774	1810	2357	1241	2216	9263	7013	7501	5032	
DHL	-50600	-50600	9	6	3	11	46	26	32	0	14	15258507	1810	2357	1241	2216	9263	7013	7501	5032	
DHL	-50800	-50800	9	7	3	12	48	28	28	0	12	15220179	1810	2357	1241	2216	9263	7013	7501	5032	
DHL	-51000	-51000	7	6	3	12	47	28	31	0	13	15180817	1810	2357	1241	2216	9263	7013	7501	5032	
DHL	-51200	-51200	7	6	3	14	44	29	31	0	12	15140568	1810	2357	1241	2216	9263	7013	7501	5032	
DHL	-51400	-51400	8	7	3	16	44	24	28	0	13	15101101	1810	2357	1241	2216	9263	7013	7501	5032	
DHL	-51600	-51600	4	7	4	16	42	23	28	0	17	15061720	1810	2357	1241	2216	9263	7013	7501	5032	
DHL	-51800	-51800	5	6	4	15	36	29	34	0	14	15021423	1810	2357	1241	2216	9263	7013	7501	5032	
DHL	-52000	-52000	5	7	3	12	33	32	31	0	16	14981189	1810	2357	1241	2216	9263	7013	7501	5032	
DHL	-52200	-52200	5	7	4	13	36	35	35	0	19	14941316	1810	2357	1241	2216	9263	7013	7501	5032	
DHL	-52400	-52400	5	7	5	11	40	36	34	0	19	14901453	1810	2357	1241	2216	9263	7013	7501	5032	
DHL	-52600	-52600	5	7	4	13	42	38	33	0	16	14861619	1810	2357	1241	2216	9263	7013	7501	5032	
DHL	-52800	-52800	4	6	4	14	43	37	34	0	14	14822262	1810	2357	1241	2216	9263	7013	7501	5032	
DHL	-53000	-53000	5	6	5	15	43	32	32	0	14	14784822	1810	2357	1241	2216	9263	7013	7501	5032	
DHL	-53200	-53200	5	6	4	16	42	31	36	0	13	14746475	1810	2357	1241	2216	9263	7013	7501	5032	
DHL	-53400	-53400	3	6	5	17	41	30	34	0	11	14708477	1810	2357	1241	2216	9263	7013	7501	5032	
DHL	-53600	-53600	2	8	5	17	43	30	35	0	10	14670583	1810	2357	1241	2216	9263	7013	7501	5032	
DHL	-53800	-53800	1	8	7	19	40	28	30	0	11	14633023	1810	2357	1241	2216	9263	7013	7501	5032	
DHL	-54000	-54000	2	10	8	18	45	31	26	0	11	14594265	1810	2357	1241	2216	9263	7013	7501	5032	
DHL	-54200	-54200	2	12	9	18	39	29	30	0	12	14556444	1810	2357	1241	2216	9263	7013	7501	5032	
DHL	-54400	-54400	4	7	8	17	38	31	33	0	15	14520165	1810	2357	1241	2216	9263	7013	7501	5032	
DHL	-54600	-54600	5	8	10	17	38	28	30	0	19	14483074	1810	2357	1241	2216	9263	7013	7501	5032	
DHL	-54800	-54800	6	10	8	18	35	27	31	0	21	14446798	1810	2357	1241	2216	9263	7013	7501	5032	
DHL	-55000	-55000	8	10	7	17	37	31	27	0	22	14410013	1810	2357	1241	2216	9263	7013	7501	5032	
DHL	-55200	-55200	8	13	8	14	32	27	26	0	25	14372049	1810	2357	1241	2216	9263	7013	7501	5032	
DHL	-55400	-55400	9	14	8	15	28	28	27	0	21	14332723	1810	2357	1241	2216	9263	7013	7501	5032	
DHL	-55600	-55600	8	13	6	13	27	30	29	0	21	14294548	1810	2357	1241	2216	9263	7013	7501	5032	
DHL	-55800	-55800	8	12	5	11	28	27	21	0	21	14255985	1810	2357	1241	2216	9263	7013	7501	5032	
DHL	-56000	-56000	8	10	6	11	30	25	25	0	20	14218448	1810	2357	1241	2216	9263	7013	7501	5032	
DHL	-56200	-56200	6	10	5	12	30	26	24	0	24	14182072	1810	2357	1241	2216	9263	7013	7501	5032	
DHL	-56400	-56400	8	10	5	11	27	23	22	0	22	14145341	1810	2357	1241	2216	9263	7013	7501	5032	
DHL	-56600	-56600	6	8	5	10	30	24	24	0	23	14106731	1810	2357	1241	2216	9263	7013	7501	5032	
DHL	-56800	-56800	6	7	2	9	29	26	27	0	24	14067548	1810	2357	1241	2216	9263	7013	7501	5032	
DHL	-57000	-57000	7	7	2	9	33	23	28	0	20	14028308	1810	2357	1241	2216	9263	7013	7501	5032	
DHL	-57200	-57200	5	5	3	9	31	25	31	0	19	13990145	1810	2357	1241	2216	9263	7013	7501	5032	
DHL	-57400	-57400	4	4	3	7	30	26	29	0	16	13953030	1810	2357	1241	2216	9263	7013	7501	5032	
DHL	-57600	-57600	5	5	4	7	30	32	28	0	18	13915330	1810	2357	1241	2216	9263	7013	7501	5032	
DHL	-57800	-57800	4	4	5	7	29	33	28	0	18	13877610	1810	2357	1241	2216	9263	7013	7501	5032	
DHL	-58000	-58000	5	4	5	5	25	42	24	0	18	13839556	1810	2357	1241	2216	9263	7013	7501	5032	
DHL	-58200	-58200	5	6	3	3	26	42	25	0	16	13802147	1810	2357	1241	2216	9263	7013	7501	5032	
DHL	-58400	-58400	5	7	3	3	28	41	25	0	17	13764385	1810	2357	1241	2216	9263	7013	7501	5032	
DHL	-58600	-58600	5	7	4	4	30	35	24	0	18	13725642	1810	2357	1241	2216	9263	7013	7501	5032	
DHL	-58800	-58800	5	10	3	4	32	34	25	0	17	13686950	1810	2357	1241	2216	9263	7013	7501	5032	
DHL	-59000	-59000	6	8	3	5	32	33	27	0	16	13648539	1810	2357	1241	2216	9263	7013	7501	5032	
DHL	-59200	-59200	6	7	4	6	30	33	30	0	19	13610202	1810	2357	1241	2216	9263	7013	7501	5032	
DHL	-59400	-59400	6	7	4	8	30	36	29	0	16	13571820	1810	2357	1241	2216	9263	7013	7501	5032	
DHL	-59600	-59600	7	8	4	8	24	36	28	0	14	13536008	1810	2357	1241	2216	9263	7013	7501	5032	
DHL	-59800	-59800	8	7	4	6	23	36	25	0	15	13500964	1810	2357	1241	2216	9263	7013	7501	5032	
DHL	-60000	-60000	9	7	5	5	26	39	25	0	14	13465880	1810	2357	1241	2216	9263	7013	7501	5032	
DHL	-60200	-60200	7	6	5	4	29	42	23	0	16	13431792	1810	2357	1241	2216	9263	7013	7501	5032	
DHL	-60400	-60400	7	7	4	5	29	41	22	0	20	13397683	1810	2357	1241	2216	9263	7013	7501	5032	
DHL	-60600	-60600	4	6	4	6	29	44	26	0	20	13364659	1810	2357	1241	2216	9263	7013	7501	5032	
DHL	-60800	-60800	5	6	4	5	31	42	29	0	20	13332929	1810	2357	1241	2216	9263	7013	7501	5032	
DHL	-61000	-61000	6	4	5	5	32	38	28	0	18	13301306	1810	2357	1241	2216	9263	7013	7501	5032	
DHL	-61200	-61200	6	2	5	5	34	36	27	0	14	13271131	1810	2357	1241	2216	9263	7013	7501	5032	
DHL	-61400	-61400	6	3	5	4	37	31	26	0	13	13240979	1810	2357	1241	2216	9263	7013	7501	5032	
DHL	-61600	-61600	6	3	5	7	37	33	25	0	15	13210260	1810	2357	1241	2216	9263	7013	7501	5032	
DHL	-61800	-61800	5	3	6	8	40	31	24	0	14	13179942	1810	2357	1241	2216	9263	7013	7501	5032	
DHL	-62000	-62000	4	3	6	6	39	32	27	0	17	13149769	1810	2357	1241	2216	9263	7013	7501	5032	
DHL	-62200	-62200	4	4	6	7	40	37	30	0	17	13118482	1810	2357	1241	2216	9263	7013	7501	5032	
DHL	-62400	-62400	4	5	6	8	42	36	30	0	15	13088168	1810	2357	1241	2216	9263	7013	7501	5032	
DHL	-62600	-62600	4	5	5	8	42	37	34	0	16	13057351	1810	2357	1241	2216	9263	7013	7501	5032	
DHL	-62800	-62800	5	6	5	9	38	35	39	0	19	13025826	1810	2357	1241	2216	9263	7013	7501	5032	
DHL	-63000	-63000	6	8	5	10	37	30	37	0	17	12994611	1810	2357	1241	2216	9263	7013	7501	5032	
DHL	-63200	-63200	6	7	4	11	34	30	36	0	18	12963959	1810	2357	1241	2216	9263	7013	7501	5032	
DHL	-63400	-63400	7	15	4	10	30	31	31	0	18	12934561	1810	2357	1241	2216	9263	7013	7501	5032	
DHL	-63600	-63600	7	17	4	8	32	31	32	0	15	12905437	1810	2357	1241	2216	9263	7013	7501	5032	
DHL	-63800	-63800	6	14	2	7	28	34	29	0	13	12877502	1810	2357	1241	2216	9263	7013	7501	5032	
DHL	-64000	-64000	5	12	0	6	33	32	23	0	13	12849915	1810	2357	1241	2216	9263	7013	7501	5032	
DHL	-64200	-64200	4	11	1	6	33	27	24	0	11	12821953	1810	2357	1241	2216	9263	7013	7501	5032	
DHL	-64400	-64400	5	12	1	8	33	25	25	0	11	12792049	1810	2357	1241	2216	9263	7013	7501	5032	
DHL	-64600	-64600	5	11	1	9	34	28	17	0	10	12763372	1810	2357	1241	2216	9263	7013	7501	5032	
DHL	-64800	-64800	5	11	1	11	31	25	20	0	9	12735685	1810	2357	1241	2216	9263	7013	7501	5032	
DHL	-65000	-65000	5	12	3	11	31	24	23	0	10	12709115	1810	2357	1241	2216	9263	7013	7501	5032	
DHL	-65200	-65200	6	13	3	10	32	19	23	0	11	12682874	1810	2357	1241	2216	9263	7013	7501	5032	
DHL	-65400	-65400	6	11	4	7	31	20	25	0	11	12656580	1810	2357	1241	2216	9263	7013	7501	5032	
DHL	-65600	-65600	6	10	4	6	32	21	25	0	11	12630260	1810	2357	1241	2216	9263	7013	7501	5032	
DHL	-65800	-65800	5	11	5	7	33	21	27	0	11	12603554	1810	2357	1241	2216	9263	7013	7501	5032	
DHL	-66000	-66000	5	10	4	7	35	18	26	0	13	12576273	1810	2357	1241	2216	9263	7013	7501	5032	
DHL	-66200	-66200	6	5	3	7	36	22	28	0	12	12550311	1810	2357	1241	2216	9263	7013	7501	5032	
DHL	-66400	-66400	6	5	3	8	36	19	24	0	13	12523976	1810	2357	1241	2216	9263	7013	7501	5032	
DHL	-66600	-66600	6	5	4	9	39	19	22	0	19	12497739	1810	2357	1241	2216	9263	7013	7501	5032	
DHL	-66800	-66800	7	5	3	8	38	21	20	0	22	12471338	1810	2357	1241	2216	9263	7013	7501	5032	
DHL	-67000	-67000	7	5	3	9	38	23	19	0	19	12444255	1810	2357	1241	2216	9263	7013	7501	5032	
DHL	-67200	-67200	8	4	3	9	41	23	21	0	19	12419111	1810	2357	1241	2216	9263	7013	7501	5032	
DHL	-67400	-67400	8	6	4	11	39	28	22	0	20	12395117	1810	2357	1241	2216	9263	7013	7501	5032	
DHL	-67600	-67600	10	6	4	12	37	27	26	0	22	12372043	1810	2357	1241	2216	9263	7013	7501	5032	
DHL	-67800	-67800	11	5	5	14	32	25	29	0	23	12348037	1810	2357	1241	2216	9263	7013	7501	5032	
DHL	-68000	-68000	13	5	4	14	26	23	31	0	20	12324059	1810	2357	1241	2216	9263	7013	7501	5032	
DHL	-68200	-68200	9	8	4	12	26	19	31	0	20	12300447	1810	2357	1241	2216	9263	7013	7501	5032	
DHL	-68400	-68400	8	9	5	12	25	19	25	0	17	12277483	1810	2357	1241	2216	9263	7013	7501	5032	
DHL	-68600	-68600	9	6	4	11	25	20	24	0	20	12254312	1810	2357	1241	2216	9263	7013	7501	5032	
DHL	-68800	-68800	9	7	3	12	26	22	28	0	19	12230178	1810	2357	1241	2216	9263	7013	7501	5032	
DHL	-69000	-69000	9	8	4	10	28	23	30	0	17	12205609	1810	2357	1241	2216	9263	7013	7501	5032	
DHL	-69200	-69200	8	9	5	10	28	23	29	0	15	12181940	1810	2357	1241	2216	9263	7013	7501	5032	
DHL	-69400	-69400	9	10	4	11	27	26	27	0	16	12158552	1810	2357	1241	2216	9263	7013	7501	5032	
DHL	-69600	-69600	9	10	5	11	32	25	21	0	15	12136896	1810	2357	1241	2216	9263	7013	7501	5032	
DHL	-69800	-69800	8	10	6	8	35	24	19	0	15	12115545	1810	2357	1241	2216	9263	7013	7501	5032	
DHL	-70000	-70000	8	11	6	6	35	25	22	0	16	12094638	1810	2357	1241	2216	9263	7013	7501	5032	
DHL	-70200	-70200	9	10	5	6	35	22	22	0	18	12075094	1810	2357	1241	2216	9263	7013	7501	5032	
DHL	-70400	-70400	8	10	4	6	35	23	20	0	19	12055049	1810	2357	1241	2216	9263	7013	7501	5032	
DHL	-70600	-70600	8	9	4	6	34	22	18	0	19	12033862	1810	2357	1241	2216	9263	7013	7501	5032	
DHL	-70800	-70800	7	10	4	5	35	20	20	0	16	12013163	1810	2357	1241	2216	9263	7013	7501	5032	
DHL	-71000	-71000	5	9	5	5	35	19	22	0	19	11991244	1810	2357	1241	2216	9263	7013	7501	5032	
DHL	-71200	-71200	4	10	5	6	33	20	22	0	20	11968119	1810	2357	1241	2216	9263	7013	7501	5032	
DHL	-71400	-71400	3	10	3	6	31	21	20	0	18	11943661	1810	2357	1241	2216	9263	7013	7501	5032	
DHL	-71600	-71600	3	12	3	7	30	23	21	0	17	11919549	1810	2357	1241	2216	9263	7013	7501	5032	
DHL	-71800	-71800	3	12	3	6	25	23	20	0	15	11895427	1810	2357	1241	2216	9263	7013	7501	5032	
DHL	-72000	-72000	3	10	3	6	24	24	19	0	14	11870556	1810	2357	1241	2216	9263	7013	7501	5032	
DHL	-72200	-72200	3	9	3	6	19	27	21	0	14	11847371	1810	2357	1241	2216	9263	7013	7501	5032	
DHL	-72400	-72400	3	9	3	4	20	23	24	0	13	11826060	1810	2357	1241	2216	9263	7013	7501	5032	
DHL	-72600	-72600	3	9	4	5	22	29	25	0	14	11805204	1810	2357	1241	2216	9263	7013	7501	5032	
DHL	-72800	-72800	4	7	4	5	22	30	24	0	15	11783619	1810	2357	1241	2216	9263	7013	7501	5032	
DHL	-73000	-73000	4	7	4	5	24	25	21	0	14	11761058	1810	2357	1241	2216	9263	7013	7501	5032	
DHL	-73200	-73200	4	8	3	4	26	27	24	0	14	11738438	1810	2357	1241	2216	9263	7013	7501	5032	
DHL	-73400	-73400	5	9	4	4	25	26	25	0	14	11716042	1810	2357	1241	2216	9263	7013	7501	5032	
DHL	-73600	-73600	4	10	3	4	24	24	25	0	14	11693577	1810	2357	1241	2216	9263	7013	7501	5032	
DHL	-73800	-73800	8	10	4	4	21	21	28	0	13	11670986	1810	2357	1241	2216	9263	7013	7501	5032	
DHL	-74000	-74000	8	10	4	4	24	20	31	0	12	11647905	1810	2357	1241	2216	9263	7013	7501	5032	
DHL	-74200	-74200	10	10	4	5	26	22	35	0	12	11625026	1810	2357	1241	2216	9263	7013	7501	5032	
DHL	-74400	-74400	10	10	7	5	28	24	30	0	12	11603433	1810	2357	1241	2216	9263	7013	7501	5032	
DHL	-74600	-74600	11	9	9	6	29	21	33	0	12	11581811	1810	2357	1241	2216	9263	7013	7501	5032	
DHL	-74800	-74800	10	8	8	5	26	21	34	0	15	11558946	1810	2357	1241	2216	9263	7013	7501	5032	
DHL	-75000	-75000	10	9	6	5	24	21	34	0	15	11534864	1810	2357	1241	2216	9263	7013	7501	5032	
DHL	-75200	-75200	6	9	6	6	28	23	33	0	16	11510627	1810	2357	1241	2216	9263	7013	7501	5032	
DHL	-75400	-75400	7	7	5	5	29	25	32	0	16	11487372	1810	2357	1241	2216	9263	7013	7501	5032	
DHL	-75600	-75600	6	8	5	4	28	27	31	0	16	11464916	1810	2357	1241	2216	9263	7013	7501	5032	
DHL	-75800	-75800	6	8	6	4	27	26	27	0	16	11442229	1810	2357	1241	2216	9263	7013	7501	5032	
DHL	-76000	-76000	6	6	5	4	27	29	27	0	14	11419301	1810	2357	1241	2216	9263	7013	7501	5032	
DHL	-76200	-76200	7	6	5	4	25	31	28	0	16	11395923	1810	2357	1241	2216	9263	7013	7501	5032	
DHL	-76400	-76400	5	6	5	5	27	28	27	0	16	11373236	1810	2357	1241	2216	9263	7013	7501	5032	
DHL	-76600	-76600	5	7	5	3	27	28	27	0	15	11350968	1810	2357	1241	2216	9263	7013	7501	5032	
DHL	-76800	-76800	6	7	5	4	28	27	29	0	16	11329048	1810	2357	1241	2216	9263	7013	7501	5032	
DHL	-77000	-77000	6	8	5	5	27	22	32	0	17	11308401	1810	2357	1241	2216	9263	7013	7501	5032	
DHL	-77200	-77200	5	9	6	5	30	19	31	0	15	11286061	1810	2357	1241	2216	9263	7013	7501	5032	
DHL	-77400	-77400	6	9	4	8	31	19	28	0	17	11262821	1810	2357	1241	2216	9263	7013	7501	5032	
DHL	-77600	-77600	6	9	5	8	30	17	27	0	15	11240134	1810	2357	1241	2216	9263	7013	7501	5032	
DHL	-77800	-77800	6	9	6	9	34	17	29	0	15	11218850	1810	2357	1241	2216	9263	7013	7501	5032	
DHL	-78000	-78000	6	9	6	7	32	18	29	0	16	11198740	1810	2357	1241	2216	9263	7013	7501	5032	
DHL	-78200	-78200	6	9	5	8	33	16	26	0	15	11178043	1810	2357	1241	2216	9263	7013	7501	5032	
DHL	-78400	-78400	6	9	4	8	34	16	21	0	14	11156862	1810	2357	1241	2216	9263	7013	7501	5032	
DHL	-78600	-78600	6	9	4	6	34	15	22	0	17	11136003	1810	2357	1241	2216	9263	7013	7501	5032	
DHL	-78800	-78800	7	9	6	5	37	19	22	0	20	11115768	1810	2357	1241	2216	9263	7013	7501	5032	
DHL	-79000	-79000	6	7	6	5	37	21	24	0	19	11095932	1810	2357	1241	2216	9263	7013	7501	5032	
DHL	-79200	-79200	5	6	7	6	36	22	23	0	18	11077973	1810	2357	1241	2216	9263	7013	7501	5032	
DHL	-79400	-79400	6	6	7	6	35	18	25	0	21	11058064	1810	2357	1241	2216	9263	7013	7501	5032	
DHL	-79600	-79600	5	6	8	5	34	18	27	0	23	11038001	1810	2357	1241	2216	9263	7013	7501	5032	
DHL	-79800	-79800	4	6	6	7	31	20	31	0	26	11017961	1810	2357	1241	2216	9263	7013	7501	5032	
DHL	-80000	-80000	4	7	8	8	29	20	29	0	24	10997162	1810	2357	1241	2216	9263	7013	7501	5032	
DHL	-80200	-80200	4	7	8	9	29	19	27	0	21	10975155	1810	2357	1241	2216	9263	7013	7501	5032	
DHL	-80400	-80400	3	7	8	8	28	23	26	0	23	10953359	1810	2357	1241	2216	9263	7013	7501	5032	
DHL	-80600	-80600	4	7	7	8	29	26	27	0	22	10931826	1810	2357	1241	2216	9263	7013	7501	5032	
DHL	-80800	-80800	4	9	7	9	23	25	25	0	22	10910031	1810	2357	1241	2216	9263	7013	7501	5032	
DHL	-81000	-81000	5	7	8	6	23	23	19	0	20	10888031	1810	2357	1241	2216	9263	7013	7501	5032	
DHL	-81200	-81200	5	6	9	6	25	22	22	0	18	10866635	1810	2357	1241	2216	9263	7013	7501	5032	
DHL	-81400	-81400	8	5	9	6	23	19	23	0	17	10843947	1810	2357	1241	2216	9263	7013	7501	5032	
DHL	-81600	-81600	8	5	9	8	27	18	25	0	17	10821474	1810	2357	1241	2216	9263	7013	7501	5032	
DHL	-81800	-81800	8	4	9	9	30	17	18	0	14	10799150	1810	2357	1241	2216	9263	7013	7501	5032	
DHL	-82000	-82000	8	4	8	9	33	16	19	0	12	10776753	1810	2357	1241	2216	9263	7013	7501	5032	
DHL	-82200	-82200	5	5	6	9	36	18	23	0	12	10754507	1810	2357	1241	2216	9263	7013	7501	5032	
DHL	-82400	-82400	6	5	5	11	36	22	21	0	13	10732918	1810	2357	1241	2216	9263	7013	7501	5032	
DHL	-82600	-82600	7	6	6	10	35	22	21	0	12	10712291	1810	2357	1241	2216	9263	7013	7501	5032	
DHL	-82800	-82800	6	7	6	10	31	21	18	0	12	10691653	1810	2357	1241	2216	9263	7013	7501	5032	
DHL	-83000	-83000	5	8	6	11	29	22	19	0	12	10672108	1810	2357	1241	2216	9263	7013	7501	5032	
DHL	-83200	-83200	6	8	5	8	27	22	23	0	12	10653237	1810	2357	1241	2216	9263	7013	7501	5032	
DHL	-83400	-83400	7	6	5	10	24	22	23	0	15	10635057	1810	2357	1241	2216	9263	7013	7501	5032	
DHL	-83600	-83600	6	7	5	9	23	24	26	0	16	10617272	1810	2357	1241	2216	9263	7013	7501	5032	
DHL	-83800	-83800	5	6	5	8	30	22	25	0	15	10600604	1810	2357	1241	2216	9263	7013	7501	5032	
DHL	-84000	-84000	6	6	4	8	25	21	24	0	15	10581993	1810	2357	1241	2216	9263	7013	7501	5032	
DHL	-84200	-84200	5	6	6	7	26	18	24	0	18	10564476	1810	2357	1241	2216	9263	7013	7501	5032	
DHL	-84400	-84400	4	6	6	8	23	16	23	0	17	10547187	1810	2357	1241	2216	9263	7013	7501	5032	
DHL	-84600	-84600	3	5	5	6	27	20	26	0	17	10530327	1810	2357	1241	2216	9263	7013	7501	5032	
DHL	-84800	-84800	3	5	7	7	26	23	29	0	19	10512922	1810	2357	1241	2216	9263	7013	7501	5032	
DHL	-85000	-85000	1	7	6	6	25	24	25	0	18	10494050	1810	2357	1241	2216	9263	7013	7501	5032	
DHL	-85200	-85200	1	7	6	5	23	24	25	0	16	10474301	1810	2357	1241	2216	9263	7013	7501	5032	
DHL	-85400	-85400	1	7	4	6	25	22	26	0	15	10454561	1810	2357	1241	2216	9263	7013	7501	5032	
DHL	-85600	-85600	1	7	4	4	24	19	23	0	15	10435348	1810	2357	1241	2216	9263	7013	7501	5032	
DHL	-85800	-85800	1	8	3	4	24	21	23	0	17	10415558	1810	2357	1241	2216	9263	7013	7501	5032	
DHL	-86000	-86000	3	9	3	5	23	20	21	0	16	10395271	1810	2357	1241	2216	9263	7013	7501	5032	
DHL	-86200	-86200	3	9	4	5	21	22	21	0	19	10374592	1810	2357	1241	2216	9263	7013	7501	5032	
DHL	-86400	-86400	2	10	4	5	23	22	22	0	20	10354711	1810	2357	1241	2216	9263	7013	7501	5032	
DHL	-86600	-86600	2	10	6	5	24	23	26	0	22	10335773	1810	2357	1241	2216	9263	7013	7501	5032	
DHL	-86800	-86800	2	9	4	5	24	25	28	0	24	10317621	1810	2357	1241	2216	9263	7013	7501	5032	
DHL	-87000	-87000	3	10	3	5	24	25	28	0	24	10299382	1810	2357	1241	2216	9263	7013	7501	5032	
DHL	-87200	-87200	3	9	3	5	24	25	26	0	25	10281175	1810	2357	1241	2216	9263	7013	7501	5032	
DHL	-87400	-87400	2	9	3	7	26	24	23	0	21	10262075	1810	2357	1241	2216	9263	7013	7501	5032	
DHL	-87600	-87600	3	7	3	9	23	24	25	0	18	10243243	1810	2357	1241	2216	9263	7013	7501	5032	
DHL	-87800	-87800	2	8	2	8	29	23	27	0	16	10225045	1810	2357	1241	2216	9263	7013	7501	5032	
DHL	-88000	-88000	1	7	1	7	27	24	28	0	15	10207623	1810	2357	1241	2216	9263	7013	7501	5032	
DHL	-88200	-88200	1	7	1	9	26	25	27	0	15	10190391	1810	2357	1241	2216	9263	7013	7501	5032	
DHL	-88400	-88400	2	8	2	9	24	27	27	0	13	10173124	1810	2357	1241	2216	9263	7013	7501	5032	
DHL	-88600	-88600	2	8	2	9	21	26	25	0	12	10156036	1810	2357	1241	2216	9263	7013	7501	5032	
DHL	-88800	-88800	3	9	2	8	20	24	24	0	11	10138959	1810	2357	1241	2216	9263	7013	7501	5032	
DHL	-89000	-89000	4	11	3	7	19	26	24	0	11	10121947	1810	2357	1241	2216	9263	7013	7501	5032	
DHL	-89200	-89200	4	12	3	6	16	25	24	0	16	10105423	1810	2357	1241	2216	9263	7013	7501	5032	
DHL	-89400	-89400	1	12	2	6	19	26	26	0	14	10088560	1810	2357	1241	2216	9263	7013	7501	5032	
DHL	-89600	-89600	1	13	2	6	18	27	26	0	17	10070893	1810	2357	1241	2216	9263	7013	7501	5032	
DHL	-89800	-89800	3	14	2	7	19	26	25	0	17	10054292	1810	2357	1241	2216	9263	7013	7501	5032	
DHL	-90000	-90000	2	13	2	7	15	30	22	0	14	10037570	1810	2357	1241	2216	9263	7013	7501	5032	
DHL	-90200	-90200	2	14	2	8	15	28	19	0	15	10019491	1810	2357	1241	2216	9263	7013	7501	5032	
DHL	-90400	-90400	2	13	5	7	12	28	22	0	15	10001774	1810	2357	1241	2216	9263	7013	7501	5032	
DHL	-90600	-90600	1	13	5	10	15	25	23	0	17	9985366	1810	2357	1241	2216	9263	7013	7501	5032	
DHL	-90800	-90800	2	11	5	11	15	21	21	0	14	9968247	1810	2357	1241	2216	9263	7013	7501	5032	
DHL	-91000	-91000	2	9	5	11	14	23	21	0	14	9951429	1810	2357	1241	2216	9263	7013	7501	5032	
DHL	-91200	-91200	3	8	4	11	16	22	23	0	11	9935644	1810	2357	1241	2216	9263	7013	7501	5032	
DHL	-91400	-91400	5	7	4	11	14	18	27	0	12	9919885	1810	2357	1241	2216	9263	7013	7501	5032	
DHL	-91600	-91600	5	8	4	9	15	18	32	0	9	9904040	1810	2357	1241	2216	9263	7013	7501	5032	
DHL	-91800	-91800	5	7	5	10	14	14	36	0	8	9889155	1810	2357	1241	2216	9263	7013	7501	5032	
DHL	-92000	-92000	2	8	4	8	15	11	30	0	6	9873399	1810	2357	1241	2216	9263	7013	7501	5032	
DHL	-92200	-92200	4	9	4	8	14	11	28	0	8	9857631	1810	2357	1241	2216	9263	7013	7501	5032	
DHL	-92400	-92400	4	10	4	7	14	11	24	0	10	9841887	1810	2357	1241	2216	9263	7013	7501	5032	
DHL	-92600	-92600	4	11	4	9	18	11	23	0	12	9826129	1810	2357	1241	2216	9263	7013	7501	5032	
DHL	-92800	-92800	4	11	5	9	21	13	27	0	14	9810087	1810	2357	1241	2216	9263	7013	7501	5032	
DHL	-93000	-93000	4	8	4	9	18	15	26	0	14	9793388	1810	2357	1241	2216	9263	7013	7501	5032	
DHL	-93200	-93200	2	6	4	7	16	15	30	0	13	9777880	1810	2357	1241	2216	9263	7013	7501	5032	
DHL	-93400	-93400	2	6	4	7	18	15	29	0	10	9763134	1810	2357	1241	2216	9263	7013	7501	5032	
DHL	-93600	-93600	2	7	5	6	19	12	29	0	14	9749165	1810	2357	1241	2216	9263	7013	7501	5032	
DHL	-93800	-93800	3	6	5	5	16	10	29	0	14	9735189	1810	2357	1241	2216	9263	7013	7501	5032	
DHL	-94000	-94000	2	6	6	5	12	11	26	0	15	9722343	1810	2357	1241	2216	9263	7013	7501	5032	
DHL	-94200	-94200	2	7	6	8	14	12	27	0	14	9709712	1810	2357	1241	2216	9263	7013	7501	5032	
DHL	-94400	-94400	1	7	7	7	14	18	24	0	15	9696455	1810	2357	1241	2216	9263	7013	7501	5032	
DHL	-94600	-94600	1	8	6	7	12	18	27	0	15	9682474	1810	2357	1241	2216	9263	7013	7501	5032	
DHL	-94800	-94800	1	7	6	7	13	17	24	0	14	9668506	1810	2357	1241	2216	9263	7013	7501	5032	
DHL	-95000	-95000	1	6	7	6	13	15	23	0	15	9653555	1810	2357	1241	2216	9263	7013	7501	5032	
DHL	-95200	-95200	1	5	7	7	16	16	22	0	13	9639070	1810	2357	1241	2216	9263	7013	7501	5032	
DHL	-95400	-95400	2	8	6	6	16	15	22	0	14	9624741	1810	2357	1241	2216	9263	7013	7501	5032	
DHL	-95600	-95600	3	9	6	6	18	15	20	0	14	9611692	1810	2357	1241	2216	9263	7013	7501	5032	
DHL	-95800	-95800	4	10	6	8	23	15	19	0	13	9599419	1810	2357	1241	2216	9263	7013	7501	5032	
DHL	-96000	-96000	7	10	6	7	24	13	19	0	13	9587640	1810	2357	1241	2216	9263	7013	7501	5032	
DHL	-96200	-96200	5	10	6	6	26	12	18	0	14	9575516	1810	2357	1241	2216	9263	7013	7501	5032	
DHL	-96400	-96400	6	9	6	6	26	16	17	0	16	9562483	1810	2357	1241	2216	9263	7013	7501	5032	
DHL	-96600	-96600	5	9	7	7	21	15	16	0	15	9548792	1810	2357	1241	2216	9263	7013	7501	5032	
DHL	-96800	-96800	4	9	7	6	23	18	16	0	15	9534872	1810	2357	1241	2216	9263	7013	7501	5032	
DHL	-97000	-97000	3	8	7	6	22	21	19	0	16	9521431	1810	2357	1241	2216	9263	7013	7501	5032	
DHL	-97200	-97200	2	5	7	6	21	20	20	0	15	9507517	1810	2357	1241	2216	9263	7013	7501	5032	
DHL	-97400	-97400	1	4	7	5	21	18	22	0	15	9493739	1810	2357	1241	2216	9263	7013	7501	5032	
DHL	-97600	-97600	1	4	7	4	21	18	22	0	15	9479771	1810	2357	1241	2216	9263	7013	7501	5032	
DHL	-97800	-97800	3	4	6	3	20	18	21	0	14	9465901	1810	2357	1241	2216	9263	7013	7501	5032	
DHL	-98000	-98000	6	3	6	5	19	17	23	0	15	9452196	1810	2357	1241	2216	9263	7013	7501	5032	
DHL	-98200	-98200	7	3	5	5	20	18	28	0	17	9439285	1810	2357	1241	2216	9263	7013	7501	5032	
DHL	-98400	-98400	8	3	7	8	22	17	27	0	16	9425872	1810	2357	1241	2216	9263	7013	7501	5032	
DHL	-98600	-98600	7	4	7	8	17	16	24	0	13	9411912	1810	2357	1241	2216	9263	7013	7501	5032	
DHL	-98800	-98800	7	4	7	8	16	17	23	0	14	9398586	1810	2357	1241	2216	9263	7013	7501	5032	
DHL	-99000	-99000	6	5	7	7	19	16	20	0	12	9386174	1810	2357	1241	2216	9263	7013	7501	5032	
DHL	-99200	-99200	6	5	8	6	18	20	20	0	10	9372910	1810	2357	1241	2216	9263	7013	7501	5032	
DHL	-99400	-99400	6	5	7	8	17	18	19	0	10	9358701	1810	2357	1241	2216	9263	7013	7501	5032	
DHL	-99600	-99600	8	5	8	7	18	19	20	0	13	9343950	1810	2357	1241	2216	9263	7013	7501	5032	
DHL	-99800	-99800	8	5	8	6	19	19	19	0	16	9329244	1810	2357	1241	2216	9263	7013	7501	5032	
DHL	-100000	-100000	7	4	7	6	22	21	18	0	15	9314104	1810	2357	1241	2216	9263	7013	7501	5032	
