FL	0	0	102	106	3	301	99	28	37	379	12	51323255	6075	4775	148	1925	4244	4632	2536	13292	512	
FL	-200	-200	104	104	3	297	101	30	42	368	11	51068362	6075	4775	148	1925	4244	4632	2536	13292	512	
FL	-400	-400	104	108	3	287	97	31	45	356	11	50444241	6075	4775	148	1925	4244	4632	2536	13292	512	
FL	-600	-600	106	103	4	281	97	32	46	345	8	49761675	6075	4775	148	1925	4244	4632	2536	13292	512	
FL	-800	-800	108	99	4	261	93	35	50	337	8	49104718	6075	4775	148	1925	4244	4632	2536	13292	512	
FL	-1000	-1000	104	98	4	244	91	40	45	330	8	48502059	6075	4775	148	1925	4244	4632	2536	13292	512	
FL	-1200	-1200	104	97	4	234	88	42	43	306	8	47945197	6075	4775	148	1925	4244	4632	2536	13292	512	
FL	-1400	-1400	107	101	4	220	84	52	44	289	8	47432539	6075	4775	148	1925	4244	4632	2536	13292	512	
FL	-1600	-1600	102	92	4	214	79	58	41	270	8	46950930	6075	4775	148	1925	4244	4632	2536	13292	512	
FL	-1800	-1800	100	87	3	207	75	53	35	260	8	46492851	6075	4775	148	1925	4244	4632	2536	13292	512	
FL	-2000	-2000	98	84	3	199	72	56	35	243	8	46058946	6075	4775	148	1925	4244	4632	2536	13292	512	
FL	-2200	-2200	107	82	4	189	66	64	39	223	5	45643929	6075	4775	148	1925	4244	4632	2536	13292	512	
FL	-2400	-2400	112	79	5	176	63	66	36	220	3	45247930	6075	4775	148	1925	4244	4632	2536	13292	512	
FL	-2600	-2600	110	80	4	159	62	66	35	216	3	44870465	6075	4775	148	1925	4244	4632	2536	13292	512	
FL	-2800	-2800	116	71	4	143	63	67	43	212	3	44507244	6075	4775	148	1925	4244	4632	2536	13292	512	
FL	-3000	-3000	113	71	4	125	59	68	48	201	1	44154815	6075	4775	148	1925	4244	4632	2536	13292	512	
FL	-3200	-3200	108	72	4	110	58	66	49	196	1	43811070	6075	4775	148	1925	4244	4632	2536	13292	512	
FL	-3400	-3400	98	71	4	99	51	64	50	195	1	43475867	6075	4775	148	1925	4244	4632	2536	13292	512	
FL	-3600	-3600	102	74	4	92	45	63	48	192	1	43153811	6075	4775	148	1925	4244	4632	2536	13292	512	
FL	-3800	-3800	103	72	3	87	43	59	44	188	1	42838931	6075	4775	148	1925	4244	4632	2536	13292	512	
FL	-4000	-4000	108	70	3	84	37	58	43	180	3	42532291	6075	4775	148	1925	4244	4632	2536	13292	512	
FL	-4200	-4200	111	73	3	77	36	53	39	173	2	42239053	6075	4775	148	1925	4244	4632	2536	13292	512	
FL	-4400	-4400	108	79	3	72	35	50	36	157	2	41953796	6075	4775	148	1925	4244	4632	2536	13292	512	
FL	-4600	-4600	115	79	2	74	36	52	32	159	2	41669833	6075	4775	148	1925	4244	4632	2536	13292	512	
FL	-4800	-4800	118	85	2	69	35	50	33	159	1	41390446	6075	4775	148	1925	4244	4632	2536	13292	512	
FL	-5000	-5000	121	77	2	71	31	55	35	159	2	41119102	6075	4775	148	1925	4244	4632	2536	13292	512	
FL	-5200	-5200	126	75	2	67	32	55	35	154	2	40855538	6075	4775	148	1925	4244	4632	2536	13292	512	
FL	-5400	-5400	127	79	3	63	34	58	39	157	2	40596996	6075	4775	148	1925	4244	4632	2536	13292	512	
FL	-5600	-5600	119	79	3	63	35	60	39	164	2	40344012	6075	4775	148	1925	4244	4632	2536	13292	512	
FL	-5800	-5800	121	83	4	63	38	67	41	153	1	40099768	6075	4775	148	1925	4244	4632	2536	13292	512	
FL	-6000	-6000	120	86	3	63	38	75	36	144	1	39863780	6075	4775	148	1925	4244	4632	2536	13292	512	
FL	-6200	-6200	117	86	3	61	37	74	37	136	1	39634970	6075	4775	148	1925	4244	4632	2536	13292	512	
FL	-6400	-6400	119	88	2	56	33	77	39	131	1	39408240	6075	4775	148	1925	4244	4632	2536	13292	512	
FL	-6600	-6600	114	91	3	56	36	81	36	134	2	39184799	6075	4775	148	1925	4244	4632	2536	13292	512	
FL	-6800	-6800	111	86	3	55	38	75	39	128	2	38968264	6075	4775	148	1925	4244	4632	2536	13292	512	
FL	-7000	-7000	100	81	2	54	40	89	40	134	2	38756742	6075	4775	148	1925	4244	4632	2536	13292	512	
FL	-7200	-7200	103	76	3	50	40	87	40	134	2	38548750	6075	4775	148	1925	4244	4632	2536	13292	512	
FL	-7400	-7400	101	75	3	49	45	89	37	135	2	38346778	6075	4775	148	1925	4244	4632	2536	13292	512	
FL	-7600	-7600	93	70	3	47	43	82	37	139	2	38149362	6075	4775	148	1925	4244	4632	2536	13292	512	
FL	-7800	-7800	90	69	4	44	39	82	35	144	2	37957102	6075	4775	148	1925	4244	4632	2536	13292	512	
FL	-8000	-8000	93	67	4	41	42	85	32	132	2	37763244	6075	4775	148	1925	4244	4632	2536	13292	512	
FL	-8200	-8200	91	65	2	40	41	84	31	141	2	37570647	6075	4775	148	1925	4244	4632	2536	13292	512	
FL	-8400	-8400	91	66	2	39	40	91	31	142	3	37380366	6075	4775	148	1925	4244	4632	2536	13292	512	
FL	-8600	-8600	93	64	2	34	37	90	34	140	3	37194540	6075	4775	148	1925	4244	4632	2536	13292	512	
FL	-8800	-8800	98	65	2	30	39	90	31	152	2	37009934	6075	4775	148	1925	4244	4632	2536	13292	512	
FL	-9000	-9000	93	61	2	29	34	84	33	155	1	36825111	6075	4775	148	1925	4244	4632	2536	13292	512	
FL	-9200	-9200	93	65	2	26	34	87	34	150	3	36645367	6075	4775	148	1925	4244	4632	2536	13292	512	
FL	-9400	-9400	84	66	2	24	33	93	38	147	3	36466916	6075	4775	148	1925	4244	4632	2536	13292	512	
FL	-9600	-9600	89	66	3	22	30	91	36	158	3	36291217	6075	4775	148	1925	4244	4632	2536	13292	512	
FL	-9800	-9800	95	70	5	20	32	88	34	150	4	36117343	6075	4775	148	1925	4244	4632	2536	13292	512	
FL	-10000	-10000	98	69	6	18	26	85	35	152	5	35945526	6075	4775	148	1925	4244	4632	2536	13292	512	
FL	-10200	-10200	98	65	3	19	29	81	30	148	5	35775437	6075	4775	148	1925	4244	4632	2536	13292	512	
FL	-10400	-10400	95	63	5	19	27	73	29	153	5	35607743	6075	4775	148	1925	4244	4632	2536	13292	512	
FL	-10600	-10600	88	65	4	17	27	66	30	160	5	35441320	6075	4775	148	1925	4244	4632	2536	13292	512	
FL	-10800	-10800	87	65	4	18	32	69	31	165	5	35278675	6075	4775	148	1925	4244	4632	2536	13292	512	
FL	-11000	-11000	86	65	5	18	37	73	27	167	4	35119219	6075	4775	148	1925	4244	4632	2536	13292	512	
FL	-11200	-11200	88	65	5	19	35	71	34	165	4	34962184	6075	4775	148	1925	4244	4632	2536	13292	512	
FL	-11400	-11400	80	62	6	22	37	71	33	156	2	34807011	6075	4775	148	1925	4244	4632	2536	13292	512	
FL	-11600	-11600	79	61	6	19	36	72	33	153	3	34653333	6075	4775	148	1925	4244	4632	2536	13292	512	
FL	-11800	-11800	73	57	6	21	36	82	30	149	3	34501484	6075	4775	148	1925	4244	4632	2536	13292	512	
FL	-12000	-12000	65	58	7	22	35	75	31	148	3	34353804	6075	4775	148	1925	4244	4632	2536	13292	512	
FL	-12200	-12200	66	65	6	22	34	76	29	143	4	34207282	6075	4775	148	1925	4244	4632	2536	13292	512	
FL	-12400	-12400	69	65	6	23	32	75	29	135	4	34063509	6075	4775	148	1925	4244	4632	2536	13292	512	
FL	-12600	-12600	70	68	6	20	32	74	32	133	3	33917724	6075	4775	148	1925	4244	4632	2536	13292	512	
FL	-12800	-12800	74	72	6	20	36	74	30	131	4	33772514	6075	4775	148	1925	4244	4632	2536	13292	512	
FL	-13000	-13000	80	75	4	21	30	80	32	122	4	33628144	6075	4775	148	1925	4244	4632	2536	13292	512	
FL	-13200	-13200	80	76	4	21	32	81	36	129	4	33485880	6075	4775	148	1925	4244	4632	2536	13292	512	
FL	-13400	-13400	78	76	4	17	33	77	37	136	2	33342289	6075	4775	148	1925	4244	4632	2536	13292	512	
FL	-13600	-13600	85	79	4	17	28	78	38	133	2	33198367	6075	4775	148	1925	4244	4632	2536	13292	512	
FL	-13800	-13800	84	81	4	17	27	75	36	135	1	33056740	6075	4775	148	1925	4244	4632	2536	13292	512	
FL	-14000	-14000	76	80	4	18	26	76	34	137	1	32918207	6075	4775	148	1925	4244	4632	2536	13292	512	
FL	-14200	-14200	71	81	4	15	26	76	34	137	0	32781418	6075	4775	148	1925	4244	4632	2536	13292	512	
FL	-14400	-14400	73	73	4	8	23	74	34	135	0	32648280	6075	4775	148	1925	4244	4632	2536	13292	512	
FL	-14600	-14600	72	67	4	7	21	71	31	136	0	32516775	6075	4775	148	1925	4244	4632	2536	13292	512	
FL	-14800	-14800	69	66	4	9	19	65	28	126	1	32388903	6075	4775	148	1925	4244	4632	2536	13292	512	
FL	-15000	-15000	63	65	2	9	21	65	28	127	1	32263542	6075	4775	148	1925	4244	4632	2536	13292	512	
FL	-15200	-15200	63	64	2	11	19	59	30	123	1	32139681	6075	4775	148	1925	4244	4632	2536	13292	512	
FL	-15400	-15400	68	63	2	6	19	58	28	119	1	32013318	6075	4775	148	1925	4244	4632	2536	13292	512	
FL	-15600	-15600	65	57	1	7	19	59	28	111	1	31889268	6075	4775	148	1925	4244	4632	2536	13292	512	
FL	-15800	-15800	63	52	1	5	17	57	28	108	0	31766641	6075	4775	148	1925	4244	4632	2536	13292	512	
FL	-16000	-16000	62	51	1	5	13	56	33	113	1	31640305	6075	4775	148	1925	4244	4632	2536	13292	512	
FL	-16200	-16200	65	55	1	6	13	59	32	113	1	31515829	6075	4775	148	1925	4244	4632	2536	13292	512	
FL	-16400	-16400	73	59	2	10	11	62	33	113	1	31394684	6075	4775	148	1925	4244	4632	2536	13292	512	
FL	-16600	-16600	74	55	2	11	13	60	32	105	1	31275764	6075	4775	148	1925	4244	4632	2536	13292	512	
FL	-16800	-16800	72	55	1	10	10	59	34	104	1	31158118	6075	4775	148	1925	4244	4632	2536	13292	512	
FL	-17000	-17000	71	51	2	11	9	59	34	103	1	31040127	6075	4775	148	1925	4244	4632	2536	13292	512	
FL	-17200	-17200	69	49	2	12	11	57	29	92	1	30922213	6075	4775	148	1925	4244	4632	2536	13292	512	
FL	-17400	-17400	67	48	2	13	19	60	29	92	2	30802501	6075	4775	148	1925	4244	4632	2536	13292	512	
FL	-17600	-17600	64	50	0	15	21	61	31	88	3	30682570	6075	4775	148	1925	4244	4632	2536	13292	512	
FL	-17800	-17800	61	53	0	13	23	63	27	82	4	30562978	6075	4775	148	1925	4244	4632	2536	13292	512	
FL	-18000	-18000	67	48	0	14	27	60	24	90	4	30444794	6075	4775	148	1925	4244	4632	2536	13292	512	
FL	-18200	-18200	66	53	0	17	25	55	25	97	4	30326092	6075	4775	148	1925	4244	4632	2536	13292	512	
FL	-18400	-18400	65	54	0	19	24	61	26	97	3	30211271	6075	4775	148	1925	4244	4632	2536	13292	512	
FL	-18600	-18600	68	53	0	18	25	63	29	105	4	30097130	6075	4775	148	1925	4244	4632	2536	13292	512	
FL	-18800	-18800	67	55	0	16	23	58	26	101	4	29983600	6075	4775	148	1925	4244	4632	2536	13292	512	
FL	-19000	-19000	64	52	0	14	22	57	29	102	3	29875809	6075	4775	148	1925	4244	4632	2536	13292	512	
FL	-19200	-19200	69	51	0	14	22	55	31	98	2	29768719	6075	4775	148	1925	4244	4632	2536	13292	512	
FL	-19400	-19400	69	54	0	15	27	55	29	101	2	29659425	6075	4775	148	1925	4244	4632	2536	13292	512	
FL	-19600	-19600	70	52	0	17	22	58	31	104	2	29548075	6075	4775	148	1925	4244	4632	2536	13292	512	
FL	-19800	-19800	77	53	0	18	25	58	29	108	2	29433159	6075	4775	148	1925	4244	4632	2536	13292	512	
FL	-20000	-20000	75	54	0	16	25	63	30	114	2	29315895	6075	4775	148	1925	4244	4632	2536	13292	512	
FL	-20200	-20200	74	53	0	15	23	66	30	107	3	29199522	6075	4775	148	1925	4244	4632	2536	13292	512	
FL	-20400	-20400	71	50	0	13	26	66	30	105	3	29086105	6075	4775	148	1925	4244	4632	2536	13292	512	
FL	-20600	-20600	71	48	0	15	25	69	28	102	3	28974017	6075	4775	148	1925	4244	4632	2536	13292	512	
FL	-20800	-20800	64	47	0	16	22	69	29	106	4	28863998	6075	4775	148	1925	4244	4632	2536	13292	512	
FL	-21000	-21000	67	49	0	15	23	70	32	105	4	28754968	6075	4775	148	1925	4244	4632	2536	13292	512	
FL	-21200	-21200	69	51	0	13	23	74	32	103	3	28648422	6075	4775	148	1925	4244	4632	2536	13292	512	
FL	-21400	-21400	77	53	0	13	23	75	25	104	2	28545091	6075	4775	148	1925	4244	4632	2536	13292	512	
FL	-21600	-21600	78	53	0	14	23	75	26	103	1	28443699	6075	4775	148	1925	4244	4632	2536	13292	512	
FL	-21800	-21800	76	52	0	13	24	68	29	104	1	28345653	6075	4775	148	1925	4244	4632	2536	13292	512	
FL	-22000	-22000	78	49	0	9	23	66	29	107	1	28247841	6075	4775	148	1925	4244	4632	2536	13292	512	
FL	-22200	-22200	70	45	0	7	27	61	29	109	1	28153514	6075	4775	148	1925	4244	4632	2536	13292	512	
FL	-22400	-22400	71	51	0	7	31	58	27	108	1	28061860	6075	4775	148	1925	4244	4632	2536	13292	512	
FL	-22600	-22600	76	52	1	11	28	56	29	99	1	27970424	6075	4775	148	1925	4244	4632	2536	13292	512	
FL	-22800	-22800	77	52	1	12	25	52	31	100	2	27877653	6075	4775	148	1925	4244	4632	2536	13292	512	
FL	-23000	-23000	75	55	1	12	27	52	31	99	1	27783900	6075	4775	148	1925	4244	4632	2536	13292	512	
FL	-23200	-23200	77	49	1	12	25	54	29	98	1	27691562	6075	4775	148	1925	4244	4632	2536	13292	512	
FL	-23400	-23400	75	50	1	12	27	54	31	99	1	27599848	6075	4775	148	1925	4244	4632	2536	13292	512	
FL	-23600	-23600	78	46	1	11	24	52	28	104	1	27508287	6075	4775	148	1925	4244	4632	2536	13292	512	
FL	-23800	-23800	73	38	1	11	21	56	24	101	1	27414408	6075	4775	148	1925	4244	4632	2536	13292	512	
FL	-24000	-24000	71	43	3	12	20	56	22	96	1	27320500	6075	4775	148	1925	4244	4632	2536	13292	512	
FL	-24200	-24200	69	45	4	10	21	59	21	100	1	27228284	6075	4775	148	1925	4244	4632	2536	13292	512	
FL	-24400	-24400	71	45	4	8	19	57	21	99	1	27138167	6075	4775	148	1925	4244	4632	2536	13292	512	
FL	-24600	-24600	68	45	4	6	20	54	22	101	0	27047449	6075	4775	148	1925	4244	4632	2536	13292	512	
FL	-24800	-24800	67	41	4	6	21	54	19	98	0	26956688	6075	4775	148	1925	4244	4632	2536	13292	512	
FL	-25000	-25000	63	39	4	4	19	53	19	94	0	26867561	6075	4775	148	1925	4244	4632	2536	13292	512	
FL	-25200	-25200	59	40	4	4	22	56	17	96	2	26778753	6075	4775	148	1925	4244	4632	2536	13292	512	
FL	-25400	-25400	61	38	4	6	21	58	17	93	2	26688586	6075	4775	148	1925	4244	4632	2536	13292	512	
FL	-25600	-25600	62	43	4	6	22	54	21	96	2	26597946	6075	4775	148	1925	4244	4632	2536	13292	512	
FL	-25800	-25800	60	44	4	4	23	57	21	96	2	26504886	6075	4775	148	1925	4244	4632	2536	13292	512	
FL	-26000	-26000	62	42	4	4	23	56	22	99	2	26410600	6075	4775	148	1925	4244	4632	2536	13292	512	
FL	-26200	-26200	65	46	4	6	24	60	26	91	2	26316404	6075	4775	148	1925	4244	4632	2536	13292	512	
FL	-26400	-26400	64	44	3	6	21	59	28	88	3	26224197	6075	4775	148	1925	4244	4632	2536	13292	512	
FL	-26600	-26600	65	46	3	10	22	61	27	94	4	26131394	6075	4775	148	1925	4244	4632	2536	13292	512	
FL	-26800	-26800	66	48	3	13	20	63	28	93	3	26039335	6075	4775	148	1925	4244	4632	2536	13292	512	
FL	-27000	-27000	66	47	3	13	21	62	30	102	4	25949417	6075	4775	148	1925	4244	4632	2536	13292	512	
FL	-27200	-27200	61	50	3	14	23	62	30	106	4	25861139	6075	4775	148	1925	4244	4632	2536	13292	512	
FL	-27400	-27400	66	51	2	10	24	67	29	96	4	25772532	6075	4775	148	1925	4244	4632	2536	13292	512	
FL	-27600	-27600	69	50	2	9	24	69	29	82	4	25685879	6075	4775	148	1925	4244	4632	2536	13292	512	
FL	-27800	-27800	67	52	2	8	22	67	30	80	2	25600663	6075	4775	148	1925	4244	4632	2536	13292	512	
FL	-28000	-28000	69	50	2	6	19	66	28	76	2	25516695	6075	4775	148	1925	4244	4632	2536	13292	512	
FL	-28200	-28200	63	52	2	7	18	65	25	81	1	25432176	6075	4775	148	1925	4244	4632	2536	13292	512	
FL	-28400	-28400	61	49	2	6	18	64	25	77	1	25348395	6075	4775	148	1925	4244	4632	2536	13292	512	
FL	-28600	-28600	59	49	2	6	18	60	20	80	1	25264426	6075	4775	148	1925	4244	4632	2536	13292	512	
FL	-28800	-28800	64	49	2	7	21	58	20	74	1	25180610	6075	4775	148	1925	4244	4632	2536	13292	512	
FL	-29000	-29000	64	47	2	7	21	57	20	68	1	25098210	6075	4775	148	1925	4244	4632	2536	13292	512	
FL	-29200	-29200	59	44	2	8	20	54	19	69	1	25018780	6075	4775	148	1925	4244	4632	2536	13292	512	
FL	-29400	-29400	60	42	2	10	21	56	18	69	2	24939816	6075	4775	148	1925	4244	4632	2536	13292	512	
FL	-29600	-29600	62	40	2	12	21	50	21	69	3	24859959	6075	4775	148	1925	4244	4632	2536	13292	512	
FL	-29800	-29800	62	42	2	15	23	52	20	72	3	24780304	6075	4775	148	1925	4244	4632	2536	13292	512	
FL	-30000	-30000	66	41	2	15	25	53	19	79	2	24699202	6075	4775	148	1925	4244	4632	2536	13292	512	
FL	-30200	-30200	57	39	0	14	27	53	19	79	1	24618338	6075	4775	148	1925	4244	4632	2536	13292	512	
FL	-30400	-30400	55	42	0	15	30	48	18	77	1	24535184	6075	4775	148	1925	4244	4632	2536	13292	512	
FL	-30600	-30600	53	40	0	13	27	47	22	78	1	24454183	6075	4775	148	1925	4244	4632	2536	13292	512	
FL	-30800	-30800	54	39	0	14	26	52	22	70	1	24375689	6075	4775	148	1925	4244	4632	2536	13292	512	
FL	-31000	-31000	57	35	1	12	26	46	23	75	2	24297725	6075	4775	148	1925	4244	4632	2536	13292	512	
FL	-31200	-31200	58	38	1	11	26	44	23	79	2	24220899	6075	4775	148	1925	4244	4632	2536	13292	512	
FL	-31400	-31400	67	41	1	14	25	44	23	85	2	24144828	6075	4775	148	1925	4244	4632	2536	13292	512	
FL	-31600	-31600	69	43	1	12	26	48	21	80	2	24069268	6075	4775	148	1925	4244	4632	2536	13292	512	
FL	-31800	-31800	69	46	1	12	23	45	19	86	2	23996021	6075	4775	148	1925	4244	4632	2536	13292	512	
FL	-32000	-32000	68	44	0	13	22	41	18	84	2	23921290	6075	4775	148	1925	4244	4632	2536	13292	512	
FL	-32200	-32200	65	45	0	15	19	39	17	81	3	23846473	6075	4775	148	1925	4244	4632	2536	13292	512	
FL	-32400	-32400	63	44	0	13	20	37	17	85	3	23771203	6075	4775	148	1925	4244	4632	2536	13292	512	
FL	-32600	-32600	61	47	0	16	20	32	16	84	4	23695239	6075	4775	148	1925	4244	4632	2536	13292	512	
FL	-32800	-32800	66	44	0	14	18	37	17	82	4	23619070	6075	4775	148	1925	4244	4632	2536	13292	512	
FL	-33000	-33000	66	43	0	13	18	39	18	86	4	23543585	6075	4775	148	1925	4244	4632	2536	13292	512	
FL	-33200	-33200	60	43	0	13	17	42	16	86	3	23468335	6075	4775	148	1925	4244	4632	2536	13292	512	
FL	-33400	-33400	61	42	0	12	17	46	18	87	1	23393842	6075	4775	148	1925	4244	4632	2536	13292	512	
FL	-33600	-33600	61	45	0	13	22	43	20	87	1	23320664	6075	4775	148	1925	4244	4632	2536	13292	512	
FL	-33800	-33800	63	41	1	14	21	41	19	80	1	23249798	6075	4775	148	1925	4244	4632	2536	13292	512	
FL	-34000	-34000	60	39	1	11	19	39	15	77	1	23180463	6075	4775	148	1925	4244	4632	2536	13292	512	
FL	-34200	-34200	59	37	1	10	16	39	18	70	1	23112323	6075	4775	148	1925	4244	4632	2536	13292	512	
FL	-34400	-34400	63	38	1	8	15	36	22	74	2	23047298	6075	4775	148	1925	4244	4632	2536	13292	512	
FL	-34600	-34600	63	38	1	7	20	41	21	75	2	22982677	6075	4775	148	1925	4244	4632	2536	13292	512	
FL	-34800	-34800	67	47	1	6	18	40	19	84	2	22914604	6075	4775	148	1925	4244	4632	2536	13292	512	
FL	-35000	-35000	62	47	1	8	18	42	17	82	2	22847302	6075	4775	148	1925	4244	4632	2536	13292	512	
FL	-35200	-35200	60	45	0	9	18	43	20	76	1	22782064	6075	4775	148	1925	4244	4632	2536	13292	512	
FL	-35400	-35400	66	45	0	8	18	47	19	72	1	22719079	6075	4775	148	1925	4244	4632	2536	13292	512	
FL	-35600	-35600	58	45	0	9	15	44	20	69	1	22657793	6075	4775	148	1925	4244	4632	2536	13292	512	
FL	-35800	-35800	61	45	0	9	17	44	23	67	0	22597299	6075	4775	148	1925	4244	4632	2536	13292	512	
FL	-36000	-36000	59	43	1	9	17	46	24	68	0	22535488	6075	4775	148	1925	4244	4632	2536	13292	512	
FL	-36200	-36200	58	43	1	8	16	48	26	64	0	22473636	6075	4775	148	1925	4244	4632	2536	13292	512	
FL	-36400	-36400	50	43	1	8	16	53	24	64	1	22412701	6075	4775	148	1925	4244	4632	2536	13292	512	
FL	-36600	-36600	53	44	1	13	18	56	24	63	1	22351441	6075	4775	148	1925	4244	4632	2536	13292	512	
FL	-36800	-36800	52	45	1	13	18	53	23	65	2	22288666	6075	4775	148	1925	4244	4632	2536	13292	512	
FL	-37000	-37000	55	42	1	16	16	51	25	67	2	22224038	6075	4775	148	1925	4244	4632	2536	13292	512	
FL	-37200	-37200	52	37	1	19	17	46	25	69	2	22161270	6075	4775	148	1925	4244	4632	2536	13292	512	
FL	-37400	-37400	58	36	1	19	17	50	26	63	1	22099702	6075	4775	148	1925	4244	4632	2536	13292	512	
FL	-37600	-37600	58	36	1	18	17	50	26	61	1	22038597	6075	4775	148	1925	4244	4632	2536	13292	512	
FL	-37800	-37800	60	33	1	18	21	46	27	57	1	21978079	6075	4775	148	1925	4244	4632	2536	13292	512	
FL	-38000	-38000	56	36	1	15	24	46	27	63	0	21916802	6075	4775	148	1925	4244	4632	2536	13292	512	
FL	-38200	-38200	59	37	1	12	27	42	27	67	0	21857005	6075	4775	148	1925	4244	4632	2536	13292	512	
FL	-38400	-38400	62	35	1	12	27	46	24	66	0	21798435	6075	4775	148	1925	4244	4632	2536	13292	512	
FL	-38600	-38600	59	38	1	10	29	51	23	68	0	21742121	6075	4775	148	1925	4244	4632	2536	13292	512	
FL	-38800	-38800	63	32	2	7	28	54	22	65	0	21686696	6075	4775	148	1925	4244	4632	2536	13292	512	
FL	-39000	-39000	61	36	3	7	32	55	20	76	0	21631064	6075	4775	148	1925	4244	4632	2536	13292	512	
FL	-39200	-39200	61	37	3	9	30	58	21	73	0	21573835	6075	4775	148	1925	4244	4632	2536	13292	512	
FL	-39400	-39400	59	41	4	9	31	56	22	77	0	21517846	6075	4775	148	1925	4244	4632	2536	13292	512	
FL	-39600	-39600	57	42	5	8	29	51	22	78	0	21461706	6075	4775	148	1925	4244	4632	2536	13292	512	
FL	-39800	-39800	59	39	5	8	25	52	20	80	1	21402981	6075	4775	148	1925	4244	4632	2536	13292	512	
FL	-40000	-40000	58	37	5	8	28	52	20	84	0	21343580	6075	4775	148	1925	4244	4632	2536	13292	512	
FL	-40200	-40200	59	35	5	8	24	55	16	83	0	21283126	6075	4775	148	1925	4244	4632	2536	13292	512	
FL	-40400	-40400	59	34	4	6	23	60	15	83	0	21223523	6075	4775	148	1925	4244	4632	2536	13292	512	
FL	-40600	-40600	61	35	4	5	24	54	18	88	1	21165459	6075	4775	148	1925	4244	4632	2536	13292	512	
FL	-40800	-40800	66	37	4	5	29	52	17	88	1	21106211	6075	4775	148	1925	4244	4632	2536	13292	512	
FL	-41000	-41000	66	37	4	5	28	42	17	83	1	21047612	6075	4775	148	1925	4244	4632	2536	13292	512	
FL	-41200	-41200	67	35	4	7	27	39	17	81	1	20989808	6075	4775	148	1925	4244	4632	2536	13292	512	
FL	-41400	-41400	68	37	3	8	25	35	18	81	1	20931928	6075	4775	148	1925	4244	4632	2536	13292	512	
FL	-41600	-41600	74	37	2	6	22	35	20	78	2	20874360	6075	4775	148	1925	4244	4632	2536	13292	512	
FL	-41800	-41800	77	32	2	6	23	35	20	74	2	20817264	6075	4775	148	1925	4244	4632	2536	13292	512	
FL	-42000	-42000	77	31	2	7	22	39	23	72	2	20761145	6075	4775	148	1925	4244	4632	2536	13292	512	
FL	-42200	-42200	78	35	2	7	17	37	18	69	1	20703125	6075	4775	148	1925	4244	4632	2536	13292	512	
FL	-42400	-42400	75	38	2	11	15	43	18	68	2	20646127	6075	4775	148	1925	4244	4632	2536	13292	512	
FL	-42600	-42600	68	39	2	10	17	40	21	69	2	20591414	6075	4775	148	1925	4244	4632	2536	13292	512	
FL	-42800	-42800	71	40	2	12	18	35	23	65	2	20537417	6075	4775	148	1925	4244	4632	2536	13292	512	
FL	-43000	-43000	70	43	2	12	16	36	25	65	2	20482664	6075	4775	148	1925	4244	4632	2536	13292	512	
FL	-43200	-43200	68	41	2	13	14	34	27	64	2	20425569	6075	4775	148	1925	4244	4632	2536	13292	512	
FL	-43400	-43400	68	43	2	13	15	33	27	66	2	20369049	6075	4775	148	1925	4244	4632	2536	13292	512	
FL	-43600	-43600	68	41	2	11	18	33	23	63	3	20313021	6075	4775	148	1925	4244	4632	2536	13292	512	
FL	-43800	-43800	63	46	2	14	16	40	23	60	1	20256151	6075	4775	148	1925	4244	4632	2536	13292	512	
FL	-44000	-44000	62	48	1	15	16	39	25	56	1	20199022	6075	4775	148	1925	4244	4632	2536	13292	512	
FL	-44200	-44200	59	49	1	17	15	37	23	56	1	20142853	6075	4775	148	1925	4244	4632	2536	13292	512	
FL	-44400	-44400	56	46	2	16	15	36	21	59	1	20087960	6075	4775	148	1925	4244	4632	2536	13292	512	
FL	-44600	-44600	54	47	2	12	16	35	17	56	1	20033556	6075	4775	148	1925	4244	4632	2536	13292	512	
FL	-44800	-44800	49	42	2	10	17	35	20	56	2	19979183	6075	4775	148	1925	4244	4632	2536	13292	512	
FL	-45000	-45000	48	42	2	9	16	34	18	51	3	19923728	6075	4775	148	1925	4244	4632	2536	13292	512	
FL	-45200	-45200	49	42	0	9	13	34	18	53	2	19868151	6075	4775	148	1925	4244	4632	2536	13292	512	
FL	-45400	-45400	48	42	1	8	15	34	16	56	2	19810384	6075	4775	148	1925	4244	4632	2536	13292	512	
FL	-45600	-45600	45	39	1	8	15	32	17	58	2	19753811	6075	4775	148	1925	4244	4632	2536	13292	512	
FL	-45800	-45800	46	36	2	9	19	31	14	63	2	19696385	6075	4775	148	1925	4244	4632	2536	13292	512	
FL	-46000	-46000	46	38	2	9	22	29	14	57	2	19638531	6075	4775	148	1925	4244	4632	2536	13292	512	
FL	-46200	-46200	46	35	3	9	19	29	14	60	2	19580326	6075	4775	148	1925	4244	4632	2536	13292	512	
FL	-46400	-46400	45	32	3	8	20	29	15	65	2	19523515	6075	4775	148	1925	4244	4632	2536	13292	512	
FL	-46600	-46600	46	27	3	9	20	32	15	68	2	19466151	6075	4775	148	1925	4244	4632	2536	13292	512	
FL	-46800	-46800	47	28	3	11	21	38	12	68	2	19408987	6075	4775	148	1925	4244	4632	2536	13292	512	
FL	-47000	-47000	44	28	3	11	20	35	11	61	2	19354102	6075	4775	148	1925	4244	4632	2536	13292	512	
FL	-47200	-47200	40	27	3	13	18	33	11	62	3	19298807	6075	4775	148	1925	4244	4632	2536	13292	512	
FL	-47400	-47400	40	23	2	13	19	35	11	61	3	19245020	6075	4775	148	1925	4244	4632	2536	13292	512	
FL	-47600	-47600	39	21	2	13	19	35	11	60	2	19192778	6075	4775	148	1925	4244	4632	2536	13292	512	
FL	-47800	-47800	36	24	2	12	19	33	11	54	1	19139540	6075	4775	148	1925	4244	4632	2536	13292	512	
FL	-48000	-48000	30	25	1	12	17	31	11	54	1	19085820	6075	4775	148	1925	4244	4632	2536	13292	512	
FL	-48200	-48200	35	28	1	13	13	34	10	54	1	19033619	6075	4775	148	1925	4244	4632	2536	13292	512	
FL	-48400	-48400	33	26	1	9	12	38	11	57	0	18982302	6075	4775	148	1925	4244	4632	2536	13292	512	
FL	-48600	-48600	36	26	1	9	14	39	10	58	0	18931070	6075	4775	148	1925	4244	4632	2536	13292	512	
FL	-48800	-48800	37	28	1	9	14	40	11	54	0	18880879	6075	4775	148	1925	4244	4632	2536	13292	512	
FL	-49000	-49000	34	28	1	8	14	39	10	57	0	18832909	6075	4775	148	1925	4244	4632	2536	13292	512	
FL	-49200	-49200	36	26	1	11	16	38	7	58	0	18784457	6075	4775	148	1925	4244	4632	2536	13292	512	
FL	-49400	-49400	38	28	1	11	17	30	9	57	0	18737624	6075	4775	148	1925	4244	4632	2536	13292	512	
FL	-49600	-49600	39	30	0	10	20	31	9	61	0	18692230	6075	4775	148	1925	4244	4632	2536	13292	512	
FL	-49800	-49800	41	31	0	7	21	31	10	66	0	18646999	6075	4775	148	1925	4244	4632	2536	13292	512	
FL	-50000	-50000	38	30	0	7	21	27	14	63	0	18600857	6075	4775	148	1925	4244	4632	2536	13292	512	
FL	-50200	-50200	35	27	0	6	21	29	16	70	0	18554537	6075	4775	148	1925	4244	4632	2536	13292	512	
FL	-50400	-50400	38	29	0	5	19	27	20	69	0	18508086	6075	4775	148	1925	4244	4632	2536	13292	512	
FL	-50600	-50600	39	29	1	4	22	27	24	66	1	18459893	6075	4775	148	1925	4244	4632	2536	13292	512	
FL	-50800	-50800	37	27	1	6	23	30	25	65	1	18412440	6075	4775	148	1925	4244	4632	2536	13292	512	
FL	-51000	-51000	43	26	1	6	25	25	26	67	1	18366492	6075	4775	148	1925	4244	4632	2536	13292	512	
FL	-51200	-51200	40	23	1	8	22	24	25	61	2	18320316	6075	4775	148	1925	4244	4632	2536	13292	512	
FL	-51400	-51400	41	24	1	7	19	26	22	58	3	18273856	6075	4775	148	1925	4244	4632	2536	13292	512	
FL	-51600	-51600	38	28	1	6	22	27	20	54	2	18222528	6075	4775	148	1925	4244	4632	2536	13292	512	
FL	-51800	-51800	35	28	1	4	21	26	23	54	3	18175562	6075	4775	148	1925	4244	4632	2536	13292	512	
FL	-52000	-52000	33	28	1	4	18	26	19	51	2	18127926	6075	4775	148	1925	4244	4632	2536	13292	512	
FL	-52200	-52200	38	27	1	4	16	25	19	51	2	18077649	6075	4775	148	1925	4244	4632	2536	13292	512	
FL	-52400	-52400	36	31	1	3	15	29	20	52	2	18027787	6075	4775	148	1925	4244	4632	2536	13292	512	
FL	-52600	-52600	37	32	1	2	16	29	22	56	2	17979434	6075	4775	148	1925	4244	4632	2536	13292	512	
FL	-52800	-52800	42	33	1	4	16	30	23	55	2	17932359	6075	4775	148	1925	4244	4632	2536	13292	512	
FL	-53000	-53000	39	27	1	4	14	30	22	57	2	17886247	6075	4775	148	1925	4244	4632	2536	13292	512	
FL	-53200	-53200	40	25	1	5	15	31	22	57	1	17839942	6075	4775	148	1925	4244	4632	2536	13292	512	
FL	-53400	-53400	40	27	1	4	15	32	21	57	1	17792796	6075	4775	148	1925	4244	4632	2536	13292	512	
FL	-53600	-53600	36	28	1	5	16	31	16	56	1	17745883	6075	4775	148	1925	4244	4632	2536	13292	512	
FL	-53800	-53800	40	26	1	3	20	32	15	58	1	17696842	6075	4775	148	1925	4244	4632	2536	13292	512	
FL	-54000	-54000	39	26	1	3	20	32	14	55	1	17646737	6075	4775	148	1925	4244	4632	2536	13292	512	
FL	-54200	-54200	40	26	1	3	17	31	13	59	1	17596650	6075	4775	148	1925	4244	4632	2536	13292	512	
FL	-54400	-54400	40	26	1	2	14	29	13	59	1	17548088	6075	4775	148	1925	4244	4632	2536	13292	512	
FL	-54600	-54600	39	29	1	3	14	29	13	59	1	17500229	6075	4775	148	1925	4244	4632	2536	13292	512	
FL	-54800	-54800	39	28	1	3	13	31	14	58	0	17455779	6075	4775	148	1925	4244	4632	2536	13292	512	
FL	-55000	-55000	37	29	1	4	12	31	16	55	1	17412452	6075	4775	148	1925	4244	4632	2536	13292	512	
FL	-55200	-55200	35	27	1	4	11	30	15	56	1	17371556	6075	4775	148	1925	4244	4632	2536	13292	512	
FL	-55400	-55400	34	30	1	4	11	28	17	53	1	17327548	6075	4775	148	1925	4244	4632	2536	13292	512	
FL	-55600	-55600	38	33	1	6	11	31	16	52	2	17284025	6075	4775	148	1925	4244	4632	2536	13292	512	
FL	-55800	-55800	38	38	1	6	11	31	17	50	2	17239799	6075	4775	148	1925	4244	4632	2536	13292	512	
FL	-56000	-56000	37	37	1	6	10	31	19	48	1	17194959	6075	4775	148	1925	4244	4632	2536	13292	512	
FL	-56200	-56200	36	35	1	5	13	28	19	48	1	17151409	6075	4775	148	1925	4244	4632	2536	13292	512	
FL	-56400	-56400	34	40	1	5	14	29	18	49	1	17108581	6075	4775	148	1925	4244	4632	2536	13292	512	
FL	-56600	-56600	33	40	1	6	13	30	22	47	1	17067521	6075	4775	148	1925	4244	4632	2536	13292	512	
FL	-56800	-56800	36	43	1	8	14	31	21	48	1	17027714	6075	4775	148	1925	4244	4632	2536	13292	512	
FL	-57000	-57000	37	42	1	7	14	33	16	48	1	16987324	6075	4775	148	1925	4244	4632	2536	13292	512	
FL	-57200	-57200	33	39	1	5	14	32	15	48	1	16946180	6075	4775	148	1925	4244	4632	2536	13292	512	
FL	-57400	-57400	39	37	1	4	15	33	18	51	1	16905615	6075	4775	148	1925	4244	4632	2536	13292	512	
FL	-57600	-57600	40	39	1	5	11	35	18	54	1	16867253	6075	4775	148	1925	4244	4632	2536	13292	512	
FL	-57800	-57800	42	41	1	5	11	37	15	52	1	16827752	6075	4775	148	1925	4244	4632	2536	13292	512	
FL	-58000	-58000	41	40	1	5	6	37	15	50	3	16787520	6075	4775	148	1925	4244	4632	2536	13292	512	
FL	-58200	-58200	44	35	1	5	10	37	17	53	3	16748657	6075	4775	148	1925	4244	4632	2536	13292	512	
FL	-58400	-58400	46	33	1	5	9	39	16	55	3	16707837	6075	4775	148	1925	4244	4632	2536	13292	512	
FL	-58600	-58600	42	35	1	4	10	35	15	56	3	16666672	6075	4775	148	1925	4244	4632	2536	13292	512	
FL	-58800	-58800	44	34	1	5	11	36	12	53	3	16624835	6075	4775	148	1925	4244	4632	2536	13292	512	
FL	-59000	-59000	41	31	1	6	13	36	10	48	1	16584051	6075	4775	148	1925	4244	4632	2536	13292	512	
FL	-59200	-59200	39	31	1	8	14	34	11	49	1	16542968	6075	4775	148	1925	4244	4632	2536	13292	512	
FL	-59400	-59400	37	28	1	8	13	33	12	48	1	16502293	6075	4775	148	1925	4244	4632	2536	13292	512	
FL	-59600	-59600	44	27	1	7	15	34	13	43	1	16460719	6075	4775	148	1925	4244	4632	2536	13292	512	
FL	-59800	-59800	47	27	1	8	16	37	11	51	1	16419178	6075	4775	148	1925	4244	4632	2536	13292	512	
FL	-60000	-60000	49	25	1	8	20	37	11	58	1	16376969	6075	4775	148	1925	4244	4632	2536	13292	512	
FL	-60200	-60200	48	25	1	6	22	37	11	54	1	16336597	6075	4775	148	1925	4244	4632	2536	13292	512	
FL	-60400	-60400	40	23	2	7	25	34	11	56	3	16297485	6075	4775	148	1925	4244	4632	2536	13292	512	
FL	-60600	-60600	39	21	2	7	26	34	16	54	3	16259025	6075	4775	148	1925	4244	4632	2536	13292	512	
FL	-60800	-60800	40	21	2	8	24	29	17	57	2	16221493	6075	4775	148	1925	4244	4632	2536	13292	512	
FL	-61000	-61000	38	23	1	6	23	34	17	54	2	16184950	6075	4775	148	1925	4244	4632	2536	13292	512	
FL	-61200	-61200	35	21	1	7	21	35	15	52	2	16149928	6075	4775	148	1925	4244	4632	2536	13292	512	
FL	-61400	-61400	31	22	0	7	20	31	16	54	2	16114515	6075	4775	148	1925	4244	4632	2536	13292	512	
FL	-61600	-61600	33	24	1	6	22	30	14	54	1	16078674	6075	4775	148	1925	4244	4632	2536	13292	512	
FL	-61800	-61800	31	23	1	6	21	26	16	53	1	16042541	6075	4775	148	1925	4244	4632	2536	13292	512	
FL	-62000	-62000	30	23	1	7	19	27	16	53	1	16005328	6075	4775	148	1925	4244	4632	2536	13292	512	
FL	-62200	-62200	31	24	1	11	20	28	16	52	1	15965543	6075	4775	148	1925	4244	4632	2536	13292	512	
FL	-62400	-62400	28	22	1	11	21	26	13	56	2	15923776	6075	4775	148	1925	4244	4632	2536	13292	512	
FL	-62600	-62600	29	20	1	12	21	27	12	55	2	15883821	6075	4775	148	1925	4244	4632	2536	13292	512	
FL	-62800	-62800	31	19	3	12	21	29	12	57	2	15844659	6075	4775	148	1925	4244	4632	2536	13292	512	
FL	-63000	-63000	31	20	3	12	19	31	13	57	1	15806658	6075	4775	148	1925	4244	4632	2536	13292	512	
FL	-63200	-63200	36	21	3	11	18	28	13	54	0	15770582	6075	4775	148	1925	4244	4632	2536	13292	512	
FL	-63400	-63400	40	24	3	9	20	27	12	54	1	15735370	6075	4775	148	1925	4244	4632	2536	13292	512	
FL	-63600	-63600	39	23	3	10	21	24	14	49	1	15699574	6075	4775	148	1925	4244	4632	2536	13292	512	
FL	-63800	-63800	47	23	2	9	19	27	16	47	0	15664129	6075	4775	148	1925	4244	4632	2536	13292	512	
FL	-64000	-64000	49	24	2	11	17	26	14	53	0	15630336	6075	4775	148	1925	4244	4632	2536	13292	512	
FL	-64200	-64200	51	24	2	13	20	26	16	50	0	15596549	6075	4775	148	1925	4244	4632	2536	13292	512	
FL	-64400	-64400	52	23	2	14	17	25	14	52	0	15561083	6075	4775	148	1925	4244	4632	2536	13292	512	
FL	-64600	-64600	47	22	2	9	17	24	16	54	0	15525304	6075	4775	148	1925	4244	4632	2536	13292	512	
FL	-64800	-64800	40	22	1	9	17	24	17	58	0	15490347	6075	4775	148	1925	4244	4632	2536	13292	512	
FL	-65000	-65000	39	20	2	9	15	26	17	55	1	15457351	6075	4775	148	1925	4244	4632	2536	13292	512	
FL	-65200	-65200	43	20	5	4	14	26	14	52	1	15425267	6075	4775	148	1925	4244	4632	2536	13292	512	
FL	-65400	-65400	47	18	4	4	14	26	17	53	1	15394494	6075	4775	148	1925	4244	4632	2536	13292	512	
FL	-65600	-65600	47	20	3	4	15	27	19	56	1	15364754	6075	4775	148	1925	4244	4632	2536	13292	512	
FL	-65800	-65800	42	18	3	4	15	28	19	54	1	15335342	6075	4775	148	1925	4244	4632	2536	13292	512	
FL	-66000	-66000	46	16	3	5	16	29	17	50	1	15305757	6075	4775	148	1925	4244	4632	2536	13292	512	
FL	-66200	-66200	48	19	3	7	16	30	15	49	1	15277103	6075	4775	148	1925	4244	4632	2536	13292	512	
FL	-66400	-66400	43	20	3	5	14	36	16	46	1	15248240	6075	4775	148	1925	4244	4632	2536	13292	512	
FL	-66600	-66600	42	21	1	6	14	37	18	43	0	15218617	6075	4775	148	1925	4244	4632	2536	13292	512	
FL	-66800	-66800	40	19	0	7	16	36	17	46	0	15188852	6075	4775	148	1925	4244	4632	2536	13292	512	
FL	-67000	-67000	39	18	0	8	14	37	17	48	0	15157818	6075	4775	148	1925	4244	4632	2536	13292	512	
FL	-67200	-67200	36	15	0	11	14	38	15	47	0	15126299	6075	4775	148	1925	4244	4632	2536	13292	512	
FL	-67400	-67400	36	13	0	11	15	34	18	52	0	15094479	6075	4775	148	1925	4244	4632	2536	13292	512	
FL	-67600	-67600	36	13	0	11	11	30	16	56	0	15062367	6075	4775	148	1925	4244	4632	2536	13292	512	
FL	-67800	-67800	39	16	0	9	12	33	16	58	0	15031063	6075	4775	148	1925	4244	4632	2536	13292	512	
FL	-68000	-68000	39	16	0	7	11	32	17	60	0	14999819	6075	4775	148	1925	4244	4632	2536	13292	512	
FL	-68200	-68200	33	13	0	7	11	35	16	61	0	14967038	6075	4775	148	1925	4244	4632	2536	13292	512	
FL	-68400	-68400	35	17	0	7	11	38	16	58	0	14933791	6075	4775	148	1925	4244	4632	2536	13292	512	
FL	-68600	-68600	38	15	0	8	8	37	15	59	0	14899977	6075	4775	148	1925	4244	4632	2536	13292	512	
FL	-68800	-68800	36	15	1	8	9	39	15	58	0	14866271	6075	4775	148	1925	4244	4632	2536	13292	512	
FL	-69000	-69000	39	15	1	8	6	37	14	54	1	14832219	6075	4775	148	1925	4244	4632	2536	13292	512	
FL	-69200	-69200	40	16	1	8	6	31	15	55	1	14798374	6075	4775	148	1925	4244	4632	2536	13292	512	
FL	-69400	-69400	36	17	1	9	5	30	16	54	1	14765751	6075	4775	148	1925	4244	4632	2536	13292	512	
FL	-69600	-69600	39	21	1	8	4	31	14	50	1	14734821	6075	4775	148	1925	4244	4632	2536	13292	512	
FL	-69800	-69800	38	24	1	8	5	30	14	52	0	14704047	6075	4775	148	1925	4244	4632	2536	13292	512	
FL	-70000	-70000	35	25	1	8	8	27	10	50	1	14673282	6075	4775	148	1925	4244	4632	2536	13292	512	
FL	-70200	-70200	33	27	1	11	8	29	10	56	1	14643639	6075	4775	148	1925	4244	4632	2536	13292	512	
FL	-70400	-70400	27	24	1	10	8	29	10	49	1	14615532	6075	4775	148	1925	4244	4632	2536	13292	512	
FL	-70600	-70600	27	22	1	10	6	24	10	46	1	14589240	6075	4775	148	1925	4244	4632	2536	13292	512	
FL	-70800	-70800	31	22	1	12	7	23	9	46	1	14563605	6075	4775	148	1925	4244	4632	2536	13292	512	
FL	-71000	-71000	32	23	1	11	10	24	7	48	1	14538735	6075	4775	148	1925	4244	4632	2536	13292	512	
FL	-71200	-71200	31	21	1	11	9	24	7	47	1	14512646	6075	4775	148	1925	4244	4632	2536	13292	512	
FL	-71400	-71400	35	21	1	11	9	23	7	45	1	14486390	6075	4775	148	1925	4244	4632	2536	13292	512	
FL	-71600	-71600	39	22	1	13	9	24	7	47	1	14461074	6075	4775	148	1925	4244	4632	2536	13292	512	
FL	-71800	-71800	36	21	1	13	9	25	7	50	1	14436335	6075	4775	148	1925	4244	4632	2536	13292	512	
FL	-72000	-72000	41	21	1	13	9	24	6	45	1	14411223	6075	4775	148	1925	4244	4632	2536	13292	512	
FL	-72200	-72200	36	24	1	13	10	21	5	47	1	14384651	6075	4775	148	1925	4244	4632	2536	13292	512	
FL	-72400	-72400	33	22	0	13	9	22	5	36	2	14359538	6075	4775	148	1925	4244	4632	2536	13292	512	
FL	-72600	-72600	27	22	0	11	9	21	5	40	2	14333981	6075	4775	148	1925	4244	4632	2536	13292	512	
FL	-72800	-72800	30	21	0	11	10	21	7	38	3	14307755	6075	4775	148	1925	4244	4632	2536	13292	512	
FL	-73000	-73000	29	18	0	11	9	18	8	38	3	14278943	6075	4775	148	1925	4244	4632	2536	13292	512	
FL	-73200	-73200	29	20	0	12	8	22	7	35	3	14251145	6075	4775	148	1925	4244	4632	2536	13292	512	
FL	-73400	-73400	27	20	0	10	7	21	6	35	3	14223252	6075	4775	148	1925	4244	4632	2536	13292	512	
FL	-73600	-73600	32	22	0	9	5	23	6	36	4	14194971	6075	4775	148	1925	4244	4632	2536	13292	512	
FL	-73800	-73800	31	23	0	9	8	24	6	31	4	14167732	6075	4775	148	1925	4244	4632	2536	13292	512	
FL	-74000	-74000	30	26	0	9	10	24	6	35	3	14141393	6075	4775	148	1925	4244	4632	2536	13292	512	
FL	-74200	-74200	30	27	0	9	10	27	6	36	2	14115732	6075	4775	148	1925	4244	4632	2536	13292	512	
FL	-74400	-74400	32	25	0	8	10	26	8	37	2	14089219	6075	4775	148	1925	4244	4632	2536	13292	512	
FL	-74600	-74600	29	29	0	8	10	26	8	36	2	14061359	6075	4775	148	1925	4244	4632	2536	13292	512	
FL	-74800	-74800	27	27	0	9	9	27	9	37	1	14033700	6075	4775	148	1925	4244	4632	2536	13292	512	
FL	-75000	-75000	24	26	0	10	8	30	11	41	1	14006455	6075	4775	148	1925	4244	4632	2536	13292	512	
FL	-75200	-75200	27	28	0	12	8	31	12	43	1	13979445	6075	4775	148	1925	4244	4632	2536	13292	512	
FL	-75400	-75400	25	24	0	15	8	28	12	41	1	13952333	6075	4775	148	1925	4244	4632	2536	13292	512	
FL	-75600	-75600	27	20	0	14	8	29	12	42	1	13926133	6075	4775	148	1925	4244	4632	2536	13292	512	
FL	-75800	-75800	29	20	0	9	9	31	11	42	1	13899557	6075	4775	148	1925	4244	4632	2536	13292	512	
FL	-76000	-76000	31	20	0	6	8	33	10	44	2	13873525	6075	4775	148	1925	4244	4632	2536	13292	512	
FL	-76200	-76200	33	25	0	5	8	32	8	44	2	13849072	6075	4775	148	1925	4244	4632	2536	13292	512	
FL	-76400	-76400	33	27	0	5	10	32	7	40	2	13823828	6075	4775	148	1925	4244	4632	2536	13292	512	
FL	-76600	-76600	29	26	0	4	10	32	7	39	2	13799934	6075	4775	148	1925	4244	4632	2536	13292	512	
FL	-76800	-76800	28	26	0	4	10	36	6	42	2	13779233	6075	4775	148	1925	4244	4632	2536	13292	512	
FL	-77000	-77000	26	25	0	5	9	36	8	44	1	13754073	6075	4775	148	1925	4244	4632	2536	13292	512	
FL	-77200	-77200	31	24	0	5	9	34	10	40	2	13727690	6075	4775	148	1925	4244	4632	2536	13292	512	
FL	-77400	-77400	34	25	0	5	10	31	10	38	2	13703931	6075	4775	148	1925	4244	4632	2536	13292	512	
FL	-77600	-77600	35	28	0	5	11	31	9	36	2	13679602	6075	4775	148	1925	4244	4632	2536	13292	512	
FL	-77800	-77800	34	24	0	5	14	35	12	35	2	13653549	6075	4775	148	1925	4244	4632	2536	13292	512	
FL	-78000	-78000	32	23	0	4	13	32	10	36	2	13626216	6075	4775	148	1925	4244	4632	2536	13292	512	
FL	-78200	-78200	36	24	0	3	12	25	12	37	2	13599321	6075	4775	148	1925	4244	4632	2536	13292	512	
FL	-78400	-78400	35	25	0	4	13	23	12	35	2	13572640	6075	4775	148	1925	4244	4632	2536	13292	512	
FL	-78600	-78600	32	24	0	5	12	24	13	35	2	13546255	6075	4775	148	1925	4244	4632	2536	13292	512	
FL	-78800	-78800	34	27	0	4	11	21	14	37	2	13521630	6075	4775	148	1925	4244	4632	2536	13292	512	
FL	-79000	-79000	35	29	0	4	13	21	14	39	2	13498468	6075	4775	148	1925	4244	4632	2536	13292	512	
FL	-79200	-79200	34	28	0	4	13	22	13	37	2	13475342	6075	4775	148	1925	4244	4632	2536	13292	512	
FL	-79400	-79400	35	29	0	4	16	25	14	36	1	13455578	6075	4775	148	1925	4244	4632	2536	13292	512	
FL	-79600	-79600	35	29	0	5	14	27	11	34	1	13433725	6075	4775	148	1925	4244	4632	2536	13292	512	
FL	-79800	-79800	33	31	0	5	15	24	13	39	1	13411321	6075	4775	148	1925	4244	4632	2536	13292	512	
FL	-80000	-80000	32	32	0	5	13	28	13	40	0	13387822	6075	4775	148	1925	4244	4632	2536	13292	512	
FL	-80200	-80200	32	31	0	5	11	26	13	38	0	13362846	6075	4775	148	1925	4244	4632	2536	13292	512	
FL	-80400	-80400	34	31	0	4	11	25	13	40	0	13337751	6075	4775	148	1925	4244	4632	2536	13292	512	
FL	-80600	-80600	35	30	0	5	9	26	11	41	0	13313520	6075	4775	148	1925	4244	4632	2536	13292	512	
FL	-80800	-80800	34	29	0	5	9	24	11	43	1	13289832	6075	4775	148	1925	4244	4632	2536	13292	512	
FL	-81000	-81000	32	29	0	4	8	28	11	42	1	13264872	6075	4775	148	1925	4244	4632	2536	13292	512	
FL	-81200	-81200	26	26	0	3	9	29	11	42	1	13240228	6075	4775	148	1925	4244	4632	2536	13292	512	
FL	-81400	-81400	25	26	0	3	10	26	10	43	1	13216016	6075	4775	148	1925	4244	4632	2536	13292	512	
FL	-81600	-81600	27	26	0	4	10	25	11	45	2	13191348	6075	4775	148	1925	4244	4632	2536	13292	512	
FL	-81800	-81800	28	24	0	3	9	26	9	43	3	13166238	6075	4775	148	1925	4244	4632	2536	13292	512	
FL	-82000	-82000	26	23	0	3	10	25	7	41	3	13141931	6075	4775	148	1925	4244	4632	2536	13292	512	
FL	-82200	-82200	20	21	0	4	10	22	8	43	3	13116544	6075	4775	148	1925	4244	4632	2536	13292	512	
FL	-82400	-82400	19	23	0	4	7	24	9	40	3	13090147	6075	4775	148	1925	4244	4632	2536	13292	512	
FL	-82600	-82600	19	27	0	4	7	29	10	41	1	13064577	6075	4775	148	1925	4244	4632	2536	13292	512	
FL	-82800	-82800	21	26	0	5	8	25	9	40	1	13038946	6075	4775	148	1925	4244	4632	2536	13292	512	
FL	-83000	-83000	21	30	0	5	7	22	12	42	1	13013156	6075	4775	148	1925	4244	4632	2536	13292	512	
FL	-83200	-83200	23	30	0	5	5	20	13	40	1	12987911	6075	4775	148	1925	4244	4632	2536	13292	512	
FL	-83400	-83400	22	29	0	4	4	22	11	42	1	12962197	6075	4775	148	1925	4244	4632	2536	13292	512	
FL	-83600	-83600	24	28	0	5	6	23	9	41	1	12936702	6075	4775	148	1925	4244	4632	2536	13292	512	
FL	-83800	-83800	28	22	1	5	6	24	8	40	3	12911091	6075	4775	148	1925	4244	4632	2536	13292	512	
FL	-84000	-84000	33	22	1	5	5	26	10	42	3	12886728	6075	4775	148	1925	4244	4632	2536	13292	512	
FL	-84200	-84200	33	20	1	7	5	30	10	42	3	12862054	6075	4775	148	1925	4244	4632	2536	13292	512	
FL	-84400	-84400	33	22	1	8	6	29	9	42	2	12837410	6075	4775	148	1925	4244	4632	2536	13292	512	
FL	-84600	-84600	33	23	1	8	4	28	9	42	2	12812358	6075	4775	148	1925	4244	4632	2536	13292	512	
FL	-84800	-84800	34	25	1	9	4	25	10	39	2	12787032	6075	4775	148	1925	4244	4632	2536	13292	512	
FL	-85000	-85000	37	25	1	9	4	21	11	39	2	12761540	6075	4775	148	1925	4244	4632	2536	13292	512	
FL	-85200	-85200	38	21	1	9	5	21	10	39	2	12736133	6075	4775	148	1925	4244	4632	2536	13292	512	
FL	-85400	-85400	38	19	1	9	9	17	11	40	2	12712210	6075	4775	148	1925	4244	4632	2536	13292	512	
FL	-85600	-85600	41	15	0	7	6	20	10	41	2	12688722	6075	4775	148	1925	4244	4632	2536	13292	512	
FL	-85800	-85800	41	15	0	7	5	18	9	38	2	12664872	6075	4775	148	1925	4244	4632	2536	13292	512	
FL	-86000	-86000	40	14	0	6	9	19	8	35	2	12640935	6075	4775	148	1925	4244	4632	2536	13292	512	
FL	-86200	-86200	38	15	0	5	8	22	8	33	2	12616926	6075	4775	148	1925	4244	4632	2536	13292	512	
FL	-86400	-86400	36	13	0	6	7	22	8	30	2	12593232	6075	4775	148	1925	4244	4632	2536	13292	512	
FL	-86600	-86600	32	15	0	6	8	25	10	26	0	12569780	6075	4775	148	1925	4244	4632	2536	13292	512	
FL	-86800	-86800	32	16	0	6	7	26	10	27	0	12545246	6075	4775	148	1925	4244	4632	2536	13292	512	
FL	-87000	-87000	30	19	0	5	4	25	10	29	0	12518152	6075	4775	148	1925	4244	4632	2536	13292	512	
FL	-87200	-87200	27	20	0	4	6	27	11	31	0	12491306	6075	4775	148	1925	4244	4632	2536	13292	512	
FL	-87400	-87400	27	20	0	4	7	26	12	35	1	12465181	6075	4775	148	1925	4244	4632	2536	13292	512	
FL	-87600	-87600	27	19	0	6	8	25	9	37	1	12440055	6075	4775	148	1925	4244	4632	2536	13292	512	
FL	-87800	-87800	27	18	1	7	7	24	11	33	1	12415324	6075	4775	148	1925	4244	4632	2536	13292	512	
FL	-88000	-88000	27	13	1	7	9	25	13	33	1	12390820	6075	4775	148	1925	4244	4632	2536	13292	512	
FL	-88200	-88200	28	16	1	6	9	23	17	36	1	12365552	6075	4775	148	1925	4244	4632	2536	13292	512	
FL	-88400	-88400	25	17	0	7	8	25	16	37	1	12340276	6075	4775	148	1925	4244	4632	2536	13292	512	
FL	-88600	-88600	27	20	0	8	8	25	12	37	0	12316002	6075	4775	148	1925	4244	4632	2536	13292	512	
FL	-88800	-88800	27	19	0	9	7	25	10	42	0	12292195	6075	4775	148	1925	4244	4632	2536	13292	512	
FL	-89000	-89000	29	19	0	7	7	23	9	47	0	12269011	6075	4775	148	1925	4244	4632	2536	13292	512	
FL	-89200	-89200	29	17	0	7	6	19	12	46	1	12246562	6075	4775	148	1925	4244	4632	2536	13292	512	
FL	-89400	-89400	31	17	0	8	7	21	14	47	1	12223922	6075	4775	148	1925	4244	4632	2536	13292	512	
FL	-89600	-89600	30	17	0	8	9	20	14	45	1	12201395	6075	4775	148	1925	4244	4632	2536	13292	512	
FL	-89800	-89800	31	15	0	7	9	20	13	46	0	12179209	6075	4775	148	1925	4244	4632	2536	13292	512	
FL	-90000	-90000	33	13	0	7	8	16	12	45	0	12155088	6075	4775	148	1925	4244	4632	2536	13292	512	
FL	-90200	-90200	38	15	0	6	7	19	10	45	1	12129194	6075	4775	148	1925	4244	4632	2536	13292	512	
FL	-90400	-90400	38	14	0	6	7	18	8	46	1	12103128	6075	4775	148	1925	4244	4632	2536	13292	512	
FL	-90600	-90600	36	12	0	5	7	18	7	48	1	12078917	6075	4775	148	1925	4244	4632	2536	13292	512	
FL	-90800	-90800	37	16	0	5	7	20	6	46	2	12056282	6075	4775	148	1925	4244	4632	2536	13292	512	
FL	-91000	-91000	38	17	0	6	8	23	8	46	2	12034411	6075	4775	148	1925	4244	4632	2536	13292	512	
FL	-91200	-91200	40	17	0	5	8	23	7	48	2	12012206	6075	4775	148	1925	4244	4632	2536	13292	512	
FL	-91400	-91400	41	14	0	4	9	24	7	51	1	11989344	6075	4775	148	1925	4244	4632	2536	13292	512	
FL	-91600	-91600	44	14	0	4	8	26	8	50	1	11966552	6075	4775	148	1925	4244	4632	2536	13292	512	
FL	-91800	-91800	42	14	0	3	7	29	8	53	0	11943671	6075	4775	148	1925	4244	4632	2536	13292	512	
FL	-92000	-92000	47	14	0	3	8	29	10	51	0	11920766	6075	4775	148	1925	4244	4632	2536	13292	512	
FL	-92200	-92200	49	16	0	3	10	28	7	45	0	11899360	6075	4775	148	1925	4244	4632	2536	13292	512	
FL	-92400	-92400	42	18	0	4	9	30	9	45	0	11877452	6075	4775	148	1925	4244	4632	2536	13292	512	
FL	-92600	-92600	41	15	0	4	7	29	10	49	0	11855291	6075	4775	148	1925	4244	4632	2536	13292	512	
FL	-92800	-92800	39	14	0	5	10	28	10	51	1	11832452	6075	4775	148	1925	4244	4632	2536	13292	512	
FL	-93000	-93000	35	14	0	4	10	30	11	47	1	11809049	6075	4775	148	1925	4244	4632	2536	13292	512	
FL	-93200	-93200	35	14	0	4	10	30	11	48	1	11784714	6075	4775	148	1925	4244	4632	2536	13292	512	
FL	-93400	-93400	36	16	0	4	9	28	10	48	1	11760488	6075	4775	148	1925	4244	4632	2536	13292	512	
FL	-93600	-93600	34	14	0	3	9	26	13	44	2	11734923	6075	4775	148	1925	4244	4632	2536	13292	512	
FL	-93800	-93800	32	16	0	4	10	27	15	49	2	11709179	6075	4775	148	1925	4244	4632	2536	13292	512	
FL	-94000	-94000	32	19	0	4	9	28	14	48	1	11684444	6075	4775	148	1925	4244	4632	2536	13292	512	
FL	-94200	-94200	31	18	0	4	10	28	13	44	1	11660268	6075	4775	148	1925	4244	4632	2536	13292	512	
FL	-94400	-94400	31	17	0	3	9	30	18	50	1	11635887	6075	4775	148	1925	4244	4632	2536	13292	512	
FL	-94600	-94600	32	18	0	3	11	28	16	48	1	11612548	6075	4775	148	1925	4244	4632	2536	13292	512	
FL	-94800	-94800	32	19	0	4	10	28	15	42	1	11588927	6075	4775	148	1925	4244	4632	2536	13292	512	
FL	-95000	-95000	31	19	0	3	9	32	17	38	1	11565123	6075	4775	148	1925	4244	4632	2536	13292	512	
FL	-95200	-95200	32	17	0	2	11	30	15	39	1	11540675	6075	4775	148	1925	4244	4632	2536	13292	512	
FL	-95400	-95400	33	18	0	3	12	32	15	42	1	11515477	6075	4775	148	1925	4244	4632	2536	13292	512	
FL	-95600	-95600	33	19	0	2	11	29	13	48	1	11491623	6075	4775	148	1925	4244	4632	2536	13292	512	
FL	-95800	-95800	32	16	0	4	12	25	12	52	2	11469056	6075	4775	148	1925	4244	4632	2536	13292	512	
FL	-96000	-96000	32	18	0	4	10	26	13	54	1	11446566	6075	4775	148	1925	4244	4632	2536	13292	512	
FL	-96200	-96200	35	17	0	4	8	27	15	57	1	11423195	6075	4775	148	1925	4244	4632	2536	13292	512	
FL	-96400	-96400	34	16	0	5	10	28	15	56	1	11400236	6075	4775	148	1925	4244	4632	2536	13292	512	
FL	-96600	-96600	36	15	1	4	10	31	13	57	0	11377157	6075	4775	148	1925	4244	4632	2536	13292	512	
FL	-96800	-96800	34	15	1	5	9	30	16	60	0	11353835	6075	4775	148	1925	4244	4632	2536	13292	512	
FL	-97000	-97000	29	20	1	4	8	33	17	57	0	11330643	6075	4775	148	1925	4244	4632	2536	13292	512	
FL	-97200	-97200	26	18	0	3	8	32	16	53	0	11307439	6075	4775	148	1925	4244	4632	2536	13292	512	
FL	-97400	-97400	24	16	0	5	8	32	14	53	0	11285111	6075	4775	148	1925	4244	4632	2536	13292	512	
FL	-97600	-97600	22	16	0	4	5	28	15	52	0	11263172	6075	4775	148	1925	4244	4632	2536	13292	512	
FL	-97800	-97800	21	15	0	6	4	27	16	55	0	11240141	6075	4775	148	1925	4244	4632	2536	13292	512	
FL	-98000	-98000	22	14	0	6	3	27	17	54	0	11217135	6075	4775	148	1925	4244	4632	2536	13292	512	
FL	-98200	-98200	23	14	0	7	5	25	18	60	0	11195290	6075	4775	148	1925	4244	4632	2536	13292	512	
FL	-98400	-98400	23	14	0	7	6	25	17	56	1	11173753	6075	4775	148	1925	4244	4632	2536	13292	512	
FL	-98600	-98600	20	17	0	7	6	27	17	49	2	11153233	6075	4775	148	1925	4244	4632	2536	13292	512	
FL	-98800	-98800	18	15	1	8	8	29	15	48	2	11132813	6075	4775	148	1925	4244	4632	2536	13292	512	
FL	-99000	-99000	20	16	1	7	8	31	15	46	2	11112350	6075	4775	148	1925	4244	4632	2536	13292	512	
FL	-99200	-99200	19	15	1	6	7	30	14	42	2	11092709	6075	4775	148	1925	4244	4632	2536	13292	512	
FL	-99400	-99400	18	16	1	4	7	30	12	37	1	11072596	6075	4775	148	1925	4244	4632	2536	13292	512	
FL	-99600	-99600	17	18	1	3	8	26	12	39	2	11053276	6075	4775	148	1925	4244	4632	2536	13292	512	
FL	-99800	-99800	17	17	1	3	9	25	12	38	2	11034831	6075	4775	148	1925	4244	4632	2536	13292	512	
FL	-100000	-100000	16	16	1	2	11	23	11	37	2	11017380	6075	4775	148	1925	4244	4632	2536	13292	512	
