DHL	0	0	242	585	34	237	423	433	342	0	139	104797627	2244	2253	1119	2143	9003	7950	6980	4755	
DHL	200	200	243	572	34	228	421	431	325	0	138	104343962	2244	2253	1119	2143	9003	7950	6980	4755	
DHL	400	400	246	554	35	208	407	422	310	0	137	103120802	2244	2253	1119	2143	9003	7950	6980	4755	
DHL	600	600	243	554	36	197	413	433	303	0	132	101559482	2244	2253	1119	2143	9003	7950	6980	4755	
DHL	800	800	250	559	32	188	400	446	297	0	128	99719856	2244	2253	1119	2143	9003	7950	6980	4755	
DHL	1000	1000	266	559	34	192	401	452	278	0	128	97588860	2244	2253	1119	2143	9003	7950	6980	4755	
DHL	1200	1200	266	550	30	193	390	449	278	0	124	95223580	2244	2253	1119	2143	9003	7950	6980	4755	
DHL	1400	1400	271	554	33	188	382	456	282	0	123	92716000	2244	2253	1119	2143	9003	7950	6980	4755	
DHL	1600	1600	271	545	37	173	373	460	281	0	125	90166016	2244	2253	1119	2143	9003	7950	6980	4755	
DHL	1800	1800	274	534	41	165	363	446	263	0	120	87653059	2244	2253	1119	2143	9003	7950	6980	4755	
DHL	2000	2000	271	517	41	155	356	439	245	0	120	85201708	2244	2253	1119	2143	9003	7950	6980	4755	
DHL	2200	2200	263	491	45	150	353	416	237	0	116	82840385	2244	2253	1119	2143	9003	7950	6980	4755	
DHL	2400	2400	256	473	42	145	354	408	234	0	111	80598234	2244	2253	1119	2143	9003	7950	6980	4755	
DHL	2600	2600	259	442	38	140	343	399	233	0	115	78472484	2244	2253	1119	2143	9003	7950	6980	4755	
DHL	2800	2800	248	414	35	137	329	392	228	0	117	76467188	2244	2253	1119	2143	9003	7950	6980	4755	
DHL	3000	3000	242	397	36	132	313	379	231	0	110	74559359	2244	2253	1119	2143	9003	7950	6980	4755	
DHL	3200	3200	242	388	39	128	305	369	224	0	110	72746462	2244	2253	1119	2143	9003	7950	6980	4755	
DHL	3400	3400	239	366	37	128	295	363	220	0	109	71024118	2244	2253	1119	2143	9003	7950	6980	4755	
DHL	3600	3600	240	341	33	127	285	353	221	0	107	69376113	2244	2253	1119	2143	9003	7950	6980	4755	
DHL	3800	3800	234	324	32	126	273	339	216	0	97	67804616	2244	2253	1119	2143	9003	7950	6980	4755	
DHL	4000	4000	225	313	29	124	265	329	213	0	99	66306273	2244	2253	1119	2143	9003	7950	6980	4755	
DHL	4200	4200	209	307	30	128	259	310	213	0	99	64882089	2244	2253	1119	2143	9003	7950	6980	4755	
DHL	4400	4400	202	291	28	137	242	305	214	0	101	63523969	2244	2253	1119	2143	9003	7950	6980	4755	
DHL	4600	4600	201	291	31	135	232	292	197	0	106	62215192	2244	2253	1119	2143	9003	7950	6980	4755	
DHL	4800	4800	192	275	30	134	231	274	187	0	101	60969206	2244	2253	1119	2143	9003	7950	6980	4755	
DHL	5000	5000	192	259	26	133	221	257	177	0	95	59769918	2244	2253	1119	2143	9003	7950	6980	4755	
DHL	5200	5200	196	257	27	134	220	253	159	0	94	58615152	2244	2253	1119	2143	9003	7950	6980	4755	
DHL	5400	5400	190	249	28	130	214	250	157	0	95	57512111	2244	2253	1119	2143	9003	7950	6980	4755	
DHL	5600	5600	182	241	28	126	203	254	159	0	98	56455481	2244	2253	1119	2143	9003	7950	6980	4755	
DHL	5800	5800	183	229	30	123	194	253	165	0	100	55439591	2244	2253	1119	2143	9003	7950	6980	4755	
DHL	6000	6000	179	217	32	119	192	244	166	0	102	54463357	2244	2253	1119	2143	9003	7950	6980	4755	
DHL	6200	6200	179	212	30	119	191	235	172	0	101	53526466	2244	2253	1119	2143	9003	7950	6980	4755	
DHL	6400	6400	177	207	31	126	182	225	171	0	108	52624747	2244	2253	1119	2143	9003	7950	6980	4755	
DHL	6600	6600	173	197	31	131	188	205	165	0	111	51759805	2244	2253	1119	2143	9003	7950	6980	4755	
DHL	6800	6800	165	194	31	133	184	202	158	0	113	50922555	2244	2253	1119	2143	9003	7950	6980	4755	
DHL	7000	7000	165	190	29	131	184	199	155	0	111	50108770	2244	2253	1119	2143	9003	7950	6980	4755	
DHL	7200	7200	164	192	27	131	179	196	153	0	110	49325091	2244	2253	1119	2143	9003	7950	6980	4755	
DHL	7400	7400	159	187	22	122	169	190	151	0	108	48567578	2244	2253	1119	2143	9003	7950	6980	4755	
DHL	7600	7600	155	183	20	122	168	192	149	0	106	47834355	2244	2253	1119	2143	9003	7950	6980	4755	
DHL	7800	7800	154	176	20	121	172	195	144	0	111	47121736	2244	2253	1119	2143	9003	7950	6980	4755	
DHL	8000	8000	152	171	18	123	174	201	142	0	113	46426511	2244	2253	1119	2143	9003	7950	6980	4755	
DHL	8200	8200	151	161	18	120	165	199	133	0	116	45751958	2244	2253	1119	2143	9003	7950	6980	4755	
DHL	8400	8400	144	156	20	114	159	199	134	0	121	45101888	2244	2253	1119	2143	9003	7950	6980	4755	
DHL	8600	8600	143	145	19	111	150	184	137	0	121	44467200	2244	2253	1119	2143	9003	7950	6980	4755	
DHL	8800	8800	141	140	20	105	146	193	132	0	115	43852247	2244	2253	1119	2143	9003	7950	6980	4755	
DHL	9000	9000	139	135	18	97	144	198	128	0	109	43254893	2244	2253	1119	2143	9003	7950	6980	4755	
DHL	9200	9200	142	135	18	88	137	190	127	0	99	42682214	2244	2253	1119	2143	9003	7950	6980	4755	
DHL	9400	9400	142	127	18	84	146	186	123	0	96	42124232	2244	2253	1119	2143	9003	7950	6980	4755	
DHL	9600	9600	142	125	15	80	150	180	124	0	95	41580155	2244	2253	1119	2143	9003	7950	6980	4755	
DHL	9800	9800	145	130	14	75	146	181	118	0	88	41050398	2244	2253	1119	2143	9003	7950	6980	4755	
DHL	10000	10000	145	129	14	75	141	176	113	0	84	40533035	2244	2253	1119	2143	9003	7950	6980	4755	
DHL	10200	10200	138	123	13	72	139	171	105	0	86	40029713	2244	2253	1119	2143	9003	7950	6980	4755	
DHL	10400	10400	139	123	14	74	134	163	109	0	85	39535854	2244	2253	1119	2143	9003	7950	6980	4755	
DHL	10600	10600	137	123	14	72	130	169	107	0	82	39053811	2244	2253	1119	2143	9003	7950	6980	4755	
DHL	10800	10800	135	120	14	72	119	167	103	0	83	38581045	2244	2253	1119	2143	9003	7950	6980	4755	
DHL	11000	11000	131	124	11	73	113	162	106	0	82	38118797	2244	2253	1119	2143	9003	7950	6980	4755	
DHL	11200	11200	132	118	9	70	119	162	105	0	78	37668766	2244	2253	1119	2143	9003	7950	6980	4755	
DHL	11400	11400	126	114	7	66	115	160	103	0	83	37231877	2244	2253	1119	2143	9003	7950	6980	4755	
DHL	11600	11600	124	114	6	61	105	159	103	0	79	36803654	2244	2253	1119	2143	9003	7950	6980	4755	
DHL	11800	11800	123	111	4	58	107	164	108	0	80	36382141	2244	2253	1119	2143	9003	7950	6980	4755	
DHL	12000	12000	119	108	4	55	104	163	99	0	75	35962383	2244	2253	1119	2143	9003	7950	6980	4755	
DHL	12200	12200	110	104	5	54	103	156	89	0	74	35555651	2244	2253	1119	2143	9003	7950	6980	4755	
DHL	12400	12400	102	102	6	56	99	153	94	0	76	35154877	2244	2253	1119	2143	9003	7950	6980	4755	
DHL	12600	12600	101	96	8	53	89	151	92	0	70	34767991	2244	2253	1119	2143	9003	7950	6980	4755	
DHL	12800	12800	100	90	7	57	88	155	87	0	72	34391942	2244	2253	1119	2143	9003	7950	6980	4755	
DHL	13000	13000	96	91	7	58	82	149	87	0	69	34021522	2244	2253	1119	2143	9003	7950	6980	4755	
DHL	13200	13200	93	87	6	57	80	148	87	0	65	33662359	2244	2253	1119	2143	9003	7950	6980	4755	
DHL	13400	13400	90	89	4	63	76	146	87	0	69	33315151	2244	2253	1119	2143	9003	7950	6980	4755	
DHL	13600	13600	84	84	4	63	74	148	86	0	74	32977850	2244	2253	1119	2143	9003	7950	6980	4755	
DHL	13800	13800	82	87	5	60	73	145	83	0	75	32654243	2244	2253	1119	2143	9003	7950	6980	4755	
DHL	14000	14000	84	88	5	59	73	146	80	0	70	32337912	2244	2253	1119	2143	9003	7950	6980	4755	
DHL	14200	14200	85	90	5	54	83	151	77	0	70	32023322	2244	2253	1119	2143	9003	7950	6980	4755	
DHL	14400	14400	87	86	7	53	85	143	82	0	69	31716006	2244	2253	1119	2143	9003	7950	6980	4755	
DHL	14600	14600	88	82	8	52	89	146	85	0	58	31414608	2244	2253	1119	2143	9003	7950	6980	4755	
DHL	14800	14800	90	79	9	51	88	150	86	0	53	31117447	2244	2253	1119	2143	9003	7950	6980	4755	
DHL	15000	15000	81	77	9	49	92	153	87	0	47	30827911	2244	2253	1119	2143	9003	7950	6980	4755	
DHL	15200	15200	81	76	9	45	94	154	89	0	45	30544297	2244	2253	1119	2143	9003	7950	6980	4755	
DHL	15400	15400	81	72	9	44	90	152	89	0	45	30267043	2244	2253	1119	2143	9003	7950	6980	4755	
DHL	15600	15600	71	72	10	42	94	146	96	0	49	29996664	2244	2253	1119	2143	9003	7950	6980	4755	
DHL	15800	15800	77	75	11	39	97	136	93	0	50	29736318	2244	2253	1119	2143	9003	7950	6980	4755	
DHL	16000	16000	73	75	13	36	95	131	87	0	46	29483055	2244	2253	1119	2143	9003	7950	6980	4755	
DHL	16200	16200	72	78	13	33	91	138	82	0	46	29239020	2244	2253	1119	2143	9003	7950	6980	4755	
DHL	16400	16400	67	75	11	33	86	129	83	0	48	29003730	2244	2253	1119	2143	9003	7950	6980	4755	
DHL	16600	16600	61	70	13	32	84	115	88	0	43	28769752	2244	2253	1119	2143	9003	7950	6980	4755	
DHL	16800	16800	59	70	10	30	78	108	86	0	41	28535371	2244	2253	1119	2143	9003	7950	6980	4755	
DHL	17000	17000	58	63	11	28	77	103	84	0	39	28303126	2244	2253	1119	2143	9003	7950	6980	4755	
DHL	17200	17200	54	59	10	29	70	100	86	0	39	28067701	2244	2253	1119	2143	9003	7950	6980	4755	
DHL	17400	17400	49	60	8	29	74	99	85	0	38	27836103	2244	2253	1119	2143	9003	7950	6980	4755	
DHL	17600	17600	45	60	8	30	69	98	87	0	38	27607562	2244	2253	1119	2143	9003	7950	6980	4755	
DHL	17800	17800	40	53	7	30	67	99	84	0	36	27383758	2244	2253	1119	2143	9003	7950	6980	4755	
DHL	18000	18000	33	55	6	29	73	88	75	0	33	27160453	2244	2253	1119	2143	9003	7950	6980	4755	
DHL	18200	18200	34	44	7	28	70	83	77	0	33	26939771	2244	2253	1119	2143	9003	7950	6980	4755	
DHL	18400	18400	32	38	8	23	67	82	75	0	33	26723098	2244	2253	1119	2143	9003	7950	6980	4755	
DHL	18600	18600	23	34	9	20	65	80	72	0	35	26513519	2244	2253	1119	2143	9003	7950	6980	4755	
DHL	18800	18800	21	32	7	18	58	77	71	0	36	26311886	2244	2253	1119	2143	9003	7950	6980	4755	
DHL	19000	19000	20	32	7	18	59	71	72	0	36	26113563	2244	2253	1119	2143	9003	7950	6980	4755	
DHL	19200	19200	21	27	7	15	55	71	64	0	35	25918200	2244	2253	1119	2143	9003	7950	6980	4755	
DHL	19400	19400	22	28	6	17	55	72	65	0	32	25723147	2244	2253	1119	2143	9003	7950	6980	4755	
DHL	19600	19600	23	26	4	20	58	75	61	0	31	25529902	2244	2253	1119	2143	9003	7950	6980	4755	
DHL	19800	19800	21	25	6	22	60	61	56	0	30	25337303	2244	2253	1119	2143	9003	7950	6980	4755	
DHL	20000	20000	19	26	7	21	64	71	56	0	32	25146245	2244	2253	1119	2143	9003	7950	6980	4755	
DHL	20200	20200	16	20	6	22	69	59	53	0	33	24955567	2244	2253	1119	2143	9003	7950	6980	4755	
DHL	20400	20400	15	21	6	17	70	63	52	0	34	24770367	2244	2253	1119	2143	9003	7950	6980	4755	
DHL	20600	20600	16	26	6	15	66	62	49	0	33	24591026	2244	2253	1119	2143	9003	7950	6980	4755	
DHL	20800	20800	20	28	6	14	60	66	47	0	31	24419071	2244	2253	1119	2143	9003	7950	6980	4755	
DHL	21000	21000	19	29	7	13	59	63	43	0	35	24250456	2244	2253	1119	2143	9003	7950	6980	4755	
DHL	21200	21200	19	27	7	15	59	61	48	0	31	24085857	2244	2253	1119	2143	9003	7950	6980	4755	
DHL	21400	21400	20	25	5	13	58	58	45	0	29	23923019	2244	2253	1119	2143	9003	7950	6980	4755	
DHL	21600	21600	18	20	6	14	53	57	44	0	28	23763693	2244	2253	1119	2143	9003	7950	6980	4755	
DHL	21800	21800	17	20	5	17	49	55	45	0	28	23608935	2244	2253	1119	2143	9003	7950	6980	4755	
DHL	22000	22000	18	19	7	18	45	52	44	0	26	23458276	2244	2253	1119	2143	9003	7950	6980	4755	
DHL	22200	22200	19	18	7	21	40	54	39	0	25	23310091	2244	2253	1119	2143	9003	7950	6980	4755	
DHL	22400	22400	22	23	10	21	32	59	35	0	23	23163749	2244	2253	1119	2143	9003	7950	6980	4755	
DHL	22600	22600	21	22	8	20	34	57	35	0	21	23015905	2244	2253	1119	2143	9003	7950	6980	4755	
DHL	22800	22800	21	20	9	18	35	63	35	0	21	22869614	2244	2253	1119	2143	9003	7950	6980	4755	
DHL	23000	23000	20	17	10	16	43	71	41	0	23	22725906	2244	2253	1119	2143	9003	7950	6980	4755	
DHL	23200	23200	17	19	8	13	42	69	38	0	26	22583838	2244	2253	1119	2143	9003	7950	6980	4755	
DHL	23400	23400	14	20	10	10	39	65	39	0	25	22442561	2244	2253	1119	2143	9003	7950	6980	4755	
DHL	23600	23600	12	20	10	12	45	61	41	0	21	22305727	2244	2253	1119	2143	9003	7950	6980	4755	
DHL	23800	23800	10	19	10	13	44	55	45	0	22	22172817	2244	2253	1119	2143	9003	7950	6980	4755	
DHL	24000	24000	11	21	12	13	42	54	46	0	24	22037318	2244	2253	1119	2143	9003	7950	6980	4755	
DHL	24200	24200	11	20	9	12	46	48	44	0	27	21901313	2244	2253	1119	2143	9003	7950	6980	4755	
DHL	24400	24400	18	20	9	11	47	50	41	0	26	21767483	2244	2253	1119	2143	9003	7950	6980	4755	
DHL	24600	24600	20	19	6	10	46	47	37	0	23	21634351	2244	2253	1119	2143	9003	7950	6980	4755	
DHL	24800	24800	19	18	3	11	49	44	34	0	26	21503380	2244	2253	1119	2143	9003	7950	6980	4755	
DHL	25000	25000	19	18	3	12	54	48	31	0	25	21374613	2244	2253	1119	2143	9003	7950	6980	4755	
DHL	25200	25200	20	16	3	11	53	45	32	0	23	21250335	2244	2253	1119	2143	9003	7950	6980	4755	
DHL	25400	25400	17	18	4	12	52	45	32	0	25	21126906	2244	2253	1119	2143	9003	7950	6980	4755	
DHL	25600	25600	16	18	4	14	45	46	32	0	25	21005440	2244	2253	1119	2143	9003	7950	6980	4755	
DHL	25800	25800	17	18	3	14	45	51	28	0	21	20885107	2244	2253	1119	2143	9003	7950	6980	4755	
DHL	26000	26000	16	20	3	14	38	50	32	0	21	20764580	2244	2253	1119	2143	9003	7950	6980	4755	
DHL	26200	26200	13	22	2	18	34	48	36	0	20	20648044	2244	2253	1119	2143	9003	7950	6980	4755	
DHL	26400	26400	10	23	3	16	34	50	34	0	21	20534609	2244	2253	1119	2143	9003	7950	6980	4755	
DHL	26600	26600	9	20	3	15	35	58	37	0	21	20421521	2244	2253	1119	2143	9003	7950	6980	4755	
DHL	26800	26800	9	19	4	15	31	56	37	0	21	20305253	2244	2253	1119	2143	9003	7950	6980	4755	
DHL	27000	27000	9	19	4	16	38	59	33	0	21	20187837	2244	2253	1119	2143	9003	7950	6980	4755	
DHL	27200	27200	11	17	6	16	40	57	31	0	22	20068814	2244	2253	1119	2143	9003	7950	6980	4755	
DHL	27400	27400	15	17	6	15	40	55	34	0	26	19951003	2244	2253	1119	2143	9003	7950	6980	4755	
DHL	27600	27600	15	13	4	16	44	53	34	0	24	19832789	2244	2253	1119	2143	9003	7950	6980	4755	
DHL	27800	27800	18	15	3	17	43	50	37	0	23	19715185	2244	2253	1119	2143	9003	7950	6980	4755	
DHL	28000	28000	16	17	3	17	51	47	37	0	26	19598830	2244	2253	1119	2143	9003	7950	6980	4755	
DHL	28200	28200	20	16	4	15	47	49	37	0	26	19482825	2244	2253	1119	2143	9003	7950	6980	4755	
DHL	28400	28400	18	13	2	16	49	50	36	0	25	19367580	2244	2253	1119	2143	9003	7950	6980	4755	
DHL	28600	28600	18	14	3	18	48	50	32	0	27	19252506	2244	2253	1119	2143	9003	7950	6980	4755	
DHL	28800	28800	15	15	3	18	40	52	36	0	28	19138792	2244	2253	1119	2143	9003	7950	6980	4755	
DHL	29000	29000	12	13	3	15	38	53	41	0	25	19027951	2244	2253	1119	2143	9003	7950	6980	4755	
DHL	29200	29200	11	11	6	12	38	54	34	0	23	18918881	2244	2253	1119	2143	9003	7950	6980	4755	
DHL	29400	29400	10	12	7	12	40	46	36	0	16	18810930	2244	2253	1119	2143	9003	7950	6980	4755	
DHL	29600	29600	9	13	7	11	40	49	37	0	17	18703439	2244	2253	1119	2143	9003	7950	6980	4755	
DHL	29800	29800	9	11	7	11	45	45	43	0	17	18595447	2244	2253	1119	2143	9003	7950	6980	4755	
DHL	30000	30000	9	11	5	11	51	40	44	0	18	18489126	2244	2253	1119	2143	9003	7950	6980	4755	
DHL	30200	30200	7	13	7	13	48	41	45	0	17	18385996	2244	2253	1119	2143	9003	7950	6980	4755	
DHL	30400	30400	8	16	7	13	50	37	49	0	13	18286843	2244	2253	1119	2143	9003	7950	6980	4755	
DHL	30600	30600	8	18	6	12	45	43	47	0	13	18188975	2244	2253	1119	2143	9003	7950	6980	4755	
DHL	30800	30800	9	18	4	11	47	47	52	0	12	18092398	2244	2253	1119	2143	9003	7950	6980	4755	
DHL	31000	31000	10	24	7	10	44	46	57	0	15	17997268	2244	2253	1119	2143	9003	7950	6980	4755	
DHL	31200	31200	11	22	10	10	38	46	58	0	14	17903614	2244	2253	1119	2143	9003	7950	6980	4755	
DHL	31400	31400	14	20	10	10	39	45	57	0	16	17809935	2244	2253	1119	2143	9003	7950	6980	4755	
DHL	31600	31600	14	18	11	11	32	42	54	0	21	17715662	2244	2253	1119	2143	9003	7950	6980	4755	
DHL	31800	31800	12	18	11	13	32	41	53	0	24	17622212	2244	2253	1119	2143	9003	7950	6980	4755	
DHL	32000	32000	10	18	9	12	31	38	45	0	22	17529220	2244	2253	1119	2143	9003	7950	6980	4755	
DHL	32200	32200	12	16	9	11	30	36	44	0	22	17434017	2244	2253	1119	2143	9003	7950	6980	4755	
DHL	32400	32400	11	17	8	11	28	39	39	0	23	17339939	2244	2253	1119	2143	9003	7950	6980	4755	
DHL	32600	32600	9	14	7	14	32	39	39	0	17	17248672	2244	2253	1119	2143	9003	7950	6980	4755	
DHL	32800	32800	9	14	2	19	36	36	37	0	17	17155997	2244	2253	1119	2143	9003	7950	6980	4755	
DHL	33000	33000	9	13	1	17	34	34	35	0	15	17063535	2244	2253	1119	2143	9003	7950	6980	4755	
DHL	33200	33200	9	16	1	17	35	38	32	0	14	16973571	2244	2253	1119	2143	9003	7950	6980	4755	
DHL	33400	33400	10	16	2	19	37	37	28	0	11	16885367	2244	2253	1119	2143	9003	7950	6980	4755	
DHL	33600	33600	10	10	2	19	36	37	24	0	14	16797988	2244	2253	1119	2143	9003	7950	6980	4755	
DHL	33800	33800	11	11	3	19	34	38	25	0	14	16712652	2244	2253	1119	2143	9003	7950	6980	4755	
DHL	34000	34000	9	11	2	20	35	34	24	0	19	16629170	2244	2253	1119	2143	9003	7950	6980	4755	
DHL	34200	34200	12	12	4	15	37	29	26	0	25	16547703	2244	2253	1119	2143	9003	7950	6980	4755	
DHL	34400	34400	16	14	4	15	35	29	25	0	25	16469351	2244	2253	1119	2143	9003	7950	6980	4755	
DHL	34600	34600	15	15	5	12	38	30	29	0	23	16394872	2244	2253	1119	2143	9003	7950	6980	4755	
DHL	34800	34800	17	13	6	10	33	29	26	0	24	16322380	2244	2253	1119	2143	9003	7950	6980	4755	
DHL	35000	35000	17	11	6	10	39	30	28	0	24	16251799	2244	2253	1119	2143	9003	7950	6980	4755	
DHL	35200	35200	17	13	6	12	38	27	26	0	19	16181639	2244	2253	1119	2143	9003	7950	6980	4755	
DHL	35400	35400	17	13	6	8	35	30	25	0	21	16109482	2244	2253	1119	2143	9003	7950	6980	4755	
DHL	35600	35600	16	12	6	12	34	33	22	0	19	16034386	2244	2253	1119	2143	9003	7950	6980	4755	
DHL	35800	35800	16	13	8	12	35	33	24	0	17	15957472	2244	2253	1119	2143	9003	7950	6980	4755	
DHL	36000	36000	15	12	10	13	38	34	26	0	16	15881185	2244	2253	1119	2143	9003	7950	6980	4755	
DHL	36200	36200	13	9	9	16	38	36	28	0	18	15805945	2244	2253	1119	2143	9003	7950	6980	4755	
DHL	36400	36400	11	11	9	15	43	37	29	0	21	15732995	2244	2253	1119	2143	9003	7950	6980	4755	
DHL	36600	36600	10	9	7	16	45	37	24	0	20	15662076	2244	2253	1119	2143	9003	7950	6980	4755	
DHL	36800	36800	10	10	6	15	47	35	23	0	22	15590387	2244	2253	1119	2143	9003	7950	6980	4755	
DHL	37000	37000	8	10	6	13	45	32	25	0	20	15519237	2244	2253	1119	2143	9003	7950	6980	4755	
DHL	37200	37200	8	10	7	14	45	33	24	0	22	15446989	2244	2253	1119	2143	9003	7950	6980	4755	
DHL	37400	37400	8	11	8	13	50	29	22	0	21	15377113	2244	2253	1119	2143	9003	7950	6980	4755	
DHL	37600	37600	7	11	7	11	44	24	22	0	20	15309937	2244	2253	1119	2143	9003	7950	6980	4755	
DHL	37800	37800	7	10	6	10	40	24	21	0	19	15242861	2244	2253	1119	2143	9003	7950	6980	4755	
DHL	38000	38000	8	10	4	8	40	22	23	0	20	15173866	2244	2253	1119	2143	9003	7950	6980	4755	
DHL	38200	38200	5	9	3	9	44	23	23	0	24	15105435	2244	2253	1119	2143	9003	7950	6980	4755	
DHL	38400	38400	5	9	3	11	42	29	24	0	26	15039409	2244	2253	1119	2143	9003	7950	6980	4755	
DHL	38600	38600	5	10	2	12	38	26	21	0	22	14974519	2244	2253	1119	2143	9003	7950	6980	4755	
DHL	38800	38800	6	11	3	12	38	31	25	0	17	14909517	2244	2253	1119	2143	9003	7950	6980	4755	
DHL	39000	39000	5	9	3	12	36	32	27	0	14	14844360	2244	2253	1119	2143	9003	7950	6980	4755	
DHL	39200	39200	5	9	2	10	38	32	27	0	13	14778383	2244	2253	1119	2143	9003	7950	6980	4755	
DHL	39400	39400	9	8	3	12	35	35	31	0	10	14712668	2244	2253	1119	2143	9003	7950	6980	4755	
DHL	39600	39600	10	7	3	12	35	35	28	0	9	14651071	2244	2253	1119	2143	9003	7950	6980	4755	
DHL	39800	39800	11	7	2	12	33	35	27	0	8	14589256	2244	2253	1119	2143	9003	7950	6980	4755	
DHL	40000	40000	11	5	2	9	36	36	27	0	9	14525576	2244	2253	1119	2143	9003	7950	6980	4755	
DHL	40200	40200	12	6	4	10	38	38	29	0	12	14461029	2244	2253	1119	2143	9003	7950	6980	4755	
DHL	40400	40400	10	7	4	10	36	39	33	0	15	14396395	2244	2253	1119	2143	9003	7950	6980	4755	
DHL	40600	40600	10	7	3	10	41	30	33	0	15	14334030	2244	2253	1119	2143	9003	7950	6980	4755	
DHL	40800	40800	10	9	3	11	43	31	31	0	17	14272493	2244	2253	1119	2143	9003	7950	6980	4755	
DHL	41000	41000	11	10	3	10	46	35	33	0	16	14210654	2244	2253	1119	2143	9003	7950	6980	4755	
DHL	41200	41200	11	9	4	9	49	39	36	0	14	14150082	2244	2253	1119	2143	9003	7950	6980	4755	
DHL	41400	41400	13	9	5	8	43	41	34	0	15	14089270	2244	2253	1119	2143	9003	7950	6980	4755	
DHL	41600	41600	14	7	5	9	34	39	30	0	14	14032134	2244	2253	1119	2143	9003	7950	6980	4755	
DHL	41800	41800	15	7	4	11	24	37	37	0	12	13977362	2244	2253	1119	2143	9003	7950	6980	4755	
DHL	42000	42000	11	5	5	11	20	36	36	0	15	13925034	2244	2253	1119	2143	9003	7950	6980	4755	
DHL	42200	42200	11	5	5	11	16	35	37	0	17	13873754	2244	2253	1119	2143	9003	7950	6980	4755	
DHL	42400	42400	11	4	6	11	17	40	38	0	18	13827114	2244	2253	1119	2143	9003	7950	6980	4755	
DHL	42600	42600	9	5	7	11	17	38	42	0	18	13780938	2244	2253	1119	2143	9003	7950	6980	4755	
DHL	42800	42800	9	5	6	8	20	39	34	0	21	13733441	2244	2253	1119	2143	9003	7950	6980	4755	
DHL	43000	43000	8	5	6	9	19	40	29	0	25	13683488	2244	2253	1119	2143	9003	7950	6980	4755	
DHL	43200	43200	8	4	6	8	24	36	28	0	25	13631461	2244	2253	1119	2143	9003	7950	6980	4755	
DHL	43400	43400	10	4	6	11	23	39	29	0	25	13578047	2244	2253	1119	2143	9003	7950	6980	4755	
DHL	43600	43600	9	5	6	10	24	37	25	0	22	13523766	2244	2253	1119	2143	9003	7950	6980	4755	
DHL	43800	43800	10	6	4	10	26	39	23	0	21	13468209	2244	2253	1119	2143	9003	7950	6980	4755	
DHL	44000	44000	9	4	4	10	22	40	21	0	19	13413295	2244	2253	1119	2143	9003	7950	6980	4755	
DHL	44200	44200	9	4	4	10	17	34	20	0	21	13359201	2244	2253	1119	2143	9003	7950	6980	4755	
DHL	44400	44400	9	7	6	7	18	33	21	0	18	13306721	2244	2253	1119	2143	9003	7950	6980	4755	
DHL	44600	44600	9	6	6	5	19	39	23	0	18	13256392	2244	2253	1119	2143	9003	7950	6980	4755	
DHL	44800	44800	13	6	6	7	21	37	21	0	21	13209851	2244	2253	1119	2143	9003	7950	6980	4755	
DHL	45000	45000	14	5	4	9	27	32	19	0	15	13164753	2244	2253	1119	2143	9003	7950	6980	4755	
DHL	45200	45200	14	4	4	10	29	34	24	0	17	13118743	2244	2253	1119	2143	9003	7950	6980	4755	
DHL	45400	45400	17	4	3	11	28	29	22	0	12	13070916	2244	2253	1119	2143	9003	7950	6980	4755	
DHL	45600	45600	18	3	3	11	31	32	22	0	12	13021886	2244	2253	1119	2143	9003	7950	6980	4755	
DHL	45800	45800	16	3	2	12	31	35	17	0	14	12972777	2244	2253	1119	2143	9003	7950	6980	4755	
DHL	46000	46000	16	5	3	11	32	35	15	0	16	12923853	2244	2253	1119	2143	9003	7950	6980	4755	
DHL	46200	46200	15	5	3	11	29	34	14	0	16	12876935	2244	2253	1119	2143	9003	7950	6980	4755	
DHL	46400	46400	12	6	3	10	28	31	12	0	14	12831235	2244	2253	1119	2143	9003	7950	6980	4755	
DHL	46600	46600	13	6	4	10	28	27	12	0	15	12785219	2244	2253	1119	2143	9003	7950	6980	4755	
DHL	46800	46800	12	8	4	11	27	28	18	0	14	12737824	2244	2253	1119	2143	9003	7950	6980	4755	
DHL	47000	47000	10	7	5	11	25	28	21	0	14	12688886	2244	2253	1119	2143	9003	7950	6980	4755	
DHL	47200	47200	9	8	5	12	23	28	22	0	14	12641034	2244	2253	1119	2143	9003	7950	6980	4755	
DHL	47400	47400	8	8	4	12	28	25	23	0	16	12596356	2244	2253	1119	2143	9003	7950	6980	4755	
DHL	47600	47600	8	9	2	12	29	25	22	0	17	12553764	2244	2253	1119	2143	9003	7950	6980	4755	
DHL	47800	47800	7	7	1	11	29	24	22	0	18	12510564	2244	2253	1119	2143	9003	7950	6980	4755	
DHL	48000	48000	9	6	1	9	28	23	24	0	16	12466736	2244	2253	1119	2143	9003	7950	6980	4755	
DHL	48200	48200	8	6	3	10	29	25	20	0	15	12422750	2244	2253	1119	2143	9003	7950	6980	4755	
DHL	48400	48400	7	5	3	13	29	24	19	0	18	12377204	2244	2253	1119	2143	9003	7950	6980	4755	
DHL	48600	48600	7	3	4	13	24	24	20	0	17	12332571	2244	2253	1119	2143	9003	7950	6980	4755	
DHL	48800	48800	5	2	5	13	23	28	22	0	21	12287833	2244	2253	1119	2143	9003	7950	6980	4755	
DHL	49000	49000	6	6	5	13	23	29	22	0	18	12242154	2244	2253	1119	2143	9003	7950	6980	4755	
DHL	49200	49200	4	7	5	12	26	28	22	0	17	12197619	2244	2253	1119	2143	9003	7950	6980	4755	
DHL	49400	49400	5	5	3	10	22	29	20	0	20	12154880	2244	2253	1119	2143	9003	7950	6980	4755	
DHL	49600	49600	4	7	1	10	22	28	23	0	19	12112465	2244	2253	1119	2143	9003	7950	6980	4755	
DHL	49800	49800	5	6	2	12	24	35	21	0	16	12069275	2244	2253	1119	2143	9003	7950	6980	4755	
DHL	50000	50000	6	7	2	10	21	28	20	0	13	12026431	2244	2253	1119	2143	9003	7950	6980	4755	
DHL	50200	50200	6	8	2	7	20	25	20	0	20	11982220	2244	2253	1119	2143	9003	7950	6980	4755	
DHL	50400	50400	7	9	1	7	17	19	21	0	18	11939939	2244	2253	1119	2143	9003	7950	6980	4755	
DHL	50600	50600	8	8	3	5	18	20	18	0	17	11897900	2244	2253	1119	2143	9003	7950	6980	4755	
DHL	50800	50800	9	9	4	4	17	20	20	0	16	11857223	2244	2253	1119	2143	9003	7950	6980	4755	
DHL	51000	51000	13	8	4	5	22	20	19	0	14	11818836	2244	2253	1119	2143	9003	7950	6980	4755	
DHL	51200	51200	15	8	4	7	26	21	19	0	15	11779563	2244	2253	1119	2143	9003	7950	6980	4755	
DHL	51400	51400	16	9	2	10	28	23	21	0	12	11738042	2244	2253	1119	2143	9003	7950	6980	4755	
DHL	51600	51600	18	10	3	8	26	23	23	0	11	11694977	2244	2253	1119	2143	9003	7950	6980	4755	
DHL	51800	51800	15	8	3	8	27	25	24	0	9	11653291	2244	2253	1119	2143	9003	7950	6980	4755	
DHL	52000	52000	14	6	4	10	20	25	25	0	9	11612061	2244	2253	1119	2143	9003	7950	6980	4755	
DHL	52200	52200	14	6	5	14	17	24	29	0	6	11572338	2244	2253	1119	2143	9003	7950	6980	4755	
DHL	52400	52400	12	5	4	14	18	24	27	0	10	11532895	2244	2253	1119	2143	9003	7950	6980	4755	
DHL	52600	52600	10	3	5	14	17	27	26	0	13	11494680	2244	2253	1119	2143	9003	7950	6980	4755	
DHL	52800	52800	8	4	4	14	17	26	26	0	14	11458458	2244	2253	1119	2143	9003	7950	6980	4755	
DHL	53000	53000	9	4	4	15	20	29	25	0	12	11423337	2244	2253	1119	2143	9003	7950	6980	4755	
DHL	53200	53200	9	4	1	16	25	25	25	0	11	11388911	2244	2253	1119	2143	9003	7950	6980	4755	
DHL	53400	53400	8	4	1	15	28	20	25	0	13	11354279	2244	2253	1119	2143	9003	7950	6980	4755	
DHL	53600	53600	5	3	3	15	29	24	27	0	13	11318563	2244	2253	1119	2143	9003	7950	6980	4755	
DHL	53800	53800	4	2	3	12	31	19	30	0	15	11281834	2244	2253	1119	2143	9003	7950	6980	4755	
DHL	54000	54000	2	4	3	9	29	21	28	0	15	11245578	2244	2253	1119	2143	9003	7950	6980	4755	
DHL	54200	54200	3	4	3	6	23	22	25	0	12	11208604	2244	2253	1119	2143	9003	7950	6980	4755	
DHL	54400	54400	4	2	3	5	25	21	23	0	15	11169090	2244	2253	1119	2143	9003	7950	6980	4755	
DHL	54600	54600	3	2	3	6	25	18	22	0	15	11129114	2244	2253	1119	2143	9003	7950	6980	4755	
DHL	54800	54800	3	4	2	7	23	17	22	0	18	11090467	2244	2253	1119	2143	9003	7950	6980	4755	
DHL	55000	55000	3	4	2	7	22	22	18	0	16	11052397	2244	2253	1119	2143	9003	7950	6980	4755	
DHL	55200	55200	4	5	4	7	22	20	18	0	17	11014432	2244	2253	1119	2143	9003	7950	6980	4755	
DHL	55400	55400	4	7	3	6	22	22	19	0	14	10976922	2244	2253	1119	2143	9003	7950	6980	4755	
DHL	55600	55600	5	7	4	8	19	21	17	0	11	10937630	2244	2253	1119	2143	9003	7950	6980	4755	
DHL	55800	55800	5	6	4	7	19	20	19	0	14	10895896	2244	2253	1119	2143	9003	7950	6980	4755	
DHL	56000	56000	7	8	2	6	15	24	20	0	14	10853505	2244	2253	1119	2143	9003	7950	6980	4755	
DHL	56200	56200	5	7	2	6	20	21	17	0	16	10811979	2244	2253	1119	2143	9003	7950	6980	4755	
DHL	56400	56400	5	9	2	5	17	22	17	0	18	10771594	2244	2253	1119	2143	9003	7950	6980	4755	
DHL	56600	56600	5	7	3	3	16	23	18	0	18	10732706	2244	2253	1119	2143	9003	7950	6980	4755	
DHL	56800	56800	7	7	3	3	13	18	18	0	16	10695698	2244	2253	1119	2143	9003	7950	6980	4755	
DHL	57000	57000	6	7	3	4	15	18	20	0	16	10658701	2244	2253	1119	2143	9003	7950	6980	4755	
DHL	57200	57200	3	5	2	4	20	17	22	0	17	10621784	2244	2253	1119	2143	9003	7950	6980	4755	
DHL	57400	57400	3	5	2	4	25	17	26	0	17	10584202	2244	2253	1119	2143	9003	7950	6980	4755	
DHL	57600	57600	4	7	2	4	23	24	24	0	18	10547917	2244	2253	1119	2143	9003	7950	6980	4755	
DHL	57800	57800	4	7	2	4	21	21	24	0	18	10514252	2244	2253	1119	2143	9003	7950	6980	4755	
DHL	58000	58000	5	8	2	7	21	22	20	0	17	10481958	2244	2253	1119	2143	9003	7950	6980	4755	
DHL	58200	58200	6	9	2	7	22	27	21	0	17	10451168	2244	2253	1119	2143	9003	7950	6980	4755	
DHL	58400	58400	5	9	1	7	21	31	22	0	18	10419151	2244	2253	1119	2143	9003	7950	6980	4755	
DHL	58600	58600	6	9	1	8	19	27	20	0	16	10386249	2244	2253	1119	2143	9003	7950	6980	4755	
DHL	58800	58800	6	12	1	8	14	29	30	0	13	10354475	2244	2253	1119	2143	9003	7950	6980	4755	
DHL	59000	59000	5	10	1	5	15	27	29	0	11	10321963	2244	2253	1119	2143	9003	7950	6980	4755	
DHL	59200	59200	4	8	1	4	16	30	32	0	11	10288529	2244	2253	1119	2143	9003	7950	6980	4755	
DHL	59400	59400	4	5	1	4	13	28	29	0	9	10254896	2244	2253	1119	2143	9003	7950	6980	4755	
DHL	59600	59600	4	7	2	7	20	30	29	0	10	10220230	2244	2253	1119	2143	9003	7950	6980	4755	
DHL	59800	59800	5	8	3	6	22	25	24	0	9	10186666	2244	2253	1119	2143	9003	7950	6980	4755	
DHL	60000	60000	5	8	3	6	24	22	19	0	11	10153600	2244	2253	1119	2143	9003	7950	6980	4755	
DHL	60200	60200	7	9	3	7	26	20	18	0	12	10120813	2244	2253	1119	2143	9003	7950	6980	4755	
DHL	60400	60400	9	9	3	8	27	15	13	0	11	10088289	2244	2253	1119	2143	9003	7950	6980	4755	
DHL	60600	60600	9	10	1	7	30	14	14	0	12	10055738	2244	2253	1119	2143	9003	7950	6980	4755	
DHL	60800	60800	10	9	1	5	26	17	12	0	11	10023054	2244	2253	1119	2143	9003	7950	6980	4755	
DHL	61000	61000	10	8	2	4	27	16	13	0	12	9989843	2244	2253	1119	2143	9003	7950	6980	4755	
DHL	61200	61200	11	5	3	4	30	19	11	0	12	9957554	2244	2253	1119	2143	9003	7950	6980	4755	
DHL	61400	61400	10	6	3	2	30	17	12	0	13	9926731	2244	2253	1119	2143	9003	7950	6980	4755	
DHL	61600	61600	10	6	3	3	29	22	17	0	10	9897153	2244	2253	1119	2143	9003	7950	6980	4755	
DHL	61800	61800	7	7	3	2	29	20	20	0	8	9867580	2244	2253	1119	2143	9003	7950	6980	4755	
DHL	62000	62000	5	6	3	2	29	20	19	0	11	9838549	2244	2253	1119	2143	9003	7950	6980	4755	
DHL	62200	62200	6	5	3	2	21	19	19	0	10	9809300	2244	2253	1119	2143	9003	7950	6980	4755	
DHL	62400	62400	6	4	3	2	23	16	17	0	9	9780271	2244	2253	1119	2143	9003	7950	6980	4755	
DHL	62600	62600	5	5	3	2	26	11	19	0	9	9751241	2244	2253	1119	2143	9003	7950	6980	4755	
DHL	62800	62800	5	6	3	1	25	16	20	0	8	9724051	2244	2253	1119	2143	9003	7950	6980	4755	
DHL	63000	63000	7	7	2	2	20	18	19	0	9	9696930	2244	2253	1119	2143	9003	7950	6980	4755	
DHL	63200	63200	6	8	1	3	21	22	22	0	11	9670712	2244	2253	1119	2143	9003	7950	6980	4755	
DHL	63400	63400	6	7	1	2	16	23	23	0	12	9644120	2244	2253	1119	2143	9003	7950	6980	4755	
DHL	63600	63600	9	5	1	3	11	21	23	0	12	9616257	2244	2253	1119	2143	9003	7950	6980	4755	
DHL	63800	63800	8	6	1	8	14	22	25	0	9	9587981	2244	2253	1119	2143	9003	7950	6980	4755	
DHL	64000	64000	7	5	1	9	11	18	24	0	10	9559640	2244	2253	1119	2143	9003	7950	6980	4755	
DHL	64200	64200	8	6	2	9	12	18	27	0	11	9531609	2244	2253	1119	2143	9003	7950	6980	4755	
DHL	64400	64400	10	7	2	8	13	17	25	0	9	9502289	2244	2253	1119	2143	9003	7950	6980	4755	
DHL	64600	64600	8	5	2	10	14	20	23	0	10	9472572	2244	2253	1119	2143	9003	7950	6980	4755	
DHL	64800	64800	6	6	0	9	21	23	25	0	9	9443500	2244	2253	1119	2143	9003	7950	6980	4755	
DHL	65000	65000	9	6	1	9	21	25	23	0	6	9414789	2244	2253	1119	2143	9003	7950	6980	4755	
DHL	65200	65200	8	6	1	7	26	28	19	0	6	9387106	2244	2253	1119	2143	9003	7950	6980	4755	
DHL	65400	65400	8	6	3	6	26	27	16	0	6	9361612	2244	2253	1119	2143	9003	7950	6980	4755	
DHL	65600	65600	8	6	4	5	26	24	17	0	6	9337074	2244	2253	1119	2143	9003	7950	6980	4755	
DHL	65800	65800	5	6	5	4	21	20	18	0	6	9312028	2244	2253	1119	2143	9003	7950	6980	4755	
DHL	66000	66000	6	3	5	4	22	19	19	0	8	9286767	2244	2253	1119	2143	9003	7950	6980	4755	
DHL	66200	66200	6	6	5	3	22	19	19	0	10	9261489	2244	2253	1119	2143	9003	7950	6980	4755	
DHL	66400	66400	7	5	5	2	23	17	16	0	11	9236492	2244	2253	1119	2143	9003	7950	6980	4755	
DHL	66600	66600	9	4	5	2	23	21	14	0	11	9212037	2244	2253	1119	2143	9003	7950	6980	4755	
DHL	66800	66800	9	3	6	3	18	19	11	0	11	9187185	2244	2253	1119	2143	9003	7950	6980	4755	
DHL	67000	67000	8	3	7	3	15	15	10	0	10	9162598	2244	2253	1119	2143	9003	7950	6980	4755	
DHL	67200	67200	9	3	7	4	15	15	9	0	11	9138060	2244	2253	1119	2143	9003	7950	6980	4755	
DHL	67400	67400	8	3	7	8	14	14	8	0	6	9113580	2244	2253	1119	2143	9003	7950	6980	4755	
DHL	67600	67600	10	2	7	9	12	14	10	0	3	9089642	2244	2253	1119	2143	9003	7950	6980	4755	
DHL	67800	67800	6	2	7	10	16	11	9	0	2	9067138	2244	2253	1119	2143	9003	7950	6980	4755	
DHL	68000	68000	5	3	6	10	14	11	8	0	3	9045141	2244	2253	1119	2143	9003	7950	6980	4755	
DHL	68200	68200	5	3	6	9	14	14	11	0	3	9023718	2244	2253	1119	2143	9003	7950	6980	4755	
DHL	68400	68400	5	3	6	8	17	17	8	0	3	9003232	2244	2253	1119	2143	9003	7950	6980	4755	
DHL	68600	68600	5	3	5	9	18	21	9	0	4	8981545	2244	2253	1119	2143	9003	7950	6980	4755	
DHL	68800	68800	3	5	5	8	20	21	10	0	6	8959297	2244	2253	1119	2143	9003	7950	6980	4755	
DHL	69000	69000	2	5	5	9	20	17	11	0	9	8937950	2244	2253	1119	2143	9003	7950	6980	4755	
DHL	69200	69200	4	5	4	7	21	18	11	0	11	8915181	2244	2253	1119	2143	9003	7950	6980	4755	
DHL	69400	69400	4	6	3	6	23	16	13	0	13	8892557	2244	2253	1119	2143	9003	7950	6980	4755	
DHL	69600	69600	4	4	2	2	16	18	11	0	12	8870616	2244	2253	1119	2143	9003	7950	6980	4755	
DHL	69800	69800	4	4	3	1	17	16	13	0	10	8848428	2244	2253	1119	2143	9003	7950	6980	4755	
DHL	70000	70000	4	5	2	1	14	14	14	0	8	8827512	2244	2253	1119	2143	9003	7950	6980	4755	
DHL	70200	70200	4	3	2	2	14	14	13	0	7	8806210	2244	2253	1119	2143	9003	7950	6980	4755	
DHL	70400	70400	6	3	3	2	13	13	14	0	6	8785135	2244	2253	1119	2143	9003	7950	6980	4755	
DHL	70600	70600	6	3	3	2	15	14	17	0	6	8763596	2244	2253	1119	2143	9003	7950	6980	4755	
DHL	70800	70800	5	2	3	2	14	11	20	0	5	8743159	2244	2253	1119	2143	9003	7950	6980	4755	
DHL	71000	71000	6	2	2	3	15	13	18	0	5	8723996	2244	2253	1119	2143	9003	7950	6980	4755	
DHL	71200	71200	7	2	2	2	13	13	18	0	6	8704388	2244	2253	1119	2143	9003	7950	6980	4755	
DHL	71400	71400	6	2	2	3	14	15	20	0	6	8683445	2244	2253	1119	2143	9003	7950	6980	4755	
DHL	71600	71600	8	2	2	4	12	16	21	0	7	8662006	2244	2253	1119	2143	9003	7950	6980	4755	
DHL	71800	71800	6	2	1	4	12	14	25	0	5	8641554	2244	2253	1119	2143	9003	7950	6980	4755	
DHL	72000	72000	6	2	1	3	16	16	21	0	7	8620406	2244	2253	1119	2143	9003	7950	6980	4755	
DHL	72200	72200	6	4	1	4	14	17	17	0	6	8600212	2244	2253	1119	2143	9003	7950	6980	4755	
DHL	72400	72400	4	4	0	7	19	22	16	0	7	8581073	2244	2253	1119	2143	9003	7950	6980	4755	
DHL	72600	72600	6	4	0	10	22	20	16	0	7	8560545	2244	2253	1119	2143	9003	7950	6980	4755	
DHL	72800	72800	6	2	1	9	22	20	18	0	7	8539035	2244	2253	1119	2143	9003	7950	6980	4755	
DHL	73000	73000	6	2	1	10	23	19	20	0	10	8517253	2244	2253	1119	2143	9003	7950	6980	4755	
DHL	73200	73200	8	2	1	8	22	19	19	0	10	8496271	2244	2253	1119	2143	9003	7950	6980	4755	
DHL	73400	73400	8	4	1	9	17	19	18	0	9	8475658	2244	2253	1119	2143	9003	7950	6980	4755	
DHL	73600	73600	10	3	1	8	15	19	16	0	9	8455731	2244	2253	1119	2143	9003	7950	6980	4755	
DHL	73800	73800	8	2	1	9	12	16	19	0	9	8436800	2244	2253	1119	2143	9003	7950	6980	4755	
DHL	74000	74000	8	3	2	9	10	19	19	0	8	8417653	2244	2253	1119	2143	9003	7950	6980	4755	
DHL	74200	74200	8	3	4	8	6	22	19	0	7	8398550	2244	2253	1119	2143	9003	7950	6980	4755	
DHL	74400	74400	8	2	4	8	6	23	17	0	8	8379691	2244	2253	1119	2143	9003	7950	6980	4755	
DHL	74600	74600	10	3	5	7	7	22	18	0	9	8361006	2244	2253	1119	2143	9003	7950	6980	4755	
DHL	74800	74800	10	6	4	6	8	21	17	0	7	8341848	2244	2253	1119	2143	9003	7950	6980	4755	
DHL	75000	75000	9	6	4	6	10	21	20	0	7	8322424	2244	2253	1119	2143	9003	7950	6980	4755	
DHL	75200	75200	9	5	5	3	10	19	18	0	5	8302213	2244	2253	1119	2143	9003	7950	6980	4755	
DHL	75400	75400	8	4	5	4	11	16	17	0	5	8282109	2244	2253	1119	2143	9003	7950	6980	4755	
DHL	75600	75600	11	4	6	5	10	17	18	0	5	8263325	2244	2253	1119	2143	9003	7950	6980	4755	
DHL	75800	75800	13	3	6	5	8	25	18	0	4	8244045	2244	2253	1119	2143	9003	7950	6980	4755	
DHL	76000	76000	13	2	7	5	12	23	15	0	5	8225022	2244	2253	1119	2143	9003	7950	6980	4755	
DHL	76200	76200	14	2	7	5	13	21	16	0	6	8207446	2244	2253	1119	2143	9003	7950	6980	4755	
DHL	76400	76400	12	2	6	6	13	23	18	0	6	8190125	2244	2253	1119	2143	9003	7950	6980	4755	
DHL	76600	76600	11	2	4	8	14	26	18	0	4	8172210	2244	2253	1119	2143	9003	7950	6980	4755	
DHL	76800	76800	9	2	3	9	13	28	19	0	7	8154318	2244	2253	1119	2143	9003	7950	6980	4755	
DHL	77000	77000	7	2	1	7	12	27	17	0	6	8136126	2244	2253	1119	2143	9003	7950	6980	4755	
DHL	77200	77200	4	1	2	7	14	27	16	0	6	8117842	2244	2253	1119	2143	9003	7950	6980	4755	
DHL	77400	77400	6	1	3	7	11	30	16	0	4	8100180	2244	2253	1119	2143	9003	7950	6980	4755	
DHL	77600	77600	6	2	3	6	11	30	19	0	5	8082921	2244	2253	1119	2143	9003	7950	6980	4755	
DHL	77800	77800	6	2	3	6	12	29	23	0	3	8065266	2244	2253	1119	2143	9003	7950	6980	4755	
DHL	78000	78000	5	1	3	7	11	27	24	0	5	8047224	2244	2253	1119	2143	9003	7950	6980	4755	
DHL	78200	78200	5	1	3	6	12	27	23	0	6	8029708	2244	2253	1119	2143	9003	7950	6980	4755	
DHL	78400	78400	4	1	3	4	13	26	17	0	7	8010897	2244	2253	1119	2143	9003	7950	6980	4755	
DHL	78600	78600	4	2	3	4	15	27	18	0	9	7991636	2244	2253	1119	2143	9003	7950	6980	4755	
DHL	78800	78800	6	1	2	4	15	22	15	0	8	7972873	2244	2253	1119	2143	9003	7950	6980	4755	
DHL	79000	79000	6	2	2	4	18	24	17	0	7	7955000	2244	2253	1119	2143	9003	7950	6980	4755	
DHL	79200	79200	8	3	1	4	19	25	16	0	8	7937443	2244	2253	1119	2143	9003	7950	6980	4755	
DHL	79400	79400	9	2	1	4	20	24	16	0	9	7920913	2244	2253	1119	2143	9003	7950	6980	4755	
DHL	79600	79600	6	3	1	4	18	22	14	0	13	7904592	2244	2253	1119	2143	9003	7950	6980	4755	
DHL	79800	79800	7	3	0	6	17	19	17	0	12	7887988	2244	2253	1119	2143	9003	7950	6980	4755	
DHL	80000	80000	7	3	0	6	18	18	17	0	10	7871756	2244	2253	1119	2143	9003	7950	6980	4755	
DHL	80200	80200	9	2	0	6	17	17	16	0	9	7855256	2244	2253	1119	2143	9003	7950	6980	4755	
DHL	80400	80400	9	2	1	4	16	18	15	0	9	7838605	2244	2253	1119	2143	9003	7950	6980	4755	
DHL	80600	80600	9	2	1	3	18	22	11	0	9	7820319	2244	2253	1119	2143	9003	7950	6980	4755	
DHL	80800	80800	8	1	1	3	20	20	15	0	11	7800769	2244	2253	1119	2143	9003	7950	6980	4755	
DHL	81000	81000	10	1	0	5	18	20	15	0	12	7781010	2244	2253	1119	2143	9003	7950	6980	4755	
DHL	81200	81200	10	1	0	4	19	18	16	0	11	7761214	2244	2253	1119	2143	9003	7950	6980	4755	
DHL	81400	81400	11	1	0	4	17	18	18	0	12	7740767	2244	2253	1119	2143	9003	7950	6980	4755	
DHL	81600	81600	13	1	1	4	17	16	17	0	11	7719997	2244	2253	1119	2143	9003	7950	6980	4755	
DHL	81800	81800	12	0	1	6	16	13	16	0	9	7699698	2244	2253	1119	2143	9003	7950	6980	4755	
DHL	82000	82000	12	0	1	6	15	15	15	0	8	7679796	2244	2253	1119	2143	9003	7950	6980	4755	
DHL	82200	82200	10	0	1	6	15	13	17	0	7	7661435	2244	2253	1119	2143	9003	7950	6980	4755	
DHL	82400	82400	9	1	1	6	16	15	15	0	11	7644373	2244	2253	1119	2143	9003	7950	6980	4755	
DHL	82600	82600	9	1	3	6	16	14	14	0	13	7627298	2244	2253	1119	2143	9003	7950	6980	4755	
DHL	82800	82800	7	0	3	7	15	19	15	0	13	7610298	2244	2253	1119	2143	9003	7950	6980	4755	
DHL	83000	83000	4	0	5	8	17	21	16	0	11	7592836	2244	2253	1119	2143	9003	7950	6980	4755	
DHL	83200	83200	4	0	5	7	20	20	14	0	12	7576466	2244	2253	1119	2143	9003	7950	6980	4755	
DHL	83400	83400	4	0	6	7	20	20	15	0	10	7561414	2244	2253	1119	2143	9003	7950	6980	4755	
DHL	83600	83600	5	0	6	8	22	18	16	0	7	7545344	2244	2253	1119	2143	9003	7950	6980	4755	
DHL	83800	83800	7	0	6	7	20	16	16	0	11	7528194	2244	2253	1119	2143	9003	7950	6980	4755	
DHL	84000	84000	7	0	4	7	18	14	19	0	11	7511669	2244	2253	1119	2143	9003	7950	6980	4755	
DHL	84200	84200	8	2	4	6	18	14	19	0	9	7495689	2244	2253	1119	2143	9003	7950	6980	4755	
DHL	84400	84400	9	2	4	4	14	9	17	0	8	7479902	2244	2253	1119	2143	9003	7950	6980	4755	
DHL	84600	84600	8	2	5	4	10	12	22	0	8	7465220	2244	2253	1119	2143	9003	7950	6980	4755	
DHL	84800	84800	7	1	6	4	11	12	19	0	7	7450926	2244	2253	1119	2143	9003	7950	6980	4755	
DHL	85000	85000	6	1	6	4	13	17	19	0	10	7437023	2244	2253	1119	2143	9003	7950	6980	4755	
DHL	85200	85200	8	0	5	3	15	16	19	0	9	7422927	2244	2253	1119	2143	9003	7950	6980	4755	
DHL	85400	85400	8	0	4	4	16	18	20	0	10	7407703	2244	2253	1119	2143	9003	7950	6980	4755	
DHL	85600	85600	7	1	3	2	16	19	20	0	6	7392648	2244	2253	1119	2143	9003	7950	6980	4755	
DHL	85800	85800	4	2	3	3	14	18	19	0	8	7378138	2244	2253	1119	2143	9003	7950	6980	4755	
DHL	86000	86000	4	2	2	2	15	19	15	0	8	7364040	2244	2253	1119	2143	9003	7950	6980	4755	
DHL	86200	86200	4	2	2	5	16	17	13	0	7	7349923	2244	2253	1119	2143	9003	7950	6980	4755	
DHL	86400	86400	4	3	2	5	12	18	13	0	9	7335012	2244	2253	1119	2143	9003	7950	6980	4755	
DHL	86600	86600	4	3	2	6	11	16	15	0	12	7320181	2244	2253	1119	2143	9003	7950	6980	4755	
DHL	86800	86800	6	3	2	7	11	15	15	0	14	7304189	2244	2253	1119	2143	9003	7950	6980	4755	
DHL	87000	87000	7	3	3	8	10	14	15	0	16	7288357	2244	2253	1119	2143	9003	7950	6980	4755	
DHL	87200	87200	5	2	3	8	9	15	16	0	18	7272994	2244	2253	1119	2143	9003	7950	6980	4755	
DHL	87400	87400	5	2	3	6	7	18	15	0	18	7258952	2244	2253	1119	2143	9003	7950	6980	4755	
DHL	87600	87600	4	2	3	7	8	17	17	0	16	7244804	2244	2253	1119	2143	9003	7950	6980	4755	
DHL	87800	87800	4	3	4	6	10	17	20	0	17	7230814	2244	2253	1119	2143	9003	7950	6980	4755	
DHL	88000	88000	5	2	4	7	13	16	25	0	14	7217470	2244	2253	1119	2143	9003	7950	6980	4755	
DHL	88200	88200	4	2	3	8	13	15	24	0	13	7203122	2244	2253	1119	2143	9003	7950	6980	4755	
DHL	88400	88400	4	3	2	5	12	17	26	0	14	7188969	2244	2253	1119	2143	9003	7950	6980	4755	
DHL	88600	88600	6	2	2	4	17	17	26	0	12	7174045	2244	2253	1119	2143	9003	7950	6980	4755	
DHL	88800	88800	6	2	5	4	17	20	23	0	15	7158072	2244	2253	1119	2143	9003	7950	6980	4755	
DHL	89000	89000	6	1	5	2	20	19	19	0	16	7142618	2244	2253	1119	2143	9003	7950	6980	4755	
DHL	89200	89200	4	3	5	0	21	20	18	0	13	7127838	2244	2253	1119	2143	9003	7950	6980	4755	
DHL	89400	89400	5	4	5	0	22	16	16	0	15	7114692	2244	2253	1119	2143	9003	7950	6980	4755	
DHL	89600	89600	7	3	5	3	22	17	17	0	13	7102349	2244	2253	1119	2143	9003	7950	6980	4755	
DHL	89800	89800	8	3	6	3	23	13	17	0	13	7090133	2244	2253	1119	2143	9003	7950	6980	4755	
DHL	90000	90000	8	3	6	3	22	16	16	0	15	7077542	2244	2253	1119	2143	9003	7950	6980	4755	
DHL	90200	90200	8	2	6	4	18	15	18	0	12	7064898	2244	2253	1119	2143	9003	7950	6980	4755	
DHL	90400	90400	7	2	6	3	17	14	17	0	13	7052366	2244	2253	1119	2143	9003	7950	6980	4755	
DHL	90600	90600	7	3	8	3	17	16	15	0	10	7040633	2244	2253	1119	2143	9003	7950	6980	4755	
DHL	90800	90800	6	4	7	2	14	18	12	0	12	7029301	2244	2253	1119	2143	9003	7950	6980	4755	
DHL	91000	91000	6	4	8	1	16	18	8	0	11	7017502	2244	2253	1119	2143	9003	7950	6980	4755	
DHL	91200	91200	3	4	6	2	17	16	10	0	12	7004713	2244	2253	1119	2143	9003	7950	6980	4755	
DHL	91400	91400	3	1	4	3	20	15	8	0	12	6991611	2244	2253	1119	2143	9003	7950	6980	4755	
DHL	91600	91600	2	1	4	3	21	13	8	0	9	6978460	2244	2253	1119	2143	9003	7950	6980	4755	
DHL	91800	91800	3	1	2	4	19	13	10	0	10	6965628	2244	2253	1119	2143	9003	7950	6980	4755	
DHL	92000	92000	3	1	2	3	18	12	12	0	7	6952790	2244	2253	1119	2143	9003	7950	6980	4755	
DHL	92200	92200	3	1	2	3	16	11	15	0	7	6940763	2244	2253	1119	2143	9003	7950	6980	4755	
DHL	92400	92400	4	1	1	4	17	14	16	0	6	6928269	2244	2253	1119	2143	9003	7950	6980	4755	
DHL	92600	92600	5	1	2	5	16	12	17	0	6	6916559	2244	2253	1119	2143	9003	7950	6980	4755	
DHL	92800	92800	6	2	2	5	15	15	15	0	7	6905276	2244	2253	1119	2143	9003	7950	6980	4755	
DHL	93000	93000	4	2	3	6	14	14	11	0	5	6893205	2244	2253	1119	2143	9003	7950	6980	4755	
DHL	93200	93200	4	0	1	5	14	16	11	0	4	6880912	2244	2253	1119	2143	9003	7950	6980	4755	
DHL	93400	93400	3	0	3	6	17	21	12	0	3	6867841	2244	2253	1119	2143	9003	7950	6980	4755	
DHL	93600	93600	2	1	3	4	17	20	12	0	4	6853052	2244	2253	1119	2143	9003	7950	6980	4755	
DHL	93800	93800	3	1	3	6	22	17	12	0	5	6837534	2244	2253	1119	2143	9003	7950	6980	4755	
DHL	94000	94000	3	1	3	6	22	19	15	0	5	6822440	2244	2253	1119	2143	9003	7950	6980	4755	
DHL	94200	94200	3	1	3	6	16	21	16	0	5	6807071	2244	2253	1119	2143	9003	7950	6980	4755	
DHL	94400	94400	3	2	4	5	18	20	17	0	6	6792321	2244	2253	1119	2143	9003	7950	6980	4755	
DHL	94600	94600	5	2	2	4	18	19	15	0	5	6777315	2244	2253	1119	2143	9003	7950	6980	4755	
DHL	94800	94800	5	1	4	4	17	17	12	0	5	6762894	2244	2253	1119	2143	9003	7950	6980	4755	
DHL	95000	95000	7	1	4	4	16	17	14	0	4	6750165	2244	2253	1119	2143	9003	7950	6980	4755	
DHL	95200	95200	6	1	3	7	14	17	17	0	4	6738829	2244	2253	1119	2143	9003	7950	6980	4755	
DHL	95400	95400	6	1	4	8	15	17	20	0	4	6728200	2244	2253	1119	2143	9003	7950	6980	4755	
DHL	95600	95600	3	1	3	8	18	22	18	0	5	6717600	2244	2253	1119	2143	9003	7950	6980	4755	
DHL	95800	95800	2	1	2	8	15	18	17	0	5	6705856	2244	2253	1119	2143	9003	7950	6980	4755	
DHL	96000	96000	3	1	2	6	17	15	18	0	6	6691949	2244	2253	1119	2143	9003	7950	6980	4755	
DHL	96200	96200	5	1	3	5	18	12	17	0	6	6676942	2244	2253	1119	2143	9003	7950	6980	4755	
DHL	96400	96400	5	1	2	5	15	12	17	0	7	6661807	2244	2253	1119	2143	9003	7950	6980	4755	
DHL	96600	96600	6	1	2	4	13	12	20	0	6	6646830	2244	2253	1119	2143	9003	7950	6980	4755	
DHL	96800	96800	5	1	2	3	13	13	20	0	5	6631933	2244	2253	1119	2143	9003	7950	6980	4755	
DHL	97000	97000	5	1	2	3	11	13	16	0	6	6616694	2244	2253	1119	2143	9003	7950	6980	4755	
DHL	97200	97200	5	1	2	3	9	12	17	0	5	6601042	2244	2253	1119	2143	9003	7950	6980	4755	
DHL	97400	97400	4	1	2	3	10	16	16	0	5	6585106	2244	2253	1119	2143	9003	7950	6980	4755	
DHL	97600	97600	4	1	2	3	12	16	15	0	7	6568933	2244	2253	1119	2143	9003	7950	6980	4755	
DHL	97800	97800	4	2	2	3	11	19	17	0	11	6552537	2244	2253	1119	2143	9003	7950	6980	4755	
DHL	98000	98000	5	3	3	4	9	19	14	0	13	6535009	2244	2253	1119	2143	9003	7950	6980	4755	
DHL	98200	98200	6	3	3	3	10	23	15	0	14	6517439	2244	2253	1119	2143	9003	7950	6980	4755	
DHL	98400	98400	6	3	2	3	11	23	14	0	13	6500858	2244	2253	1119	2143	9003	7950	6980	4755	
DHL	98600	98600	5	3	2	3	14	26	12	0	11	6484705	2244	2253	1119	2143	9003	7950	6980	4755	
DHL	98800	98800	6	3	1	1	16	28	12	0	11	6469448	2244	2253	1119	2143	9003	7950	6980	4755	
DHL	99000	99000	5	4	0	2	15	26	12	0	13	6455945	2244	2253	1119	2143	9003	7950	6980	4755	
DHL	99200	99200	7	5	0	2	18	26	13	0	12	6443374	2244	2253	1119	2143	9003	7950	6980	4755	
DHL	99400	99400	7	3	1	2	16	21	11	0	10	6431061	2244	2253	1119	2143	9003	7950	6980	4755	
DHL	99600	99600	5	3	1	2	13	19	12	0	8	6419889	2244	2253	1119	2143	9003	7950	6980	4755	
DHL	99800	99800	6	3	1	2	10	16	14	0	7	6409736	2244	2253	1119	2143	9003	7950	6980	4755	
DHL	100000	100000	6	2	2	3	13	15	14	0	6	6400088	2244	2253	1119	2143	9003	7950	6980	4755	
