FL	0	0	20	34	0	11	19	8	3	62	2	18438972	6075	4775	148	1925	4244	4632	2536	13292	512	
FL	-200	-200	16	30	0	10	21	9	6	56	1	18333167	6075	4775	148	1925	4244	4632	2536	13292	512	
FL	-400	-400	20	33	0	11	19	6	7	51	2	18097475	6075	4775	148	1925	4244	4632	2536	13292	512	
FL	-600	-600	23	29	1	13	15	7	8	58	0	17692654	6075	4775	148	1925	4244	4632	2536	13292	512	
FL	-800	-800	23	30	1	10	13	9	11	54	0	17188932	6075	4775	148	1925	4244	4632	2536	13292	512	
FL	-1000	-1000	24	28	0	7	15	11	12	58	0	16669558	6075	4775	148	1925	4244	4632	2536	13292	512	
FL	-1200	-1200	19	30	0	9	13	10	11	52	0	16144470	6075	4775	148	1925	4244	4632	2536	13292	512	
FL	-1400	-1400	21	32	1	7	8	11	12	41	0	15636575	6075	4775	148	1925	4244	4632	2536	13292	512	
FL	-1600	-1600	19	29	1	5	8	13	10	37	0	15170908	6075	4775	148	1925	4244	4632	2536	13292	512	
FL	-1800	-1800	19	25	0	4	7	13	8	40	0	14763115	6075	4775	148	1925	4244	4632	2536	13292	512	
FL	-2000	-2000	16	21	0	10	10	11	11	40	1	14416508	6075	4775	148	1925	4244	4632	2536	13292	512	
FL	-2200	-2200	21	18	0	8	10	17	12	35	1	14119094	6075	4775	148	1925	4244	4632	2536	13292	512	
FL	-2400	-2400	21	17	1	10	11	19	8	32	1	13866537	6075	4775	148	1925	4244	4632	2536	13292	512	
FL	-2600	-2600	19	18	0	10	11	21	6	40	1	13654072	6075	4775	148	1925	4244	4632	2536	13292	512	
FL	-2800	-2800	21	13	0	18	9	23	11	42	1	13480791	6075	4775	148	1925	4244	4632	2536	13292	512	
FL	-3000	-3000	16	15	0	10	7	20	13	42	1	13338721	6075	4775	148	1925	4244	4632	2536	13292	512	
FL	-3200	-3200	14	20	0	11	10	20	11	41	1	13220916	6075	4775	148	1925	4244	4632	2536	13292	512	
FL	-3400	-3400	18	20	0	9	9	19	13	48	1	13116926	6075	4775	148	1925	4244	4632	2536	13292	512	
FL	-3600	-3600	24	21	0	6	7	22	16	55	1	13021932	6075	4775	148	1925	4244	4632	2536	13292	512	
FL	-3800	-3800	25	24	0	2	5	22	10	50	1	12938060	6075	4775	148	1925	4244	4632	2536	13292	512	
FL	-4000	-4000	29	25	0	7	6	23	10	45	2	12867166	6075	4775	148	1925	4244	4632	2536	13292	512	
FL	-4200	-4200	29	24	0	10	6	22	8	45	0	12805072	6075	4775	148	1925	4244	4632	2536	13292	512	
FL	-4400	-4400	31	26	0	11	9	17	10	45	0	12748607	6075	4775	148	1925	4244	4632	2536	13292	512	
FL	-4600	-4600	35	32	0	6	7	18	8	40	0	12693359	6075	4775	148	1925	4244	4632	2536	13292	512	
FL	-4800	-4800	39	32	0	3	7	16	9	37	1	12637200	6075	4775	148	1925	4244	4632	2536	13292	512	
FL	-5000	-5000	37	27	0	1	9	21	12	41	1	12585407	6075	4775	148	1925	4244	4632	2536	13292	512	
FL	-5200	-5200	39	24	0	7	12	19	13	39	1	12536161	6075	4775	148	1925	4244	4632	2536	13292	512	
FL	-5400	-5400	41	25	3	8	13	20	15	39	1	12487704	6075	4775	148	1925	4244	4632	2536	13292	512	
FL	-5600	-5600	40	21	1	8	11	21	13	35	1	12441513	6075	4775	148	1925	4244	4632	2536	13292	512	
FL	-5800	-5800	40	27	2	13	18	22	14	35	0	12399194	6075	4775	148	1925	4244	4632	2536	13292	512	
FL	-6000	-6000	33	28	1	17	18	25	11	45	0	12360424	6075	4775	148	1925	4244	4632	2536	13292	512	
FL	-6200	-6200	36	27	1	14	16	25	10	41	0	12323903	6075	4775	148	1925	4244	4632	2536	13292	512	
FL	-6400	-6400	31	27	1	8	11	28	8	34	0	12288469	6075	4775	148	1925	4244	4632	2536	13292	512	
FL	-6600	-6600	26	26	1	7	15	26	8	37	0	12253173	6075	4775	148	1925	4244	4632	2536	13292	512	
FL	-6800	-6800	27	26	1	4	15	26	10	33	0	12218975	6075	4775	148	1925	4244	4632	2536	13292	512	
FL	-7000	-7000	22	26	1	5	16	35	14	34	0	12185645	6075	4775	148	1925	4244	4632	2536	13292	512	
FL	-7200	-7200	24	22	1	2	13	28	14	36	0	12150618	6075	4775	148	1925	4244	4632	2536	13292	512	
FL	-7400	-7400	29	22	1	4	16	28	8	35	0	12116047	6075	4775	148	1925	4244	4632	2536	13292	512	
FL	-7600	-7600	29	19	1	5	15	23	9	40	0	12081611	6075	4775	148	1925	4244	4632	2536	13292	512	
FL	-7800	-7800	25	17	1	3	12	25	9	41	0	12047132	6075	4775	148	1925	4244	4632	2536	13292	512	
FL	-8000	-8000	27	18	1	2	11	26	8	40	0	12012123	6075	4775	148	1925	4244	4632	2536	13292	512	
FL	-8200	-8200	28	19	1	3	13	22	8	39	0	11976324	6075	4775	148	1925	4244	4632	2536	13292	512	
FL	-8400	-8400	26	20	1	4	13	23	9	43	1	11943145	6075	4775	148	1925	4244	4632	2536	13292	512	
FL	-8600	-8600	25	18	1	5	8	24	10	43	2	11910831	6075	4775	148	1925	4244	4632	2536	13292	512	
FL	-8800	-8800	27	19	1	5	9	23	9	44	2	11879975	6075	4775	148	1925	4244	4632	2536	13292	512	
FL	-9000	-9000	24	18	0	8	9	18	9	52	1	11849317	6075	4775	148	1925	4244	4632	2536	13292	512	
FL	-9200	-9200	27	22	0	8	8	19	11	46	1	11818930	6075	4775	148	1925	4244	4632	2536	13292	512	
FL	-9400	-9400	24	23	0	10	7	19	11	45	1	11786898	6075	4775	148	1925	4244	4632	2536	13292	512	
FL	-9600	-9600	29	19	1	9	4	20	11	46	1	11755663	6075	4775	148	1925	4244	4632	2536	13292	512	
FL	-9800	-9800	31	18	3	6	6	22	11	39	2	11724088	6075	4775	148	1925	4244	4632	2536	13292	512	
FL	-10000	-10000	31	16	4	4	6	20	12	43	1	11694065	6075	4775	148	1925	4244	4632	2536	13292	512	
FL	-10200	-10200	29	14	1	4	5	21	9	39	1	11665387	6075	4775	148	1925	4244	4632	2536	13292	512	
FL	-10400	-10400	27	11	2	4	3	19	9	42	1	11634746	6075	4775	148	1925	4244	4632	2536	13292	512	
FL	-10600	-10600	25	14	1	3	4	15	9	44	0	11602519	6075	4775	148	1925	4244	4632	2536	13292	512	
FL	-10800	-10800	27	15	1	3	6	15	11	54	0	11570264	6075	4775	148	1925	4244	4632	2536	13292	512	
FL	-11000	-11000	27	12	2	6	6	18	11	57	0	11539776	6075	4775	148	1925	4244	4632	2536	13292	512	
FL	-11200	-11200	30	15	1	7	7	20	13	54	0	11510007	6075	4775	148	1925	4244	4632	2536	13292	512	
FL	-11400	-11400	26	14	3	6	7	19	10	51	0	11483434	6075	4775	148	1925	4244	4632	2536	13292	512	
FL	-11600	-11600	31	16	2	5	8	20	12	49	0	11454869	6075	4775	148	1925	4244	4632	2536	13292	512	
FL	-11800	-11800	26	14	2	6	10	25	12	45	0	11425123	6075	4775	148	1925	4244	4632	2536	13292	512	
FL	-12000	-12000	18	23	4	7	10	20	8	37	0	11394110	6075	4775	148	1925	4244	4632	2536	13292	512	
FL	-12200	-12200	21	22	4	7	9	23	7	35	2	11363803	6075	4775	148	1925	4244	4632	2536	13292	512	
FL	-12400	-12400	21	21	4	7	9	22	6	31	2	11335386	6075	4775	148	1925	4244	4632	2536	13292	512	
FL	-12600	-12600	19	21	2	7	11	27	7	30	2	11307053	6075	4775	148	1925	4244	4632	2536	13292	512	
FL	-12800	-12800	16	23	1	7	15	27	8	28	3	11277559	6075	4775	148	1925	4244	4632	2536	13292	512	
FL	-13000	-13000	18	26	0	7	13	28	7	31	3	11246073	6075	4775	148	1925	4244	4632	2536	13292	512	
FL	-13200	-13200	23	26	0	8	15	27	7	36	3	11214677	6075	4775	148	1925	4244	4632	2536	13292	512	
FL	-13400	-13400	26	23	0	8	14	26	8	43	2	11181638	6075	4775	148	1925	4244	4632	2536	13292	512	
FL	-13600	-13600	28	27	0	7	11	26	9	38	1	11148413	6075	4775	148	1925	4244	4632	2536	13292	512	
FL	-13800	-13800	29	27	0	8	12	23	7	35	0	11114688	6075	4775	148	1925	4244	4632	2536	13292	512	
FL	-14000	-14000	22	24	0	7	8	21	8	35	0	11081894	6075	4775	148	1925	4244	4632	2536	13292	512	
FL	-14200	-14200	17	22	0	6	9	22	7	35	0	11051011	6075	4775	148	1925	4244	4632	2536	13292	512	
FL	-14400	-14400	22	13	0	2	6	18	7	34	0	11021682	6075	4775	148	1925	4244	4632	2536	13292	512	
FL	-14600	-14600	23	14	0	2	8	17	5	37	0	10993235	6075	4775	148	1925	4244	4632	2536	13292	512	
FL	-14800	-14800	22	17	0	2	10	22	6	32	1	10966222	6075	4775	148	1925	4244	4632	2536	13292	512	
FL	-15000	-15000	18	17	0	2	10	20	6	29	1	10939964	6075	4775	148	1925	4244	4632	2536	13292	512	
FL	-15200	-15200	18	18	0	4	7	17	7	26	1	10913524	6075	4775	148	1925	4244	4632	2536	13292	512	
FL	-15400	-15400	24	18	0	2	8	16	9	27	1	10884382	6075	4775	148	1925	4244	4632	2536	13292	512	
FL	-15600	-15600	22	15	0	2	8	17	9	30	1	10857159	6075	4775	148	1925	4244	4632	2536	13292	512	
FL	-15800	-15800	22	12	0	1	8	19	9	23	0	10831586	6075	4775	148	1925	4244	4632	2536	13292	512	
FL	-16000	-16000	19	15	0	2	6	22	11	29	0	10804452	6075	4775	148	1925	4244	4632	2536	13292	512	
FL	-16200	-16200	21	15	0	1	6	22	8	30	0	10778622	6075	4775	148	1925	4244	4632	2536	13292	512	
FL	-16400	-16400	24	18	1	3	6	22	10	35	0	10752371	6075	4775	148	1925	4244	4632	2536	13292	512	
FL	-16600	-16600	25	18	1	4	8	17	8	29	1	10726524	6075	4775	148	1925	4244	4632	2536	13292	512	
FL	-16800	-16800	26	19	0	4	6	20	8	31	1	10700564	6075	4775	148	1925	4244	4632	2536	13292	512	
FL	-17000	-17000	27	15	1	3	4	19	7	27	1	10675934	6075	4775	148	1925	4244	4632	2536	13292	512	
FL	-17200	-17200	21	16	1	2	4	18	9	26	1	10652756	6075	4775	148	1925	4244	4632	2536	13292	512	
FL	-17400	-17400	22	17	1	3	11	15	12	24	2	10626621	6075	4775	148	1925	4244	4632	2536	13292	512	
FL	-17600	-17600	20	20	0	6	13	19	13	22	3	10597641	6075	4775	148	1925	4244	4632	2536	13292	512	
FL	-17800	-17800	17	20	0	5	13	21	12	18	3	10567949	6075	4775	148	1925	4244	4632	2536	13292	512	
FL	-18000	-18000	24	20	0	7	14	23	9	27	3	10539214	6075	4775	148	1925	4244	4632	2536	13292	512	
FL	-18200	-18200	22	18	0	6	13	19	8	26	1	10510349	6075	4775	148	1925	4244	4632	2536	13292	512	
FL	-18400	-18400	22	23	0	9	7	19	8	31	1	10481922	6075	4775	148	1925	4244	4632	2536	13292	512	
FL	-18600	-18600	22	21	0	9	8	20	11	36	2	10454256	6075	4775	148	1925	4244	4632	2536	13292	512	
FL	-18800	-18800	24	23	0	5	8	18	5	34	1	10427112	6075	4775	148	1925	4244	4632	2536	13292	512	
FL	-19000	-19000	21	24	0	3	6	17	6	33	0	10401766	6075	4775	148	1925	4244	4632	2536	13292	512	
FL	-19200	-19200	20	21	0	4	7	17	7	36	0	10376988	6075	4775	148	1925	4244	4632	2536	13292	512	
FL	-19400	-19400	16	23	0	3	11	15	7	38	0	10351727	6075	4775	148	1925	4244	4632	2536	13292	512	
FL	-19600	-19600	20	20	0	2	13	16	7	43	0	10325573	6075	4775	148	1925	4244	4632	2536	13292	512	
FL	-19800	-19800	20	21	0	3	14	20	6	42	0	10297771	6075	4775	148	1925	4244	4632	2536	13292	512	
FL	-20000	-20000	22	20	0	2	11	21	8	45	0	10267484	6075	4775	148	1925	4244	4632	2536	13292	512	
FL	-20200	-20200	21	21	0	3	10	28	9	40	1	10238448	6075	4775	148	1925	4244	4632	2536	13292	512	
FL	-20400	-20400	19	17	0	4	10	30	8	39	1	10210501	6075	4775	148	1925	4244	4632	2536	13292	512	
FL	-20600	-20600	18	12	0	3	9	29	6	32	1	10181930	6075	4775	148	1925	4244	4632	2536	13292	512	
FL	-20800	-20800	14	9	0	6	6	29	8	38	2	10154494	6075	4775	148	1925	4244	4632	2536	13292	512	
FL	-21000	-21000	16	7	0	8	4	26	12	46	2	10128425	6075	4775	148	1925	4244	4632	2536	13292	512	
FL	-21200	-21200	19	9	0	7	4	29	9	45	2	10103002	6075	4775	148	1925	4244	4632	2536	13292	512	
FL	-21400	-21400	22	11	0	7	4	30	8	42	1	10077501	6075	4775	148	1925	4244	4632	2536	13292	512	
FL	-21600	-21600	22	11	0	8	6	29	7	42	1	10050879	6075	4775	148	1925	4244	4632	2536	13292	512	
FL	-21800	-21800	22	12	0	5	6	23	7	42	1	10027249	6075	4775	148	1925	4244	4632	2536	13292	512	
FL	-22000	-22000	19	13	0	2	7	22	11	44	0	10003204	6075	4775	148	1925	4244	4632	2536	13292	512	
FL	-22200	-22200	13	14	0	1	9	22	11	47	0	9980621	6075	4775	148	1925	4244	4632	2536	13292	512	
FL	-22400	-22400	14	19	0	0	10	16	12	41	0	9958680	6075	4775	148	1925	4244	4632	2536	13292	512	
FL	-22600	-22600	17	17	0	1	11	18	13	37	0	9936915	6075	4775	148	1925	4244	4632	2536	13292	512	
FL	-22800	-22800	19	18	0	4	11	19	14	37	0	9914756	6075	4775	148	1925	4244	4632	2536	13292	512	
FL	-23000	-23000	17	18	0	4	10	21	15	32	0	9889779	6075	4775	148	1925	4244	4632	2536	13292	512	
FL	-23200	-23200	23	16	0	4	8	21	14	29	0	9865181	6075	4775	148	1925	4244	4632	2536	13292	512	
FL	-23400	-23400	23	15	0	4	11	21	11	30	0	9841523	6075	4775	148	1925	4244	4632	2536	13292	512	
FL	-23600	-23600	31	12	0	5	7	17	10	32	0	9818518	6075	4775	148	1925	4244	4632	2536	13292	512	
FL	-23800	-23800	28	13	0	1	5	21	6	36	0	9794321	6075	4775	148	1925	4244	4632	2536	13292	512	
FL	-24000	-24000	30	17	2	0	3	23	3	36	0	9769436	6075	4775	148	1925	4244	4632	2536	13292	512	
FL	-24200	-24200	25	17	3	0	4	25	2	40	0	9745410	6075	4775	148	1925	4244	4632	2536	13292	512	
FL	-24400	-24400	30	17	3	0	3	20	2	38	0	9724286	6075	4775	148	1925	4244	4632	2536	13292	512	
FL	-24600	-24600	23	18	3	0	3	20	3	43	0	9703444	6075	4775	148	1925	4244	4632	2536	13292	512	
FL	-24800	-24800	24	16	3	0	5	18	2	38	0	9682076	6075	4775	148	1925	4244	4632	2536	13292	512	
FL	-25000	-25000	25	12	2	0	7	19	3	33	0	9660313	6075	4775	148	1925	4244	4632	2536	13292	512	
FL	-25200	-25200	24	12	2	0	6	24	3	33	1	9636155	6075	4775	148	1925	4244	4632	2536	13292	512	
FL	-25400	-25400	22	10	1	1	5	28	4	33	1	9611453	6075	4775	148	1925	4244	4632	2536	13292	512	
FL	-25600	-25600	20	15	1	1	5	23	6	34	1	9586078	6075	4775	148	1925	4244	4632	2536	13292	512	
FL	-25800	-25800	20	14	1	1	5	24	7	32	0	9559536	6075	4775	148	1925	4244	4632	2536	13292	512	
FL	-26000	-26000	22	15	1	1	5	20	5	36	0	9532559	6075	4775	148	1925	4244	4632	2536	13292	512	
FL	-26200	-26200	24	16	1	2	5	24	10	35	0	9506515	6075	4775	148	1925	4244	4632	2536	13292	512	
FL	-26400	-26400	27	14	1	1	5	18	11	32	0	9481185	6075	4775	148	1925	4244	4632	2536	13292	512	
FL	-26600	-26600	31	13	1	2	5	19	12	33	1	9456728	6075	4775	148	1925	4244	4632	2536	13292	512	
FL	-26800	-26800	28	12	1	2	4	18	13	34	1	9432119	6075	4775	148	1925	4244	4632	2536	13292	512	
FL	-27000	-27000	25	9	1	3	7	18	14	42	1	9408238	6075	4775	148	1925	4244	4632	2536	13292	512	
FL	-27200	-27200	23	10	1	4	6	17	14	42	0	9385080	6075	4775	148	1925	4244	4632	2536	13292	512	
FL	-27400	-27400	24	12	0	3	7	18	10	38	0	9362739	6075	4775	148	1925	4244	4632	2536	13292	512	
FL	-27600	-27600	24	15	0	2	8	21	12	39	0	9340063	6075	4775	148	1925	4244	4632	2536	13292	512	
FL	-27800	-27800	23	14	0	2	7	21	14	34	0	9318050	6075	4775	148	1925	4244	4632	2536	13292	512	
FL	-28000	-28000	25	10	0	2	2	19	15	34	0	9295707	6075	4775	148	1925	4244	4632	2536	13292	512	
FL	-28200	-28200	21	17	0	3	4	23	13	36	0	9273079	6075	4775	148	1925	4244	4632	2536	13292	512	
FL	-28400	-28400	19	16	0	3	5	21	11	34	0	9249263	6075	4775	148	1925	4244	4632	2536	13292	512	
FL	-28600	-28600	16	12	0	3	6	21	6	35	0	9225086	6075	4775	148	1925	4244	4632	2536	13292	512	
FL	-28800	-28800	19	13	0	3	9	21	6	27	0	9200832	6075	4775	148	1925	4244	4632	2536	13292	512	
FL	-29000	-29000	21	10	0	2	10	20	6	25	0	9177050	6075	4775	148	1925	4244	4632	2536	13292	512	
FL	-29200	-29200	18	8	0	3	9	15	7	29	0	9153771	6075	4775	148	1925	4244	4632	2536	13292	512	
FL	-29400	-29400	22	8	0	4	10	18	7	29	1	9132811	6075	4775	148	1925	4244	4632	2536	13292	512	
FL	-29600	-29600	24	10	0	4	10	20	8	25	2	9114048	6075	4775	148	1925	4244	4632	2536	13292	512	
FL	-29800	-29800	26	12	0	5	12	23	7	22	3	9095526	6075	4775	148	1925	4244	4632	2536	13292	512	
FL	-30000	-30000	25	12	0	5	13	22	5	27	2	9077786	6075	4775	148	1925	4244	4632	2536	13292	512	
FL	-30200	-30200	24	12	0	6	12	15	3	24	1	9058601	6075	4775	148	1925	4244	4632	2536	13292	512	
FL	-30400	-30400	24	11	0	7	14	12	4	26	1	9037976	6075	4775	148	1925	4244	4632	2536	13292	512	
FL	-30600	-30600	23	14	0	5	12	11	9	32	0	9016812	6075	4775	148	1925	4244	4632	2536	13292	512	
FL	-30800	-30800	25	14	0	5	12	17	8	28	0	8996337	6075	4775	148	1925	4244	4632	2536	13292	512	
FL	-31000	-31000	24	10	0	2	10	15	10	31	1	8974695	6075	4775	148	1925	4244	4632	2536	13292	512	
FL	-31200	-31200	21	15	0	1	12	12	11	33	1	8952657	6075	4775	148	1925	4244	4632	2536	13292	512	
FL	-31400	-31400	19	16	0	1	13	14	9	36	1	8932036	6075	4775	148	1925	4244	4632	2536	13292	512	
FL	-31600	-31600	22	16	0	1	15	14	7	33	1	8911913	6075	4775	148	1925	4244	4632	2536	13292	512	
FL	-31800	-31800	23	14	0	2	11	12	8	37	0	8891217	6075	4775	148	1925	4244	4632	2536	13292	512	
FL	-32000	-32000	21	14	0	2	8	16	7	38	0	8868610	6075	4775	148	1925	4244	4632	2536	13292	512	
FL	-32200	-32200	20	19	0	1	7	18	7	34	1	8846576	6075	4775	148	1925	4244	4632	2536	13292	512	
FL	-32400	-32400	19	19	0	1	8	17	7	31	1	8823990	6075	4775	148	1925	4244	4632	2536	13292	512	
FL	-32600	-32600	19	18	0	2	9	13	6	33	1	8799688	6075	4775	148	1925	4244	4632	2536	13292	512	
FL	-32800	-32800	21	16	0	4	9	16	6	33	0	8775267	6075	4775	148	1925	4244	4632	2536	13292	512	
FL	-33000	-33000	19	16	0	2	9	20	5	34	0	8753176	6075	4775	148	1925	4244	4632	2536	13292	512	
FL	-33200	-33200	23	13	0	5	6	19	6	35	0	8732724	6075	4775	148	1925	4244	4632	2536	13292	512	
FL	-33400	-33400	23	13	0	5	5	21	7	33	0	8713689	6075	4775	148	1925	4244	4632	2536	13292	512	
FL	-33600	-33600	24	14	0	3	7	20	9	31	0	8694702	6075	4775	148	1925	4244	4632	2536	13292	512	
FL	-33800	-33800	24	13	1	4	4	20	10	30	0	8675994	6075	4775	148	1925	4244	4632	2536	13292	512	
FL	-34000	-34000	25	14	1	5	4	18	8	26	0	8656739	6075	4775	148	1925	4244	4632	2536	13292	512	
FL	-34200	-34200	26	13	1	1	4	17	8	23	1	8637484	6075	4775	148	1925	4244	4632	2536	13292	512	
FL	-34400	-34400	26	12	1	0	5	15	10	26	3	8620106	6075	4775	148	1925	4244	4632	2536	13292	512	
FL	-34600	-34600	24	10	1	1	11	19	11	29	3	8603511	6075	4775	148	1925	4244	4632	2536	13292	512	
FL	-34800	-34800	25	17	1	1	8	22	11	23	3	8586704	6075	4775	148	1925	4244	4632	2536	13292	512	
FL	-35000	-35000	24	17	1	2	8	24	7	25	3	8569961	6075	4775	148	1925	4244	4632	2536	13292	512	
FL	-35200	-35200	25	15	0	1	10	23	5	24	2	8553204	6075	4775	148	1925	4244	4632	2536	13292	512	
FL	-35400	-35400	31	16	0	2	8	29	4	22	2	8536011	6075	4775	148	1925	4244	4632	2536	13292	512	
FL	-35600	-35600	29	16	0	2	6	21	5	22	2	8518241	6075	4775	148	1925	4244	4632	2536	13292	512	
FL	-35800	-35800	27	15	0	3	5	20	9	25	1	8499959	6075	4775	148	1925	4244	4632	2536	13292	512	
FL	-36000	-36000	24	14	0	2	5	16	8	19	1	8480633	6075	4775	148	1925	4244	4632	2536	13292	512	
FL	-36200	-36200	23	17	0	2	6	14	10	22	1	8461487	6075	4775	148	1925	4244	4632	2536	13292	512	
FL	-36400	-36400	13	16	0	2	5	17	9	25	2	8443571	6075	4775	148	1925	4244	4632	2536	13292	512	
FL	-36600	-36600	12	16	0	5	5	14	7	28	2	8425696	6075	4775	148	1925	4244	4632	2536	13292	512	
FL	-36800	-36800	13	16	0	5	6	11	7	31	3	8407735	6075	4775	148	1925	4244	4632	2536	13292	512	
FL	-37000	-37000	15	15	0	7	6	12	6	28	3	8389445	6075	4775	148	1925	4244	4632	2536	13292	512	
FL	-37200	-37200	15	13	0	7	9	11	7	28	3	8372916	6075	4775	148	1925	4244	4632	2536	13292	512	
FL	-37400	-37400	18	13	0	6	8	13	5	22	2	8356903	6075	4775	148	1925	4244	4632	2536	13292	512	
FL	-37600	-37600	15	13	0	4	5	13	6	20	2	8340152	6075	4775	148	1925	4244	4632	2536	13292	512	
FL	-37800	-37800	13	15	0	3	7	9	8	21	2	8323977	6075	4775	148	1925	4244	4632	2536	13292	512	
FL	-38000	-38000	10	16	0	2	9	10	8	26	1	8307600	6075	4775	148	1925	4244	4632	2536	13292	512	
FL	-38200	-38200	14	19	0	2	10	9	8	26	1	8290581	6075	4775	148	1925	4244	4632	2536	13292	512	
FL	-38400	-38400	14	14	0	3	8	15	7	31	1	8272538	6075	4775	148	1925	4244	4632	2536	13292	512	
FL	-38600	-38600	10	17	0	3	10	14	6	33	1	8255542	6075	4775	148	1925	4244	4632	2536	13292	512	
FL	-38800	-38800	13	12	1	2	10	17	6	32	1	8238583	6075	4775	148	1925	4244	4632	2536	13292	512	
FL	-39000	-39000	12	14	2	2	11	17	5	37	1	8219632	6075	4775	148	1925	4244	4632	2536	13292	512	
FL	-39200	-39200	15	11	1	2	9	20	7	34	0	8201793	6075	4775	148	1925	4244	4632	2536	13292	512	
FL	-39400	-39400	13	11	2	3	13	19	7	31	0	8185528	6075	4775	148	1925	4244	4632	2536	13292	512	
FL	-39600	-39600	13	11	2	2	12	15	6	32	0	8169615	6075	4775	148	1925	4244	4632	2536	13292	512	
FL	-39800	-39800	15	12	2	3	11	15	4	29	0	8153695	6075	4775	148	1925	4244	4632	2536	13292	512	
FL	-40000	-40000	15	10	1	1	15	13	2	29	0	8138427	6075	4775	148	1925	4244	4632	2536	13292	512	
FL	-40200	-40200	16	7	1	2	13	18	2	33	0	8122870	6075	4775	148	1925	4244	4632	2536	13292	512	
FL	-40400	-40400	20	7	1	4	13	19	4	33	0	8107302	6075	4775	148	1925	4244	4632	2536	13292	512	
FL	-40600	-40600	26	7	1	2	8	19	4	41	1	8091836	6075	4775	148	1925	4244	4632	2536	13292	512	
FL	-40800	-40800	26	5	1	2	9	15	2	37	1	8075206	6075	4775	148	1925	4244	4632	2536	13292	512	
FL	-41000	-41000	24	8	1	3	7	9	1	33	1	8058254	6075	4775	148	1925	4244	4632	2536	13292	512	
FL	-41200	-41200	25	9	1	5	8	9	2	37	0	8041751	6075	4775	148	1925	4244	4632	2536	13292	512	
FL	-41400	-41400	30	11	1	1	8	8	2	38	0	8026101	6075	4775	148	1925	4244	4632	2536	13292	512	
FL	-41600	-41600	33	10	1	2	7	7	3	33	1	8009463	6075	4775	148	1925	4244	4632	2536	13292	512	
FL	-41800	-41800	32	7	0	1	7	9	3	31	1	7992743	6075	4775	148	1925	4244	4632	2536	13292	512	
FL	-42000	-42000	29	9	0	0	7	14	3	32	0	7976899	6075	4775	148	1925	4244	4632	2536	13292	512	
FL	-42200	-42200	27	12	0	1	5	16	4	24	0	7958322	6075	4775	148	1925	4244	4632	2536	13292	512	
FL	-42400	-42400	28	12	0	6	3	19	2	22	1	7940255	6075	4775	148	1925	4244	4632	2536	13292	512	
FL	-42600	-42600	25	12	0	7	2	16	3	21	1	7924202	6075	4775	148	1925	4244	4632	2536	13292	512	
FL	-42800	-42800	23	12	0	9	1	14	3	22	1	7909302	6075	4775	148	1925	4244	4632	2536	13292	512	
FL	-43000	-43000	26	14	0	6	0	15	5	23	1	7893618	6075	4775	148	1925	4244	4632	2536	13292	512	
FL	-43200	-43200	22	16	0	6	0	9	2	23	1	7878385	6075	4775	148	1925	4244	4632	2536	13292	512	
FL	-43400	-43400	22	19	0	4	1	10	3	23	1	7862302	6075	4775	148	1925	4244	4632	2536	13292	512	
FL	-43600	-43600	21	17	0	4	5	10	1	23	2	7844729	6075	4775	148	1925	4244	4632	2536	13292	512	
FL	-43800	-43800	17	17	0	5	5	11	5	27	1	7827174	6075	4775	148	1925	4244	4632	2536	13292	512	
FL	-44000	-44000	19	15	0	5	7	16	6	28	1	7809404	6075	4775	148	1925	4244	4632	2536	13292	512	
FL	-44200	-44200	18	16	0	4	6	12	5	28	0	7792257	6075	4775	148	1925	4244	4632	2536	13292	512	
FL	-44400	-44400	17	11	1	2	7	14	3	30	0	7775828	6075	4775	148	1925	4244	4632	2536	13292	512	
FL	-44600	-44600	15	11	2	3	6	12	3	29	0	7760150	6075	4775	148	1925	4244	4632	2536	13292	512	
FL	-44800	-44800	14	7	2	3	6	9	6	27	1	7744090	6075	4775	148	1925	4244	4632	2536	13292	512	
FL	-45000	-45000	13	5	2	2	4	11	7	23	2	7728149	6075	4775	148	1925	4244	4632	2536	13292	512	
FL	-45200	-45200	16	9	0	3	3	10	5	26	1	7711797	6075	4775	148	1925	4244	4632	2536	13292	512	
FL	-45400	-45400	17	11	1	2	5	12	3	27	1	7694707	6075	4775	148	1925	4244	4632	2536	13292	512	
FL	-45600	-45600	15	11	1	1	5	13	4	28	2	7676730	6075	4775	148	1925	4244	4632	2536	13292	512	
FL	-45800	-45800	19	10	2	2	7	16	4	27	1	7658917	6075	4775	148	1925	4244	4632	2536	13292	512	
FL	-46000	-46000	26	12	2	5	9	12	5	19	1	7639628	6075	4775	148	1925	4244	4632	2536	13292	512	
FL	-46200	-46200	26	12	3	3	5	12	5	22	1	7620022	6075	4775	148	1925	4244	4632	2536	13292	512	
FL	-46400	-46400	25	11	3	4	5	10	5	25	1	7601456	6075	4775	148	1925	4244	4632	2536	13292	512	
FL	-46600	-46600	22	8	4	6	5	10	6	21	1	7584534	6075	4775	148	1925	4244	4632	2536	13292	512	
FL	-46800	-46800	22	9	1	6	3	14	4	23	1	7568798	6075	4775	148	1925	4244	4632	2536	13292	512	
FL	-47000	-47000	19	12	1	4	3	11	3	20	1	7554210	6075	4775	148	1925	4244	4632	2536	13292	512	
FL	-47200	-47200	19	11	1	4	4	10	4	22	2	7539006	6075	4775	148	1925	4244	4632	2536	13292	512	
FL	-47400	-47400	18	10	0	3	3	13	4	23	2	7523961	6075	4775	148	1925	4244	4632	2536	13292	512	
FL	-47600	-47600	21	11	0	2	4	11	4	21	2	7509983	6075	4775	148	1925	4244	4632	2536	13292	512	
FL	-47800	-47800	16	13	0	3	5	9	3	17	1	7494775	6075	4775	148	1925	4244	4632	2536	13292	512	
FL	-48000	-48000	11	13	0	2	6	10	1	20	1	7479501	6075	4775	148	1925	4244	4632	2536	13292	512	
FL	-48200	-48200	17	16	1	3	5	11	0	18	1	7465871	6075	4775	148	1925	4244	4632	2536	13292	512	
FL	-48400	-48400	16	13	1	3	6	15	2	22	0	7452101	6075	4775	148	1925	4244	4632	2536	13292	512	
FL	-48600	-48600	21	17	0	3	10	15	2	21	0	7437566	6075	4775	148	1925	4244	4632	2536	13292	512	
FL	-48800	-48800	20	18	0	2	9	17	3	23	0	7422719	6075	4775	148	1925	4244	4632	2536	13292	512	
FL	-49000	-49000	19	14	0	4	7	16	2	21	0	7408600	6075	4775	148	1925	4244	4632	2536	13292	512	
FL	-49200	-49200	18	13	0	7	8	12	1	24	0	7394697	6075	4775	148	1925	4244	4632	2536	13292	512	
FL	-49400	-49400	19	14	0	4	8	10	4	25	0	7380306	6075	4775	148	1925	4244	4632	2536	13292	512	
FL	-49600	-49600	20	13	0	3	9	9	5	28	0	7366416	6075	4775	148	1925	4244	4632	2536	13292	512	
FL	-49800	-49800	21	15	0	2	8	9	4	27	0	7352636	6075	4775	148	1925	4244	4632	2536	13292	512	
FL	-50000	-50000	19	13	0	2	8	7	8	27	0	7339041	6075	4775	148	1925	4244	4632	2536	13292	512	
FL	-50200	-50200	16	12	0	2	8	11	8	29	0	7325433	6075	4775	148	1925	4244	4632	2536	13292	512	
FL	-50400	-50400	18	14	0	1	7	12	10	29	0	7311808	6075	4775	148	1925	4244	4632	2536	13292	512	
FL	-50600	-50600	19	11	0	1	8	11	10	21	0	7298077	6075	4775	148	1925	4244	4632	2536	13292	512	
FL	-50800	-50800	18	9	0	2	9	13	10	18	0	7285011	6075	4775	148	1925	4244	4632	2536	13292	512	
FL	-51000	-51000	21	10	0	2	12	10	14	23	0	7272568	6075	4775	148	1925	4244	4632	2536	13292	512	
FL	-51200	-51200	21	8	0	4	11	12	15	22	0	7259599	6075	4775	148	1925	4244	4632	2536	13292	512	
FL	-51400	-51400	20	9	0	4	7	13	13	21	1	7245670	6075	4775	148	1925	4244	4632	2536	13292	512	
FL	-51600	-51600	21	14	0	2	8	13	14	18	0	7230238	6075	4775	148	1925	4244	4632	2536	13292	512	
FL	-51800	-51800	17	13	0	4	6	12	15	18	1	7217416	6075	4775	148	1925	4244	4632	2536	13292	512	
FL	-52000	-52000	13	14	0	3	3	11	13	17	1	7203531	6075	4775	148	1925	4244	4632	2536	13292	512	
FL	-52200	-52200	16	13	0	1	4	11	14	17	1	7188235	6075	4775	148	1925	4244	4632	2536	13292	512	
FL	-52400	-52400	16	11	0	2	2	13	11	16	1	7173062	6075	4775	148	1925	4244	4632	2536	13292	512	
FL	-52600	-52600	14	10	0	1	4	13	10	20	1	7158691	6075	4775	148	1925	4244	4632	2536	13292	512	
FL	-52800	-52800	17	15	0	1	5	12	10	23	1	7143630	6075	4775	148	1925	4244	4632	2536	13292	512	
FL	-53000	-53000	18	13	0	1	4	9	8	25	1	7128902	6075	4775	148	1925	4244	4632	2536	13292	512	
FL	-53200	-53200	16	15	0	1	6	9	6	30	0	7114487	6075	4775	148	1925	4244	4632	2536	13292	512	
FL	-53400	-53400	13	16	0	3	3	12	5	28	0	7101048	6075	4775	148	1925	4244	4632	2536	13292	512	
FL	-53600	-53600	9	18	0	3	4	13	5	24	0	7089262	6075	4775	148	1925	4244	4632	2536	13292	512	
FL	-53800	-53800	10	14	0	3	5	14	5	31	0	7075554	6075	4775	148	1925	4244	4632	2536	13292	512	
FL	-54000	-54000	12	15	0	1	6	12	4	26	0	7061154	6075	4775	148	1925	4244	4632	2536	13292	512	
FL	-54200	-54200	15	14	0	1	8	12	4	25	0	7045387	6075	4775	148	1925	4244	4632	2536	13292	512	
FL	-54400	-54400	17	8	0	1	7	10	3	27	0	7030284	6075	4775	148	1925	4244	4632	2536	13292	512	
FL	-54600	-54600	16	11	0	0	8	11	5	27	0	7015261	6075	4775	148	1925	4244	4632	2536	13292	512	
FL	-54800	-54800	16	9	0	0	6	15	3	24	0	7000318	6075	4775	148	1925	4244	4632	2536	13292	512	
FL	-55000	-55000	14	10	0	2	5	15	7	24	0	6986186	6075	4775	148	1925	4244	4632	2536	13292	512	
FL	-55200	-55200	13	9	0	4	5	17	7	21	0	6974349	6075	4775	148	1925	4244	4632	2536	13292	512	
FL	-55400	-55400	14	15	0	3	6	17	9	18	0	6961609	6075	4775	148	1925	4244	4632	2536	13292	512	
FL	-55600	-55600	19	17	0	5	5	16	8	14	1	6949510	6075	4775	148	1925	4244	4632	2536	13292	512	
FL	-55800	-55800	20	17	0	5	6	13	8	14	1	6937336	6075	4775	148	1925	4244	4632	2536	13292	512	
FL	-56000	-56000	17	18	0	4	4	12	6	13	0	6924207	6075	4775	148	1925	4244	4632	2536	13292	512	
FL	-56200	-56200	17	15	0	3	5	9	5	15	0	6910456	6075	4775	148	1925	4244	4632	2536	13292	512	
FL	-56400	-56400	14	18	0	3	6	8	3	13	0	6895428	6075	4775	148	1925	4244	4632	2536	13292	512	
FL	-56600	-56600	14	15	0	3	5	11	6	15	0	6881251	6075	4775	148	1925	4244	4632	2536	13292	512	
FL	-56800	-56800	14	17	0	4	5	11	6	20	0	6867846	6075	4775	148	1925	4244	4632	2536	13292	512	
FL	-57000	-57000	12	13	0	3	5	16	3	19	0	6854001	6075	4775	148	1925	4244	4632	2536	13292	512	
FL	-57200	-57200	8	13	0	3	5	15	5	19	0	6838938	6075	4775	148	1925	4244	4632	2536	13292	512	
FL	-57400	-57400	12	12	0	1	3	14	6	22	0	6823887	6075	4775	148	1925	4244	4632	2536	13292	512	
FL	-57600	-57600	16	14	0	1	4	17	7	23	0	6810592	6075	4775	148	1925	4244	4632	2536	13292	512	
FL	-57800	-57800	16	13	0	1	3	19	4	22	0	6796460	6075	4775	148	1925	4244	4632	2536	13292	512	
FL	-58000	-58000	13	13	0	0	1	20	5	23	1	6780688	6075	4775	148	1925	4244	4632	2536	13292	512	
FL	-58200	-58200	14	9	0	0	6	20	5	25	0	6766303	6075	4775	148	1925	4244	4632	2536	13292	512	
FL	-58400	-58400	18	9	1	0	6	18	4	26	0	6751477	6075	4775	148	1925	4244	4632	2536	13292	512	
FL	-58600	-58600	14	10	1	0	7	16	4	32	0	6737203	6075	4775	148	1925	4244	4632	2536	13292	512	
FL	-58800	-58800	18	10	1	0	9	17	5	26	0	6723104	6075	4775	148	1925	4244	4632	2536	13292	512	
FL	-59000	-59000	18	10	1	1	9	19	6	20	0	6709370	6075	4775	148	1925	4244	4632	2536	13292	512	
FL	-59200	-59200	17	12	1	1	7	17	6	15	0	6696658	6075	4775	148	1925	4244	4632	2536	13292	512	
FL	-59400	-59400	16	11	1	2	5	17	6	14	0	6684174	6075	4775	148	1925	4244	4632	2536	13292	512	
FL	-59600	-59600	21	10	1	1	7	19	5	12	0	6670189	6075	4775	148	1925	4244	4632	2536	13292	512	
FL	-59800	-59800	24	9	0	3	5	22	6	17	0	6656195	6075	4775	148	1925	4244	4632	2536	13292	512	
FL	-60000	-60000	24	10	0	2	8	23	5	22	0	6642312	6075	4775	148	1925	4244	4632	2536	13292	512	
FL	-60200	-60200	23	10	0	1	10	19	6	23	0	6629401	6075	4775	148	1925	4244	4632	2536	13292	512	
FL	-60400	-60400	19	9	1	3	10	21	6	30	3	6617437	6075	4775	148	1925	4244	4632	2536	13292	512	
FL	-60600	-60600	19	8	1	2	9	18	11	33	2	6605221	6075	4775	148	1925	4244	4632	2536	13292	512	
FL	-60800	-60800	19	10	1	2	10	15	9	34	1	6592920	6075	4775	148	1925	4244	4632	2536	13292	512	
FL	-61000	-61000	18	11	1	2	9	17	8	37	1	6579904	6075	4775	148	1925	4244	4632	2536	13292	512	
FL	-61200	-61200	15	11	1	3	9	20	6	35	1	6567415	6075	4775	148	1925	4244	4632	2536	13292	512	
FL	-61400	-61400	9	8	0	4	8	17	4	33	1	6554751	6075	4775	148	1925	4244	4632	2536	13292	512	
FL	-61600	-61600	12	8	1	2	6	13	6	27	0	6540852	6075	4775	148	1925	4244	4632	2536	13292	512	
FL	-61800	-61800	12	8	1	2	5	9	6	26	0	6526794	6075	4775	148	1925	4244	4632	2536	13292	512	
FL	-62000	-62000	15	9	1	2	3	12	7	25	1	6512918	6075	4775	148	1925	4244	4632	2536	13292	512	
FL	-62200	-62200	12	12	1	2	6	13	8	24	0	6498805	6075	4775	148	1925	4244	4632	2536	13292	512	
FL	-62400	-62400	10	11	1	1	6	11	6	23	0	6484309	6075	4775	148	1925	4244	4632	2536	13292	512	
FL	-62600	-62600	13	13	0	1	8	11	5	18	0	6470379	6075	4775	148	1925	4244	4632	2536	13292	512	
FL	-62800	-62800	12	13	1	1	7	10	5	19	0	6456841	6075	4775	148	1925	4244	4632	2536	13292	512	
FL	-63000	-63000	15	13	1	1	8	11	8	18	0	6443489	6075	4775	148	1925	4244	4632	2536	13292	512	
FL	-63200	-63200	16	12	1	1	7	13	8	13	0	6429854	6075	4775	148	1925	4244	4632	2536	13292	512	
FL	-63400	-63400	19	14	1	0	8	12	7	14	1	6416043	6075	4775	148	1925	4244	4632	2536	13292	512	
FL	-63600	-63600	18	14	0	1	11	9	5	17	0	6402864	6075	4775	148	1925	4244	4632	2536	13292	512	
FL	-63800	-63800	24	14	0	3	7	12	6	17	0	6389685	6075	4775	148	1925	4244	4632	2536	13292	512	
FL	-64000	-64000	25	13	0	7	7	10	4	25	0	6377513	6075	4775	148	1925	4244	4632	2536	13292	512	
FL	-64200	-64200	23	14	0	7	9	11	4	21	0	6365026	6075	4775	148	1925	4244	4632	2536	13292	512	
FL	-64400	-64400	26	16	0	8	6	10	3	17	0	6352073	6075	4775	148	1925	4244	4632	2536	13292	512	
FL	-64600	-64600	18	14	0	6	5	8	5	19	0	6338808	6075	4775	148	1925	4244	4632	2536	13292	512	
FL	-64800	-64800	14	12	0	4	7	5	6	20	0	6324994	6075	4775	148	1925	4244	4632	2536	13292	512	
FL	-65000	-65000	12	12	1	7	3	6	6	20	0	6312641	6075	4775	148	1925	4244	4632	2536	13292	512	
FL	-65200	-65200	17	13	2	8	4	6	7	19	0	6301560	6075	4775	148	1925	4244	4632	2536	13292	512	
FL	-65400	-65400	18	12	1	4	3	5	8	22	1	6291174	6075	4775	148	1925	4244	4632	2536	13292	512	
FL	-65600	-65600	20	9	0	4	5	10	10	25	1	6281425	6075	4775	148	1925	4244	4632	2536	13292	512	
FL	-65800	-65800	20	9	0	6	3	10	10	23	1	6272165	6075	4775	148	1925	4244	4632	2536	13292	512	
FL	-66000	-66000	20	9	2	7	5	11	8	23	1	6262935	6075	4775	148	1925	4244	4632	2536	13292	512	
FL	-66200	-66200	22	10	0	5	7	9	7	23	1	6253711	6075	4775	148	1925	4244	4632	2536	13292	512	
FL	-66400	-66400	21	10	0	2	6	12	6	17	1	6244131	6075	4775	148	1925	4244	4632	2536	13292	512	
FL	-66600	-66600	21	13	0	2	6	13	9	18	1	6234841	6075	4775	148	1925	4244	4632	2536	13292	512	
FL	-66800	-66800	15	11	0	4	5	13	9	19	0	6225964	6075	4775	148	1925	4244	4632	2536	13292	512	
FL	-67000	-67000	13	12	0	5	5	13	10	20	0	6216854	6075	4775	148	1925	4244	4632	2536	13292	512	
FL	-67200	-67200	14	6	0	5	4	14	10	26	0	6206480	6075	4775	148	1925	4244	4632	2536	13292	512	
FL	-67400	-67400	18	6	0	5	5	11	11	25	0	6195067	6075	4775	148	1925	4244	4632	2536	13292	512	
FL	-67600	-67600	17	6	0	4	4	9	9	26	0	6184155	6075	4775	148	1925	4244	4632	2536	13292	512	
FL	-67800	-67800	18	9	0	5	5	11	9	22	0	6173314	6075	4775	148	1925	4244	4632	2536	13292	512	
FL	-68000	-68000	19	7	0	3	4	10	6	19	0	6162702	6075	4775	148	1925	4244	4632	2536	13292	512	
FL	-68200	-68200	17	4	0	3	3	10	4	19	0	6151553	6075	4775	148	1925	4244	4632	2536	13292	512	
FL	-68400	-68400	16	8	0	2	3	14	5	19	0	6138942	6075	4775	148	1925	4244	4632	2536	13292	512	
FL	-68600	-68600	18	5	0	3	2	14	4	16	0	6125043	6075	4775	148	1925	4244	4632	2536	13292	512	
FL	-68800	-68800	16	5	1	4	4	16	5	22	0	6112453	6075	4775	148	1925	4244	4632	2536	13292	512	
FL	-69000	-69000	18	5	1	3	4	18	4	20	0	6099882	6075	4775	148	1925	4244	4632	2536	13292	512	
FL	-69200	-69200	20	4	1	3	4	14	5	20	0	6088732	6075	4775	148	1925	4244	4632	2536	13292	512	
FL	-69400	-69400	16	6	1	4	4	14	6	19	0	6078309	6075	4775	148	1925	4244	4632	2536	13292	512	
FL	-69600	-69600	16	11	1	1	3	15	6	18	0	6068430	6075	4775	148	1925	4244	4632	2536	13292	512	
FL	-69800	-69800	16	14	1	2	3	14	7	18	0	6059259	6075	4775	148	1925	4244	4632	2536	13292	512	
FL	-70000	-70000	11	12	1	3	6	11	6	18	1	6049186	6075	4775	148	1925	4244	4632	2536	13292	512	
FL	-70200	-70200	10	11	1	6	5	13	6	20	2	6039817	6075	4775	148	1925	4244	4632	2536	13292	512	
FL	-70400	-70400	9	7	1	5	4	12	4	18	2	6029860	6075	4775	148	1925	4244	4632	2536	13292	512	
FL	-70600	-70600	11	6	1	4	3	9	3	20	2	6021476	6075	4775	148	1925	4244	4632	2536	13292	512	
FL	-70800	-70800	8	6	0	7	3	9	4	22	0	6012520	6075	4775	148	1925	4244	4632	2536	13292	512	
FL	-71000	-71000	11	8	0	6	6	9	3	19	0	6004867	6075	4775	148	1925	4244	4632	2536	13292	512	
FL	-71200	-71200	12	6	0	5	3	9	3	21	0	5998001	6075	4775	148	1925	4244	4632	2536	13292	512	
FL	-71400	-71400	14	6	0	6	4	7	3	19	0	5990279	6075	4775	148	1925	4244	4632	2536	13292	512	
FL	-71600	-71600	17	7	0	7	4	8	3	18	0	5982849	6075	4775	148	1925	4244	4632	2536	13292	512	
FL	-71800	-71800	13	10	0	4	4	9	2	17	0	5974864	6075	4775	148	1925	4244	4632	2536	13292	512	
FL	-72000	-72000	17	8	0	5	5	9	2	13	0	5966217	6075	4775	148	1925	4244	4632	2536	13292	512	
FL	-72200	-72200	17	10	0	4	5	10	1	16	0	5956487	6075	4775	148	1925	4244	4632	2536	13292	512	
FL	-72400	-72400	16	9	0	6	5	14	2	11	1	5947673	6075	4775	148	1925	4244	4632	2536	13292	512	
FL	-72600	-72600	12	5	0	5	7	12	2	15	1	5938535	6075	4775	148	1925	4244	4632	2536	13292	512	
FL	-72800	-72800	15	4	0	5	10	12	4	13	2	5929331	6075	4775	148	1925	4244	4632	2536	13292	512	
FL	-73000	-73000	13	2	0	4	9	11	4	12	2	5919271	6075	4775	148	1925	4244	4632	2536	13292	512	
FL	-73200	-73200	17	5	0	5	7	14	4	13	1	5909613	6075	4775	148	1925	4244	4632	2536	13292	512	
FL	-73400	-73400	15	8	0	4	6	9	3	14	1	5899072	6075	4775	148	1925	4244	4632	2536	13292	512	
FL	-73600	-73600	16	8	0	5	4	10	3	20	1	5887915	6075	4775	148	1925	4244	4632	2536	13292	512	
FL	-73800	-73800	13	7	0	4	6	7	2	20	1	5877139	6075	4775	148	1925	4244	4632	2536	13292	512	
FL	-74000	-74000	12	9	0	4	9	8	3	26	2	5866389	6075	4775	148	1925	4244	4632	2536	13292	512	
FL	-74200	-74200	12	7	0	3	9	8	2	28	1	5856325	6075	4775	148	1925	4244	4632	2536	13292	512	
FL	-74400	-74400	11	7	0	3	8	10	4	25	1	5846069	6075	4775	148	1925	4244	4632	2536	13292	512	
FL	-74600	-74600	10	9	0	4	7	11	4	23	1	5836395	6075	4775	148	1925	4244	4632	2536	13292	512	
FL	-74800	-74800	11	8	0	4	4	13	4	22	0	5828012	6075	4775	148	1925	4244	4632	2536	13292	512	
FL	-75000	-75000	9	8	0	5	3	14	4	20	0	5819603	6075	4775	148	1925	4244	4632	2536	13292	512	
FL	-75200	-75200	9	12	0	7	2	13	4	17	0	5810707	6075	4775	148	1925	4244	4632	2536	13292	512	
FL	-75400	-75400	9	10	0	6	3	12	5	15	0	5801725	6075	4775	148	1925	4244	4632	2536	13292	512	
FL	-75600	-75600	7	6	0	6	3	11	3	15	0	5792817	6075	4775	148	1925	4244	4632	2536	13292	512	
FL	-75800	-75800	9	6	0	5	4	11	3	14	0	5782528	6075	4775	148	1925	4244	4632	2536	13292	512	
FL	-76000	-76000	10	7	0	3	4	8	3	15	1	5772833	6075	4775	148	1925	4244	4632	2536	13292	512	
FL	-76200	-76200	10	11	0	3	5	9	2	17	0	5764506	6075	4775	148	1925	4244	4632	2536	13292	512	
FL	-76400	-76400	11	12	0	4	7	11	0	17	0	5755668	6075	4775	148	1925	4244	4632	2536	13292	512	
FL	-76600	-76600	8	14	0	3	5	11	1	12	0	5747729	6075	4775	148	1925	4244	4632	2536	13292	512	
FL	-76800	-76800	10	14	0	3	5	13	2	13	0	5741954	6075	4775	148	1925	4244	4632	2536	13292	512	
FL	-77000	-77000	9	13	0	3	5	13	2	13	0	5732299	6075	4775	148	1925	4244	4632	2536	13292	512	
FL	-77200	-77200	13	12	0	2	4	12	4	13	0	5722098	6075	4775	148	1925	4244	4632	2536	13292	512	
FL	-77400	-77400	14	11	0	2	5	10	3	12	0	5713739	6075	4775	148	1925	4244	4632	2536	13292	512	
FL	-77600	-77600	16	15	0	2	6	10	3	16	1	5705553	6075	4775	148	1925	4244	4632	2536	13292	512	
FL	-77800	-77800	12	10	0	2	8	11	6	12	1	5697336	6075	4775	148	1925	4244	4632	2536	13292	512	
FL	-78000	-78000	11	9	0	2	5	10	5	13	0	5689014	6075	4775	148	1925	4244	4632	2536	13292	512	
FL	-78200	-78200	14	7	0	2	4	9	6	15	0	5682158	6075	4775	148	1925	4244	4632	2536	13292	512	
FL	-78400	-78400	12	9	0	2	5	9	4	14	0	5674602	6075	4775	148	1925	4244	4632	2536	13292	512	
FL	-78600	-78600	10	8	0	2	2	9	4	15	0	5667711	6075	4775	148	1925	4244	4632	2536	13292	512	
FL	-78800	-78800	10	10	0	0	3	12	5	19	1	5660644	6075	4775	148	1925	4244	4632	2536	13292	512	
FL	-79000	-79000	14	10	0	1	5	9	4	16	1	5653526	6075	4775	148	1925	4244	4632	2536	13292	512	
FL	-79200	-79200	13	10	0	1	4	10	4	13	1	5645692	6075	4775	148	1925	4244	4632	2536	13292	512	
FL	-79400	-79400	14	10	0	1	8	10	5	13	0	5638577	6075	4775	148	1925	4244	4632	2536	13292	512	
FL	-79600	-79600	9	8	0	1	6	9	5	15	0	5629640	6075	4775	148	1925	4244	4632	2536	13292	512	
FL	-79800	-79800	9	11	0	3	7	8	6	17	0	5621090	6075	4775	148	1925	4244	4632	2536	13292	512	
FL	-80000	-80000	8	10	0	3	6	9	6	22	0	5612969	6075	4775	148	1925	4244	4632	2536	13292	512	
FL	-80200	-80200	8	10	0	3	6	8	4	25	0	5604715	6075	4775	148	1925	4244	4632	2536	13292	512	
FL	-80400	-80400	10	12	0	4	5	7	7	26	0	5596986	6075	4775	148	1925	4244	4632	2536	13292	512	
FL	-80600	-80600	12	9	0	4	5	8	6	23	0	5589176	6075	4775	148	1925	4244	4632	2536	13292	512	
FL	-80800	-80800	12	8	0	3	6	7	6	25	1	5581184	6075	4775	148	1925	4244	4632	2536	13292	512	
FL	-81000	-81000	12	9	0	2	5	10	5	26	1	5570926	6075	4775	148	1925	4244	4632	2536	13292	512	
FL	-81200	-81200	13	9	0	2	6	13	5	23	0	5559906	6075	4775	148	1925	4244	4632	2536	13292	512	
FL	-81400	-81400	12	10	0	2	5	12	5	23	0	5549950	6075	4775	148	1925	4244	4632	2536	13292	512	
FL	-81600	-81600	12	9	0	3	2	12	5	25	0	5540560	6075	4775	148	1925	4244	4632	2536	13292	512	
FL	-81800	-81800	15	9	0	3	1	14	3	27	1	5531666	6075	4775	148	1925	4244	4632	2536	13292	512	
FL	-82000	-82000	16	3	0	4	3	10	3	22	1	5523515	6075	4775	148	1925	4244	4632	2536	13292	512	
FL	-82200	-82200	9	2	0	5	3	6	6	22	1	5514127	6075	4775	148	1925	4244	4632	2536	13292	512	
FL	-82400	-82400	8	5	0	3	1	8	6	21	1	5503987	6075	4775	148	1925	4244	4632	2536	13292	512	
FL	-82600	-82600	9	8	0	3	1	13	8	21	0	5495213	6075	4775	148	1925	4244	4632	2536	13292	512	
FL	-82800	-82800	10	9	0	3	1	12	6	20	0	5488127	6075	4775	148	1925	4244	4632	2536	13292	512	
FL	-83000	-83000	12	11	0	3	1	14	8	17	0	5481074	6075	4775	148	1925	4244	4632	2536	13292	512	
FL	-83200	-83200	12	11	0	3	1	12	10	14	0	5474263	6075	4775	148	1925	4244	4632	2536	13292	512	
FL	-83400	-83400	13	12	0	2	2	8	8	16	0	5467000	6075	4775	148	1925	4244	4632	2536	13292	512	
FL	-83600	-83600	15	13	0	3	4	6	5	13	0	5459504	6075	4775	148	1925	4244	4632	2536	13292	512	
FL	-83800	-83800	17	8	1	3	4	7	3	13	3	5451698	6075	4775	148	1925	4244	4632	2536	13292	512	
FL	-84000	-84000	19	7	1	3	1	9	5	14	3	5445197	6075	4775	148	1925	4244	4632	2536	13292	512	
FL	-84200	-84200	16	5	0	5	2	9	4	13	3	5438485	6075	4775	148	1925	4244	4632	2536	13292	512	
FL	-84400	-84400	16	6	0	5	3	10	4	17	2	5431490	6075	4775	148	1925	4244	4632	2536	13292	512	
FL	-84600	-84600	14	6	0	5	2	10	4	18	2	5424878	6075	4775	148	1925	4244	4632	2536	13292	512	
FL	-84800	-84800	16	7	0	5	2	8	5	19	1	5417819	6075	4775	148	1925	4244	4632	2536	13292	512	
FL	-85000	-85000	17	7	0	5	1	6	5	22	1	5410508	6075	4775	148	1925	4244	4632	2536	13292	512	
FL	-85200	-85200	15	6	0	5	1	8	5	22	1	5403043	6075	4775	148	1925	4244	4632	2536	13292	512	
FL	-85400	-85400	15	3	0	5	3	7	6	24	0	5394754	6075	4775	148	1925	4244	4632	2536	13292	512	
FL	-85600	-85600	15	3	0	4	2	7	6	25	0	5386566	6075	4775	148	1925	4244	4632	2536	13292	512	
FL	-85800	-85800	12	2	0	4	0	7	5	22	0	5379169	6075	4775	148	1925	4244	4632	2536	13292	512	
FL	-86000	-86000	12	3	0	4	3	7	3	22	1	5371857	6075	4775	148	1925	4244	4632	2536	13292	512	
FL	-86200	-86200	13	5	0	4	3	10	4	21	1	5363851	6075	4775	148	1925	4244	4632	2536	13292	512	
FL	-86400	-86400	9	4	0	5	3	12	3	19	1	5355462	6075	4775	148	1925	4244	4632	2536	13292	512	
FL	-86600	-86600	5	6	0	6	4	15	5	13	0	5345810	6075	4775	148	1925	4244	4632	2536	13292	512	
FL	-86800	-86800	7	9	0	5	4	16	5	8	0	5335500	6075	4775	148	1925	4244	4632	2536	13292	512	
FL	-87000	-87000	10	11	0	4	1	12	5	10	0	5323969	6075	4775	148	1925	4244	4632	2536	13292	512	
FL	-87200	-87200	9	11	0	4	2	12	4	14	0	5313416	6075	4775	148	1925	4244	4632	2536	13292	512	
FL	-87400	-87400	8	8	0	1	4	10	5	20	1	5303582	6075	4775	148	1925	4244	4632	2536	13292	512	
FL	-87600	-87600	9	6	0	2	6	9	5	23	1	5293174	6075	4775	148	1925	4244	4632	2536	13292	512	
FL	-87800	-87800	10	7	0	2	6	9	6	20	2	5283189	6075	4775	148	1925	4244	4632	2536	13292	512	
FL	-88000	-88000	10	7	0	2	7	12	7	18	1	5274079	6075	4775	148	1925	4244	4632	2536	13292	512	
FL	-88200	-88200	13	6	0	3	7	9	9	21	1	5264990	6075	4775	148	1925	4244	4632	2536	13292	512	
FL	-88400	-88400	10	7	0	4	4	13	8	18	1	5255713	6075	4775	148	1925	4244	4632	2536	13292	512	
FL	-88600	-88600	10	13	0	5	3	12	5	16	0	5245755	6075	4775	148	1925	4244	4632	2536	13292	512	
FL	-88800	-88800	9	12	0	5	2	13	3	18	0	5235182	6075	4775	148	1925	4244	4632	2536	13292	512	
FL	-89000	-89000	9	12	0	2	2	10	4	23	0	5225634	6075	4775	148	1925	4244	4632	2536	13292	512	
FL	-89200	-89200	13	13	0	2	1	8	4	22	1	5217292	6075	4775	148	1925	4244	4632	2536	13292	512	
FL	-89400	-89400	14	11	0	3	2	9	6	18	1	5208685	6075	4775	148	1925	4244	4632	2536	13292	512	
FL	-89600	-89600	14	11	0	5	4	10	6	20	1	5199989	6075	4775	148	1925	4244	4632	2536	13292	512	
FL	-89800	-89800	13	9	0	3	4	9	6	22	0	5191130	6075	4775	148	1925	4244	4632	2536	13292	512	
FL	-90000	-90000	13	7	0	2	4	5	6	19	0	5181614	6075	4775	148	1925	4244	4632	2536	13292	512	
FL	-90200	-90200	18	7	0	2	3	11	4	20	1	5171637	6075	4775	148	1925	4244	4632	2536	13292	512	
FL	-90400	-90400	16	9	0	2	2	9	3	16	1	5161660	6075	4775	148	1925	4244	4632	2536	13292	512	
FL	-90600	-90600	16	7	0	2	3	8	1	18	1	5151958	6075	4775	148	1925	4244	4632	2536	13292	512	
FL	-90800	-90800	19	9	0	2	4	9	2	17	2	5143263	6075	4775	148	1925	4244	4632	2536	13292	512	
FL	-91000	-91000	19	13	0	2	5	15	4	17	2	5134870	6075	4775	148	1925	4244	4632	2536	13292	512	
FL	-91200	-91200	19	10	0	1	5	17	3	20	2	5127665	6075	4775	148	1925	4244	4632	2536	13292	512	
FL	-91400	-91400	20	7	0	1	6	14	3	22	1	5121161	6075	4775	148	1925	4244	4632	2536	13292	512	
FL	-91600	-91600	20	5	0	1	4	14	5	20	1	5115164	6075	4775	148	1925	4244	4632	2536	13292	512	
FL	-91800	-91800	16	5	0	1	4	11	4	18	0	5108624	6075	4775	148	1925	4244	4632	2536	13292	512	
FL	-92000	-92000	17	6	0	1	3	12	2	18	0	5101881	6075	4775	148	1925	4244	4632	2536	13292	512	
FL	-92200	-92200	21	6	0	1	5	11	2	15	0	5095821	6075	4775	148	1925	4244	4632	2536	13292	512	
FL	-92400	-92400	22	9	0	2	4	11	4	18	0	5089937	6075	4775	148	1925	4244	4632	2536	13292	512	
FL	-92600	-92600	20	8	0	2	2	8	4	18	0	5084297	6075	4775	148	1925	4244	4632	2536	13292	512	
FL	-92800	-92800	16	7	0	1	5	8	4	15	1	5077612	6075	4775	148	1925	4244	4632	2536	13292	512	
FL	-93000	-93000	14	8	0	1	5	11	4	17	1	5071363	6075	4775	148	1925	4244	4632	2536	13292	512	
FL	-93200	-93200	18	8	0	1	5	10	7	20	1	5063754	6075	4775	148	1925	4244	4632	2536	13292	512	
FL	-93400	-93400	13	8	0	1	5	8	3	16	1	5054835	6075	4775	148	1925	4244	4632	2536	13292	512	
FL	-93600	-93600	12	4	0	1	5	7	6	19	1	5044907	6075	4775	148	1925	4244	4632	2536	13292	512	
FL	-93800	-93800	11	6	0	2	6	9	7	24	1	5035206	6075	4775	148	1925	4244	4632	2536	13292	512	
FL	-94000	-94000	11	9	0	2	7	10	7	24	1	5026146	6075	4775	148	1925	4244	4632	2536	13292	512	
FL	-94200	-94200	8	7	0	3	10	8	4	21	1	5016773	6075	4775	148	1925	4244	4632	2536	13292	512	
FL	-94400	-94400	8	6	0	2	7	9	6	24	0	5008032	6075	4775	148	1925	4244	4632	2536	13292	512	
FL	-94600	-94600	9	7	0	2	9	4	5	19	0	4999751	6075	4775	148	1925	4244	4632	2536	13292	512	
FL	-94800	-94800	12	7	0	4	8	6	6	15	0	4991743	6075	4775	148	1925	4244	4632	2536	13292	512	
FL	-95000	-95000	12	6	0	3	7	14	6	11	0	4983347	6075	4775	148	1925	4244	4632	2536	13292	512	
FL	-95200	-95200	11	5	0	2	8	11	6	11	0	4974040	6075	4775	148	1925	4244	4632	2536	13292	512	
FL	-95400	-95400	13	5	0	2	8	10	5	13	0	4963989	6075	4775	148	1925	4244	4632	2536	13292	512	
FL	-95600	-95600	12	5	0	2	6	6	4	19	0	4954435	6075	4775	148	1925	4244	4632	2536	13292	512	
FL	-95800	-95800	12	5	0	5	7	5	3	19	1	4945565	6075	4775	148	1925	4244	4632	2536	13292	512	
FL	-96000	-96000	13	6	0	5	7	5	3	23	1	4937583	6075	4775	148	1925	4244	4632	2536	13292	512	
FL	-96200	-96200	17	6	0	4	3	6	4	25	1	4928996	6075	4775	148	1925	4244	4632	2536	13292	512	
FL	-96400	-96400	17	6	0	5	5	7	3	23	1	4921515	6075	4775	148	1925	4244	4632	2536	13292	512	
FL	-96600	-96600	16	8	1	5	6	9	1	16	0	4914410	6075	4775	148	1925	4244	4632	2536	13292	512	
FL	-96800	-96800	13	9	1	5	5	10	1	17	0	4908035	6075	4775	148	1925	4244	4632	2536	13292	512	
FL	-97000	-97000	9	10	1	4	5	13	2	13	0	4901510	6075	4775	148	1925	4244	4632	2536	13292	512	
FL	-97200	-97200	10	9	0	3	4	15	2	16	0	4894689	6075	4775	148	1925	4244	4632	2536	13292	512	
FL	-97400	-97400	8	7	0	6	4	15	2	19	0	4888532	6075	4775	148	1925	4244	4632	2536	13292	512	
FL	-97600	-97600	6	5	0	4	3	12	3	13	0	4882588	6075	4775	148	1925	4244	4632	2536	13292	512	
FL	-97800	-97800	7	6	0	6	3	9	3	15	0	4875565	6075	4775	148	1925	4244	4632	2536	13292	512	
FL	-98000	-98000	9	6	0	6	4	8	2	16	0	4868197	6075	4775	148	1925	4244	4632	2536	13292	512	
FL	-98200	-98200	10	7	0	6	5	6	3	20	0	4861264	6075	4775	148	1925	4244	4632	2536	13292	512	
FL	-98400	-98400	9	6	0	6	6	4	4	18	1	4853594	6075	4775	148	1925	4244	4632	2536	13292	512	
FL	-98600	-98600	9	7	0	6	6	9	4	15	2	4846244	6075	4775	148	1925	4244	4632	2536	13292	512	
FL	-98800	-98800	10	6	0	8	6	9	3	17	2	4837877	6075	4775	148	1925	4244	4632	2536	13292	512	
FL	-99000	-99000	11	7	0	7	5	8	3	15	1	4829849	6075	4775	148	1925	4244	4632	2536	13292	512	
FL	-99200	-99200	8	7	0	7	4	10	3	13	1	4822497	6075	4775	148	1925	4244	4632	2536	13292	512	
FL	-99400	-99400	12	7	0	5	4	9	2	13	0	4814909	6075	4775	148	1925	4244	4632	2536	13292	512	
FL	-99600	-99600	11	8	0	6	4	9	2	17	1	4807630	6075	4775	148	1925	4244	4632	2536	13292	512	
FL	-99800	-99800	11	6	0	6	3	10	2	15	1	4800504	6075	4775	148	1925	4244	4632	2536	13292	512	
FL	-100000	-100000	10	6	0	5	3	9	1	14	1	4793696	6075	4775	148	1925	4244	4632	2536	13292	512	
