DHL	0	0	233	391	15	112	267	331	112	0	90	18336215	2244	2253	1119	2143	9003	7950	6980	4755	
DHL	-200	-200	223	380	14	111	267	319	104	0	91	18210148	2244	2253	1119	2143	9003	7950	6980	4755	
DHL	-400	-400	211	372	14	106	249	296	95	0	88	17897201	2244	2253	1119	2143	9003	7950	6980	4755	
DHL	-600	-600	200	368	10	101	233	282	88	0	83	17554553	2244	2253	1119	2143	9003	7950	6980	4755	
DHL	-800	-800	180	328	11	88	214	266	87	0	77	17239703	2244	2253	1119	2143	9003	7950	6980	4755	
DHL	-1000	-1000	156	292	8	87	201	251	88	0	70	16976312	2244	2253	1119	2143	9003	7950	6980	4755	
DHL	-1200	-1200	140	272	8	80	184	235	80	0	66	16766859	2244	2253	1119	2143	9003	7950	6980	4755	
DHL	-1400	-1400	125	248	8	75	168	207	76	0	61	16602253	2244	2253	1119	2143	9003	7950	6980	4755	
DHL	-1600	-1600	108	217	6	73	146	182	66	0	60	16469961	2244	2253	1119	2143	9003	7950	6980	4755	
DHL	-1800	-1800	97	203	8	75	131	166	61	0	56	16358421	2244	2253	1119	2143	9003	7950	6980	4755	
DHL	-2000	-2000	97	187	7	73	123	155	56	0	54	16263327	2244	2253	1119	2143	9003	7950	6980	4755	
DHL	-2200	-2200	82	165	7	68	110	127	57	0	50	16181259	2244	2253	1119	2143	9003	7950	6980	4755	
DHL	-2400	-2400	72	151	8	64	92	113	56	0	47	16111028	2244	2253	1119	2143	9003	7950	6980	4755	
DHL	-2600	-2600	68	146	8	64	79	96	53	0	43	16046791	2244	2253	1119	2143	9003	7950	6980	4755	
DHL	-2800	-2800	61	130	8	59	71	81	54	0	40	15987515	2244	2253	1119	2143	9003	7950	6980	4755	
DHL	-3000	-3000	54	120	9	51	68	76	55	0	30	15932990	2244	2253	1119	2143	9003	7950	6980	4755	
DHL	-3200	-3200	47	108	9	49	59	70	53	0	25	15880788	2244	2253	1119	2143	9003	7950	6980	4755	
DHL	-3400	-3400	42	104	8	45	51	64	46	0	27	15828478	2244	2253	1119	2143	9003	7950	6980	4755	
DHL	-3600	-3600	39	92	8	42	46	64	44	0	24	15777756	2244	2253	1119	2143	9003	7950	6980	4755	
DHL	-3800	-3800	33	82	6	32	44	54	35	0	17	15728787	2244	2253	1119	2143	9003	7950	6980	4755	
DHL	-4000	-4000	29	82	7	30	41	46	33	0	16	15679587	2244	2253	1119	2143	9003	7950	6980	4755	
DHL	-4200	-4200	30	76	7	30	34	45	34	0	13	15631259	2244	2253	1119	2143	9003	7950	6980	4755	
DHL	-4400	-4400	32	68	8	30	36	40	36	0	11	15585802	2244	2253	1119	2143	9003	7950	6980	4755	
DHL	-4600	-4600	32	64	8	30	34	40	31	0	12	15541102	2244	2253	1119	2143	9003	7950	6980	4755	
DHL	-4800	-4800	34	64	6	30	30	43	23	0	13	15495806	2244	2253	1119	2143	9003	7950	6980	4755	
DHL	-5000	-5000	32	62	5	29	28	35	21	0	12	15449903	2244	2253	1119	2143	9003	7950	6980	4755	
DHL	-5200	-5200	33	57	6	30	24	34	22	0	13	15403300	2244	2253	1119	2143	9003	7950	6980	4755	
DHL	-5400	-5400	29	54	7	23	21	33	22	0	14	15356999	2244	2253	1119	2143	9003	7950	6980	4755	
DHL	-5600	-5600	30	56	7	19	21	30	27	0	15	15309320	2244	2253	1119	2143	9003	7950	6980	4755	
DHL	-5800	-5800	28	53	6	16	20	32	28	0	13	15262010	2244	2253	1119	2143	9003	7950	6980	4755	
DHL	-6000	-6000	25	51	6	12	16	34	28	0	14	15213537	2244	2253	1119	2143	9003	7950	6980	4755	
DHL	-6200	-6200	22	47	7	10	15	38	30	0	15	15165900	2244	2253	1119	2143	9003	7950	6980	4755	
DHL	-6400	-6400	17	43	4	9	18	40	29	0	14	15118972	2244	2253	1119	2143	9003	7950	6980	4755	
DHL	-6600	-6600	12	40	2	9	19	40	26	0	14	15075248	2244	2253	1119	2143	9003	7950	6980	4755	
DHL	-6800	-6800	12	46	3	9	14	47	23	0	11	15032445	2244	2253	1119	2143	9003	7950	6980	4755	
DHL	-7000	-7000	10	43	2	11	13	48	24	0	12	14990739	2244	2253	1119	2143	9003	7950	6980	4755	
DHL	-7200	-7200	11	48	3	14	13	46	25	0	13	14950907	2244	2253	1119	2143	9003	7950	6980	4755	
DHL	-7400	-7400	10	51	3	13	15	41	23	0	13	14913585	2244	2253	1119	2143	9003	7950	6980	4755	
DHL	-7600	-7600	9	55	4	13	25	39	23	0	15	14876010	2244	2253	1119	2143	9003	7950	6980	4755	
DHL	-7800	-7800	8	53	3	14	23	38	26	0	13	14839040	2244	2253	1119	2143	9003	7950	6980	4755	
DHL	-8000	-8000	10	43	3	10	23	30	24	0	15	14800848	2244	2253	1119	2143	9003	7950	6980	4755	
DHL	-8200	-8200	12	38	5	13	23	28	21	0	14	14762201	2244	2253	1119	2143	9003	7950	6980	4755	
DHL	-8400	-8400	14	40	5	15	21	31	22	0	12	14722982	2244	2253	1119	2143	9003	7950	6980	4755	
DHL	-8600	-8600	13	36	4	18	24	35	22	0	12	14683684	2244	2253	1119	2143	9003	7950	6980	4755	
DHL	-8800	-8800	12	31	4	18	24	36	23	0	13	14643923	2244	2253	1119	2143	9003	7950	6980	4755	
DHL	-9000	-9000	12	25	3	16	23	36	25	0	13	14603390	2244	2253	1119	2143	9003	7950	6980	4755	
DHL	-9200	-9200	13	23	3	14	19	36	24	0	12	14561784	2244	2253	1119	2143	9003	7950	6980	4755	
DHL	-9400	-9400	14	21	3	14	20	38	25	0	11	14521396	2244	2253	1119	2143	9003	7950	6980	4755	
DHL	-9600	-9600	14	22	3	17	18	33	26	0	12	14482544	2244	2253	1119	2143	9003	7950	6980	4755	
DHL	-9800	-9800	15	26	3	17	20	32	24	0	12	14444134	2244	2253	1119	2143	9003	7950	6980	4755	
DHL	-10000	-10000	12	24	7	15	18	31	22	0	10	14405059	2244	2253	1119	2143	9003	7950	6980	4755	
DHL	-10200	-10200	18	28	7	16	19	27	22	0	9	14367980	2244	2253	1119	2143	9003	7950	6980	4755	
DHL	-10400	-10400	19	25	6	17	21	29	22	0	9	14332272	2244	2253	1119	2143	9003	7950	6980	4755	
DHL	-10600	-10600	18	22	7	15	19	30	29	0	11	14297425	2244	2253	1119	2143	9003	7950	6980	4755	
DHL	-10800	-10800	18	19	7	12	21	31	26	0	11	14263522	2244	2253	1119	2143	9003	7950	6980	4755	
DHL	-11000	-11000	19	22	6	12	17	27	28	0	11	14230281	2244	2253	1119	2143	9003	7950	6980	4755	
DHL	-11200	-11200	22	23	5	16	20	24	29	0	11	14198577	2244	2253	1119	2143	9003	7950	6980	4755	
DHL	-11400	-11400	24	24	5	14	24	24	31	0	15	14165546	2244	2253	1119	2143	9003	7950	6980	4755	
DHL	-11600	-11600	26	24	5	14	23	22	34	0	14	14131885	2244	2253	1119	2143	9003	7950	6980	4755	
DHL	-11800	-11800	28	20	5	11	17	21	36	0	13	14097538	2244	2253	1119	2143	9003	7950	6980	4755	
DHL	-12000	-12000	31	16	4	11	16	22	36	0	12	14063160	2244	2253	1119	2143	9003	7950	6980	4755	
DHL	-12200	-12200	35	17	4	11	16	24	35	0	11	14028760	2244	2253	1119	2143	9003	7950	6980	4755	
DHL	-12400	-12400	32	17	4	11	15	26	31	0	14	13996106	2244	2253	1119	2143	9003	7950	6980	4755	
DHL	-12600	-12600	26	21	4	10	9	28	33	0	14	13965116	2244	2253	1119	2143	9003	7950	6980	4755	
DHL	-12800	-12800	26	23	3	8	9	29	34	0	17	13935044	2244	2253	1119	2143	9003	7950	6980	4755	
DHL	-13000	-13000	26	22	4	8	10	32	36	0	16	13905423	2244	2253	1119	2143	9003	7950	6980	4755	
DHL	-13200	-13200	25	22	4	9	11	32	32	0	16	13875825	2244	2253	1119	2143	9003	7950	6980	4755	
DHL	-13400	-13400	23	16	3	8	11	32	29	0	14	13846080	2244	2253	1119	2143	9003	7950	6980	4755	
DHL	-13600	-13600	23	18	3	7	11	33	25	0	15	13815653	2244	2253	1119	2143	9003	7950	6980	4755	
DHL	-13800	-13800	21	17	3	8	10	33	25	0	15	13785411	2244	2253	1119	2143	9003	7950	6980	4755	
DHL	-14000	-14000	23	17	3	9	11	34	25	0	13	13758498	2244	2253	1119	2143	9003	7950	6980	4755	
DHL	-14200	-14200	21	22	4	9	11	34	23	0	13	13732792	2244	2253	1119	2143	9003	7950	6980	4755	
DHL	-14400	-14400	22	25	5	9	11	37	23	0	10	13707308	2244	2253	1119	2143	9003	7950	6980	4755	
DHL	-14600	-14600	20	26	7	9	10	37	18	0	10	13681950	2244	2253	1119	2143	9003	7950	6980	4755	
DHL	-14800	-14800	22	23	8	10	12	31	22	0	10	13656170	2244	2253	1119	2143	9003	7950	6980	4755	
DHL	-15000	-15000	19	25	7	7	14	27	24	0	10	13630194	2244	2253	1119	2143	9003	7950	6980	4755	
DHL	-15200	-15200	20	28	7	8	18	25	26	0	11	13602755	2244	2253	1119	2143	9003	7950	6980	4755	
DHL	-15400	-15400	20	28	6	7	19	30	33	0	11	13574007	2244	2253	1119	2143	9003	7950	6980	4755	
DHL	-15600	-15600	19	25	5	5	20	30	34	0	10	13545094	2244	2253	1119	2143	9003	7950	6980	4755	
DHL	-15800	-15800	16	20	5	5	19	31	33	0	10	13516454	2244	2253	1119	2143	9003	7950	6980	4755	
DHL	-16000	-16000	19	19	4	6	22	30	39	0	8	13487506	2244	2253	1119	2143	9003	7950	6980	4755	
DHL	-16200	-16200	17	17	4	5	23	30	38	0	11	13456512	2244	2253	1119	2143	9003	7950	6980	4755	
DHL	-16400	-16400	15	17	5	8	23	30	36	0	11	13425410	2244	2253	1119	2143	9003	7950	6980	4755	
DHL	-16600	-16600	12	17	4	8	21	28	31	0	8	13395670	2244	2253	1119	2143	9003	7950	6980	4755	
DHL	-16800	-16800	14	17	4	8	19	22	29	0	8	13366120	2244	2253	1119	2143	9003	7950	6980	4755	
DHL	-17000	-17000	12	15	5	9	16	21	31	0	6	13336345	2244	2253	1119	2143	9003	7950	6980	4755	
DHL	-17200	-17200	14	14	4	5	16	20	33	0	7	13305620	2244	2253	1119	2143	9003	7950	6980	4755	
DHL	-17400	-17400	14	16	4	8	18	17	30	0	9	13274867	2244	2253	1119	2143	9003	7950	6980	4755	
DHL	-17600	-17600	18	17	4	9	15	23	27	0	11	13243328	2244	2253	1119	2143	9003	7950	6980	4755	
DHL	-17800	-17800	18	18	3	8	16	22	24	0	11	13211366	2244	2253	1119	2143	9003	7950	6980	4755	
DHL	-18000	-18000	18	17	3	8	18	26	19	0	10	13179722	2244	2253	1119	2143	9003	7950	6980	4755	
DHL	-18200	-18200	20	17	3	8	20	31	17	0	9	13147198	2244	2253	1119	2143	9003	7950	6980	4755	
DHL	-18400	-18400	24	18	1	11	20	33	17	0	7	13114174	2244	2253	1119	2143	9003	7950	6980	4755	
DHL	-18600	-18600	24	17	1	11	22	33	17	0	9	13081644	2244	2253	1119	2143	9003	7950	6980	4755	
DHL	-18800	-18800	21	17	1	10	27	35	19	0	9	13049435	2244	2253	1119	2143	9003	7950	6980	4755	
DHL	-19000	-19000	18	17	0	11	22	35	15	0	9	13019486	2244	2253	1119	2143	9003	7950	6980	4755	
DHL	-19200	-19200	17	17	0	11	19	35	14	0	8	12989843	2244	2253	1119	2143	9003	7950	6980	4755	
DHL	-19400	-19400	17	16	1	12	17	34	20	0	10	12960845	2244	2253	1119	2143	9003	7950	6980	4755	
DHL	-19600	-19600	16	15	1	12	14	35	21	0	9	12931383	2244	2253	1119	2143	9003	7950	6980	4755	
DHL	-19800	-19800	13	15	1	12	12	28	27	0	9	12902493	2244	2253	1119	2143	9003	7950	6980	4755	
DHL	-20000	-20000	13	15	3	13	13	29	28	0	8	12873457	2244	2253	1119	2143	9003	7950	6980	4755	
DHL	-20200	-20200	9	13	3	14	11	28	25	0	8	12845171	2244	2253	1119	2143	9003	7950	6980	4755	
DHL	-20400	-20400	8	12	2	16	13	26	22	0	8	12818158	2244	2253	1119	2143	9003	7950	6980	4755	
DHL	-20600	-20600	10	10	3	16	15	30	22	0	10	12791386	2244	2253	1119	2143	9003	7950	6980	4755	
DHL	-20800	-20800	8	12	3	16	16	29	18	0	10	12764448	2244	2253	1119	2143	9003	7950	6980	4755	
DHL	-21000	-21000	9	14	2	13	18	29	19	0	9	12737072	2244	2253	1119	2143	9003	7950	6980	4755	
DHL	-21200	-21200	10	14	1	12	16	30	21	0	11	12710209	2244	2253	1119	2143	9003	7950	6980	4755	
DHL	-21400	-21400	10	12	1	13	18	25	20	0	14	12684146	2244	2253	1119	2143	9003	7950	6980	4755	
DHL	-21600	-21600	9	11	0	13	20	22	19	0	16	12658570	2244	2253	1119	2143	9003	7950	6980	4755	
DHL	-21800	-21800	11	9	0	13	23	18	20	0	17	12632696	2244	2253	1119	2143	9003	7950	6980	4755	
DHL	-22000	-22000	10	12	1	12	26	18	20	0	13	12605554	2244	2253	1119	2143	9003	7950	6980	4755	
DHL	-22200	-22200	9	10	1	14	28	18	21	0	14	12579392	2244	2253	1119	2143	9003	7950	6980	4755	
DHL	-22400	-22400	11	12	1	12	30	20	19	0	14	12553129	2244	2253	1119	2143	9003	7950	6980	4755	
DHL	-22600	-22600	11	15	2	10	33	22	16	0	14	12526462	2244	2253	1119	2143	9003	7950	6980	4755	
DHL	-22800	-22800	11	17	4	10	30	27	17	0	17	12501484	2244	2253	1119	2143	9003	7950	6980	4755	
DHL	-23000	-23000	10	15	4	10	29	28	20	0	15	12477139	2244	2253	1119	2143	9003	7950	6980	4755	
DHL	-23200	-23200	11	16	4	10	27	23	20	0	12	12453196	2244	2253	1119	2143	9003	7950	6980	4755	
DHL	-23400	-23400	9	18	3	11	25	21	15	0	12	12430468	2244	2253	1119	2143	9003	7950	6980	4755	
DHL	-23600	-23600	8	18	6	11	21	24	11	0	11	12407498	2244	2253	1119	2143	9003	7950	6980	4755	
DHL	-23800	-23800	9	21	7	10	21	24	16	0	12	12384299	2244	2253	1119	2143	9003	7950	6980	4755	
DHL	-24000	-24000	8	19	7	11	21	24	17	0	11	12361230	2244	2253	1119	2143	9003	7950	6980	4755	
DHL	-24200	-24200	7	17	7	12	27	24	19	0	10	12338332	2244	2253	1119	2143	9003	7950	6980	4755	
DHL	-24400	-24400	6	14	8	13	25	23	20	0	12	12316084	2244	2253	1119	2143	9003	7950	6980	4755	
DHL	-24600	-24600	8	14	7	11	25	26	20	0	8	12292572	2244	2253	1119	2143	9003	7950	6980	4755	
DHL	-24800	-24800	8	12	7	10	23	29	19	0	12	12269053	2244	2253	1119	2143	9003	7950	6980	4755	
DHL	-25000	-25000	10	13	9	10	20	27	22	0	14	12243892	2244	2253	1119	2143	9003	7950	6980	4755	
DHL	-25200	-25200	13	13	9	10	20	25	21	0	14	12218104	2244	2253	1119	2143	9003	7950	6980	4755	
DHL	-25400	-25400	16	15	9	9	19	29	23	0	11	12191341	2244	2253	1119	2143	9003	7950	6980	4755	
DHL	-25600	-25600	19	15	6	9	17	29	20	0	10	12162822	2244	2253	1119	2143	9003	7950	6980	4755	
DHL	-25800	-25800	20	14	4	7	13	27	19	0	11	12133340	2244	2253	1119	2143	9003	7950	6980	4755	
DHL	-26000	-26000	17	16	4	8	15	30	23	0	12	12103415	2244	2253	1119	2143	9003	7950	6980	4755	
DHL	-26200	-26200	15	15	4	8	15	34	22	0	13	12072972	2244	2253	1119	2143	9003	7950	6980	4755	
DHL	-26400	-26400	17	16	5	7	15	36	20	0	12	12041769	2244	2253	1119	2143	9003	7950	6980	4755	
DHL	-26600	-26600	15	17	6	7	15	28	17	0	13	12011380	2244	2253	1119	2143	9003	7950	6980	4755	
DHL	-26800	-26800	15	15	3	7	19	26	17	0	14	11983232	2244	2253	1119	2143	9003	7950	6980	4755	
DHL	-27000	-27000	13	14	5	6	21	19	17	0	12	11956224	2244	2253	1119	2143	9003	7950	6980	4755	
DHL	-27200	-27200	14	14	4	5	20	18	19	0	10	11929303	2244	2253	1119	2143	9003	7950	6980	4755	
DHL	-27400	-27400	16	13	3	5	18	14	19	0	10	11904927	2244	2253	1119	2143	9003	7950	6980	4755	
DHL	-27600	-27600	14	14	4	6	18	16	17	0	7	11881900	2244	2253	1119	2143	9003	7950	6980	4755	
DHL	-27800	-27800	16	14	4	7	17	18	19	0	8	11858954	2244	2253	1119	2143	9003	7950	6980	4755	
DHL	-28000	-28000	12	13	5	8	19	17	21	0	8	11836037	2244	2253	1119	2143	9003	7950	6980	4755	
DHL	-28200	-28200	14	8	4	9	20	21	26	0	7	11812284	2244	2253	1119	2143	9003	7950	6980	4755	
DHL	-28400	-28400	13	6	3	8	20	16	19	0	7	11788324	2244	2253	1119	2143	9003	7950	6980	4755	
DHL	-28600	-28600	14	5	4	9	16	15	18	0	8	11765228	2244	2253	1119	2143	9003	7950	6980	4755	
DHL	-28800	-28800	14	7	4	10	14	22	17	0	10	11741650	2244	2253	1119	2143	9003	7950	6980	4755	
DHL	-29000	-29000	16	5	4	7	13	28	18	0	8	11718835	2244	2253	1119	2143	9003	7950	6980	4755	
DHL	-29200	-29200	11	6	4	7	14	27	19	0	9	11696008	2244	2253	1119	2143	9003	7950	6980	4755	
DHL	-29400	-29400	15	6	6	7	14	28	19	0	9	11671813	2244	2253	1119	2143	9003	7950	6980	4755	
DHL	-29600	-29600	13	7	6	6	14	30	18	0	10	11647268	2244	2253	1119	2143	9003	7950	6980	4755	
DHL	-29800	-29800	14	12	5	9	20	30	21	0	10	11623054	2244	2253	1119	2143	9003	7950	6980	4755	
DHL	-30000	-30000	12	10	5	8	20	33	25	0	13	11597856	2244	2253	1119	2143	9003	7950	6980	4755	
DHL	-30200	-30200	12	9	3	10	20	30	22	0	15	11572427	2244	2253	1119	2143	9003	7950	6980	4755	
DHL	-30400	-30400	12	12	2	12	17	33	23	0	13	11547471	2244	2253	1119	2143	9003	7950	6980	4755	
DHL	-30600	-30600	10	12	2	14	15	32	24	0	11	11524699	2244	2253	1119	2143	9003	7950	6980	4755	
DHL	-30800	-30800	13	16	2	17	8	34	25	0	12	11502034	2244	2253	1119	2143	9003	7950	6980	4755	
DHL	-31000	-31000	12	16	2	16	11	36	26	0	11	11478661	2244	2253	1119	2143	9003	7950	6980	4755	
DHL	-31200	-31200	13	16	2	15	11	29	25	0	9	11455625	2244	2253	1119	2143	9003	7950	6980	4755	
DHL	-31400	-31400	14	16	2	15	15	30	26	0	5	11432765	2244	2253	1119	2143	9003	7950	6980	4755	
DHL	-31600	-31600	12	15	2	13	16	24	29	0	6	11410736	2244	2253	1119	2143	9003	7950	6980	4755	
DHL	-31800	-31800	9	14	2	13	18	21	29	0	7	11390344	2244	2253	1119	2143	9003	7950	6980	4755	
DHL	-32000	-32000	7	15	2	13	21	22	28	0	9	11371531	2244	2253	1119	2143	9003	7950	6980	4755	
DHL	-32200	-32200	9	16	2	14	25	21	26	0	10	11353584	2244	2253	1119	2143	9003	7950	6980	4755	
DHL	-32400	-32400	6	19	2	14	26	18	26	0	9	11337021	2244	2253	1119	2143	9003	7950	6980	4755	
DHL	-32600	-32600	5	19	2	12	24	25	26	0	9	11321019	2244	2253	1119	2143	9003	7950	6980	4755	
DHL	-32800	-32800	5	18	3	11	19	22	30	0	8	11305165	2244	2253	1119	2143	9003	7950	6980	4755	
DHL	-33000	-33000	5	16	2	9	16	22	30	0	8	11288973	2244	2253	1119	2143	9003	7950	6980	4755	
DHL	-33200	-33200	4	14	2	9	14	18	28	0	9	11272316	2244	2253	1119	2143	9003	7950	6980	4755	
DHL	-33400	-33400	4	14	2	9	12	20	29	0	7	11254695	2244	2253	1119	2143	9003	7950	6980	4755	
DHL	-33600	-33600	5	10	4	9	7	18	28	0	7	11235859	2244	2253	1119	2143	9003	7950	6980	4755	
DHL	-33800	-33800	7	11	4	10	8	18	30	0	7	11213717	2244	2253	1119	2143	9003	7950	6980	4755	
DHL	-34000	-34000	7	11	3	10	10	17	27	0	7	11194666	2244	2253	1119	2143	9003	7950	6980	4755	
DHL	-34200	-34200	7	7	4	6	13	22	20	0	6	11175328	2244	2253	1119	2143	9003	7950	6980	4755	
DHL	-34400	-34400	6	7	4	7	16	22	17	0	9	11155255	2244	2253	1119	2143	9003	7950	6980	4755	
DHL	-34600	-34600	8	9	4	6	19	18	15	0	9	11135137	2244	2253	1119	2143	9003	7950	6980	4755	
DHL	-34800	-34800	10	12	4	5	20	17	16	0	8	11114408	2244	2253	1119	2143	9003	7950	6980	4755	
DHL	-35000	-35000	12	12	4	5	22	20	14	0	7	11094738	2244	2253	1119	2143	9003	7950	6980	4755	
DHL	-35200	-35200	12	11	3	6	25	20	15	0	8	11075370	2244	2253	1119	2143	9003	7950	6980	4755	
DHL	-35400	-35400	14	12	4	3	21	22	13	0	9	11056517	2244	2253	1119	2143	9003	7950	6980	4755	
DHL	-35600	-35600	14	10	4	4	22	26	19	0	8	11038137	2244	2253	1119	2143	9003	7950	6980	4755	
DHL	-35800	-35800	15	10	4	5	21	28	18	0	8	11021653	2244	2253	1119	2143	9003	7950	6980	4755	
DHL	-36000	-36000	16	12	4	4	17	24	18	0	9	11003514	2244	2253	1119	2143	9003	7950	6980	4755	
DHL	-36200	-36200	15	12	2	3	15	24	20	0	10	10985644	2244	2253	1119	2143	9003	7950	6980	4755	
DHL	-36400	-36400	13	12	3	1	16	25	22	0	12	10967985	2244	2253	1119	2143	9003	7950	6980	4755	
DHL	-36600	-36600	11	11	4	2	18	19	23	0	13	10950983	2244	2253	1119	2143	9003	7950	6980	4755	
DHL	-36800	-36800	11	10	4	4	17	16	20	0	11	10934594	2244	2253	1119	2143	9003	7950	6980	4755	
DHL	-37000	-37000	11	10	3	5	17	16	25	0	14	10920141	2244	2253	1119	2143	9003	7950	6980	4755	
DHL	-37200	-37200	9	10	1	7	18	18	22	0	14	10905373	2244	2253	1119	2143	9003	7950	6980	4755	
DHL	-37400	-37400	12	6	2	8	19	19	23	0	14	10890278	2244	2253	1119	2143	9003	7950	6980	4755	
DHL	-37600	-37600	13	6	2	8	21	20	23	0	14	10874536	2244	2253	1119	2143	9003	7950	6980	4755	
DHL	-37800	-37800	12	6	4	8	21	22	22	0	15	10857087	2244	2253	1119	2143	9003	7950	6980	4755	
DHL	-38000	-38000	9	6	4	6	23	24	16	0	11	10838630	2244	2253	1119	2143	9003	7950	6980	4755	
DHL	-38200	-38200	11	7	4	4	22	26	13	0	9	10819177	2244	2253	1119	2143	9003	7950	6980	4755	
DHL	-38400	-38400	10	7	3	2	20	27	16	0	10	10799610	2244	2253	1119	2143	9003	7950	6980	4755	
DHL	-38600	-38600	10	7	3	1	15	25	14	0	9	10779304	2244	2253	1119	2143	9003	7950	6980	4755	
DHL	-38800	-38800	10	7	5	1	16	24	14	0	10	10759144	2244	2253	1119	2143	9003	7950	6980	4755	
DHL	-39000	-39000	10	6	7	3	17	27	11	0	12	10739513	2244	2253	1119	2143	9003	7950	6980	4755	
DHL	-39200	-39200	10	8	6	4	15	24	11	0	10	10719882	2244	2253	1119	2143	9003	7950	6980	4755	
DHL	-39400	-39400	7	7	5	4	14	24	12	0	14	10698467	2244	2253	1119	2143	9003	7950	6980	4755	
DHL	-39600	-39600	6	10	7	5	14	24	10	0	17	10676592	2244	2253	1119	2143	9003	7950	6980	4755	
DHL	-39800	-39800	8	13	4	5	15	23	16	0	16	10655860	2244	2253	1119	2143	9003	7950	6980	4755	
DHL	-40000	-40000	9	12	6	6	19	26	23	0	16	10635115	2244	2253	1119	2143	9003	7950	6980	4755	
DHL	-40200	-40200	10	12	5	6	22	30	23	0	15	10615821	2244	2253	1119	2143	9003	7950	6980	4755	
DHL	-40400	-40400	11	10	5	5	15	33	21	0	10	10595669	2244	2253	1119	2143	9003	7950	6980	4755	
DHL	-40600	-40600	9	8	4	6	14	29	22	0	11	10575207	2244	2253	1119	2143	9003	7950	6980	4755	
DHL	-40800	-40800	9	9	4	6	11	24	28	0	10	10552883	2244	2253	1119	2143	9003	7950	6980	4755	
DHL	-41000	-41000	8	8	3	7	15	27	28	0	6	10530914	2244	2253	1119	2143	9003	7950	6980	4755	
DHL	-41200	-41200	12	9	1	9	21	26	27	0	7	10509176	2244	2253	1119	2143	9003	7950	6980	4755	
DHL	-41400	-41400	14	9	1	10	20	22	26	0	10	10487253	2244	2253	1119	2143	9003	7950	6980	4755	
DHL	-41600	-41600	12	7	0	11	22	24	28	0	8	10465538	2244	2253	1119	2143	9003	7950	6980	4755	
DHL	-41800	-41800	11	8	1	9	23	23	27	0	9	10443872	2244	2253	1119	2143	9003	7950	6980	4755	
DHL	-42000	-42000	11	9	2	8	19	24	26	0	10	10422818	2244	2253	1119	2143	9003	7950	6980	4755	
DHL	-42200	-42200	11	9	2	6	22	22	25	0	9	10402224	2244	2253	1119	2143	9003	7950	6980	4755	
DHL	-42400	-42400	13	11	2	5	17	22	24	0	8	10382736	2244	2253	1119	2143	9003	7950	6980	4755	
DHL	-42600	-42600	16	10	2	5	18	22	22	0	9	10363686	2244	2253	1119	2143	9003	7950	6980	4755	
DHL	-42800	-42800	18	10	2	6	19	21	23	0	9	10345492	2244	2253	1119	2143	9003	7950	6980	4755	
DHL	-43000	-43000	22	10	4	6	21	23	23	0	8	10327777	2244	2253	1119	2143	9003	7950	6980	4755	
DHL	-43200	-43200	26	8	4	7	22	28	19	0	8	10310778	2244	2253	1119	2143	9003	7950	6980	4755	
DHL	-43400	-43400	31	8	5	7	26	31	15	0	11	10294863	2244	2253	1119	2143	9003	7950	6980	4755	
DHL	-43600	-43600	30	8	5	6	30	31	15	0	12	10280185	2244	2253	1119	2143	9003	7950	6980	4755	
DHL	-43800	-43800	31	8	4	10	29	30	18	0	13	10264515	2244	2253	1119	2143	9003	7950	6980	4755	
DHL	-44000	-44000	30	9	4	11	34	28	18	0	12	10248009	2244	2253	1119	2143	9003	7950	6980	4755	
DHL	-44200	-44200	29	7	4	13	33	31	14	0	12	10230676	2244	2253	1119	2143	9003	7950	6980	4755	
DHL	-44400	-44400	28	6	3	12	35	30	16	0	10	10213743	2244	2253	1119	2143	9003	7950	6980	4755	
DHL	-44600	-44600	28	6	2	11	32	30	19	0	10	10197156	2244	2253	1119	2143	9003	7950	6980	4755	
DHL	-44800	-44800	25	9	1	13	35	33	21	0	9	10179064	2244	2253	1119	2143	9003	7950	6980	4755	
DHL	-45000	-45000	23	12	0	14	37	37	21	0	10	10161190	2244	2253	1119	2143	9003	7950	6980	4755	
DHL	-45200	-45200	22	18	1	12	36	32	19	0	10	10143290	2244	2253	1119	2143	9003	7950	6980	4755	
DHL	-45400	-45400	23	20	1	12	36	31	15	0	9	10125576	2244	2253	1119	2143	9003	7950	6980	4755	
DHL	-45600	-45600	23	25	1	10	36	31	12	0	9	10107895	2244	2253	1119	2143	9003	7950	6980	4755	
DHL	-45800	-45800	24	27	1	11	36	30	10	0	8	10089258	2244	2253	1119	2143	9003	7950	6980	4755	
DHL	-46000	-46000	25	29	2	11	36	29	11	0	8	10071112	2244	2253	1119	2143	9003	7950	6980	4755	
DHL	-46200	-46200	22	32	2	12	34	25	10	0	8	10053626	2244	2253	1119	2143	9003	7950	6980	4755	
DHL	-46400	-46400	23	30	1	10	33	27	9	0	8	10034990	2244	2253	1119	2143	9003	7950	6980	4755	
DHL	-46600	-46600	18	34	1	10	29	23	10	0	9	10015528	2244	2253	1119	2143	9003	7950	6980	4755	
DHL	-46800	-46800	16	31	2	10	30	20	13	0	12	9996236	2244	2253	1119	2143	9003	7950	6980	4755	
DHL	-47000	-47000	10	31	2	9	27	22	14	0	13	9976759	2244	2253	1119	2143	9003	7950	6980	4755	
DHL	-47200	-47200	9	31	2	9	24	24	17	0	13	9957464	2244	2253	1119	2143	9003	7950	6980	4755	
DHL	-47400	-47400	9	28	1	8	26	22	18	0	15	9938992	2244	2253	1119	2143	9003	7950	6980	4755	
DHL	-47600	-47600	6	30	2	7	27	22	18	0	11	9920822	2244	2253	1119	2143	9003	7950	6980	4755	
DHL	-47800	-47800	5	31	1	7	27	21	18	0	13	9902613	2244	2253	1119	2143	9003	7950	6980	4755	
DHL	-48000	-48000	6	28	1	9	28	24	17	0	13	9884295	2244	2253	1119	2143	9003	7950	6980	4755	
DHL	-48200	-48200	4	29	1	9	27	26	15	0	11	9865494	2244	2253	1119	2143	9003	7950	6980	4755	
DHL	-48400	-48400	5	30	2	9	22	29	15	0	10	9845900	2244	2253	1119	2143	9003	7950	6980	4755	
DHL	-48600	-48600	5	29	2	10	20	26	13	0	10	9826235	2244	2253	1119	2143	9003	7950	6980	4755	
DHL	-48800	-48800	6	23	3	10	16	25	9	0	8	9806134	2244	2253	1119	2143	9003	7950	6980	4755	
DHL	-49000	-49000	6	22	3	12	11	26	6	0	9	9787436	2244	2253	1119	2143	9003	7950	6980	4755	
DHL	-49200	-49200	7	17	3	14	7	27	6	0	8	9769614	2244	2253	1119	2143	9003	7950	6980	4755	
DHL	-49400	-49400	6	12	3	12	7	25	6	0	7	9752371	2244	2253	1119	2143	9003	7950	6980	4755	
DHL	-49600	-49600	8	11	3	11	9	22	8	0	7	9736360	2244	2253	1119	2143	9003	7950	6980	4755	
DHL	-49800	-49800	9	9	3	9	7	24	12	0	6	9721106	2244	2253	1119	2143	9003	7950	6980	4755	
DHL	-50000	-50000	8	9	2	8	9	25	12	0	7	9705896	2244	2253	1119	2143	9003	7950	6980	4755	
DHL	-50200	-50200	8	6	2	9	12	28	12	0	7	9690994	2244	2253	1119	2143	9003	7950	6980	4755	
DHL	-50400	-50400	6	7	3	6	13	31	16	0	10	9675908	2244	2253	1119	2143	9003	7950	6980	4755	
DHL	-50600	-50600	7	8	3	7	15	30	17	0	10	9661626	2244	2253	1119	2143	9003	7950	6980	4755	
DHL	-50800	-50800	7	8	5	7	12	28	17	0	10	9646201	2244	2253	1119	2143	9003	7950	6980	4755	
DHL	-51000	-51000	8	7	5	8	12	24	15	0	12	9630105	2244	2253	1119	2143	9003	7950	6980	4755	
DHL	-51200	-51200	7	7	5	7	14	24	11	0	14	9614529	2244	2253	1119	2143	9003	7950	6980	4755	
DHL	-51400	-51400	6	5	5	6	15	27	11	0	14	9598437	2244	2253	1119	2143	9003	7950	6980	4755	
DHL	-51600	-51600	5	5	4	8	18	23	9	0	16	9581989	2244	2253	1119	2143	9003	7950	6980	4755	
DHL	-51800	-51800	5	5	4	6	18	24	11	0	12	9566736	2244	2253	1119	2143	9003	7950	6980	4755	
DHL	-52000	-52000	6	6	2	5	19	23	11	0	9	9551559	2244	2253	1119	2143	9003	7950	6980	4755	
DHL	-52200	-52200	5	6	3	6	14	23	11	0	10	9536309	2244	2253	1119	2143	9003	7950	6980	4755	
DHL	-52400	-52400	7	6	1	6	16	22	15	0	10	9519341	2244	2253	1119	2143	9003	7950	6980	4755	
DHL	-52600	-52600	7	8	2	5	17	20	15	0	9	9501573	2244	2253	1119	2143	9003	7950	6980	4755	
DHL	-52800	-52800	4	8	2	3	20	18	13	0	6	9484530	2244	2253	1119	2143	9003	7950	6980	4755	
DHL	-53000	-53000	5	7	3	4	23	19	17	0	8	9467865	2244	2253	1119	2143	9003	7950	6980	4755	
DHL	-53200	-53200	5	9	3	5	26	23	18	0	8	9451924	2244	2253	1119	2143	9003	7950	6980	4755	
DHL	-53400	-53400	4	10	3	7	26	21	20	0	8	9435389	2244	2253	1119	2143	9003	7950	6980	4755	
DHL	-53600	-53600	4	9	3	8	26	20	22	0	7	9418021	2244	2253	1119	2143	9003	7950	6980	4755	
DHL	-53800	-53800	7	8	2	7	24	20	21	0	8	9400034	2244	2253	1119	2143	9003	7950	6980	4755	
DHL	-54000	-54000	7	7	3	10	24	20	20	0	10	9380552	2244	2253	1119	2143	9003	7950	6980	4755	
DHL	-54200	-54200	8	8	2	12	21	17	21	0	8	9361898	2244	2253	1119	2143	9003	7950	6980	4755	
DHL	-54400	-54400	10	5	2	12	20	14	18	0	7	9343596	2244	2253	1119	2143	9003	7950	6980	4755	
DHL	-54600	-54600	12	5	2	11	18	14	18	0	7	9327354	2244	2253	1119	2143	9003	7950	6980	4755	
DHL	-54800	-54800	11	5	1	8	13	11	16	0	8	9312455	2244	2253	1119	2143	9003	7950	6980	4755	
DHL	-55000	-55000	10	13	2	7	15	12	14	0	9	9298428	2244	2253	1119	2143	9003	7950	6980	4755	
DHL	-55200	-55200	9	12	1	8	14	14	9	0	9	9283916	2244	2253	1119	2143	9003	7950	6980	4755	
DHL	-55400	-55400	9	12	1	8	17	13	10	0	10	9269558	2244	2253	1119	2143	9003	7950	6980	4755	
DHL	-55600	-55600	6	12	1	6	15	15	7	0	9	9256660	2244	2253	1119	2143	9003	7950	6980	4755	
DHL	-55800	-55800	6	12	2	5	16	16	5	0	11	9245138	2244	2253	1119	2143	9003	7950	6980	4755	
DHL	-56000	-56000	8	14	2	5	15	19	5	0	9	9232837	2244	2253	1119	2143	9003	7950	6980	4755	
DHL	-56200	-56200	8	14	1	4	16	21	7	0	8	9219986	2244	2253	1119	2143	9003	7950	6980	4755	
DHL	-56400	-56400	8	21	2	4	15	22	11	0	6	9207386	2244	2253	1119	2143	9003	7950	6980	4755	
DHL	-56600	-56600	7	22	2	4	12	19	13	0	7	9194062	2244	2253	1119	2143	9003	7950	6980	4755	
DHL	-56800	-56800	7	23	2	4	14	17	18	0	5	9180522	2244	2253	1119	2143	9003	7950	6980	4755	
DHL	-57000	-57000	5	24	2	4	13	17	19	0	6	9167497	2244	2253	1119	2143	9003	7950	6980	4755	
DHL	-57200	-57200	6	23	2	3	14	22	20	0	6	9154286	2244	2253	1119	2143	9003	7950	6980	4755	
DHL	-57400	-57400	5	24	2	3	15	21	23	0	5	9139833	2244	2253	1119	2143	9003	7950	6980	4755	
DHL	-57600	-57600	5	24	2	3	16	20	23	0	7	9125758	2244	2253	1119	2143	9003	7950	6980	4755	
DHL	-57800	-57800	6	23	0	3	14	21	19	0	5	9112214	2244	2253	1119	2143	9003	7950	6980	4755	
DHL	-58000	-58000	6	23	0	3	14	19	15	0	5	9098790	2244	2253	1119	2143	9003	7950	6980	4755	
DHL	-58200	-58200	6	24	0	3	13	18	14	0	5	9085356	2244	2253	1119	2143	9003	7950	6980	4755	
DHL	-58400	-58400	6	26	2	3	11	18	13	0	5	9071879	2244	2253	1119	2143	9003	7950	6980	4755	
DHL	-58600	-58600	5	20	2	2	13	17	7	0	6	9057656	2244	2253	1119	2143	9003	7950	6980	4755	
DHL	-58800	-58800	3	17	2	1	15	18	8	0	6	9043939	2244	2253	1119	2143	9003	7950	6980	4755	
DHL	-59000	-59000	2	16	1	1	15	19	9	0	5	9028791	2244	2253	1119	2143	9003	7950	6980	4755	
DHL	-59200	-59200	1	14	2	1	16	18	9	0	5	9013108	2244	2253	1119	2143	9003	7950	6980	4755	
DHL	-59400	-59400	2	14	2	2	14	18	11	0	4	8997215	2244	2253	1119	2143	9003	7950	6980	4755	
DHL	-59600	-59600	3	14	2	2	12	15	10	0	3	8981406	2244	2253	1119	2143	9003	7950	6980	4755	
DHL	-59800	-59800	2	13	2	3	10	16	8	0	3	8965835	2244	2253	1119	2143	9003	7950	6980	4755	
DHL	-60000	-60000	1	11	2	4	13	20	9	0	3	8951019	2244	2253	1119	2143	9003	7950	6980	4755	
DHL	-60200	-60200	1	9	2	2	12	20	11	0	4	8937022	2244	2253	1119	2143	9003	7950	6980	4755	
DHL	-60400	-60400	3	8	2	2	16	18	13	0	5	8923624	2244	2253	1119	2143	9003	7950	6980	4755	
DHL	-60600	-60600	3	7	1	3	13	21	13	0	6	8910238	2244	2253	1119	2143	9003	7950	6980	4755	
DHL	-60800	-60800	3	5	1	5	13	23	12	0	6	8896827	2244	2253	1119	2143	9003	7950	6980	4755	
DHL	-61000	-61000	4	5	1	5	12	21	9	0	6	8883016	2244	2253	1119	2143	9003	7950	6980	4755	
DHL	-61200	-61200	4	5	1	6	12	20	13	0	6	8869066	2244	2253	1119	2143	9003	7950	6980	4755	
DHL	-61400	-61400	3	5	1	7	10	18	19	0	7	8855529	2244	2253	1119	2143	9003	7950	6980	4755	
DHL	-61600	-61600	5	4	1	5	12	17	19	0	8	8841589	2244	2253	1119	2143	9003	7950	6980	4755	
DHL	-61800	-61800	6	3	2	5	13	16	18	0	8	8826988	2244	2253	1119	2143	9003	7950	6980	4755	
DHL	-62000	-62000	6	5	2	3	13	17	17	0	10	8811461	2244	2253	1119	2143	9003	7950	6980	4755	
DHL	-62200	-62200	4	8	3	4	14	10	19	0	10	8796240	2244	2253	1119	2143	9003	7950	6980	4755	
DHL	-62400	-62400	4	6	3	3	15	14	17	0	10	8780196	2244	2253	1119	2143	9003	7950	6980	4755	
DHL	-62600	-62600	4	4	3	5	15	15	21	0	9	8764412	2244	2253	1119	2143	9003	7950	6980	4755	
DHL	-62800	-62800	4	6	3	5	18	14	21	0	6	8748174	2244	2253	1119	2143	9003	7950	6980	4755	
DHL	-63000	-63000	3	4	3	3	20	19	20	0	5	8731910	2244	2253	1119	2143	9003	7950	6980	4755	
DHL	-63200	-63200	4	5	4	4	20	21	20	0	5	8715720	2244	2253	1119	2143	9003	7950	6980	4755	
DHL	-63400	-63400	4	7	4	4	18	22	21	0	4	8699962	2244	2253	1119	2143	9003	7950	6980	4755	
DHL	-63600	-63600	5	10	4	4	16	24	21	0	6	8684820	2244	2253	1119	2143	9003	7950	6980	4755	
DHL	-63800	-63800	5	11	2	6	16	26	19	0	6	8670420	2244	2253	1119	2143	9003	7950	6980	4755	
DHL	-64000	-64000	4	10	1	6	17	25	17	0	5	8655580	2244	2253	1119	2143	9003	7950	6980	4755	
DHL	-64200	-64200	3	11	2	5	18	27	10	0	5	8640746	2244	2253	1119	2143	9003	7950	6980	4755	
DHL	-64400	-64400	2	10	1	4	19	28	10	0	6	8625269	2244	2253	1119	2143	9003	7950	6980	4755	
DHL	-64600	-64600	3	10	1	5	23	28	10	0	6	8610777	2244	2253	1119	2143	9003	7950	6980	4755	
DHL	-64800	-64800	2	10	0	6	23	29	8	0	5	8596571	2244	2253	1119	2143	9003	7950	6980	4755	
DHL	-65000	-65000	1	10	0	6	20	29	11	0	5	8582009	2244	2253	1119	2143	9003	7950	6980	4755	
DHL	-65200	-65200	1	9	0	6	21	26	12	0	6	8567325	2244	2253	1119	2143	9003	7950	6980	4755	
DHL	-65400	-65400	2	7	1	5	18	25	10	0	4	8552385	2244	2253	1119	2143	9003	7950	6980	4755	
DHL	-65600	-65600	0	6	1	5	16	28	11	0	6	8538584	2244	2253	1119	2143	9003	7950	6980	4755	
DHL	-65800	-65800	4	5	1	5	13	25	10	0	5	8525629	2244	2253	1119	2143	9003	7950	6980	4755	
DHL	-66000	-66000	5	5	1	3	14	25	11	0	7	8511890	2244	2253	1119	2143	9003	7950	6980	4755	
DHL	-66200	-66200	5	6	1	3	10	28	12	0	7	8497647	2244	2253	1119	2143	9003	7950	6980	4755	
DHL	-66400	-66400	5	5	1	3	10	23	12	0	8	8483450	2244	2253	1119	2143	9003	7950	6980	4755	
DHL	-66600	-66600	6	5	1	0	12	19	12	0	8	8468959	2244	2253	1119	2143	9003	7950	6980	4755	
DHL	-66800	-66800	3	5	1	1	13	19	12	0	7	8455636	2244	2253	1119	2143	9003	7950	6980	4755	
DHL	-67000	-67000	4	5	1	1	13	19	12	0	8	8443406	2244	2253	1119	2143	9003	7950	6980	4755	
DHL	-67200	-67200	4	3	1	4	16	19	13	0	8	8431605	2244	2253	1119	2143	9003	7950	6980	4755	
DHL	-67400	-67400	5	4	2	4	14	18	13	0	6	8420011	2244	2253	1119	2143	9003	7950	6980	4755	
DHL	-67600	-67600	6	5	2	7	15	19	14	0	5	8408516	2244	2253	1119	2143	9003	7950	6980	4755	
DHL	-67800	-67800	7	6	2	9	14	17	13	0	5	8396952	2244	2253	1119	2143	9003	7950	6980	4755	
DHL	-68000	-68000	8	4	2	8	12	15	16	0	6	8384987	2244	2253	1119	2143	9003	7950	6980	4755	
DHL	-68200	-68200	8	3	2	9	10	13	16	0	7	8372168	2244	2253	1119	2143	9003	7950	6980	4755	
DHL	-68400	-68400	8	2	2	7	11	15	20	0	8	8360050	2244	2253	1119	2143	9003	7950	6980	4755	
DHL	-68600	-68600	7	2	3	8	11	19	19	0	8	8348249	2244	2253	1119	2143	9003	7950	6980	4755	
DHL	-68800	-68800	7	2	3	9	11	19	20	0	8	8336006	2244	2253	1119	2143	9003	7950	6980	4755	
DHL	-69000	-69000	7	3	3	9	13	19	20	0	9	8323789	2244	2253	1119	2143	9003	7950	6980	4755	
DHL	-69200	-69200	6	5	3	7	15	18	18	0	6	8311715	2244	2253	1119	2143	9003	7950	6980	4755	
DHL	-69400	-69400	7	6	3	9	15	16	15	0	4	8299864	2244	2253	1119	2143	9003	7950	6980	4755	
DHL	-69600	-69600	7	6	3	8	16	16	15	0	4	8288287	2244	2253	1119	2143	9003	7950	6980	4755	
DHL	-69800	-69800	7	7	3	8	15	16	13	0	3	8275677	2244	2253	1119	2143	9003	7950	6980	4755	
DHL	-70000	-70000	6	7	3	8	13	15	14	0	3	8263667	2244	2253	1119	2143	9003	7950	6980	4755	
DHL	-70200	-70200	6	6	3	7	13	16	16	0	3	8252409	2244	2253	1119	2143	9003	7950	6980	4755	
DHL	-70400	-70400	4	6	4	6	13	15	15	0	5	8241145	2244	2253	1119	2143	9003	7950	6980	4755	
DHL	-70600	-70600	3	7	5	4	14	13	19	0	5	8229612	2244	2253	1119	2143	9003	7950	6980	4755	
DHL	-70800	-70800	4	7	5	4	12	14	19	0	4	8217233	2244	2253	1119	2143	9003	7950	6980	4755	
DHL	-71000	-71000	3	9	5	5	12	16	18	0	6	8204842	2244	2253	1119	2143	9003	7950	6980	4755	
DHL	-71200	-71200	3	8	5	5	8	17	14	0	5	8193045	2244	2253	1119	2143	9003	7950	6980	4755	
DHL	-71400	-71400	4	7	4	5	8	17	16	0	6	8181249	2244	2253	1119	2143	9003	7950	6980	4755	
DHL	-71600	-71600	5	6	3	5	5	18	16	0	3	8169193	2244	2253	1119	2143	9003	7950	6980	4755	
DHL	-71800	-71800	5	8	1	4	4	19	17	0	3	8157339	2244	2253	1119	2143	9003	7950	6980	4755	
DHL	-72000	-72000	5	9	1	4	5	16	17	0	5	8145393	2244	2253	1119	2143	9003	7950	6980	4755	
DHL	-72200	-72200	5	9	1	4	5	18	19	0	7	8133956	2244	2253	1119	2143	9003	7950	6980	4755	
DHL	-72400	-72400	5	10	1	3	6	17	19	0	10	8123044	2244	2253	1119	2143	9003	7950	6980	4755	
DHL	-72600	-72600	5	10	1	3	7	21	16	0	8	8112116	2244	2253	1119	2143	9003	7950	6980	4755	
DHL	-72800	-72800	5	10	0	2	13	23	19	0	7	8102032	2244	2253	1119	2143	9003	7950	6980	4755	
DHL	-73000	-73000	4	10	0	2	14	21	20	0	9	8091216	2244	2253	1119	2143	9003	7950	6980	4755	
DHL	-73200	-73200	4	10	0	4	16	29	18	0	9	8080363	2244	2253	1119	2143	9003	7950	6980	4755	
DHL	-73400	-73400	6	10	0	7	19	29	16	0	10	8069960	2244	2253	1119	2143	9003	7950	6980	4755	
DHL	-73600	-73600	5	8	1	10	17	25	14	0	10	8058541	2244	2253	1119	2143	9003	7950	6980	4755	
DHL	-73800	-73800	5	8	2	9	15	29	11	0	8	8045794	2244	2253	1119	2143	9003	7950	6980	4755	
DHL	-74000	-74000	6	6	2	10	14	28	11	0	5	8032483	2244	2253	1119	2143	9003	7950	6980	4755	
DHL	-74200	-74200	8	7	2	12	12	25	14	0	6	8019155	2244	2253	1119	2143	9003	7950	6980	4755	
DHL	-74400	-74400	8	3	2	12	16	19	12	0	4	8005582	2244	2253	1119	2143	9003	7950	6980	4755	
DHL	-74600	-74600	8	3	2	12	16	18	15	0	2	7991447	2244	2253	1119	2143	9003	7950	6980	4755	
DHL	-74800	-74800	8	2	1	11	17	19	15	0	3	7976411	2244	2253	1119	2143	9003	7950	6980	4755	
DHL	-75000	-75000	5	2	1	10	16	19	16	0	5	7961417	2244	2253	1119	2143	9003	7950	6980	4755	
DHL	-75200	-75200	3	2	1	9	17	19	14	0	6	7946782	2244	2253	1119	2143	9003	7950	6980	4755	
DHL	-75400	-75400	2	1	2	10	13	17	19	0	7	7932178	2244	2253	1119	2143	9003	7950	6980	4755	
DHL	-75600	-75600	2	1	2	8	13	17	18	0	6	7917194	2244	2253	1119	2143	9003	7950	6980	4755	
DHL	-75800	-75800	4	1	2	7	11	20	17	0	5	7903576	2244	2253	1119	2143	9003	7950	6980	4755	
DHL	-76000	-76000	4	1	3	6	10	20	16	0	3	7890990	2244	2253	1119	2143	9003	7950	6980	4755	
DHL	-76200	-76200	3	1	2	5	11	20	17	0	4	7879192	2244	2253	1119	2143	9003	7950	6980	4755	
DHL	-76400	-76400	4	1	2	4	13	20	16	0	4	7867908	2244	2253	1119	2143	9003	7950	6980	4755	
DHL	-76600	-76600	4	1	2	4	15	19	8	0	2	7858356	2244	2253	1119	2143	9003	7950	6980	4755	
DHL	-76800	-76800	6	3	2	5	14	19	9	0	3	7849714	2244	2253	1119	2143	9003	7950	6980	4755	
DHL	-77000	-77000	7	2	2	5	16	15	11	0	3	7839772	2244	2253	1119	2143	9003	7950	6980	4755	
DHL	-77200	-77200	8	4	2	5	14	13	11	0	4	7829128	2244	2253	1119	2143	9003	7950	6980	4755	
DHL	-77400	-77400	11	9	2	5	13	13	12	0	5	7818453	2244	2253	1119	2143	9003	7950	6980	4755	
DHL	-77600	-77600	9	13	2	4	13	12	14	0	6	7808408	2244	2253	1119	2143	9003	7950	6980	4755	
DHL	-77800	-77800	9	13	2	5	11	8	12	0	7	7798211	2244	2253	1119	2143	9003	7950	6980	4755	
DHL	-78000	-78000	9	15	3	5	12	6	10	0	7	7787808	2244	2253	1119	2143	9003	7950	6980	4755	
DHL	-78200	-78200	8	15	3	4	10	5	10	0	7	7777761	2244	2253	1119	2143	9003	7950	6980	4755	
DHL	-78400	-78400	6	14	3	2	10	5	11	0	6	7766335	2244	2253	1119	2143	9003	7950	6980	4755	
DHL	-78600	-78600	8	14	2	3	10	7	12	0	4	7755941	2244	2253	1119	2143	9003	7950	6980	4755	
DHL	-78800	-78800	7	13	2	3	8	8	15	0	2	7745558	2244	2253	1119	2143	9003	7950	6980	4755	
DHL	-79000	-79000	7	5	2	3	10	8	14	0	2	7735354	2244	2253	1119	2143	9003	7950	6980	4755	
DHL	-79200	-79200	8	3	2	3	8	14	16	0	5	7726869	2244	2253	1119	2143	9003	7950	6980	4755	
DHL	-79400	-79400	7	2	2	5	8	17	16	0	8	7718303	2244	2253	1119	2143	9003	7950	6980	4755	
DHL	-79600	-79600	7	1	2	5	7	18	13	0	10	7709217	2244	2253	1119	2143	9003	7950	6980	4755	
DHL	-79800	-79800	6	0	4	4	7	18	11	0	11	7700301	2244	2253	1119	2143	9003	7950	6980	4755	
DHL	-80000	-80000	7	2	3	3	9	14	11	0	14	7691681	2244	2253	1119	2143	9003	7950	6980	4755	
DHL	-80200	-80200	5	2	3	4	13	14	10	0	15	7682820	2244	2253	1119	2143	9003	7950	6980	4755	
DHL	-80400	-80400	5	3	4	3	13	15	12	0	15	7673842	2244	2253	1119	2143	9003	7950	6980	4755	
DHL	-80600	-80600	5	6	4	3	12	14	14	0	11	7664257	2244	2253	1119	2143	9003	7950	6980	4755	
DHL	-80800	-80800	6	7	4	3	13	14	15	0	7	7654269	2244	2253	1119	2143	9003	7950	6980	4755	
DHL	-81000	-81000	7	7	3	2	9	13	11	0	6	7644248	2244	2253	1119	2143	9003	7950	6980	4755	
DHL	-81200	-81200	7	7	3	3	8	13	11	0	4	7634912	2244	2253	1119	2143	9003	7950	6980	4755	
DHL	-81400	-81400	6	8	2	3	13	16	12	0	4	7625990	2244	2253	1119	2143	9003	7950	6980	4755	
DHL	-81600	-81600	6	8	2	3	15	16	14	0	6	7616763	2244	2253	1119	2143	9003	7950	6980	4755	
DHL	-81800	-81800	6	6	2	1	14	15	13	0	5	7607088	2244	2253	1119	2143	9003	7950	6980	4755	
DHL	-82000	-82000	7	5	1	1	12	14	10	0	4	7597270	2244	2253	1119	2143	9003	7950	6980	4755	
DHL	-82200	-82200	6	5	0	1	11	12	13	0	4	7587317	2244	2253	1119	2143	9003	7950	6980	4755	
DHL	-82400	-82400	6	5	0	1	11	10	14	0	4	7577596	2244	2253	1119	2143	9003	7950	6980	4755	
DHL	-82600	-82600	6	7	0	2	13	9	10	0	9	7566975	2244	2253	1119	2143	9003	7950	6980	4755	
DHL	-82800	-82800	5	7	0	2	13	8	10	0	11	7555628	2244	2253	1119	2143	9003	7950	6980	4755	
DHL	-83000	-83000	2	8	0	3	13	9	9	0	8	7544284	2244	2253	1119	2143	9003	7950	6980	4755	
DHL	-83200	-83200	3	9	0	2	13	13	11	0	8	7532893	2244	2253	1119	2143	9003	7950	6980	4755	
DHL	-83400	-83400	4	10	0	2	14	14	12	0	10	7521205	2244	2253	1119	2143	9003	7950	6980	4755	
DHL	-83600	-83600	4	13	1	6	11	16	12	0	9	7510984	2244	2253	1119	2143	9003	7950	6980	4755	
DHL	-83800	-83800	3	15	1	7	10	20	10	0	10	7500549	2244	2253	1119	2143	9003	7950	6980	4755	
DHL	-84000	-84000	4	12	1	8	11	20	15	0	8	7489927	2244	2253	1119	2143	9003	7950	6980	4755	
DHL	-84200	-84200	6	13	1	9	10	19	15	0	11	7479847	2244	2253	1119	2143	9003	7950	6980	4755	
DHL	-84400	-84400	5	10	1	10	10	21	13	0	10	7469530	2244	2253	1119	2143	9003	7950	6980	4755	
DHL	-84600	-84600	4	10	3	10	9	21	12	0	9	7459916	2244	2253	1119	2143	9003	7950	6980	4755	
DHL	-84800	-84800	4	10	3	10	11	22	14	0	9	7451321	2244	2253	1119	2143	9003	7950	6980	4755	
DHL	-85000	-85000	4	9	4	8	10	21	14	0	8	7442733	2244	2253	1119	2143	9003	7950	6980	4755	
DHL	-85200	-85200	6	6	4	8	11	21	13	0	8	7433990	2244	2253	1119	2143	9003	7950	6980	4755	
DHL	-85400	-85400	6	8	4	7	11	23	13	0	4	7425423	2244	2253	1119	2143	9003	7950	6980	4755	
DHL	-85600	-85600	5	11	4	7	10	20	11	0	3	7416226	2244	2253	1119	2143	9003	7950	6980	4755	
DHL	-85800	-85800	5	10	4	7	12	21	13	0	2	7406352	2244	2253	1119	2143	9003	7950	6980	4755	
DHL	-86000	-86000	5	7	2	8	10	20	13	0	4	7396270	2244	2253	1119	2143	9003	7950	6980	4755	
DHL	-86200	-86200	4	9	2	6	10	22	14	0	5	7386319	2244	2253	1119	2143	9003	7950	6980	4755	
DHL	-86400	-86400	4	8	2	5	12	18	13	0	7	7375902	2244	2253	1119	2143	9003	7950	6980	4755	
DHL	-86600	-86600	1	3	2	5	13	19	14	0	8	7365905	2244	2253	1119	2143	9003	7950	6980	4755	
DHL	-86800	-86800	2	3	1	4	13	18	14	0	6	7355836	2244	2253	1119	2143	9003	7950	6980	4755	
DHL	-87000	-87000	3	4	1	4	16	18	12	0	7	7346086	2244	2253	1119	2143	9003	7950	6980	4755	
DHL	-87200	-87200	3	6	1	5	17	18	12	0	7	7336717	2244	2253	1119	2143	9003	7950	6980	4755	
DHL	-87400	-87400	4	7	0	5	17	18	10	0	9	7327346	2244	2253	1119	2143	9003	7950	6980	4755	
DHL	-87600	-87600	3	6	0	6	18	19	8	0	10	7316909	2244	2253	1119	2143	9003	7950	6980	4755	
DHL	-87800	-87800	3	6	0	7	17	21	12	0	9	7306177	2244	2253	1119	2143	9003	7950	6980	4755	
DHL	-88000	-88000	2	3	0	7	16	19	11	0	10	7295901	2244	2253	1119	2143	9003	7950	6980	4755	
DHL	-88200	-88200	3	3	0	6	13	21	9	0	12	7286391	2244	2253	1119	2143	9003	7950	6980	4755	
DHL	-88400	-88400	3	4	2	6	11	21	13	0	10	7276675	2244	2253	1119	2143	9003	7950	6980	4755	
DHL	-88600	-88600	5	3	2	7	14	19	14	0	11	7267318	2244	2253	1119	2143	9003	7950	6980	4755	
DHL	-88800	-88800	6	2	1	7	11	17	12	0	11	7258102	2244	2253	1119	2143	9003	7950	6980	4755	
DHL	-89000	-89000	5	2	2	8	11	19	12	0	10	7248909	2244	2253	1119	2143	9003	7950	6980	4755	
DHL	-89200	-89200	6	1	2	7	9	18	15	0	11	7238937	2244	2253	1119	2143	9003	7950	6980	4755	
DHL	-89400	-89400	5	3	2	5	9	18	16	0	11	7228831	2244	2253	1119	2143	9003	7950	6980	4755	
DHL	-89600	-89600	5	5	2	3	9	17	17	0	15	7218713	2244	2253	1119	2143	9003	7950	6980	4755	
DHL	-89800	-89800	4	6	2	5	10	18	17	0	14	7208656	2244	2253	1119	2143	9003	7950	6980	4755	
DHL	-90000	-90000	3	5	2	4	9	21	16	0	15	7199055	2244	2253	1119	2143	9003	7950	6980	4755	
DHL	-90200	-90200	3	5	1	4	8	17	16	0	13	7189399	2244	2253	1119	2143	9003	7950	6980	4755	
DHL	-90400	-90400	4	6	1	5	9	21	15	0	11	7179706	2244	2253	1119	2143	9003	7950	6980	4755	
DHL	-90600	-90600	5	6	2	4	9	23	16	0	10	7170129	2244	2253	1119	2143	9003	7950	6980	4755	
DHL	-90800	-90800	4	5	2	4	10	21	14	0	10	7161098	2244	2253	1119	2143	9003	7950	6980	4755	
DHL	-91000	-91000	5	4	2	2	9	19	12	0	10	7151969	2244	2253	1119	2143	9003	7950	6980	4755	
DHL	-91200	-91200	5	7	2	1	10	18	13	0	9	7143062	2244	2253	1119	2143	9003	7950	6980	4755	
DHL	-91400	-91400	5	7	2	1	9	17	15	0	9	7133874	2244	2253	1119	2143	9003	7950	6980	4755	
DHL	-91600	-91600	5	9	2	2	8	13	15	0	11	7125162	2244	2253	1119	2143	9003	7950	6980	4755	
DHL	-91800	-91800	3	5	2	3	7	15	12	0	11	7117000	2244	2253	1119	2143	9003	7950	6980	4755	
DHL	-92000	-92000	4	6	2	3	7	14	11	0	8	7108173	2244	2253	1119	2143	9003	7950	6980	4755	
DHL	-92200	-92200	5	4	2	3	7	14	11	0	8	7099229	2244	2253	1119	2143	9003	7950	6980	4755	
DHL	-92400	-92400	5	4	3	2	8	13	11	0	9	7090662	2244	2253	1119	2143	9003	7950	6980	4755	
DHL	-92600	-92600	5	4	2	2	9	13	8	0	8	7081726	2244	2253	1119	2143	9003	7950	6980	4755	
DHL	-92800	-92800	5	4	4	2	8	14	6	0	5	7072860	2244	2253	1119	2143	9003	7950	6980	4755	
DHL	-93000	-93000	5	4	5	1	15	13	9	0	4	7063182	2244	2253	1119	2143	9003	7950	6980	4755	
DHL	-93200	-93200	5	5	5	2	15	14	9	0	3	7052563	2244	2253	1119	2143	9003	7950	6980	4755	
DHL	-93400	-93400	5	5	4	2	15	16	12	0	2	7041698	2244	2253	1119	2143	9003	7950	6980	4755	
DHL	-93600	-93600	5	4	3	3	15	17	11	0	4	7031249	2244	2253	1119	2143	9003	7950	6980	4755	
DHL	-93800	-93800	3	4	2	4	16	14	14	0	6	7020597	2244	2253	1119	2143	9003	7950	6980	4755	
DHL	-94000	-94000	4	5	2	4	14	10	11	0	7	7011610	2244	2253	1119	2143	9003	7950	6980	4755	
DHL	-94200	-94200	4	5	3	4	15	9	12	0	6	7002802	2244	2253	1119	2143	9003	7950	6980	4755	
DHL	-94400	-94400	4	5	3	5	14	8	12	0	5	6993546	2244	2253	1119	2143	9003	7950	6980	4755	
DHL	-94600	-94600	4	4	2	5	13	8	14	0	5	6983777	2244	2253	1119	2143	9003	7950	6980	4755	
DHL	-94800	-94800	5	3	1	4	18	13	12	0	5	6973611	2244	2253	1119	2143	9003	7950	6980	4755	
DHL	-95000	-95000	5	3	0	4	18	19	12	0	5	6962551	2244	2253	1119	2143	9003	7950	6980	4755	
DHL	-95200	-95200	6	3	1	5	23	18	15	0	6	6951378	2244	2253	1119	2143	9003	7950	6980	4755	
DHL	-95400	-95400	6	3	1	5	27	18	15	0	7	6940017	2244	2253	1119	2143	9003	7950	6980	4755	
DHL	-95600	-95600	4	4	2	7	29	17	16	0	7	6928702	2244	2253	1119	2143	9003	7950	6980	4755	
DHL	-95800	-95800	4	5	2	7	32	17	17	0	5	6917464	2244	2253	1119	2143	9003	7950	6980	4755	
DHL	-96000	-96000	4	3	3	7	30	17	16	0	6	6906587	2244	2253	1119	2143	9003	7950	6980	4755	
DHL	-96200	-96200	4	4	4	6	26	15	15	0	5	6895822	2244	2253	1119	2143	9003	7950	6980	4755	
DHL	-96400	-96400	2	4	4	5	25	15	19	0	5	6884747	2244	2253	1119	2143	9003	7950	6980	4755	
DHL	-96600	-96600	3	4	3	6	23	15	18	0	4	6874325	2244	2253	1119	2143	9003	7950	6980	4755	
DHL	-96800	-96800	3	2	3	6	24	14	18	0	5	6863666	2244	2253	1119	2143	9003	7950	6980	4755	
DHL	-97000	-97000	1	3	3	3	22	14	19	0	5	6852506	2244	2253	1119	2143	9003	7950	6980	4755	
DHL	-97200	-97200	4	3	2	3	22	16	19	0	3	6842364	2244	2253	1119	2143	9003	7950	6980	4755	
DHL	-97400	-97400	5	3	2	2	20	19	20	0	3	6833338	2244	2253	1119	2143	9003	7950	6980	4755	
DHL	-97600	-97600	5	4	2	2	22	18	21	0	3	6824193	2244	2253	1119	2143	9003	7950	6980	4755	
DHL	-97800	-97800	5	6	2	3	20	17	23	0	4	6814251	2244	2253	1119	2143	9003	7950	6980	4755	
DHL	-98000	-98000	3	4	0	2	17	16	27	0	3	6804397	2244	2253	1119	2143	9003	7950	6980	4755	
DHL	-98200	-98200	3	5	0	2	19	15	29	0	3	6795488	2244	2253	1119	2143	9003	7950	6980	4755	
DHL	-98400	-98400	3	4	1	1	15	17	30	0	5	6786571	2244	2253	1119	2143	9003	7950	6980	4755	
DHL	-98600	-98600	3	3	1	2	12	18	27	0	7	6777851	2244	2253	1119	2143	9003	7950	6980	4755	
DHL	-98800	-98800	1	2	2	2	9	14	24	0	8	6769486	2244	2253	1119	2143	9003	7950	6980	4755	
DHL	-99000	-99000	1	2	3	3	7	14	19	0	10	6761627	2244	2253	1119	2143	9003	7950	6980	4755	
DHL	-99200	-99200	2	2	3	4	3	11	17	0	11	6754832	2244	2253	1119	2143	9003	7950	6980	4755	
DHL	-99400	-99400	2	3	4	3	5	11	13	0	6	6748063	2244	2253	1119	2143	9003	7950	6980	4755	
DHL	-99600	-99600	4	3	2	3	5	13	15	0	7	6741295	2244	2253	1119	2143	9003	7950	6980	4755	
DHL	-99800	-99800	5	3	2	4	4	13	16	0	6	6734438	2244	2253	1119	2143	9003	7950	6980	4755	
DHL	-100000	-100000	5	4	1	4	2	12	16	0	7	6727997	2244	2253	1119	2143	9003	7950	6980	4755	
