FL	0	0	70	37	3	152	52	27	10	179	8	18336215	20421	4617	111	1773	4068	20501	2373	12989	460	
FL	-200	-200	74	35	3	143	53	31	8	171	8	18210148	20421	4617	111	1773	4068	20501	2373	12989	460	
FL	-400	-400	76	35	3	132	50	30	6	164	8	17897201	20421	4617	111	1773	4068	20501	2373	12989	460	
FL	-600	-600	78	38	3	124	52	39	9	155	8	17554553	20421	4617	111	1773	4068	20501	2373	12989	460	
FL	-800	-800	81	35	3	119	48	44	9	155	9	17239703	20421	4617	111	1773	4068	20501	2373	12989	460	
FL	-1000	-1000	85	35	3	109	49	54	9	143	8	16976312	20421	4617	111	1773	4068	20501	2373	12989	460	
FL	-1200	-1200	91	32	3	95	45	66	11	131	7	16766859	20421	4617	111	1773	4068	20501	2373	12989	460	
FL	-1400	-1400	93	32	2	88	44	72	11	124	7	16602253	20421	4617	111	1773	4068	20501	2373	12989	460	
FL	-1600	-1600	100	30	3	81	43	79	11	109	7	16469961	20421	4617	111	1773	4068	20501	2373	12989	460	
FL	-1800	-1800	103	33	3	76	42	88	8	105	7	16358421	20421	4617	111	1773	4068	20501	2373	12989	460	
FL	-2000	-2000	106	36	3	67	39	96	9	100	7	16263327	20421	4617	111	1773	4068	20501	2373	12989	460	
FL	-2200	-2200	114	33	3	64	35	101	10	94	6	16181259	20421	4617	111	1773	4068	20501	2373	12989	460	
FL	-2400	-2400	131	24	6	61	32	92	12	95	5	16111028	20421	4617	111	1773	4068	20501	2373	12989	460	
FL	-2600	-2600	132	20	4	53	29	101	13	86	5	16046791	20421	4617	111	1773	4068	20501	2373	12989	460	
FL	-2800	-2800	131	22	4	52	29	106	11	80	3	15987515	20421	4617	111	1773	4068	20501	2373	12989	460	
FL	-3000	-3000	135	22	4	54	27	114	12	79	1	15932990	20421	4617	111	1773	4068	20501	2373	12989	460	
FL	-3200	-3200	131	22	4	46	26	115	15	79	1	15880788	20421	4617	111	1773	4068	20501	2373	12989	460	
FL	-3400	-3400	127	23	3	39	21	122	14	73	1	15828478	20421	4617	111	1773	4068	20501	2373	12989	460	
FL	-3600	-3600	128	23	3	32	20	123	17	72	1	15777756	20421	4617	111	1773	4068	20501	2373	12989	460	
FL	-3800	-3800	135	25	1	27	20	115	15	69	1	15728787	20421	4617	111	1773	4068	20501	2373	12989	460	
FL	-4000	-4000	140	27	1	23	18	121	16	65	0	15679587	20421	4617	111	1773	4068	20501	2373	12989	460	
FL	-4200	-4200	150	27	1	23	13	118	15	65	0	15631259	20421	4617	111	1773	4068	20501	2373	12989	460	
FL	-4400	-4400	154	27	1	23	12	127	15	63	1	15585802	20421	4617	111	1773	4068	20501	2373	12989	460	
FL	-4600	-4600	158	28	1	19	10	125	15	68	1	15541102	20421	4617	111	1773	4068	20501	2373	12989	460	
FL	-4800	-4800	160	28	1	17	11	134	13	67	1	15495806	20421	4617	111	1773	4068	20501	2373	12989	460	
FL	-5000	-5000	167	29	1	15	9	131	15	66	1	15449903	20421	4617	111	1773	4068	20501	2373	12989	460	
FL	-5200	-5200	170	29	1	14	7	135	13	62	1	15403300	20421	4617	111	1773	4068	20501	2373	12989	460	
FL	-5400	-5400	169	31	1	11	8	138	15	62	2	15356999	20421	4617	111	1773	4068	20501	2373	12989	460	
FL	-5600	-5600	149	33	1	8	6	137	18	63	1	15309320	20421	4617	111	1773	4068	20501	2373	12989	460	
FL	-5800	-5800	150	30	1	7	8	135	17	64	1	15262010	20421	4617	111	1773	4068	20501	2373	12989	460	
FL	-6000	-6000	151	31	1	6	10	130	16	62	1	15213537	20421	4617	111	1773	4068	20501	2373	12989	460	
FL	-6200	-6200	144	30	1	5	10	128	17	58	1	15165900	20421	4617	111	1773	4068	20501	2373	12989	460	
FL	-6400	-6400	142	27	1	5	10	126	17	56	1	15118972	20421	4617	111	1773	4068	20501	2373	12989	460	
FL	-6600	-6600	137	27	1	6	15	121	17	54	1	15075248	20421	4617	111	1773	4068	20501	2373	12989	460	
FL	-6800	-6800	140	31	1	8	14	116	16	52	1	15032445	20421	4617	111	1773	4068	20501	2373	12989	460	
FL	-7000	-7000	142	27	1	6	14	119	18	55	1	14990739	20421	4617	111	1773	4068	20501	2373	12989	460	
FL	-7200	-7200	138	23	1	7	11	130	16	52	0	14950907	20421	4617	111	1773	4068	20501	2373	12989	460	
FL	-7400	-7400	141	22	1	8	13	121	16	55	0	14913585	20421	4617	111	1773	4068	20501	2373	12989	460	
FL	-7600	-7600	138	17	1	6	15	133	13	53	0	14876010	20421	4617	111	1773	4068	20501	2373	12989	460	
FL	-7800	-7800	135	18	1	6	17	127	12	58	0	14839040	20421	4617	111	1773	4068	20501	2373	12989	460	
FL	-8000	-8000	135	21	2	9	14	129	12	50	0	14800848	20421	4617	111	1773	4068	20501	2373	12989	460	
FL	-8200	-8200	137	19	2	9	15	138	11	51	0	14762201	20421	4617	111	1773	4068	20501	2373	12989	460	
FL	-8400	-8400	135	22	2	8	18	137	12	49	0	14722982	20421	4617	111	1773	4068	20501	2373	12989	460	
FL	-8600	-8600	127	24	2	5	14	151	9	46	1	14683684	20421	4617	111	1773	4068	20501	2373	12989	460	
FL	-8800	-8800	125	21	1	4	11	142	8	51	1	14643923	20421	4617	111	1773	4068	20501	2373	12989	460	
FL	-9000	-9000	122	22	1	3	10	149	7	59	1	14603390	20421	4617	111	1773	4068	20501	2373	12989	460	
FL	-9200	-9200	130	22	1	3	9	139	8	63	1	14561784	20421	4617	111	1773	4068	20501	2373	12989	460	
FL	-9400	-9400	135	20	1	3	9	142	9	61	1	14521396	20421	4617	111	1773	4068	20501	2373	12989	460	
FL	-9600	-9600	146	21	1	3	6	141	12	61	1	14482544	20421	4617	111	1773	4068	20501	2373	12989	460	
FL	-9800	-9800	150	21	1	4	5	139	11	62	1	14444134	20421	4617	111	1773	4068	20501	2373	12989	460	
FL	-10000	-10000	147	24	1	5	3	142	10	60	1	14405059	20421	4617	111	1773	4068	20501	2373	12989	460	
FL	-10200	-10200	148	25	1	5	3	141	9	63	1	14367980	20421	4617	111	1773	4068	20501	2373	12989	460	
FL	-10400	-10400	153	27	2	6	4	144	10	67	1	14332272	20421	4617	111	1773	4068	20501	2373	12989	460	
FL	-10600	-10600	145	29	3	7	7	132	11	77	0	14297425	20421	4617	111	1773	4068	20501	2373	12989	460	
FL	-10800	-10800	154	33	3	6	9	131	9	73	0	14263522	20421	4617	111	1773	4068	20501	2373	12989	460	
FL	-11000	-11000	153	31	3	6	8	136	7	70	0	14230281	20421	4617	111	1773	4068	20501	2373	12989	460	
FL	-11200	-11200	143	31	3	6	9	138	7	64	0	14198577	20421	4617	111	1773	4068	20501	2373	12989	460	
FL	-11400	-11400	146	30	2	7	9	144	8	64	0	14165546	20421	4617	111	1773	4068	20501	2373	12989	460	
FL	-11600	-11600	143	25	2	7	9	153	9	62	0	14131885	20421	4617	111	1773	4068	20501	2373	12989	460	
FL	-11800	-11800	132	24	3	12	6	148	10	67	0	14097538	20421	4617	111	1773	4068	20501	2373	12989	460	
FL	-12000	-12000	135	23	3	12	6	146	12	63	0	14063160	20421	4617	111	1773	4068	20501	2373	12989	460	
FL	-12200	-12200	128	20	4	13	7	141	12	63	0	14028760	20421	4617	111	1773	4068	20501	2373	12989	460	
FL	-12400	-12400	126	18	4	11	10	142	16	57	0	13996106	20421	4617	111	1773	4068	20501	2373	12989	460	
FL	-12600	-12600	122	27	3	11	10	139	13	54	0	13965116	20421	4617	111	1773	4068	20501	2373	12989	460	
FL	-12800	-12800	123	28	2	11	10	134	15	54	0	13935044	20421	4617	111	1773	4068	20501	2373	12989	460	
FL	-13000	-13000	126	25	2	10	10	127	17	50	0	13905423	20421	4617	111	1773	4068	20501	2373	12989	460	
FL	-13200	-13200	140	26	2	9	10	138	16	50	0	13875825	20421	4617	111	1773	4068	20501	2373	12989	460	
FL	-13400	-13400	133	27	2	8	12	129	13	44	0	13846080	20421	4617	111	1773	4068	20501	2373	12989	460	
FL	-13600	-13600	137	30	2	5	11	127	12	41	0	13815653	20421	4617	111	1773	4068	20501	2373	12989	460	
FL	-13800	-13800	136	33	2	5	10	138	9	41	1	13785411	20421	4617	111	1773	4068	20501	2373	12989	460	
FL	-14000	-14000	141	30	2	5	10	141	11	46	1	13758498	20421	4617	111	1773	4068	20501	2373	12989	460	
FL	-14200	-14200	140	32	0	3	8	140	10	50	1	13732792	20421	4617	111	1773	4068	20501	2373	12989	460	
FL	-14400	-14400	134	27	0	1	8	135	12	50	1	13707308	20421	4617	111	1773	4068	20501	2373	12989	460	
FL	-14600	-14600	140	27	0	1	6	134	8	43	1	13681950	20421	4617	111	1773	4068	20501	2373	12989	460	
FL	-14800	-14800	139	24	0	4	6	138	12	47	0	13656170	20421	4617	111	1773	4068	20501	2373	12989	460	
FL	-15000	-15000	140	25	0	5	5	137	12	48	0	13630194	20421	4617	111	1773	4068	20501	2373	12989	460	
FL	-15200	-15200	132	24	0	5	4	149	14	48	0	13602755	20421	4617	111	1773	4068	20501	2373	12989	460	
FL	-15400	-15400	128	25	0	9	5	152	14	51	0	13574007	20421	4617	111	1773	4068	20501	2373	12989	460	
FL	-15600	-15600	128	22	0	10	7	156	15	46	0	13545094	20421	4617	111	1773	4068	20501	2373	12989	460	
FL	-15800	-15800	124	20	0	10	8	155	16	46	0	13516454	20421	4617	111	1773	4068	20501	2373	12989	460	
FL	-16000	-16000	123	22	0	9	8	152	17	48	0	13487506	20421	4617	111	1773	4068	20501	2373	12989	460	
FL	-16200	-16200	131	23	0	9	6	147	16	45	0	13456512	20421	4617	111	1773	4068	20501	2373	12989	460	
FL	-16400	-16400	127	24	0	6	5	144	14	37	0	13425410	20421	4617	111	1773	4068	20501	2373	12989	460	
FL	-16600	-16600	122	24	0	7	4	139	13	33	0	13395670	20421	4617	111	1773	4068	20501	2373	12989	460	
FL	-16800	-16800	134	21	0	7	4	131	9	32	0	13366120	20421	4617	111	1773	4068	20501	2373	12989	460	
FL	-17000	-17000	137	24	0	8	4	135	10	33	0	13336345	20421	4617	111	1773	4068	20501	2373	12989	460	
FL	-17200	-17200	137	22	0	7	5	131	10	36	0	13305620	20421	4617	111	1773	4068	20501	2373	12989	460	
FL	-17400	-17400	135	24	0	8	6	138	9	36	0	13274867	20421	4617	111	1773	4068	20501	2373	12989	460	
FL	-17600	-17600	136	21	0	8	10	136	11	30	0	13243328	20421	4617	111	1773	4068	20501	2373	12989	460	
FL	-17800	-17800	134	20	0	8	10	129	12	28	0	13211366	20421	4617	111	1773	4068	20501	2373	12989	460	
FL	-18000	-18000	136	21	0	9	11	117	12	28	0	13179722	20421	4617	111	1773	4068	20501	2373	12989	460	
FL	-18200	-18200	124	23	0	11	12	115	13	26	0	13147198	20421	4617	111	1773	4068	20501	2373	12989	460	
FL	-18400	-18400	127	24	0	12	12	127	12	27	0	13114174	20421	4617	111	1773	4068	20501	2373	12989	460	
FL	-18600	-18600	123	27	0	12	11	123	11	25	0	13081644	20421	4617	111	1773	4068	20501	2373	12989	460	
FL	-18800	-18800	120	27	0	12	12	126	12	31	0	13049435	20421	4617	111	1773	4068	20501	2373	12989	460	
FL	-19000	-19000	123	23	0	12	9	125	12	29	0	13019486	20421	4617	111	1773	4068	20501	2373	12989	460	
FL	-19200	-19200	110	23	1	12	9	131	11	29	1	12989843	20421	4617	111	1773	4068	20501	2373	12989	460	
FL	-19400	-19400	108	21	1	12	7	136	10	35	1	12960845	20421	4617	111	1773	4068	20501	2373	12989	460	
FL	-19600	-19600	111	24	1	11	6	131	13	41	2	12931383	20421	4617	111	1773	4068	20501	2373	12989	460	
FL	-19800	-19800	116	23	1	11	6	124	11	42	2	12902493	20421	4617	111	1773	4068	20501	2373	12989	460	
FL	-20000	-20000	114	25	1	9	8	109	11	38	2	12873457	20421	4617	111	1773	4068	20501	2373	12989	460	
FL	-20200	-20200	126	23	1	8	12	105	9	39	2	12845171	20421	4617	111	1773	4068	20501	2373	12989	460	
FL	-20400	-20400	136	23	1	10	11	123	7	41	1	12818158	20421	4617	111	1773	4068	20501	2373	12989	460	
FL	-20600	-20600	142	23	1	10	10	134	7	44	1	12791386	20421	4617	111	1773	4068	20501	2373	12989	460	
FL	-20800	-20800	143	25	1	6	8	129	6	44	1	12764448	20421	4617	111	1773	4068	20501	2373	12989	460	
FL	-21000	-21000	128	25	0	4	9	134	7	44	1	12737072	20421	4617	111	1773	4068	20501	2373	12989	460	
FL	-21200	-21200	126	27	0	3	9	133	8	46	1	12710209	20421	4617	111	1773	4068	20501	2373	12989	460	
FL	-21400	-21400	129	26	1	3	8	125	6	42	1	12684146	20421	4617	111	1773	4068	20501	2373	12989	460	
FL	-21600	-21600	127	23	1	3	9	121	6	41	1	12658570	20421	4617	111	1773	4068	20501	2373	12989	460	
FL	-21800	-21800	119	20	1	4	11	122	8	45	1	12632696	20421	4617	111	1773	4068	20501	2373	12989	460	
FL	-22000	-22000	122	20	1	4	11	125	7	52	1	12605554	20421	4617	111	1773	4068	20501	2373	12989	460	
FL	-22200	-22200	113	22	1	6	12	120	6	50	1	12579392	20421	4617	111	1773	4068	20501	2373	12989	460	
FL	-22400	-22400	120	20	0	6	13	124	6	50	1	12553129	20421	4617	111	1773	4068	20501	2373	12989	460	
FL	-22600	-22600	123	21	0	7	12	116	5	49	1	12526462	20421	4617	111	1773	4068	20501	2373	12989	460	
FL	-22800	-22800	122	21	1	7	11	120	6	58	0	12501484	20421	4617	111	1773	4068	20501	2373	12989	460	
FL	-23000	-23000	126	22	1	7	12	112	10	59	0	12477139	20421	4617	111	1773	4068	20501	2373	12989	460	
FL	-23200	-23200	126	21	1	6	14	111	11	61	0	12453196	20421	4617	111	1773	4068	20501	2373	12989	460	
FL	-23400	-23400	125	20	1	4	12	114	11	53	0	12430468	20421	4617	111	1773	4068	20501	2373	12989	460	
FL	-23600	-23600	134	27	1	8	12	114	11	48	0	12407498	20421	4617	111	1773	4068	20501	2373	12989	460	
FL	-23800	-23800	123	26	1	8	11	117	14	51	0	12384299	20421	4617	111	1773	4068	20501	2373	12989	460	
FL	-24000	-24000	122	26	1	7	12	117	14	49	0	12361230	20421	4617	111	1773	4068	20501	2373	12989	460	
FL	-24200	-24200	124	26	1	6	12	108	15	48	0	12338332	20421	4617	111	1773	4068	20501	2373	12989	460	
FL	-24400	-24400	117	24	0	6	11	112	13	47	0	12316084	20421	4617	111	1773	4068	20501	2373	12989	460	
FL	-24600	-24600	112	23	0	7	10	114	12	46	0	12292572	20421	4617	111	1773	4068	20501	2373	12989	460	
FL	-24800	-24800	111	23	0	7	9	107	12	45	0	12269053	20421	4617	111	1773	4068	20501	2373	12989	460	
FL	-25000	-25000	114	23	0	4	9	108	13	45	0	12243892	20421	4617	111	1773	4068	20501	2373	12989	460	
FL	-25200	-25200	118	25	0	3	9	104	12	41	0	12218104	20421	4617	111	1773	4068	20501	2373	12989	460	
FL	-25400	-25400	115	29	0	1	8	98	11	41	0	12191341	20421	4617	111	1773	4068	20501	2373	12989	460	
FL	-25600	-25600	111	26	0	1	6	96	9	38	1	12162822	20421	4617	111	1773	4068	20501	2373	12989	460	
FL	-25800	-25800	107	24	1	1	6	100	9	38	1	12133340	20421	4617	111	1773	4068	20501	2373	12989	460	
FL	-26000	-26000	117	21	1	2	4	99	10	33	1	12103415	20421	4617	111	1773	4068	20501	2373	12989	460	
FL	-26200	-26200	118	18	1	2	5	108	10	29	1	12072972	20421	4617	111	1773	4068	20501	2373	12989	460	
FL	-26400	-26400	117	20	1	2	4	106	11	32	1	12041769	20421	4617	111	1773	4068	20501	2373	12989	460	
FL	-26600	-26600	103	21	1	2	5	112	10	32	1	12011380	20421	4617	111	1773	4068	20501	2373	12989	460	
FL	-26800	-26800	108	26	1	4	5	112	12	32	1	11983232	20421	4617	111	1773	4068	20501	2373	12989	460	
FL	-27000	-27000	107	26	1	3	5	109	12	35	0	11956224	20421	4617	111	1773	4068	20501	2373	12989	460	
FL	-27200	-27200	98	23	0	4	6	111	12	37	0	11929303	20421	4617	111	1773	4068	20501	2373	12989	460	
FL	-27400	-27400	108	24	0	4	7	119	12	41	0	11904927	20421	4617	111	1773	4068	20501	2373	12989	460	
FL	-27600	-27600	109	23	0	2	6	119	14	41	0	11881900	20421	4617	111	1773	4068	20501	2373	12989	460	
FL	-27800	-27800	108	24	0	1	7	126	13	42	0	11858954	20421	4617	111	1773	4068	20501	2373	12989	460	
FL	-28000	-28000	110	23	0	1	8	122	14	37	0	11836037	20421	4617	111	1773	4068	20501	2373	12989	460	
FL	-28200	-28200	110	18	0	2	11	128	13	37	0	11812284	20421	4617	111	1773	4068	20501	2373	12989	460	
FL	-28400	-28400	114	22	0	2	15	123	10	32	0	11788324	20421	4617	111	1773	4068	20501	2373	12989	460	
FL	-28600	-28600	111	21	0	2	16	123	10	29	0	11765228	20421	4617	111	1773	4068	20501	2373	12989	460	
FL	-28800	-28800	103	22	0	3	17	120	10	33	0	11741650	20421	4617	111	1773	4068	20501	2373	12989	460	
FL	-29000	-29000	106	23	0	3	15	113	11	34	0	11718835	20421	4617	111	1773	4068	20501	2373	12989	460	
FL	-29200	-29200	111	20	0	3	15	113	12	32	0	11696008	20421	4617	111	1773	4068	20501	2373	12989	460	
FL	-29400	-29400	112	19	0	4	11	96	12	28	0	11671813	20421	4617	111	1773	4068	20501	2373	12989	460	
FL	-29600	-29600	99	20	0	4	13	93	10	32	0	11647268	20421	4617	111	1773	4068	20501	2373	12989	460	
FL	-29800	-29800	110	21	0	5	14	96	11	34	0	11623054	20421	4617	111	1773	4068	20501	2373	12989	460	
FL	-30000	-30000	104	18	0	5	17	102	12	40	1	11597856	20421	4617	111	1773	4068	20501	2373	12989	460	
FL	-30200	-30200	102	16	0	6	12	93	8	41	1	11572427	20421	4617	111	1773	4068	20501	2373	12989	460	
FL	-30400	-30400	106	16	0	6	12	95	7	46	2	11547471	20421	4617	111	1773	4068	20501	2373	12989	460	
FL	-30600	-30600	105	18	0	5	10	96	6	44	2	11524699	20421	4617	111	1773	4068	20501	2373	12989	460	
FL	-30800	-30800	106	19	0	5	10	99	6	44	2	11502034	20421	4617	111	1773	4068	20501	2373	12989	460	
FL	-31000	-31000	105	17	0	5	8	96	6	48	2	11478661	20421	4617	111	1773	4068	20501	2373	12989	460	
FL	-31200	-31200	100	18	0	7	9	96	6	43	3	11455625	20421	4617	111	1773	4068	20501	2373	12989	460	
FL	-31400	-31400	99	21	0	8	10	110	6	41	3	11432765	20421	4617	111	1773	4068	20501	2373	12989	460	
FL	-31600	-31600	99	21	0	8	10	109	6	41	3	11410736	20421	4617	111	1773	4068	20501	2373	12989	460	
FL	-31800	-31800	104	20	0	9	9	113	6	42	3	11390344	20421	4617	111	1773	4068	20501	2373	12989	460	
FL	-32000	-32000	95	20	0	8	7	104	7	44	2	11371531	20421	4617	111	1773	4068	20501	2373	12989	460	
FL	-32200	-32200	98	17	0	9	11	106	9	39	2	11353584	20421	4617	111	1773	4068	20501	2373	12989	460	
FL	-32400	-32400	103	17	0	10	11	103	9	35	2	11337021	20421	4617	111	1773	4068	20501	2373	12989	460	
FL	-32600	-32600	112	16	0	9	12	96	9	34	2	11321019	20421	4617	111	1773	4068	20501	2373	12989	460	
FL	-32800	-32800	108	19	0	7	11	104	9	39	1	11305165	20421	4617	111	1773	4068	20501	2373	12989	460	
FL	-33000	-33000	105	18	0	7	10	107	6	42	1	11288973	20421	4617	111	1773	4068	20501	2373	12989	460	
FL	-33200	-33200	106	21	0	6	10	108	5	40	0	11272316	20421	4617	111	1773	4068	20501	2373	12989	460	
FL	-33400	-33400	114	22	0	6	10	109	6	41	0	11254695	20421	4617	111	1773	4068	20501	2373	12989	460	
FL	-33600	-33600	119	23	0	5	11	104	6	46	0	11235859	20421	4617	111	1773	4068	20501	2373	12989	460	
FL	-33800	-33800	116	26	0	2	11	105	5	45	0	11213717	20421	4617	111	1773	4068	20501	2373	12989	460	
FL	-34000	-34000	117	27	0	4	10	104	4	45	0	11194666	20421	4617	111	1773	4068	20501	2373	12989	460	
FL	-34200	-34200	113	27	0	5	9	97	7	39	0	11175328	20421	4617	111	1773	4068	20501	2373	12989	460	
FL	-34400	-34400	114	28	0	6	9	98	8	34	0	11155255	20421	4617	111	1773	4068	20501	2373	12989	460	
FL	-34600	-34600	99	26	0	6	5	102	7	32	0	11135137	20421	4617	111	1773	4068	20501	2373	12989	460	
FL	-34800	-34800	100	30	0	6	2	98	9	34	0	11114408	20421	4617	111	1773	4068	20501	2373	12989	460	
FL	-35000	-35000	96	26	0	6	5	104	6	37	0	11094738	20421	4617	111	1773	4068	20501	2373	12989	460	
FL	-35200	-35200	90	22	1	3	5	105	6	38	0	11075370	20421	4617	111	1773	4068	20501	2373	12989	460	
FL	-35400	-35400	92	18	1	4	8	103	10	35	0	11056517	20421	4617	111	1773	4068	20501	2373	12989	460	
FL	-35600	-35600	90	16	1	5	9	97	9	35	0	11038137	20421	4617	111	1773	4068	20501	2373	12989	460	
FL	-35800	-35800	93	15	1	5	9	95	9	41	0	11021653	20421	4617	111	1773	4068	20501	2373	12989	460	
FL	-36000	-36000	96	17	1	6	9	103	7	38	0	11003514	20421	4617	111	1773	4068	20501	2373	12989	460	
FL	-36200	-36200	93	20	1	5	10	99	6	37	1	10985644	20421	4617	111	1773	4068	20501	2373	12989	460	
FL	-36400	-36400	87	20	1	4	11	99	7	37	1	10967985	20421	4617	111	1773	4068	20501	2373	12989	460	
FL	-36600	-36600	78	17	0	5	7	99	9	34	1	10950983	20421	4617	111	1773	4068	20501	2373	12989	460	
FL	-36800	-36800	80	19	0	5	7	104	10	37	1	10934594	20421	4617	111	1773	4068	20501	2373	12989	460	
FL	-37000	-37000	86	18	0	5	9	108	9	41	1	10920141	20421	4617	111	1773	4068	20501	2373	12989	460	
FL	-37200	-37200	89	16	0	5	9	101	8	37	1	10905373	20421	4617	111	1773	4068	20501	2373	12989	460	
FL	-37400	-37400	89	15	0	5	11	111	9	38	2	10890278	20421	4617	111	1773	4068	20501	2373	12989	460	
FL	-37600	-37600	93	12	0	4	10	110	7	38	2	10874536	20421	4617	111	1773	4068	20501	2373	12989	460	
FL	-37800	-37800	98	13	0	4	9	109	6	37	1	10857087	20421	4617	111	1773	4068	20501	2373	12989	460	
FL	-38000	-38000	102	15	0	6	10	99	5	31	1	10838630	20421	4617	111	1773	4068	20501	2373	12989	460	
FL	-38200	-38200	101	17	0	7	11	92	5	28	1	10819177	20421	4617	111	1773	4068	20501	2373	12989	460	
FL	-38400	-38400	100	20	0	6	9	89	3	32	1	10799610	20421	4617	111	1773	4068	20501	2373	12989	460	
FL	-38600	-38600	98	20	0	7	10	98	3	36	1	10779304	20421	4617	111	1773	4068	20501	2373	12989	460	
FL	-38800	-38800	102	21	1	7	9	97	3	34	1	10759144	20421	4617	111	1773	4068	20501	2373	12989	460	
FL	-39000	-39000	91	21	2	6	10	100	1	31	1	10739513	20421	4617	111	1773	4068	20501	2373	12989	460	
FL	-39200	-39200	91	21	2	6	11	101	3	34	1	10719882	20421	4617	111	1773	4068	20501	2373	12989	460	
FL	-39400	-39400	98	19	2	6	9	100	3	33	1	10698467	20421	4617	111	1773	4068	20501	2373	12989	460	
FL	-39600	-39600	106	18	2	5	11	99	6	32	1	10676592	20421	4617	111	1773	4068	20501	2373	12989	460	
FL	-39800	-39800	101	21	2	5	9	103	7	38	1	10655860	20421	4617	111	1773	4068	20501	2373	12989	460	
FL	-40000	-40000	102	21	2	4	12	100	7	42	1	10635115	20421	4617	111	1773	4068	20501	2373	12989	460	
FL	-40200	-40200	99	21	1	4	14	108	8	44	1	10615821	20421	4617	111	1773	4068	20501	2373	12989	460	
FL	-40400	-40400	101	20	1	4	13	107	7	43	2	10595669	20421	4617	111	1773	4068	20501	2373	12989	460	
FL	-40600	-40600	100	22	0	3	13	113	5	45	3	10575207	20421	4617	111	1773	4068	20501	2373	12989	460	
FL	-40800	-40800	106	24	0	1	17	108	6	49	2	10552883	20421	4617	111	1773	4068	20501	2373	12989	460	
FL	-41000	-41000	104	22	0	0	15	106	7	50	2	10530914	20421	4617	111	1773	4068	20501	2373	12989	460	
FL	-41200	-41200	99	22	0	3	16	91	8	50	2	10509176	20421	4617	111	1773	4068	20501	2373	12989	460	
FL	-41400	-41400	104	22	0	5	13	95	9	51	2	10487253	20421	4617	111	1773	4068	20501	2373	12989	460	
FL	-41600	-41600	105	25	0	6	13	103	10	51	1	10465538	20421	4617	111	1773	4068	20501	2373	12989	460	
FL	-41800	-41800	108	24	0	7	10	110	11	51	2	10443872	20421	4617	111	1773	4068	20501	2373	12989	460	
FL	-42000	-42000	106	25	1	7	11	118	7	51	2	10422818	20421	4617	111	1773	4068	20501	2373	12989	460	
FL	-42200	-42200	108	25	1	7	11	119	7	55	3	10402224	20421	4617	111	1773	4068	20501	2373	12989	460	
FL	-42400	-42400	98	27	1	9	10	117	9	52	3	10382736	20421	4617	111	1773	4068	20501	2373	12989	460	
FL	-42600	-42600	102	25	1	10	10	122	9	50	3	10363686	20421	4617	111	1773	4068	20501	2373	12989	460	
FL	-42800	-42800	99	23	1	13	11	119	10	46	3	10345492	20421	4617	111	1773	4068	20501	2373	12989	460	
FL	-43000	-43000	102	24	1	13	12	117	9	44	2	10327777	20421	4617	111	1773	4068	20501	2373	12989	460	
FL	-43200	-43200	97	26	1	13	12	114	9	35	2	10310778	20421	4617	111	1773	4068	20501	2373	12989	460	
FL	-43400	-43400	92	29	1	15	12	121	9	29	1	10294863	20421	4617	111	1773	4068	20501	2373	12989	460	
FL	-43600	-43600	95	24	1	15	12	117	7	28	1	10280185	20421	4617	111	1773	4068	20501	2373	12989	460	
FL	-43800	-43800	99	24	1	17	14	111	8	27	0	10264515	20421	4617	111	1773	4068	20501	2373	12989	460	
FL	-44000	-44000	100	21	1	14	17	105	9	33	0	10248009	20421	4617	111	1773	4068	20501	2373	12989	460	
FL	-44200	-44200	93	24	1	14	19	101	10	31	0	10230676	20421	4617	111	1773	4068	20501	2373	12989	460	
FL	-44400	-44400	91	23	1	14	19	102	9	34	0	10213743	20421	4617	111	1773	4068	20501	2373	12989	460	
FL	-44600	-44600	89	25	0	14	14	106	7	32	0	10197156	20421	4617	111	1773	4068	20501	2373	12989	460	
FL	-44800	-44800	92	23	0	15	15	104	7	33	0	10179064	20421	4617	111	1773	4068	20501	2373	12989	460	
FL	-45000	-45000	92	23	0	15	15	105	8	30	0	10161190	20421	4617	111	1773	4068	20501	2373	12989	460	
FL	-45200	-45200	81	23	0	15	11	111	10	31	1	10143290	20421	4617	111	1773	4068	20501	2373	12989	460	
FL	-45400	-45400	80	20	0	14	10	114	10	34	1	10125576	20421	4617	111	1773	4068	20501	2373	12989	460	
FL	-45600	-45600	81	18	0	12	8	119	6	30	1	10107895	20421	4617	111	1773	4068	20501	2373	12989	460	
FL	-45800	-45800	79	16	0	10	9	121	4	30	1	10089258	20421	4617	111	1773	4068	20501	2373	12989	460	
FL	-46000	-46000	89	11	0	10	10	119	5	37	1	10071112	20421	4617	111	1773	4068	20501	2373	12989	460	
FL	-46200	-46200	88	11	0	12	11	121	5	33	1	10053626	20421	4617	111	1773	4068	20501	2373	12989	460	
FL	-46400	-46400	80	14	0	8	9	118	5	31	0	10034990	20421	4617	111	1773	4068	20501	2373	12989	460	
FL	-46600	-46600	85	19	0	8	9	105	7	30	0	10015528	20421	4617	111	1773	4068	20501	2373	12989	460	
FL	-46800	-46800	87	19	1	6	9	107	5	28	0	9996236	20421	4617	111	1773	4068	20501	2373	12989	460	
FL	-47000	-47000	89	17	1	5	8	95	3	24	0	9976759	20421	4617	111	1773	4068	20501	2373	12989	460	
FL	-47200	-47200	93	15	1	7	10	88	3	24	1	9957464	20421	4617	111	1773	4068	20501	2373	12989	460	
FL	-47400	-47400	92	12	1	5	10	88	2	22	1	9938992	20421	4617	111	1773	4068	20501	2373	12989	460	
FL	-47600	-47600	86	12	1	5	12	87	4	24	1	9920822	20421	4617	111	1773	4068	20501	2373	12989	460	
FL	-47800	-47800	87	10	1	4	10	93	4	23	1	9902613	20421	4617	111	1773	4068	20501	2373	12989	460	
FL	-48000	-48000	82	8	1	4	12	99	4	24	0	9884295	20421	4617	111	1773	4068	20501	2373	12989	460	
FL	-48200	-48200	85	10	1	3	11	94	5	23	0	9865494	20421	4617	111	1773	4068	20501	2373	12989	460	
FL	-48400	-48400	85	11	1	3	10	86	5	23	0	9845900	20421	4617	111	1773	4068	20501	2373	12989	460	
FL	-48600	-48600	92	9	1	4	8	90	5	23	0	9826235	20421	4617	111	1773	4068	20501	2373	12989	460	
FL	-48800	-48800	94	13	1	2	8	92	7	21	0	9806134	20421	4617	111	1773	4068	20501	2373	12989	460	
FL	-49000	-49000	98	13	0	2	8	92	6	20	0	9787436	20421	4617	111	1773	4068	20501	2373	12989	460	
FL	-49200	-49200	97	13	0	1	7	91	6	21	0	9769614	20421	4617	111	1773	4068	20501	2373	12989	460	
FL	-49400	-49400	94	13	0	2	7	88	7	23	0	9752371	20421	4617	111	1773	4068	20501	2373	12989	460	
FL	-49600	-49600	97	18	1	3	8	88	7	23	0	9736360	20421	4617	111	1773	4068	20501	2373	12989	460	
FL	-49800	-49800	92	16	1	4	10	81	9	25	0	9721106	20421	4617	111	1773	4068	20501	2373	12989	460	
FL	-50000	-50000	89	16	1	4	10	84	9	23	0	9705896	20421	4617	111	1773	4068	20501	2373	12989	460	
FL	-50200	-50200	92	15	1	3	10	82	11	24	0	9690994	20421	4617	111	1773	4068	20501	2373	12989	460	
FL	-50400	-50400	85	21	1	3	12	79	10	25	0	9675908	20421	4617	111	1773	4068	20501	2373	12989	460	
FL	-50600	-50600	81	20	1	4	12	85	11	26	0	9661626	20421	4617	111	1773	4068	20501	2373	12989	460	
FL	-50800	-50800	83	19	1	3	12	83	9	24	0	9646201	20421	4617	111	1773	4068	20501	2373	12989	460	
FL	-51000	-51000	82	18	1	4	11	87	8	26	0	9630105	20421	4617	111	1773	4068	20501	2373	12989	460	
FL	-51200	-51200	83	14	1	4	11	82	10	23	0	9614529	20421	4617	111	1773	4068	20501	2373	12989	460	
FL	-51400	-51400	86	15	0	5	13	79	9	24	0	9598437	20421	4617	111	1773	4068	20501	2373	12989	460	
FL	-51600	-51600	84	15	0	5	12	70	10	23	0	9581989	20421	4617	111	1773	4068	20501	2373	12989	460	
FL	-51800	-51800	88	14	0	6	11	67	12	22	0	9566736	20421	4617	111	1773	4068	20501	2373	12989	460	
FL	-52000	-52000	84	17	0	6	10	66	13	23	1	9551559	20421	4617	111	1773	4068	20501	2373	12989	460	
FL	-52200	-52200	84	17	0	6	10	62	17	27	1	9536309	20421	4617	111	1773	4068	20501	2373	12989	460	
FL	-52400	-52400	82	18	0	6	8	70	20	31	1	9519341	20421	4617	111	1773	4068	20501	2373	12989	460	
FL	-52600	-52600	76	17	0	7	8	71	21	35	1	9501573	20421	4617	111	1773	4068	20501	2373	12989	460	
FL	-52800	-52800	77	18	0	8	8	76	19	33	1	9484530	20421	4617	111	1773	4068	20501	2373	12989	460	
FL	-53000	-53000	73	21	0	7	9	78	18	35	0	9467865	20421	4617	111	1773	4068	20501	2373	12989	460	
FL	-53200	-53200	77	19	0	6	9	77	16	32	0	9451924	20421	4617	111	1773	4068	20501	2373	12989	460	
FL	-53400	-53400	76	18	0	6	9	85	14	36	1	9435389	20421	4617	111	1773	4068	20501	2373	12989	460	
FL	-53600	-53600	70	16	0	3	8	88	12	38	1	9418021	20421	4617	111	1773	4068	20501	2373	12989	460	
FL	-53800	-53800	67	15	0	4	8	89	9	37	1	9400034	20421	4617	111	1773	4068	20501	2373	12989	460	
FL	-54000	-54000	73	15	0	3	9	83	8	37	1	9380552	20421	4617	111	1773	4068	20501	2373	12989	460	
FL	-54200	-54200	73	15	0	4	9	84	7	31	1	9361898	20421	4617	111	1773	4068	20501	2373	12989	460	
FL	-54400	-54400	70	15	0	4	7	84	4	31	1	9343596	20421	4617	111	1773	4068	20501	2373	12989	460	
FL	-54600	-54600	72	16	0	4	7	93	4	31	0	9327354	20421	4617	111	1773	4068	20501	2373	12989	460	
FL	-54800	-54800	71	14	0	5	6	101	5	31	1	9312455	20421	4617	111	1773	4068	20501	2373	12989	460	
FL	-55000	-55000	62	14	0	5	6	103	5	34	1	9298428	20421	4617	111	1773	4068	20501	2373	12989	460	
FL	-55200	-55200	70	12	0	5	6	97	7	30	1	9283916	20421	4617	111	1773	4068	20501	2373	12989	460	
FL	-55400	-55400	72	12	0	4	5	93	7	30	1	9269558	20421	4617	111	1773	4068	20501	2373	12989	460	
FL	-55600	-55600	72	11	0	4	4	92	8	27	1	9256660	20421	4617	111	1773	4068	20501	2373	12989	460	
FL	-55800	-55800	69	11	0	4	4	92	7	24	1	9245138	20421	4617	111	1773	4068	20501	2373	12989	460	
FL	-56000	-56000	70	12	0	3	3	92	8	23	1	9232837	20421	4617	111	1773	4068	20501	2373	12989	460	
FL	-56200	-56200	76	12	1	3	5	88	9	22	0	9219986	20421	4617	111	1773	4068	20501	2373	12989	460	
FL	-56400	-56400	79	13	1	5	4	76	9	24	0	9207386	20421	4617	111	1773	4068	20501	2373	12989	460	
FL	-56600	-56600	84	17	1	5	4	76	7	21	0	9194062	20421	4617	111	1773	4068	20501	2373	12989	460	
FL	-56800	-56800	79	16	1	4	6	77	8	27	0	9180522	20421	4617	111	1773	4068	20501	2373	12989	460	
FL	-57000	-57000	90	17	1	6	6	77	7	30	0	9167497	20421	4617	111	1773	4068	20501	2373	12989	460	
FL	-57200	-57200	85	17	1	6	6	78	6	30	0	9154286	20421	4617	111	1773	4068	20501	2373	12989	460	
FL	-57400	-57400	83	20	1	6	6	84	7	34	0	9139833	20421	4617	111	1773	4068	20501	2373	12989	460	
FL	-57600	-57600	84	23	0	6	5	74	7	32	0	9125758	20421	4617	111	1773	4068	20501	2373	12989	460	
FL	-57800	-57800	89	23	0	6	2	77	7	30	0	9112214	20421	4617	111	1773	4068	20501	2373	12989	460	
FL	-58000	-58000	83	20	0	6	1	86	4	28	0	9098790	20421	4617	111	1773	4068	20501	2373	12989	460	
FL	-58200	-58200	79	18	0	8	1	83	5	29	0	9085356	20421	4617	111	1773	4068	20501	2373	12989	460	
FL	-58400	-58400	77	13	0	8	2	83	7	30	0	9071879	20421	4617	111	1773	4068	20501	2373	12989	460	
FL	-58600	-58600	79	14	0	6	2	84	5	28	0	9057656	20421	4617	111	1773	4068	20501	2373	12989	460	
FL	-58800	-58800	77	14	0	4	5	86	5	28	0	9043939	20421	4617	111	1773	4068	20501	2373	12989	460	
FL	-59000	-59000	77	13	0	2	5	77	6	32	0	9028791	20421	4617	111	1773	4068	20501	2373	12989	460	
FL	-59200	-59200	80	11	0	2	7	77	5	25	0	9013108	20421	4617	111	1773	4068	20501	2373	12989	460	
FL	-59400	-59400	73	10	0	1	6	78	5	26	0	8997215	20421	4617	111	1773	4068	20501	2373	12989	460	
FL	-59600	-59600	78	9	0	0	6	77	6	22	1	8981406	20421	4617	111	1773	4068	20501	2373	12989	460	
FL	-59800	-59800	85	10	0	1	8	68	4	23	1	8965835	20421	4617	111	1773	4068	20501	2373	12989	460	
FL	-60000	-60000	84	12	0	1	8	71	4	21	1	8951019	20421	4617	111	1773	4068	20501	2373	12989	460	
FL	-60200	-60200	79	15	0	1	12	71	4	22	1	8937022	20421	4617	111	1773	4068	20501	2373	12989	460	
FL	-60400	-60400	81	15	0	1	12	70	3	24	1	8923624	20421	4617	111	1773	4068	20501	2373	12989	460	
FL	-60600	-60600	88	13	0	1	12	68	3	26	1	8910238	20421	4617	111	1773	4068	20501	2373	12989	460	
FL	-60800	-60800	77	15	0	1	11	66	5	25	1	8896827	20421	4617	111	1773	4068	20501	2373	12989	460	
FL	-61000	-61000	76	14	0	3	11	68	5	27	1	8883016	20421	4617	111	1773	4068	20501	2373	12989	460	
FL	-61200	-61200	75	14	0	3	11	69	4	30	1	8869066	20421	4617	111	1773	4068	20501	2373	12989	460	
FL	-61400	-61400	68	14	0	4	12	75	5	32	2	8855529	20421	4617	111	1773	4068	20501	2373	12989	460	
FL	-61600	-61600	67	13	0	4	11	72	6	30	2	8841589	20421	4617	111	1773	4068	20501	2373	12989	460	
FL	-61800	-61800	64	13	0	3	11	71	5	31	2	8826988	20421	4617	111	1773	4068	20501	2373	12989	460	
FL	-62000	-62000	65	14	0	5	11	73	7	27	2	8811461	20421	4617	111	1773	4068	20501	2373	12989	460	
FL	-62200	-62200	65	11	0	5	10	76	8	27	1	8796240	20421	4617	111	1773	4068	20501	2373	12989	460	
FL	-62400	-62400	67	12	1	4	10	72	9	26	0	8780196	20421	4617	111	1773	4068	20501	2373	12989	460	
FL	-62600	-62600	64	12	1	6	9	71	8	33	1	8764412	20421	4617	111	1773	4068	20501	2373	12989	460	
FL	-62800	-62800	66	9	1	5	8	66	6	33	1	8748174	20421	4617	111	1773	4068	20501	2373	12989	460	
FL	-63000	-63000	71	11	1	6	9	75	5	29	1	8731910	20421	4617	111	1773	4068	20501	2373	12989	460	
FL	-63200	-63200	72	13	1	8	7	75	6	30	1	8715720	20421	4617	111	1773	4068	20501	2373	12989	460	
FL	-63400	-63400	71	12	1	7	6	78	6	33	0	8699962	20421	4617	111	1773	4068	20501	2373	12989	460	
FL	-63600	-63600	67	13	1	5	5	77	7	32	0	8684820	20421	4617	111	1773	4068	20501	2373	12989	460	
FL	-63800	-63800	64	13	1	5	7	80	7	30	0	8670420	20421	4617	111	1773	4068	20501	2373	12989	460	
FL	-64000	-64000	69	13	1	4	9	75	7	29	0	8655580	20421	4617	111	1773	4068	20501	2373	12989	460	
FL	-64200	-64200	71	12	1	5	10	73	7	25	0	8640746	20421	4617	111	1773	4068	20501	2373	12989	460	
FL	-64400	-64400	77	15	1	6	18	74	8	25	0	8625269	20421	4617	111	1773	4068	20501	2373	12989	460	
FL	-64600	-64600	73	14	1	6	17	72	8	27	0	8610777	20421	4617	111	1773	4068	20501	2373	12989	460	
FL	-64800	-64800	73	11	0	4	15	79	8	29	0	8596571	20421	4617	111	1773	4068	20501	2373	12989	460	
FL	-65000	-65000	68	10	0	4	16	89	11	33	0	8582009	20421	4617	111	1773	4068	20501	2373	12989	460	
FL	-65200	-65200	63	10	0	4	14	82	11	32	0	8567325	20421	4617	111	1773	4068	20501	2373	12989	460	
FL	-65400	-65400	69	13	0	4	11	80	10	28	0	8552385	20421	4617	111	1773	4068	20501	2373	12989	460	
FL	-65600	-65600	63	14	0	5	11	91	11	30	1	8538584	20421	4617	111	1773	4068	20501	2373	12989	460	
FL	-65800	-65800	61	12	0	6	13	92	10	28	1	8525629	20421	4617	111	1773	4068	20501	2373	12989	460	
FL	-66000	-66000	60	13	0	8	14	87	10	24	1	8511890	20421	4617	111	1773	4068	20501	2373	12989	460	
FL	-66200	-66200	64	15	0	8	15	89	7	20	1	8497647	20421	4617	111	1773	4068	20501	2373	12989	460	
FL	-66400	-66400	68	14	0	5	12	92	6	25	1	8483450	20421	4617	111	1773	4068	20501	2373	12989	460	
FL	-66600	-66600	72	13	0	6	11	84	3	25	1	8468959	20421	4617	111	1773	4068	20501	2373	12989	460	
FL	-66800	-66800	78	14	0	6	10	84	3	24	1	8455636	20421	4617	111	1773	4068	20501	2373	12989	460	
FL	-67000	-67000	87	15	0	7	8	79	4	27	2	8443406	20421	4617	111	1773	4068	20501	2373	12989	460	
FL	-67200	-67200	88	15	0	8	8	81	4	28	1	8431605	20421	4617	111	1773	4068	20501	2373	12989	460	
FL	-67400	-67400	77	15	0	9	8	81	4	30	1	8420011	20421	4617	111	1773	4068	20501	2373	12989	460	
FL	-67600	-67600	78	13	0	8	5	73	4	30	1	8408516	20421	4617	111	1773	4068	20501	2373	12989	460	
FL	-67800	-67800	83	13	0	7	5	73	7	33	1	8396952	20421	4617	111	1773	4068	20501	2373	12989	460	
FL	-68000	-68000	79	11	0	4	5	70	10	32	1	8384987	20421	4617	111	1773	4068	20501	2373	12989	460	
FL	-68200	-68200	78	9	0	4	5	71	9	32	1	8372168	20421	4617	111	1773	4068	20501	2373	12989	460	
FL	-68400	-68400	82	8	0	5	5	67	9	37	0	8360050	20421	4617	111	1773	4068	20501	2373	12989	460	
FL	-68600	-68600	81	9	0	5	4	65	10	33	0	8348249	20421	4617	111	1773	4068	20501	2373	12989	460	
FL	-68800	-68800	78	13	0	3	3	67	10	40	0	8336006	20421	4617	111	1773	4068	20501	2373	12989	460	
FL	-69000	-69000	81	13	0	4	4	73	12	40	0	8323789	20421	4617	111	1773	4068	20501	2373	12989	460	
FL	-69200	-69200	82	13	0	4	4	69	13	37	0	8311715	20421	4617	111	1773	4068	20501	2373	12989	460	
FL	-69400	-69400	83	9	0	3	6	73	12	35	0	8299864	20421	4617	111	1773	4068	20501	2373	12989	460	
FL	-69600	-69600	76	9	0	3	6	73	10	35	0	8288287	20421	4617	111	1773	4068	20501	2373	12989	460	
FL	-69800	-69800	74	8	0	2	8	78	8	35	0	8275677	20421	4617	111	1773	4068	20501	2373	12989	460	
FL	-70000	-70000	69	10	0	2	9	77	8	35	0	8263667	20421	4617	111	1773	4068	20501	2373	12989	460	
FL	-70200	-70200	61	10	0	3	7	81	10	36	1	8252409	20421	4617	111	1773	4068	20501	2373	12989	460	
FL	-70400	-70400	52	11	0	3	7	74	10	28	1	8241145	20421	4617	111	1773	4068	20501	2373	12989	460	
FL	-70600	-70600	64	11	0	2	5	74	13	32	1	8229612	20421	4617	111	1773	4068	20501	2373	12989	460	
FL	-70800	-70800	66	11	0	1	4	74	13	29	1	8217233	20421	4617	111	1773	4068	20501	2373	12989	460	
FL	-71000	-71000	73	9	0	0	4	75	13	31	1	8204842	20421	4617	111	1773	4068	20501	2373	12989	460	
FL	-71200	-71200	75	10	0	1	4	81	9	26	1	8193045	20421	4617	111	1773	4068	20501	2373	12989	460	
FL	-71400	-71400	69	11	0	2	3	79	9	24	1	8181249	20421	4617	111	1773	4068	20501	2373	12989	460	
FL	-71600	-71600	71	12	0	6	3	80	8	24	1	8169193	20421	4617	111	1773	4068	20501	2373	12989	460	
FL	-71800	-71800	70	14	0	6	5	86	6	25	1	8157339	20421	4617	111	1773	4068	20501	2373	12989	460	
FL	-72000	-72000	70	14	0	6	6	77	7	25	1	8145393	20421	4617	111	1773	4068	20501	2373	12989	460	
FL	-72200	-72200	66	19	0	7	7	76	7	26	1	8133956	20421	4617	111	1773	4068	20501	2373	12989	460	
FL	-72400	-72400	69	17	0	7	7	78	6	27	1	8123044	20421	4617	111	1773	4068	20501	2373	12989	460	
FL	-72600	-72600	72	18	0	7	8	76	5	23	0	8112116	20421	4617	111	1773	4068	20501	2373	12989	460	
FL	-72800	-72800	78	20	0	9	7	75	8	21	1	8102032	20421	4617	111	1773	4068	20501	2373	12989	460	
FL	-73000	-73000	73	17	0	11	7	77	7	23	3	8091216	20421	4617	111	1773	4068	20501	2373	12989	460	
FL	-73200	-73200	70	16	0	12	10	76	5	21	3	8080363	20421	4617	111	1773	4068	20501	2373	12989	460	
FL	-73400	-73400	68	19	0	13	10	67	4	19	3	8069960	20421	4617	111	1773	4068	20501	2373	12989	460	
FL	-73600	-73600	70	18	0	14	9	66	4	21	3	8058541	20421	4617	111	1773	4068	20501	2373	12989	460	
FL	-73800	-73800	75	15	0	14	8	69	5	22	3	8045794	20421	4617	111	1773	4068	20501	2373	12989	460	
FL	-74000	-74000	71	12	0	14	8	69	6	20	2	8032483	20421	4617	111	1773	4068	20501	2373	12989	460	
FL	-74200	-74200	71	12	0	9	5	67	5	22	2	8019155	20421	4617	111	1773	4068	20501	2373	12989	460	
FL	-74400	-74400	72	12	0	9	7	65	6	20	0	8005582	20421	4617	111	1773	4068	20501	2373	12989	460	
FL	-74600	-74600	76	12	0	9	6	67	5	21	1	7991447	20421	4617	111	1773	4068	20501	2373	12989	460	
FL	-74800	-74800	76	11	0	9	6	66	5	23	1	7976411	20421	4617	111	1773	4068	20501	2373	12989	460	
FL	-75000	-75000	75	10	0	9	5	58	6	24	1	7961417	20421	4617	111	1773	4068	20501	2373	12989	460	
FL	-75200	-75200	77	11	0	9	5	56	4	26	1	7946782	20421	4617	111	1773	4068	20501	2373	12989	460	
FL	-75400	-75400	80	11	0	9	6	60	6	31	1	7932178	20421	4617	111	1773	4068	20501	2373	12989	460	
FL	-75600	-75600	83	11	0	10	4	59	6	28	1	7917194	20421	4617	111	1773	4068	20501	2373	12989	460	
FL	-75800	-75800	76	12	0	9	4	60	6	27	1	7903576	20421	4617	111	1773	4068	20501	2373	12989	460	
FL	-76000	-76000	76	13	0	6	3	61	5	27	1	7890990	20421	4617	111	1773	4068	20501	2373	12989	460	
FL	-76200	-76200	78	14	0	5	4	62	5	29	1	7879192	20421	4617	111	1773	4068	20501	2373	12989	460	
FL	-76400	-76400	71	13	0	5	4	64	4	25	1	7867908	20421	4617	111	1773	4068	20501	2373	12989	460	
FL	-76600	-76600	73	15	0	5	4	71	3	17	1	7858356	20421	4617	111	1773	4068	20501	2373	12989	460	
FL	-76800	-76800	68	17	0	5	4	73	3	22	1	7849714	20421	4617	111	1773	4068	20501	2373	12989	460	
FL	-77000	-77000	67	19	0	4	3	79	3	25	1	7839772	20421	4617	111	1773	4068	20501	2373	12989	460	
FL	-77200	-77200	71	12	0	3	5	80	5	30	1	7829128	20421	4617	111	1773	4068	20501	2373	12989	460	
FL	-77400	-77400	73	9	0	2	5	82	6	26	1	7818453	20421	4617	111	1773	4068	20501	2373	12989	460	
FL	-77600	-77600	78	8	0	1	5	71	6	24	1	7808408	20421	4617	111	1773	4068	20501	2373	12989	460	
FL	-77800	-77800	72	12	0	2	3	69	6	21	1	7798211	20421	4617	111	1773	4068	20501	2373	12989	460	
FL	-78000	-78000	73	12	0	2	5	64	7	17	2	7787808	20421	4617	111	1773	4068	20501	2373	12989	460	
FL	-78200	-78200	74	14	0	3	6	59	9	17	2	7777761	20421	4617	111	1773	4068	20501	2373	12989	460	
FL	-78400	-78400	74	13	0	3	6	60	8	17	2	7766335	20421	4617	111	1773	4068	20501	2373	12989	460	
FL	-78600	-78600	81	16	0	3	6	58	5	21	2	7755941	20421	4617	111	1773	4068	20501	2373	12989	460	
FL	-78800	-78800	83	15	0	3	6	55	7	22	2	7745558	20421	4617	111	1773	4068	20501	2373	12989	460	
FL	-79000	-79000	82	17	0	3	6	51	5	24	2	7735354	20421	4617	111	1773	4068	20501	2373	12989	460	
FL	-79200	-79200	79	21	0	3	6	46	6	27	1	7726869	20421	4617	111	1773	4068	20501	2373	12989	460	
FL	-79400	-79400	86	24	0	2	7	41	5	27	1	7718303	20421	4617	111	1773	4068	20501	2373	12989	460	
FL	-79600	-79600	83	22	0	2	6	45	5	23	1	7709217	20421	4617	111	1773	4068	20501	2373	12989	460	
FL	-79800	-79800	79	18	0	1	4	48	5	21	1	7700301	20421	4617	111	1773	4068	20501	2373	12989	460	
FL	-80000	-80000	71	15	0	1	3	46	5	24	1	7691681	20421	4617	111	1773	4068	20501	2373	12989	460	
FL	-80200	-80200	68	14	0	1	4	48	5	20	1	7682820	20421	4617	111	1773	4068	20501	2373	12989	460	
FL	-80400	-80400	69	13	0	0	5	51	5	21	2	7673842	20421	4617	111	1773	4068	20501	2373	12989	460	
FL	-80600	-80600	64	13	0	0	5	54	4	25	2	7664257	20421	4617	111	1773	4068	20501	2373	12989	460	
FL	-80800	-80800	64	13	0	0	4	58	4	25	3	7654269	20421	4617	111	1773	4068	20501	2373	12989	460	
FL	-81000	-81000	65	11	0	0	4	59	4	24	3	7644248	20421	4617	111	1773	4068	20501	2373	12989	460	
FL	-81200	-81200	65	10	0	0	4	61	4	25	3	7634912	20421	4617	111	1773	4068	20501	2373	12989	460	
FL	-81400	-81400	69	9	0	0	4	57	4	24	2	7625990	20421	4617	111	1773	4068	20501	2373	12989	460	
FL	-81600	-81600	61	9	0	1	3	59	4	23	2	7616763	20421	4617	111	1773	4068	20501	2373	12989	460	
FL	-81800	-81800	57	10	0	1	5	60	6	23	2	7607088	20421	4617	111	1773	4068	20501	2373	12989	460	
FL	-82000	-82000	55	14	0	1	5	59	5	23	2	7597270	20421	4617	111	1773	4068	20501	2373	12989	460	
FL	-82200	-82200	47	15	0	1	5	66	5	26	0	7587317	20421	4617	111	1773	4068	20501	2373	12989	460	
FL	-82400	-82400	49	15	0	1	5	68	4	28	0	7577596	20421	4617	111	1773	4068	20501	2373	12989	460	
FL	-82600	-82600	53	16	0	1	4	72	4	26	0	7566975	20421	4617	111	1773	4068	20501	2373	12989	460	
FL	-82800	-82800	53	16	0	2	3	78	4	25	0	7555628	20421	4617	111	1773	4068	20501	2373	12989	460	
FL	-83000	-83000	55	16	0	2	3	74	4	23	0	7544284	20421	4617	111	1773	4068	20501	2373	12989	460	
FL	-83200	-83200	56	15	0	2	2	77	4	21	0	7532893	20421	4617	111	1773	4068	20501	2373	12989	460	
FL	-83400	-83400	63	14	0	3	3	73	2	20	0	7521205	20421	4617	111	1773	4068	20501	2373	12989	460	
FL	-83600	-83600	69	12	0	4	2	76	4	19	0	7510984	20421	4617	111	1773	4068	20501	2373	12989	460	
FL	-83800	-83800	69	13	0	5	1	76	4	14	0	7500549	20421	4617	111	1773	4068	20501	2373	12989	460	
FL	-84000	-84000	76	13	0	6	0	80	5	17	0	7489927	20421	4617	111	1773	4068	20501	2373	12989	460	
FL	-84200	-84200	75	14	0	7	0	76	6	19	1	7479847	20421	4617	111	1773	4068	20501	2373	12989	460	
FL	-84400	-84400	74	16	0	7	0	71	6	16	2	7469530	20421	4617	111	1773	4068	20501	2373	12989	460	
FL	-84600	-84600	77	12	0	6	0	73	6	16	2	7459916	20421	4617	111	1773	4068	20501	2373	12989	460	
FL	-84800	-84800	83	12	0	7	2	76	6	17	1	7451321	20421	4617	111	1773	4068	20501	2373	12989	460	
FL	-85000	-85000	76	11	0	7	2	72	5	16	1	7442733	20421	4617	111	1773	4068	20501	2373	12989	460	
FL	-85200	-85200	81	12	0	7	2	82	5	12	1	7433990	20421	4617	111	1773	4068	20501	2373	12989	460	
FL	-85400	-85400	76	11	0	7	2	77	4	11	0	7425423	20421	4617	111	1773	4068	20501	2373	12989	460	
FL	-85600	-85600	70	10	0	6	3	78	4	13	0	7416226	20421	4617	111	1773	4068	20501	2373	12989	460	
FL	-85800	-85800	60	9	0	6	4	80	4	16	0	7406352	20421	4617	111	1773	4068	20501	2373	12989	460	
FL	-86000	-86000	58	8	0	4	4	78	5	15	0	7396270	20421	4617	111	1773	4068	20501	2373	12989	460	
FL	-86200	-86200	52	9	0	3	4	75	4	17	0	7386319	20421	4617	111	1773	4068	20501	2373	12989	460	
FL	-86400	-86400	59	8	0	4	6	69	4	19	0	7375902	20421	4617	111	1773	4068	20501	2373	12989	460	
FL	-86600	-86600	53	8	0	4	5	67	4	20	0	7365905	20421	4617	111	1773	4068	20501	2373	12989	460	
FL	-86800	-86800	53	7	0	4	4	65	4	23	0	7355836	20421	4617	111	1773	4068	20501	2373	12989	460	
FL	-87000	-87000	59	9	0	2	4	63	5	20	0	7346086	20421	4617	111	1773	4068	20501	2373	12989	460	
FL	-87200	-87200	60	8	0	2	4	67	5	20	0	7336717	20421	4617	111	1773	4068	20501	2373	12989	460	
FL	-87400	-87400	60	8	0	2	7	65	4	20	0	7327346	20421	4617	111	1773	4068	20501	2373	12989	460	
FL	-87600	-87600	60	11	0	1	4	62	4	19	1	7316909	20421	4617	111	1773	4068	20501	2373	12989	460	
FL	-87800	-87800	62	11	1	1	5	64	3	22	1	7306177	20421	4617	111	1773	4068	20501	2373	12989	460	
FL	-88000	-88000	64	10	1	1	4	65	2	19	1	7295901	20421	4617	111	1773	4068	20501	2373	12989	460	
FL	-88200	-88200	70	11	1	1	4	64	2	20	1	7286391	20421	4617	111	1773	4068	20501	2373	12989	460	
FL	-88400	-88400	68	9	1	1	7	61	3	19	0	7276675	20421	4617	111	1773	4068	20501	2373	12989	460	
FL	-88600	-88600	64	7	0	2	7	61	4	20	0	7267318	20421	4617	111	1773	4068	20501	2373	12989	460	
FL	-88800	-88800	57	10	0	3	7	60	4	18	0	7258102	20421	4617	111	1773	4068	20501	2373	12989	460	
FL	-89000	-89000	54	11	0	1	6	65	6	21	0	7248909	20421	4617	111	1773	4068	20501	2373	12989	460	
FL	-89200	-89200	56	8	0	1	6	71	7	22	0	7238937	20421	4617	111	1773	4068	20501	2373	12989	460	
FL	-89400	-89400	57	8	0	2	5	78	7	24	0	7228831	20421	4617	111	1773	4068	20501	2373	12989	460	
FL	-89600	-89600	58	8	0	2	6	80	6	28	0	7218713	20421	4617	111	1773	4068	20501	2373	12989	460	
FL	-89800	-89800	60	9	0	2	5	86	6	27	0	7208656	20421	4617	111	1773	4068	20501	2373	12989	460	
FL	-90000	-90000	61	8	0	3	4	84	4	27	0	7199055	20421	4617	111	1773	4068	20501	2373	12989	460	
FL	-90200	-90200	58	7	0	3	5	82	3	30	0	7189399	20421	4617	111	1773	4068	20501	2373	12989	460	
FL	-90400	-90400	56	6	0	3	5	77	3	31	0	7179706	20421	4617	111	1773	4068	20501	2373	12989	460	
FL	-90600	-90600	57	4	0	3	4	74	3	29	0	7170129	20421	4617	111	1773	4068	20501	2373	12989	460	
FL	-90800	-90800	56	5	0	4	4	75	2	27	1	7161098	20421	4617	111	1773	4068	20501	2373	12989	460	
FL	-91000	-91000	60	8	0	2	4	74	4	28	1	7151969	20421	4617	111	1773	4068	20501	2373	12989	460	
FL	-91200	-91200	62	8	1	2	4	74	4	26	1	7143062	20421	4617	111	1773	4068	20501	2373	12989	460	
FL	-91400	-91400	67	11	1	2	7	71	5	26	1	7133874	20421	4617	111	1773	4068	20501	2373	12989	460	
FL	-91600	-91600	58	11	1	2	6	68	5	30	1	7125162	20421	4617	111	1773	4068	20501	2373	12989	460	
FL	-91800	-91800	58	10	1	2	7	64	5	28	1	7117000	20421	4617	111	1773	4068	20501	2373	12989	460	
FL	-92000	-92000	61	11	1	2	8	62	3	26	1	7108173	20421	4617	111	1773	4068	20501	2373	12989	460	
FL	-92200	-92200	55	9	1	2	5	59	4	25	0	7099229	20421	4617	111	1773	4068	20501	2373	12989	460	
FL	-92400	-92400	58	8	1	2	5	52	5	25	0	7090662	20421	4617	111	1773	4068	20501	2373	12989	460	
FL	-92600	-92600	59	7	1	1	4	48	5	21	0	7081726	20421	4617	111	1773	4068	20501	2373	12989	460	
FL	-92800	-92800	60	6	1	1	4	47	5	17	0	7072860	20421	4617	111	1773	4068	20501	2373	12989	460	
FL	-93000	-93000	59	8	1	0	3	47	3	20	0	7063182	20421	4617	111	1773	4068	20501	2373	12989	460	
FL	-93200	-93200	60	10	1	0	2	51	3	21	0	7052563	20421	4617	111	1773	4068	20501	2373	12989	460	
FL	-93400	-93400	59	9	1	0	3	56	5	23	0	7041698	20421	4617	111	1773	4068	20501	2373	12989	460	
FL	-93600	-93600	61	9	1	0	3	60	7	20	0	7031249	20421	4617	111	1773	4068	20501	2373	12989	460	
FL	-93800	-93800	61	10	1	0	3	57	8	22	1	7020597	20421	4617	111	1773	4068	20501	2373	12989	460	
FL	-94000	-94000	64	12	1	0	5	62	7	20	1	7011610	20421	4617	111	1773	4068	20501	2373	12989	460	
FL	-94200	-94200	56	11	1	0	6	60	8	21	1	7002802	20421	4617	111	1773	4068	20501	2373	12989	460	
FL	-94400	-94400	54	11	1	0	7	61	9	20	1	6993546	20421	4617	111	1773	4068	20501	2373	12989	460	
FL	-94600	-94600	54	7	1	1	6	61	10	22	1	6983777	20421	4617	111	1773	4068	20501	2373	12989	460	
FL	-94800	-94800	55	9	1	1	6	63	10	21	1	6973611	20421	4617	111	1773	4068	20501	2373	12989	460	
FL	-95000	-95000	56	10	1	2	7	63	8	25	1	6962551	20421	4617	111	1773	4068	20501	2373	12989	460	
FL	-95200	-95200	65	10	1	2	8	60	7	24	1	6951378	20421	4617	111	1773	4068	20501	2373	12989	460	
FL	-95400	-95400	75	11	1	2	8	60	6	24	1	6940017	20421	4617	111	1773	4068	20501	2373	12989	460	
FL	-95600	-95600	72	11	1	3	6	64	6	26	1	6928702	20421	4617	111	1773	4068	20501	2373	12989	460	
FL	-95800	-95800	74	9	1	3	5	62	5	26	0	6917464	20421	4617	111	1773	4068	20501	2373	12989	460	
FL	-96000	-96000	66	7	1	3	5	65	5	23	0	6906587	20421	4617	111	1773	4068	20501	2373	12989	460	
FL	-96200	-96200	58	8	1	1	5	61	7	21	0	6895822	20421	4617	111	1773	4068	20501	2373	12989	460	
FL	-96400	-96400	53	8	1	1	7	62	9	28	0	6884747	20421	4617	111	1773	4068	20501	2373	12989	460	
FL	-96600	-96600	54	9	1	1	5	67	7	30	1	6874325	20421	4617	111	1773	4068	20501	2373	12989	460	
FL	-96800	-96800	51	10	1	1	4	63	7	29	1	6863666	20421	4617	111	1773	4068	20501	2373	12989	460	
FL	-97000	-97000	54	6	1	1	3	59	10	31	1	6852506	20421	4617	111	1773	4068	20501	2373	12989	460	
FL	-97200	-97200	59	8	1	1	4	60	10	32	1	6842364	20421	4617	111	1773	4068	20501	2373	12989	460	
FL	-97400	-97400	59	8	1	2	4	58	10	32	1	6833338	20421	4617	111	1773	4068	20501	2373	12989	460	
FL	-97600	-97600	63	6	0	2	5	54	10	34	1	6824193	20421	4617	111	1773	4068	20501	2373	12989	460	
FL	-97800	-97800	59	5	0	2	5	53	10	37	1	6814251	20421	4617	111	1773	4068	20501	2373	12989	460	
FL	-98000	-98000	59	4	1	2	5	60	11	32	1	6804397	20421	4617	111	1773	4068	20501	2373	12989	460	
FL	-98200	-98200	60	4	1	2	6	57	12	30	1	6795488	20421	4617	111	1773	4068	20501	2373	12989	460	
FL	-98400	-98400	53	5	1	2	6	60	9	33	0	6786571	20421	4617	111	1773	4068	20501	2373	12989	460	
FL	-98600	-98600	54	6	1	2	4	63	8	30	0	6777851	20421	4617	111	1773	4068	20501	2373	12989	460	
FL	-98800	-98800	57	5	1	2	5	62	7	29	0	6769486	20421	4617	111	1773	4068	20501	2373	12989	460	
FL	-99000	-99000	56	4	0	2	5	62	7	25	1	6761627	20421	4617	111	1773	4068	20501	2373	12989	460	
FL	-99200	-99200	55	4	0	1	4	57	4	24	1	6754832	20421	4617	111	1773	4068	20501	2373	12989	460	
FL	-99400	-99400	52	7	0	1	3	51	3	21	1	6748063	20421	4617	111	1773	4068	20501	2373	12989	460	
FL	-99600	-99600	52	9	0	2	3	48	3	27	1	6741295	20421	4617	111	1773	4068	20501	2373	12989	460	
FL	-99800	-99800	50	9	0	2	3	50	1	31	1	6734438	20421	4617	111	1773	4068	20501	2373	12989	460	
FL	-100000	-100000	48	10	0	3	4	44	1	33	0	6727997	20421	4617	111	1773	4068	20501	2373	12989	460	
