FL	0	0	70	37	3	152	52	27	10	179	8	18336215	20421	4617	111	1773	4068	20501	2373	12989	460	
FL	200	200	76	37	3	151	56	33	10	179	8	18209834	20421	4617	111	1773	4068	20501	2373	12989	460	
FL	400	400	83	42	3	145	56	38	9	169	7	17896448	20421	4617	111	1773	4068	20501	2373	12989	460	
FL	600	600	91	38	3	136	52	40	7	160	7	17555986	20421	4617	111	1773	4068	20501	2373	12989	460	
FL	800	800	103	32	3	127	51	48	5	152	7	17243958	20421	4617	111	1773	4068	20501	2373	12989	460	
FL	1000	1000	109	31	3	117	52	55	6	134	9	16984953	20421	4617	111	1773	4068	20501	2373	12989	460	
FL	1200	1200	116	29	0	102	53	67	8	123	9	16779457	20421	4617	111	1773	4068	20501	2373	12989	460	
FL	1400	1400	117	29	0	90	53	82	5	114	9	16618705	20421	4617	111	1773	4068	20501	2373	12989	460	
FL	1600	1600	130	30	0	78	49	81	4	108	9	16489234	20421	4617	111	1773	4068	20501	2373	12989	460	
FL	1800	1800	124	31	0	71	45	93	7	104	9	16384112	20421	4617	111	1773	4068	20501	2373	12989	460	
FL	2000	2000	128	30	0	65	45	95	8	99	9	16294796	20421	4617	111	1773	4068	20501	2373	12989	460	
FL	2200	2200	117	29	1	60	42	93	8	90	8	16214475	20421	4617	111	1773	4068	20501	2373	12989	460	
FL	2400	2400	124	29	1	56	43	94	8	84	7	16145035	20421	4617	111	1773	4068	20501	2373	12989	460	
FL	2600	2600	121	32	1	52	38	96	9	78	6	16081805	20421	4617	111	1773	4068	20501	2373	12989	460	
FL	2800	2800	115	28	3	46	41	104	7	74	7	16022722	20421	4617	111	1773	4068	20501	2373	12989	460	
FL	3000	3000	109	26	3	41	35	112	8	64	7	15967372	20421	4617	111	1773	4068	20501	2373	12989	460	
FL	3200	3200	127	25	3	40	34	121	8	70	6	15914222	20421	4617	111	1773	4068	20501	2373	12989	460	
FL	3400	3400	132	22	3	40	34	127	8	69	5	15862348	20421	4617	111	1773	4068	20501	2373	12989	460	
FL	3600	3600	132	22	3	39	35	135	8	75	5	15811818	20421	4617	111	1773	4068	20501	2373	12989	460	
FL	3800	3800	141	26	4	39	34	142	10	74	5	15762481	20421	4617	111	1773	4068	20501	2373	12989	460	
FL	4000	4000	145	28	4	41	37	142	9	71	5	15714602	20421	4617	111	1773	4068	20501	2373	12989	460	
FL	4200	4200	140	26	4	41	38	143	10	61	5	15667843	20421	4617	111	1773	4068	20501	2373	12989	460	
FL	4400	4400	151	28	2	40	36	138	10	61	5	15622336	20421	4617	111	1773	4068	20501	2373	12989	460	
FL	4600	4600	159	28	2	36	34	143	12	54	5	15577088	20421	4617	111	1773	4068	20501	2373	12989	460	
FL	4800	4800	147	33	2	33	37	141	10	56	6	15531294	20421	4617	111	1773	4068	20501	2373	12989	460	
FL	5000	5000	151	29	1	33	37	145	10	63	7	15485064	20421	4617	111	1773	4068	20501	2373	12989	460	
FL	5200	5200	148	33	1	32	35	147	9	69	7	15438178	20421	4617	111	1773	4068	20501	2373	12989	460	
FL	5400	5400	147	31	0	31	32	141	9	73	7	15389808	20421	4617	111	1773	4068	20501	2373	12989	460	
FL	5600	5600	144	29	0	27	31	136	9	71	8	15340960	20421	4617	111	1773	4068	20501	2373	12989	460	
FL	5800	5800	142	31	0	20	29	133	10	64	8	15294409	20421	4617	111	1773	4068	20501	2373	12989	460	
FL	6000	6000	124	35	0	17	26	124	12	65	10	15247795	20421	4617	111	1773	4068	20501	2373	12989	460	
FL	6200	6200	121	32	0	12	25	122	11	64	10	15202379	20421	4617	111	1773	4068	20501	2373	12989	460	
FL	6400	6400	126	32	0	11	24	129	11	57	10	15156677	20421	4617	111	1773	4068	20501	2373	12989	460	
FL	6600	6600	118	29	0	11	22	125	14	58	8	15113478	20421	4617	111	1773	4068	20501	2373	12989	460	
FL	6800	6800	128	28	0	9	23	143	14	59	5	15070741	20421	4617	111	1773	4068	20501	2373	12989	460	
FL	7000	7000	125	29	0	6	17	146	15	57	5	15028905	20421	4617	111	1773	4068	20501	2373	12989	460	
FL	7200	7200	128	28	0	6	13	145	16	54	4	14989636	20421	4617	111	1773	4068	20501	2373	12989	460	
FL	7400	7400	130	28	1	7	10	145	14	55	4	14952732	20421	4617	111	1773	4068	20501	2373	12989	460	
FL	7600	7600	139	31	1	7	10	133	13	49	3	14915500	20421	4617	111	1773	4068	20501	2373	12989	460	
FL	7800	7800	133	30	1	7	8	135	11	47	2	14879074	20421	4617	111	1773	4068	20501	2373	12989	460	
FL	8000	8000	123	29	1	9	12	137	12	47	1	14841120	20421	4617	111	1773	4068	20501	2373	12989	460	
FL	8200	8200	115	35	1	7	12	129	10	48	1	14803368	20421	4617	111	1773	4068	20501	2373	12989	460	
FL	8400	8400	113	38	1	6	11	128	11	50	1	14766811	20421	4617	111	1773	4068	20501	2373	12989	460	
FL	8600	8600	115	39	1	5	10	131	7	55	1	14729070	20421	4617	111	1773	4068	20501	2373	12989	460	
FL	8800	8800	107	36	1	6	12	131	6	61	2	14691868	20421	4617	111	1773	4068	20501	2373	12989	460	
FL	9000	9000	118	34	1	9	12	136	6	64	3	14654224	20421	4617	111	1773	4068	20501	2373	12989	460	
FL	9200	9200	121	31	0	9	11	143	7	65	3	14614844	20421	4617	111	1773	4068	20501	2373	12989	460	
FL	9400	9400	120	30	0	9	14	150	7	65	2	14574823	20421	4617	111	1773	4068	20501	2373	12989	460	
FL	9600	9600	125	32	0	9	14	150	7	61	3	14535842	20421	4617	111	1773	4068	20501	2373	12989	460	
FL	9800	9800	122	29	0	7	13	151	6	57	3	14499126	20421	4617	111	1773	4068	20501	2373	12989	460	
FL	10000	10000	122	31	0	6	12	153	6	56	3	14460734	20421	4617	111	1773	4068	20501	2373	12989	460	
FL	10200	10200	120	26	0	6	11	152	5	57	2	14423298	20421	4617	111	1773	4068	20501	2373	12989	460	
FL	10400	10400	123	26	0	6	9	150	7	58	1	14387286	20421	4617	111	1773	4068	20501	2373	12989	460	
FL	10600	10600	129	32	0	5	9	146	5	50	1	14352110	20421	4617	111	1773	4068	20501	2373	12989	460	
FL	10800	10800	133	32	0	6	7	135	6	45	0	14317045	20421	4617	111	1773	4068	20501	2373	12989	460	
FL	11000	11000	124	28	0	6	5	136	5	47	1	14282536	20421	4617	111	1773	4068	20501	2373	12989	460	
FL	11200	11200	122	29	0	6	5	137	6	46	1	14249490	20421	4617	111	1773	4068	20501	2373	12989	460	
FL	11400	11400	113	28	0	9	6	132	7	51	1	14215272	20421	4617	111	1773	4068	20501	2373	12989	460	
FL	11600	11600	106	29	0	11	9	119	7	52	1	14181960	20421	4617	111	1773	4068	20501	2373	12989	460	
FL	11800	11800	111	24	0	12	8	118	8	58	1	14148967	20421	4617	111	1773	4068	20501	2373	12989	460	
FL	12000	12000	120	20	1	13	8	118	8	55	1	14115351	20421	4617	111	1773	4068	20501	2373	12989	460	
FL	12200	12200	124	23	1	8	5	115	8	53	1	14083291	20421	4617	111	1773	4068	20501	2373	12989	460	
FL	12400	12400	127	23	2	9	5	116	6	51	1	14051903	20421	4617	111	1773	4068	20501	2373	12989	460	
FL	12600	12600	131	22	2	13	4	119	7	56	0	14019636	20421	4617	111	1773	4068	20501	2373	12989	460	
FL	12800	12800	127	22	2	14	6	121	7	56	0	13987759	20421	4617	111	1773	4068	20501	2373	12989	460	
FL	13000	13000	132	20	2	12	5	133	9	60	0	13955918	20421	4617	111	1773	4068	20501	2373	12989	460	
FL	13200	13200	133	18	2	10	7	137	7	50	0	13924496	20421	4617	111	1773	4068	20501	2373	12989	460	
FL	13400	13400	142	22	2	13	9	132	7	55	0	13894113	20421	4617	111	1773	4068	20501	2373	12989	460	
FL	13600	13600	138	21	1	11	8	137	10	63	0	13863280	20421	4617	111	1773	4068	20501	2373	12989	460	
FL	13800	13800	136	19	1	7	8	146	13	65	0	13832959	20421	4617	111	1773	4068	20501	2373	12989	460	
FL	14000	14000	131	19	1	4	10	138	14	71	0	13805456	20421	4617	111	1773	4068	20501	2373	12989	460	
FL	14200	14200	139	17	1	4	10	140	14	71	0	13778136	20421	4617	111	1773	4068	20501	2373	12989	460	
FL	14400	14400	140	20	0	4	11	142	14	63	0	13751445	20421	4617	111	1773	4068	20501	2373	12989	460	
FL	14600	14600	132	21	0	4	14	140	13	57	0	13724645	20421	4617	111	1773	4068	20501	2373	12989	460	
FL	14800	14800	138	22	0	4	13	142	11	57	0	13697733	20421	4617	111	1773	4068	20501	2373	12989	460	
FL	15000	15000	130	22	0	4	11	134	11	62	0	13671503	20421	4617	111	1773	4068	20501	2373	12989	460	
FL	15200	15200	134	22	0	4	9	129	9	58	0	13644955	20421	4617	111	1773	4068	20501	2373	12989	460	
FL	15400	15400	119	22	0	5	7	127	10	59	0	13618682	20421	4617	111	1773	4068	20501	2373	12989	460	
FL	15600	15600	131	19	0	5	10	126	11	59	0	13591749	20421	4617	111	1773	4068	20501	2373	12989	460	
FL	15800	15800	125	18	0	5	7	128	10	52	0	13564499	20421	4617	111	1773	4068	20501	2373	12989	460	
FL	16000	16000	133	17	0	5	7	124	11	52	0	13537814	20421	4617	111	1773	4068	20501	2373	12989	460	
FL	16200	16200	133	24	0	3	7	116	10	48	0	13509561	20421	4617	111	1773	4068	20501	2373	12989	460	
FL	16400	16400	137	24	1	3	8	125	9	45	0	13481544	20421	4617	111	1773	4068	20501	2373	12989	460	
FL	16600	16600	128	22	1	2	9	125	8	49	0	13454462	20421	4617	111	1773	4068	20501	2373	12989	460	
FL	16800	16800	130	17	1	3	11	126	7	45	0	13428637	20421	4617	111	1773	4068	20501	2373	12989	460	
FL	17000	17000	129	17	1	3	14	119	11	47	0	13401957	20421	4617	111	1773	4068	20501	2373	12989	460	
FL	17200	17200	127	16	1	3	14	123	10	47	0	13373367	20421	4617	111	1773	4068	20501	2373	12989	460	
FL	17400	17400	130	16	0	3	13	123	14	48	0	13345848	20421	4617	111	1773	4068	20501	2373	12989	460	
FL	17600	17600	129	16	0	3	13	121	13	53	0	13317315	20421	4617	111	1773	4068	20501	2373	12989	460	
FL	17800	17800	138	19	0	5	12	125	15	52	0	13288426	20421	4617	111	1773	4068	20501	2373	12989	460	
FL	18000	18000	140	20	0	5	11	122	15	52	1	13258923	20421	4617	111	1773	4068	20501	2373	12989	460	
FL	18200	18200	133	23	0	4	8	123	15	48	1	13227604	20421	4617	111	1773	4068	20501	2373	12989	460	
FL	18400	18400	135	22	0	5	7	112	15	42	1	13194914	20421	4617	111	1773	4068	20501	2373	12989	460	
FL	18600	18600	134	21	0	4	9	115	13	42	0	13162738	20421	4617	111	1773	4068	20501	2373	12989	460	
FL	18800	18800	136	25	0	9	9	112	11	45	0	13130384	20421	4617	111	1773	4068	20501	2373	12989	460	
FL	19000	19000	140	25	1	11	11	109	9	44	0	13098858	20421	4617	111	1773	4068	20501	2373	12989	460	
FL	19200	19200	134	24	1	12	10	112	8	43	0	13068583	20421	4617	111	1773	4068	20501	2373	12989	460	
FL	19400	19400	132	22	1	15	8	119	10	49	0	13038484	20421	4617	111	1773	4068	20501	2373	12989	460	
FL	19600	19600	135	18	0	12	9	130	13	53	0	13006853	20421	4617	111	1773	4068	20501	2373	12989	460	
FL	19800	19800	131	23	0	12	10	126	13	54	0	12975232	20421	4617	111	1773	4068	20501	2373	12989	460	
FL	20000	20000	132	24	0	11	8	125	13	54	0	12944295	20421	4617	111	1773	4068	20501	2373	12989	460	
FL	20200	20200	132	24	0	11	6	115	13	58	1	12915518	20421	4617	111	1773	4068	20501	2373	12989	460	
FL	20400	20400	134	23	0	10	7	112	15	60	1	12887652	20421	4617	111	1773	4068	20501	2373	12989	460	
FL	20600	20600	143	22	0	6	7	112	16	63	1	12860510	20421	4617	111	1773	4068	20501	2373	12989	460	
FL	20800	20800	145	23	0	3	8	112	17	58	1	12834855	20421	4617	111	1773	4068	20501	2373	12989	460	
FL	21000	21000	139	21	0	2	8	112	15	56	1	12808494	20421	4617	111	1773	4068	20501	2373	12989	460	
FL	21200	21200	136	22	0	2	8	103	13	48	1	12782115	20421	4617	111	1773	4068	20501	2373	12989	460	
FL	21400	21400	137	21	0	3	11	111	12	49	0	12756814	20421	4617	111	1773	4068	20501	2373	12989	460	
FL	21600	21600	141	21	0	8	13	115	13	44	0	12732177	20421	4617	111	1773	4068	20501	2373	12989	460	
FL	21800	21800	144	20	0	7	14	123	14	40	0	12707953	20421	4617	111	1773	4068	20501	2373	12989	460	
FL	22000	22000	132	23	0	8	14	125	11	42	0	12683387	20421	4617	111	1773	4068	20501	2373	12989	460	
FL	22200	22200	130	23	0	10	15	127	9	42	0	12659987	20421	4617	111	1773	4068	20501	2373	12989	460	
FL	22400	22400	131	25	0	12	14	127	6	36	0	12635873	20421	4617	111	1773	4068	20501	2373	12989	460	
FL	22600	22600	132	26	0	12	13	128	6	39	0	12609564	20421	4617	111	1773	4068	20501	2373	12989	460	
FL	22800	22800	117	25	0	10	11	119	6	43	0	12584780	20421	4617	111	1773	4068	20501	2373	12989	460	
FL	23000	23000	113	25	0	11	10	110	5	41	0	12559574	20421	4617	111	1773	4068	20501	2373	12989	460	
FL	23200	23200	107	24	0	12	8	111	4	42	0	12533324	20421	4617	111	1773	4068	20501	2373	12989	460	
FL	23400	23400	114	26	1	11	7	104	2	41	0	12509155	20421	4617	111	1773	4068	20501	2373	12989	460	
FL	23600	23600	114	29	1	9	8	115	2	39	0	12486022	20421	4617	111	1773	4068	20501	2373	12989	460	
FL	23800	23800	104	28	1	7	8	118	3	36	0	12462797	20421	4617	111	1773	4068	20501	2373	12989	460	
FL	24000	24000	110	23	1	7	8	117	4	37	0	12438428	20421	4617	111	1773	4068	20501	2373	12989	460	
FL	24200	24200	98	28	1	8	7	119	4	35	0	12414229	20421	4617	111	1773	4068	20501	2373	12989	460	
FL	24400	24400	103	22	1	8	6	119	4	31	0	12389779	20421	4617	111	1773	4068	20501	2373	12989	460	
FL	24600	24600	103	23	1	7	5	121	4	35	0	12364147	20421	4617	111	1773	4068	20501	2373	12989	460	
FL	24800	24800	100	21	0	8	4	123	7	33	0	12338632	20421	4617	111	1773	4068	20501	2373	12989	460	
FL	25000	25000	99	24	0	9	5	125	9	36	0	12313150	20421	4617	111	1773	4068	20501	2373	12989	460	
FL	25200	25200	106	24	0	7	5	128	10	39	0	12286732	20421	4617	111	1773	4068	20501	2373	12989	460	
FL	25400	25400	104	25	0	4	7	128	11	39	0	12259593	20421	4617	111	1773	4068	20501	2373	12989	460	
FL	25600	25600	103	24	0	4	9	123	10	41	0	12230756	20421	4617	111	1773	4068	20501	2373	12989	460	
FL	25800	25800	95	20	0	3	7	113	9	44	0	12201846	20421	4617	111	1773	4068	20501	2373	12989	460	
FL	26000	26000	115	23	1	3	7	112	9	46	0	12172035	20421	4617	111	1773	4068	20501	2373	12989	460	
FL	26200	26200	122	23	1	2	8	119	8	43	1	12142314	20421	4617	111	1773	4068	20501	2373	12989	460	
FL	26400	26400	118	23	1	3	9	110	8	49	1	12112602	20421	4617	111	1773	4068	20501	2373	12989	460	
FL	26600	26600	123	27	0	3	7	114	7	46	1	12083751	20421	4617	111	1773	4068	20501	2373	12989	460	
FL	26800	26800	112	26	0	3	5	112	6	46	1	12056656	20421	4617	111	1773	4068	20501	2373	12989	460	
FL	27000	27000	118	26	0	4	8	111	6	42	0	12029679	20421	4617	111	1773	4068	20501	2373	12989	460	
FL	27200	27200	109	27	0	5	6	103	8	46	0	12003906	20421	4617	111	1773	4068	20501	2373	12989	460	
FL	27400	27400	110	28	0	5	7	104	7	41	1	11979725	20421	4617	111	1773	4068	20501	2373	12989	460	
FL	27600	27600	113	24	0	5	9	105	8	42	2	11956745	20421	4617	111	1773	4068	20501	2373	12989	460	
FL	27800	27800	101	18	0	5	10	102	7	36	3	11933558	20421	4617	111	1773	4068	20501	2373	12989	460	
FL	28000	28000	106	18	0	4	11	101	8	33	3	11910118	20421	4617	111	1773	4068	20501	2373	12989	460	
FL	28200	28200	97	22	0	3	13	108	8	31	3	11886738	20421	4617	111	1773	4068	20501	2373	12989	460	
FL	28400	28400	98	18	0	1	11	113	8	33	3	11864701	20421	4617	111	1773	4068	20501	2373	12989	460	
FL	28600	28600	97	16	0	1	10	120	8	31	3	11842353	20421	4617	111	1773	4068	20501	2373	12989	460	
FL	28800	28800	99	14	0	3	9	128	11	34	2	11819108	20421	4617	111	1773	4068	20501	2373	12989	460	
FL	29000	29000	105	16	0	4	10	121	12	35	2	11795125	20421	4617	111	1773	4068	20501	2373	12989	460	
FL	29200	29200	102	15	0	6	8	126	13	38	2	11771788	20421	4617	111	1773	4068	20501	2373	12989	460	
FL	29400	29400	112	16	1	6	6	123	13	43	2	11747818	20421	4617	111	1773	4068	20501	2373	12989	460	
FL	29600	29600	115	17	1	7	6	124	10	42	2	11722571	20421	4617	111	1773	4068	20501	2373	12989	460	
FL	29800	29800	123	16	1	7	5	119	8	41	0	11696705	20421	4617	111	1773	4068	20501	2373	12989	460	
FL	30000	30000	116	16	1	8	6	119	10	45	0	11669395	20421	4617	111	1773	4068	20501	2373	12989	460	
FL	30200	30200	124	16	1	6	7	115	11	43	0	11641307	20421	4617	111	1773	4068	20501	2373	12989	460	
FL	30400	30400	127	13	2	5	6	119	11	45	0	11612519	20421	4617	111	1773	4068	20501	2373	12989	460	
FL	30600	30600	126	17	1	6	5	119	13	43	1	11585150	20421	4617	111	1773	4068	20501	2373	12989	460	
FL	30800	30800	122	22	1	6	4	118	11	43	1	11559194	20421	4617	111	1773	4068	20501	2373	12989	460	
FL	31000	31000	126	24	0	5	4	119	11	42	1	11533870	20421	4617	111	1773	4068	20501	2373	12989	460	
FL	31200	31200	119	25	1	5	3	116	9	42	1	11509719	20421	4617	111	1773	4068	20501	2373	12989	460	
FL	31400	31400	118	23	1	4	3	124	8	40	1	11485835	20421	4617	111	1773	4068	20501	2373	12989	460	
FL	31600	31600	123	21	1	5	5	121	9	41	1	11462808	20421	4617	111	1773	4068	20501	2373	12989	460	
FL	31800	31800	117	22	1	5	6	120	14	39	2	11441148	20421	4617	111	1773	4068	20501	2373	12989	460	
FL	32000	32000	120	22	1	4	7	114	13	33	2	11421158	20421	4617	111	1773	4068	20501	2373	12989	460	
FL	32200	32200	120	25	1	7	8	117	11	35	2	11402247	20421	4617	111	1773	4068	20501	2373	12989	460	
FL	32400	32400	119	23	1	5	9	112	10	28	2	11384345	20421	4617	111	1773	4068	20501	2373	12989	460	
FL	32600	32600	110	22	1	5	9	105	12	25	2	11366616	20421	4617	111	1773	4068	20501	2373	12989	460	
FL	32800	32800	110	16	0	5	10	111	9	28	1	11349230	20421	4617	111	1773	4068	20501	2373	12989	460	
FL	33000	33000	114	20	0	2	9	109	11	27	1	11331676	20421	4617	111	1773	4068	20501	2373	12989	460	
FL	33200	33200	113	21	1	2	11	107	11	30	1	11313452	20421	4617	111	1773	4068	20501	2373	12989	460	
FL	33400	33400	113	26	1	2	10	98	13	36	1	11294871	20421	4617	111	1773	4068	20501	2373	12989	460	
FL	33600	33600	113	25	2	3	11	93	11	38	1	11276261	20421	4617	111	1773	4068	20501	2373	12989	460	
FL	33800	33800	114	27	2	4	11	92	9	36	2	11257275	20421	4617	111	1773	4068	20501	2373	12989	460	
FL	34000	34000	110	28	2	4	11	99	7	40	4	11238414	20421	4617	111	1773	4068	20501	2373	12989	460	
FL	34200	34200	98	29	2	4	12	103	7	38	5	11219317	20421	4617	111	1773	4068	20501	2373	12989	460	
FL	34400	34400	99	26	2	4	11	100	5	37	4	11200059	20421	4617	111	1773	4068	20501	2373	12989	460	
FL	34600	34600	100	29	2	3	12	102	4	32	4	11179984	20421	4617	111	1773	4068	20501	2373	12989	460	
FL	34800	34800	103	23	1	4	12	100	6	35	3	11160121	20421	4617	111	1773	4068	20501	2373	12989	460	
FL	35000	35000	111	20	1	3	13	103	8	38	3	11140962	20421	4617	111	1773	4068	20501	2373	12989	460	
FL	35200	35200	109	16	0	5	11	95	10	41	2	11121647	20421	4617	111	1773	4068	20501	2373	12989	460	
FL	35400	35400	96	15	0	7	9	102	11	44	3	11102867	20421	4617	111	1773	4068	20501	2373	12989	460	
FL	35600	35600	103	12	0	7	9	115	13	46	2	11085394	20421	4617	111	1773	4068	20501	2373	12989	460	
FL	35800	35800	106	12	0	6	7	119	15	51	2	11068491	20421	4617	111	1773	4068	20501	2373	12989	460	
FL	36000	36000	104	14	0	6	6	125	14	56	2	11051377	20421	4617	111	1773	4068	20501	2373	12989	460	
FL	36200	36200	105	12	0	4	6	123	13	55	1	11035343	20421	4617	111	1773	4068	20501	2373	12989	460	
FL	36400	36400	115	15	0	3	6	119	12	54	2	11019665	20421	4617	111	1773	4068	20501	2373	12989	460	
FL	36600	36600	114	16	0	2	7	124	12	48	2	11004072	20421	4617	111	1773	4068	20501	2373	12989	460	
FL	36800	36800	112	19	0	2	7	119	11	44	2	10989381	20421	4617	111	1773	4068	20501	2373	12989	460	
FL	37000	37000	100	18	0	3	6	111	9	41	1	10975869	20421	4617	111	1773	4068	20501	2373	12989	460	
FL	37200	37200	100	17	0	3	6	95	9	37	1	10961969	20421	4617	111	1773	4068	20501	2373	12989	460	
FL	37400	37400	96	17	0	4	8	98	9	38	1	10946663	20421	4617	111	1773	4068	20501	2373	12989	460	
FL	37600	37600	97	15	0	4	5	84	9	37	1	10929818	20421	4617	111	1773	4068	20501	2373	12989	460	
FL	37800	37800	92	15	0	10	5	85	12	35	1	10910879	20421	4617	111	1773	4068	20501	2373	12989	460	
FL	38000	38000	87	16	0	11	4	87	13	34	1	10890635	20421	4617	111	1773	4068	20501	2373	12989	460	
FL	38200	38200	88	15	0	10	3	81	13	37	1	10869861	20421	4617	111	1773	4068	20501	2373	12989	460	
FL	38400	38400	85	13	0	10	3	84	11	38	1	10849492	20421	4617	111	1773	4068	20501	2373	12989	460	
FL	38600	38600	86	16	0	9	5	85	11	44	1	10828797	20421	4617	111	1773	4068	20501	2373	12989	460	
FL	38800	38800	87	15	0	7	5	82	11	43	1	10809123	20421	4617	111	1773	4068	20501	2373	12989	460	
FL	39000	39000	94	11	0	8	3	81	9	44	1	10789733	20421	4617	111	1773	4068	20501	2373	12989	460	
FL	39200	39200	90	12	0	8	4	87	6	45	1	10769761	20421	4617	111	1773	4068	20501	2373	12989	460	
FL	39400	39400	94	13	0	9	4	88	6	44	1	10747619	20421	4617	111	1773	4068	20501	2373	12989	460	
FL	39600	39600	86	12	0	9	4	85	5	44	1	10724110	20421	4617	111	1773	4068	20501	2373	12989	460	
FL	39800	39800	90	12	0	7	6	87	7	42	1	10700668	20421	4617	111	1773	4068	20501	2373	12989	460	
FL	40000	40000	95	16	0	7	6	98	7	45	1	10676621	20421	4617	111	1773	4068	20501	2373	12989	460	
FL	40200	40200	92	15	0	8	5	93	7	42	0	10654842	20421	4617	111	1773	4068	20501	2373	12989	460	
FL	40400	40400	89	16	0	6	4	97	7	48	0	10634257	20421	4617	111	1773	4068	20501	2373	12989	460	
FL	40600	40600	105	17	0	6	4	91	7	46	0	10614344	20421	4617	111	1773	4068	20501	2373	12989	460	
FL	40800	40800	109	16	0	6	5	98	8	45	0	10594374	20421	4617	111	1773	4068	20501	2373	12989	460	
FL	41000	41000	111	19	1	5	6	101	7	45	1	10574922	20421	4617	111	1773	4068	20501	2373	12989	460	
FL	41200	41200	116	20	1	5	6	100	6	45	1	10555382	20421	4617	111	1773	4068	20501	2373	12989	460	
FL	41400	41400	109	21	1	6	4	102	5	43	1	10535248	20421	4617	111	1773	4068	20501	2373	12989	460	
FL	41600	41600	109	23	1	5	4	103	7	43	1	10515970	20421	4617	111	1773	4068	20501	2373	12989	460	
FL	41800	41800	99	24	1	4	6	104	9	46	1	10496769	20421	4617	111	1773	4068	20501	2373	12989	460	
FL	42000	42000	97	22	1	3	7	102	12	42	1	10479016	20421	4617	111	1773	4068	20501	2373	12989	460	
FL	42200	42200	95	24	1	4	8	106	11	43	2	10461584	20421	4617	111	1773	4068	20501	2373	12989	460	
FL	42400	42400	94	20	0	4	8	109	12	40	1	10445164	20421	4617	111	1773	4068	20501	2373	12989	460	
FL	42600	42600	89	19	0	4	7	102	12	44	0	10430046	20421	4617	111	1773	4068	20501	2373	12989	460	
FL	42800	42800	89	19	0	3	8	98	11	42	0	10415043	20421	4617	111	1773	4068	20501	2373	12989	460	
FL	43000	43000	85	17	0	3	7	96	11	39	0	10399654	20421	4617	111	1773	4068	20501	2373	12989	460	
FL	43200	43200	78	14	1	3	7	89	11	33	0	10385504	20421	4617	111	1773	4068	20501	2373	12989	460	
FL	43400	43400	87	11	1	4	7	91	8	30	0	10371206	20421	4617	111	1773	4068	20501	2373	12989	460	
FL	43600	43600	84	9	1	3	6	94	8	28	0	10357014	20421	4617	111	1773	4068	20501	2373	12989	460	
FL	43800	43800	81	9	1	2	9	92	7	36	0	10342082	20421	4617	111	1773	4068	20501	2373	12989	460	
FL	44000	44000	86	8	1	2	11	94	5	37	0	10326513	20421	4617	111	1773	4068	20501	2373	12989	460	
FL	44200	44200	78	8	1	3	13	98	6	41	0	10310180	20421	4617	111	1773	4068	20501	2373	12989	460	
FL	44400	44400	77	10	1	4	15	101	6	40	0	10292945	20421	4617	111	1773	4068	20501	2373	12989	460	
FL	44600	44600	73	11	1	3	14	104	8	36	0	10276079	20421	4617	111	1773	4068	20501	2373	12989	460	
FL	44800	44800	81	15	0	5	14	109	9	33	0	10257790	20421	4617	111	1773	4068	20501	2373	12989	460	
FL	45000	45000	91	16	0	7	15	114	7	24	0	10239942	20421	4617	111	1773	4068	20501	2373	12989	460	
FL	45200	45200	90	17	1	9	13	112	9	24	0	10222170	20421	4617	111	1773	4068	20501	2373	12989	460	
FL	45400	45400	89	18	1	8	11	109	9	26	0	10204271	20421	4617	111	1773	4068	20501	2373	12989	460	
FL	45600	45600	88	19	1	5	8	119	9	29	0	10186740	20421	4617	111	1773	4068	20501	2373	12989	460	
FL	45800	45800	87	17	1	6	9	116	8	29	0	10168040	20421	4617	111	1773	4068	20501	2373	12989	460	
FL	46000	46000	90	18	1	7	10	117	7	30	0	10149442	20421	4617	111	1773	4068	20501	2373	12989	460	
FL	46200	46200	87	15	1	5	9	109	6	31	1	10130787	20421	4617	111	1773	4068	20501	2373	12989	460	
FL	46400	46400	95	15	1	5	11	98	6	36	1	10111113	20421	4617	111	1773	4068	20501	2373	12989	460	
FL	46600	46600	95	14	1	4	12	101	5	34	1	10090685	20421	4617	111	1773	4068	20501	2373	12989	460	
FL	46800	46800	102	14	0	2	11	107	4	32	1	10071357	20421	4617	111	1773	4068	20501	2373	12989	460	
FL	47000	47000	109	14	1	2	11	102	5	33	1	10052378	20421	4617	111	1773	4068	20501	2373	12989	460	
FL	47200	47200	108	13	1	2	10	95	7	27	1	10032874	20421	4617	111	1773	4068	20501	2373	12989	460	
FL	47400	47400	113	12	1	2	9	83	7	30	2	10013871	20421	4617	111	1773	4068	20501	2373	12989	460	
FL	47600	47600	112	14	1	2	8	86	9	32	2	9994928	20421	4617	111	1773	4068	20501	2373	12989	460	
FL	47800	47800	106	13	1	2	8	98	9	36	2	9975674	20421	4617	111	1773	4068	20501	2373	12989	460	
FL	48000	48000	100	11	1	3	7	97	8	34	2	9957848	20421	4617	111	1773	4068	20501	2373	12989	460	
FL	48200	48200	89	11	0	3	7	95	6	35	1	9939450	20421	4617	111	1773	4068	20501	2373	12989	460	
FL	48400	48400	85	10	0	2	8	94	7	31	1	9921329	20421	4617	111	1773	4068	20501	2373	12989	460	
FL	48600	48600	83	13	0	3	6	88	8	28	1	9901697	20421	4617	111	1773	4068	20501	2373	12989	460	
FL	48800	48800	86	16	1	3	5	89	8	25	1	9881828	20421	4617	111	1773	4068	20501	2373	12989	460	
FL	49000	49000	77	18	1	3	4	89	8	24	1	9863229	20421	4617	111	1773	4068	20501	2373	12989	460	
FL	49200	49200	85	17	1	4	4	87	7	31	0	9845548	20421	4617	111	1773	4068	20501	2373	12989	460	
FL	49400	49400	89	16	0	3	5	90	8	36	0	9828303	20421	4617	111	1773	4068	20501	2373	12989	460	
FL	49600	49600	86	17	0	2	7	88	7	36	0	9811645	20421	4617	111	1773	4068	20501	2373	12989	460	
FL	49800	49800	84	14	0	3	7	87	6	35	2	9795504	20421	4617	111	1773	4068	20501	2373	12989	460	
FL	50000	50000	89	16	0	5	5	89	10	36	2	9779171	20421	4617	111	1773	4068	20501	2373	12989	460	
FL	50200	50200	101	17	0	5	5	89	9	37	2	9764400	20421	4617	111	1773	4068	20501	2373	12989	460	
FL	50400	50400	98	16	0	5	4	92	8	33	2	9750475	20421	4617	111	1773	4068	20501	2373	12989	460	
FL	50600	50600	101	17	0	5	4	93	8	33	2	9736823	20421	4617	111	1773	4068	20501	2373	12989	460	
FL	50800	50800	98	17	0	4	5	93	8	29	2	9722116	20421	4617	111	1773	4068	20501	2373	12989	460	
FL	51000	51000	86	20	0	4	6	83	7	28	2	9706444	20421	4617	111	1773	4068	20501	2373	12989	460	
FL	51200	51200	90	24	0	8	6	81	6	28	2	9689847	20421	4617	111	1773	4068	20501	2373	12989	460	
FL	51400	51400	93	23	0	9	4	82	6	23	3	9671515	20421	4617	111	1773	4068	20501	2373	12989	460	
FL	51600	51600	88	23	0	9	5	80	5	22	3	9653198	20421	4617	111	1773	4068	20501	2373	12989	460	
FL	51800	51800	86	22	0	6	6	76	6	26	3	9636436	20421	4617	111	1773	4068	20501	2373	12989	460	
FL	52000	52000	84	19	1	6	7	76	6	27	3	9621042	20421	4617	111	1773	4068	20501	2373	12989	460	
FL	52200	52200	81	22	1	7	6	83	4	28	3	9604866	20421	4617	111	1773	4068	20501	2373	12989	460	
FL	52400	52400	85	24	1	6	6	81	6	31	3	9588358	20421	4617	111	1773	4068	20501	2373	12989	460	
FL	52600	52600	84	23	1	4	6	74	6	36	3	9570878	20421	4617	111	1773	4068	20501	2373	12989	460	
FL	52800	52800	85	21	2	3	6	78	5	37	3	9553757	20421	4617	111	1773	4068	20501	2373	12989	460	
FL	53000	53000	90	19	1	2	7	78	7	34	4	9536407	20421	4617	111	1773	4068	20501	2373	12989	460	
FL	53200	53200	89	21	1	1	7	87	7	34	5	9518927	20421	4617	111	1773	4068	20501	2373	12989	460	
FL	53400	53400	88	21	1	1	6	86	8	33	5	9501327	20421	4617	111	1773	4068	20501	2373	12989	460	
FL	53600	53600	89	19	1	2	5	90	10	33	5	9483662	20421	4617	111	1773	4068	20501	2373	12989	460	
FL	53800	53800	83	18	1	2	6	90	12	36	4	9465950	20421	4617	111	1773	4068	20501	2373	12989	460	
FL	54000	54000	94	16	1	2	6	88	13	35	4	9447329	20421	4617	111	1773	4068	20501	2373	12989	460	
FL	54200	54200	90	16	1	2	7	98	15	33	2	9428701	20421	4617	111	1773	4068	20501	2373	12989	460	
FL	54400	54400	87	17	1	3	7	93	14	31	0	9409034	20421	4617	111	1773	4068	20501	2373	12989	460	
FL	54600	54600	87	20	1	4	7	85	14	33	0	9389591	20421	4617	111	1773	4068	20501	2373	12989	460	
FL	54800	54800	89	20	1	4	8	91	12	30	0	9371260	20421	4617	111	1773	4068	20501	2373	12989	460	
FL	55000	55000	98	19	0	3	8	85	14	32	0	9353308	20421	4617	111	1773	4068	20501	2373	12989	460	
FL	55200	55200	99	21	0	2	8	86	12	32	0	9337595	20421	4617	111	1773	4068	20501	2373	12989	460	
FL	55400	55400	92	21	0	2	8	87	12	33	0	9322440	20421	4617	111	1773	4068	20501	2373	12989	460	
FL	55600	55600	97	24	0	2	8	84	14	33	0	9307842	20421	4617	111	1773	4068	20501	2373	12989	460	
FL	55800	55800	80	22	0	1	9	78	12	27	0	9294188	20421	4617	111	1773	4068	20501	2373	12989	460	
FL	56000	56000	79	20	0	1	8	78	12	27	0	9280052	20421	4617	111	1773	4068	20501	2373	12989	460	
FL	56200	56200	75	19	0	1	9	77	14	27	0	9265031	20421	4617	111	1773	4068	20501	2373	12989	460	
FL	56400	56400	69	20	0	1	9	79	15	22	0	9250875	20421	4617	111	1773	4068	20501	2373	12989	460	
FL	56600	56600	64	20	0	2	12	73	13	23	0	9236113	20421	4617	111	1773	4068	20501	2373	12989	460	
FL	56800	56800	71	20	0	3	12	79	15	21	0	9219982	20421	4617	111	1773	4068	20501	2373	12989	460	
FL	57000	57000	69	19	0	2	10	80	14	22	0	9204398	20421	4617	111	1773	4068	20501	2373	12989	460	
FL	57200	57200	75	16	0	2	9	81	10	29	0	9189666	20421	4617	111	1773	4068	20501	2373	12989	460	
FL	57400	57400	79	12	0	2	9	79	10	29	1	9174659	20421	4617	111	1773	4068	20501	2373	12989	460	
FL	57600	57600	79	12	0	2	7	83	7	27	1	9160496	20421	4617	111	1773	4068	20501	2373	12989	460	
FL	57800	57800	83	11	0	3	7	87	7	29	1	9147464	20421	4617	111	1773	4068	20501	2373	12989	460	
FL	58000	58000	86	10	0	3	4	94	8	30	1	9134738	20421	4617	111	1773	4068	20501	2373	12989	460	
FL	58200	58200	93	11	0	4	3	92	7	30	1	9121149	20421	4617	111	1773	4068	20501	2373	12989	460	
FL	58400	58400	93	12	0	1	4	99	7	34	1	9107092	20421	4617	111	1773	4068	20501	2373	12989	460	
FL	58600	58600	87	10	0	1	5	92	8	34	2	9092856	20421	4617	111	1773	4068	20501	2373	12989	460	
FL	58800	58800	79	12	0	2	5	91	4	34	2	9077892	20421	4617	111	1773	4068	20501	2373	12989	460	
FL	59000	59000	75	15	0	2	7	78	5	32	2	9061188	20421	4617	111	1773	4068	20501	2373	12989	460	
FL	59200	59200	75	15	0	2	7	79	8	30	2	9044210	20421	4617	111	1773	4068	20501	2373	12989	460	
FL	59400	59400	72	13	0	2	6	70	9	29	2	9026453	20421	4617	111	1773	4068	20501	2373	12989	460	
FL	59600	59600	76	12	0	3	8	64	9	29	2	9008994	20421	4617	111	1773	4068	20501	2373	12989	460	
FL	59800	59800	75	12	0	3	9	64	10	31	2	8992647	20421	4617	111	1773	4068	20501	2373	12989	460	
FL	60000	60000	76	11	0	3	9	71	12	28	0	8977423	20421	4617	111	1773	4068	20501	2373	12989	460	
FL	60200	60200	79	11	0	3	8	69	11	27	0	8962611	20421	4617	111	1773	4068	20501	2373	12989	460	
FL	60400	60400	87	11	0	2	9	69	10	29	0	8948314	20421	4617	111	1773	4068	20501	2373	12989	460	
FL	60600	60600	82	15	0	1	9	79	10	29	0	8934217	20421	4617	111	1773	4068	20501	2373	12989	460	
FL	60800	60800	77	16	0	1	5	77	8	30	0	8920570	20421	4617	111	1773	4068	20501	2373	12989	460	
FL	61000	61000	79	17	0	1	5	82	7	30	0	8906631	20421	4617	111	1773	4068	20501	2373	12989	460	
FL	61200	61200	83	20	0	1	5	81	7	31	0	8892471	20421	4617	111	1773	4068	20501	2373	12989	460	
FL	61400	61400	85	20	0	1	6	79	6	31	0	8878237	20421	4617	111	1773	4068	20501	2373	12989	460	
FL	61600	61600	82	17	1	3	5	73	8	27	0	8864346	20421	4617	111	1773	4068	20501	2373	12989	460	
FL	61800	61800	81	14	1	3	5	79	7	27	0	8849927	20421	4617	111	1773	4068	20501	2373	12989	460	
FL	62000	62000	79	14	1	3	4	83	7	28	0	8835294	20421	4617	111	1773	4068	20501	2373	12989	460	
FL	62200	62200	79	14	1	2	3	86	7	27	0	8820789	20421	4617	111	1773	4068	20501	2373	12989	460	
FL	62400	62400	80	12	1	1	4	86	6	24	0	8805140	20421	4617	111	1773	4068	20501	2373	12989	460	
FL	62600	62600	81	10	0	1	5	76	4	27	0	8788942	20421	4617	111	1773	4068	20501	2373	12989	460	
FL	62800	62800	74	10	0	0	6	68	5	28	0	8771948	20421	4617	111	1773	4068	20501	2373	12989	460	
FL	63000	63000	71	9	0	0	7	65	4	28	0	8754203	20421	4617	111	1773	4068	20501	2373	12989	460	
FL	63200	63200	75	10	0	0	8	66	4	24	0	8736854	20421	4617	111	1773	4068	20501	2373	12989	460	
FL	63400	63400	65	9	0	0	8	74	3	23	0	8719306	20421	4617	111	1773	4068	20501	2373	12989	460	
FL	63600	63600	64	11	0	1	8	78	4	22	0	8702563	20421	4617	111	1773	4068	20501	2373	12989	460	
FL	63800	63800	63	11	0	1	7	75	5	21	0	8686805	20421	4617	111	1773	4068	20501	2373	12989	460	
FL	64000	64000	61	12	0	1	4	76	9	27	0	8671322	20421	4617	111	1773	4068	20501	2373	12989	460	
FL	64200	64200	60	14	0	3	4	83	9	27	0	8657243	20421	4617	111	1773	4068	20501	2373	12989	460	
FL	64400	64400	56	17	1	3	4	93	5	28	0	8643187	20421	4617	111	1773	4068	20501	2373	12989	460	
FL	64600	64600	65	14	1	3	4	92	5	28	0	8629214	20421	4617	111	1773	4068	20501	2373	12989	460	
FL	64800	64800	71	13	1	3	4	89	3	24	0	8615439	20421	4617	111	1773	4068	20501	2373	12989	460	
FL	65000	65000	74	15	1	1	5	87	3	23	0	8600688	20421	4617	111	1773	4068	20501	2373	12989	460	
FL	65200	65200	76	13	1	1	5	84	4	24	0	8586181	20421	4617	111	1773	4068	20501	2373	12989	460	
FL	65400	65400	77	11	1	1	4	81	5	26	0	8571412	20421	4617	111	1773	4068	20501	2373	12989	460	
FL	65600	65600	69	10	0	1	6	78	4	27	0	8557180	20421	4617	111	1773	4068	20501	2373	12989	460	
FL	65800	65800	67	11	0	1	8	85	4	27	0	8542992	20421	4617	111	1773	4068	20501	2373	12989	460	
FL	66000	66000	59	13	0	1	6	80	4	28	1	8528095	20421	4617	111	1773	4068	20501	2373	12989	460	
FL	66200	66200	59	11	0	1	8	78	4	32	1	8513415	20421	4617	111	1773	4068	20501	2373	12989	460	
FL	66400	66400	58	11	0	2	8	80	3	32	1	8499392	20421	4617	111	1773	4068	20501	2373	12989	460	
FL	66600	66600	53	10	0	2	8	77	4	30	1	8484784	20421	4617	111	1773	4068	20501	2373	12989	460	
FL	66800	66800	62	10	0	4	8	72	2	27	1	8470743	20421	4617	111	1773	4068	20501	2373	12989	460	
FL	67000	67000	61	11	0	5	4	72	3	28	0	8457955	20421	4617	111	1773	4068	20501	2373	12989	460	
FL	67200	67200	67	11	0	6	3	68	4	23	0	8445723	20421	4617	111	1773	4068	20501	2373	12989	460	
FL	67400	67400	67	13	0	7	2	68	5	21	0	8434315	20421	4617	111	1773	4068	20501	2373	12989	460	
FL	67600	67600	68	13	0	5	2	76	5	21	0	8422734	20421	4617	111	1773	4068	20501	2373	12989	460	
FL	67800	67800	77	13	0	4	3	73	5	22	0	8410370	20421	4617	111	1773	4068	20501	2373	12989	460	
FL	68000	68000	82	12	0	4	2	74	5	22	0	8397739	20421	4617	111	1773	4068	20501	2373	12989	460	
FL	68200	68200	88	12	0	5	2	76	4	19	0	8384765	20421	4617	111	1773	4068	20501	2373	12989	460	
FL	68400	68400	83	13	0	6	2	70	4	20	0	8371480	20421	4617	111	1773	4068	20501	2373	12989	460	
FL	68600	68600	79	16	0	4	2	63	4	23	0	8358435	20421	4617	111	1773	4068	20501	2373	12989	460	
FL	68800	68800	83	15	0	4	3	63	4	25	1	8345218	20421	4617	111	1773	4068	20501	2373	12989	460	
FL	69000	69000	88	14	0	4	4	66	4	26	1	8332232	20421	4617	111	1773	4068	20501	2373	12989	460	
FL	69200	69200	76	15	0	4	3	70	6	28	0	8320672	20421	4617	111	1773	4068	20501	2373	12989	460	
FL	69400	69400	68	14	0	4	3	72	6	29	0	8309926	20421	4617	111	1773	4068	20501	2373	12989	460	
FL	69600	69600	68	18	0	4	4	77	7	30	0	8299337	20421	4617	111	1773	4068	20501	2373	12989	460	
FL	69800	69800	68	13	0	4	6	83	6	30	0	8287433	20421	4617	111	1773	4068	20501	2373	12989	460	
FL	70000	70000	61	13	0	2	5	86	7	27	0	8276384	20421	4617	111	1773	4068	20501	2373	12989	460	
FL	70200	70200	57	11	0	2	5	86	6	29	0	8266150	20421	4617	111	1773	4068	20501	2373	12989	460	
FL	70400	70400	56	11	0	2	8	91	6	27	0	8255502	20421	4617	111	1773	4068	20501	2373	12989	460	
FL	70600	70600	58	11	0	3	8	94	5	25	0	8244223	20421	4617	111	1773	4068	20501	2373	12989	460	
FL	70800	70800	56	12	0	4	7	91	7	27	1	8232497	20421	4617	111	1773	4068	20501	2373	12989	460	
FL	71000	71000	69	15	1	4	7	94	7	31	1	8220878	20421	4617	111	1773	4068	20501	2373	12989	460	
FL	71200	71200	71	16	1	4	8	101	8	31	1	8210205	20421	4617	111	1773	4068	20501	2373	12989	460	
FL	71400	71400	79	16	1	3	7	99	7	30	2	8198937	20421	4617	111	1773	4068	20501	2373	12989	460	
FL	71600	71600	80	16	1	2	6	89	7	30	2	8187111	20421	4617	111	1773	4068	20501	2373	12989	460	
FL	71800	71800	82	14	1	2	9	86	7	31	2	8174737	20421	4617	111	1773	4068	20501	2373	12989	460	
FL	72000	72000	85	11	1	2	6	79	7	24	2	8162845	20421	4617	111	1773	4068	20501	2373	12989	460	
FL	72200	72200	86	12	1	2	6	78	7	28	2	8151884	20421	4617	111	1773	4068	20501	2373	12989	460	
FL	72400	72400	81	17	0	2	7	73	9	33	2	8140633	20421	4617	111	1773	4068	20501	2373	12989	460	
FL	72600	72600	83	16	0	2	5	73	9	34	1	8129341	20421	4617	111	1773	4068	20501	2373	12989	460	
FL	72800	72800	80	13	0	2	3	79	8	32	1	8118494	20421	4617	111	1773	4068	20501	2373	12989	460	
FL	73000	73000	82	12	0	2	3	76	6	28	1	8107468	20421	4617	111	1773	4068	20501	2373	12989	460	
FL	73200	73200	83	12	1	2	3	75	6	27	1	8095814	20421	4617	111	1773	4068	20501	2373	12989	460	
FL	73400	73400	77	13	1	1	2	79	7	31	0	8083794	20421	4617	111	1773	4068	20501	2373	12989	460	
FL	73600	73600	67	9	1	1	3	78	7	33	0	8070688	20421	4617	111	1773	4068	20501	2373	12989	460	
FL	73800	73800	63	10	1	2	4	78	8	31	0	8057665	20421	4617	111	1773	4068	20501	2373	12989	460	
FL	74000	74000	62	9	1	2	7	73	7	29	0	8044288	20421	4617	111	1773	4068	20501	2373	12989	460	
FL	74200	74200	69	11	1	2	7	73	5	26	0	8030279	20421	4617	111	1773	4068	20501	2373	12989	460	
FL	74400	74400	65	15	1	3	7	73	9	23	0	8016028	20421	4617	111	1773	4068	20501	2373	12989	460	
FL	74600	74600	64	13	2	4	7	76	8	24	0	8002049	20421	4617	111	1773	4068	20501	2373	12989	460	
FL	74800	74800	70	13	2	4	6	64	7	28	0	7988293	20421	4617	111	1773	4068	20501	2373	12989	460	
FL	75000	75000	71	16	2	5	4	58	6	25	0	7975047	20421	4617	111	1773	4068	20501	2373	12989	460	
FL	75200	75200	76	15	1	4	5	60	5	26	0	7963411	20421	4617	111	1773	4068	20501	2373	12989	460	
FL	75400	75400	74	11	1	1	7	59	4	24	0	7951538	20421	4617	111	1773	4068	20501	2373	12989	460	
FL	75600	75600	72	11	0	1	7	59	3	24	0	7938995	20421	4617	111	1773	4068	20501	2373	12989	460	
FL	75800	75800	67	12	0	1	7	56	3	26	0	7926554	20421	4617	111	1773	4068	20501	2373	12989	460	
FL	76000	76000	65	11	0	2	7	60	4	28	0	7913736	20421	4617	111	1773	4068	20501	2373	12989	460	
FL	76200	76200	64	9	0	3	7	62	3	28	0	7901498	20421	4617	111	1773	4068	20501	2373	12989	460	
FL	76400	76400	56	11	0	3	6	73	4	30	0	7890115	20421	4617	111	1773	4068	20501	2373	12989	460	
FL	76600	76600	62	11	0	1	5	66	5	28	0	7879107	20421	4617	111	1773	4068	20501	2373	12989	460	
FL	76800	76800	64	13	0	1	3	60	5	29	0	7869259	20421	4617	111	1773	4068	20501	2373	12989	460	
FL	77000	77000	62	13	0	2	3	65	7	28	0	7858328	20421	4617	111	1773	4068	20501	2373	12989	460	
FL	77200	77200	62	12	0	2	3	61	7	28	0	7847505	20421	4617	111	1773	4068	20501	2373	12989	460	
FL	77400	77400	62	15	0	1	3	70	7	28	1	7838483	20421	4617	111	1773	4068	20501	2373	12989	460	
FL	77600	77600	72	12	0	1	4	66	8	25	2	7829759	20421	4617	111	1773	4068	20501	2373	12989	460	
FL	77800	77800	74	13	0	1	4	63	10	27	2	7821039	20421	4617	111	1773	4068	20501	2373	12989	460	
FL	78000	78000	72	9	0	1	5	60	6	26	2	7811715	20421	4617	111	1773	4068	20501	2373	12989	460	
FL	78200	78200	71	13	1	2	7	68	6	25	3	7801344	20421	4617	111	1773	4068	20501	2373	12989	460	
FL	78400	78400	71	12	1	3	5	72	6	30	3	7790543	20421	4617	111	1773	4068	20501	2373	12989	460	
FL	78600	78600	65	10	1	5	4	77	7	32	2	7779528	20421	4617	111	1773	4068	20501	2373	12989	460	
FL	78800	78800	63	9	1	5	4	78	8	30	2	7769343	20421	4617	111	1773	4068	20501	2373	12989	460	
FL	79000	79000	65	10	1	5	5	74	8	26	2	7759841	20421	4617	111	1773	4068	20501	2373	12989	460	
FL	79200	79200	72	9	0	4	5	79	8	23	2	7751083	20421	4617	111	1773	4068	20501	2373	12989	460	
FL	79400	79400	77	14	0	3	4	67	8	23	2	7742457	20421	4617	111	1773	4068	20501	2373	12989	460	
FL	79600	79600	76	13	0	3	4	61	8	20	2	7733897	20421	4617	111	1773	4068	20501	2373	12989	460	
FL	79800	79800	71	15	0	1	3	61	6	19	1	7725220	20421	4617	111	1773	4068	20501	2373	12989	460	
FL	80000	80000	75	15	0	2	2	67	9	24	2	7717235	20421	4617	111	1773	4068	20501	2373	12989	460	
FL	80200	80200	77	16	0	2	3	63	8	20	2	7709612	20421	4617	111	1773	4068	20501	2373	12989	460	
FL	80400	80400	80	16	0	2	3	70	7	19	2	7701223	20421	4617	111	1773	4068	20501	2373	12989	460	
FL	80600	80600	77	13	0	5	2	72	6	23	1	7692251	20421	4617	111	1773	4068	20501	2373	12989	460	
FL	80800	80800	78	16	0	5	2	70	6	25	0	7682629	20421	4617	111	1773	4068	20501	2373	12989	460	
FL	81000	81000	72	17	0	5	2	70	6	25	0	7672485	20421	4617	111	1773	4068	20501	2373	12989	460	
FL	81200	81200	75	17	0	5	5	71	4	26	0	7662589	20421	4617	111	1773	4068	20501	2373	12989	460	
FL	81400	81400	70	16	0	5	5	66	4	26	0	7652960	20421	4617	111	1773	4068	20501	2373	12989	460	
FL	81600	81600	72	13	0	4	4	68	4	29	0	7643177	20421	4617	111	1773	4068	20501	2373	12989	460	
FL	81800	81800	69	11	0	5	5	66	2	25	0	7633331	20421	4617	111	1773	4068	20501	2373	12989	460	
FL	82000	82000	65	11	0	3	7	66	3	29	0	7624365	20421	4617	111	1773	4068	20501	2373	12989	460	
FL	82200	82200	62	14	0	2	6	59	5	28	0	7615319	20421	4617	111	1773	4068	20501	2373	12989	460	
FL	82400	82400	65	13	0	3	7	63	4	26	0	7605773	20421	4617	111	1773	4068	20501	2373	12989	460	
FL	82600	82600	68	13	0	3	7	60	5	28	0	7595434	20421	4617	111	1773	4068	20501	2373	12989	460	
FL	82800	82800	73	11	0	3	6	58	5	30	0	7585386	20421	4617	111	1773	4068	20501	2373	12989	460	
FL	83000	83000	72	13	0	2	5	63	5	29	0	7575147	20421	4617	111	1773	4068	20501	2373	12989	460	
FL	83200	83200	70	14	0	3	8	64	7	26	0	7564274	20421	4617	111	1773	4068	20501	2373	12989	460	
FL	83400	83400	68	13	0	3	9	60	8	22	0	7553281	20421	4617	111	1773	4068	20501	2373	12989	460	
FL	83600	83600	63	13	0	4	7	59	8	27	0	7542167	20421	4617	111	1773	4068	20501	2373	12989	460	
FL	83800	83800	57	12	0	3	7	60	6	28	0	7531448	20421	4617	111	1773	4068	20501	2373	12989	460	
FL	84000	84000	53	9	0	4	5	58	7	24	0	7520662	20421	4617	111	1773	4068	20501	2373	12989	460	
FL	84200	84200	56	9	0	4	5	55	7	25	1	7509846	20421	4617	111	1773	4068	20501	2373	12989	460	
FL	84400	84400	58	10	0	4	4	65	6	27	1	7499276	20421	4617	111	1773	4068	20501	2373	12989	460	
FL	84600	84600	55	9	0	3	3	60	7	32	1	7489749	20421	4617	111	1773	4068	20501	2373	12989	460	
FL	84800	84800	66	8	0	2	4	61	7	35	2	7481562	20421	4617	111	1773	4068	20501	2373	12989	460	
FL	85000	85000	68	8	0	2	6	58	8	37	3	7472868	20421	4617	111	1773	4068	20501	2373	12989	460	
FL	85200	85200	68	7	0	1	6	58	9	31	2	7464021	20421	4617	111	1773	4068	20501	2373	12989	460	
FL	85400	85400	68	7	0	1	6	51	7	35	2	7455661	20421	4617	111	1773	4068	20501	2373	12989	460	
FL	85600	85600	61	7	0	1	8	44	7	32	2	7446820	20421	4617	111	1773	4068	20501	2373	12989	460	
FL	85800	85800	63	8	0	1	7	52	8	31	2	7437037	20421	4617	111	1773	4068	20501	2373	12989	460	
FL	86000	86000	63	8	0	4	6	55	9	29	1	7427649	20421	4617	111	1773	4068	20501	2373	12989	460	
FL	86200	86200	65	7	0	5	6	51	8	28	1	7418808	20421	4617	111	1773	4068	20501	2373	12989	460	
FL	86400	86400	66	7	0	5	5	54	9	29	1	7409204	20421	4617	111	1773	4068	20501	2373	12989	460	
FL	86600	86600	66	9	0	6	5	62	9	31	0	7400400	20421	4617	111	1773	4068	20501	2373	12989	460	
FL	86800	86800	73	8	0	5	7	61	11	36	0	7391614	20421	4617	111	1773	4068	20501	2373	12989	460	
FL	87000	87000	71	7	0	7	7	60	15	39	0	7383480	20421	4617	111	1773	4068	20501	2373	12989	460	
FL	87200	87200	72	8	0	9	7	59	15	35	2	7375543	20421	4617	111	1773	4068	20501	2373	12989	460	
FL	87400	87400	65	8	0	11	5	56	13	33	2	7367429	20421	4617	111	1773	4068	20501	2373	12989	460	
FL	87600	87600	67	9	0	10	5	51	15	36	2	7358940	20421	4617	111	1773	4068	20501	2373	12989	460	
FL	87800	87800	62	9	0	8	3	47	13	32	2	7350048	20421	4617	111	1773	4068	20501	2373	12989	460	
FL	88000	88000	57	9	0	4	3	48	12	30	2	7340636	20421	4617	111	1773	4068	20501	2373	12989	460	
FL	88200	88200	57	8	0	4	4	49	13	27	3	7331168	20421	4617	111	1773	4068	20501	2373	12989	460	
FL	88400	88400	62	6	0	3	2	49	11	27	3	7322115	20421	4617	111	1773	4068	20501	2373	12989	460	
FL	88600	88600	67	7	0	2	3	54	10	28	2	7312954	20421	4617	111	1773	4068	20501	2373	12989	460	
FL	88800	88800	69	7	0	2	4	56	10	29	1	7303198	20421	4617	111	1773	4068	20501	2373	12989	460	
FL	89000	89000	61	8	0	3	4	63	9	25	2	7293103	20421	4617	111	1773	4068	20501	2373	12989	460	
FL	89200	89200	61	10	0	3	5	61	6	22	2	7282741	20421	4617	111	1773	4068	20501	2373	12989	460	
FL	89400	89400	60	10	0	3	5	58	4	20	2	7272945	20421	4617	111	1773	4068	20501	2373	12989	460	
FL	89600	89600	58	13	0	3	6	62	4	20	1	7263371	20421	4617	111	1773	4068	20501	2373	12989	460	
FL	89800	89800	60	13	0	3	7	59	5	19	1	7253750	20421	4617	111	1773	4068	20501	2373	12989	460	
FL	90000	90000	60	13	0	3	6	52	1	20	0	7244456	20421	4617	111	1773	4068	20501	2373	12989	460	
FL	90200	90200	67	12	0	4	5	50	1	15	0	7235162	20421	4617	111	1773	4068	20501	2373	12989	460	
FL	90400	90400	61	13	0	4	7	46	2	16	0	7225496	20421	4617	111	1773	4068	20501	2373	12989	460	
FL	90600	90600	64	14	0	3	6	49	2	20	0	7216063	20421	4617	111	1773	4068	20501	2373	12989	460	
FL	90800	90800	63	12	0	2	7	49	4	27	0	7207645	20421	4617	111	1773	4068	20501	2373	12989	460	
FL	91000	91000	63	13	0	2	9	52	4	30	0	7199423	20421	4617	111	1773	4068	20501	2373	12989	460	
FL	91200	91200	66	12	0	2	10	56	5	29	0	7191237	20421	4617	111	1773	4068	20501	2373	12989	460	
FL	91400	91400	75	12	0	4	10	59	5	27	0	7182632	20421	4617	111	1773	4068	20501	2373	12989	460	
FL	91600	91600	74	11	0	4	5	52	6	30	0	7173904	20421	4617	111	1773	4068	20501	2373	12989	460	
FL	91800	91800	71	12	0	2	5	53	8	25	0	7165701	20421	4617	111	1773	4068	20501	2373	12989	460	
FL	92000	92000	72	13	0	3	6	56	7	26	0	7157055	20421	4617	111	1773	4068	20501	2373	12989	460	
FL	92200	92200	77	13	0	3	3	65	8	28	0	7147961	20421	4617	111	1773	4068	20501	2373	12989	460	
FL	92400	92400	75	14	0	5	3	61	5	23	0	7139287	20421	4617	111	1773	4068	20501	2373	12989	460	
FL	92600	92600	75	17	0	5	3	57	4	23	0	7130341	20421	4617	111	1773	4068	20501	2373	12989	460	
FL	92800	92800	76	16	0	4	4	61	5	26	0	7121683	20421	4617	111	1773	4068	20501	2373	12989	460	
FL	93000	93000	69	13	0	4	3	62	5	29	0	7111997	20421	4617	111	1773	4068	20501	2373	12989	460	
FL	93200	93200	70	11	0	4	3	57	6	30	0	7101671	20421	4617	111	1773	4068	20501	2373	12989	460	
FL	93400	93400	65	12	0	3	3	61	6	33	0	7090768	20421	4617	111	1773	4068	20501	2373	12989	460	
FL	93600	93600	64	12	0	5	5	62	5	34	0	7080781	20421	4617	111	1773	4068	20501	2373	12989	460	
FL	93800	93800	62	12	0	4	8	70	5	29	0	7071884	20421	4617	111	1773	4068	20501	2373	12989	460	
FL	94000	94000	56	12	0	4	8	65	6	27	0	7063684	20421	4617	111	1773	4068	20501	2373	12989	460	
FL	94200	94200	52	10	0	4	7	62	5	29	0	7055012	20421	4617	111	1773	4068	20501	2373	12989	460	
FL	94400	94400	53	9	0	4	6	67	5	28	0	7045979	20421	4617	111	1773	4068	20501	2373	12989	460	
FL	94600	94600	48	10	0	5	6	67	3	26	0	7036626	20421	4617	111	1773	4068	20501	2373	12989	460	
FL	94800	94800	43	9	0	6	5	65	4	29	0	7026965	20421	4617	111	1773	4068	20501	2373	12989	460	
FL	95000	95000	42	10	0	6	5	68	3	20	0	7015945	20421	4617	111	1773	4068	20501	2373	12989	460	
FL	95200	95200	42	12	0	6	5	73	3	20	0	7005048	20421	4617	111	1773	4068	20501	2373	12989	460	
FL	95400	95400	44	11	0	6	5	68	3	21	0	6994042	20421	4617	111	1773	4068	20501	2373	12989	460	
FL	95600	95600	47	13	0	3	5	69	3	21	0	6982887	20421	4617	111	1773	4068	20501	2373	12989	460	
FL	95800	95800	58	14	0	2	6	59	4	22	0	6971670	20421	4617	111	1773	4068	20501	2373	12989	460	
FL	96000	96000	62	13	0	3	4	65	4	22	0	6960115	20421	4617	111	1773	4068	20501	2373	12989	460	
FL	96200	96200	63	15	0	3	5	63	4	21	0	6948310	20421	4617	111	1773	4068	20501	2373	12989	460	
FL	96400	96400	62	13	0	2	5	61	4	20	0	6936438	20421	4617	111	1773	4068	20501	2373	12989	460	
FL	96600	96600	66	13	0	2	6	64	3	14	0	6924820	20421	4617	111	1773	4068	20501	2373	12989	460	
FL	96800	96800	58	11	0	1	6	71	2	18	1	6912463	20421	4617	111	1773	4068	20501	2373	12989	460	
FL	97000	97000	55	9	0	0	6	75	3	21	1	6900480	20421	4617	111	1773	4068	20501	2373	12989	460	
FL	97200	97200	55	11	0	0	6	70	3	20	1	6890125	20421	4617	111	1773	4068	20501	2373	12989	460	
FL	97400	97400	54	10	1	0	7	68	2	17	1	6880935	20421	4617	111	1773	4068	20501	2373	12989	460	
FL	97600	97600	54	11	1	1	7	64	3	17	1	6871259	20421	4617	111	1773	4068	20501	2373	12989	460	
FL	97800	97800	57	12	1	3	6	57	3	15	1	6861285	20421	4617	111	1773	4068	20501	2373	12989	460	
FL	98000	98000	51	13	1	3	5	51	2	14	1	6851296	20421	4617	111	1773	4068	20501	2373	12989	460	
FL	98200	98200	52	13	1	2	3	51	2	20	0	6841602	20421	4617	111	1773	4068	20501	2373	12989	460	
FL	98400	98400	56	15	0	2	3	56	2	22	0	6831821	20421	4617	111	1773	4068	20501	2373	12989	460	
FL	98600	98600	57	14	0	3	5	60	3	25	0	6821933	20421	4617	111	1773	4068	20501	2373	12989	460	
FL	98800	98800	54	13	0	3	5	63	5	24	0	6812262	20421	4617	111	1773	4068	20501	2373	12989	460	
FL	99000	99000	50	12	0	3	6	64	3	26	1	6803054	20421	4617	111	1773	4068	20501	2373	12989	460	
FL	99200	99200	54	13	0	3	8	64	3	27	1	6794280	20421	4617	111	1773	4068	20501	2373	12989	460	
FL	99400	99400	55	15	0	3	7	63	3	29	1	6786196	20421	4617	111	1773	4068	20501	2373	12989	460	
FL	99600	99600	49	15	0	1	7	61	1	33	1	6778288	20421	4617	111	1773	4068	20501	2373	12989	460	
FL	99800	99800	54	15	0	1	6	59	1	30	2	6770595	20421	4617	111	1773	4068	20501	2373	12989	460	
FL	100000	100000	50	15	0	1	7	59	1	26	2	6762957	20421	4617	111	1773	4068	20501	2373	12989	460	
